247  5:04:36 0.47 187.26 101.74 -7.22 1632  14.05   562.3 267127.  5.65  1.77  14.17 -15.96  -3.16 0.00 0.00 0.00  0.05 732.2 507903. 11.71 557.4 223900.
247  5:47:48 0.47 187.32 101.41 -7.22 1632  12.18   520.8 249378.  5.25  2.75   0.00   0.00   0.00 0.00 0.00 0.00 -1.00  -1.0     -1. 10.89 514.0 246279.
247  6:31:00 0.47 187.39 101.08 -7.22 1632  11.91   493.1 248825.  3.89  1.85  18.00 -14.08   4.88 0.00 0.00 0.00 -1.00  -1.0     -1. 10.49 486.1 219908.
247  7:14:12 0.47 187.45 100.74 -7.22 1632  11.69   474.2 214730.  3.45  0.31   0.00   0.00   0.00 0.00 0.00 0.00  0.06 654.1 700835. 10.29 469.1 202532.
247  7:47:47 0.47 187.51 100.49 -7.22 1632  -1.00    -1.0     -1. -1.00 -1.00  19.31 -10.39   2.80 0.00 0.00 0.00 -1.00  -1.0     -1. -1.00  -1.0     -1.
247  7:57:24 0.47 187.51 100.41 -7.22 1632  11.63   453.3 122262. -4.15 -0.65  19.70  -6.29   4.72 0.00 0.00 0.00 -1.00  -1.0     -1.  9.70 454.1  98805.
247  8:40:36 0.47 187.58 100.08 -7.22 1632  14.45   558.7 215883.  6.39  3.12   5.16 -21.38  -2.77 0.00 0.00 0.00 -1.00  -1.0     -1. 12.48 552.3 259464.
247  9:23:48 0.47 187.64  99.74 -7.22 1632  13.29   470.9 195866. -0.51 -2.95   0.00   0.00   0.00 0.00 0.00 0.00 -1.00  -1.0     -1. 11.86 472.5 227811.
247 10:07:00 0.47 187.71  99.41 -7.21 1632  13.07   465.8 139560. -0.38  2.55  21.04  -7.49   0.21 0.00 0.00 0.00 -1.00  -1.0     -1. 11.46 468.0 175651.
247 10:50:12 0.47 187.77  99.08 -7.21 1632  11.78   480.8 237631.-11.63  4.93   0.00   0.00   0.00 0.00 0.00 0.00 -1.00  -1.0     -1. 11.12 485.9 234805.
247 11:33:24 0.47 187.83  98.75 -7.21 1632  13.21   540.1 338629.  0.99-10.76  10.88  -7.51  18.71 0.00 0.00 0.00 -1.00  -1.0     -1. 12.23 535.9 342820.
247 12:16:36 0.46 187.90  98.42 -7.21 1632  12.37   474.6 303062. -3.64 -7.00   0.00   0.00   0.00 0.00 0.00 0.00 -1.00  -1.0     -1. 10.65 476.1 241221.
247 12:59:48 0.46 187.96  98.08 -7.21 1632  13.21   483.2 358578. -9.24  5.11  17.95   6.66  -0.99 0.00 0.00 0.00 -1.00  -1.0     -1. 12.75 492.0 442713.
247 22:16:35 0.46 188.81  93.82 -7.20 1632  14.01   439.7 190493. -0.57  6.21  15.33   2.02 -16.19 0.00 0.00 0.00 -1.00  -1.0     -1. 12.36 437.2 173958.
247 22:21:23 0.46 188.82  93.79 -7.20 1632  11.66   491.1 238434.  0.00  0.00   0.00   0.00   0.00 0.00 0.00 0.00 -1.00  -1.0     -1. 10.78 487.6 227551.
247 23:04:35 0.46 188.89  93.46 -7.20 1632  -1.00    -1.0     -1. -1.00 -1.00  17.52  -6.59 -14.00 0.00 0.00 0.00 -1.00  -1.0     -1. -1.00  -1.0     -1.
247 23:50:11 0.46 188.96  93.11 -7.20 1632  13.93   461.5 232024.  1.65 -4.85  20.50   1.05  12.52 0.00 0.00 0.00  0.12 646.11259635. 13.02 461.0 283535.
