292  2 25 19 0.60 346.99  28.87  6.47 1633   34.02   384.7   29116.  -1.76   2.02   7.32  -1.15   -6.89  0.34  0.45  0.52   0.56  381.0    106822.  30.68  384.8  28431.
292  2 26 40 0.60 346.99  28.85  6.47 1633   34.99   388.5   24799.  -1.66   1.85   7.23  -0.95   -6.97  0.16  0.23  0.23   0.07  430.5    178691.  32.35  387.7  26546.
292  2 28 01 0.60 347.00  28.84  6.47 1633   32.23   384.9   26991.  -1.94   1.80   7.61  -1.07   -7.30  0.22  0.41  0.28   0.45  377.1    123350.  27.79  386.0  22158.
292  2 29 22 0.60 347.00  28.83  6.47 1633   34.66   387.4   23334.  -1.79   1.77   7.40  -1.55   -7.38  0.19  0.27  0.20   0.83  378.5     52911.  32.13  386.9  26832.
292  2 30 43 0.60 347.00  28.82  6.47 1633   34.03   385.8   29844.  -1.75   2.01   7.27  -1.18   -7.21  0.16  0.24  0.21   0.47  380.7    131446.  30.18  386.3  24250.
292  2 32 04 0.60 347.00  28.81  6.47 1633   34.35   386.7   24048.  -1.70   1.92   7.39  -1.27   -6.72  0.33  0.30  0.32   0.73  379.0     54483.  31.64  386.3  29740.
292  2 33 25 0.60 347.00  28.80  6.47 1633   35.45   386.9   31806.  -1.90   1.86   6.72  -2.22   -6.84  0.37  0.62  0.38   0.53  381.1    103587.  31.38  389.0  28359.
292  2 34 46 0.60 347.00  28.78  6.47 1633   36.21   386.9   23831.  -1.49   1.69   6.98  -0.64   -7.47  0.33  0.73  0.46   0.79  377.1     91801.  30.43  384.4  24802.
292  2 36 07 0.60 347.00  28.77  6.47 1633   36.10   386.7   28268.  -0.73   1.76   7.33   0.12   -6.96  0.25  0.40  0.23   0.65  379.5    219193.  29.69  386.3  24389.
292  2 37 28 0.60 347.00  28.76  6.47 1633   35.71   386.7   24994.  -1.37   1.87   7.24  -0.70   -6.98  0.18  0.23  0.20   0.08  426.5    101963.  31.15  385.7  28015.
292  2 38 49 0.60 347.00  28.75  6.47 1633   33.26   384.8   28625.  -1.32   1.82   7.35  -0.86   -7.38  0.31  0.35  0.26   0.41  381.8    137046.  29.63  383.2  29174.
292  2 40 10 0.60 347.00  28.74  6.47 1633   32.02   386.9   24815.  -0.93   1.90   8.12   0.62   -6.55  0.56  1.32  0.66   0.61  373.5    120024.  29.69  385.0  28681.
292  2 41 31 0.60 347.00  28.73  6.47 1633   36.56   384.4   27342.  -1.66   1.70   7.73  -0.89   -6.24  0.81  0.74  0.67   0.45  381.0    134499.  31.89  383.6  29509.
292  2 42 52 0.60 347.00  28.72  6.47 1633   33.17   390.4   23886.  -1.00   2.33   8.64  -0.01   -5.64  0.21  0.23  0.23   0.51  368.5    108836.  30.70  389.4  29083.
292  2 44 13 0.60 347.01  28.70  6.47 1633   31.93   389.1   28086.  -0.64   2.49   8.63  -0.20   -5.57  0.26  0.21  0.21   0.47  382.2    151560.  29.84  390.6  25289.
292  2 45 34 0.60 347.01  28.69  6.47 1633   33.70   390.6   25715.  -0.46   2.28   8.26  -0.28   -5.48  0.20  0.21  0.27   0.51  376.9    185266.  32.73  389.4  27216.
292  2 46 55 0.60 347.01  28.68  6.47 1633   33.25   391.5   30094.  -0.35   2.41   8.33   0.50   -4.77  0.33  0.67  0.58   0.55  385.5    118491.  32.13  392.4  25166.
292  2 48 16 0.60 347.01  28.67  6.47 1633   34.77   392.0   28291.  -0.82   2.12   8.74   1.19   -3.14  0.28  0.64  0.75   0.55  377.9     69400.  33.90  391.0  30795.
292  2 49 37 0.60 347.01  28.66  6.47 1633   34.72   390.8   30123.  -0.75   2.08   8.62   0.36   -4.39  0.34  0.18  0.20   0.54  386.9    110500.  31.84  391.4  26787.
292  2 50 58 0.60 347.01  28.65  6.47 1633   33.53   392.1   26196.  -0.47   2.31   8.20  -0.06   -5.00  0.42  0.34  0.39   0.53  378.3    191581.  32.97  391.5  28456.
292  2 52 19 0.60 347.01  28.63  6.47 1633   34.74   390.0   30604.  -0.70   2.08   7.60  -1.23   -5.64  0.43  0.40  0.31   0.54  385.6    126547.  32.18  390.8  25809.
292  2 53 40 0.60 347.01  28.62  6.47 1633   33.60   389.6   25611.  -1.01   1.95   8.23  -0.37   -4.93  0.73  0.81  0.72   0.83  376.4    100884.  32.05  389.1  30029.
292  2 55 01 0.60 347.01  28.61  6.47 1633   32.51   392.7   23048.  -0.65   2.28   8.86   0.25   -4.15  0.35  0.33  0.37   0.51  385.8     99754.  31.07  392.1  24032.
292  2 56 22 0.60 347.01  28.60  6.47 1633   34.39   392.2   26205.  -0.66   2.19   8.72   0.44   -3.89  0.43  0.41  0.43   0.53  378.4     64449.  32.24  393.0  23389.
292  2 57 43 0.60 347.01  28.59  6.47 1633   35.51   391.0   29158.  -0.78   2.19   8.53   0.11   -3.80  0.46  0.21  0.36   0.51  385.4    130341.  32.03  391.7  25942.
292  2 59 04 0.60 347.02  28.58  6.47 1633   34.00   389.6   25484.  -0.73   1.94   8.69   0.15   -3.65  0.39  0.22  0.24   0.72  379.1     52352.  32.61  389.4  27300.
292  3 00 25 0.60 347.02  28.57  6.47 1633   35.93   389.3   28609.  -0.72   2.02   8.63   0.10   -3.30  0.41  0.23  0.29   0.55  385.9    132680.  32.01  388.1  24376.
292  3 01 46 0.60 347.02  28.55  6.47 1633   34.87   390.4   24711.  -0.68   2.15   8.56   0.47   -3.12  0.44  0.19  0.23   0.56  379.6     54366.  34.13  389.7  27872.
292  3 03 07 0.60 347.02  28.54  6.47 1633   36.07   389.5   28336.  -0.61   2.23   8.63   0.21   -3.53  0.46  0.47  0.47   0.42  390.6     62773.  31.36  390.1  25101.
292  3 04 28 0.60 347.02  28.53  6.47 1633   33.70   388.0   22018.  -0.87   2.15   8.95  -0.26   -3.87  0.52  0.19  0.34   0.73  376.2     86643.  32.63  387.2  25211.
292  3 05 49 0.60 347.02  28.52  6.47 1633   35.21   389.2   26611.  -0.71   2.08   8.73  -0.16   -3.65  0.57  0.25  0.37   0.46  383.8    102989.  31.54  389.7  24214.
292  3 07 10 0.60 347.02  28.51  6.47 1633   32.93   385.6   23126.  -0.66   2.08   8.49  -0.02   -3.89  0.78  0.27  0.39   0.69  377.4     54470.  30.77  385.2  22733.
292  3 08 31 0.60 347.02  28.50  6.47 1633   35.61   386.9   28310.  -0.56   1.99   8.33  -0.18   -4.22  0.64  0.33  0.36   0.51  378.4    122337.  32.34  386.4  24039.
292  3 09 52 0.60 347.02  28.48  6.47 1633   34.53   384.3   22603.  -0.71   1.90   8.08  -0.23   -4.23  0.75  0.42  0.40   0.98  375.8     98961.  32.08  383.9  23012.
292  3 11 13 0.60 347.02  28.47  6.47 1633   36.19   385.0   28174.  -0.47   1.86   7.88   0.21   -4.39  0.64  0.24  0.40   0.51  380.4    136201.  33.31  384.3  23119.
292  3 12 34 0.60 347.02  28.46  6.47 1633   35.54   383.7   24000.  -0.59   1.95   8.10   0.34   -4.11  0.59  0.31  0.36   0.09  425.8    103834.  32.50  383.1  25039.
292  3 13 55 0.60 347.02  28.45  6.47 1633   36.65   383.9   27414.  -0.20   2.15   8.00   0.25   -3.98  0.65  0.96  0.70   0.48  377.3    136487.  33.56  383.2  22772.
292  3 15 16 0.60 347.02  28.44  6.47 1633   34.45   384.4   23139.  -0.67   1.72   7.65  -0.67   -4.86  0.67  0.97  0.71   0.67  373.2    121986.  31.80  383.3  22710.
292  3 16 37 0.60 347.03  28.43  6.47 1633   36.61   387.0   28918.   0.00   0.00   8.45   0.55   -2.80  0.54  0.39  1.34   0.35  376.9    133512.  30.98  385.9  25033.
292  3 17 57 0.60 347.03  28.41  6.47 1633   32.59   383.9   24961.  -0.61   1.55   7.66  -0.79   -2.55  0.49  0.29  0.52   0.78  374.0    110798.  31.07  384.7  29548.
292  3 19 19 0.60 347.03  28.40  6.47 1633   34.83   385.4   29814.  -0.54   1.61   8.00  -0.91   -2.00  0.54  0.26  0.54   0.35  380.3    102158.  30.93  384.8  24760.
292  3 20 40 0.60 347.03  28.39  6.47 1633   32.77   383.5   25000.  -0.42   1.74   7.67  -1.07   -2.36  0.54  0.28  0.47   0.57  373.9    119374.  31.33  383.9  28258.
292  3 22 01 0.60 347.03  28.38  6.47 1633   33.66   386.0   31367.  -0.54   2.04   7.60  -0.90   -2.43  0.51  0.26  0.47   0.42  376.9    110668.  31.00  385.4  26293.
292  3 23 22 0.60 347.03  28.37  6.47 1633   32.41   384.0   26001.  -0.29   1.76   7.39  -0.81   -2.58  0.45  0.21  0.45   0.63  375.5     92074.  30.28  384.5  29025.
292  3 24 43 0.60 347.03  28.36  6.47 1633   33.80   384.5   33397.  -0.32   1.70   7.01  -0.74   -5.44  0.49  0.31  0.64   0.44  376.7    117490.  32.01  382.9  30893.
292  3 26 04 0.60 347.03  28.35  6.47 1633   32.34   383.2   33375.  -0.09   2.09   6.77  -1.10   -6.00  0.50  0.33  0.62   0.64  373.5    119037.  30.60  383.9  33238.
292  3 27 25 0.60 347.03  28.33  6.47 1633   31.38   380.6   32481.  -0.19   2.19   7.22  -1.17   -5.87  0.53  0.23  0.69   0.53  372.5    175183.  28.04  379.2  35402.
292  3 28 46 0.60 347.03  28.32  6.47 1633   29.38   382.7   23464.  -0.37   1.73   7.37  -1.77   -6.57  0.50  0.23  0.70   0.72  372.7    112384.  27.89  382.3  22648.
292  3 30 07 0.60 347.03  28.31  6.47 1633   33.45   384.8   26040.  -0.26   1.62   7.14  -1.69   -6.56  0.61  0.23  0.75   0.40  381.5    108732.  28.35  383.8  23126.
292  3 31 28 0.60 347.03  28.30  6.47 1633   31.97   383.3   24860.  -0.37   1.69   6.94  -1.71   -6.59  0.52  0.22  0.77   0.83  374.2     83303.  29.58  382.8  23866.
292  3 32 49 0.60 347.04  28.29  6.47 1633   30.38   383.1   22044.  -0.21   1.53   7.60  -0.67   -6.20  0.44  0.33  0.76   0.41  379.9    131524.  26.72  382.6  21115.
292  3 34 10 0.60 347.04  28.28  6.47 1633   31.01   381.3   21349.  -0.63   1.61   7.63  -0.71   -6.16  0.44  0.23  0.76   0.81  378.6     50312.  28.48  380.7  21960.
292  3 35 31 0.60 347.04  28.27  6.47 1633   31.39   381.1   20943.  -0.18   1.53   7.62  -0.71   -6.42  0.42  0.27  0.76   0.34  368.3    239424.  26.24  381.1  20287.
292  3 36 52 0.60 347.04  28.25  6.47 1633   31.09   380.4   21121.  -0.65   1.66   7.46  -0.69   -6.58  0.40  0.22  0.74   0.70  371.8     86682.  29.29  380.4  22690.
292  3 38 13 0.60 347.04  28.24  6.47 1633   32.30   380.7   21687.  -0.08   1.63   7.35  -0.56   -6.42  0.47  0.41  0.84   0.49  369.5    188489.  27.17  380.3  19851.
292  3 39 34 0.60 347.04  28.23  6.47 1633   29.80   380.8   32143.  -0.46   1.78   7.21  -2.56   -5.77  0.50  0.75  0.81   0.85  373.1    111279.  26.82  380.7  23597.
292  3 40 55 0.60 347.04  28.22  6.47 1633   28.93   379.5   26420.  -0.55   1.80   6.69  -3.77   -5.36  0.57  0.34  0.79   0.55  365.2    225625.  25.88  377.4  33089.
292  3 42 16 0.60 347.04  28.21  6.47 1633   27.32   371.9   32413.  -2.66   2.56   4.79  -6.68   -4.27  1.10  1.89  1.51   0.46  367.5    145479.  27.07  374.4  33735.
292  3 43 37 0.60 347.04  28.20  6.47 1633   21.57   388.0   42974.  -2.16   1.45   2.62  -8.87   -3.06  1.17  1.12  1.52   0.70  384.7    180679.  20.71  388.6  38624.
292  3 44 58 0.60 347.04  28.19  6.47 1633   21.56   386.1   52596.   0.00   0.00   0.62  -9.38   -2.02  1.86  0.76  1.45   0.68  386.7    157550.  22.78  388.2  45894.
292  3 46 19 0.60 347.04  28.17  6.47 1633   24.75   391.1   42386.  -2.12   0.21  -1.95  -9.76    0.84  0.63  0.37  1.38   0.67  387.4    217569.  23.01  394.1  42210.
292  3 47 40 0.60 347.04  28.16  6.47 1633   23.60   387.7   40866.  -1.88   1.21   0.54  -2.36   -1.05  2.05  7.12  2.09   0.59  390.9    119322.  22.57  388.1  40996.
292  3 49 01 0.60 347.05  28.15  6.47 1633   25.42   389.7   52586.  -2.34   0.12   1.75   7.66    0.14  0.66  1.80  2.22   0.99  384.3    260604.  23.96  390.1  62942.
292  3 50 22 0.60 347.05  28.14  6.47 1633   24.52   393.3   37728.   0.86   1.46   1.83   9.62    2.90  0.58  0.36  1.07   0.82  390.1    117438.  23.95  391.5  36116.
292  3 51 43 0.60 347.05  28.13  6.47 1633   25.98   390.2   37036.   0.35   0.83   2.05  10.18    1.06  0.47  0.36  1.02   1.07  389.1    107953.  23.91  390.2  45936.
292  3 53 04 0.60 347.05  28.12  6.47 1633   23.83   392.6   39345.   0.38   1.20   1.87  10.35    0.51  0.49  0.24  0.92   0.94  391.1    126313.  23.04  390.3  39306.
292  3 54 25 0.60 347.05  28.10  6.47 1633   24.28   389.2   40375.  -0.14   0.89   1.84  10.37   -0.57  0.59  0.44  0.92   0.92  391.9    196324.  21.78  387.4  37211.
292  3 55 46 0.60 347.05  28.09  6.47 1633   23.65   392.0   41437.   0.49   1.00   1.44  10.33   -0.65  0.49  0.36  0.96   0.80  388.8    118595.  22.53  389.4  40278.
292  3 57 07 0.60 347.05  28.08  6.47 1633   24.58   387.9   41447.   0.24   1.27   1.94  10.19   -1.60  0.79  0.34  1.10   0.88  386.5    123285.  22.12  386.1  37643.
292  3 58 28 0.60 347.05  28.07  6.47 1633   23.80   393.7   39631.   0.47   0.83   2.11  10.19   -1.71  0.57  0.23  0.82   0.77  391.4    125105.  22.83  391.3  40836.
292  3 59 49 0.60 347.05  28.06  6.47 1633   23.96   392.6   38923.  -0.17   0.74   2.13  10.19   -1.48  0.51  0.26  0.79   0.90  393.7    172597.  22.24  393.6  38137.
292  4 01 10 0.60 347.05  28.05  6.47 1633   25.58   393.8   38884.   0.25   0.60   2.19  10.05   -1.74  0.53  0.31  0.82   0.77  389.5    134512.  23.19  391.1  38475.
292  4 02 31 0.60 347.05  28.03  6.47 1633   25.47   391.9   39274.  -0.04   0.44   2.07   9.99   -2.04  0.45  0.22  0.78   1.10  390.6    193075.  22.94  393.2  37689.
292  4 03 52 0.60 347.05  28.02  6.47 1633   24.30   395.4   40641.   0.11   0.40   2.28   9.92   -2.17  0.47  0.27  0.82   0.77  393.7    137930.  23.30  393.9  38481.
292  4 05 13 0.60 347.06  28.01  6.47 1633   26.27   393.8   38286.  -0.16   0.20   2.32   9.73   -2.22  0.60  0.24  0.82   0.99  393.6    168738.  24.07  395.2  36782.
292  4 06 34 0.60 347.06  28.00  6.47 1633   25.80   395.4   38891.   0.10   0.29   2.39   9.70   -2.33  0.54  0.23  0.76   0.69  393.4    134564.  24.08  393.5  37903.
292  4 07 55 0.60 347.06  27.99  6.47 1633   24.82   393.3   38514.  -0.33  -0.05   3.02   8.97   -3.14  0.56  0.61  0.96   0.89  389.2    117815.  23.14  394.5  38822.
292  4 09 16 0.60 347.06  27.98  6.47 1633   26.17   396.4   39781.  -0.49   0.32   3.16   8.65   -3.30  0.59  0.38  0.74   0.76  395.0    136565.  23.80  394.4  39339.
292  4 10 37 0.60 347.06  27.97  6.47 1633   26.89   393.9   40180.  -0.15   0.66   3.05   8.77   -3.25  0.46  0.34  0.76   1.00  388.8    126209.  24.42  394.8  39816.
292  4 11 58 0.60 347.06  27.95  6.47 1633   24.58   395.4   40369.   0.22   0.75   2.65   8.96   -2.69  0.55  0.44  0.85   0.72  389.0    150092.  24.46  392.4  41369.
292  4 13 19 0.60 347.06  27.94  6.46 1633   26.75   390.9   38709.  -0.42   0.16   2.66   8.37   -4.44  0.83  0.52  0.96   0.95  387.4    130913.  23.07  391.2  32299.
292  4 14 40 0.60 347.06  27.93  6.46 1633   25.35   395.6   37978.  -0.32  -0.25   3.72   7.63   -5.47  0.57  0.32  0.86   0.72  386.1    199182.  23.21  394.8  35743.
292  4 16 01 0.60 347.06  27.92  6.46 1633   25.83   393.0   40853.  -0.36   0.51   3.41   7.73   -4.38  0.54  0.87  1.02   0.89  389.2    195557.  24.38  393.8  36289.
292  4 17 22 0.60 347.06  27.91  6.46 1633   24.92   394.7   40583.   0.02   0.67   3.30   8.37   -3.04  0.50  0.39  0.73   0.75  395.9    187371.  24.30  391.9  41899.
292  4 18 43 0.60 347.06  27.90  6.46 1633   25.59   392.9   41398.  -0.22   0.67   2.95   8.46   -2.59  0.65  0.37  0.74   1.09  387.7    128249.  24.47  393.6  41129.
292  4 20 04 0.60 347.06  27.89  6.46 1633   23.60   392.3   40534.   0.11   1.00   3.01   8.27   -2.83  0.64  0.39  0.69   0.96  390.4    125196.  23.38  388.9  41421.
292  4 21 25 0.60 347.07  27.87  6.46 1633   26.67   386.4   45488.  -0.66   1.37   3.15   7.05   -3.01  0.82  0.78  0.72   1.17  382.6    140554.  24.07  384.4  43715.
292  4 22 46 0.60 347.07  27.86  6.46 1633   28.27   387.4   53411.  -1.22   1.56   4.05   5.99   -2.58  0.57  0.31  0.67   1.28  383.5    217335.  26.19  387.4  46407.
292  4 24 07 0.60 347.07  27.85  6.46 1633   26.78   388.0   47324.  -1.29   1.33   4.18   6.51   -2.67  0.63  0.50  0.74   1.14  387.1    190633.  25.69  388.3  52284.
292  4 25 28 0.60 347.07  27.84  6.46 1633   26.17   385.9   55347.  -0.93   1.22   4.07   6.60   -2.59  1.24  1.20  1.45   1.17  384.2    147753.  23.73  386.4  45537.
292  4 26 49 0.60 347.07  27.83  6.46 1633   25.84   389.4   48795.  -0.41   1.83   3.11   7.52   -1.24  1.31  0.66  1.80   1.26  389.9    181238.  25.60  389.2  57270.
292  4 28 10 0.60 347.07  27.82  6.46 1633   26.90   391.0   62763.  -1.59   1.40   4.57   6.32   -2.15  0.72  0.37  0.84   1.21  384.5    197792.  24.62  391.4  52196.
292  4 29 31 0.60 347.07  27.80  6.46 1633   27.13   390.6   49601.  -1.19   1.50   4.49   6.42   -1.23  0.69  0.42  0.66   1.40  388.5    175326.  26.07  390.7  58667.
292  4 30 52 0.60 347.07  27.79  6.46 1633   24.20   384.8   52703.   0.04   1.06   2.04   8.33   -2.51  1.22  0.37  0.69   1.31  389.6    141347.  23.22  385.0  42831.
292  4 32 13 0.60 347.07  27.78  6.46 1633   26.34   382.6   42763.   0.21   0.87   1.10   8.57   -2.50  1.65  0.38  0.76   1.04  385.5    206381.  24.39  380.3  43851.
292  4 33 34 0.60 347.07  27.77  6.46 1633   24.36   386.8   48623.  -0.17   1.00   1.72   8.36   -2.66  0.62  0.46  0.73   1.05  383.9    125845.  25.16  387.0  43058.
292  4 34 55 0.60 347.07  27.76  6.46 1633   25.51   391.3   43172.  -0.11   1.45   2.35   8.35   -2.97  0.86  0.38  0.77   1.29  389.0    180549.  23.55  391.5  46180.
292  4 36 16 0.60 347.07  27.75  6.46 1633   22.70   391.4   40307.   0.04   1.42   1.53   8.63   -2.65  0.71  0.29  0.56   1.06  385.1    138878.  22.24  388.5  39976.
292  4 37 37 0.60 347.08  27.74  6.46 1633   25.24   389.2   43760.   0.01   2.03   3.31   8.80   -1.50  1.12  0.64  0.93   1.01  387.9    105380.  23.43  388.5  40697.
292  4 38 58 0.60 347.05  27.70  6.35 1633   -1.00    -1.0      -1.  -1.00  -1.00   3.14   9.10   -1.42  1.34  0.30  0.72  -1.00   -1.0        -1.  -1.00   -1.0     -1.
292  4 48 31 0.60 347.08  27.64  6.46 1633   25.05   384.3   43185.  -0.61   1.50   0.38   8.71   -1.28  0.59  0.47  1.19   0.86  379.1    145687.  23.06  382.1  43494.
292  4 49 52 0.60 347.08  27.63  6.46 1633   24.21   382.0   43341.  -0.34   0.55  -1.16   7.99   -4.01  0.71  0.42  0.53   1.10  383.3    148857.  23.55  384.2  45712.
292  4 51 13 0.60 347.08  27.62  6.46 1633   25.75   384.5   45768.  -0.06   0.58  -1.22   7.94   -3.61  0.63  0.30  0.61   1.07  380.0    147753.  23.94  382.0  41486.
292  4 52 34 0.60 347.08  27.61  6.46 1633   24.87   380.4   44036.  -0.39   0.60  -0.10   8.56   -3.43  0.86  0.63  0.59   1.08  383.6    124182.  23.47  381.8  44533.
292  4 53 55 0.60 347.09  27.59  6.46 1633   23.81   383.8   42945.   0.09   0.76   0.33   9.01   -2.72  0.58  0.38  0.54   1.08  380.5    136383.  21.92  382.2  42376.
292  4 55 16 0.60 347.09  27.58  6.46 1633   24.07   381.8   42935.  -0.14   0.18  -0.13   7.35   -4.58  0.87  0.67  0.76   1.23  376.6    224975.  22.97  383.5  45488.
292  4 56 37 0.60 347.09  27.57  6.46 1633   23.58   382.7   47015.   0.06   0.38  -0.77   8.53   -2.16  0.59  0.73  1.21   0.97  381.2    170297.  22.66  380.4  45271.
292  4 57 58 0.60 347.09  27.56  6.46 1633   23.86   380.9   45306.  -0.02   0.83  -1.08   8.60   -2.39  0.54  0.24  0.40   1.03  384.7    160526.  22.07  382.6  46771.
292  4 59 19 0.60 347.09  27.55  6.46 1633   23.50   385.3   46511.   0.11   0.90  -1.56   7.81   -3.01  0.96  0.66  0.79   1.13  379.3    153938.  22.29  381.9  45404.
292  5 00 40 0.60 347.09  27.54  6.46 1633   24.25   384.5   54093.  -0.11   0.70  -0.41   8.14   -2.66  0.87  0.72  0.81   0.86  383.0    139827.  23.57  384.7  49906.
292  5 02 01 0.60 347.09  27.53  6.46 1633   24.17   384.0   49474.  -0.05   0.91  -0.38   6.83   -3.96  0.64  1.11  1.13   1.07  386.2    205809.  22.10  381.0  48074.
292  5 03 22 0.60 347.09  27.52  6.46 1633   28.41   380.8   57741.  -1.85  -0.09  -1.37   3.36   -6.12  0.52  0.76  0.62   0.84  379.4    121323.  24.74  381.2  57267.
292  5 04 43 0.60 347.09  27.50  6.46 1633   25.98   383.5   53012.  -2.33   0.96  -1.76  -1.71   -6.73  0.52  1.60  0.53   0.90  378.3    148377.  25.72  383.4  58956.
292  5 06 04 0.60 347.09  27.49  6.46 1633   24.79   383.7   55308.  -1.30   1.27  -1.90  -4.48   -7.58  0.62  0.83  0.69   0.79  383.8    142945.  21.95  384.9  48464.
292  5 07 25 0.60 347.09  27.48  6.46 1633   23.90   383.5   50367.  -1.37   1.21  -0.73  -6.35   -5.80  0.84  0.43  0.44   0.68  385.0    224806.  22.90  382.1  47694.
292  5 08 46 0.60 347.09  27.47  6.46 1633   23.28   383.3   55682.  -0.86   1.53  -1.73  -7.55   -3.93  0.44  0.45  0.80   0.80  385.6    134512.  21.74  384.1  46268.
292  5 12 49 0.60 347.10  27.43  6.46 1633   22.63   384.4   53788.  -1.71   1.68  -0.32  -7.93    1.63  0.67  0.96  1.63   0.81  374.4    172324.  21.23  383.5  58917.
292  5 14 10 0.60 347.10  27.42  6.46 1633   26.92   379.2   41853.  -2.74   2.39  -0.79  -5.24    4.02  0.49  0.96  1.46   0.97  378.6    207979.  25.16  382.3  42763.
292  5 15 31 0.60 347.10  27.41  6.46 1633   24.40   382.1   45326.  -2.83   1.70   0.47  -8.02   -0.07  0.50  1.50  0.96   0.65  380.3    185734.  22.66  380.9  43659.
292  5 16 52 0.60 347.10  27.40  6.46 1633   21.58   381.2   42240.  -1.53   1.79   1.31  -8.27   -1.55  0.45  0.60  0.72   0.51  385.0    130523.  20.11  383.6  43357.
292  5 18 13 0.60 347.10  27.39  6.46 1633   20.71   381.5   43591.  -0.80   1.87   0.02  -8.52    0.46  0.46  0.33  0.35   0.40  374.8    128171.  20.11  379.6  39696.
292  5 19 34 0.60 347.10  27.38  6.46 1633   21.04   379.2   45124.  -1.05   1.69  -0.13  -4.95   -0.27  0.54  3.90  1.64   0.59  376.2    266841.  19.59  382.3  45352.
292  5 20 55 0.60 347.10  27.37  6.46 1633   26.46   380.6   60379.  -1.05   1.83   0.08   2.77   -1.77  0.32  0.62  0.45   1.05  378.7    170349.  24.68  379.4  53427.
292  5 22 16 0.60 347.10  27.35  6.46 1633   26.04   381.6   62952.  -1.00   1.73  -1.07   2.66   -2.09  0.32  0.39  0.41   0.88  383.0    152989.  24.93  380.1  64547.
292  5 23 37 0.60 347.10  27.34  6.46 1633   26.34   380.5   61009.  -0.92   1.87  -1.56   1.90   -1.70  0.49  0.63  0.31   1.00  375.6    182836.  24.51  379.1  55636.
292  5 24 58 0.60 347.10  27.33  6.46 1633   26.90   382.7   65060.  -1.46   1.92  -0.92   1.06   -2.30  0.30  0.29  0.56   0.95  383.0    179861.  24.97  382.5  58976.
292  5 26 19 0.60 347.11  27.32  6.46 1633   26.60   383.1   65138.  -1.27   1.67  -0.38   0.47   -2.92  0.71  0.40  0.43   0.91  381.4    216594.  25.50  383.4  67090.
292  5 27 40 0.60 347.11  27.31  6.46 1633   26.97   379.3   60249.  -1.34   1.66  -1.88   0.90   -2.39  0.41  0.41  0.47   0.95  377.8    254198.  24.92  379.4  62260.
292  5 29 01 0.60 347.11  27.30  6.46 1633   26.37   379.0   61669.  -1.32   1.66  -2.99   1.96   -2.74  0.69  0.67  0.55   1.05  373.6    175781.  24.96  378.4  53077.
292  5 30 22 0.60 347.11  27.28  6.46 1633   26.85   379.4   60606.  -1.53   1.29  -3.07   1.26   -3.81  0.46  0.85  0.74   1.06  377.3    228276.  25.14  378.0  57075.
292  5 31 43 0.60 347.11  27.27  6.46 1633   22.55   379.8   43562.  -1.34   1.87  -3.54  -6.30   -1.42  0.58  1.98  1.09   0.69  376.8    159278.  21.29  378.9  42373.
292  5 33 04 0.60 347.11  27.26  6.46 1633   25.79   379.9   60428.  -1.16   1.50  -2.27   0.73   -2.53  0.73  0.56  0.58   1.04  375.4    253094.  24.68  379.6  59379.
292  5 34 25 0.60 347.11  27.25  6.46 1633   26.00   380.1   64420.  -1.23   1.20  -2.07   0.87   -2.10  0.55  0.66  0.56   0.85  372.6    180108.  24.24  378.8  54649.
292  5 35 46 0.60 347.11  27.24  6.46 1633   25.06   375.7   52437.  -1.09   1.51  -2.23  -0.35   -2.58  0.84  2.58  1.13   0.89  371.7    259812.  24.34  375.7  66376.
292  5 37 07 0.60 347.11  27.23  6.46 1633   23.84   376.7   60821.  -3.17   0.75  -3.69  -3.52   -4.94  0.67  2.37  0.83   0.60  373.8    204848.  22.11  377.2  53515.
292  5 38 28 0.60 347.11  27.21  6.46 1633   22.11   379.4   43390.  -1.99   1.61  -3.88  -6.06   -5.18  0.33  0.20  0.20   0.53  388.1    146194.  20.96  382.1  45612.
292  5 39 49 0.60 347.11  27.20  6.46 1633   21.25   381.9   47938.  -2.10   1.74  -3.84  -6.06   -4.76  0.37  0.35  0.56   0.40  386.1    167932.  20.66  380.8  45173.
292  5 41 10 0.60 347.11  27.19  6.46 1633   23.85   376.7   44023.  -2.40   1.00  -3.29  -6.03   -3.30  0.41  0.43  0.96   0.76  375.5    196116.  22.86  377.8  51738.
292  5 42 31 0.60 347.12  27.18  6.46 1633   22.14   382.4   43812.  -1.69   1.57  -3.48  -6.60   -4.37  0.31  0.30  0.26   0.60  381.8    192958.  20.60  381.8  39602.
292  5 43 52 0.60 347.12  27.17  6.46 1633   22.31   379.7   44611.  -1.84   1.67  -3.14  -2.65   -4.16  0.73  4.52  1.02   0.69  384.0    129458.  20.17  383.0  44296.
292  5 45 13 0.60 347.12  27.16  6.46 1633   24.91   377.7   64229.  -1.38   1.00  -3.33   2.89   -4.10  0.84  0.59  0.64   1.01  373.9    177782.  22.83  377.4  54967.
292  5 46 34 0.60 347.12  27.15  6.46 1633   25.22   381.7   62523.  -0.52   1.25  -3.15   4.19   -2.82  0.77  0.99  0.57   0.76  384.3    186396.  22.48  381.5  60405.
292  5 47 55 0.60 347.12  27.13  6.46 1633   24.70   375.6   67253.  -1.60   1.05  -3.38   3.82   -2.84  0.82  1.57  1.26   0.83  373.8    162384.  22.28  377.9  68026.
292  5 49 16 0.60 347.12  27.12  6.46 1633   22.44   380.7   85002.  -1.54   1.91  -3.29   3.22   -3.55  0.83  1.70  2.06   0.74  382.1    184603.  23.52  378.2  73922.
292  5 50 37 0.60 347.12  27.11  6.46 1633   23.47   379.7   69871.  -1.71   1.12  -2.45   2.55   -3.56  1.85  2.78  2.60   0.82  378.9    168946.  22.22  380.4  65304.
292  5 51 58 0.60 347.12  27.10  6.46 1633   19.80   380.9   44000.  -0.12   2.80  -0.13   9.13    1.40  0.80  0.76  1.05   0.70  375.0    199780.  19.23  382.6  43533.
292  5 53 19 0.60 347.12  27.09  6.46 1633   22.98   381.5   45319.   0.11   3.86   1.14   8.53    1.55  1.51  0.69  1.95   0.77  386.5    173481.  21.32  379.2  43471.
292  5 54 40 0.60 347.12  27.08  6.46 1633   23.93   383.3   39482.   1.03   2.52   1.11   8.91    0.80  1.03  0.35  0.35   0.71  377.7    226989.  23.09  384.5  40853.
292  5 56 01 0.60 347.12  27.07  6.46 1633   23.42   383.3   44221.   0.98   2.27  -0.23   8.89    0.91  0.64  0.32  0.46   0.66  375.4    157017.  22.78  380.4  43805.
292  5 57 22 0.60 347.12  27.05  6.46 1633   23.30   385.3   48272.   0.61   2.36   1.16   8.64    1.55  0.31  0.46  0.78   0.69  385.4    108226.  21.33  384.7  40521.
292  5 58 43 0.60 347.13  27.04  6.46 1633   23.05   388.1   41856.   0.91   2.75   0.97   8.80    2.40  0.31  0.42  0.33   0.72  387.5    177314.  22.10  384.6  42945.
292  6 00 04 0.60 347.13  27.03  6.46 1633   21.58   383.1   43256.   0.18   2.74   0.54   8.51    1.91  0.94  0.53  0.77   0.67  384.8    114229.  21.14  383.8  45118.
292  6 01 25 0.60 347.13  27.02  6.46 1633   23.45   384.8   43857.  -0.57   2.16   0.40   7.94    0.68  0.53  0.49  0.73   0.81  383.1    177054.  22.39  383.5  41584.
292  6 02 46 0.60 347.13  27.01  6.46 1633   22.65   383.7   50845.  -0.94   2.58   2.90   6.24   -0.26  2.41  1.86  1.77   0.93  384.7    129678.  21.09  385.4  45875.
292  6 04 07 0.60 347.13  27.00  6.46 1633   23.02   387.3   46057.   0.32   2.14   3.73   6.53    0.57  1.32  1.77  1.06   0.96  388.7    241308.  20.66  385.3  42425.
292  6 05 28 0.60 347.13  26.98  6.46 1633   22.66   385.9   50436.   0.22   2.10   2.34   7.74    0.55  0.40  0.45  0.36   0.73  385.3    132589.  21.51  386.0  43140.
292  6 06 49 0.60 347.13  26.97  6.46 1633   24.99   387.0   45199.  -0.54   2.28   2.22   7.32    2.21  0.40  0.69  1.01   0.92  385.9    214710.  22.83  385.1  43169.
292  6 08 10 0.60 347.13  26.96  6.46 1633   23.72   382.8   41106.  -0.57   2.58   1.67   7.14    1.44  1.18  1.03  2.07   0.80  384.8    118946.  22.60  383.8  41506.
292  6 09 31 0.60 347.13  26.95  6.46 1633   23.54   385.2   43442.   0.07   1.57   2.48   7.45   -1.78  0.97  0.49  0.98   0.98  385.0    202691.  22.10  382.8  42542.
292  6 10 52 0.60 347.13  26.94  6.46 1633   22.98   388.1   53509.   0.08   1.34   3.42   7.21   -2.32  0.37  0.30  0.41   1.01  388.7    142516.  22.56  386.7  44205.
292  6 12 13 0.60 347.13  26.93  6.46 1633   23.82   389.6   46775.  -0.52   1.64   4.23   6.46   -2.65  0.91  0.63  0.40   1.01  384.3    123143.  22.32  389.4  50822.
292  6 13 34 0.60 347.13  26.92  6.46 1633   23.20   390.5   57231.  -0.47   1.67   4.44   6.50   -2.42  0.58  0.38  0.45   0.72  386.5    137150.  21.63  390.1  49022.
292  6 14 55 0.60 347.14  26.90  6.46 1633   23.70   387.9   47912.  -0.66   1.70   3.50   7.52   -2.19  0.93  0.81  0.71   1.04  388.3    185019.  22.74  385.3  56010.
292  6 16 16 0.60 347.14  26.89  6.46 1633   25.32   381.3   38270.   0.70   2.37   0.71   8.84   -0.03  1.17  0.43  1.10   0.82  385.6    137384.  24.17  382.0  39488.
292  6 17 37 0.60 347.14  26.88  6.46 1633   24.50   387.2   40479.  -0.12   1.77   1.95   8.82   -1.07  0.25  0.26  0.57   0.87  384.8    111396.  23.10  385.1  39654.
292  6 18 58 0.60 347.14  26.87  6.46 1633   23.49   392.9   58271.  -0.78   2.42   4.66   7.28    1.36  1.39  0.87  1.69   0.67  388.4    142776.  21.49  393.2  48376.
292  6 20 19 0.60 347.14  26.86  6.46 1633   23.53   390.7   49000.  -0.54   2.94   4.35   6.95    3.37  0.44  0.36  0.58   0.95  387.0    166659.  22.03  390.2  52359.
292  6 21 40 0.60 347.14  26.85  6.46 1633   24.50   387.9   48672.  -0.53   3.28   3.78   7.13    3.64  0.66  0.45  0.85   1.01  383.9    188683.  22.26  386.8  47038.
292  6 23 01 0.60 347.14  26.84  6.46 1633   24.19   391.1   47593.  -0.33   1.91   4.83   7.29    0.62  0.67  0.58  1.13   0.85  386.7    172337.  22.90  390.9  51943.
292  6 24 22 0.60 347.14  26.82  6.46 1633   23.31   392.9   55633.  -0.59   2.33   4.76   7.58    0.82  0.70  0.67  0.46   0.75  386.8    140554.  21.80  392.3  46563.
292  6 25 43 0.60 347.14  26.81  6.46 1633   23.78   387.4   44052.  -0.09   2.71   3.55   7.91    0.69  1.22  1.06  1.52   0.85  387.7    162319.  21.08  385.4  41057.
292  6 27 04 0.60 347.14  26.80  6.46 1633   23.74   390.7   52102.  -0.58   1.79   5.30   6.76   -2.05  0.95  1.14  1.58   0.81  387.6    132992.  21.80  389.5  45820.
292  6 28 25 0.60 347.14  26.79  6.45 1633   24.03   382.9   42051.   0.13   2.70   0.65   8.80    2.80  0.29  0.30  0.54   0.85  378.9    129652.  22.66  380.5  43325.
292  6 29 46 0.60 347.14  26.78  6.45 1633   23.60   381.8   40242.   0.18   3.10   1.12   8.82    2.23  0.74  0.52  1.13   0.77  385.7    119504.  22.84  383.0  37987.
292  6 31 07 0.60 347.15  26.77  6.45 1633   24.85   386.8   44585.   0.46   2.62   1.85   8.77    1.89  0.45  0.41  0.66   0.97  383.7    134681.  22.94  384.2  41597.
292  6 32 28 0.60 347.15  26.75  6.45 1633   22.84   384.3   39644.   0.13   2.72   1.60   8.74    2.17  0.19  0.31  0.51   0.94  377.3    187774.  21.31  385.0  40706.
292  6 33 49 0.60 347.15  26.74  6.45 1633   23.36   385.4   43471.   0.17   2.51   1.77   8.93    1.95  0.95  0.38  0.59   0.80  380.6    129574.  22.16  382.4  41983.
292  6 35 10 0.60 347.15  26.73  6.45 1633   23.74   385.7   48051.   0.16   2.18   2.88   8.62    1.82  0.32  0.38  0.49   0.80  384.9    129925.  21.87  386.8  41304.
292  6 36 31 0.60 347.15  26.72  6.45 1633   24.45   387.1   42681.   0.15   2.42   2.86   8.25    2.88  0.42  0.48  1.00   0.90  386.1    150767.  22.68  384.0  40469.
292  6 37 52 0.60 347.15  26.71  6.45 1633   23.24   386.4   49779.   0.25   2.07   2.99   8.21    2.38  0.45  0.55  0.60   0.77  386.2    128470.  22.27  387.0  47060.
292  6 39 13 0.60 347.15  26.70  6.45 1633   24.26   386.5   45949.   0.22   2.02   2.23   8.46    1.91  0.41  0.37  0.94   1.02  386.6    195167.  22.22  384.4  43179.
292  6 40 34 0.60 347.15  26.68  6.45 1633   24.18   385.8   51930.   0.36   1.80   2.99   7.77    3.33  0.51  0.47  0.71   0.85  386.4    121505.  23.10  386.2  44877.
292  6 41 55 0.60 347.15  26.67  6.45 1633   25.21   387.6   47733.   0.71   1.62   2.65   6.58    4.46  0.40  1.32  1.45   0.93  387.6    161903.  22.96  385.1  43789.
292  6 43 16 0.60 347.15  26.66  6.45 1633   25.01   387.5   47492.  -0.12   2.70   1.87   7.97    2.90  0.54  1.16  1.36   0.85  381.2    178990.  23.24  386.9  43494.
292  6 44 37 0.60 347.15  26.65  6.45 1633   24.14   386.5   41674.  -0.29   2.17   2.08   8.66    1.65  0.66  0.50  1.33   1.00  384.6    123311.  22.71  384.0  40609.
292  6 45 58 0.60 347.15  26.64  6.45 1633   24.02   382.9   40336.  -0.08   1.91   2.09   8.63    0.83  0.58  0.38  0.68   1.01  379.7    185786.  23.00  384.5  44043.
292  6 47 19 0.60 347.16  26.63  6.45 1633   24.16   386.3   42350.  -0.14   1.45   2.55   8.64    0.11  0.51  1.02  0.78   0.90  386.0    150871.  22.69  384.1  41648.
292  6 48 40 0.60 347.16  26.61  6.45 1633   24.02   385.6   45936.  -0.72   2.12   3.01   7.53    3.55  0.41  0.51  0.79   0.85  387.3    110915.  22.76  385.8  39547.
292  6 50 01 0.60 347.16  26.60  6.45 1633   23.95   384.6   40343.  -0.02   1.62   0.65   8.96    0.65  0.71  0.56  0.91   0.79  380.5    134616.  22.32  382.6  37825.
292  6 51 22 0.60 347.16  26.59  6.45 1633   24.93   385.6   46898.   0.21   1.91   1.82   8.74    1.45  0.33  0.36  0.45   1.02  386.4    110383.  23.32  385.3  40869.
292  6 52 43 0.60 347.16  26.58  6.45 1633   24.08   385.9   42402.  -0.14   1.80   2.18   8.78    1.16  0.45  0.36  0.64   0.94  385.0    106939.  22.66  384.2  39634.
292  6 54 04 0.60 347.16  26.57  6.45 1633   23.54   383.7   39556.  -0.06   1.96   2.56   8.64    0.87  0.61  0.38  0.59   0.86  381.2    159850.  23.01  385.0  44929.
292  6 55 25 0.60 347.16  26.56  6.45 1633   25.13   386.2   41242.  -0.04   1.76   3.87   8.04    1.23  0.41  0.32  0.51   0.89  386.5    159889.  22.83  383.8  41431.
292  6 56 46 0.60 347.16  26.55  6.45 1633   24.11   383.5   42513.   0.18   1.77   3.93   7.78    2.20  0.37  0.34  0.46   0.93  380.3    142542.  24.31  385.7  42094.
292  6 58 07 0.60 347.16  26.53  6.45 1633   25.36   388.0   45865.  -0.34   2.13   1.08   8.23    0.26  2.78  0.56  2.18   0.98  388.7    160981.  23.28  386.7  50679.
292  6 59 18 0.60 347.16  26.52  6.45 1633   25.37   380.9   40583.   0.51   1.37  -2.32   8.10   -2.29  0.52  0.39  0.39   0.95  377.3    144946.  24.73  377.7  40742.
292  6 59 28 0.60 347.16  26.52  6.45 1633   24.08   375.3   48025.  -0.77   0.55  -2.06   8.16   -2.26  0.62  0.37  0.38   1.10  373.7    227093.  23.37  374.2  55779.
292  7 00 49 0.60 347.16  26.51  6.45 1633   24.59   374.1   53294.  -0.25   0.59  -3.44   8.09   -3.08  0.32  0.24  0.41   1.00  373.8    152145.  22.14  374.0  49260.
292  7 02 10 0.60 347.16  26.50  6.45 1633   23.72   376.9   48119.   0.10   0.65  -2.98   7.77   -3.64  0.31  0.39  0.43   0.99  372.8    224741.  22.85  375.4  53252.
292  7 03 31 0.60 347.16  26.49  6.45 1633   24.58   375.7   58017.  -0.15   0.17  -3.30   6.59   -4.66  0.73  0.82  0.90   1.08  373.0    170609.  23.25  375.1  53168.
292  7 04 52 0.60 347.17  26.48  6.45 1633   25.09   378.7   46664.  -0.24   0.50  -1.76   7.50   -4.08  0.33  0.42  0.59   0.99  375.4    206823.  23.72  379.0  53846.
292  7 06 13 0.60 347.17  26.47  6.45 1633   25.16   378.5   52999.  -0.57  -0.01  -1.57   7.29   -4.86  0.50  0.35  0.46   1.08  374.6    158291.  22.49  377.1  46099.
292  7 07 34 0.60 347.17  26.45  6.45 1633   23.64   377.0   48610.  -0.57  -0.19  -1.56   6.39   -5.88  0.56  0.65  0.67   0.95  373.4    204562.  22.58  377.6  51595.
292  7 08 55 0.60 347.17  26.44  6.45 1633   25.47   378.1   52089.  -0.70   0.26  -2.19   7.67   -3.61  0.55  0.60  1.34   0.84  373.3    133784.  23.37  377.5  44637.
292  7 10 16 0.60 347.17  26.43  6.45 1633   24.43   377.1   46895.  -0.32   0.48  -3.10   8.01   -2.27  0.31  0.50  1.06   1.11  372.5    231641.  24.00  376.1  56081.
292  7 11 37 0.60 347.17  26.42  6.45 1633   25.90   378.5   52787.  -0.16   0.88  -2.29   8.52   -1.45  0.57  0.42  0.61   1.16  376.2    139515.  23.74  377.8  45420.
292  7 12 58 0.60 347.17  26.41  6.45 1633   23.81   379.5   45043.   0.19   1.23  -3.77   7.79   -1.76  1.43  0.83  0.56   1.46  377.2    241776.  23.21  380.4  50423.
292  7 14 19 0.60 347.17  26.40  6.45 1633   24.82   377.7   57160.  -0.37   0.91  -4.84   7.20   -2.47  0.42  0.35  0.47   1.14  374.9    148675.  23.10  376.6  49094.
292  7 15 40 0.60 347.17  26.39  6.45 1633   24.54   374.6   49468.  -0.37   0.52  -4.79   6.20   -4.07  0.34  0.44  0.52   1.22  371.9    207693.  23.40  374.4  56296.
292  7 17 01 0.60 347.17  26.37  6.45 1633   26.44   371.5   60957.  -1.64  -0.11  -5.39   4.11   -4.95  0.66  1.87  1.01   1.02  370.3    153431.  23.65  373.4  53310.
292  7 18 22 0.60 347.17  26.36  6.45 1633   25.30   375.4   50172.  -0.59   0.73  -4.28   6.32   -4.06  0.52  0.65  0.57   0.90  371.0    189593.  23.93  375.1  51871.
292  7 19 43 0.60 347.17  26.35  6.45 1633   24.62   376.1   61906.  -0.69   0.25  -4.56   6.59   -3.14  0.37  0.70  0.78   0.97  375.3    158538.  23.83  375.5  51309.
292  7 21 04 0.60 347.18  26.34  6.45 1633   25.17   374.8   53125.  -0.57   0.84  -4.70   6.85   -2.54  0.43  0.35  0.59   1.13  372.7    224352.  24.05  374.9  58245.
292  7 22 25 0.60 347.18  26.33  6.45 1633   25.72   374.8   59236.   0.06   0.82  -4.10   7.07   -2.64  0.98  0.65  1.12   1.04  371.6    166152.  23.32  374.5  50445.
292  7 23 46 0.60 347.18  26.32  6.45 1633   25.50   376.3   71648.  -0.16   1.36  -4.59   6.76   -1.91  0.84  0.76  1.21   0.95  381.5    128470.  25.44  374.3  64423.
292  7 25 07 0.60 347.18  26.30  6.45 1633   24.34   373.9   70021.  -0.25   1.14  -5.49   5.89   -2.69  0.50  0.55  0.49   0.94  374.4    138449.  21.88  373.5  57706.
292  7 26 28 0.60 347.18  26.29  6.45 1633   24.82   376.8   69046.  -0.38   0.75  -5.31   5.75   -2.70  0.78  0.67  0.79   1.09  372.6    224507.  24.15  375.6  63163.
292  7 27 49 0.60 347.18  26.28  6.45 1633   25.41   375.0   58947.   0.09   0.61  -2.87   6.78   -3.71  1.99  0.68  1.53   1.02  374.0    151157.  23.37  375.2  49344.
292  7 29 10 0.60 347.18  26.27  6.45 1633   24.77   378.6   43682.  -0.19   0.89  -1.17   7.27   -4.29  0.95  0.56  0.65   1.11  376.1    223650.  24.02  378.4  46424.
292  7 30 31 0.60 347.18  26.26  6.45 1633   25.48   375.5   54415.  -0.16   0.49  -2.45   6.76   -4.29  0.80  0.53  0.62   0.93  374.2    139034.  22.96  375.8  47989.
292  7 32 33 0.60 347.18  26.24  6.45 1633   24.62   373.0   50962.   0.00   0.00  -1.86   6.38   -4.28  0.67  0.32  0.62   0.97  370.1    217283.  24.00  372.8  57608.
292  7 42 30 0.60 347.19  26.16  6.45 1633   24.55   382.0   43282.   0.29   1.26  -0.15   7.64    2.63  0.00  0.00  0.00   1.03  379.1    203782.  24.04  382.9  43052.
292  8 25 42 0.60 347.21  25.78  6.45 1633   25.18   376.8   48909.   0.27   1.52  -6.78  -3.77   -2.60  0.00  0.00  0.00   1.08  372.1    133512.  22.90  375.0  40872.
292  8 44 56 0.60 347.23  25.62  6.44 1633   -1.00    -1.0      -1.  -1.00  -1.00   0.00   0.00    0.00  0.00  0.00  0.00  -1.00   -1.0        -1.  21.57  373.8  69543.
292  9 08 54 0.60 347.24  25.42  6.44 1633   23.57   372.9   45124.  -0.55   1.13   0.00   0.00    0.00  0.00  0.00  0.00   1.14  369.8    182148.  22.96  371.6  50864.
292  9 52 07 0.60 347.27  25.05  6.44 1633   25.32   366.8   79428.  -1.37   0.88  -4.77  -6.48   -4.18  0.00  0.00  0.00  -1.00   -1.0        -1.  24.31  366.5  71268.
292 10 35 19 0.60 347.29  24.68  6.44 1633   24.79   369.8   57056.  -1.01   3.76   0.00   0.00    0.00  0.00  0.00  0.00   1.33  364.5    148532.  22.67  369.9  53626.
292 11 18 31 0.60 347.32  24.31  6.43 1633   23.12   371.6   59551.  -0.06   0.55  -1.72   5.51   -3.23  0.00  0.00  0.00   1.34  370.7    139879.  22.16  371.3  49422.
292 12 01 43 0.60 347.34  23.94  6.43 1633   20.84   364.2   77459.  -2.50   1.25  -4.39  -3.11    0.42  0.00  0.00  0.00   1.26  361.6    188151.  20.57  365.6  79029.
292 12 44 55 0.60 347.37  23.57  6.43 1633   22.28   363.3   94069.  -1.59   0.61   0.00   0.00    0.00  0.00  0.00  0.00  -1.00   -1.0        -1.  20.79  363.4  79539.
292 13 28 07 0.60 347.40  23.20  6.42 1633   22.37   368.6   62734.   1.26  -0.67   0.00   0.00    0.00  0.00  0.00  0.00   1.38  364.2    160890.  21.53  366.6  58118.
292 14 11 19 0.60 347.42  22.83  6.42 1633   23.20   368.3   63088.   0.52   2.44  -4.10   5.34    4.40  0.00  0.00  0.00   0.94  368.9    159902.  21.95  367.0  61117.
292 14 54 31 0.61 347.45  22.46  6.42 1633   25.68   376.2   43451.  -0.31   0.24   4.16  -3.49   -5.72  0.00  0.00  0.00   0.79  372.1    112397.  24.65  375.9  48282.
292 15 37 43 0.61 347.47  22.09  6.41 1633   24.30   369.7   60135.  -1.85   2.94   0.00   0.00    0.00  0.00  0.00  0.00   1.19  369.4    149676.  23.32  369.2  59135.
292 16 20 55 0.61 347.50  21.72  6.41 1633   24.55   364.8   62520.  -2.19   2.03   0.00   0.00    0.00  0.00  0.00  0.00   1.17  360.8    151443.  22.44  364.9  51153.
292 17 04 07 0.61 347.52  21.35  6.41 1633   22.88   365.4   45410.  -2.31   1.99  -5.12  -7.95    3.45  0.00  0.00  0.00   1.30  362.0    182875.  21.46  367.3  52560.
292 17 47 19 0.61 347.55  20.98  6.40 1633   21.84   364.9  100228.  -0.85   1.75  -6.56  -4.69    2.43  0.00  0.00  0.00   0.98  358.8    150508.  20.29  364.7  90180.
292 18 30 31 0.61 347.57  20.61  6.40 1633   21.97   363.7   93893.  -0.56   1.55   0.00   0.00    0.00  0.00  0.00  0.00  -1.00   -1.0        -1.  21.10  363.2  81686.
292 19 13 43 0.61 347.60  20.24  6.40 1633   21.27   375.6   53590.   1.45   3.32   0.00   0.00    0.00  0.00  0.00  0.00   1.21  371.0    197545.  21.21  374.4  62481.
292 19 56 55 0.61 347.62  19.87  6.39 1633   22.09   373.9   67604.   0.02  -0.64  -3.03  -0.27   -7.37  0.00  0.00  0.00   0.80  374.3    157355.  20.75  372.5  62150.
292 20 40 07 0.61 347.65  19.50  6.39 1633   22.41   376.7   70596.   0.00   0.00  -4.26  -6.05   -2.66  0.00  0.00  0.00   0.98  365.5    173909.  21.51  373.7  69238.
292 21 41 50 0.61 347.69  18.97  6.39 1633   22.99   367.1   99305.   0.51   1.02  -7.72  -1.36   -1.55  0.26  0.31  0.35  -1.00   -1.0        -1.  22.64  367.5 111783.
292 21 42 05 0.61 347.69  18.97  6.39 1633   24.23   368.6  110915.   0.67   0.46  -7.70  -1.49   -1.52  0.21  0.46  0.34  -1.00   -1.0        -1.  23.14  366.2 105078.
292 21 42 15 0.61 347.69  18.96  6.39 1633   -1.00    -1.0      -1.  -1.00  -1.00  -7.70  -1.66   -1.41  0.21  0.59  0.30  -1.00   -1.0        -1.  23.09  366.2 104808.
292 21 42 35 0.61 347.69  18.96  6.39 1633   23.51   367.2  106108.   0.92   0.45  -7.56  -2.45   -1.38  0.22  0.37  0.31  -1.00   -1.0        -1.  23.26  367.8 124841.
292 21 43 16 0.61 347.69  18.95  6.39 1633   24.98   367.3  109960.   0.27   0.59  -7.07  -3.27   -1.80  0.26  0.34  0.30  -1.00   -1.0        -1.  22.21  365.1  96560.
292 21 43 56 0.61 347.69  18.95  6.39 1633   24.63   367.3   93208.   0.04   0.38  -6.97  -3.24   -2.00  0.27  0.36  0.38  -1.00   -1.0        -1.  22.71  365.7  83112.
292 21 44 06 0.61 347.69  18.95  6.39 1633   24.30   367.3  109210.   0.00   0.00  -6.90  -3.39   -2.09  0.24  0.35  0.29  -1.00   -1.0        -1.  22.03  365.2  95229.
292 21 44 47 0.61 347.69  18.94  6.39 1633   24.01   368.1   89053.  -0.17   0.32  -6.74  -3.50   -1.97  0.29  0.62  0.59  -1.00   -1.0        -1.  22.53  366.7  78116.
292 21 45 27 0.61 347.69  18.94  6.39 1633   24.84   367.1  107569.   0.46   0.43  -6.96  -2.41   -1.22  0.71  0.77  0.65  -1.00   -1.0        -1.  23.32  365.7 100507.
292 21 46 08 0.61 347.69  18.93  6.39 1633   26.02   370.0   74114.  -0.28  -0.19  -4.19  -3.65   -2.59  1.45  1.38  2.00  -1.00   -1.0        -1.  24.46  368.6  67444.
292 21 46 48 0.61 347.69  18.92  6.39 1633   25.60   369.0   64752.  -0.30  -0.38  -4.33  -4.71   -3.10  0.50  0.67  0.57   1.15  359.5    174507.  24.27  368.9  68718.
292 21 47 29 0.61 347.69  18.92  6.39 1633   25.15   369.7   65037.  -0.63  -0.90  -4.49  -4.47   -3.95  0.54  0.55  0.51   1.12  364.8    129821.  23.13  369.1  61029.
292 21 48 09 0.61 347.69  18.91  6.39 1633   24.16   369.0   62968.  -0.80  -0.46  -4.25  -4.87   -3.59  0.56  0.39  0.51   1.07  364.7    140139.  23.38  369.7  64047.
292 21 48 50 0.61 347.69  18.91  6.39 1633   24.95   368.7   66947.  -0.61  -0.33  -4.76  -4.62   -3.52  0.32  0.35  0.37   1.23  360.0    176313.  23.19  367.9  64319.
292 21 49 30 0.61 347.69  18.90  6.39 1633   23.48   365.2   67068.  -0.34  -0.55  -5.06  -4.36   -3.76  0.51  0.34  0.28   1.10  358.3    142958.  22.81  365.8  70076.
292 21 50 11 0.61 347.69  18.90  6.39 1633   26.92   369.0   72093.  -0.04  -0.58  -3.38  -4.70   -3.88  1.58  1.44  0.30  -1.00   -1.0        -1.  24.24  368.4  64456.
292 21 50 51 0.61 347.69  18.89  6.39 1633   24.70   371.1   52212.  -0.60  -0.61  -3.03  -5.35   -4.06  0.51  0.45  0.39   1.24  361.9    175378.  24.06  370.7  60801.
292 21 51 32 0.61 347.69  18.88  6.39 1633   25.76   373.9   58079.  -0.42  -1.08  -2.30  -4.44   -5.04  0.56  0.52  0.49   1.10  372.2    139463.  23.36  374.4  49341.
292 21 52 12 0.61 347.69  18.88  6.39 1633   24.89   371.0   54938.  -0.52  -0.35  -3.21  -4.81   -4.48  0.73  0.77  0.75   1.11  359.7    166035.  24.82  370.6  62945.
292 21 52 53 0.61 347.69  18.87  6.39 1633   25.83   370.0   60148.  -0.31  -1.06  -3.33  -4.74   -4.30  0.51  0.71  0.70   1.03  366.3    153665.  24.32  370.4  56403.
292 21 53 33 0.61 347.69  18.87  6.39 1633   24.64   371.3   51563.  -0.53  -0.43  -3.45  -5.09   -4.06  0.27  0.34  0.40   1.18  363.6    142516.  24.55  371.3  61968.
292 21 54 14 0.61 347.69  18.86  6.39 1633   25.84   370.0   61107.  -0.67  -0.60  -3.67  -5.02   -4.26  0.28  0.23  0.22   1.08  368.2    132498.  23.85  369.0  58043.
292 21 54 54 0.61 347.69  18.86  6.39 1633   24.98   368.1   58781.  -0.42  -0.68  -4.38  -4.97   -4.49  0.28  0.33  0.28   1.19  362.1    149364.  24.18  368.4  62416.
292 21 55 35 0.61 347.69  18.85  6.39 1633   24.97   369.5   60931.  -0.51  -0.90  -3.80  -4.79   -4.87  0.22  0.22  0.28   0.99  367.6    151157.  24.85  368.2  59470.
292 21 56 15 0.61 347.69  18.84  6.39 1633   25.08   368.3   56137.  -0.75  -0.87  -3.87  -5.45   -4.59  0.27  0.24  0.29   1.22  360.9    157706.  24.12  368.5  60265.
292 21 56 56 0.61 347.69  18.84  6.39 1633   25.16   367.8   64040.  -0.80  -0.86  -4.09  -5.62   -4.20  0.68  0.57  0.39   1.01  365.4    136032.  23.13  367.2  59989.
292 21 57 36 0.61 347.69  18.83  6.39 1633   24.61   373.8   54925.  -0.10  -0.80  -2.01  -4.73   -5.95  0.30  0.28  0.34   1.17  366.6    139268.  24.05  372.7  59047.
292 21 58 17 0.61 347.70  18.83  6.39 1633   24.35   373.1   66629.  -0.28  -1.17  -4.97  -3.34   -1.57  2.49  1.40  3.83   1.04  368.5    156082.  22.52  372.5  61838.
292 21 58 57 0.61 347.70  18.82  6.39 1633   25.25   368.4   98305.   0.75   1.67  -7.41  -1.81    3.77  0.40  0.36  0.77  -1.00   -1.0        -1.  23.18  365.7  95930.
292 21 59 38 0.61 347.70  18.81  6.39 1633   24.74   366.2   86922.   0.67   1.76  -6.99  -1.46    4.70  0.20  0.27  0.29  -1.00   -1.0        -1.  23.01  364.6  78593.
292 22 00 18 0.61 347.70  18.81  6.39 1633   25.38   366.7   95982.   0.47   1.64  -5.63  -0.99    5.79  0.94  0.86  0.93   1.30  358.7    151833.  23.85  364.9  92250.
292 22 00 59 0.61 347.70  18.80  6.39 1633   23.46   370.0   77352.   0.54   2.17  -5.99  -1.37    5.53  0.57  0.31  0.66  -1.00   -1.0        -1.  22.90  368.1  73850.
292 22 01 39 0.61 347.70  18.80  6.39 1633   26.90   370.0   86058.  -0.41  -1.95  -4.74  -3.62   -3.64  0.99  1.17  1.98   1.06  364.3    169141.  25.11  369.8  74841.
292 22 02 20 0.61 347.70  18.79  6.39 1633   25.30   369.8   64998.  -0.22  -1.49  -4.18  -3.78   -5.31  0.29  0.24  0.60   1.23  366.6    149637.  23.39  369.2  61022.
292 22 03 00 0.61 347.70  18.79  6.39 1633   23.67   373.3   53427.   0.28  -0.70  -4.17  -3.70   -6.30  0.40  0.31  0.35   1.18  365.2    155497.  22.96  373.4  58424.
292 22 03 41 0.61 347.70  18.78  6.39 1633   24.19   372.4   65586.   0.36  -0.71  -4.59  -4.01   -5.74  0.26  0.35  0.42   0.97  370.2    151066.  22.67  371.7  59343.
292 22 04 21 0.61 347.70  18.77  6.39 1633   25.04   368.2   70732.  -0.28  -0.53  -5.64  -4.25   -3.02  0.57  0.85  1.27  -1.00   -1.0        -1.  23.98  368.6  71070.
292 22 05 02 0.61 347.70  18.77  6.39 1633   25.77   372.6   71518.   0.32  -1.55  -3.38  -2.97   -5.38  1.63  1.12  2.46   1.26  372.1    147727.  24.15  372.2  65210.
292 22 05 42 0.61 347.70  18.76  6.39 1633   24.27   374.4   52141.   0.36  -1.43  -2.48  -2.30   -7.46  0.27  0.28  0.49   1.09  369.1    169284.  23.31  373.0  58651.
292 22 06 23 0.61 347.70  18.76  6.39 1633   25.03   376.8   57429.   0.73  -1.34  -2.23  -2.04   -7.82  0.28  0.31  0.35   1.15  373.9    147818.  23.60  375.6  51537.
292 22 07 03 0.61 347.70  18.75  6.39 1633   24.08   375.8   49510.   0.54  -0.70  -2.89  -1.90   -7.90  0.34  0.55  0.40   1.10  366.1    205731.  22.97  374.2  55971.
292 22 07 44 0.61 347.70  18.74  6.39 1633   24.11   373.7   59856.   0.15  -0.76  -2.91  -2.97   -7.45  0.25  0.64  0.44   1.15  369.1    119426.  22.68  373.7  50094.
292 22 08 24 0.61 347.70  18.74  6.39 1633   24.32   375.9   51024.   0.39  -1.05  -1.90  -3.09   -7.26  1.48  0.68  0.39   1.26  373.7    241179.  23.81  375.1  54347.
292 22 09 05 0.61 347.70  18.73  6.39 1633   24.28   377.0   60555.   0.36  -0.75  -2.71  -3.67   -7.07  0.46  0.59  0.33   1.15  372.6    147714.  22.33  376.2  48720.
292 22 09 45 0.61 347.70  18.73  6.39 1633   24.33   375.0   51725.   0.23  -0.54  -3.11  -4.31   -6.75  0.34  0.32  0.37   1.20  368.8    185448.  23.57  374.4  62682.
292 22 10 26 0.61 347.70  18.72  6.38 1633   24.94   375.3   63920.  -0.07  -0.98  -2.89  -4.46   -5.86  1.13  1.09  1.06   0.98  373.0    187306.  23.25  375.1  52024.
292 22 11 06 0.61 347.70  18.72  6.38 1633   24.04   372.1   63494.   0.27  -0.96  -4.29  -3.39   -6.11  0.40  0.46  0.48   1.09  364.4    159096.  23.47  371.9  66087.
292 22 11 47 0.61 347.70  18.71  6.38 1633   25.25   372.3   67870.   0.50  -1.05  -4.41  -2.54   -6.04  0.21  0.35  0.43   1.20  367.5    142049.  23.22  371.0  63891.
292 22 12 27 0.61 347.70  18.70  6.38 1633   24.57   371.7   62815.   0.33  -0.99  -4.08  -2.74   -6.25  0.58  0.49  0.48   1.14  362.7    172038.  23.96  371.9  65005.
292 22 13 08 0.61 347.70  18.70  6.38 1633   24.45   371.1   69277.  -0.06  -0.95  -4.61  -3.17   -5.60  0.32  0.73  0.64   1.17  367.8    158577.  23.43  369.2  68409.
292 22 13 48 0.61 347.70  18.69  6.38 1633   23.87   374.5   55136.   0.80  -0.96  -3.89  -1.67   -6.88  0.27  0.33  0.53   1.10  366.8    145492.  23.99  373.5  61688.
292 22 14 29 0.61 347.70  18.69  6.38 1633   24.46   374.1   63170.   1.06  -1.24  -3.88  -0.93   -6.52  0.50  0.61  0.54   1.06  371.0    161695.  22.36  373.7  52677.
292 22 15 09 0.61 347.71  18.68  6.38 1633   24.68   376.1   52401.   1.19  -0.92  -3.58  -0.19   -7.33  0.24  0.26  0.24   1.14  366.7    146025.  24.43  375.0  61367.
292 22 15 50 0.61 347.71  18.67  6.38 1633   25.09   376.1   61042.   1.02  -0.96  -4.53  -1.27   -5.38  1.53  1.53  2.71   1.20  372.4    164723.  23.18  374.9  53044.
292 22 16 30 0.61 347.71  18.67  6.38 1633   24.64   367.8   93929.  -0.30   1.45  -7.06  -4.04    2.77  0.25  0.26  0.54   1.13  356.3    139398.  22.93  367.6  78840.
292 22 17 11 0.61 347.71  18.66  6.38 1633   24.91   367.1   90440.  -0.08   0.94  -7.29  -3.71    2.13  0.15  0.26  0.22  -1.00   -1.0        -1.  23.80  368.0  97675.
292 22 17 51 0.61 347.71  18.66  6.38 1633   25.45   367.3  101787.   0.07   1.06  -7.27  -3.53    2.40  0.19  0.19  0.25  -1.00   -1.0        -1.  23.71  365.6  91451.
292 22 18 32 0.61 347.71  18.65  6.38 1633   26.34   366.1   89921.   0.08   0.99  -7.50  -3.15    2.55  0.20  0.29  0.20  -1.00   -1.0        -1.  23.45  363.5  81189.
292 22 19 12 0.61 347.71  18.65  6.38 1633   26.13   366.9   96690.   0.10   1.29  -7.65  -2.44    3.01  0.22  0.46  0.48  -1.00   -1.0        -1.  23.97  366.1  89895.
292 22 19 53 0.61 347.71  18.64  6.38 1633   25.93   366.6   94452.   0.34   1.08  -7.35  -2.72    3.53  0.17  0.24  0.25  -1.00   -1.0        -1.  23.89  363.6  84093.
292 22 20 33 0.61 347.71  18.63  6.38 1633   24.99   367.1   96538.   0.35   1.37  -6.94  -2.50    4.29  0.21  0.59  0.51   1.21  357.4    159811.  23.48  365.5  87319.
292 22 21 14 0.61 347.71  18.63  6.38 1633   25.09   366.0   87481.   0.16   1.48  -6.85  -2.87    4.34  0.16  0.21  0.20  -1.00   -1.0        -1.  22.93  365.1  75306.
292 22 21 54 0.61 347.71  18.62  6.38 1633   25.56   367.3   95833.   0.41   1.54  -6.69  -2.54    4.72  0.17  0.21  0.30  -1.00   -1.0        -1.  23.00  365.8  85867.
292 22 22 35 0.61 347.71  18.62  6.38 1633   25.25   366.0   88270.   0.43   1.74  -6.90  -2.61    4.49  0.21  0.23  0.21  -1.00   -1.0        -1.  24.00  365.0  81868.
292 22 23 15 0.61 347.71  18.61  6.38 1633   26.03   368.6   92558.   0.32   1.63  -6.50  -3.17    4.73  0.25  0.31  0.20   1.16  358.8    150962.  24.22  368.2  79964.
292 22 23 56 0.61 347.71  18.60  6.38 1633   24.93   369.1   76797.  -0.04   1.54  -5.72  -3.10    5.70  0.68  0.67  0.91  -1.00   -1.0        -1.  23.75  366.4  75416.
292 22 24 36 0.61 347.71  18.60  6.38 1633   25.19   369.3   90395.   0.34   1.64  -6.16  -2.90    5.09  0.88  0.58  0.78   1.33  356.5    143543.  23.53  368.7  77687.
292 22 25 17 0.61 347.71  18.59  6.38 1633   24.94   368.7   79272.   0.33   1.47  -6.38  -2.64    5.07  0.34  0.29  0.52  -1.00   -1.0        -1.  23.80  365.7  76004.
292 22 25 57 0.61 347.71  18.59  6.38 1633   24.92   367.2   73717.   0.13   1.56  -6.56  -2.65    4.21  0.48  0.56  0.86  -1.00   -1.0        -1.  24.50  365.5  85308.
292 22 26 38 0.61 347.71  18.58  6.38 1633   25.15   366.9   87127.   0.12   1.70  -6.64  -2.92    3.80  0.57  0.49  0.79  -1.00   -1.0        -1.  24.61  365.0  82420.
292 22 27 18 0.61 347.71  18.58  6.38 1633   25.99   368.2   93422.   0.01   1.78  -6.59  -3.19    3.77  0.25  0.33  0.32  -1.00   -1.0        -1.  23.94  368.5  83645.
292 22 27 59 0.61 347.71  18.57  6.38 1633   23.17   366.6  103733.   1.03  -0.13  -6.40  -2.01    1.54  1.32  1.56  2.99  -1.00   -1.0        -1.  21.50  363.9  86130.
292 22 28 39 0.61 347.71  18.56  6.38 1633   25.50   372.1   86981.   0.15   1.63  -4.34  -3.49    5.15  0.47  0.61  0.68   1.02  366.6    145882.  23.17  371.4  73639.
292 22 29 20 0.61 347.71  18.56  6.38 1633   25.07   367.9   78073.   0.11   1.19  -5.87  -3.96    4.41  0.31  0.39  0.34  -1.00   -1.0        -1.  23.07  365.4  72535.
292 22 30 00 0.61 347.71  18.55  6.38 1633   25.36   367.6   72561.  -0.02   1.19  -5.56  -4.10    4.88  0.41  0.46  0.42  -1.00   -1.0        -1.  23.74  367.5  74818.
292 22 30 41 0.61 347.71  18.55  6.38 1633   24.84   368.4   74461.   0.13   1.52  -5.51  -3.68    5.42  0.38  0.43  0.39  -1.00   -1.0        -1.  23.20  366.6  70453.
292 22 31 21 0.61 347.71  18.54  6.38 1633   25.43   366.9   72574.   0.24   1.51  -4.78  -4.10    5.56  0.78  0.52  0.45   1.24  358.4    171765.  23.92  367.9  70560.
292 22 32 02 0.61 347.72  18.54  6.38 1633   25.62   370.0   74702.   0.01   1.77  -4.58  -4.15    5.81  0.32  0.29  0.28   0.99  366.1    132966.  24.22  369.0  70469.
292 22 32 42 0.61 347.72  18.53  6.38 1633   24.59   369.8   65817.  -0.07   1.75  -4.03  -4.72    6.14  0.31  0.26  0.19   1.05  363.7    158031.  23.74  370.3  65011.
292 22 33 23 0.61 347.72  18.52  6.38 1633   25.56   371.1   66857.  -0.18   1.67  -4.00  -4.92    6.10  0.40  0.28  0.35   1.11  368.3    170973.  23.12  370.2  63576.
292 22 34 03 0.61 347.72  18.52  6.38 1633   25.80   368.7   65807.  -0.33   1.52  -4.57  -4.88    5.49  0.26  0.24  0.25   1.21  359.0    160669.  23.95  369.7  69381.
292 22 34 44 0.61 347.72  18.51  6.38 1633   24.92   368.4   70440.  -0.16   1.50  -4.76  -4.88    5.38  0.30  0.36  0.36   1.02  365.5    158278.  23.41  367.7  68045.
292 22 35 24 0.61 347.72  18.51  6.38 1633   25.00   368.0   69874.  -0.12   1.25  -5.26  -4.69    5.00  0.23  0.36  0.36   1.25  358.1    175261.  24.10  369.2  69624.
292 22 36 05 0.61 347.72  18.50  6.38 1633   25.67   369.0   71823.   0.02   1.65  -5.25  -4.21    5.42  0.21  0.27  0.26  -1.00   -1.0        -1.  23.78  367.6  67376.
292 22 36 45 0.61 347.72  18.49  6.38 1633   25.36   367.4   71161.   0.01   1.18  -5.55  -4.20    4.83  0.46  0.60  0.89   1.21  359.7    159174.  23.82  367.7  76293.
292 22 37 26 0.61 347.72  18.49  6.38 1633   25.93   368.2   73444.  -0.27   1.08  -5.68  -4.66    4.22  0.39  0.21  0.39  -1.00   -1.0        -1.  24.60  367.5  68429.
292 22 38 06 0.61 347.72  18.48  6.38 1633   25.71   367.0   71927.  -0.26   1.09  -5.49  -4.84    4.38  0.69  0.57  0.51   1.26  358.8    165074.  24.87  368.2  71336.
292 22 38 47 0.61 347.72  18.48  6.38 1633   25.66   366.3   85646.   0.05   1.15  -6.33  -4.09    4.08  0.26  0.24  0.31  -1.00   -1.0        -1.  24.70  364.9  79110.
292 22 39 27 0.61 347.72  18.47  6.38 1633   25.79   363.3   77057.   0.17   1.05  -6.68  -4.11    3.33  0.27  0.35  0.26   1.19  355.1    148390.  24.84  364.3  88784.
292 22 40 08 0.61 347.72  18.47  6.38 1633   25.35   363.4   90518.   0.39   0.76  -7.10  -3.56    3.18  0.19  0.38  0.32  -1.00   -1.0        -1.  23.97  362.0  78980.
292 22 40 48 0.61 347.72  18.46  6.38 1633   25.26   363.3   78518.   0.25   0.89  -7.16  -3.32    3.49  0.27  0.63  0.44  -1.00   -1.0        -1.  24.57  362.7  87484.
292 22 41 29 0.61 347.72  18.45  6.38 1633   26.08   363.2   93241.   0.57   0.54  -7.20  -3.61    3.05  0.22  0.31  0.26  -1.00   -1.0        -1.  24.21  360.7  84083.
292 22 42 09 0.61 347.72  18.45  6.38 1633   25.57   362.8   77986.   0.38   0.80  -6.59  -4.48    3.52  0.33  0.40  0.39  -1.00   -1.0        -1.  24.74  363.2  87676.
292 22 42 50 0.61 347.72  18.44  6.38 1633   25.33   364.6   84203.  -0.19   0.90  -6.23  -4.39    4.24  0.42  0.54  0.62  -1.00   -1.0        -1.  24.28  363.5  73604.
292 22 43 30 0.61 347.72  18.44  6.38 1633   25.45   364.5   73256.   0.11   1.24  -6.12  -4.71    4.31  0.25  0.41  0.34   1.16  355.4    149221.  24.15  366.7  72496.
292 22 44 11 0.61 347.72  18.43  6.38 1633   25.16   366.2   81540.  -0.23   1.06  -6.14  -4.98    3.86  0.24  0.30  0.30  -1.00   -1.0        -1.  24.17  366.0  74227.
292 22 44 51 0.61 347.72  18.43  6.38 1633   25.74   366.3   71940.  -0.05   1.14  -6.15  -4.72    4.10  0.30  0.37  0.35   1.16  357.6    164476.  24.56  364.8  79087.
292 22 50 55 0.61 347.73  18.37  6.38 1633   26.77   364.8   82293.  -0.44   1.15  -5.90  -4.91    4.36  0.52  0.59  0.83  -1.00   -1.0        -1.  25.33  362.8  71450.
292 22 51 36 0.61 347.73  18.37  6.38 1633   26.16   367.0   64485.  -0.07   1.89  -5.02  -4.59    5.50  0.41  0.34  0.49   1.18  358.9    153340.  24.43  367.7  65726.
292 22 52 17 0.61 347.73  18.36  6.38 1633   25.84   366.9   71807.  -0.31   1.53  -5.53  -4.71    5.11  0.27  0.26  0.20   1.02  364.8    141451.  24.54  366.1  67997.
292 22 52 57 0.61 347.73  18.36  6.38 1633   26.43   367.0   68971.   0.01   1.80  -5.28  -4.53    5.37  0.32  0.37  0.25   1.20  359.3    174936.  24.74  368.0  70959.
292 22 53 38 0.61 347.73  18.35  6.38 1633   25.90   368.4   78687.  -0.23   2.08  -6.46  -4.37    3.86  0.21  0.16  0.23  -1.00   -1.0        -1.  25.04  365.4  76001.
292 22 54 18 0.61 347.73  18.34  6.38 1633   26.86   366.8   72765.  -0.07   2.14  -6.75  -4.81    4.06  0.30  0.46  0.52   1.23  358.3    164359.  24.83  367.8  72739.
292 22 54 59 0.61 347.73  18.34  6.38 1633   25.19   367.6   78236.  -0.31   2.10  -6.99  -5.04    3.50  0.41  0.37  0.38  -1.00   -1.0        -1.  24.25  365.0  76147.
292 22 55 39 0.61 347.73  18.33  6.38 1633   25.85   362.6   77934.  -0.39   1.29  -7.56  -5.08    1.95  0.34  0.55  0.29  -1.00   -1.0        -1.  24.89  362.5  91457.
292 22 56 20 0.61 347.73  18.33  6.38 1633   25.83   363.8   99523.   0.07   0.09  -7.89  -4.43   -0.80  0.23  0.66  0.88  -1.00   -1.0        -1.  23.87  362.0  86195.
292 22 57 00 0.61 347.73  18.32  6.38 1633   26.34   364.4   98487.  -0.57   0.74  -7.90  -5.02    0.46  0.22  0.31  0.24  -1.00   -1.0        -1.  24.07  363.2  92646.
292 22 57 41 0.61 347.73  18.32  6.38 1633   24.82   365.2   84567.  -0.68   1.08  -7.35  -5.55    0.75  0.53  0.54  0.71  -1.00   -1.0        -1.  24.68  362.8  78294.
292 22 58 21 0.61 347.73  18.31  6.38 1633   25.66   362.3   79197.  -0.36   1.35  -7.43  -5.58    1.10  0.37  0.52  0.43  -1.00   -1.0        -1.  24.55  363.3  86146.
292 22 59 02 0.61 347.73  18.30  6.38 1633   26.15   364.7   86321.  -0.59   1.01  -7.46  -5.52    1.18  0.27  0.45  0.47  -1.00   -1.0        -1.  24.22  363.4  76573.
292 22 59 42 0.61 347.73  18.30  6.38 1633   25.76   363.3   74854.  -0.60   0.89  -6.89  -6.04    0.07  0.27  0.38  0.37   1.20  354.8    142386.  26.29  363.9  87640.
292 23 00 23 0.61 347.73  18.29  6.38 1633   25.79   367.0   76352.  -0.66   0.77  -6.44  -6.35    0.60  0.21  0.22  0.18  -1.00   -1.0        -1.  24.24  364.7  72012.
292 23 01 03 0.61 347.73  18.29  6.38 1633   25.64   365.9   72398.  -0.80   0.60  -6.66  -6.31    0.75  0.30  0.33  0.44   1.10  356.2    154406.  24.52  367.3  76316.
292 23 01 44 0.61 347.73  18.28  6.38 1633   25.53   365.1   82901.  -0.72   1.21  -6.57  -6.47    1.45  0.25  0.28  0.28  -1.00   -1.0        -1.  23.98  364.8  72291.
292 23 02 24 0.61 347.73  18.28  6.38 1633   25.47   363.6   73035.  -0.89   1.05  -7.20  -5.95    0.98  0.25  0.26  0.22  -1.00   -1.0        -1.  23.88  364.9  80253.
292 23 03 05 0.61 347.73  18.27  6.38 1633   25.87   363.4   85357.  -0.53   0.80  -7.47  -5.64    0.82  0.20  0.24  0.23  -1.00   -1.0        -1.  24.50  362.6  77001.
292 23 03 45 0.61 347.73  18.26  6.38 1633   25.27   363.4   75475.  -0.64   1.08  -7.30  -5.52    0.85  0.43  0.50  0.73  -1.00   -1.0        -1.  24.63  363.5  85928.
292 23 04 26 0.61 347.73  18.26  6.38 1633   25.43   364.4   91659.  -0.46   0.59  -7.51  -4.99    0.53  0.29  0.55  0.90  -1.00   -1.0        -1.  24.07  362.6  79870.
292 23 05 06 0.61 347.73  18.25  6.38 1633   26.23   363.7  103447.   0.13   0.96  -8.09  -3.53    1.53  0.18  0.37  0.44  -1.00   -1.0        -1.  24.87  361.6 103847.
292 23 05 47 0.61 347.73  18.25  6.38 1633   25.98   363.1  100696.   0.36   1.25  -8.18  -2.74    1.66  0.16  0.32  0.23  -1.00   -1.0        -1.  24.48  360.0  87445.
292 23 06 27 0.61 347.73  18.24  6.38 1633   25.92   362.8  105153.   0.24   1.23  -8.14  -3.23    1.07  0.21  0.61  0.58  -1.00   -1.0        -1.  24.50  360.4  99270.
292 23 07 08 0.61 347.74  18.24  6.38 1633   27.32   362.8   96138.   0.05   0.70  -7.85  -4.07   -0.73  0.30  0.49  0.58  -1.00   -1.0        -1.  25.32  361.4  83651.
292 23 07 48 0.61 347.74  18.23  6.38 1633   25.63   363.8  106910.   0.09   0.80  -7.96  -3.84   -0.82  0.26  0.54  0.39  -1.00   -1.0        -1.  24.78  361.9  93455.
292 23 08 29 0.61 347.74  18.22  6.38 1633   26.42   363.4   91727.   0.12   0.04  -7.45  -3.82   -2.40  0.31  0.32  0.42  -1.00   -1.0        -1.  24.32  361.4  85093.
292 23 09 09 0.61 347.74  18.22  6.38 1633   26.00   365.5  105676.  -0.02   0.09  -7.56  -4.07   -1.43  0.27  0.41  0.44  -1.00   -1.0        -1.  25.39  362.8 100358.
292 23 09 50 0.61 347.74  18.21  6.38 1633   26.08   369.2   67698.  -0.66  -0.49  -4.53  -5.77   -4.75  0.69  0.50  0.51   1.12  364.5    138605.  23.57  369.1  61640.
292 23 10 30 0.61 347.74  18.21  6.38 1633   25.72   366.7   65629.  -0.70  -0.77  -5.04  -5.95   -4.78  0.19  0.17  0.20   1.03  358.4    152639.  25.27  367.3  65603.
292 23 11 11 0.61 347.74  18.20  6.38 1633   25.98   366.6   70280.  -0.69  -0.54  -5.74  -5.68   -4.43  0.45  0.37  0.32  -1.00   -1.0        -1.  25.08  365.6  66717.
292 23 11 51 0.61 347.74  18.19  6.38 1633   26.61   363.8   65931.  -0.60  -0.51  -4.85  -5.56   -5.22  0.47  0.50  0.55   1.17  354.4    134681.  23.56  363.0  54486.
292 23 12 32 0.61 347.74  18.19  6.38 1633   25.60   368.1   72684.  -0.50  -1.01  -4.98  -5.61   -4.87  0.21  0.29  0.24   0.86  365.8    148870.  24.51  366.6  67025.
292 23 13 12 0.61 347.74  18.18  6.38 1633   26.62   367.7   66217.  -0.72  -0.69  -4.80  -5.94   -4.65  0.39  0.36  0.30   1.18  358.7    146246.  24.75  369.1  67341.
292 23 13 53 0.61 347.74  18.18  6.38 1633   25.59   367.8   69368.  -0.62  -0.68  -4.83  -6.10   -4.46  0.70  0.27  0.29  -1.00   -1.0        -1.  24.68  366.8  67704.
292 23 14 23 0.61 347.71  18.15  6.26 1633   -1.00    -1.0      -1.  -1.00  -1.00  -5.31  -6.10   -4.45  0.42  0.30  0.29  -1.00   -1.0        -1.  -1.00   -1.0     -1.
292 23 14 33 0.61 347.71  18.14  6.26 1633   -1.00    -1.0      -1.  -1.00  -1.00  -5.09  -6.11   -4.64  0.57  0.30  0.43  -1.00   -1.0        -1.  -1.00   -1.0     -1.
292 23 14 33 0.61 347.74  18.17  6.38 1633   26.28   363.3   66847.  -0.66  -0.63   0.00   0.00    0.00  0.00  0.00  0.00   0.99  357.5    163008.  25.46  363.7  75835.
292 23 14 43 0.61 347.71  18.14  6.26 1633   -1.00    -1.0      -1.  -1.00  -1.00  -4.84  -6.10   -4.88  0.58  0.30  0.47  -1.00   -1.0        -1.  -1.00   -1.0     -1.
292 23 14 53 0.61 347.71  18.14  6.26 1633   -1.00    -1.0      -1.  -1.00  -1.00  -4.39  -6.08   -5.26  0.34  0.29  0.23  -1.00   -1.0        -1.  -1.00   -1.0     -1.
292 23 16 09 0.61 347.71  18.13  6.26 1633   -1.00    -1.0      -1.  -1.00  -1.00  -6.13  -5.67   -2.15  0.27  0.42  0.30  -1.00   -1.0        -1.  -1.00   -1.0     -1.
292 23 20 02 0.61 347.74  18.12  6.38 1633   27.68   365.8   70381.  -0.58  -0.81  -5.55  -5.89   -3.16  0.51  0.77  0.70   1.21  357.5    143309.  26.17  366.6  76033.
292 23 20 43 0.61 347.74  18.12  6.38 1633   26.02   368.0   73288.  -0.86   0.01  -5.24  -6.30   -2.71  0.34  0.46  0.37  -1.00   -1.0        -1.  24.44  367.2  67003.
292 23 21 23 0.61 347.74  18.11  6.38 1633   25.90   366.9   70641.  -0.72  -0.38  -5.47  -5.62   -3.77  0.62  0.60  0.54   1.09  359.2    173624.  24.28  368.6  75293.
292 23 22 04 0.61 347.74  18.11  6.38 1633   26.63   366.2   81263.  -0.38  -0.71  -5.73  -5.06   -4.17  0.41  0.43  0.39  -1.00   -1.0        -1.  25.97  365.6  74770.
292 23 22 44 0.61 347.74  18.10  6.38 1633   26.05   366.1   72051.   0.06  -0.61  -5.55  -5.41   -3.90  0.38  0.37  0.43  -1.00   -1.0        -1.  25.16  365.0  84970.
292 23 23 25 0.61 347.74  18.10  6.38 1633   27.13   365.8   76024.  -0.40  -0.86  -5.05  -5.34   -4.47  0.57  0.40  0.41  -1.00   -1.0        -1.  24.58  366.6  68143.
292 23 24 05 0.61 347.75  18.09  6.38 1633   26.28   362.9   78860.  -0.34  -0.40  -6.78  -4.73   -2.98  0.71  0.57  0.47  -1.00   -1.0        -1.  25.98  363.2  88930.
292 23 24 46 0.61 347.75  18.08  6.38 1633   26.53   363.5   89791.  -0.22  -0.36  -7.45  -4.19   -2.66  0.23  0.33  0.19  -1.00   -1.0        -1.  24.50  362.4  81419.
292 23 25 26 0.61 347.75  18.08  6.38 1633   26.86   363.4  100088.  -0.04  -0.34  -7.43  -3.92   -3.10  0.22  0.23  0.26   1.17  356.4    136266.  24.07  362.8  91246.
292 23 26 07 0.61 347.75  18.07  6.38 1633   26.30   363.0   98292.   0.15  -0.38  -7.47  -3.78   -3.00  0.17  0.29  0.32  -1.00   -1.0        -1.  25.08  361.2  84479.
292 23 26 47 0.61 347.75  18.07  6.38 1633   26.67   364.3  100221.   0.04  -0.62  -7.43  -3.67   -3.39  0.16  0.22  0.18  -1.00   -1.0        -1.  24.60  362.7  91376.
292 23 27 28 0.61 347.75  18.06  6.38 1633   26.17   363.6   96125.  -0.03  -0.48  -7.24  -3.53   -3.53  0.23  0.19  0.17  -1.00   -1.0        -1.  25.21  362.6  80354.
292 23 28 08 0.61 347.75  18.05  6.38 1633   27.42   365.4   97129.  -0.24  -0.40  -7.27  -3.53   -3.38  0.38  0.40  0.48  -1.00   -1.0        -1.  25.64  364.2  93176.
292 23 30 10 0.61 347.75  18.04  6.38 1633   26.09   362.8   94043.  -0.06  -0.16  -6.90  -3.56   -1.81  0.94  0.62  1.34  -1.00   -1.0        -1.  24.07  361.4  80945.
292 23 30 50 0.61 347.75  18.03  6.38 1633   26.55   364.0   71203.   0.09  -1.01  -6.05  -3.44   -3.58  0.42  0.32  0.29   1.19  357.9    160708.  25.85  363.4  80646.
292 23 31 31 0.61 347.75  18.03  6.38 1633   26.98   363.8   80325.   0.11  -1.43  -6.22  -3.16   -3.74  0.42  0.39  0.35   1.39  357.7    192413.  25.48  362.5  67786.
292 23 32 11 0.61 347.75  18.02  6.38 1633   27.01   365.6   70306.   0.27  -1.79  -5.70  -2.62   -4.27  1.00  0.66  1.01   1.21  359.6    165282.  25.21  365.9  70842.
292 23 32 52 0.61 347.75  18.01  6.38 1633   26.54   360.1  100689.  -0.22   0.60  -6.26  -2.45   -2.22  2.43  1.08  3.24  -1.00   -1.0        -1.  24.70  360.2  89511.
292 23 33 32 0.61 347.75  18.01  6.38 1633   26.87   367.1   65339.   0.64  -2.10  -4.02  -0.71   -6.30  0.25  0.30  0.38   1.31  361.1    165788.  25.42  366.7  63267.
292 23 34 13 0.61 347.75  18.00  6.38 1633   27.45   364.2   74682.   0.52  -1.90  -5.12  -0.74   -5.74  0.51  0.22  0.44   1.45  357.4    198806.  26.12  362.9  70085.
292 23 34 53 0.61 347.75  18.00  6.38 1633   26.14   363.0   71024.   0.58  -1.77  -5.70  -0.56   -5.37  0.47  0.60  0.48   1.20  360.2    155939.  25.31  363.1  75264.
292 23 35 34 0.61 347.75  17.99  6.38 1633   27.52   364.2   82910.   0.69  -1.34  -5.12   0.17   -5.49  0.97  0.93  0.80   1.38  358.4    180822.  26.81  362.9  75712.
292 23 36 14 0.61 347.75  17.98  6.38 1633   27.17   365.6   65921.   1.23  -2.05  -4.11   1.15   -6.23  0.66  0.37  0.46   1.13  360.4    152574.  26.03  366.1  67633.
292 23 36 55 0.61 347.75  17.98  6.38 1633   27.25   368.6   63338.   1.08  -2.07  -4.33   1.03   -6.69  1.32  0.36  0.63   1.11  359.6    193660.  25.76  367.1  64992.
292 23 37 35 0.61 347.75  17.97  6.38 1633   26.03   361.7   68169.   0.00   0.00  -6.06   0.62   -7.43  0.30  0.28  0.30  -1.00   -1.0        -1.  24.41  359.9  63972.
292 23 38 16 0.61 347.75  17.97  6.38 1633   26.73   362.5   88144.   1.02  -1.45  -7.23   0.32   -5.83  0.42  0.41  0.65  -1.00   -1.0        -1.  25.74  360.3  80126.
292 23 38 56 0.61 347.75  17.96  6.38 1633   26.92   361.1   81293.   0.97  -1.17  -8.00   0.31   -4.66  0.43  0.31  0.58  -1.00   -1.0        -1.  26.31  360.2  90638.
292 23 39 37 0.61 347.75  17.96  6.38 1633   26.83   361.3   99003.   1.10  -0.91  -8.58   0.07   -3.51  0.21  0.33  0.39  -1.00   -1.0        -1.  25.14  359.6  87010.
292 23 40 17 0.61 347.75  17.95  6.38 1633   27.31   363.4  115541.   1.12  -0.60  -8.60  -1.68   -0.30  0.35  1.62  2.06  -1.00   -1.0        -1.  26.37  359.7 104136.
292 23 40 58 0.61 347.75  17.94  6.38 1633   26.78   361.6  100731.   0.57   0.58  -8.40  -2.67    1.74  0.26  0.40  0.55  -1.00   -1.0        -1.  24.60  359.0  95177.
292 23 41 38 0.61 347.75  17.94  6.38 1633   27.20   364.1  104756.   0.05   0.85  -8.02  -3.25    1.99  0.18  0.24  0.47  -1.00   -1.0        -1.  25.19  362.3  93897.
292 23 42 19 0.61 347.76  17.93  6.38 1633   26.92   362.9   99945.   0.15   1.02  -7.90  -3.02    2.42  0.22  0.31  0.27  -1.00   -1.0        -1.  25.15  361.4  85067.
292 23 42 59 0.61 347.76  17.93  6.38 1633   26.99   364.7   98877.   0.25   1.68  -7.76  -3.75    1.83  0.28  0.63  0.93   1.18  356.1    156303.  26.02  362.2  94004.
292 23 43 40 0.61 347.76  17.92  6.38 1633   27.11   363.3   92802.  -0.51   0.16  -7.68  -4.29    0.11  0.34  0.57  0.55  -1.00   -1.0        -1.  25.96  362.7  81504.
292 23 44 20 0.61 347.76  17.91  6.38 1633   26.41   363.1   76228.  -0.60   0.00  -7.25  -4.90    0.24  0.34  0.75  1.19  -1.00   -1.0        -1.  26.32  364.7  87497.
292 23 45 01 0.61 347.76  17.91  6.38 1633   27.53   362.7   89238.  -0.60   1.02  -6.96  -5.19    1.35  0.33  0.58  0.51  -1.00   -1.0        -1.  25.54  362.7  77385.
292 23 45 41 0.61 347.76  17.90  6.38 1633   26.34   363.0   75855.  -0.84   0.82  -7.18  -5.11    0.66  0.36  0.37  0.65   1.01  356.8    158824.  25.76  364.6  88482.
292 23 46 22 0.61 347.76  17.90  6.38 1633   26.82   363.4   93380.  -0.25  -0.20  -7.14  -5.18    0.25  0.50  0.76  0.62  -1.00   -1.0        -1.  25.36  362.6  82946.
292 23 47 02 0.61 347.76  17.89  6.38 1633   -1.00    -1.0      -1.  -1.00  -1.00  -7.32  -4.31   -1.24  0.53  1.02  1.82  -1.00   -1.0        -1.  24.95  364.5  89349.
292 23 47 43 0.61 347.76  17.89  6.38 1633   26.81   362.2  100238.  -0.02  -0.44  -7.94  -3.46   -1.63  0.23  0.43  0.73  -1.00   -1.0        -1.  24.88  360.8  89297.
292 23 48 23 0.61 347.76  17.88  6.38 1633   26.73   362.5  104172.  -0.21   0.00  -8.15  -3.01   -0.91  0.23  0.49  0.49  -1.00   -1.0        -1.  26.33  360.6 102284.
292 23 49 04 0.61 347.76  17.87  6.38 1633   26.93   359.6  102739.   0.30   0.29  -8.47  -1.97   -1.13  0.20  0.49  0.66  -1.00   -1.0        -1.  24.81  359.5  92893.
292 23 49 44 0.61 347.76  17.87  6.38 1633   26.72   363.0  114131.   0.50  -0.01  -8.47  -1.97   -1.22  0.18  0.42  0.60  -1.00   -1.0        -1.  25.30  359.3 111611.
292 23 50 25 0.61 347.76  17.86  6.38 1633   27.25   359.8  112351.   0.85  -0.14  -8.50  -1.66    1.47  0.16  0.53  0.48  -1.00   -1.0        -1.  25.00  357.6 109395.
292 23 51 05 0.61 347.76  17.86  6.38 1633   27.63   361.4  122288.   0.53   0.75  -8.56  -1.20    2.89  0.16  0.59  0.76  -1.00   -1.0        -1.  26.20  359.7 112462.
292 23 51 46 0.61 347.76  17.85  6.38 1633   26.81   360.5  107784.   0.38   0.57  -8.23  -2.21    2.63  0.30  0.95  0.57  -1.00   -1.0        -1.  25.70  361.1 130393.
292 23 52 26 0.61 347.76  17.85  6.38 1633   27.16   362.2  119160.  -0.22   0.43  -7.90  -2.11    3.39  0.41  1.85  1.77  -1.00   -1.0        -1.  26.25  361.6 109626.
292 23 53 07 0.61 347.76  17.84  6.38 1633   26.82   361.9   97915.  -0.38  -0.07  -7.83  -2.48    0.59  0.35  1.14  1.12  -1.00   -1.0        -1.  24.98  361.1  87072.
292 23 53 47 0.61 347.76  17.83  6.38 1633   26.97   360.1   85785.  -0.30   1.47  -7.64  -3.19    4.35  0.26  0.51  0.57  -1.00   -1.0        -1.  25.40  361.0  96843.
292 23 54 28 0.61 347.76  17.83  6.38 1633   27.07   359.6  104490.   0.49   1.70  -7.84  -2.48    2.97  0.21  0.60  1.21  -1.00   -1.0        -1.  25.28  357.8  96434.
292 23 55 08 0.61 347.76  17.82  6.38 1633   27.11   361.8  119088.   0.38   1.68  -8.31  -1.26    1.58  0.37  0.71  1.07  -1.00   -1.0        -1.  26.05  359.0 106933.
292 23 55 49 0.61 347.76  17.82  6.38 1633   27.08   360.0  109125.   0.64   1.31  -8.29  -1.41    2.18  0.20  0.41  0.34  -1.00   -1.0        -1.  25.33  357.5 101644.
292 23 56 30 0.61 347.76  17.81  6.38 1633   27.05   361.1  127385.   0.83   1.15  -8.47  -1.01    0.79  0.25  0.77  0.96  -1.00   -1.0        -1.  26.22  358.2 114073.
292 23 57 10 0.61 347.76  17.80  6.38 1633   27.10   359.4  113329.   0.80   0.85  -8.39  -0.71    0.48  0.23  0.75  1.41  -1.00   -1.0        -1.  24.94  357.4 108872.
292 23 57 50 0.61 347.76  17.80  6.38 1633   27.73   360.9  123909.   0.42   0.66  -8.05  -1.93    0.19  0.63  1.67  1.72  -1.00   -1.0        -1.  26.34  359.0 108525.
292 23 58 31 0.61 347.76  17.79  6.38 1633   25.74   362.5   97483.  -0.15   1.44  -7.70  -3.22    2.36  0.35  0.67  0.63  -1.00   -1.0        -1.  24.29  360.5  88488.
292 23 59 11 0.61 347.77  17.79  6.38 1633   26.14   358.5   94397.   0.08   1.33  -8.06  -2.47    2.31  0.26  0.37  0.34  -1.00   -1.0        -1.  25.34  359.9 108141.
292 23 59 52 0.61 347.77  17.78  6.38 1633   27.44   361.1  103366.   0.35   1.33  -8.05  -2.08    2.72  0.21  0.45  0.38  -1.00   -1.0        -1.  25.67  358.6  96642.
