273  0 01 53 0.34 207.21   3.51 -4.88 1646  125.54   313.1  208603.   1.96 -11.59  24.39 -15.93   17.53  1.24  2.83  1.20  -1.00   -1.0        -1. 119.45  309.4 231469.
273  0 04 35 0.34 207.22   3.50 -4.88 1646  127.08   319.5  234321.   2.08  -6.06  20.52  -8.53   19.98  1.52  6.31  1.22  -1.00   -1.0        -1. 116.76  315.3 212491.
273  0 07 17 0.34 207.23   3.48 -4.88 1646  126.64   319.5  192273.   3.96  -8.23  18.19 -25.17    9.38  0.23  0.52  0.56  -1.00   -1.0        -1. 117.06  314.6 218475.
273  0 09 59 0.34 207.23   3.46 -4.88 1646  130.68   315.4  240379.   0.82  -3.28  19.29 -12.38   11.83  4.56  4.89  4.42  -1.00   -1.0        -1. 117.18  310.5 234380.
273  0 12 41 0.34 207.24   3.45 -4.88 1646  128.59   325.6  297263.   3.36  -5.06  24.11 -23.62   -1.07  0.53  0.62  1.29  -1.00   -1.0        -1. 114.09  318.1 282645.
273  0 15 23 0.34 207.25   3.44 -4.88 1646  128.41   320.3  244180.   2.42  -6.72  21.31 -26.04    4.52  0.94  0.82  2.04  -1.00   -1.0        -1. 112.44  318.4 253607.
273  0 18 05 0.34 207.26   3.42 -4.88 1646  136.51   315.4  288564.   1.11  -6.78  22.20 -25.19    2.45  2.27  1.59  1.31  -1.00   -1.0        -1. 118.89  312.4 275005.
273  0 20 47 0.34 207.27   3.40 -4.88 1646  129.94   311.1  271701.  -2.26  -5.79  27.07 -19.03    0.46  1.58  2.50  1.03  -1.00   -1.0        -1. 116.00  311.9 295379.
273  0 23 29 0.34 207.28   3.39 -4.88 1646  131.37   310.1  297695.  -0.69  -6.13  23.13 -22.68    4.35  1.67  1.92  1.72  -1.00   -1.0        -1. 118.37  309.4 279965.
273  0 26 11 0.34 207.29   3.37 -4.87 1646  124.91   312.3  265214.   1.06  -3.45  26.96 -19.49    6.63  0.79  0.83  0.83  -1.00   -1.0        -1. 114.30  307.3 254474.
273  0 28 53 0.34 207.30   3.36 -4.87 1646  121.45   320.8  259539.   4.15  -7.93  21.74 -25.31    1.53  0.70  0.53  1.50  -1.00   -1.0        -1. 109.74  313.4 262872.
273  0 31 35 0.34 207.31   3.34 -4.87 1646  129.90   307.5  306154.  -1.37  -5.83  25.09 -20.58   -0.12  0.31  0.40  1.90  -1.00   -1.0        -1. 115.78  308.0 312122.
273  0 34 17 0.34 207.32   3.32 -4.87 1646  121.26   318.0  262894.   0.00   0.00  26.15  -8.98  -18.39  0.55  0.94  0.86  -1.00   -1.0        -1. 107.94  315.7 258509.
273  6 44 48 0.34 208.55   1.16 -4.73 1646   -1.00    -1.0      -1.  -1.00  -1.00  -3.15 -43.83   -5.09  0.01  0.19  1.60  -1.00   -1.0        -1.  -1.00   -1.0     -1.
273  6 47 30 0.34 208.56   1.15 -4.73 1646  165.54   345.9  157888.  13.45   5.28   0.00   0.00    0.00  0.00  0.00  0.00  -1.00   -1.0        -1. 141.74  332.7 158632.
273  6 48 08 0.34 208.56   1.14 -4.73 1646  153.15   358.9  145654.  13.37   1.10   0.00   0.00    0.00  0.00  0.00  0.00  -1.00   -1.0        -1. 129.08  344.6 155189.
273  6 50 50 0.34 208.57   1.13 -4.73 1646  168.20   353.5  156897.  11.91   5.89   4.71 -37.52  -20.27  0.48  0.60  0.59  -1.00   -1.0        -1. 139.23  337.1 157843.
273  6 53 32 0.34 208.58   1.11 -4.73 1646  159.42   357.5  147483.  12.54   4.56   0.10 -39.19  -18.07  1.46  1.31  2.35  -1.00   -1.0        -1. 132.94  344.9 149855.
273  6 56 14 0.34 208.59   1.10 -4.73 1646  155.41   356.9  149185.  11.59   6.97  -0.05 -37.72  -19.82  0.55  0.57  0.77  -1.00   -1.0        -1. 127.58  341.9 146171.
273  6 58 56 0.34 208.60   1.08 -4.73 1646  158.75   357.1  155630.  10.78   5.76  -3.21 -36.54  -21.04  0.79  0.26  0.40  -1.00   -1.0        -1. 131.55  346.0 162247.
273  7 01 38 0.34 208.61   1.06 -4.72 1646  171.99   370.0  169803.  10.31   7.97  -3.80 -31.47  -31.56  1.49  2.63  2.07  -1.00   -1.0        -1. 139.55  359.9 178334.
273  7 04 20 0.34 208.62   1.05 -4.72 1646  170.70   379.7  187459.   8.08   9.88  -1.74 -33.43  -31.19  1.33  2.93  2.60  -1.00   -1.0        -1. 143.59  366.9 182794.
273  7 07 02 0.34 208.63   1.03 -4.72 1646  152.67   398.6  212163.  12.14   6.32  -7.96 -46.34  -18.23  1.36  0.80  1.98  -1.00   -1.0        -1. 129.37  384.2 244658.
273  7 09 44 0.34 208.63   1.02 -4.72 1646  150.43   389.0  231089.  11.65   5.66   0.01 -49.78  -15.65  1.26  0.60  0.80  -1.00   -1.0        -1. 126.73  373.0 232008.
273  7 12 26 0.34 208.64   1.00 -4.72 1646  164.27   398.8  210289.  13.03   7.11  -2.06 -48.84  -20.04  3.23  1.46  3.11  -1.00   -1.0        -1. 138.56  383.2 236283.
273  7 15 08 0.34 208.65   0.99 -4.72 1646  158.83   381.1  204715.  10.65   8.62  14.38 -42.05  -29.31  1.33  0.79  0.83  -1.00   -1.0        -1. 138.56  368.5 233714.
273  7 17 50 0.34 208.66   0.97 -4.72 1646  162.76   389.1  193826.  11.29  10.64   6.39 -41.59  -32.92  1.41  1.79  1.97  -1.00   -1.0        -1. 138.90  372.7 190486.
273  7 20 32 0.34 208.67   0.96 -4.72 1646  169.31   354.5  233779.   7.43  12.36  33.88 -23.11  -34.98  1.56  2.90  2.40  -1.00   -1.0        -1. 144.65  343.6 235611.
273  7 23 14 0.34 208.68   0.94 -4.72 1646  181.32   380.1  209941.   9.18  11.55  14.25 -37.99  -40.17  5.50  3.78  1.70  -1.00   -1.0        -1. 150.55  367.8 192968.
273  7 25 56 0.34 208.69   0.92 -4.72 1646  177.89   415.6  203412.  11.72  10.83  -4.93 -47.88  -33.84  5.32  0.27  1.31  -1.00   -1.0        -1. 144.66  403.3 206436.
273  7 28 38 0.34 208.70   0.91 -4.71 1646  180.76   418.6  202496.  11.04  10.39 -17.02 -48.61  -29.65  0.66  0.27  0.42  -1.00   -1.0        -1. 148.61  403.2 203802.
273  7 31 20 0.34 208.71   0.89 -4.71 1646  155.93   423.3  187758.   9.92   8.82   9.94 -44.76  -41.70  0.68  0.77  0.64  -1.00   -1.0        -1. 130.76  411.1 213492.
273  7 34 02 0.34 208.72   0.88 -4.71 1646  147.52   414.8  223968.   9.78  10.49  16.37 -45.40  -40.40  0.28  0.26  0.20  -1.00   -1.0        -1. 122.44  401.0 220067.
273  7 36 44 0.34 208.72   0.86 -4.71 1646  139.93   417.8  217059.   9.43  12.35   7.84 -47.36  -42.21  1.54  0.75  1.57  -1.00   -1.0        -1. 118.17  407.3 221434.
273  7 39 26 0.34 208.73   0.85 -4.71 1646  148.35   411.4  216429.   9.73  13.66  16.19 -46.41  -39.44  0.73  0.50  0.39  -1.00   -1.0        -1. 129.40  397.0 213008.
273  7 42 08 0.34 208.74   0.83 -4.71 1646  165.82   387.9  275109.  11.34  11.73  24.62 -45.76  -29.94  8.57  1.11  3.44  -1.00   -1.0        -1. 134.88  376.4 230043.
273  7 44 50 0.34 208.75   0.81 -4.71 1646  123.88   392.5  159801.  13.18   9.89   5.82 -40.37  -36.44 12.26  6.01  9.16  -1.00   -1.0        -1. 117.28  374.3 204656.
273  7 47 32 0.34 208.76   0.80 -4.71 1646  163.22   420.8  182573.  11.95  13.04   8.25 -44.84  -36.83 10.72  2.26  0.31  -1.00   -1.0        -1. 139.16  405.3 204958.
273  7 50 14 0.34 208.77   0.78 -4.71 1646  176.49   384.9  249254.  13.15  15.10  28.16 -40.86  -34.65  2.56  3.67  0.83  -1.00   -1.0        -1. 157.95  365.9 239636.
273  7 52 57 0.34 208.78   0.77 -4.71 1646  150.07   402.7  221399.  12.05  11.64   1.37 -56.32  -32.08  1.75  0.89  1.37  -1.00   -1.0        -1. 127.98  385.8 218102.
273  7 55 39 0.34 208.79   0.75 -4.70 1646  151.52   405.8  254367.  12.91  11.56  -2.48 -55.10  -29.55  1.87  0.71  1.67  -1.00   -1.0        -1. 130.77  388.2 253406.
273  7 58 21 0.34 208.80   0.74 -4.70 1646  160.99   377.9  277886.  10.64  13.18  33.77 -38.27  -32.01  2.88  0.98  2.12  -1.00   -1.0        -1. 140.66  364.5 250232.
273  8 01 03 0.34 208.81   0.72 -4.70 1646  174.35   377.1  238427.  14.52   8.95  28.91 -51.03  -11.55  5.68  3.01  2.68  -1.00   -1.0        -1. 148.72  357.2 229253.
273  8 03 45 0.34 208.81   0.70 -4.70 1646  154.01   372.0  228916.  16.48   9.64  21.35 -53.51  -18.56  1.27  0.44  2.04  -1.00   -1.0        -1. 130.80  354.8 234587.
273  8 06 27 0.34 208.82   0.69 -4.70 1646  172.82   355.2  279848.   0.00   0.00  28.03  10.20  -20.53  0.05  0.61  0.19  -1.00   -1.0        -1. 143.30  354.6 256989.
273  8 09 09 0.34 208.83   0.67 -4.70 1646  170.68   384.1  350233.   0.00   0.00   0.00   0.00    0.00  0.00  0.00  0.00  -1.00   -1.0        -1.  -1.00   -1.0     -1.
273  8 14 33 0.34 208.85   0.64 -4.70 1646  176.19   415.4  356726.  16.11  14.47   0.00   0.00    0.00  0.00  0.00  0.00  -1.00   -1.0        -1. 164.36  394.8 349934.
273  8 17 15 0.34 208.86   0.63 -4.70 1646  189.72   433.2  395169.  13.39   8.41   0.00   0.00    0.00  0.00  0.00  0.00  -1.00   -1.0        -1. 156.16  412.5 406808.
273  8 19 57 0.34 208.87   0.61 -4.69 1646  152.13   402.2  275066.  16.55   5.00   0.00   0.00    0.00  0.00  0.00  0.00  -1.00   -1.0        -1. 128.25  380.5 272247.
273  8 22 39 0.34 208.88   0.59 -4.69 1646  136.05   371.9  296708.  17.23   0.00   0.00   0.00    0.00  0.00  0.00  0.00  -1.00   -1.0        -1. 122.91  350.2 336209.
273  8 25 21 0.34 208.89   0.58 -4.69 1646  139.62   370.4  354875.  11.14   0.00   0.00   0.00    0.00  0.00  0.00  0.00  -1.00   -1.0        -1. 119.05  356.7 317979.
273  8 28 03 0.34 208.90   0.57 -4.69 1646  128.24   384.3  297949.  19.41  10.85   0.00   0.00    0.00  0.00  0.00  0.00  -1.00   -1.0        -1. 115.93  360.9 299657.
273  8 30 45 0.34 208.91   0.55 -4.69 1646  151.79   374.2  390751.   0.00   0.45   0.00   0.00    0.00  0.00  0.00  0.00  -1.00   -1.0        -1. 138.84  372.3 407691.
273  8 33 27 0.34 208.92   0.53 -4.69 1646  132.18   377.1  322094.  13.94   2.50   0.00   0.00    0.00  0.00  0.00  0.00  -1.00   -1.0        -1. 116.78  362.8 324631.
273  8 36 09 0.34 208.93   0.52 -4.69 1646  151.53   355.5  427767.  15.19   3.49   0.00   0.00    0.00  0.00  0.00  0.00  -1.00   -1.0        -1. 137.23  339.6 393314.
273  8 38 51 0.34 208.93   0.50 -4.69 1646  160.20   386.4  386398.  16.75  10.68   0.00   0.00    0.00  0.00  0.00  0.00  -1.00   -1.0        -1. 143.14  363.6 389682.
273  8 41 33 0.34 208.94   0.49 -4.69 1646  152.60   378.4  389692.  19.87  12.45   0.00   0.00    0.00  0.00  0.00  0.00  -1.00   -1.0        -1. 146.00  353.4 383666.
273  8 44 15 0.34 208.95   0.47 -4.68 1646  127.12   387.9  357360.  19.89  17.02   0.00   0.00    0.00  0.00  0.00  0.00  -1.00   -1.0        -1. 130.23  363.9 321633.
273  8 46 57 0.34 208.96   0.45 -4.68 1646  116.92   335.6  357697.   0.00   1.21   0.00   0.00    0.00  0.00  0.00  0.00  -1.00   -1.0        -1. 106.38  337.6 345363.
273  8 49 39 0.34 208.97   0.44 -4.68 1646  153.52   368.7  332291.  17.57  15.50   0.00   0.00    0.00  0.00  0.00  0.00  -1.00   -1.0        -1. 146.08  345.8 367816.
273  8 52 21 0.34 208.98   0.42 -4.68 1646  131.93   380.6  292264.  13.63  17.79   0.00   0.00    0.00  0.00  0.00  0.00  -1.00   -1.0        -1. 133.14  360.5 292628.
273  8 55 03 0.34 208.99   0.41 -4.68 1646  113.22   389.2  256424.  12.10   0.00   0.00   0.00    0.00  0.00  0.00  0.00  -1.00   -1.0        -1. 130.74  375.1 254016.
273  8 57 45 0.34 209.00   0.39 -4.68 1646  101.20   382.8  296779.   9.45   0.00   0.00   0.00    0.00  0.00  0.00  0.00  -1.00   -1.0        -1. 139.92  366.2 260439.
273  9 00 27 0.34 209.01   0.38 -4.68 1646  136.45   376.2  334409.  14.83  16.00   0.00   0.00    0.00  0.00  0.00  0.00  -1.00   -1.0        -1. 140.32  355.2 357041.
273  9 03 09 0.34 209.02   0.36 -4.68 1646  110.42   365.3  403813.   0.00   0.00   0.00   0.00    0.00  0.00  0.00  0.00  -1.00   -1.0        -1. 127.52  359.0 363031.
273  9 05 51 0.34 209.02   0.34 -4.68 1646  119.51   377.7  335783.   0.00   0.00   0.00   0.00    0.00  0.00  0.00  0.00  -1.00   -1.0        -1. 153.69  369.8 338727.
273  9 11 13 0.34 209.04   0.31 -4.67 1646  128.48   387.4  231570.   0.00  16.43   0.00   0.00    0.00  0.00  0.00  0.00  -1.00   -1.0        -1. 127.77  384.9 245691.
273  9 27 27 0.34 209.10   0.22 -4.67 1646  129.97   408.0  277652.   0.30  17.12   0.00   0.00    0.00  0.00  0.00  0.00  -1.00   -1.0        -1. 117.89  402.7 275651.
273  9 32 51 0.34 209.12   0.19 -4.67 1646  128.55   408.0  216500.   0.30  16.26   0.00   0.00    0.00  0.00  0.00  0.00  -1.00   -1.0        -1. 111.97  403.2 210399.
273  9 38 15 0.34 209.14   0.16 -4.66 1646  126.08   406.1  199511.   0.86  14.60   0.00   0.00    0.00  0.00  0.00  0.00  -1.00   -1.0        -1. 104.41  401.3 177408.
273  9 43 39 0.34 209.15   0.13 -4.66 1646  134.55   393.7  167042.  -0.06  14.06   0.00   0.00    0.00  0.00  0.00  0.00  -1.00   -1.0        -1. 115.24  391.7 184561.
273  9 49 03 0.34 209.17   0.10 -4.66 1646  128.65   408.4  180211.  -5.60  13.61   0.00   0.00    0.00  0.00  0.00  0.00  -1.00   -1.0        -1. 109.11  413.0 200602.
273  9 54 27 0.34 209.19   0.06 -4.66 1646  117.76   427.0  241354.  -6.34  18.24   0.00   0.00    0.00  0.00  0.00  0.00  -1.00   -1.0        -1. 116.27  427.6 246051.
273  9 59 51 0.34 209.21   0.03 -4.66 1646   87.16   424.0  221340.  -1.95  16.37   0.00   0.00    0.00  0.00  0.00  0.00  -1.00   -1.0        -1.  72.91  421.0 221392.
273 10 05 15 0.34 209.23   0.00 -4.65 1646   36.81   408.7  109915.  -4.37   7.79   0.00   0.00    0.00  0.00  0.00  0.00  -1.00   -1.0        -1.  29.49  410.8 114917.
273 10 10 39 0.34 209.24 359.97 -4.65 1647   37.09   430.7  107316.  -3.86   6.16   0.00   0.00    0.00  0.00  0.00  0.00  -1.00   -1.0        -1.  30.07  433.7 110701.
273 10 16 03 0.34 209.26 359.94 -4.65 1647   70.62   410.8  114372.  -5.87   4.09   0.00   0.00    0.00  0.00  0.00  0.00  -1.00   -1.0        -1.  57.04  415.9 133135.
273 10 21 27 0.34 209.28 359.91 -4.65 1647  110.52   414.4   97288.  -5.01   2.39   0.00   0.00    0.00  0.00  0.00  0.00  11.88  406.3    284669.  90.17  416.7  98373.
273 10 26 51 0.34 209.30 359.87 -4.64 1647  143.33   407.3   50760.  -4.26   2.26   0.00   0.00    0.00  0.00  0.00  0.00  12.56  398.6    126183. 123.20  408.8  50189.
273 10 32 15 0.34 209.32 359.85 -4.64 1647  166.84   408.0  124367.  -3.79   0.02   0.00   0.00    0.00  0.00  0.00  0.00  16.06  402.7    295948. 131.50  410.8 111932.
273 10 43 03 0.34 209.36 359.78 -4.64 1647   83.24   406.0   72096.  -3.35   1.06   0.00   0.00    0.00  0.00  0.00  0.00   3.14  406.3    377016.  70.08  408.3  88829.
273 10 48 27 0.34 209.37 359.75 -4.64 1647   58.07   397.1   57667.  -1.95   1.00   0.00   0.00    0.00  0.00  0.00  0.00   2.53  393.4    429251.  47.37  400.4  56816.
273 10 53 51 0.34 209.39 359.72 -4.63 1647   54.24   429.2   54266.  -6.09  -1.79   0.00   0.00    0.00  0.00  0.00  0.00   1.92  430.5    356902.  43.73  432.1  53622.
273 10 59 15 0.34 209.41 359.69 -4.63 1647   65.37   427.6   57569.  -4.90  -3.07   0.00   0.00    0.00  0.00  0.00  0.00   2.16  421.6    499587.  52.34  432.5  65008.
273 11 04 39 0.34 209.43 359.66 -4.63 1647   53.77   424.1   61734.  -6.61  -3.92   0.00   0.00    0.00  0.00  0.00  0.00   2.13  419.9    316972.  44.79  427.1  63108.
273 11 10 03 0.34 209.45 359.63 -4.63 1647   54.14   418.7   64164.  -6.47  -3.44   0.00   0.00    0.00  0.00  0.00  0.00   2.15  420.0    419623.  42.98  424.4  73282.
273 11 15 27 0.34 209.46 359.60 -4.63 1647   47.56   419.0   77814.  -6.03  -3.23   0.00   0.00    0.00  0.00  0.00  0.00   2.06  423.1    402393.  37.85  423.3  70566.
273 11 20 51 0.34 209.48 359.56 -4.62 1647   69.92   415.1   70254.  -6.82  -2.77   0.00   0.00    0.00  0.00  0.00  0.00   2.39  405.3    298559.  57.36  417.6  65352.
273 11 26 15 0.34 209.50 359.54 -4.62 1647   55.37   408.8   59707.  -6.52  -3.05   0.00   0.00    0.00  0.00  0.00  0.00   1.78  417.1    254432.  45.15  416.8  64901.
273 11 31 39 0.34 209.52 359.50 -4.62 1647   72.42   413.6   74643.  -6.65  -3.77   0.00   0.00    0.00  0.00  0.00  0.00  -1.00   -1.0        -1.  59.87  415.7  71346.
273 11 37 03 0.34 209.54 359.47 -4.62 1647   63.90   412.5   96301.  -7.28  -3.72   0.00   0.00    0.00  0.00  0.00  0.00  -1.00   -1.0        -1.  55.00  417.7  95635.
273 11 42 27 0.34 209.56 359.44 -4.61 1647   54.34   404.6   77271.  -8.49  -3.30   0.00   0.00    0.00  0.00  0.00  0.00   2.19  409.8    403913.  44.34  411.2  65720.
273 11 47 51 0.34 209.57 359.41 -4.61 1647   66.27   419.3   92477.  -4.83  -5.86   0.00   0.00    0.00  0.00  0.00  0.00   2.09  419.1    340412.  54.75  420.4  93302.
273 11 53 15 0.34 209.59 359.38 -4.61 1647   72.01   410.6   94741.  -6.24  -5.73   0.00   0.00    0.00  0.00  0.00  0.00  -1.00   -1.0        -1.  59.14  416.8  97678.
273 11 58 39 0.34 209.61 359.34 -4.61 1647   67.00   401.3   91334.  -4.30  -0.72   0.00   0.00    0.00  0.00  0.00  0.00  -1.00   -1.0        -1.  55.96  407.0  99247.
273 12 04 03 0.34 209.63 359.32 -4.61 1647   85.86   400.0   94579.  -7.64  -3.22   0.00   0.00    0.00  0.00  0.00  0.00   3.18  400.6    277158.  75.04  405.9  91512.
273 12 09 27 0.34 209.65 359.28 -4.60 1647   63.67   421.5   47795.  -9.15  -5.94   0.00   0.00    0.00  0.00  0.00  0.00   1.41  417.6    185084.  52.38  428.4  67276.
273 12 14 51 0.34 209.67 359.25 -4.60 1647   45.43   418.1   43351.  -6.43  -5.92   0.00   0.00    0.00  0.00  0.00  0.00   1.92  414.5    196454.  38.71  426.3  37932.
273 12 20 15 0.34 209.69 359.22 -4.60 1647   44.33   421.7   41645.  -6.93  -1.37   0.00   0.00    0.00  0.00  0.00  0.00   1.59  400.1    360072.  42.30  426.1  48600.
273 12 25 39 0.34 209.70 359.19 -4.60 1647   46.47   410.7  103691.  -6.17  -7.14   0.00   0.00    0.00  0.00  0.00  0.00  -1.00   -1.0        -1.  38.89  416.2 107124.
273 12 31 03 0.34 209.72 359.16 -4.60 1647   53.37   407.6  112741.  -3.82  -3.20   0.00   0.00    0.00  0.00  0.00  0.00  -1.00   -1.0        -1.  44.48  411.9 102190.
273 12 36 27 0.34 209.74 359.13 -4.59 1647   55.55   409.2  111903.  -5.80  -1.64   0.00   0.00    0.00  0.00  0.00  0.00   2.55  384.9    224235.  51.11  415.3 106741.
273 12 41 52 0.34 209.76 359.10 -4.59 1647   43.10   409.1  124513.  -5.63  -4.26   0.00   0.00    0.00  0.00  0.00  0.00  -1.00   -1.0        -1.  36.33  414.6 112712.
273 12 47 16 0.34 209.78 359.07 -4.59 1647   42.32   418.5  118146.  -4.74  -2.88   0.00   0.00    0.00  0.00  0.00  0.00   2.07  418.2    120986.  37.45  424.8  86848.
273 12 52 40 0.34 209.79 359.03 -4.59 1647   41.29   413.7  156335.  -5.65  -3.23   0.00   0.00    0.00  0.00  0.00  0.00   4.46  381.7    260760.  34.54  427.1 262618.
273 12 58 04 0.34 209.82 359.01 -4.58 1647   29.53   435.8  128174.  -4.88  -4.09   0.00   0.00    0.00  0.00  0.00  0.00  -1.00   -1.0        -1.  25.62  436.0 111955.
273 13 03 28 0.34 209.83 358.97 -4.58 1647   32.87   422.4  104272.  -4.85  -1.97   0.00   0.00    0.00  0.00  0.00  0.00  -1.00   -1.0        -1.  24.92  422.5 106481.
273 13 08 52 0.34 209.85 358.94 -4.58 1647   44.20   435.6  111721.  -3.71  -3.67   0.00   0.00    0.00  0.00  0.00  0.00  -1.00   -1.0        -1.  37.56  435.2 109363.
273 13 14 16 0.34 209.87 358.91 -4.58 1647   41.67   424.0  121242.  -3.94  -3.09   0.00   0.00    0.00  0.00  0.00  0.00  -1.00   -1.0        -1.  33.21  427.6 158076.
273 13 19 40 0.34 209.89 358.88 -4.58 1647   42.51   423.7  117325.  -6.19  -0.62   0.00   0.00    0.00  0.00  0.00  0.00  -1.00   -1.0        -1.  35.20  426.0 111611.
273 13 25 04 0.34 209.91 358.85 -4.57 1647   45.21   419.0  111000.  -7.39  -1.43   0.00   0.00    0.00  0.00  0.00  0.00  -1.00   -1.0        -1.  35.98  422.9 103580.
273 13 30 28 0.34 209.92 358.82 -4.57 1647   38.53   433.3  337086.   0.00   0.44   0.00   0.00    0.00  0.00  0.00  0.00   5.60  398.5    262592.  30.82  440.8 443395.
273 13 35 52 0.34 209.94 358.79 -4.57 1647   44.08   427.4  175875.  -4.11  -3.89   0.00   0.00    0.00  0.00  0.00  0.00  -1.00   -1.0        -1.  37.49  433.3 190249.
273 13 41 16 0.34 209.96 358.76 -4.57 1647   50.35   426.8  300781.  -7.62  -1.41   0.00   0.00    0.00  0.00  0.00  0.00  -1.00   -1.0        -1.  36.81  419.9 158697.
273 13 46 40 0.34 209.98 358.73 -4.57 1647   45.90   395.9  147714.  -6.90  -0.73   0.00   0.00    0.00  0.00  0.00  0.00   4.39  387.8    276015.  36.99  401.0 142900.
273 13 52 04 0.34 210.00 358.69 -4.56 1647   42.86   424.4  123250. -10.33   1.88   0.00   0.00    0.00  0.00  0.00  0.00  -1.00   -1.0        -1.  31.63  430.3 121544.
273 13 57 28 0.34 210.02 358.66 -4.56 1647   44.44   428.8  179013.  -7.42  -1.21   0.00   0.00    0.00  0.00  0.00  0.00   2.49  433.4    570481.  36.64  432.8 179737.
273 14 02 52 0.34 210.03 358.63 -4.56 1647   38.58   407.2  199082.  -8.71  -2.38   0.00   0.00    0.00  0.00  0.00  0.00  -1.00   -1.0        -1.  31.81  418.6 229075.
273 14 08 14 0.34 210.05 358.60 -4.56 1647   31.82   415.2  143225.   0.00   0.00   0.00   0.00    0.00  0.00  0.00  0.00  -1.00   -1.0        -1.  26.38  415.1 124637.
273 14 15 26 0.34 210.08 358.56 -4.55 1647   32.62   413.2  154558. -15.15   1.02   0.00   0.00    0.00  0.00  0.00  0.00  -1.00   -1.0        -1.  27.58  429.3 173351.
273 14 20 50 0.34 210.10 358.53 -4.55 1647   26.45   396.8  104597.  -7.67   1.42   0.00   0.00    0.00  0.00  0.00  0.00  -1.00   -1.0        -1.  22.36  404.7 106592.
273 14 26 14 0.34 210.12 358.50 -4.55 1647   27.67   438.2  110223. -12.25   0.39   0.00   0.00    0.00  0.00  0.00  0.00  -1.00   -1.0        -1.  23.00  447.6 134606.
273 14 29 52 0.34 210.13 358.48 -4.55 1647   32.16   415.9  201239. -11.08  -0.62   0.00   0.00    0.00  0.00  0.00  0.00  -1.00   -1.0        -1.  26.19  427.8 197256.
273 14 35 16 0.34 210.15 358.45 -4.55 1647   23.92   400.4  234633.  -6.82  -0.66   0.00   0.00    0.00  0.00  0.00  0.00  -1.00   -1.0        -1.  20.30  409.7 290802.
273 14 40 40 0.34 210.16 358.41 -4.54 1647   25.41   408.6  193696.  -3.93   0.15   0.00   0.00    0.00  0.00  0.00  0.00   1.65  471.5    703915.  21.26  411.6 229884.
273 14 46 04 0.34 210.18 358.39 -4.54 1647   24.21   395.7  225242.  -7.04  -2.29   0.00   0.00    0.00  0.00  0.00  0.00   1.77  450.3    665739.  20.52  402.4 301707.
273 14 51 28 0.34 210.20 358.35 -4.54 1647   21.27   397.3  246603.  -3.72  -3.88   0.00   0.00    0.00  0.00  0.00  0.00  -1.00   -1.0        -1.  19.85  414.5 511369.
273 14 56 52 0.34 210.22 358.32 -4.54 1647   19.51   389.1  243683.  -0.24   0.00   0.00   0.00    0.00  0.00  0.00  0.00   2.10  429.9    575588.  22.49  391.7 223770.
273 15 02 16 0.34 210.24 358.29 -4.53 1647   26.22   431.2  245486. -11.87   6.34   0.00   0.00    0.00  0.00  0.00  0.00   2.09  469.3    753513.  20.88  443.2 204370.
273 15 07 40 0.34 210.26 358.26 -4.53 1647   24.42   372.2  330664.  -6.01  -6.32   0.00   0.00    0.00  0.00  0.00  0.00   1.72  433.5    403653.  22.66  380.4 426601.
273 15 13 04 0.34 210.28 358.23 -4.53 1647   27.47   419.7  144462.  -3.10   5.62   0.00   0.00    0.00  0.00  0.00  0.00   1.77  461.5    454381.  19.96  425.1  93211.
273 15 18 28 0.34 210.29 358.20 -4.53 1647   24.78   411.8  216708.  -4.93   5.37   0.00   0.00    0.00  0.00  0.00  0.00  -1.00   -1.0        -1.  20.22  419.4 249313.
273 15 23 52 0.34 210.31 358.17 -4.53 1647   22.85   391.5  312404.  -9.73  -6.02   0.00   0.00    0.00  0.00  0.00  0.00   2.23  453.9    441505.  19.94  398.3 319057.
273 15 29 16 0.34 210.33 358.14 -4.52 1647   21.97   373.4  319730.  -6.95  -5.26   0.00   0.00    0.00  0.00  0.00  0.00   2.15  443.3    380239.  22.63  423.0 375904.
273 15 34 38 0.34 210.35 358.11 -4.52 1647   25.39   396.8  217468.   0.00   0.00   0.00   0.00    0.00  0.00  0.00  0.00  -1.00   -1.0        -1.  21.50  397.6 267114.
273 15 39 21 0.34 210.37 358.08 -4.52 1647   25.99   387.1  258246.  -9.96  -1.41   0.00   0.00    0.00  0.00  0.00  0.00   2.16  437.8    403692.  21.51  395.9 240431.
273 15 44 45 0.34 210.38 358.05 -4.52 1647   20.84   413.0  272172.   0.00   4.59   0.00   0.00    0.00  0.00  0.00  0.00   2.18  460.4    482344.  18.33  416.5 314379.
273 15 50 09 0.34 210.40 358.02 -4.52 1647   18.27   401.5  258892.   0.02   5.50   0.00   0.00    0.00  0.00  0.00  0.00   1.96  448.1    417999.  16.53  406.5 311102.
273 15 52 17 0.34 210.41 358.00 -4.51 1647   20.56   409.5  260068.  -1.73   5.28   0.00   0.00    0.00  0.00  0.00  0.00   1.68  497.6    498729.  17.29  415.8 330745.
273 15 57 41 0.34 210.43 357.97 -4.51 1647   20.07   392.8  311365.  -7.06   2.15   0.00   0.00    0.00  0.00  0.00  0.00   2.82  462.2    709217.  20.23  442.6 247287.
273 16 03 05 0.34 210.45 357.94 -4.51 1647   19.12   379.1  355128. -11.89  -2.42   0.00   0.00    0.00  0.00  0.00  0.00   2.45  451.2    437022.  19.75  443.3 687593.
273 16 08 29 0.34 210.47 357.91 -4.51 1647   17.18   384.3  381028. -11.86  -5.59   0.00   0.00    0.00  0.00  0.00  0.00   2.51  480.5    754695.  15.41  391.9 377906.
273 16 22 15 0.34 210.51 357.83 -4.50 1647   21.23   386.5  598665. -10.14  -5.54   0.00   0.00    0.00  0.00  0.00  0.00  -1.00   -1.0        -1.  21.60  449.8 957534.
273 16 23 20 0.34 210.52 357.83 -4.50 1647   20.84   386.4  484180. -10.99  -6.44   0.00   0.00    0.00  0.00  0.00  0.00   2.47  496.6    696535.  21.53  444.6 793977.
273 16 24 40 0.34 210.52 357.82 -4.50 1647   20.27   436.9  437772.  -5.00   0.00   0.00   0.00    0.00  0.00  0.00  0.00  -1.00   -1.0        -1.  20.33  486.3 545964.
273 16 26 01 0.34 210.53 357.81 -4.50 1647    6.32   334.1  151693. -16.98   0.00   0.00   0.00    0.00  0.00  0.00  0.00   3.05  345.4    368518.  21.03  476.8 935899.
273 16 27 22 0.34 210.53 357.80 -4.50 1647   21.40   394.1  397676. -16.18  -2.76   0.00   0.00    0.00  0.00  0.00  0.00  -1.00   -1.0        -1.  22.39  459.6 771809.
273 16 28 43 0.34 210.53 357.79 -4.50 1647   19.96   435.1  510804.   0.00   5.61   0.00   0.00    0.00  0.00  0.00  0.00  -1.00   -1.0        -1.  19.51  471.6 372129.
273 16 30 04 0.34 210.54 357.79 -4.50 1647   22.83   435.2  444334.  -5.66   8.47   0.00   0.00    0.00  0.00  0.00  0.00  -1.00   -1.0        -1.  22.01  479.3 388875.
273 16 31 25 0.34 210.55 357.78 -4.50 1647   18.20   382.8  356768.  -8.25   0.00   0.00   0.00    0.00  0.00  0.00  0.00   3.02  470.5    695898.  20.39  449.0 799726.
273 16 32 46 0.34 210.55 357.77 -4.50 1647   17.90   376.6  324284.  -2.78  -7.99   0.00   0.00    0.00  0.00  0.00  0.00   2.33  413.3    391595.  19.79  432.4 636498.
273 16 34 07 0.34 210.56 357.77 -4.50 1647   19.67   388.3  348394.  -8.42  -1.21   0.00   0.00    0.00  0.00  0.00  0.00   3.03  471.0    720586.  20.56  449.0 662856.
273 16 35 28 0.34 210.56 357.76 -4.50 1647   20.07   394.3  438597.  -4.04   1.20   0.00   0.00    0.00  0.00  0.00  0.00   2.87  493.0    716389.  22.12  452.7 897768.
273 16 36 49 0.34 210.56 357.75 -4.50 1647   20.63   410.4  432815.   0.00   0.52   0.00   0.00    0.00  0.00  0.00  0.00  -1.00   -1.0        -1.  21.01  453.9 555449.
273 16 38 10 0.34 210.57 357.74 -4.50 1647   22.90   405.2  424424.  -2.40   4.02   0.00   0.00    0.00  0.00  0.00  0.00   2.63  479.2    475600.  22.48  444.8 377275.
273 16 39 31 0.34 210.57 357.73 -4.50 1647   21.05   393.1  475347.  -9.62  -1.35   0.00   0.00    0.00  0.00  0.00  0.00   2.39  430.0    306862.  21.26  448.5 598777.
273 16 40 52 0.34 210.58 357.72 -4.50 1647   18.73   398.1  404209.   0.00   1.21   0.00   0.00    0.00  0.00  0.00  0.00   2.72  447.8    418895.  20.51  461.8 013292.
273 16 42 13 0.34 210.58 357.72 -4.49 1647   20.83   469.2  420630.   0.00   8.28   0.00   0.00    0.00  0.00  0.00  0.00   2.65  524.5    812076.  20.13  510.3 440181.
273 16 43 34 0.34 210.59 357.71 -4.49 1647   20.21   425.7  327539.   0.80   4.40   0.00   0.00    0.00  0.00  0.00  0.00   2.20  484.8    470234.  20.89  469.9 510874.
273 16 44 55 0.34 210.59 357.70 -4.49 1647   18.83   408.8  276629.  -1.46   3.79   0.00   0.00    0.00  0.00  0.00  0.00   2.31  462.8    434995.  19.54  458.9 429763.
273 16 46 16 0.34 210.60 357.70 -4.49 1647   18.15   404.4  362625.  -3.89   2.82   0.00   0.00    0.00  0.00  0.00  0.00  -1.00   -1.0        -1.  18.56  449.0 296992.
273 16 47 37 0.34 210.60 357.69 -4.49 1647   18.47   396.6  307262.  -4.80   0.38   0.00   0.00    0.00  0.00  0.00  0.00   2.61  454.8    454122.  18.61  442.9 284937.
273 16 48 58 0.34 210.60 357.68 -4.49 1647   18.65   383.8  280842.  -6.03  -1.05   0.00   0.00    0.00  0.00  0.00  0.00   3.00  456.2    632254.  19.69  441.1 502405.
273 16 50 19 0.34 210.61 357.67 -4.49 1647   19.25   390.1  341384.  -6.22  -0.46   0.00   0.00    0.00  0.00  0.00  0.00   3.26  441.1    705799.  19.51  435.4 249493.
273 16 51 40 0.34 210.61 357.66 -4.49 1647   18.69   397.5  378855.  -6.04   0.64   0.00   0.00    0.00  0.00  0.00  0.00  -1.00   -1.0        -1.  19.46  448.7 399773.
273 16 53 01 0.34 210.62 357.66 -4.49 1647   19.46   390.8  474018.   0.00   0.00   0.00   0.00    0.00  0.00  0.00  0.00   2.38  464.2    427471.  20.26  439.8 646929.
273 16 54 22 0.34 210.62 357.65 -4.49 1647   20.48   386.9  429167.  -4.14  -1.48   0.00   0.00    0.00  0.00  0.00  0.00   2.12  449.1    306914.  20.66  432.9 499511.
273 16 55 43 0.34 210.63 357.64 -4.49 1647   18.08   382.9  518746.  -1.35  -4.52   0.00   0.00    0.00  0.00  0.00  0.00   2.30  461.0    420519.  19.09  436.6 775970.
273 16 57 04 0.34 210.63 357.63 -4.49 1647   18.19   378.1  307460.  -2.81  -6.46   0.00   0.00    0.00  0.00  0.00  0.00   2.11  445.5    377653.  19.80  428.7 514217.
273 16 58 25 0.34 210.64 357.63 -4.49 1647   18.34   374.8  275268.  -6.08   1.60   0.00   0.00    0.00  0.00  0.00  0.00   2.43  424.7    377497.  16.71  381.7 344957.
273 16 59 46 0.34 210.64 357.62 -4.49 1647   18.98   387.1  316663.   0.48   1.10   0.00   0.00    0.00  0.00  0.00  0.00   2.04  451.5    350548.  19.63  433.0 414356.
273 17 01 07 0.34 210.65 357.61 -4.49 1647   18.74   372.5  264824.  -5.43  -4.37   0.00   0.00    0.00  0.00  0.00  0.00   2.31  456.7    409994.  20.13  422.9 382436.
273 17 02 28 0.34 210.65 357.60 -4.49 1647   19.41   373.6  306421.  -7.09  -2.13   0.00   0.00    0.00  0.00  0.00  0.00   2.53  440.3    411697.  19.96  430.3 518992.
273 17 03 49 0.34 210.66 357.59 -4.49 1647   17.34   392.0  334481.   0.00   0.00   0.00   0.00    0.00  0.00  0.00  0.00   2.06  457.5    447793.  20.53  426.7 236213.
273 17 05 10 0.34 210.66 357.59 -4.48 1647   16.61   456.1  360338.   0.00   0.00   0.00   0.00    0.00  0.00  0.00  0.00  -1.00   -1.0        -1.  16.42  482.7 973332.
273 17 06 31 0.34 210.67 357.58 -4.48 1647   18.56   512.5  392810.   0.00  14.98   0.00   0.00    0.00  0.00  0.00  0.00  -1.00   -1.0        -1.  17.89  517.2 567194.
273 17 07 52 0.34 210.67 357.57 -4.48 1647   21.66   465.5  557354.  -4.26  11.49   0.00   0.00    0.00  0.00  0.00  0.00  -1.00   -1.0        -1.  20.27  485.2 950288.
273 17 09 13 0.34 210.68 357.56 -4.48 1647   18.69   481.6  331047.   0.00  10.90   0.00   0.00    0.00  0.00  0.00  0.00  -1.00   -1.0        -1.  15.70  485.4 478332.
273 17 10 34 0.34 210.68 357.56 -4.48 1647   19.31   460.9  371500.   2.87   7.34   0.00   0.00    0.00  0.00  0.00  0.00  -1.00   -1.0        -1.  18.45  469.2 666317.
273 17 11 55 0.34 210.68 357.55 -4.48 1647   19.74   448.2  347683.   0.84   9.11   0.00   0.00    0.00  0.00  0.00  0.00  -1.00   -1.0        -1.  18.93  469.2 771288.
273 17 13 16 0.34 210.69 357.54 -4.48 1647   17.96   453.3  263447.   6.86   3.22   0.00   0.00    0.00  0.00  0.00  0.00  -1.00   -1.0        -1.  17.41  474.8 976386.
273 17 14 37 0.34 210.69 357.53 -4.48 1647   18.17   438.8  361592.   5.87   2.33   0.00   0.00    0.00  0.00  0.00  0.00  -1.00   -1.0        -1.  17.47  458.7 968327.
273 17 15 58 0.34 210.70 357.52 -4.48 1647   18.88   431.0  335507.   4.62   4.16   0.00   0.00    0.00  0.00  0.00  0.00   2.10  480.3    511775.  17.98  446.9 816510.
273 17 17 19 0.34 210.70 357.52 -4.48 1647   18.84   412.5  296565.   0.00   0.00   0.00   0.00    0.00  0.00  0.00  0.00   2.06  459.3    477419.  18.39  449.1 045062.
273 17 18 40 0.34 210.71 357.51 -4.48 1647   16.27   429.4  383870.   8.52   0.00   0.00   0.00    0.00  0.00  0.00  0.00  -1.00   -1.0        -1.  19.12  444.1 799303.
273 17 20 01 0.34 210.71 357.50 -4.48 1647   19.55   395.9  327636.  -0.58   1.20   0.00   0.00    0.00  0.00  0.00  0.00   2.25  431.9    387242.  16.42  396.0 305979.
273 17 21 22 0.34 210.72 357.50 -4.48 1647   18.88   401.5  261023.   0.92   1.79   0.00   0.00    0.00  0.00  0.00  0.00  -1.00   -1.0        -1.  15.69  405.9 327886.
273 17 22 43 0.34 210.72 357.49 -4.48 1647   18.27   420.3  360348.  -1.22   6.15   0.00   0.00    0.00  0.00  0.00  0.00  -1.00   -1.0        -1.  18.03  449.5 960196.
273 17 24 04 0.34 210.73 357.48 -4.48 1647   17.74   420.8  299872.   1.21   6.76   0.00   0.00    0.00  0.00  0.00  0.00  -1.00   -1.0        -1.  15.28  416.4 302623.
273 17 25 25 0.34 210.73 357.47 -4.48 1647   18.48   429.0  498973.  -5.15   8.73   0.00   0.00    0.00  0.00  0.00  0.00  -1.00   -1.0        -1.  17.15  444.4 754055.
273 17 26 46 0.34 210.73 357.46 -4.48 1647   21.58   468.3  397936.  -0.69  10.65   0.00   0.00    0.00  0.00  0.00  0.00  -1.00   -1.0        -1.  19.02  470.7 500315.
273 17 28 07 0.34 210.74 357.46 -4.48 1647   16.45   466.0  356346.   1.01  10.64   0.00   0.00    0.00  0.00  0.00  0.00  -1.00   -1.0        -1.  15.64  485.1 764021.
273 17 29 28 0.34 210.75 357.45 -4.48 1647   19.10   429.3  311930.   1.27   7.86   0.00   0.00    0.00  0.00  0.00  0.00  -1.00   -1.0        -1.  18.48  449.2 768069.
273 17 30 49 0.34 210.75 357.44 -4.47 1647   18.25   424.4  558972.  -4.24   8.31   0.00   0.00    0.00  0.00  0.00  0.00  -1.00   -1.0        -1.  17.17  452.1 020757.
273 17 32 10 0.34 210.76 357.43 -4.47 1647   16.99   409.9  238814.   2.97   0.00   0.00   0.00    0.00  0.00  0.00  0.00  -1.00   -1.0        -1.  17.90  438.6 919372.
273 17 33 31 0.34 210.76 357.43 -4.47 1647   19.29   411.1  316354.  -0.90   6.80   0.00   0.00    0.00  0.00  0.00  0.00  -1.00   -1.0        -1.  19.44  441.8 010173.
273 17 34 52 0.34 210.76 357.42 -4.47 1647   17.22   404.5  256895.   1.05   5.15   0.00   0.00    0.00  0.00  0.00  0.00   2.45  447.9    384825.  17.86  450.5 223873.
273 17 36 13 0.34 210.77 357.41 -4.47 1647   18.10   411.1  285481.   0.68   6.17   0.00   0.00    0.00  0.00  0.00  0.00   3.25  446.6    676277.  17.99  449.1 052835.
273 17 37 34 0.34 210.77 357.40 -4.47 1647   17.83   397.8  273078.  -1.25   4.07   0.00   0.00    0.00  0.00  0.00  0.00  -1.00   -1.0        -1.  17.44  430.0 877448.
273 17 38 55 0.34 210.78 357.39 -4.47 1647   18.12   398.4  356798.   1.55   1.03   0.00   0.00    0.00  0.00  0.00  0.00  -1.00   -1.0        -1.  18.51  432.4 154742.
273 17 40 16 0.34 210.78 357.39 -4.47 1647   18.35   406.0  396266.   0.00   0.42   0.00   0.00    0.00  0.00  0.00  0.00   2.12  471.0    515245.  18.18  430.4 960358.
273 17 41 37 0.34 210.79 357.38 -4.47 1647   17.93   384.7  373131.  -9.74   2.13   0.00   0.00    0.00  0.00  0.00  0.00   2.41  423.0    379810.  18.03  419.1 876164.
273 17 42 58 0.34 210.79 357.37 -4.47 1647   18.70   399.1  387154.  -3.27   1.72   0.00   0.00    0.00  0.00  0.00  0.00  -1.00   -1.0        -1.  17.14  430.2 993525.
273 17 44 19 0.34 210.80 357.36 -4.47 1647   19.05   409.3  438623.   0.00   3.16   0.00   0.00    0.00  0.00  0.00  0.00   2.74  444.8    590362.  18.50  435.7 110027.
273 17 45 40 0.34 210.80 357.36 -4.47 1647   19.21   399.4  389506.  -1.41   0.04   0.00   0.00    0.00  0.00  0.00  0.00  -1.00   -1.0        -1.  18.35  426.4 992641.
273 17 47 01 0.34 210.81 357.35 -4.47 1647   22.40   439.7  522294.  -7.66   9.63   0.00   0.00    0.00  0.00  0.00  0.00  -1.00   -1.0        -1.  20.26  461.7 906794.
273 17 48 22 0.34 210.81 357.34 -4.47 1647   20.59   392.7  450512.  -1.92   0.00   0.00   0.00    0.00  0.00  0.00  0.00  -1.00   -1.0        -1.  19.46  412.6 793495.
273 17 49 43 0.34 210.81 357.33 -4.47 1647   19.37   385.0  278698.  -2.87   1.89   0.00   0.00    0.00  0.00  0.00  0.00  -1.00   -1.0        -1.  17.04  398.8 413090.
273 17 51 04 0.34 210.82 357.33 -4.47 1647   21.04   394.7  308707.  -0.52  -0.27   0.00   0.00    0.00  0.00  0.00  0.00  -1.00   -1.0        -1.  19.08  402.7 509693.
273 17 52 25 0.34 210.82 357.32 -4.47 1647   21.39   390.2  363194.  -3.52   2.97   0.00   0.00    0.00  0.00  0.00  0.00  -1.00   -1.0        -1.  19.40  408.3 608914.
273 17 53 46 0.34 210.83 357.31 -4.47 1647   18.49   391.5  283610.  -2.58   1.13   0.00   0.00    0.00  0.00  0.00  0.00  -1.00   -1.0        -1.  16.86  405.4 498434.
273 17 55 07 0.34 210.84 357.30 -4.46 1647   19.08   389.1  262466.  -0.55  -0.46   0.00   0.00    0.00  0.00  0.00  0.00  -1.00   -1.0        -1.  17.72  407.9 600994.
273 17 56 28 0.34 210.84 357.29 -4.46 1647   20.35   391.2  410472.  -2.47   1.94   0.00   0.00    0.00  0.00  0.00  0.00  -1.00   -1.0        -1.  18.85  409.8 729536.
273 17 57 49 0.34 210.84 357.29 -4.46 1647   20.13   383.6  280212.  -2.44  -2.01   0.00   0.00    0.00  0.00  0.00  0.00   1.87  441.4    558085.  18.74  401.9 637286.
273 17 59 10 0.34 210.85 357.28 -4.46 1647   20.27   378.0  325310.  -6.08  -0.84   0.00   0.00    0.00  0.00  0.00  0.00  -1.00   -1.0        -1.  18.95  407.7 774452.
273 18 00 31 0.34 210.85 357.27 -4.46 1647   18.27   377.6  254663.  -1.64   0.46   0.00   0.00    0.00  0.00  0.00  0.00  -1.00   -1.0        -1.  19.05  407.9 927727.
273 18 01 52 0.34 210.86 357.26 -4.46 1647   21.09   398.5  294486.   0.00   7.12   0.00   0.00    0.00  0.00  0.00  0.00  -1.00   -1.0        -1.  18.90  412.2 452952.
273 18 03 13 0.34 210.86 357.26 -4.46 1647   20.21   384.2  281031.   0.00   4.39   0.00   0.00    0.00  0.00  0.00  0.00  -1.00   -1.0        -1.  17.24  390.1 312843.
273 18 04 34 0.34 210.87 357.25 -4.46 1647   17.93   380.1  285377.  -4.74   1.73   0.00   0.00    0.00  0.00  0.00  0.00  -1.00   -1.0        -1.  18.73  414.8 007727.
273 18 05 55 0.34 210.87 357.24 -4.46 1647   20.18   376.0  281502.  -5.66   3.22   0.00   0.00    0.00  0.00  0.00  0.00  -1.00   -1.0        -1.  17.81  383.0 355742.
273 18 07 16 0.34 210.88 357.23 -4.46 1647   19.88   384.2  271467.  -0.49  -1.23   0.00   0.00    0.00  0.00  0.00  0.00   2.30  436.3    507903.  17.52  378.9 280355.
273 18 08 37 0.34 210.88 357.22 -4.46 1647   19.78   379.6  278942.  -0.11  -3.29   0.00   0.00    0.00  0.00  0.00  0.00  -1.00   -1.0        -1.  20.28  408.8 923936.
273 18 09 58 0.34 210.88 357.22 -4.46 1647   19.76   378.1  299186.  -0.92  -1.22   0.00   0.00    0.00  0.00  0.00  0.00  -1.00   -1.0        -1.  20.06  404.2 796139.
273 18 11 19 0.34 210.89 357.21 -4.46 1647   24.70   373.1  264509.  -1.88  -2.83   0.00   0.00    0.00  0.00  0.00  0.00  -1.00   -1.0        -1.  21.30  375.9 332954.
273 18 12 40 0.34 210.89 357.20 -4.46 1647   21.98   358.4  244086.  -7.85  -1.16   0.00   0.00    0.00  0.00  0.00  0.00  -1.00   -1.0        -1.  19.47  369.8 281917.
273 18 14 01 0.34 210.90 357.20 -4.46 1647   21.84   363.4  263840.  -8.03  -2.86   0.00   0.00    0.00  0.00  0.00  0.00   1.96  437.7    529330.  18.73  367.5 272234.
273 18 15 22 0.34 210.90 357.19 -4.46 1647   22.17   371.7  201434.  -2.11  -0.41   0.00   0.00    0.00  0.00  0.00  0.00  -1.00   -1.0        -1.  21.98  397.6 752418.
273 18 16 43 0.34 210.91 357.18 -4.46 1647   22.88   389.4  207411.   0.00   0.00   0.00   0.00    0.00  0.00  0.00  0.00  -1.00   -1.0        -1.  19.95  402.3 375762.
273 18 18 04 0.34 210.91 357.17 -4.46 1647   23.45   379.7  272344.  -1.69   0.14   0.00   0.00    0.00  0.00  0.00  0.00  -1.00   -1.0        -1.  20.42  385.2 377961.
273 18 19 25 0.34 210.92 357.16 -4.45 1647   22.15   389.3  235783.  -0.24  -0.11   0.00   0.00    0.00  0.00  0.00  0.00  -1.00   -1.0        -1.  21.10  398.1 422868.
273 18 20 46 0.34 210.92 357.15 -4.45 1647   23.62   382.0  315724.  -5.69   2.14   0.00   0.00    0.00  0.00  0.00  0.00  -1.00   -1.0        -1.  21.83  397.1 545735.
273 18 22 07 0.34 210.93 357.15 -4.45 1647   20.59   404.4  309097.  -2.77  -0.42   0.00   0.00    0.00  0.00  0.00  0.00  -1.00   -1.0        -1.  18.14  413.4 385290.
273 18 23 28 0.34 210.93 357.14 -4.45 1647   21.28   390.8  288382.  -3.78   2.53   0.00   0.00    0.00  0.00  0.00  0.00  -1.00   -1.0        -1.  19.70  412.6 698919.
273 18 24 49 0.34 210.94 357.13 -4.45 1647   20.17   374.5  274176.  -7.19   1.98   0.00   0.00    0.00  0.00  0.00  0.00  -1.00   -1.0        -1.  19.22  411.8 835341.
273 18 26 10 0.34 210.94 357.13 -4.45 1647   21.33   376.9  323712.  -5.36   0.00   0.00   0.00    0.00  0.00  0.00  0.00   1.69  417.2    286501.  20.09  394.6 526848.
273 18 27 31 0.34 210.95 357.12 -4.45 1647   21.30   390.3  309968.  -5.32   4.65   0.00   0.00    0.00  0.00  0.00  0.00  -1.00   -1.0        -1.  19.57  408.6 583443.
273 18 28 52 0.34 210.95 357.11 -4.45 1647   25.03   472.6  270376. -11.40  17.32   0.00   0.00    0.00  0.00  0.00  0.00  -1.00   -1.0        -1.  22.42  488.1 317449.
273 18 30 13 0.34 210.96 357.10 -4.45 1647   25.20   495.5  545705.  -2.92  17.33   0.00   0.00    0.00  0.00  0.00  0.00   0.15  691.4    547820.  21.88  508.4 713823.
273 18 31 34 0.34 210.96 357.09 -4.45 1647   21.32   383.3  191805.  -4.86   8.60   0.00   0.00    0.00  0.00  0.00  0.00   1.79  417.9    283214.  18.52  397.4 315068.
273 18 32 55 0.34 210.96 357.08 -4.45 1647   22.87   373.5  265331.  -8.45   4.30   0.00   0.00    0.00  0.00  0.00  0.00   1.86  440.2    554577.  20.04  385.6 306823.
273 18 34 16 0.34 210.97 357.08 -4.45 1647   22.30   378.5  195674.   2.52   0.00   0.00   0.00    0.00  0.00  0.00  0.00  -1.00   -1.0        -1.  19.35  371.5 190122.
273 18 35 37 0.34 210.97 357.07 -4.45 1647   22.56   373.8  183684.   1.94  -2.18   0.00   0.00    0.00  0.00  0.00  0.00  -1.00   -1.0        -1.  20.71  377.6 317576.
273 18 36 58 0.34 210.98 357.06 -4.45 1647   21.36   377.4  220226.   0.00   3.27   0.00   0.00    0.00  0.00  0.00  0.00  -1.00   -1.0        -1.  19.70  386.7 367479.
273 18 38 19 0.34 210.98 357.06 -4.45 1647   18.60   408.4  266240.  -3.39  10.01   0.00   0.00    0.00  0.00  0.00  0.00   1.99  451.3    406538.  15.79  413.9 211666.
273 18 39 40 0.34 210.99 357.05 -4.45 1647   20.55   383.0  191594.  -6.40   8.74   0.00   0.00    0.00  0.00  0.00  0.00  -1.00   -1.0        -1.  17.28  391.6 217699.
273 18 41 01 0.34 210.99 357.04 -4.45 1647   19.98   397.5  157927.  -8.63  10.40   0.00   0.00    0.00  0.00  0.00  0.00  -1.00   -1.0        -1.  17.85  405.3 213446.
273 18 42 22 0.34 211.00 357.03 -4.45 1647   19.52   413.1  203360.  -7.23   5.80   0.00   0.00    0.00  0.00  0.00  0.00  -1.00   -1.0        -1.  17.91  425.3 353809.
273 18 43 43 0.34 211.00 357.02 -4.44 1647   23.22   400.3  320918.   0.00   4.97   0.00   0.00    0.00  0.00  0.00  0.00  -1.00   -1.0        -1.  20.84  398.1 320405.
273 18 45 04 0.34 211.01 357.02 -4.44 1647   23.53   398.6  283350.  -3.66   7.03   0.00   0.00    0.00  0.00  0.00  0.00   1.34  491.2    643195.  20.76  406.0 340071.
273 18 46 25 0.34 211.01 357.01 -4.44 1647   26.21   407.4  317469.  -6.75   6.52   0.00   0.00    0.00  0.00  0.00  0.00  -1.00   -1.0        -1.  21.73  418.1 358376.
273 18 47 46 0.34 211.01 357.00 -4.44 1647   23.64   399.3  254949.  -3.97   6.23   0.00   0.00    0.00  0.00  0.00  0.00  -1.00   -1.0        -1.  21.17  404.2 313401.
273 18 49 07 0.34 211.02 356.99 -4.44 1647   22.77   386.2  238424.  -4.21   5.03   0.00   0.00    0.00  0.00  0.00  0.00   1.69  426.5    318674.  20.49  391.4 306421.
273 18 50 28 0.34 211.03 356.99 -4.44 1647   27.58   382.3  265812.  -9.92   5.38   0.00   0.00    0.00  0.00  0.00  0.00  -1.00   -1.0        -1.  22.29  392.7 235653.
273 18 51 49 0.34 211.03 356.98 -4.44 1647   26.79   389.7  225787.   0.00   4.31   0.00   0.00    0.00  0.00  0.00  0.00  -1.00   -1.0        -1.  22.93  392.1 287326.
273 18 53 10 0.34 211.04 356.97 -4.44 1647   25.94   377.1  194998.  -5.35   3.63   0.00   0.00    0.00  0.00  0.00  0.00  -1.00   -1.0        -1.  21.91  386.4 234558.
273 18 54 31 0.34 211.04 356.96 -4.44 1647   22.82   403.0  177762.   5.36   2.90   0.00   0.00    0.00  0.00  0.00  0.00  -1.00   -1.0        -1.  18.77  402.0 211335.
273 18 55 52 0.34 211.04 356.95 -4.44 1647   25.11   391.2  150612.   2.90   4.65   0.00   0.00    0.00  0.00  0.00  0.00  -1.00   -1.0        -1.  22.25  390.6 200141.
273 18 57 13 0.34 211.05 356.95 -4.44 1647   25.59   390.9  192380.   0.54   6.18   0.00   0.00    0.00  0.00  0.00  0.00   2.09  421.6    365737.  20.69  396.1 242933.
273 18 58 34 0.34 211.05 356.94 -4.44 1647   22.21   395.3  156829.   3.14   3.95   0.00   0.00    0.00  0.00  0.00  0.00  -1.00   -1.0        -1.  19.19  395.1 182115.
273 18 59 55 0.34 211.06 356.93 -4.44 1647   24.51   395.1  207343.   3.92   1.35   0.00   0.00    0.00  0.00  0.00  0.00  -1.00   -1.0        -1.  21.02  391.7 262394.
273 19 01 16 0.34 211.06 356.92 -4.44 1647   23.52   383.5  169803.   2.39   0.99   0.00   0.00    0.00  0.00  0.00  0.00  -1.00   -1.0        -1.  20.30  382.9 223731.
273 19 02 37 0.34 211.07 356.92 -4.44 1647   24.74   393.5  201726.   3.72   0.61   0.00   0.00    0.00  0.00  0.00  0.00  -1.00   -1.0        -1.  21.11  390.7 275882.
273 19 03 58 0.34 211.07 356.91 -4.44 1647   27.11   406.4  228233.   6.70  -1.27   0.00   0.00    0.00  0.00  0.00  0.00  -1.00   -1.0        -1.  23.30  400.6 290165.
273 19 05 19 0.34 211.08 356.90 -4.44 1647   23.88   393.9  190675.   6.58  -5.38   0.00   0.00    0.00  0.00  0.00  0.00  -1.00   -1.0        -1.  20.83  385.3 172399.
273 19 06 40 0.34 211.08 356.89 -4.44 1647   23.29   416.1  198780.   8.79   2.06   0.00   0.00    0.00  0.00  0.00  0.00   1.91  458.2    326600.  20.01  413.8 250612.
273 19 08 01 0.34 211.09 356.89 -4.43 1647   26.96   402.6  104847.   8.67  -2.56   0.00   0.00    0.00  0.00  0.00  0.00   2.92  437.8    360319.  23.16  395.1 132319.
273 19 09 22 0.34 211.09 356.88 -4.43 1647   31.09   404.2  119888.   9.15  -1.14   0.00   0.00    0.00  0.00  0.00  0.00   2.50  426.8    316556.  23.92  391.7 106150.
273 19 10 43 0.34 211.09 356.87 -4.43 1647   29.57   406.0   97600.   9.79  -4.02   0.00   0.00    0.00  0.00  0.00  0.00   2.32  437.8    339022.  24.32  396.7 113124.
273 19 12 04 0.34 211.10 356.86 -4.43 1647   31.58   404.5  122915.   9.96  -1.88   0.00   0.00    0.00  0.00  0.00  0.00  -1.00   -1.0        -1.  24.97  392.5 112286.
273 19 13 25 0.34 211.11 356.86 -4.43 1647   28.03   408.1   99510.  11.04  -3.74   0.00   0.00    0.00  0.00  0.00  0.00   3.12  427.8    496040.  23.08  397.3 128096.
273 19 14 46 0.34 211.11 356.85 -4.43 1647   28.23   401.9  122542.   9.61  -1.63   0.00   0.00    0.00  0.00  0.00  0.00  -1.00   -1.0        -1.  22.85  390.3 107397.
273 19 16 07 0.34 211.12 356.84 -4.43 1647   25.04   415.6   91200.  11.62  -3.33   0.00   0.00    0.00  0.00  0.00  0.00   2.25  456.7    500691.  20.68  404.4 108213.
273 19 17 28 0.34 211.12 356.83 -4.43 1647   27.84   418.5  104613.  11.33  -2.68   0.00   0.00    0.00  0.00  0.00  0.00   2.50  426.3    349534.  22.64  405.0 100868.
273 19 18 49 0.34 211.12 356.82 -4.43 1647   25.96   424.1   77193.  11.38  -3.67   0.00   0.00    0.00  0.00  0.00  0.00   2.69  442.8    363438.  22.31  411.9  96011.
273 19 20 10 0.34 211.13 356.82 -4.43 1647   29.73   378.8  145995.   0.00   0.00   0.00   0.00    0.00  0.00  0.00  0.00   3.30  389.2    226054.  25.05  377.1 136516.
273 19 21 31 0.34 211.13 356.81 -4.43 1647   29.07   423.5  107625.   9.44   2.99   0.00   0.00    0.00  0.00  0.00  0.00   3.81  428.5    592129.  24.04  409.2 103743.
273 19 22 52 0.34 211.14 356.80 -4.43 1647   24.19   409.7  132245.   9.80   1.90   0.00   0.00    0.00  0.00  0.00  0.00   2.76  448.8    459566.  19.77  404.9 154792.
273 19 24 13 0.34 211.14 356.79 -4.43 1647   19.68   429.8   97821.  11.26  -0.85   0.00   0.00    0.00  0.00  0.00  0.00   2.49  442.4    380992.  15.85  415.5  96599.
273 19 25 34 0.34 211.15 356.79 -4.43 1647   20.47   452.3   81377.  12.55   2.82   0.00   0.00    0.00  0.00  0.00  0.00   3.37  446.3    612412.  14.42  438.9  73178.
273 19 26 55 0.34 211.15 356.78 -4.43 1647   25.46   449.4   78129.  13.02  -2.02   0.00   0.00    0.00  0.00  0.00  0.00   2.81  457.1    604941.  22.26  433.8 107121.
273 19 28 16 0.34 211.16 356.77 -4.43 1647   21.40   416.6   98155.  10.25   0.05   0.00   0.00    0.00  0.00  0.00  0.00   2.08  431.8    263697.  18.43  405.4 129704.
273 19 29 37 0.34 211.16 356.76 -4.43 1647   25.06   409.2  109255.   9.52  -1.40   0.00   0.00    0.00  0.00  0.00  0.00   2.34  440.5    381122.  22.36  399.9 122629.
273 19 30 58 0.34 211.16 356.75 -4.43 1647   27.37   390.8  135850.   9.02  -0.79   0.00   0.00    0.00  0.00  0.00  0.00  -1.00   -1.0        -1.  22.54  378.1 128977.
273 19 32 19 0.34 211.17 356.75 -4.42 1647   24.91   401.0  113722.   9.27   0.77   0.00   0.00    0.00  0.00  0.00  0.00  -1.00   -1.0        -1.  20.75  393.8 146125.
273 19 33 40 0.34 211.17 356.74 -4.42 1647   24.81   375.6  134954.   6.88  -1.19   0.00   0.00    0.00  0.00  0.00  0.00   2.88  406.1    494766.  21.11  370.3 156196.
273 19 35 01 0.34 211.18 356.73 -4.42 1647   25.90   367.9  161708.   4.42  -1.28   0.00   0.00    0.00  0.00  0.00  0.00   2.41  417.9    478602.  21.50  368.0 204637.
273 19 36 22 0.34 211.18 356.72 -4.42 1647   26.83   362.2  136861.   0.01  -0.27   0.00   0.00    0.00  0.00  0.00  0.00   2.52  401.9    430265.  23.15  362.9 174592.
273 19 37 43 0.34 211.19 356.72 -4.42 1647   26.89   367.6  143520.  -4.20   3.72   0.00   0.00    0.00  0.00  0.00  0.00   2.00  420.6    358903.  23.39  374.0 188566.
273 19 39 04 0.34 211.20 356.71 -4.42 1647   27.45   354.8  153749.  -2.88   0.00   0.00   0.00    0.00  0.00  0.00  0.00   2.24  384.4    216711.  24.22  358.9 187709.
273 19 40 25 0.34 211.20 356.70 -4.42 1647   25.71   364.3  164284.   2.03  -7.06   0.00   0.00    0.00  0.00  0.00  0.00  -1.00   -1.0        -1.  21.88  359.2 148113.
273 19 41 46 0.34 211.20 356.69 -4.42 1647   26.42   375.6  132115.   5.60  -4.05   0.00   0.00    0.00  0.00  0.00  0.00   2.19  416.5    315919.  22.79  371.2 144556.
273 19 43 07 0.34 211.21 356.69 -4.42 1647   28.99   364.4  147727.  -3.64   3.35   0.00   0.00    0.00  0.00  0.00  0.00   2.66  408.5    415907.  23.30  366.3 139505.
273 19 44 28 0.34 211.21 356.68 -4.42 1647   26.33   363.7  184054.  -2.32   0.63   0.00   0.00    0.00  0.00  0.00  0.00   3.53  397.3    458487.  22.37  362.7 177996.
273 19 45 49 0.34 211.22 356.67 -4.42 1647   25.94   378.1  143520.   6.89   0.00   0.00   0.00    0.00  0.00  0.00  0.00  -1.00   -1.0        -1.  21.81  367.7 134788.
273 19 47 10 0.34 211.22 356.66 -4.42 1647   27.64   361.4  140119.   3.20  -4.80   0.00   0.00    0.00  0.00  0.00  0.00   2.46  407.1    321506.  23.75  358.9 180283.
273 19 48 31 0.34 211.23 356.65 -4.42 1647   24.47   353.0  123873.   1.40  -3.55   0.00   0.00    0.00  0.00  0.00  0.00   3.11  387.8    390231.  21.34  353.5 144264.
273 19 49 52 0.34 211.23 356.65 -4.42 1647   26.84   351.1  136724.  -2.69  -3.70   0.00   0.00    0.00  0.00  0.00  0.00   2.94  396.8    379069.  22.93  349.5 129373.
273 19 51 13 0.34 211.24 356.64 -4.42 1647   26.91   360.6  155799.   0.00   0.81   0.00   0.00    0.00  0.00  0.00  0.00   2.53  414.3    410384.  22.08  359.7 138660.
273 19 52 34 0.34 211.24 356.63 -4.42 1647   25.18   351.9  147360.   0.00  -2.34   0.00   0.00    0.00  0.00  0.00  0.00  -1.00   -1.0        -1.  21.43  354.4 190723.
273 19 53 55 0.34 211.24 356.62 -4.42 1647   26.31   363.2  170892.   3.48  -3.25   0.00   0.00    0.00  0.00  0.00  0.00  -1.00   -1.0        -1.  21.89  357.5 157352.
273 19 55 16 0.34 211.25 356.62 -4.42 1647   26.26   350.7  145749.  -4.45  -2.62   0.00   0.00    0.00  0.00  0.00  0.00  -1.00   -1.0        -1.  22.78  357.7 192536.
273 19 56 37 0.34 211.25 356.61 -4.41 1647   26.75   354.5  173909.  -0.82  -2.57   0.00   0.00    0.00  0.00  0.00  0.00   3.78  382.9    410657.  22.26  353.8 150852.
273 19 57 58 0.34 211.26 356.60 -4.41 1647   26.65   371.3  179724.   0.00  -4.97   0.00   0.00    0.00  0.00  0.00  0.00  -1.00   -1.0        -1.  20.34  374.5 150556.
273 19 59 19 0.34 211.26 356.59 -4.41 1647   26.43   363.3  138917.   0.00   1.14   0.00   0.00    0.00  0.00  0.00  0.00  -1.00   -1.0        -1.  21.38  360.8 136451.
273 20 00 40 0.34 211.27 356.58 -4.41 1647   26.33   359.1  126518.   1.18   2.25   0.00   0.00    0.00  0.00  0.00  0.00   3.02  401.0    456292.  21.43  353.8 121021.
273 20 02 01 0.34 211.28 356.58 -4.41 1647   24.20   382.9  129435.   4.06   6.02   0.00   0.00    0.00  0.00  0.00  0.00  -1.00   -1.0        -1.  20.35  381.0 160659.
273 20 03 22 0.34 211.28 356.57 -4.41 1647   26.78   373.1  180302.  -0.11   5.58   0.00   0.00    0.00  0.00  0.00  0.00  -1.00   -1.0        -1.  21.45  371.3 158934.
273 20 04 43 0.34 211.28 356.56 -4.41 1647   26.18   353.8  118465.  -0.40   3.00   0.00   0.00    0.00  0.00  0.00  0.00   4.54  386.4    480486.  21.79  355.9 143845.
273 20 06 04 0.34 211.29 356.56 -4.41 1647   27.96   352.6  147045.  -4.75   2.61   0.00   0.00    0.00  0.00  0.00  0.00   4.33  394.3    509215.  23.99  358.9 182895.
273 20 07 25 0.34 211.29 356.55 -4.41 1647   30.61   352.6  178305.  -7.48  -1.21   0.00   0.00    0.00  0.00  0.00  0.00  -1.00   -1.0        -1.  25.97  363.2 225086.
273 20 08 46 0.34 211.30 356.54 -4.41 1647   29.02   348.9  161292.  -3.21   0.91   0.00   0.00    0.00  0.00  0.00  0.00   3.33  410.4    334578.  25.51  352.8 183304.
273 20 10 07 0.34 211.30 356.53 -4.41 1647   33.14   368.0  231391. -10.89   8.26   0.00   0.00    0.00  0.00  0.00  0.00  -1.00   -1.0        -1.  27.06  384.2 290685.
273 20 11 28 0.34 211.31 356.53 -4.41 1647   25.61   356.7  139489.   0.00  -0.27   0.00   0.00    0.00  0.00  0.00  0.00   3.33  413.6    335085.  20.98  353.8 126998.
273 20 12 49 0.34 211.31 356.51 -4.41 1647   20.77   379.7   77203. -22.69  -0.86   0.00   0.00    0.00  0.00  0.00  0.00  -1.00   -1.0        -1.  20.51  423.2 497151.
273 20 14 10 0.34 211.32 356.51 -4.41 1647   24.37   353.3  127616.   0.00   3.14   0.00   0.00    0.00  0.00  0.00  0.00   4.20  399.3    534618.  20.53  350.3 119037.
273 20 15 31 0.34 211.32 356.50 -4.41 1647   26.52   340.7  127323.  -8.63   1.10   0.00   0.00    0.00  0.00  0.00  0.00   3.02  368.0    221974.  22.30  352.0 144569.
273 20 16 52 0.34 211.32 356.49 -4.41 1647   26.88   346.9  151862.   0.00  -2.18   0.00   0.00    0.00  0.00  0.00  0.00   3.26  389.7    234305.  22.24  346.0 137988.
273 20 18 13 0.34 211.33 356.49 -4.41 1647   28.83   345.4  168426. -11.53  -1.24   0.00   0.00    0.00  0.00  0.00  0.00   3.85  401.7    473119.  24.01  353.3 157638.
273 20 19 34 0.34 211.33 356.48 -4.41 1647   26.70   343.9  134304. -10.76   0.27   0.00   0.00    0.00  0.00  0.00  0.00   3.27  377.8    256719.  22.67  355.5 174813.
273 20 20 55 0.34 211.34 356.47 -4.40 1647   27.13   338.9  132622.  -9.00  -3.47   0.00   0.00    0.00  0.00  0.00  0.00   4.27  376.6    479732.  23.63  348.8 162745.
273 20 22 16 0.34 211.34 356.46 -4.40 1647   29.69   349.5  136838. -16.41  -4.56   0.00   0.00    0.00  0.00  0.00  0.00   3.38  387.9    449522.  25.09  365.7 172363.
273 20 23 37 0.34 211.35 356.46 -4.40 1647   31.94   345.6  190811. -11.39  -1.70   0.00   0.00    0.00  0.00  0.00  0.00  -1.00   -1.0        -1.  27.97  353.4 181037.
273 20 24 58 0.34 211.35 356.45 -4.40 1647   32.03   350.2  218033. -15.51  -0.32   0.00   0.00    0.00  0.00  0.00  0.00  -1.00   -1.0        -1.  25.93  364.4 183658.
273 20 26 19 0.34 211.36 356.44 -4.40 1647   28.37   340.2  141821.   0.00  -3.55   0.00   0.00    0.00  0.00  0.00  0.00   3.05  400.3    292387.  25.36  342.6 182122.
273 20 27 40 0.34 211.36 356.43 -4.40 1647   29.72   339.6  115155.   1.34  -3.14   0.00   0.00    0.00  0.00  0.00  0.00   4.00  396.2    482929.  26.23  337.7 144189.
273 20 29 01 0.34 211.37 356.43 -4.40 1647   29.18   340.1  132706.   0.80  -2.35   0.00   0.00    0.00  0.00  0.00  0.00   3.98  398.5    789687.  24.59  334.8 124296.
273 20 30 22 0.34 211.37 356.42 -4.40 1647   29.22   340.9  154143.   0.67  -4.90   0.00   0.00    0.00  0.00  0.00  0.00   3.79  397.5    457045.  24.67  338.3 135298.
273 20 31 43 0.34 211.38 356.41 -4.40 1647   28.27   336.2  128519.  -2.83  -1.80   0.00   0.00    0.00  0.00  0.00  0.00   4.22  394.6    741610.  24.53  335.0 128100.
273 20 33 04 0.34 211.38 356.40 -4.40 1647   27.49   334.6  120050.  -0.66  -7.38   0.00   0.00    0.00  0.00  0.00  0.00   3.37  382.5    296480.  24.65  335.6 142026.
273 20 34 25 0.34 211.39 356.39 -4.40 1647   28.81   339.4  132368.  -1.67 -10.03   0.00   0.00    0.00  0.00  0.00  0.00   3.51  387.5    421481.  25.17  342.6 163982.
273 20 35 46 0.34 211.39 356.39 -4.40 1647   29.07   335.5  115505.  -2.73  -1.05   0.00   0.00    0.00  0.00  0.00  0.00   3.00  356.0    259149.  25.46  338.5 134243.
273 20 37 07 0.34 211.40 356.38 -4.40 1647   28.26   337.4  130364.  -4.09  -7.03   0.00   0.00    0.00  0.00  0.00  0.00   3.38  384.3    458929.  24.24  337.3 123669.
273 20 38 28 0.34 211.40 356.37 -4.40 1647   30.28   339.6  152817.  -2.67  -1.39   0.00   0.00    0.00  0.00  0.00  0.00   4.00  394.5    517531.  25.44  339.8 137163.
273 20 39 49 0.34 211.40 356.36 -4.40 1647   31.24   349.9  170797.  -4.38   4.53   0.00   0.00    0.00  0.00  0.00  0.00  -1.00   -1.0        -1.  26.11  350.6 156826.
273 20 41 10 0.34 211.41 356.36 -4.40 1647   30.88   355.4  150953.  -3.50   5.57   0.00   0.00    0.00  0.00  0.00  0.00   2.90  407.5    398443.  26.93  360.0 184993.
273 20 42 31 0.34 211.41 356.35 -4.40 1647   31.23   344.3  136305.  -4.02   3.02   0.00   0.00    0.00  0.00  0.00  0.00   3.81  384.0    450106.  26.96  349.0 162546.
273 20 43 52 0.34 211.42 356.34 -4.40 1647   28.27   349.2  154084.   2.32   2.29   0.00   0.00    0.00  0.00  0.00  0.00   3.80  400.0    500925.  23.25  345.5 134733.
273 20 45 13 0.34 211.42 356.33 -4.39 1647   30.03   341.7  126745.  -1.81   1.27   0.00   0.00    0.00  0.00  0.00  0.00   3.59  409.2    521806.  24.95  340.6 117510.
273 20 46 34 0.34 211.43 356.32 -4.39 1647   31.03   349.5  152206.   0.64   4.62   0.00   0.00    0.00  0.00  0.00  0.00   3.88  396.4    517752.  25.00  347.1 135227.
273 20 47 55 0.34 211.43 356.32 -4.39 1647   28.02   340.7  128704.  -2.58   0.87   0.00   0.00    0.00  0.00  0.00  0.00   3.03  394.2    311397.  24.68  344.1 161179.
273 20 49 16 0.34 211.44 356.31 -4.39 1647   28.48   348.8  152684.   0.00   2.07   0.00   0.00    0.00  0.00  0.00  0.00   3.19  402.2    481149.  23.51  347.6 140616.
273 20 50 37 0.34 211.44 356.30 -4.39 1647   31.65   359.2  150693. -13.53   2.91   0.00   0.00    0.00  0.00  0.00  0.00  -1.00   -1.0        -1.  25.74  371.5 193683.
273 20 51 58 0.34 211.45 356.29 -4.39 1647   30.73   348.6  159103.  -1.30   5.59   0.00   0.00    0.00  0.00  0.00  0.00  -1.00   -1.0        -1.  25.76  351.6 193306.
273 20 53 19 0.34 211.45 356.29 -4.39 1647   28.68   338.4  133606.  -2.01  -1.49   0.00   0.00    0.00  0.00  0.00  0.00   3.59  381.7    488152.  24.65  336.1 120583.
273 20 54 40 0.34 211.46 356.28 -4.39 1647   33.37   342.3  143475.  -3.95  -1.22   0.00   0.00    0.00  0.00  0.00  0.00   2.78  402.7    360267.  27.25  344.2 130825.
273 20 56 01 0.34 211.46 356.27 -4.39 1647   31.67   339.9  127239.  -4.06   1.40   0.00   0.00    0.00  0.00  0.00  0.00  -1.00   -1.0        -1.  27.70  345.0 157664.
273 20 57 22 0.34 211.47 356.26 -4.39 1647   32.40   342.9  153737.  -1.85   1.84   0.00   0.00    0.00  0.00  0.00  0.00   2.73  386.3    245830.  26.90  342.4 133456.
273 20 58 43 0.34 211.47 356.25 -4.39 1647   33.80   341.8  124185.  -1.47   0.62   0.00   0.00    0.00  0.00  0.00  0.00   2.69  398.7    303913.  27.41  339.1 114511.
273 21 00 04 0.34 211.48 356.25 -4.39 1647   35.39   343.5  148494.  -1.23   1.77   0.00   0.00    0.00  0.00  0.00  0.00   2.80  407.1    355433.  28.75  341.7 127979.
273 21 01 25 0.34 211.48 356.24 -4.39 1647   33.34   344.9  129276.  -1.26   2.66   0.00   0.00    0.00  0.00  0.00  0.00   3.40  411.1    546858.  27.09  342.1 116298.
273 21 02 46 0.34 211.48 356.23 -4.39 1647   33.76   343.8  152141.  -2.48   1.58   0.00   0.00    0.00  0.00  0.00  0.00   3.18  404.7    406317.  28.29  343.7 130958.
273 21 04 07 0.34 211.49 356.23 -4.39 1647   33.87   347.9  175751.  -1.64   3.50   0.00   0.00    0.00  0.00  0.00  0.00   2.77  396.5    322351.  28.29  346.6 165307.
273 21 05 28 0.34 211.49 356.22 -4.39 1647   34.06   342.8  153545.  -1.82  -0.28   0.00   0.00    0.00  0.00  0.00  0.00   3.48  394.5    517739.  27.98  341.6 136578.
273 21 06 49 0.34 211.50 356.21 -4.39 1647   32.19   342.8  124257.  -0.68   3.80   0.00   0.00    0.00  0.00  0.00  0.00   2.92  395.9    369012.  26.34  338.9 117263.
273 21 08 10 0.34 211.50 356.20 -4.38 1647   33.09   343.2  150852.  -1.34   2.06   0.00   0.00    0.00  0.00  0.00  0.00   3.02  384.0    318388.  27.39  342.7 135250.
273 21 09 31 0.34 211.51 356.19 -4.38 1647   33.44   339.7  129185.  -2.84   0.25   0.00   0.00    0.00  0.00  0.00  0.00   3.73  406.4    544611.  27.19  340.3 121379.
273 21 10 52 0.34 211.51 356.19 -4.38 1647   30.54   369.4  133781.   8.62   5.24   0.00   0.00    0.00  0.00  0.00  0.00   2.64  425.6    279757.  25.80  355.7 121791.
273 21 12 13 0.34 211.52 356.18 -4.38 1647   32.87   346.9  128938.   2.39   3.59   0.00   0.00    0.00  0.00  0.00  0.00   3.73  410.6    466271.  27.86  343.8 156017.
273 21 13 34 0.34 211.52 356.17 -4.38 1647   31.83   346.2  115846.   6.06   2.75   0.00   0.00    0.00  0.00  0.00  0.00   3.07  392.6    296766.  27.28  341.1 132933.
273 21 14 55 0.34 211.53 356.16 -4.38 1647   30.35   361.7  136120.  12.64   0.84   0.00   0.00    0.00  0.00  0.00  0.00   3.40  425.9    467154.  25.65  349.2 165103.
273 21 16 16 0.34 211.53 356.16 -4.38 1647   31.96   338.7  114122.   3.62   0.23   0.00   0.00    0.00  0.00  0.00  0.00   3.88  401.3    457435.  27.12  336.6 129776.
273 21 17 37 0.34 211.54 356.15 -4.38 1647   30.83   339.6  133479.   4.54   0.34   0.00   0.00    0.00  0.00  0.00  0.00   3.19  402.6    284422.  25.72  333.1 121993.
273 21 18 58 0.34 211.54 356.14 -4.38 1647   30.72   333.6  118575.   0.35   0.00   0.00   0.00    0.00  0.00  0.00  0.00   3.55  397.2    477069.  25.95  334.3 140639.
273 21 20 19 0.34 211.55 356.13 -4.38 1647   31.07   336.1  135877.   1.14   0.02   0.00   0.00    0.00  0.00  0.00  0.00   3.07  394.6    387723.  25.52  332.2 120082.
273 21 21 40 0.34 211.55 356.12 -4.38 1647   29.97   334.7  114576.   1.52   0.18   0.00   0.00    0.00  0.00  0.00  0.00   3.80  399.0    469077.  24.84  333.7 136617.
273 21 23 01 0.34 211.56 356.12 -4.38 1647   30.61   334.4  136364.   0.00   0.87   0.00   0.00    0.00  0.00  0.00  0.00   3.59  399.9    295467.  24.49  332.8 124052.
273 21 24 22 0.34 211.56 356.11 -4.38 1647   28.77   338.8  114732.   3.49   1.29   0.00   0.00    0.00  0.00  0.00  0.00   3.65  398.8    463087.  24.77  334.1 135747.
273 21 25 43 0.34 211.56 356.10 -4.38 1647   28.49   330.2  101521.   0.70   1.64   0.00   0.00    0.00  0.00  0.00  0.00   4.85  397.0    285241.  23.66  330.4 117273.
273 21 27 04 0.34 211.57 356.10 -4.38 1647   29.03   332.3  119355.   1.85  -1.00   0.00   0.00    0.00  0.00  0.00  0.00   4.80  396.2    432448.  24.22  331.1 142172.
273 21 28 25 0.34 211.57 356.09 -4.38 1647   28.82   335.7  134681.   2.47   0.08   0.00   0.00    0.00  0.00  0.00  0.00   4.35  407.2    422183.  23.33  331.0 122113.
273 21 29 46 0.34 211.58 356.08 -4.38 1647   30.72   338.7  117477.   3.85   0.29   0.00   0.00    0.00  0.00  0.00  0.00   5.57  401.0    407045.  25.77  335.2 137819.
273 21 31 07 0.34 211.58 356.07 -4.38 1647   28.34   342.0  121840.   4.08   1.23   0.00   0.00    0.00  0.00  0.00  0.00   4.01  401.6    290152.  23.82  333.8 113790.
273 21 32 28 0.34 211.59 356.06 -4.37 1647   30.11   348.2  147295.   7.54   0.48   0.00   0.00    0.00  0.00  0.00  0.00   5.07  402.3    430590.  24.97  336.3 138654.
273 21 33 49 0.34 211.59 356.05 -4.37 1647   30.87   343.5  135230.   7.33   1.46   0.00   0.00    0.00  0.00  0.00  0.00   4.15  394.7    340763.  25.49  333.2 118715.
273 21 35 10 0.34 211.60 356.05 -4.37 1647   29.35   336.4  115983.   3.34   3.42   0.00   0.00    0.00  0.00  0.00  0.00   3.92  393.5    379576.  25.07  334.0 141902.
273 21 36 31 0.34 211.60 356.04 -4.37 1647   29.88   342.1  129272.   5.38   2.08   0.00   0.00    0.00  0.00  0.00  0.00   4.06  400.7    275820.  24.73  333.2 118140.
273 21 37 52 0.34 211.61 356.03 -4.37 1647   30.38   349.2  151183.   8.72   2.42   0.00   0.00    0.00  0.00  0.00  0.00   6.06  403.8    427679.  24.72  335.6 142195.
273 21 39 13 0.34 211.61 356.03 -4.37 1647   28.42   343.1  124387.   7.57   1.28   0.00   0.00    0.00  0.00  0.00  0.00   5.61  404.1    279082.  23.62  330.8 121223.
273 21 40 34 0.34 211.62 356.02 -4.37 1647   31.38   339.1  122827.   6.67   2.83   0.00   0.00    0.00  0.00  0.00  0.00   6.56  401.8    416855.  26.12  332.5 142165.
273 21 41 55 0.34 211.62 356.01 -4.37 1647   29.71   337.8  136006.   3.58   4.12   0.00   0.00    0.00  0.00  0.00  0.00   5.52  400.1    271324.  25.05  331.3 121411.
273 21 43 16 0.34 211.63 356.00 -4.37 1647   29.48   332.8  119270.   1.20   2.57   0.00   0.00    0.00  0.00  0.00  0.00   6.17  394.3    407669.  25.25  331.3 148315.
273 21 44 37 0.34 211.63 356.00 -4.37 1647   29.80   335.9  133138.   4.29   2.74   0.00   0.00    0.00  0.00  0.00  0.00   6.66  389.0    422988.  24.39  330.2 121850.
273 21 45 58 0.34 211.63 355.99 -4.37 1647   28.99   335.7  116392.   5.42   2.80   0.00   0.00    0.00  0.00  0.00  0.00   6.10  399.0    398508.  24.08  331.3 141435.
273 21 47 19 0.34 211.64 355.98 -4.37 1647   29.52   342.3  140278.   8.17   1.47   0.00   0.00    0.00  0.00  0.00  0.00   5.38  410.4    364854.  25.10  330.9 123568.
273 21 48 40 0.34 211.64 355.97 -4.37 1647   29.42   338.2  117640.   5.95   2.70   0.00   0.00    0.00  0.00  0.00  0.00   5.41  399.6    393596.  25.59  332.2 143549.
273 21 50 01 0.34 211.65 355.97 -4.37 1647   30.55   338.1  141483.   4.34   2.72   0.00   0.00    0.00  0.00  0.00  0.00   5.78  405.4    375522.  25.50  330.7 122074.
273 21 51 22 0.34 211.65 355.96 -4.37 1647   29.82   336.6  123916.   5.94   2.50   0.00   0.00    0.00  0.00  0.00  0.00   4.82  398.9    421559.  24.80  330.2 146093.
273 21 52 43 0.34 211.66 355.95 -4.37 1647   29.64   337.7  134350.   5.83   2.21   0.00   0.00    0.00  0.00  0.00  0.00   5.06  390.2    402471.  24.96  328.9 120667.
273 21 54 04 0.34 211.67 355.94 -4.37 1647   30.02   339.2  119907.   8.49   0.99   0.00   0.00    0.00  0.00  0.00  0.00   4.58  401.2    410761.  25.66  330.3 143650.
273 21 55 25 0.34 211.67 355.93 -4.37 1647   29.13   342.0  136188.   8.56   3.83   0.00   0.00    0.00  0.00  0.00  0.00   5.68  393.2    434098.  23.96  330.2 123195.
273 21 56 46 0.34 211.67 355.93 -4.36 1647   29.77   347.7  120550.  12.01   0.63   0.00   0.00    0.00  0.00  0.00  0.00   3.51  393.7    277171.  25.74  335.1 145875.
273 21 58 07 0.34 211.68 355.92 -4.36 1647   29.11   342.4  140600.  10.01   1.03   0.00   0.00    0.00  0.00  0.00  0.00   4.51  389.2    390231.  24.01  330.0 121723.
273 21 59 28 0.34 211.68 355.91 -4.36 1647   27.74   345.8  109155.   9.95   3.92   0.00   0.00    0.00  0.00  0.00  0.00   3.53  394.0    263411.  23.97  335.2 134194.
273 22 00 49 0.34 211.69 355.90 -4.36 1647   29.03   346.6  138238.  10.37   3.88   0.00   0.00    0.00  0.00  0.00  0.00   4.45  391.7    380070.  23.81  333.4 123091.
273 22 02 10 0.34 211.69 355.90 -4.36 1647   26.77   347.2  111003.  10.62   2.84   0.00   0.00    0.00  0.00  0.00  0.00   3.70  393.0    253068.  23.03  336.1 125728.
273 22 03 31 0.34 211.70 355.89 -4.36 1647   28.17   343.1  128983.   7.87   3.38   0.00   0.00    0.00  0.00  0.00  0.00   4.21  390.6    413997.  22.87  333.0 116025.
273 22 04 52 0.34 211.70 355.88 -4.36 1647   28.42   341.4  118949.   8.73   2.84   0.00   0.00    0.00  0.00  0.00  0.00   3.96  385.0    353575.  23.97  334.0 146132.
273 22 06 13 0.34 211.71 355.87 -4.36 1647   28.51   342.8  131683.   7.06   3.58   0.00   0.00    0.00  0.00  0.00  0.00   3.93  378.9    271623.  23.03  333.1 119452.
273 22 07 34 0.34 211.71 355.86 -4.36 1647   28.61   343.0  117389.   6.56   5.74   0.00   0.00    0.00  0.00  0.00  0.00   3.90  388.9    265074.  24.15  335.6 135935.
273 22 08 55 0.34 211.71 355.86 -4.36 1647   26.76   344.4  119764.   7.32   3.37   0.00   0.00    0.00  0.00  0.00  0.00   4.77  390.3    420909.  21.68  334.7 114200.
273 22 10 16 0.34 211.72 355.85 -4.36 1647   27.56   340.5  116756.   8.04   1.51   0.00   0.00    0.00  0.00  0.00  0.00   4.67  381.8    358500.  23.40  332.0 143465.
273 22 11 37 0.34 211.72 355.84 -4.36 1647   28.41   341.5  137179.   7.33   3.31   0.00   0.00    0.00  0.00  0.00  0.00   4.53  385.3    365244.  22.71  331.6 122447.
273 22 12 58 0.34 211.73 355.83 -4.36 1647   27.80   338.4  112679.   7.94   0.40   0.00   0.00    0.00  0.00  0.00  0.00   4.46  378.4    351847.  23.15  331.2 146216.
273 22 14 19 0.34 211.73 355.83 -4.36 1647   27.37   340.7  137478.   7.33   0.93   0.00   0.00    0.00  0.00  0.00  0.00   4.61  381.8    348287.  22.80  329.7 119066.
273 22 15 40 0.34 211.74 355.82 -4.36 1647   27.10   339.7  117776.   8.30   0.24   0.00   0.00    0.00  0.00  0.00  0.00   4.63  376.4    351925.  22.92  331.9 140996.
273 22 17 01 0.34 211.75 355.81 -4.36 1647   27.51   339.9  137952.   8.09   0.24   0.00   0.00    0.00  0.00  0.00  0.00   4.13  376.3    249443.  21.57  330.3 117568.
273 22 18 22 0.34 211.75 355.80 -4.36 1647   27.59   338.5  119163.   7.96  -0.31   0.00   0.00    0.00  0.00  0.00  0.00   4.26  376.3    361229.  23.82  330.3 146138.
273 22 19 43 0.34 211.75 355.80 -4.35 1647   28.87   341.5  136065.   8.96  -0.14   0.00   0.00    0.00  0.00  0.00  0.00   3.67  377.2    243439.  22.67  329.4 124244.
273 22 21 04 0.34 211.76 355.79 -4.35 1647   26.26   343.3  123305.   9.91  -0.88   0.00   0.00    0.00  0.00  0.00  0.00   4.33  378.0    347442.  22.25  333.5 145154.
273 22 22 26 0.34 211.76 355.78 -4.35 1647   26.89   348.6  138914.  11.15  -2.24   0.00   0.00    0.00  0.00  0.00  0.00   3.96  378.7    225365.  20.59  335.8 124988.
273 22 23 46 0.34 211.77 355.77 -4.35 1647   27.24   340.1  125345.   7.89   0.41   0.00   0.00    0.00  0.00  0.00  0.00   4.31  375.2    352081.  23.11  332.7 154464.
273 22 25 07 0.34 211.77 355.77 -4.35 1647   28.06   341.3  141025.   7.20   1.53   0.00   0.00    0.00  0.00  0.00  0.00   4.39  380.0    328731.  22.43  333.1 130737.
273 22 26 28 0.34 211.78 355.76 -4.35 1647   28.62   346.6  171915.   8.77  -1.40   0.00   0.00    0.00  0.00  0.00  0.00   4.13  380.3    326028.  22.83  335.4 155543.
273 22 27 49 0.34 211.78 355.75 -4.35 1647   29.60   349.4  150439.  10.26   0.54   0.00   0.00    0.00  0.00  0.00  0.00   3.98  377.3    239476.  24.24  341.1 173721.
273 22 29 10 0.34 211.79 355.74 -4.35 1647   28.41   350.0  156407.  10.62  -1.44   0.00   0.00    0.00  0.00  0.00  0.00   3.86  379.0    344506.  23.77  336.3 151885.
273 22 30 31 0.34 211.79 355.73 -4.35 1647   26.93   349.6  154867.  10.93  -0.44   0.00   0.00    0.00  0.00  0.00  0.00   3.42  378.3    251808.  23.29  339.8 173822.
273 22 31 52 0.34 211.79 355.73 -4.35 1647   28.66   358.0  154695.  13.24  -2.02   0.00   0.00    0.00  0.00  0.00  0.00   3.86  385.3    314711.  23.38  342.0 135308.
273 22 33 13 0.34 211.80 355.72 -4.35 1647   28.69   364.9  176934.  13.15   1.58   0.00   0.00    0.00  0.00  0.00  0.00   3.73  391.6    356668.  24.10  347.9 164430.
273 22 34 34 0.34 211.80 355.71 -4.35 1647   26.60   365.1  158268.  14.15   2.46   0.00   0.00    0.00  0.00  0.00  0.00   3.55  396.8    275573.  20.97  349.0 139294.
273 22 35 55 0.34 211.81 355.70 -4.35 1647   29.68   381.0  158148.  15.35   2.31   0.00   0.00    0.00  0.00  0.00  0.00   3.49  391.8    202613.  22.91  364.9 140434.
273 22 37 16 0.34 211.82 355.70 -4.35 1647   27.00   355.6  147178.   5.53   7.34   0.00   0.00    0.00  0.00  0.00  0.00   4.02  372.0    353991.  21.96  346.7 126768.
273 22 38 37 0.34 211.82 355.69 -4.35 1647   28.72   351.0  125959.   5.76   5.91   0.00   0.00    0.00  0.00  0.00  0.00   4.10  374.5    252691.  22.74  341.9 113884.
273 22 39 58 0.34 211.82 355.68 -4.35 1647   28.54   352.7  145908.   6.79   5.11   0.00   0.00    0.00  0.00  0.00  0.00   4.35  388.0    254952.  24.08  342.9 133206.
273 22 41 19 0.34 211.83 355.67 -4.35 1647   27.93   355.0  125507.   9.59   3.79   0.00   0.00    0.00  0.00  0.00  0.00   5.37  387.9    409423.  22.50  342.4 115824.
273 22 42 40 0.34 211.83 355.66 -4.35 1647   27.49   348.6  110772.   6.73   4.92   0.00   0.00    0.00  0.00  0.00  0.00   5.41  378.1    387268.  23.08  340.9 123990.
273 22 44 01 0.34 211.84 355.66 -4.34 1647   28.66   355.1  120271.   7.14   5.70   0.00   0.00    0.00  0.00  0.00  0.00   4.34  379.1    246051.  23.96  343.0 110630.
273 22 45 22 0.34 211.84 355.65 -4.34 1647   29.55   358.4  141500.   8.52   6.68   0.00   0.00    0.00  0.00  0.00  0.00   5.58  384.0    366738.  23.39  348.9 126329.
273 22 46 43 0.34 211.85 355.64 -4.34 1647   29.00   353.8  116590.   8.27   5.87   0.00   0.00    0.00  0.00  0.00  0.00   5.07  389.0    418155.  23.09  341.3 116841.
273 22 48 04 0.34 211.85 355.64 -4.34 1647   28.96   359.5  134028.   6.51   6.40   0.00   0.00    0.00  0.00  0.00  0.00   5.18  382.0    385748.  24.15  347.7 125917.
273 22 49 25 0.34 211.86 355.63 -4.34 1647   29.07   356.7  120547.   6.13   8.61   0.00   0.00    0.00  0.00  0.00  0.00   3.76  400.0    267465.  24.76  349.9 149377.
273 22 50 46 0.34 211.86 355.62 -4.34 1647   28.01   354.3  152921.   5.08   7.04   0.00   0.00    0.00  0.00  0.00  0.00   4.13  388.9    266049.  22.97  346.0 134977.
273 22 52 08 0.34 211.87 355.61 -4.34 1647   23.37   359.5  110171.   4.10   7.89   0.00   0.00    0.00  0.00  0.00  0.00   4.71  383.0    394324.  19.72  350.8  92591.
273 22 53 28 0.34 211.87 355.60 -4.34 1647   32.29   349.5  149244.   5.07   5.88   0.00   0.00    0.00  0.00  0.00  0.00   4.01  388.5    264074.  26.36  342.6 138543.
273 22 54 50 0.34 211.87 355.60 -4.34 1647   28.24   349.5  117724.   6.06   6.36   0.00   0.00    0.00  0.00  0.00  0.00   4.90  382.9    367790.  22.27  341.4 108297.
273 22 56 10 0.34 211.88 355.59 -4.34 1647   26.61   354.4   89108.   7.41   7.04   0.00   0.00    0.00  0.00  0.00  0.00   4.93  377.2    384592.  22.29  345.9 119124.
273 22 57 31 0.34 211.89 355.58 -4.34 1647   30.02   373.1  149030.   7.40   9.60   0.00   0.00    0.00  0.00  0.00  0.00   4.82  387.5    379407.  25.54  360.7 140398.
273 22 58 52 0.34 211.89 355.57 -4.34 1647   27.18   358.4  121073.   5.41   9.91   0.00   0.00    0.00  0.00  0.00  0.00   4.18  366.3    236150.  22.25  349.1 116581.
273 23 00 13 0.34 211.90 355.57 -4.34 1647   26.09   347.5  119082.   0.87   7.69   0.00   0.00    0.00  0.00  0.00  0.00   4.90  379.0    389321.  21.34  343.3 112549.
273 23 01 34 0.34 211.90 355.56 -4.34 1647   27.18   358.8  138738.   5.69   8.40   0.00   0.00    0.00  0.00  0.00  0.00   4.86  378.5    358903.  22.25  349.8 130520.
273 23 02 56 0.34 211.90 355.55 -4.34 1647   29.51   348.3  130149.   1.99   7.33   0.00   0.00    0.00  0.00  0.00  0.00   5.23  378.0    372728.  25.13  347.1 157531.
273 23 04 16 0.34 211.91 355.54 -4.34 1647   26.58   378.5  213271.   6.02   5.46   0.00   0.00    0.00  0.00  0.00  0.00   3.72  369.8    209409.  22.50  366.7 190980.
273 23 05 37 0.34 211.91 355.53 -4.34 1647   27.21   390.0  506633.   0.00   0.00   0.00   0.00    0.00  0.00  0.00  0.00   4.62  348.5    197233.  18.32  365.7 137325.
273 23 06 58 0.34 211.92 355.53 -4.34 1647   23.98   372.7  137826.   8.23   4.98   0.00   0.00    0.00  0.00  0.00  0.00   5.27  383.0    335826.  20.56  365.2 179416.
273 23 08 19 0.34 211.92 355.52 -4.33 1647   24.88   375.5  153356.   8.11   3.38   0.00   0.00    0.00  0.00  0.00  0.00  -1.00   -1.0        -1.  19.63  361.5 142796.
273 23 09 40 0.34 211.93 355.51 -4.33 1647   23.67   433.3  150849.  18.49  -0.04   0.00   0.00    0.00  0.00  0.00  0.00  -1.00   -1.0        -1.  19.80  409.7 141152.
273 23 11 01 0.34 211.93 355.51 -4.33 1647   24.69   410.8  162163.  15.37   1.24   0.00   0.00    0.00  0.00  0.00  0.00  -1.00   -1.0        -1.  20.29  389.9 150553.
273 23 12 22 0.34 211.94 355.50 -4.33 1647   26.13   395.3  175816.  11.73   5.66   0.00   0.00    0.00  0.00  0.00  0.00  -1.00   -1.0        -1.  22.41  384.7 215162.
273 23 13 44 0.34 211.94 355.49 -4.33 1647   25.70   412.3  190217.  12.72   0.00   0.00   0.00    0.00  0.00  0.00  0.00  -1.00   -1.0        -1.  22.28  399.6 248595.
273 23 15 04 0.34 211.95 355.48 -4.33 1647   29.84   428.1  192731.  15.33   4.36   0.00   0.00    0.00  0.00  0.00  0.00  -1.00   -1.0        -1.  24.65  413.8 259513.
273 23 16 25 0.34 211.95 355.48 -4.33 1647   29.83   408.5  300518.  12.62   1.88   0.00   0.00    0.00  0.00  0.00  0.00  -1.00   -1.0        -1.  23.23  394.3 281083.
273 23 17 46 0.34 211.96 355.46 -4.33 1647   23.26   412.2  233980.  13.30   2.73   0.00   0.00    0.00  0.00  0.00  0.00  -1.00   -1.0        -1.  19.87  404.3 298878.
273 23 19 07 0.34 211.96 355.46 -4.33 1647   23.30   410.8  187641.  13.17   1.20   0.00   0.00    0.00  0.00  0.00  0.00  -1.00   -1.0        -1.  21.48  398.1 245934.
273 23 20 28 0.34 211.97 355.45 -4.33 1647   25.04   426.7  191786.  16.28   1.61   0.00   0.00    0.00  0.00  0.00  0.00  -1.00   -1.0        -1.  20.32  414.1 252870.
273 23 21 49 0.34 211.97 355.44 -4.33 1647   26.17   407.6  175807.  13.67   1.63   0.00   0.00    0.00  0.00  0.00  0.00  -1.00   -1.0        -1.  21.42  394.6 235789.
273 23 23 10 0.34 211.98 355.44 -4.33 1647   25.65   419.0  189677.  15.07   2.25   0.00   0.00    0.00  0.00  0.00  0.00  -1.00   -1.0        -1.  22.06  400.1 160890.
273 23 24 32 0.33 211.98 355.43 -4.33 1647   26.63   416.2  161292.  14.86   3.12   0.00   0.00    0.00  0.00  0.00  0.00  -1.00   -1.0        -1.  22.23  402.7 202840.
273 23 25 52 0.33 211.98 355.42 -4.33 1647   27.41   413.1  200141.  15.27   4.65   0.00   0.00    0.00  0.00  0.00  0.00  -1.00   -1.0        -1.  21.94  394.2 191155.
273 23 27 13 0.33 211.99 355.41 -4.33 1647   27.82   427.6  222903.  15.08   4.08   0.00   0.00    0.00  0.00  0.00  0.00  -1.00   -1.0        -1.  23.78  408.7 207794.
273 23 28 34 0.33 211.99 355.41 -4.33 1647   33.73   423.4  181397.  15.48   4.63   0.00   0.00    0.00  0.00  0.00  0.00  -1.00   -1.0        -1.  26.69  405.3 168280.
273 23 29 55 0.33 212.00 355.40 -4.33 1647   30.36   419.0  172682.  14.29   4.79   0.00   0.00    0.00  0.00  0.00  0.00  -1.00   -1.0        -1.  26.22  404.2 202139.
273 23 31 16 0.33 212.00 355.39 -4.32 1647   32.49   428.6  167692.  15.49   5.66   0.00   0.00    0.00  0.00  0.00  0.00  -1.00   -1.0        -1.  27.59  408.9 170625.
273 23 32 38 0.33 212.01 355.38 -4.32 1647   30.23   392.1  197503.  12.77   4.00   0.00   0.00    0.00  0.00  0.00  0.00  -1.00   -1.0        -1.  25.05  374.6 190808.
273 23 33 58 0.33 212.01 355.37 -4.32 1647   30.82   406.3  157904.  14.70   4.84   0.00   0.00    0.00  0.00  0.00  0.00  -1.00   -1.0        -1.  25.56  390.6 196489.
273 23 35 20 0.33 212.02 355.37 -4.32 1647   27.60   384.8  207927.  11.26   3.91   0.00   0.00    0.00  0.00  0.00  0.00  -1.00   -1.0        -1.  23.75  376.2 300648.
273 23 36 40 0.33 212.02 355.36 -4.32 1647   27.75   376.9  143770.  11.32   5.70   0.00   0.00    0.00  0.00  0.00  0.00  -1.00   -1.0        -1.  24.40  370.1 246902.
273 23 38 01 0.33 212.03 355.35 -4.32 1647   25.08   399.9  305472.  10.19   3.92   0.00   0.00    0.00  0.00  0.00  0.00  -1.00   -1.0        -1.  18.64  374.3 100910.
273 23 39 22 0.33 212.03 355.34 -4.32 1647   23.75   380.1  108979.   9.00   4.50   0.00   0.00    0.00  0.00  0.00  0.00  -1.00   -1.0        -1.  19.27  365.8  98467.
273 23 40 43 0.33 212.04 355.34 -4.32 1647   26.48   394.5  195067.  10.44   4.33   0.00   0.00    0.00  0.00  0.00  0.00  -1.00   -1.0        -1.  21.10  387.2 258308.
273 23 42 04 0.33 212.04 355.33 -4.32 1647   24.73   395.0  243381.   9.50   4.52   0.00   0.00    0.00  0.00  0.00  0.00   4.56  358.8    237332.  21.22  387.6 345522.
273 23 43 26 0.33 212.05 355.32 -4.32 1647   25.14   399.6  341608.   9.46   3.44   0.00   0.00    0.00  0.00  0.00  0.00   5.38  355.6    208668.  21.61  397.2 454726.
273 23 44 46 0.33 212.05 355.31 -4.32 1647   23.51   381.7  102846.   9.26   4.54   0.00   0.00    0.00  0.00  0.00  0.00   6.28  364.9    248208.  23.49  398.6 548324.
273 23 46 06 0.33 212.06 355.31 -4.32 1647   27.90   406.1  355804.  11.20   0.00   0.00   0.00    0.00  0.00  0.00  0.00  -1.00   -1.0        -1.  24.15  400.1 451282.
273 23 47 27 0.33 212.06 355.30 -4.32 1647   30.77   405.9  449018.   0.00   0.00   0.00   0.00    0.00  0.00  0.00  0.00  -1.00   -1.0        -1.  27.66  408.8 553619.
273 23 49 15 0.33 212.07 355.29 -4.32 1647   43.38   395.3  331382.   5.90   6.82   0.00   0.00    0.00  0.00  0.00  0.00  -1.00   -1.0        -1.  37.10  387.0 317407.
273 23 50 36 0.33 212.07 355.28 -4.32 1647   45.84   412.4  338476.  12.45   1.78   0.00   0.00    0.00  0.00  0.00  0.00  -1.00   -1.0        -1.  36.64  397.7 347237.
273 23 51 31 0.33 212.07 355.28 -4.32 1647   36.90   382.1  526393.   2.67   4.44   0.00   0.00    0.00  0.00  0.00  0.00  12.56  349.5    297975.  31.69  384.0 622177.
273 23 52 52 0.33 212.08 355.27 -4.32 1647   29.03   390.8  598697.   4.37   2.49   0.00   0.00    0.00  0.00  0.00  0.00  11.35  346.2    361865.  25.82  393.0 704074.
273 23 54 14 0.33 212.08 355.26 -4.31 1647   32.18   391.1  664284.   3.41   1.66   0.00   0.00    0.00  0.00  0.00  0.00  12.35  340.0    345480.  26.64  389.9 681790.
273 23 55 34 0.33 212.09 355.25 -4.31 1647   32.04   370.9  572236.  -1.16  -0.34   0.00   0.00    0.00  0.00  0.00  0.00   8.01  328.9    247234.  27.39  377.3 672210.
273 23 56 55 0.33 212.09 355.24 -4.31 1647   32.92   382.4   52125.   8.98   4.46   0.00   0.00    0.00  0.00  0.00  0.00   6.87  356.8    328068.  25.46  367.6  47544.
273 23 58 17 0.33 212.10 355.24 -4.31 1647   30.72   372.5   51475.   7.84   4.95   0.00   0.00    0.00  0.00  0.00  0.00  -1.00   -1.0        -1.  25.96  364.2  71690.
273 23 59 37 0.33 212.10 355.23 -4.31 1647   27.80   382.6  426435.   0.89   3.91   0.00   0.00    0.00  0.00  0.00  0.00   7.85  321.8    211994.  24.68  385.1 528953.
