128  1 03 15 0.72 162.37  76.11  5.26 1640   24.19   417.7  143179.   3.01   2.73   0.00   0.00    0.00  0.00  0.00  0.00  -1.00   -1.0        -1.  23.10  414.1 140671.
128  1 04 36 0.72 162.37  76.10  5.26 1640   22.71   417.4  144625.   3.26   1.02  -7.92  13.77   -3.97  0.28  0.52  1.31  -1.00   -1.0        -1.  22.54  415.5 161335.
128  1 05 57 0.72 162.37  76.09  5.26 1640   20.47   427.3  151745.   2.87  -0.05  -6.94  14.64   -6.26  0.10  0.23  0.42  -1.00   -1.0        -1.  19.76  423.0 149627.
128  1 07 18 0.72 162.37  76.07  5.26 1640   20.23   425.1  137283.   3.07  -0.64  -5.18  14.75   -7.17  0.41  0.34  0.67  -1.00   -1.0        -1.  20.06  424.8 140489.
128  1 08 40 0.72 162.37  76.06  5.26 1640   21.78   430.9  148211.   3.61  -1.57  -4.03  14.50   -9.10  0.25  0.21  0.27  -1.00   -1.0        -1.  20.90  427.4 142939.
128  1 10 01 0.72 162.37  76.05  5.26 1640   24.06   434.3  158444.   3.27  -1.40  -3.66  12.76   -9.21  0.31  0.36  0.29  -1.00   -1.0        -1.  24.43  430.4 161916.
128  1 11 22 0.72 162.37  76.04  5.26 1640   23.77   433.9  144768.   2.61  -2.49  -1.99  11.64  -11.32  0.61  0.49  0.64  -1.00   -1.0        -1.  22.82  435.3 152392.
128  1 12 43 0.72 162.37  76.02  5.26 1640   24.72   441.5  155354.   0.52  -2.48   1.27   7.71  -14.42  0.74  0.23  0.16  -1.00   -1.0        -1.  24.01  438.7 154747.
128  1 14 04 0.72 162.37  76.01  5.26 1640   23.19   435.0  152827.   0.41  -3.23   0.06   5.43  -15.33  0.88  1.35  0.59  -1.00   -1.0        -1.  23.39  439.2 159697.
128  1 15 25 0.72 162.37  76.00  5.26 1640   17.03   436.8  228760.  -1.65  -0.24   2.30   7.19  -10.21  0.28  0.61  0.46  -1.00   -1.0        -1.  16.69  441.3 252931.
128  1 16 46 0.72 162.37  75.99  5.26 1640   17.89   439.9  236001.  -1.75   0.06   2.02   7.76   -9.55  0.23  0.56  0.31  -1.00   -1.0        -1.  17.73  438.4 236611.
128  1 18 07 0.72 162.37  75.98  5.26 1640   18.68   440.8  281420.  -1.57   0.60  -0.25   7.67   -6.42  0.83  0.72  0.96  -1.00   -1.0        -1.  18.86  437.8 293206.
128  1 19 28 0.72 162.37  75.97  5.26 1640   17.13   446.7  254796.  -0.96  -0.62   7.04  -0.67  -10.24  0.29  0.22  0.33  -1.00   -1.0        -1.  17.09  447.5 315039.
128  1 20 49 0.72 162.37  75.95  5.26 1640   17.27   443.0  306466.  -1.33  -0.40   4.30  -1.34   -7.83  1.02  0.42  1.34  -1.00   -1.0        -1.  17.84  440.6 305943.
128  1 22 10 0.72 162.37  75.94  5.26 1640   17.99   447.7  315003.  -0.56  -0.84   4.80  -1.75   -8.62  2.10  1.64  2.13  -1.00   -1.0        -1.  18.38  445.1 322712.
128  1 23 31 0.72 162.37  75.93  5.26 1640   18.45   470.1  260140.  -2.48  -4.08  -7.88   5.24    3.58  0.81  0.93  0.41  -1.00   -1.0        -1.  19.13  474.8 277217.
128  1 24 52 0.72 162.37  75.92  5.26 1640   17.45   474.2  235296.  -1.79  -4.67  -8.32   4.08    4.52  0.48  0.70  0.33  -1.00   -1.0        -1.  16.74  474.8 212793.
128  1 26 13 0.72 162.37  75.90  5.26 1640   17.03   438.7  210130.   0.00  -2.36   2.43 -10.67   -0.54  1.04  2.08  1.38  -1.00   -1.0        -1.  16.97  440.6 218150.
128  1 27 34 0.72 162.37  75.89  5.26 1640   17.14   447.3  226154.   2.13  -3.80  -0.36 -10.34    2.42  3.04  1.62  0.74  -1.00   -1.0        -1.  16.36  445.6 200111.
128  1 28 55 0.72 162.37  75.88  5.26 1640   18.58   484.4  273692.  -2.10  -3.32 -10.13   2.75    1.38  0.20  0.65  0.67  -1.00   -1.0        -1.  18.83  482.3 276138.
128  1 30 16 0.72 162.37  75.87  5.26 1640   18.49   479.7  286088.  -0.81  -3.29 -10.88   0.60    3.01  0.18  0.37  0.28  -1.00   -1.0        -1.  18.27  480.4 326853.
128  1 31 37 0.72 162.37  75.86  5.26 1640   18.53   473.8  248702.   0.19  -3.85 -10.86  -1.88    2.58  0.44  0.58  0.49  -1.00   -1.0        -1.  18.11  475.5 274774.
128  1 32 58 0.72 162.37  75.84  5.26 1640   18.89   475.8  281079.   0.12  -3.64 -11.15  -2.24    0.94  0.46  0.86  0.31  -1.00   -1.0        -1.  19.00  476.6 321399.
128  1 34 19 0.72 162.38  75.83  5.26 1640   17.85   468.9  256079.   1.53  -4.18  -7.74  -6.06    1.81  0.92  0.36  0.62  -1.00   -1.0        -1.  18.18  471.0 278013.
128  1 35 40 0.72 162.38  75.82  5.26 1640   18.77   466.2  308246.   1.82  -3.49  -5.84  -5.01    0.28  0.48  0.97  1.25  -1.00   -1.0        -1.  18.01  463.5 273891.
128  1 37 01 0.72 162.38  75.81  5.26 1640   17.72   461.8  241627.   2.21  -3.70  -4.45  -7.37    0.29  1.03  0.60  0.64  -1.00   -1.0        -1.  17.97  456.6 241497.
128  1 38 22 0.72 162.38  75.80  5.26 1640   19.25   460.1  271798.   2.26  -3.89  -2.47  -8.13   -0.69  0.14  0.48  0.47  -1.00   -1.0        -1.  18.58  457.9 254773.
128  1 39 43 0.72 162.38  75.78  5.26 1640   17.48   459.2  251070.   1.77  -4.60  -2.47  -8.36   -0.17  0.17  0.40  0.37  -1.00   -1.0        -1.  17.88  454.9 247052.
128  1 41 04 0.72 162.38  75.77  5.26 1640   17.43   457.0  221551.   1.61  -4.89  -2.35  -7.94    2.12  0.58  0.72  0.84  -1.00   -1.0        -1.  17.68  458.4 247373.
128  1 42 25 0.72 162.38  75.76  5.26 1640   17.85   456.7  238859.   1.16  -4.39   1.04  -8.20   -1.80  1.67  0.84  2.77  -1.00   -1.0        -1.  17.86  454.5 232791.
128  1 43 46 0.72 162.38  75.75  5.26 1640   18.21   450.9  289899.   0.69  -2.85   3.99  -7.72   -7.54  0.65  0.41  0.37  -1.00   -1.0        -1.  18.72  447.8 296172.
128  1 45 07 0.72 162.38  75.74  5.26 1640   17.65   452.0  240217.   0.57  -2.17   1.75  -8.86   -4.75  2.08  1.04  3.27  -1.00   -1.0        -1.  17.43  452.8 317589.
128  1 46 28 0.72 162.38  75.72  5.26 1640   17.97   455.5  221918.   1.08  -3.78  -3.22  -9.59    3.14  0.77  0.62  0.38  -1.00   -1.0        -1.  18.52  456.9 238281.
128  1 47 49 0.72 162.38  75.71  5.26 1640   17.83   456.0  224748.   0.65  -3.40  -5.92   0.66    6.33  0.06  0.60  0.20  -1.00   -1.0        -1.  17.91  452.6 218582.
128  1 49 10 0.72 162.38  75.70  5.26 1640   18.92   454.2  217280.   0.14  -3.11   0.00   0.00    0.00  0.00  0.00  0.00  -1.00   -1.0        -1.  19.04  455.5 228584.
128  1 50 31 0.72 162.38  75.69  5.26 1640   18.99   454.8  214885.  -0.22  -3.38   0.00   0.00    0.00  0.00  0.00  0.00  -1.00   -1.0        -1.  18.73  453.7 219654.
128  1 51 52 0.72 162.38  75.67  5.26 1640   19.02   459.5  181355.  -1.11  -3.25   0.00   0.00    0.00  0.00  0.00  0.00  -1.00   -1.0        -1.  19.53  460.0 218598.
128  1 53 13 0.72 162.38  75.66  5.26 1640   19.51   456.0  242715.  -1.66  -3.30   0.00   0.00    0.00  0.00  0.00  0.00  -1.00   -1.0        -1.  19.43  454.2 249712.
128  1 54 34 0.72 162.38  75.65  5.26 1640   19.92   454.1  239616.  -1.50  -3.35   0.00   0.00    0.00  0.00  0.00  0.00   0.70  472.8    328666.  20.04  458.0 245327.
128  1 55 55 0.72 162.38  75.64  5.26 1640   20.14   457.5  231225.  -2.02  -4.05   0.00   0.00    0.00  0.00  0.00  0.00  -1.00   -1.0        -1.  19.88  457.4 226067.
128  1 57 16 0.72 162.38  75.63  5.26 1640   21.23   451.1  213882.  -3.24  -2.76   0.00   0.00    0.00  0.00  0.00  0.00  -1.00   -1.0        -1.  21.10  455.3 233977.
128  1 58 37 0.72 162.38  75.62  5.26 1640   21.96   453.9  226921.  -1.68  -1.72  -5.43   0.71    7.20  0.90  0.42  0.92  -1.00   -1.0        -1.  22.24  453.5 225521.
128  1 59 58 0.72 162.38  75.60  5.26 1640   22.38   450.8  221626.  -2.24  -2.45  -7.05   0.14    7.57  0.29  0.45  0.66  -1.00   -1.0        -1.  22.30  454.2 236852.
128  2 01 19 0.72 162.38  75.59  5.26 1640   21.89   449.2  184629.  -2.62  -2.61  -7.51  -1.52    8.92  0.24  0.66  0.25  -1.00   -1.0        -1.  22.23  452.8 213404.
128  2 02 40 0.72 162.38  75.58  5.26 1640   22.82   450.2  211530.  -2.10  -1.96  -6.87  -1.42    8.31  0.73  0.73  0.84  -1.00   -1.0        -1.  22.31  450.9 184249.
128  2 04 01 0.72 162.38  75.57  5.26 1640   22.06   452.0  214713.  -2.10  -2.18  -7.32  -1.27    8.62  0.71  1.15  0.71  -1.00   -1.0        -1.  22.27  451.1 212134.
128  2 05 22 0.72 162.38  75.55  5.26 1640   21.72   455.2  189096.  -2.56  -2.13  -5.59  -2.00    8.83  0.39  0.32  0.38  -1.00   -1.0        -1.  21.85  456.8 226164.
128  2 06 43 0.72 162.38  75.54  5.26 1640   22.22   454.1  207437.  -2.84  -2.58  -7.37  -2.59    9.61  0.23  0.39  0.26  -1.00   -1.0        -1.  21.37  456.2 186500.
128  2 08 04 0.72 162.38  75.53  5.26 1640   21.85   457.1  188856.  -1.83  -2.07  -6.05  -1.81    9.16  0.23  0.19  0.20  -1.00   -1.0        -1.  21.70  458.4 237427.
128  2 09 25 0.72 162.38  75.52  5.25 1640   21.90   449.0  177697.  -2.19  -1.81  -6.24  -1.52    9.46  0.58  0.52  0.40  -1.00   -1.0        -1.  21.66  451.4 207674.
128  2 10 46 0.72 162.38  75.51  5.25 1640   21.89   447.8  204536.  -2.03  -1.63  -6.80  -4.25    8.70  0.18  0.37  0.22  -1.00   -1.0        -1.  20.72  448.1 181426.
128  2 12 07 0.72 162.38  75.49  5.25 1640   23.20   453.1  210916.  -2.26  -1.98  -6.28  -4.04    7.85  0.26  0.32  0.25  -1.00   -1.0        -1.  22.91  451.2 213034.
128  2 13 28 0.72 162.38  75.48  5.25 1640   23.99   450.3  210779.  -1.52  -1.85  -7.21  -3.33    7.17  0.43  0.61  0.23  -1.00   -1.0        -1.  23.62  453.6 226392.
128  2 14 49 0.72 162.39  75.47  5.25 1640   22.71   448.1  171584.  -1.54  -1.88  -7.82  -4.32    8.41  0.34  0.20  0.16  -1.00   -1.0        -1.  23.08  450.6 200726.
128  2 16 10 0.72 162.39  75.46  5.25 1640   23.94   447.0  199091.  -1.81  -2.08  -8.13  -3.99    7.84  0.14  0.39  0.33  -1.00   -1.0        -1.  23.43  446.9 183164.
128  2 17 31 0.72 162.39  75.45  5.25 1640   23.31   452.1  211618.  -1.82  -2.19  -8.36  -4.49    8.36  0.17  0.36  0.18  -1.00   -1.0        -1.  23.12  450.8 207755.
128  2 18 52 0.72 162.39  75.43  5.25 1640   22.71   453.5  182654.  -1.45  -2.11  -7.95  -4.63    8.44  0.17  0.20  0.17  -1.00   -1.0        -1.  23.22  454.1 226749.
128  2 20 13 0.72 162.39  75.42  5.25 1640   22.22   457.3  221259.  -2.18  -2.07  -9.52  -1.89    7.57  0.26  0.88  0.35  -1.00   -1.0        -1.  21.85  459.6 202554.
128  2 21 34 0.72 162.39  75.41  5.25 1640   22.28   455.4  184870.  -1.83  -1.30  -8.73  -4.12    8.40  0.63  0.45  0.32  -1.00   -1.0        -1.  22.70  455.1 224118.
128  2 22 55 0.72 162.39  75.40  5.25 1640   21.55   446.6  177083.  -0.95  -1.31  -9.24  -4.21    8.83  0.67  0.76  0.33  -1.00   -1.0        -1.  22.12  447.5 216217.
128  2 24 16 0.72 162.39  75.39  5.25 1640   22.32   459.9  182391.  -2.27  -1.48  -5.08  -6.84    7.87  0.26  0.42  0.35  -1.00   -1.0        -1.  22.56  462.0 219758.
128  2 25 37 0.72 162.39  75.37  5.25 1640   22.96   458.3  207024.  -1.64  -2.09  -6.70  -5.75    7.77  0.49  0.37  0.29  -1.00   -1.0        -1.  21.94  458.9 191328.
128  2 26 58 0.72 162.39  75.36  5.25 1640   22.53   450.0  210945.  -1.24  -1.08  -9.24  -3.57    7.88  0.34  0.56  0.47  -1.00   -1.0        -1.  21.87  449.2 186803.
128  2 28 19 0.72 162.39  75.35  5.25 1640   21.98   455.9  216584.   0.88  -1.15  -9.13  -0.14    7.87  0.40  1.04  0.36  -1.00   -1.0        -1.  21.27  453.9 222136.
128  2 29 40 0.72 162.39  75.34  5.25 1640   21.44   455.3  234750.  -0.55  -1.40  -7.28  -5.25    6.59  0.33  1.19  0.67  -1.00   -1.0        -1.  21.91  458.8 258730.
128  2 31 01 0.72 162.39  75.32  5.25 1640   21.62   462.8  247253.  -3.16  -1.38  -7.00  -0.81    4.43  1.61  4.47  5.02  -1.00   -1.0        -1.  20.35  467.4 272490.
128  2 32 22 0.72 162.39  75.31  5.25 1640   19.07   482.6  257008.  -4.04  -1.60  -3.93  10.85  -11.05  0.34  0.15  0.23  -1.00   -1.0        -1.  19.03  487.1 278932.
128  2 33 43 0.72 162.39  75.30  5.25 1640   18.94   471.3  257651.  -5.45   0.16  -8.92  11.73   -3.66  0.20  0.28  0.49  -1.00   -1.0        -1.  18.88  477.6 262157.
128  2 35 04 0.72 162.39  75.29  5.25 1640   20.19   476.2  254072.  -4.53   0.33  -8.45  11.61   -6.43  0.28  0.39  0.84  -1.00   -1.0        -1.  18.89  478.8 222500.
128  2 36 25 0.72 162.39  75.28  5.25 1640   19.78   486.8  267455.  -5.25   0.30  -8.39  11.92   -7.07  0.68  0.37  0.57  -1.00   -1.0        -1.  19.43  487.0 258226.
128  2 37 46 0.72 162.39  75.26  5.25 1640   20.26   478.3  260296.  -5.17   0.72  -7.44  11.18   -8.29  0.56  0.17  0.27  -1.00   -1.0        -1.  19.39  484.1 279445.
128  2 39 07 0.72 162.39  75.25  5.25 1640   21.85   457.0  261351.  -3.67   0.91   3.65   5.95   -9.50  1.04  0.68  0.45  -1.00   -1.0        -1.  22.21  461.3 322309.
128  2 40 28 0.72 162.39  75.24  5.25 1640   21.01   459.7  301704.  -5.11   1.25   0.00   9.27   -8.99  0.60  0.57  0.48  -1.00   -1.0        -1.  20.15  464.1 263681.
128  2 41 49 0.72 162.39  75.23  5.25 1640   20.59   468.5  238278.  -5.07   0.47  -3.81  11.82   -8.60  0.47  0.77  1.09  -1.00   -1.0        -1.  20.86  472.7 253607.
128  2 43 10 0.72 162.39  75.22  5.25 1640   16.67   473.7  240467.  -6.30   1.83  -4.64  13.67  -10.81  0.33  0.26  0.45  -1.00   -1.0        -1.  16.60  473.7 243059.
128  2 44 31 0.72 162.39  75.20  5.25 1640   16.71   482.4  257616.  -6.73   0.13  -7.24  14.22   -7.46  0.43  0.26  1.05  -1.00   -1.0        -1.  16.72  484.8 260978.
128  2 45 52 0.72 162.39  75.19  5.25 1640   17.95   483.1  251567.  -5.61  -1.01  -9.45  13.39   -3.46  0.51  0.15  0.40  -1.00   -1.0        -1.  17.76  487.9 274540.
128  2 47 13 0.72 162.39  75.18  5.25 1640   16.92   484.4  255225.  -6.10  -1.02 -10.08  13.34   -2.74  0.16  0.32  0.25  -1.00   -1.0        -1.  15.95  487.8 220950.
128  2 48 34 0.72 162.39  75.17  5.25 1640   16.74   482.3  237261.  -5.62  -0.88 -10.20  12.71   -2.00  0.23  0.23  0.32  -1.00   -1.0        -1.  16.26  482.8 223663.
128  2 49 55 0.72 162.39  75.16  5.25 1640   17.49   484.3  232125.  -6.01  -0.76 -11.34  11.69   -1.10  0.35  0.31  0.35  -1.00   -1.0        -1.  16.34  488.4 207391.
128  2 51 16 0.72 162.39  75.14  5.25 1640   16.77   485.7  217478.  -6.09  -0.20 -11.48  12.10   -1.84  0.50  0.32  1.08  -1.00   -1.0        -1.  16.40  488.5 266685.
128  2 52 37 0.72 162.39  75.13  5.25 1640   16.76   486.9  239843.  -6.26  -0.35 -12.26  11.98   -2.81  0.06  0.12  0.22  -1.00   -1.0        -1.  16.61  487.8 252646.
128  2 53 58 0.72 162.39  75.12  5.25 1640   15.37   486.0  220060.  -6.00  -0.64 -12.15  11.84   -0.33  0.22  0.19  0.35   0.65  510.3    429888.  15.88  486.9 253922.
128  2 55 19 0.72 162.39  75.11  5.25 1640   16.21   483.3  248198.  -5.64  -1.42 -12.11  11.36   -0.22  0.17  0.34  0.59  -1.00   -1.0        -1.  16.86  485.3 249897.
128  2 56 40 0.72 162.40  75.10  5.25 1640   16.88   482.4  245187.  -6.12  -0.80 -12.23  10.89    0.54  0.20  0.25  0.17  -1.00   -1.0        -1.  16.93  488.9 257333.
128  2 58 01 0.72 162.40  75.08  5.25 1640   17.09   475.8  209409.  -5.94  -2.17 -11.72   9.80    3.16  0.38  0.57  0.88   0.62  496.0    357395.  17.61  478.7 244375.
128  2 59 22 0.72 162.40  75.07  5.25 1640   17.10   476.1  242082.  -5.13  -1.95 -11.51   9.42    4.09  0.21  0.30  0.31   0.53  509.2    395363.  16.73  479.5 212631.
128  3 00 43 0.72 162.40  75.06  5.25 1640   16.23   479.7  200950.  -6.84  -0.15 -11.79  11.19    0.65  0.17  1.45  1.98  -1.00   -1.0        -1.  16.58  482.9 234701.
128  3 02 04 0.72 162.40  75.05  5.25 1640   17.22   478.6  241364.  -6.24  -0.90 -11.19  11.36    1.24  0.23  0.15  0.35   0.51  510.8    381850.  16.25  480.1 219225.
128  3 03 25 0.72 162.40  75.04  5.25 1640   16.85   478.3  211140.  -6.13  -1.06 -10.60  11.65    1.10  0.25  0.37  0.41  -1.00   -1.0        -1.  17.06  483.5 238908.
128  3 04 46 0.72 162.40  75.02  5.25 1640   18.30   481.4  248611.  -6.06  -0.96 -11.34  11.66    0.55  0.26  0.25  0.66   0.61  512.8    383643.  16.91  484.0 217718.
128  3 06 07 0.72 162.40  75.01  5.25 1640   18.06   484.2  246652.  -5.64  -1.49 -12.63   9.10    2.40  0.27  0.28  0.55  -1.00   -1.0        -1.  16.89  484.7 250206.
128  3 07 28 0.72 162.40  75.00  5.25 1640   17.11   480.6  191932.  -6.13  -1.25 -13.52   9.31    2.51  0.14  0.23  0.34  -1.00   -1.0        -1.  17.16  480.4 192517.
128  3 08 49 0.72 162.40  74.99  5.25 1640   18.81   474.8  193085.  -6.15  -1.86 -12.93   9.56    3.34  0.23  0.29  0.20   0.74  508.8    489634.  18.44  477.5 222692.
128  3 10 10 0.72 162.40  74.97  5.25 1640   19.28   474.3  218111.  -6.29  -1.92 -12.76   9.47    3.51  0.16  0.26  0.16   0.46  511.1    271792.  18.22  478.0 194238.
128  3 11 31 0.72 162.40  74.96  5.25 1640   19.02   477.3  193761.  -6.28  -1.72 -13.42   9.50    1.61  0.20  0.25  0.17   0.67  503.0    555084.  18.22  480.9 213771.
128  3 12 52 0.72 162.40  74.95  5.25 1640   18.68   477.3  218988.  -5.70  -1.50 -13.70   9.01    1.19  0.23  0.30  0.34   0.55  511.4    381070.  18.06  479.7 199767.
128  3 14 13 0.72 162.40  74.94  5.25 1640   18.19   477.1  197055.  -5.57  -1.24 -13.71   8.49    0.91  0.19  0.20  0.23   0.67  504.3    546924.  18.04  480.1 216412.
128  3 15 34 0.72 162.40  74.93  5.25 1640   17.84   475.6  215188.  -5.41  -1.49 -12.97   8.78    2.29  0.19  0.28  0.42   0.42  508.6    370025.  17.71  476.4 194047.
128  3 16 55 0.72 162.40  74.91  5.25 1640   17.98   477.3  189960.  -5.00  -1.37 -13.42   8.21    1.38  0.15  0.31  0.30   0.53  512.3    563880.  18.13  480.0 227353.
128  3 18 16 0.72 162.40  74.90  5.25 1640   18.44   478.7  224650.  -5.25  -0.85 -13.84   8.39   -0.42  0.17  0.16  0.27   0.45  515.1    311839.  17.43  480.1 205088.
128  3 19 37 0.72 162.40  74.89  5.25 1640   17.74   480.4  253256.  -5.46  -1.38 -13.76   7.77   -2.54  0.69  0.70  1.16   0.47  526.3    329887.  17.84  482.2 250170.
128  3 20 58 0.72 162.40  74.88  5.25 1640   17.95   482.2  238560.  -4.61  -1.56  -7.03   7.22  -10.76  0.70  0.98  1.12  -1.00   -1.0        -1.  17.31  483.6 213908.
128  3 22 19 0.72 162.40  74.87  5.25 1640   16.38   484.6  180952.  -5.19  -1.82 -14.49   8.60    0.57  0.15  0.21  0.28  -1.00   -1.0        -1.  15.94  490.2 196473.
128  3 23 40 0.72 162.40  74.85  5.25 1640   16.10   485.0  186448.  -5.03   0.28 -14.48   9.00   -5.83  0.84  1.03  1.38  -1.00   -1.0        -1.  15.04  484.3 188437.
128  3 25 01 0.72 162.40  74.84  5.25 1640   15.87   492.9  220197.   0.00   0.00 -15.77   7.19   -3.76  0.16  0.34  0.30  -1.00   -1.0        -1.  15.01  492.2 184743.
128  3 26 22 0.72 162.40  74.83  5.25 1640   15.48   489.2  195447.  -3.53   0.47 -15.30   6.71   -6.59  0.35  0.71  0.86  -1.00   -1.0        -1.  15.57  490.5 243264.
128  3 27 43 0.72 162.40  74.82  5.25 1640   15.43   479.2  182131.  -5.70  -2.22 -13.66   9.30   -3.07  0.32  0.64  0.84  -1.00   -1.0        -1.  15.60  480.7 233769.
128  3 29 04 0.72 162.40  74.81  5.25 1640   15.30   495.4  195622.  -5.05  -0.43 -14.14   8.85   -3.58  0.14  0.28  0.22  -1.00   -1.0        -1.  15.02  496.4 242072.
128  3 30 25 0.72 162.40  74.79  5.25 1640   15.01   492.8  226567.  -5.26   0.25 -14.17   8.93   -4.23  0.28  0.28  0.45  -1.00   -1.0        -1.  14.08  495.5 198162.
128  3 31 46 0.72 162.40  74.78  5.25 1640   14.06   493.9  187875.  -4.60   0.61 -14.52   8.27   -5.19  0.17  0.26  0.19   0.35  546.1    308720.  14.85  492.6 190246.
128  3 33 07 0.72 162.40  74.77  5.25 1640   14.22   495.1  155166.  -5.31  -0.33 -14.33   8.34   -5.63  0.38  0.39  0.68   0.35  531.5    276249.  14.14  498.0 190174.
128  3 34 28 0.72 162.40  74.76  5.25 1640   14.77   492.6  192367.  -4.96  -0.56 -14.03   8.71   -5.25  0.34  0.42  0.61   0.31  541.4    403238.  14.35  496.7 155783.
128  3 35 49 0.72 162.40  74.75  5.25 1640   14.82   489.3  182303.  -5.39  -0.52 -13.52   9.34   -4.57  0.14  0.20  0.21   0.37  531.2    299027.  14.14  495.7 189837.
128  3 37 10 0.72 162.40  74.73  5.25 1640   14.10   491.4  184366.  -4.76  -0.66 -13.59   8.89   -4.81  0.12  0.16  0.23   0.25  541.8    341504.  14.31  489.8 190642.
128  3 38 31 0.72 162.41  74.72  5.25 1640   14.90   497.1  191743.  -4.89  -0.82 -13.82   8.47   -4.06  0.15  0.23  0.41   0.36  531.3    290126.  14.59  494.3 198627.
128  3 39 52 0.72 162.41  74.71  5.25 1640   14.33   495.3  182878.  -4.85  -0.30 -13.86   8.78   -3.83  0.23  0.43  1.57   0.30  536.5    417895.  13.30  499.4 150407.
128  3 41 13 0.72 162.41  74.70  5.25 1640   14.90   491.7  183678.  -5.01  -0.16 -13.72   8.35   -4.82  0.21  0.29  0.33   0.42  528.1    292088.  13.99  497.6 196665.
128  3 42 34 0.72 162.41  74.69  5.25 1640   14.89   497.3  188053.  -5.07  -0.52 -13.59   8.40   -4.44  0.43  0.32  0.43  -1.00   -1.0        -1.  13.87  501.0 155029.
128  3 43 55 0.72 162.41  74.67  5.25 1640   14.20   497.6  148932.  -5.01  -0.11 -13.93   8.11   -4.34  0.14  0.16  0.13   0.39  531.1    328679.  13.45  498.7 184759.
128  3 45 16 0.72 162.41  74.66  5.25 1640   13.38   498.7  196678.  -5.10  -0.11 -14.14   8.16   -4.63  0.11  0.18  0.33   0.32  539.3    338229.  12.85  500.2 156384.
128  3 46 37 0.72 162.41  74.65  5.25 1640   14.70   496.6  233678.  -5.24  -0.44 -13.84   8.10   -4.38  0.30  0.23  0.18   0.39  525.9    364672.  13.73  499.7 190753.
128  3 47 58 0.72 162.41  74.64  5.25 1640   14.25   493.8  188953.  -4.25  -0.31 -12.59   8.98   -4.98  0.17  0.25  0.32   0.31  541.2    450457.  14.12  494.4 193153.
128  3 49 19 0.72 162.41  74.62  5.25 1640   14.16   495.4  147334.  -4.97  -0.16 -13.16   8.22   -4.47  0.19  0.14  0.17   0.26  533.0    295753.  13.90  497.3 179572.
128  3 50 40 0.72 162.41  74.61  5.25 1640   14.33   496.5  194323.  -4.87  -0.38 -13.10   8.25   -5.10  0.14  0.21  0.22   0.30  544.1    402692.  13.33  499.8 158911.
128  3 52 01 0.72 162.41  74.60  5.25 1640   15.20   496.1  226050.  -5.27  -0.32 -13.18   8.25   -5.08  0.12  0.23  0.19  -1.00   -1.0        -1.  13.88  498.4 187274.
128  3 53 22 0.72 162.41  74.59  5.25 1640   14.15   497.3  173114.  -5.03  -0.65 -13.01   8.31   -5.42  0.21  0.18  0.38   0.30  539.6    458942.  13.29  501.1 141974.
128  3 54 43 0.72 162.41  74.58  5.25 1640   13.70   495.3  141340.  -5.28  -0.32 -13.29   7.67   -5.31  0.18  0.29  0.15   0.32  532.9    309266.  13.80  498.1 173218.
128  3 56 04 0.72 162.41  74.56  5.25 1640   14.32   493.5  174942.  -5.07  -0.62 -13.18   7.46   -5.78  0.26  0.35  0.51  -1.00   -1.0        -1.  13.13  497.3 141643.
128  3 57 25 0.72 162.41  74.55  5.25 1640   13.83   501.7  174855.  -5.37  -0.63 -12.73   8.01   -6.07  0.09  0.22  0.19   0.04  673.5    277068.  13.99  499.3 173916.
128  3 58 47 0.72 162.41  74.54  5.25 1640   14.15   497.1  166886.  -4.93  -0.98 -12.78   7.80   -6.20  0.16  0.27  0.27  -1.00   -1.0        -1.  13.50  499.7 143309.
128  4 00 07 0.72 162.41  74.53  5.25 1640   13.79   501.9  182645.  -5.41  -1.20 -12.99   7.77   -6.29  0.27  0.40  0.31   0.39  534.1    346688.  13.81  499.5 191435.
128  4 01 28 0.72 162.41  74.52  5.25 1640   13.84   497.1  179412.  -5.00  -1.19 -12.85   7.76   -6.32  0.26  0.35  0.19   0.33  545.2    405135.  13.79  505.2 194141.
128  4 02 49 0.72 162.41  74.50  5.25 1640   14.52   501.4  175167.  -5.20  -1.36 -13.12   7.64   -6.06  0.16  0.18  0.19   0.38  529.1    395363.  14.26  500.7 184782.
128  4 04 10 0.72 162.41  74.49  5.25 1640   14.74   497.5  185308.  -4.89  -1.23 -13.06   7.74   -5.51  0.24  0.26  0.20   0.32  541.3    447872.  14.40  503.8 184694.
128  4 05 31 0.72 162.41  74.48  5.25 1640   14.13   504.0  174088.  -4.67  -1.37 -12.81   8.07   -5.73  0.07  0.21  0.25  -1.00   -1.0        -1.  13.11  505.5 152343.
128  4 06 52 0.72 162.41  74.47  5.25 1640   14.06   500.1  192851.  -4.30  -1.87 -12.54   8.70   -5.18  0.10  0.39  0.74   0.40  542.6    428745.  13.70  505.0 188986.
128  4 08 13 0.72 162.41  74.46  5.25 1640   13.78   504.3  182628.  -4.29  -1.54 -12.06   7.40   -5.30  0.05  0.20  0.15   0.39  530.5    357213.  13.73  501.2 182875.
128  4 09 34 0.72 162.41  74.44  5.25 1640   13.72   504.1  151229.  -4.05  -1.97   0.00   0.00    0.00  0.00  0.00  0.00   0.47  526.8    648847.  13.76  504.9 179766.
128  4 10 55 0.72 162.41  74.43  5.25 1640   13.76   505.9  181823.  -4.61  -1.75   0.00   0.00    0.00  0.00  0.00  0.00   0.37  537.2    362138.  12.95  506.8 158772.
128  4 12 16 0.72 162.41  74.42  5.25 1640   13.43   503.9  139736.  -3.81  -1.56   0.00   0.00    0.00  0.00  0.00  0.00   0.38  528.8    391894.  12.70  503.3 142848.
128  4 13 37 0.72 162.41  74.41  5.25 1640   13.68   505.2  176135.  -3.86  -1.20   0.00   0.00    0.00  0.00  0.00  0.00   0.42  532.6    306836.  12.76  507.3 154009.
128  4 14 58 0.72 162.41  74.40  5.25 1640   12.95   502.9  174887.  -3.22  -1.91   0.00   0.00    0.00  0.00  0.00  0.00   0.34  545.9    418116.  12.90  504.4 145433.
128  4 16 19 0.72 162.41  74.38  5.24 1640   14.00   509.8  171769.  -3.47  -2.14   0.00   0.00    0.00  0.00  0.00  0.00   0.36  536.8    305173.  12.76  510.8 148731.
128  4 17 41 0.72 162.41  74.37  5.24 1640   13.05   509.3  139667.  -2.92  -2.58   0.00   0.00    0.00  0.00  0.00  0.00   0.32  543.2    395532.  13.17  511.8 176690.
128  4 19 01 0.72 162.42  74.36  5.24 1640   12.76   511.2  187634.  -2.84  -2.36 -11.93   7.17   -5.84  0.17  0.36  0.56   0.25  557.6    381655.  12.27  515.9 196489.
128  4 20 22 0.72 162.42  74.35  5.24 1640   12.17   512.5  188911.  -2.35  -2.51 -11.56   6.97   -5.95  0.17  0.18  0.23   0.36  546.8    402185.  13.03  510.7 183798.
128  4 21 43 0.72 162.42  74.34  5.24 1640   13.19   510.5  175387.  -2.65  -2.18 -11.45   6.81   -6.32  0.19  0.17  0.43  -1.00   -1.0        -1.  11.93  510.5 146298.
128  4 23 04 0.72 162.42  74.32  5.24 1640   12.48   518.0  182034.  -2.02  -2.99 -11.00   6.03   -7.29  0.32  0.34  0.38   0.37  552.2    460592.  11.75  519.9 163306.
128  4 24 26 0.72 162.42  74.31  5.24 1640   12.01   516.6  200076.  -2.26  -2.31 -10.73   6.61   -7.17  0.26  0.26  0.26   0.37  559.1    495078.  11.94  522.1 219329.
128  4 25 46 0.72 162.42  74.30  5.24 1640   12.51   519.3  193144.  -1.79  -3.33 -11.83   4.58   -6.12  0.22  0.33  0.30   0.32  553.6    363580.  11.89  516.0 196665.
128  4 27 08 0.72 162.42  74.29  5.24 1640   12.03   515.5  185269.   0.00   0.00 -12.07   4.79   -5.42  0.13  0.28  0.17   0.32  555.7    416387.  11.96  520.7 195885.
128  4 27 24 0.72 162.42  74.28  5.24 1640   -1.00    -1.0      -1.  -1.00  -1.00 -12.19   4.68   -5.13  0.19  0.31  0.17  -1.00   -1.0        -1.  -1.00   -1.0     -1.
128  5 01 18 0.72 162.43  73.98  5.24 1640   -1.00    -1.0      -1.  -1.00  -1.00 -11.41   7.05   -5.10  0.00  0.00  0.00  -1.00   -1.0        -1.  -1.00   -1.0     -1.
128  5 06 42 0.72 162.43  73.93  5.24 1640   11.01   520.8  166146.  -3.35  -1.10   0.00   0.00    0.00  0.00  0.00  0.00  -1.00   -1.0        -1.  11.10  524.5 205257.
128  5 07 38 0.72 162.43  73.92  5.24 1640   10.50   528.6  305524.  -3.54  -0.02   0.00   0.00    0.00  0.00  0.00  0.00  -1.00   -1.0        -1.  10.12  528.0 265893.
128  5 13 02 0.72 162.43  73.88  5.24 1640   10.80   526.9  286452.  -3.90  -0.03 -12.01   4.55   -4.87  0.00  0.00  0.20  -1.00   -1.0        -1.  10.14  523.5 259393.
128  5 18 26 0.72 162.43  73.83  5.24 1640   10.69   539.8  305670.  -3.80   0.45 -11.65   4.16   -3.29  0.14  0.27  0.14  -1.00   -1.0        -1.  10.35  538.7 277321.
128  5 23 50 0.72 162.43  73.78  5.24 1640   10.70   531.6  262576.  -4.14   0.26 -12.39   3.64   -3.18  0.08  0.20  0.19   2.37  454.7    258148.  10.54  538.7 286056.
128  5 29 14 0.72 162.43  73.73  5.24 1640   10.00   526.6  178068.  -3.38  -0.82 -12.96   3.73   -3.18  0.10  0.25  0.48  -1.00   -1.0        -1.  10.25  530.2 247562.
128  5 34 38 0.72 162.43  73.68  5.24 1640   11.44   538.7  284256.  -3.33  -0.54 -12.44   2.99   -2.95  0.18  0.19  0.00  -1.00   -1.0        -1.  10.71  544.7 310348.
128  5 40 02 0.72 162.43  73.64  5.24 1640   12.01   540.4  327194.  -2.87  -1.81 -12.38   2.15   -2.91  0.21  0.13  0.31  -1.00   -1.0        -1.  11.33  540.8 293391.
128  5 42 54 0.72 162.43  73.61  5.24 1640   11.92   544.1  288629.   0.00   0.00 -12.48   3.63   -1.50  0.20  0.38  0.32  -1.00   -1.0        -1.  11.84  538.5 256479.
128  5 45 26 0.72 162.44  73.59  5.24 1640   11.61   540.2  267728.  -2.10  -1.30 -12.56   3.42   -1.50  0.18  0.22  0.20  -1.00   -1.0        -1.  11.21  544.9 293667.
128  5 50 48 0.72 162.44  73.54  5.24 1640   -1.00    -1.0      -1.  -1.00  -1.00 -12.00   1.81   -1.67  0.08  0.15  0.16  -1.00   -1.0        -1.  -1.00   -1.0     -1.
128  6 01 39 0.72 162.43  73.43  5.36 1641   -1.00    -1.0      -1.  -1.00  -1.00  -8.75  -0.57   -1.82  0.00  0.00  0.00  -1.00   -1.0        -1.  -1.00   -1.0     -1.
128  7 09 18 0.72 162.46  72.84  5.23 1640    8.55   578.2  388113.  -8.54   2.40   0.00   0.00    0.00  0.00  0.00  0.00  -1.00   -1.0        -1.   8.23  581.9 422147.
128  7 30 54 0.72 162.46  72.64  5.23 1640    8.86   587.5  330034.  -9.43   3.90  -7.16  -0.27   -1.79  0.00  0.00  0.00  -1.00   -1.0        -1.   8.66  590.0 308587.
128  7 32 22 0.72 162.45  72.62  5.35 1641   -1.00    -1.0      -1.  -1.00  -1.00  -7.13   2.39   -3.73  0.20  0.55  0.25  -1.00   -1.0        -1.  -1.00   -1.0     -1.
128  7 52 30 0.72 162.47  72.45  5.23 1640    9.41   593.7  255511.  -3.18  -1.08  -2.86   7.82   -2.88  0.00  0.00  0.00  -1.00   -1.0        -1.   8.85  594.2 214018.
128  8 14 06 0.72 162.47  72.26  5.23 1640   10.09   573.5  343771.  -4.28  -1.65  -7.20   6.26   -5.74  0.00  0.00  0.00  -1.00   -1.0        -1.   9.22  574.9 327828.
128  8 35 42 0.72 162.48  72.06  5.22 1640   11.66   586.4  300411.  -4.59  -3.56  -1.54   6.99  -10.36  0.00  0.00  0.00   0.32  603.6    583345.  11.89  588.4 345389.
128  8 54 27 0.72 162.47  71.88  5.34 1641   -1.00    -1.0      -1.  -1.00  -1.00  -3.45   7.49   -9.58  0.00  0.00  0.00  -1.00   -1.0        -1.  -1.00   -1.0     -1.
128  8 57 18 0.72 162.48  71.87  5.22 1640   12.36   572.1  256440.  -3.24  -2.18  -3.05   7.58   -9.18  0.00  0.00  0.00  -1.00   -1.0        -1.  12.38  576.2 278104.
128  8 59 51 0.72 162.47  71.83  5.34 1641   -1.00    -1.0      -1.  -1.00  -1.00  -4.24   5.79  -10.41  0.20  0.10  0.01  -1.00   -1.0        -1.  -1.00   -1.0     -1.
128  9 02 33 0.72 162.47  71.81  5.34 1641   -1.00    -1.0      -1.  -1.00  -1.00  -4.76   6.88   -9.01  0.20  0.10  0.21  -1.00   -1.0        -1.  -1.00   -1.0     -1.
128  9 18 54 0.72 162.49  71.68  5.22 1640   11.19   577.8  274638.  -4.02  -1.62  -0.35   8.38   -9.13  0.00  0.00  0.00  -1.00   -1.0        -1.  10.94  577.4 293648.
128  9 40 30 0.72 162.49  71.48  5.22 1640    8.95   603.0  194752.  -2.46  -0.95   6.62   9.77   -7.33  0.00  0.00  0.00  -1.00   -1.0        -1.   8.89  608.8 223026.
128 10 02 06 0.72 162.50  71.29  5.22 1640   10.75   581.1  269395.  -3.52  -3.64   0.87   9.40  -11.11  0.00  0.00  0.00  -1.00   -1.0        -1.  10.86  580.3 264275.
128 10 19 46 0.72 162.49  71.12  5.34 1641   -1.00    -1.0      -1.  -1.00  -1.00  -2.04   8.09   -9.96  0.00  0.00  0.00  -1.00   -1.0        -1.  -1.00   -1.0     -1.
128 10 23 42 0.72 162.50  71.10  5.22 1640   11.28   552.1  298813.  -4.74  -2.62  -3.84   8.19  -10.48  0.00  0.00  0.00  -1.00   -1.0        -1.  10.01  554.7 248799.
128 10 25 10 0.72 162.49  71.07  5.34 1641   -1.00    -1.0      -1.  -1.00  -1.00  -3.54   8.05  -10.88  0.10  0.25  0.40  -1.00   -1.0        -1.  -1.00   -1.0     -1.
128 10 27 52 0.72 162.49  71.05  5.34 1641   -1.00    -1.0      -1.  -1.00  -1.00  -2.81   9.53   -8.86  0.05  0.45  0.41  -1.00   -1.0        -1.  -1.00   -1.0     -1.
128 10 45 18 0.72 162.51  70.90  5.21 1640    9.58   584.6  252577.  -3.88  -3.27   4.16   9.14   -9.57  0.40  0.15  0.21   0.25  602.5    647236.   9.54  581.9 272815.
128 11 06 54 0.72 162.51  70.71  5.21 1640   10.53   573.3  279244.  -3.51  -3.34   0.83   9.87   -7.61  0.00  0.00  0.00   0.30  586.4    632449.  10.42  575.9 330105.
128 11 28 30 0.72 162.52  70.52  5.21 1640   10.76   571.4  309627.  -6.63  -1.80  -4.87   9.87   -7.78  0.00  0.00  0.00  -1.00   -1.0        -1.  10.23  575.6 276428.
128 11 46 10 0.72 162.51  70.35  5.33 1641   -1.00    -1.0      -1.  -1.00  -1.00  -5.95  11.18   -9.09  0.00  0.00  0.00  -1.00   -1.0        -1.  -1.00   -1.0     -1.
128 11 50 06 0.72 162.52  70.32  5.21 1640   12.06   546.5  284376.  -4.37  -2.78  -0.22  10.23   -8.02  0.35  0.15  0.01   0.44  563.2    671417.  11.60  549.6 267819.
128 11 51 34 0.72 162.51  70.30  5.33 1641   -1.00    -1.0      -1.  -1.00  -1.00   0.63  10.17   -8.01  0.00  0.00  0.00  -1.00   -1.0        -1.  -1.00   -1.0     -1.
128 11 54 16 0.72 162.51  70.27  5.33 1641   -1.00    -1.0      -1.  -1.00  -1.00   1.73   9.77   -7.69  0.01  0.00  0.20  -1.00   -1.0        -1.  -1.00   -1.0     -1.
128 12 11 42 0.72 162.53  70.13  5.21 1640   11.38   560.1  266221.  -4.06  -3.49  -0.97  10.38   -8.03  0.20  0.10  0.41  -1.00   -1.0        -1.  11.02  563.5 277003.
128 12 33 18 0.72 162.53  69.94  5.21 1640   11.07   559.7  277266.  -7.39  -3.52 -12.32   6.15   -4.31  0.00  0.00  0.00   0.46  610.0    860634.  10.17  560.3 218966.
128 12 54 54 0.72 162.54  69.74  5.20 1640   11.10   563.3  245918.  -7.53  -2.61 -13.04   5.94   -3.13  0.00  0.00  0.00  -1.00   -1.0        -1.  10.91  563.8 219430.
128 13 13 39 0.72 162.53  69.56  5.32 1641   -1.00    -1.0      -1.  -1.00  -1.00 -13.24   4.44   -3.04  0.00  0.00  0.00  -1.00   -1.0        -1.  -1.00   -1.0     -1.
128 13 16 30 0.72 162.54  69.55  5.20 1640   10.88   552.3  145375.  -7.35  -1.83 -13.64   4.33   -2.65  0.00  0.00  0.00   0.31  604.0    818170.  10.13  555.2 117279.
128 13 19 03 0.72 162.53  69.52  5.32 1641   -1.00    -1.0      -1.  -1.00  -1.00 -13.57   3.27   -1.15  0.10  0.15  0.20  -1.00   -1.0        -1.  -1.00   -1.0     -1.
128 13 21 45 0.72 162.53  69.49  5.32 1641   -1.00    -1.0      -1.  -1.00  -1.00 -13.61   3.92   -1.45  0.15  0.10  0.00  -1.00   -1.0        -1.  -1.00   -1.0     -1.
128 13 38 06 0.72 162.55  69.36  5.20 1640   10.50   562.2  163121.  -7.72   0.19 -12.46   1.82   -1.25  0.00  0.00  0.00   0.23  608.8    511359.  10.09  562.3 149653.
128 13 59 42 0.72 162.55  69.16  5.20 1640    8.75   558.2  111010.  -6.07   0.19 -12.27  -0.08   -1.02  0.10  0.30  0.16   0.26  623.1    566115.   7.97  556.6 109405.
128 14 21 18 0.72 162.56  68.97  5.20 1640    7.78   554.6   98409.  -6.28   1.22 -13.46   0.03   -1.68  0.00  0.00  0.00   0.22  607.2    594104.   7.76  561.0 103061.
128 14 38 58 0.72 162.55  68.80  5.32 1641   -1.00    -1.0      -1.  -1.00  -1.00 -13.47   4.02   -1.05  0.00  0.00  0.00  -1.00   -1.0        -1.  -1.00   -1.0     -1.
128 14 42 54 0.72 162.56  68.78  5.20 1640    6.54   554.3  101232.  -5.77   1.80 -11.90   4.70    1.38  0.00  0.00  0.00  -1.00   -1.0        -1.   6.50  552.9  92653.
128 22 13 57 0.73 162.66  64.74  5.16 1640    6.41   514.9  192871.  -1.97   2.44  -8.27   2.04   -4.19  0.05  0.00  0.20  -1.00   -1.0        -1.   5.91  518.9 167627.
128 22 15 02 0.73 162.66  64.73  5.16 1640    6.16   515.4  159019.  -1.97   2.23  -8.19   2.72   -3.90  0.19  0.37  0.28  -1.00   -1.0        -1.   6.74  516.8 205809.
128 22 16 23 0.73 162.66  64.71  5.16 1640    6.52   518.2  204211.  -1.20   2.28  -7.56   3.46   -3.87  0.21  0.41  0.38   0.21  575.1    625640.   5.94  518.6 168436.
128 22 17 44 0.73 162.66  64.70  5.16 1640    6.10   520.2  230296.  -2.78   1.77  -7.96   2.13   -4.51  0.16  0.19  0.19   0.20  564.1    557682.   6.65  517.2 207248.
128 22 19 05 0.73 162.66  64.69  5.16 1640    6.42   515.3  210497.  -2.27   1.75  -7.49   2.20   -4.11  0.14  0.29  0.24  -1.00   -1.0        -1.   6.48  511.7 187813.
128 22 20 26 0.73 162.66  64.68  5.16 1640    6.83   508.2  184490.  -2.44   1.85  -7.71   2.39   -3.88  0.16  0.60  0.49  -1.00   -1.0        -1.   6.11  510.7 162848.
128 22 21 47 0.73 162.66  64.67  5.16 1640    6.57   512.3  205290.  -2.13   2.15  -7.50   2.36   -3.52  0.09  0.26  0.22   0.22  563.1    636438.   6.18  514.2 174670.
128 22 23 08 0.73 162.66  64.65  5.16 1640    6.83   509.2  190369.  -3.01   1.73  -7.76   1.81   -4.32  0.12  0.19  0.23  -1.00   -1.0        -1.   6.57  513.0 216770.
128 22 24 29 0.73 162.66  64.64  5.16 1640    6.68   512.4  231839.  -2.48   1.99  -8.13   1.89   -4.27  0.22  0.06  0.18  -1.00   -1.0        -1.   6.28  515.8 183187.
128 22 25 50 0.73 162.66  64.63  5.16 1640    7.07   510.3  180527.  -2.67   1.97  -8.07   1.91   -3.63  0.28  0.55  0.36   0.15  592.1    418674.   6.00  507.5 156572.
128 22 27 11 0.73 162.66  64.62  5.16 1640    6.34   513.6  204162.  -2.83   2.07  -8.11   2.60   -2.98  0.34  0.26  0.25   0.20  569.5    504719.   6.44  512.7 188355.
128 22 28 32 0.73 162.67  64.60  5.16 1640    6.26   516.9  175988.  -2.94   1.91  -8.72   1.96   -2.88  0.37  0.57  0.20   0.18  568.9    437697.   5.75  516.6 213365.
128 22 29 53 0.73 162.67  64.59  5.16 1640    6.59   513.0  217455.  -2.93   2.29  -8.56   1.05   -2.57  0.20  0.19  0.24   0.24  563.0    577017.   6.27  516.3 180592.
128 22 31 14 0.73 162.67  64.58  5.16 1640    5.88   522.6  165652.  -2.21   2.16  -8.38   4.43   -2.92  0.13  0.08  0.21   0.21  567.8    528225.   6.13  522.4 196184.
128 22 32 35 0.73 162.67  64.57  5.16 1640    6.35   521.8  190126.  -1.95   1.96  -8.46   4.31   -2.96  0.17  0.24  0.20   0.19  551.9    473755.   6.06  521.9 178016.
128 22 33 56 0.73 162.67  64.56  5.16 1640    6.32   517.6  162342.  -2.91   2.07  -8.56   4.19   -3.22  0.22  0.33  0.23  -1.00   -1.0        -1.   6.19  521.6 201067.
128 22 35 17 0.73 162.67  64.55  5.16 1640    6.33   520.4  193845.  -2.95   2.62  -8.76   3.44   -3.07  0.18  0.38  0.29  -1.00   -1.0        -1.   6.05  519.7 172298.
128 22 36 38 0.73 162.67  64.53  5.16 1640    6.31   519.5  160461.  -2.68   1.86  -8.42   4.36   -4.40  0.15  0.29  0.42   0.20  571.4    491791.   6.31  520.9 221561.
128 22 37 59 0.73 162.67  64.52  5.16 1640    6.50   516.9  184665.  -2.17   2.64  -9.16   3.25   -2.70  0.26  0.48  0.32   0.14  576.5    444610.   6.28  517.8 158889.
128 22 39 20 0.73 162.67  64.51  5.16 1640    6.12   518.1  144793.  -2.80   2.30  -9.76   2.53   -1.85  0.00  0.09  0.08   0.19  576.8    598977.   5.95  522.3 169287.
128 22 40 41 0.73 162.67  64.50  5.16 1640    5.96   522.5  156101.  -2.58   2.57  -9.87   2.62   -1.89  0.16  0.19  0.14   0.24  569.4    444233.   6.21  517.3 151904.
128 22 42 02 0.73 162.67  64.48  5.16 1640    6.26   517.1  138761.  -2.56   2.57  -9.79   2.93   -1.65  0.12  0.32  0.27   0.24  573.1    608020.   5.82  513.8 137433.
128 22 43 23 0.73 162.67  64.47  5.16 1640    6.30   517.1  183219.  -2.91   2.66  -9.86   2.03   -1.66  0.13  0.23  0.21   0.23  565.3    777603.   5.98  518.7 150231.
128 22 44 44 0.73 162.67  64.46  5.16 1640    5.94   514.8  151774.  -2.56   2.31  -9.87   2.75   -1.76  0.08  0.26  0.36   0.23  562.5    509397.   5.83  519.3 187657.
128 22 46 05 0.73 162.67  64.45  5.16 1640    7.10   509.2  193852.  -2.58   1.64  -9.41   2.61   -2.28  0.81  0.18  0.38   0.29  563.7    680942.   6.28  510.7 155250.
128 22 47 26 0.73 162.67  64.44  5.16 1640    5.79   515.4  160828.  -2.66   1.84 -10.08   2.47   -1.94  0.12  0.11  0.18   0.26  549.7    595689.   5.44  513.6 139044.
128 22 48 47 0.73 162.67  64.42  5.16 1640    5.98   515.9  208324.  -2.71   1.79  -9.79   2.25   -1.88  0.40  0.16  0.20   0.22  551.4    444935.   5.88  515.8 165535.
128 22 50 08 0.73 162.67  64.41  5.16 1640    7.00   506.4  168835.  -2.55   2.33  -8.87   1.44   -1.68  0.30  0.30  0.21   0.12  589.9    439542.   6.83  504.4 152876.
128 22 51 29 0.73 162.67  64.40  5.16 1640    6.80   510.1  198380.  -3.11   2.60  -9.47   1.54   -2.10  0.17  0.22  0.16  -1.00   -1.0        -1.   6.15  511.7 177899.
128 22 52 50 0.73 162.67  64.39  5.16 1640    6.41   510.2  165282.  -2.86   2.40  -9.56   2.33   -2.33  0.33  0.52  0.15   0.22  556.2    573444.   6.42  509.2 145086.
128 22 54 11 0.73 162.67  64.38  5.16 1640    6.26   515.0  195197.  -2.61   2.09  -9.81   2.65   -2.41  0.09  0.22  0.15   0.25  561.3    579369.   5.86  513.9 154461.
128 22 55 32 0.73 162.67  64.36  5.16 1640   -1.00    -1.0      -1.  -1.00  -1.00  -9.74   2.54   -2.93  0.00  0.13  0.10  -1.00   -1.0        -1.   6.10  511.8 136542.
128 23 07 21 0.73 162.67  64.26  5.16 1640   -1.00    -1.0      -1.  -1.00  -1.00  -8.26   3.22   -1.49  0.00  0.00  0.00  -1.00   -1.0        -1.  -1.00   -1.0     -1.
128 23 08 42 0.73 162.67  64.25  5.16 1640    6.46   515.2  185110.  -2.37   2.85   0.00   0.00    0.00  0.00  0.00  0.00   0.22  544.9    553394.   6.01  518.5 167874.
128 23 09 02 0.73 162.67  64.24  5.16 1640    6.39   514.0  169751.  -2.86   2.74  -8.31   3.33   -1.59  0.09  0.18  0.17   0.19  564.5    491739.   6.52  515.2 198916.
128 23 10 23 0.73 162.67  64.23  5.16 1640    7.19   513.0  199176.  -2.48   3.04  -8.25   3.23   -1.89  0.00  0.00  0.00   0.20  551.1    557422.   6.39  514.7 166662.
128 23 11 44 0.73 162.67  64.22  5.16 1640    6.59   514.4  169326.  -2.58   3.21  -8.57   3.07   -2.25  0.16  0.11  0.10   0.15  592.0    410956.   6.69  515.6 200612.
128 23 13 05 0.73 162.67  64.21  5.16 1640    7.25   515.2  209779.  -2.47   3.20  -8.49   2.95   -2.18  0.20  0.25  0.22   0.15  563.8    673626.   6.49  516.4 164976.
128 23 14 26 0.73 162.68  64.19  5.16 1640    6.50   520.1  153194.  -2.90   2.86  -8.35   4.64   -2.31  0.18  0.50  0.28   0.26  552.1    574938.   6.25  521.0 175930.
128 23 15 47 0.73 162.68  64.18  5.16 1640    6.68   518.8  188553.  -2.78   2.74  -8.80   3.11   -1.39  0.19  0.18  0.31   0.21  569.1    607228.   6.26  517.9 154185.
128 23 17 08 0.73 162.68  64.17  5.15 1640    7.08   513.4  156835.  -2.77   2.58  -8.67   3.06   -1.63  0.03  0.15  0.17   0.19  554.3    613153.   6.30  512.4 135773.
128 23 18 29 0.73 162.68  64.16  5.15 1640    7.00   518.1  200300.  -2.28   2.62  -8.93   3.17   -2.43  0.11  0.34  0.42  -1.00   -1.0        -1.   6.56  517.7 170086.
128 23 19 50 0.73 162.68  64.14  5.15 1640    7.25   516.2  162043.  -2.31   2.51  -8.73   3.09   -1.69  0.07  0.35  0.21   0.19  571.7    456356.   6.53  512.2 149887.
128 23 21 11 0.73 162.68  64.13  5.15 1640    7.31   515.3  192140.  -2.13   2.78  -8.75   3.32   -1.88  0.13  0.23  0.14   0.21  567.0    597729.   6.73  516.0 157313.
128 23 22 32 0.73 162.68  64.12  5.15 1640   -1.00    -1.0      -1.  -1.00  -1.00  -8.82   3.23   -1.71  0.15  0.17  0.21  -1.00   -1.0        -1.  -1.00   -1.0     -1.
128 23 25 14 0.73 162.68  64.10  5.15 1640    7.19   512.9  160471.  -2.80   3.04  -8.99   2.83    1.92  0.17  0.21  0.17   0.26  552.6    530291.   7.26  510.7 165415.
128 23 26 35 0.73 162.68  64.08  5.15 1640    6.94   516.8  201093.  -2.62   2.94  -8.90   3.98   -0.89  0.23  0.62  1.63   0.27  566.3    630058.   6.76  517.2 162121.
128 23 27 56 0.73 162.68  64.07  5.15 1640   -1.00    -1.0      -1.  -1.00  -1.00  -8.97   3.46   -1.41  0.25  0.46  0.53  -1.00   -1.0        -1.   6.78  509.5 145115.
128 23 33 00 0.73 162.68  64.03  5.15 1640    6.32   519.0  203009.  -2.33   2.26   0.00   0.00    0.00  0.00  0.00  0.00   0.19  560.4    377159.   6.09  520.8 176635.
128 23 34 21 0.73 162.68  64.02  5.15 1640    6.46   515.7  167348.  -2.60   2.47  -9.05   4.37    1.63  0.05  0.15  0.15  -1.00   -1.0        -1.   6.42  518.4 206712.
128 23 35 42 0.73 162.68  64.00  5.15 1640    6.15   518.9  198474.   0.00   0.00  -8.76   4.77   -1.80  0.28  0.68  0.90   0.20  556.6    442323.   5.84  519.2 165697.
128 23 38 24 0.73 162.68  63.98  5.15 1640    7.13   510.6  190779.  -2.22   3.27  -6.80   2.79    7.03  3.24  2.00  9.15   0.28  546.6    412203.   6.63  514.4 162251.
128 23 39 45 0.73 162.68  63.97  5.15 1640    7.25   513.6  167146.  -2.35   2.76  -8.61   3.85    2.35  0.11  0.32  0.23   0.20  563.3    483397.   6.65  508.7 152330.
128 23 41 06 0.73 162.68  63.95  5.15 1640    6.69   515.0  206326.  -2.11   2.57  -8.65   3.83    1.79  0.19  0.22  0.14   0.30  560.3    527147.   6.28  516.5 186387.
128 23 41 24 0.73 162.68  63.95  5.15 1640    6.57   508.6  175046.  -2.13   2.40  -8.33   3.81    2.15  0.30  0.23  0.41   0.16  581.4    527732.   6.39  507.0 146645.
128 23 42 45 0.73 162.68  63.94  5.15 1640    7.26   510.2  204952.  -2.20   2.33  -8.77   3.69    1.31  0.05  0.22  0.16   0.26  552.3    451484.   6.85  510.0 191906.
128 23 48 27 0.73 162.68  63.89  5.15 1640    6.96   507.2  147808.  -1.53   2.20  -7.94   3.88    2.92  0.00  0.00  0.00   0.21  557.5    389308.   7.07  508.8 185506.
128 23 49 48 0.73 162.68  63.88  5.15 1640    7.33   508.1  189025.  -2.10   2.36  -8.40   3.25    2.64  0.19  0.15  0.21  -1.00   -1.0        -1.   6.94  504.8 159083.
128 23 51 09 0.73 162.68  63.86  5.15 1640    6.81   504.2  156764.  -1.72   2.31  -8.46   3.05    3.07  0.29  0.38  0.17   0.17  556.7    363555.   6.78  508.4 184230.
128 23 52 12 0.73 162.68  63.86  5.15 1640    6.88   503.6  191679.  -2.39   2.03  -8.65   3.29    2.99  0.22  0.34  0.11   0.30  557.7    539530.   6.98  508.5 231557.
128 23 53 33 0.73 162.68  63.84  5.15 1640    7.26   509.0  200638.   0.00   0.00  -7.95   4.28   -0.75  0.23  0.30  0.22   0.20  551.5    444766.   6.70  506.0 180397.
