1976/365   rh    esh  clong  clat crot    np1     vp1     Tp1   vaz   vel     Bx     By     Bz  sBx  sBy  sBz   nal   val     Tal   np2   vp2     Tp2
hh:mm:ss [AU]  [deg]  [deg] [deg]    # [cm-3]  [km/s]     [K] [deg] [deg]   [nT]   [nT]   [nT] [nT] [nT] [nT][cm-3][km/s]     [K][cm-3][km/s]     [K]
 0:14:03 0.98 332.53 356.73  0.61 1650   7.41   468.7 291900. -4.23 -5.39   8.78  -7.87  -2.87 0.00 0.00 0.00 -1.00  -1.0     -1.  7.67 468.6 285130.
 0:35:39 0.98 332.52 356.52  0.60 1650   7.44   466.0 269739. -5.34  1.45   3.49 -10.78  -3.68 0.00 0.00 0.00 -1.00  -1.0     -1.  8.16 465.1 283688.
 0:57:15 0.98 332.52 356.32  0.60 1650  10.71   463.8 297559. -8.48 -5.31   3.92  -7.40   0.94 0.00 0.00 0.00 -1.00  -1.0     -1. 11.02 472.2 309773.
 1:18:51 0.98 332.51 356.12  0.60 1650  11.78   468.6 215659.  0.00  0.00  -4.97  -8.08  -3.00 0.25 0.10 0.00 -1.00  -1.0     -1. 13.28 468.2 254601.
 1:40:27 0.98 332.51 355.92  0.60 1650   6.73   466.4 287024.  0.00  0.00   7.96  -6.89  -2.09 0.00 0.00 0.00  0.08 525.3 490309.  7.27 465.2 354254.
 2:02:03 0.98 332.50 355.72  0.60 1650   7.37   452.2 334162. -7.32 -6.24   3.08 -10.31   3.02 0.00 0.00 0.00  0.14 508.7 430551.  8.47 453.6 367462.
 2:23:39 0.98 332.50 355.51  0.60 1650   7.05   455.5 245626. -4.43  0.50   4.75 -10.49  -1.25 0.00 0.00 0.00 -1.00  -1.0     -1.  7.87 453.2 246551.
 3:13:55 0.98 332.49 355.04  0.59 1650   7.31   430.0 219310.  0.00  0.00   0.00   0.00   0.00 0.00 0.00 0.00 -1.00  -1.0     -1.  7.49 428.2 216919.
 3:18:25 0.98 332.49 355.00  0.59 1650   6.60   411.9 164983.  0.00  0.00   0.00   0.00   0.00 0.00 0.00 0.00 -1.00  -1.0     -1. -1.00  -1.0     -1.
 3:22:55 0.98 332.49 354.96  0.59 1650   7.22   430.6 229591.  0.00  0.00   0.00   0.00   0.00 0.00 0.00 0.00  0.09 523.3 435254. -1.00  -1.0     -1.
 3:27:00 0.98 332.49 354.92  0.59 1650   6.81   439.8 276132. -6.54  1.92   0.00   0.00   0.00 0.00 0.00 0.00 -1.00  -1.0     -1.  7.25 441.5 244823.
 3:27:41 0.98 332.49 354.92  0.59 1650   7.23   435.3 245866.  0.00  0.00   0.00   0.00   0.00 0.00 0.00 0.00 -1.00  -1.0     -1.  7.53 433.6 246249.
 3:31:37 0.98 332.49 354.88  0.59 1650  -1.00    -1.0     -1. -1.00 -1.00   0.00   0.00   0.00 0.00 0.00 0.00 -1.00  -1.0     -1.  7.37 437.6 234789.
 3:41:38 0.98 332.48 354.78  0.59 1650   7.88   459.5 316955.  0.00  0.00   0.00   0.00   0.00 0.00 0.00 0.00 -1.00  -1.0     -1.  7.94 461.8 298351.
 4:01:55 0.98 332.48 354.59  0.59 1650   7.31   443.4 281609.-10.05  2.00   0.00   0.00   0.00 0.00 0.00 0.00  0.11 489.1 354017.  7.64 446.7 282743.
 4:02:35 0.98 332.48 354.59  0.59 1650   7.82   453.2 261572. -9.21  3.49   0.00   0.00   0.00 0.00 0.00 0.00 -1.00  -1.0     -1.  7.84 461.2 273634.
 4:03:16 0.98 332.48 354.58  0.59 1650   7.74   444.7 271243.  0.00  0.00   0.00   0.00   0.00 0.00 0.00 0.00  0.10 494.6 352432.  7.75 446.5 238047.
 4:03:56 0.98 332.48 354.58  0.59 1650   7.88   443.0 213102. -9.14 -2.50   0.00   0.00   0.00 0.00 0.00 0.00  0.08 483.8 395376.  7.98 447.0 184214.
 4:04:37 0.98 332.48 354.57  0.59 1650   7.65   447.8 230868. -8.85 -1.27   0.00   0.00   0.00 0.00 0.00 0.00  0.14 490.0 414049.  8.53 448.1 250882.
 4:05:58 0.98 332.48 354.56  0.59 1650   7.20   438.6 204497.  0.00  0.40   0.00   0.00   0.00 0.00 0.00 0.00  0.10 492.3 422949.  7.89 439.9 235750.
 4:09:05 0.98 332.48 354.53  0.59 1650  -1.00    -1.0     -1. -1.00 -1.00   0.00   0.00   0.00 0.00 0.00 0.00 -1.00  -1.0     -1.  7.70 432.4 194680.
 4:09:45 0.98 332.48 354.52  0.59 1650   7.62   431.1 235367.-11.56  2.68   0.00   0.00   0.00 0.00 0.00 0.00  0.11 489.3 436840.  7.80 432.5 220697.
 4:10:02 0.98 332.48 354.52  0.59 1650   7.61   423.7 249066. -9.83  0.00   0.00   0.00   0.00 0.00 0.00 0.00 -1.00  -1.0     -1.  7.95 429.6 248179.
 4:10:42 0.98 332.48 354.51  0.59 1650   7.63   427.5 226583. -9.33 -1.34   0.00   0.00   0.00 0.00 0.00 0.00  0.13 485.4 301730.  8.34 427.0 235974.
 4:11:23 0.98 332.48 354.51  0.59 1650   7.14   476.9 210659. -4.61 -1.22   0.00   0.00   0.00 0.00 0.00 0.00 -1.00  -1.0     -1.  7.56 472.9 189846.
 4:12:03 0.98 332.48 354.50  0.59 1650   7.20   467.1 202762. -5.07 -1.62   0.00   0.00   0.00 0.00 0.00 0.00 -1.00  -1.0     -1.  7.68 472.9 200167.
 4:13:24 0.98 332.48 354.49  0.59 1650   7.71   487.6 199540.  0.00  0.00   0.00   0.00   0.00 0.00 0.00 0.00 -1.00  -1.0     -1.  7.79 484.5 212443.
 4:14:05 0.98 332.48 354.48  0.59 1650   6.50   501.8 191419.  0.00  0.00   0.00   0.00   0.00 0.00 0.00 0.00 -1.00  -1.0     -1. -1.00  -1.0     -1.
 4:15:26 0.98 332.48 354.47  0.59 1650   7.49   474.3 206362. -4.52 -3.68   0.00   0.00   0.00 0.00 0.00 0.00 -1.00  -1.0     -1.  7.67 473.9 204877.
 4:16:06 0.98 332.48 354.46  0.59 1650   7.27   475.1 220155. -4.85 -3.12   0.00   0.00   0.00 0.00 0.00 0.00 -1.00  -1.0     -1.  7.39 475.5 192016.
 4:16:47 0.98 332.48 354.46  0.59 1650   7.18   471.8 194843. -4.59 -3.18   0.00   0.00   0.00 0.00 0.00 0.00 -1.00  -1.0     -1.  7.25 469.5 194839.
 4:17:27 0.98 332.48 354.45  0.59 1650   6.89   463.5 181413. -5.15 -3.00   0.00   0.00   0.00 0.00 0.00 0.00 -1.00  -1.0     -1.  6.82 462.9 147850.
 4:18:08 0.98 332.48 354.44  0.59 1650   7.66   462.3 239317. -4.74 -3.53   0.00   0.00   0.00 0.00 0.00 0.00 -1.00  -1.0     -1.  7.54 464.0 200349.
 4:18:48 0.98 332.48 354.44  0.59 1650   7.41   467.1 206524. -4.74 -2.22   0.00   0.00   0.00 0.00 0.00 0.00 -1.00  -1.0     -1.  7.45 471.4 202210.
 4:19:29 0.98 332.48 354.43  0.59 1650   7.11   466.8 231115. -4.39 -2.94   0.00   0.00   0.00 0.00 0.00 0.00 -1.00  -1.0     -1.  7.19 466.1 205777.
 4:20:09 0.98 332.47 354.42  0.59 1650   7.17   461.6 185958. -5.54 -1.58   0.00   0.00   0.00 0.00 0.00 0.00  0.09 503.4 342076.  7.36 457.8 199874.
 4:20:50 0.98 332.47 354.42  0.59 1650   7.14   465.1 237563. -4.89 -3.85   0.00   0.00   0.00 0.00 0.00 0.00 -1.00  -1.0     -1.  7.01 469.0 202697.
 4:21:30 0.98 332.47 354.41  0.59 1650   6.85   467.2 196168. -5.17 -3.97   0.00   0.00   0.00 0.00 0.00 0.00 -1.00  -1.0     -1.  7.05 472.0 192195.
 4:22:11 0.98 332.47 354.41  0.59 1650   6.94   459.6 219833.  0.00  0.00   0.00   0.00   0.00 0.00 0.00 0.00 -1.00  -1.0     -1.  7.29 458.6 200618.
 4:22:51 0.98 332.47 354.40  0.59 1650   7.62   458.2 207317. -6.40 -5.53   0.00   0.00   0.00 0.00 0.00 0.00 -1.00  -1.0     -1.  7.64 460.6 217916.
 4:23:32 0.98 332.47 354.39  0.59 1650   7.25   459.2 220639. -5.95 -0.14   0.00   0.00   0.00 0.00 0.00 0.00 -1.00  -1.0     -1.  6.96 462.1 204367.
 4:24:12 0.98 332.47 354.39  0.59 1650   7.43   454.6 222955. -6.06 -0.26   0.00   0.00   0.00 0.00 0.00 0.00 -1.00  -1.0     -1.  7.58 461.0 218410.
 4:24:53 0.98 332.47 354.38  0.59 1650   7.04   461.8 210328. -4.91  1.74   0.00   0.00   0.00 0.00 0.00 0.00 -1.00  -1.0     -1.  6.85 460.1 169072.
 4:25:33 0.98 332.47 354.37  0.59 1650   6.73   464.8 188960. -5.82 -5.52   0.00   0.00   0.00 0.00 0.00 0.00 -1.00  -1.0     -1.  6.90 466.6 158560.
 4:26:14 0.98 332.47 354.37  0.59 1650   7.67   459.6 209428. -5.94  0.09   0.00   0.00   0.00 0.00 0.00 0.00  0.13 489.3 417102.  7.76 461.6 178880.
 4:26:54 0.98 332.47 354.36  0.59 1650   8.11   454.2 183343. -6.25 -2.81   0.00   0.00   0.00 0.00 0.00 0.00  0.10 508.7 360163.  8.36 451.3 178344.
 4:27:35 0.98 332.47 354.35  0.59 1650   7.79   462.7 211416. -5.73 -3.68   0.00   0.00   0.00 0.00 0.00 0.00  0.11 517.0 480707.  7.75 464.1 186010.
 4:28:15 0.98 332.47 354.35  0.59 1650   7.54   454.9 189284. -6.05 -3.63   0.00   0.00   0.00 0.00 0.00 0.00 -1.00  -1.0     -1.  7.72 455.0 189687.
 4:28:56 0.98 332.47 354.34  0.59 1650   7.77   460.1 210727. -5.91 -3.66   0.00   0.00   0.00 0.00 0.00 0.00  0.08 498.2 338229.  8.06 460.1 186942.
 4:29:36 0.98 332.47 354.34  0.59 1650   7.36   455.2 190464. -5.95 -3.19   0.00   0.00   0.00 0.00 0.00 0.00 -1.00  -1.0     -1.  8.12 454.0 192796.
 4:30:17 0.98 332.47 354.33  0.59 1650   7.77   452.4 183239. -6.65 -3.18   0.00   0.00   0.00 0.00 0.00 0.00  0.12 499.8 297416.  8.06 455.3 186712.
 4:30:57 0.98 332.47 354.32  0.59 1650   8.43   453.2 216932. -5.97 -3.26   0.00   0.00   0.00 0.00 0.00 0.00  0.10 504.5 424431.  8.57 454.5 190178.
 4:31:38 0.98 332.47 354.32  0.59 1650   7.76   450.2 186156. -6.50 -2.95   0.00   0.00   0.00 0.00 0.00 0.00  0.08 519.5 376081.  8.84 451.6 242046.
 4:32:18 0.98 332.47 354.31  0.59 1650   7.28   443.1 222818. -7.09 -2.82   0.00   0.00   0.00 0.00 0.00 0.00  0.11 496.9 386515.  7.61 445.8 195953.
 4:32:59 0.98 332.47 354.30  0.59 1650   7.68   447.1 181683. -6.50 -3.12   0.00   0.00   0.00 0.00 0.00 0.00  0.09 522.4 661880.  8.00 453.3 192598.
 4:33:39 0.98 332.47 354.30  0.59 1650   7.82   445.7 208073. -6.36 -2.47   0.00   0.00   0.00 0.00 0.00 0.00 -1.00  -1.0     -1.  8.06 446.7 191234.
 4:34:20 0.98 332.47 354.29  0.59 1650   8.01   445.7 185500. -6.63 -2.86   0.00   0.00   0.00 0.00 0.00 0.00  0.10 484.5 340451.  7.82 449.0 149712.
 4:35:00 0.98 332.47 354.29  0.59 1650   7.89   439.3 164505. -7.21 -2.45   0.00   0.00   0.00 0.00 0.00 0.00 -1.00  -1.0     -1.  8.26 445.4 171272.
 4:35:41 0.98 332.47 354.28  0.59 1650   8.32   445.9 181244. -6.75 -2.63   0.00   0.00   0.00 0.00 0.00 0.00 -1.00  -1.0     -1.  8.02 449.0 142104.
 4:36:21 0.98 332.47 354.27  0.59 1650   8.66   437.2 162209. -9.12 -0.58   0.00   0.00   0.00 0.00 0.00 0.00  0.11 507.1 279082.  8.55 445.9 178516.
 4:37:02 0.98 332.47 354.27  0.59 1650   7.91   442.9 159941. -8.75 -0.40   0.00   0.00   0.00 0.00 0.00 0.00 -1.00  -1.0     -1.  7.59 446.5 140483.
 4:37:42 0.98 332.47 354.26  0.59 1650   8.20   448.8 169482. -8.46 -0.26   0.00   0.00   0.00 0.00 0.00 0.00  0.10 503.5 363567.  8.23 448.0 170274.
 4:38:23 0.98 332.47 354.25  0.59 1650   8.24   444.1 173682. -7.23 -1.33   0.00   0.00   0.00 0.00 0.00 0.00 -1.00  -1.0     -1.  8.02 446.5 136071.
 4:39:03 0.98 332.47 354.25  0.59 1650   7.88   450.0 176534. -6.98 -2.47   0.00   0.00   0.00 0.00 0.00 0.00 -1.00  -1.0     -1.  8.18 448.4 173663.
 4:39:44 0.98 332.47 354.24  0.59 1650   7.22   445.0 173494. -6.67 -0.41   0.00   0.00   0.00 0.00 0.00 0.00  0.07 516.2 358149.  7.87 447.9 190291.
 4:40:24 0.98 332.47 354.23  0.59 1650   8.56   441.8 201015. -7.51 -3.06   0.00   0.00   0.00 0.00 0.00 0.00  0.06 540.4 461801.  9.05 444.5 182544.
 4:41:05 0.98 332.47 354.23  0.59 1650   7.84   452.2 174134. -5.66 -3.02   0.00   0.00   0.00 0.00 0.00 0.00  0.10 483.8 482097.  8.24 455.3 177047.
 4:41:45 0.98 332.47 354.22  0.59 1650   6.64   446.0 125157. -6.83 -1.95   0.00   0.00   0.00 0.00 0.00 0.00 -1.00  -1.0     -1.  7.17 447.4 157940.
 4:42:26 0.98 332.47 354.22  0.59 1650   8.23   442.2 158327. -7.57 -2.13   0.00   0.00   0.00 0.00 0.00 0.00 -1.00  -1.0     -1.  8.32 446.3 127486.
 4:43:06 0.98 332.47 354.21  0.59 1650   7.50   448.6 138043. -5.90 -2.36   0.00   0.00   0.00 0.00 0.00 0.00 -1.00  -1.0     -1.  7.82 450.7 166298.
 4:43:47 0.98 332.47 354.20  0.59 1650   7.89   446.1 167250. -6.21 -2.68   0.00   0.00   0.00 0.00 0.00 0.00 -1.00  -1.0     -1.  7.80 450.2 145762.
 4:44:27 0.98 332.47 354.20  0.59 1650   7.88   450.6 176495. -6.39 -1.62   0.00   0.00   0.00 0.00 0.00 0.00  0.07 498.7 447404.  8.34 449.7 168481.
 4:45:08 0.98 332.47 354.19  0.59 1650   8.37   448.0 172990. -6.71 -1.64   0.00   0.00   0.00 0.00 0.00 0.00 -1.00  -1.0     -1.  8.17 452.1 144897.
 4:45:48 0.98 332.47 354.18  0.59 1650   7.22   447.2 142114. -5.86 -1.85   0.00   0.00   0.00 0.00 0.00 0.00 -1.00  -1.0     -1.  7.54 449.5 159161.
 4:46:29 0.98 332.47 354.18  0.59 1650   7.68   455.4 166012. -4.72 -3.79   0.00   0.00   0.00 0.00 0.00 0.00  0.07 490.1 254614.  7.68 459.1 175020.
 4:47:09 0.98 332.47 354.17  0.59 1650   7.55   458.5 169979. -5.01 -2.65   0.00   0.00   0.00 0.00 0.00 0.00  0.11 486.4 481279.  7.20 460.9 141457.
 4:47:50 0.98 332.47 354.17  0.59 1650   7.42   450.9 165317. -5.39 -2.40   0.00   0.00   0.00 0.00 0.00 0.00  0.14 482.0 497196.  7.63 456.6 170375.
 4:48:30 0.98 332.47 354.16  0.59 1650   7.01   461.7 186406. -4.04 -2.25   0.00   0.00   0.00 0.00 0.00 0.00 -1.00  -1.0     -1.  6.72 464.5 152645.
 4:49:11 0.98 332.47 354.15  0.59 1650   7.28   462.6 196821. -4.00 -2.13   0.00   0.00   0.00 0.00 0.00 0.00 -1.00  -1.0     -1.  7.16 464.0 189895.
 4:49:51 0.98 332.47 354.15  0.59 1650   7.29   465.8 193520. -4.10 -2.58   0.00   0.00   0.00 0.00 0.00 0.00 -1.00  -1.0     -1.  7.55 466.1 159428.
 4:50:32 0.98 332.47 354.14  0.59 1650   6.81   456.3 173162. -4.30 -1.57   0.00   0.00   0.00 0.00 0.00 0.00 -1.00  -1.0     -1.  7.66 456.9 184207.
 4:51:12 0.98 332.47 354.13  0.59 1650   6.78   442.5 208921. -4.34 -1.62   0.00   0.00   0.00 0.00 0.00 0.00  0.08 475.0 324105.  6.81 444.3 176099.
 4:51:53 0.98 332.47 354.13  0.59 1650   6.44   447.7 163267. -4.64 -1.80   0.00   0.00   0.00 0.00 0.00 0.00  0.09 486.3 374183.  7.13 449.9 211835.
 4:52:33 0.98 332.47 354.12  0.59 1650   6.59   436.5 168865. -5.62 -1.05   0.00   0.00   0.00 0.00 0.00 0.00  0.09 493.8 438971.  7.19 442.8 165392.
 4:53:14 0.98 332.47 354.11  0.59 1650   6.83   453.0 177671. -4.65 -2.53   0.00   0.00   0.00 0.00 0.00 0.00  0.12 457.8 357512.  6.55 453.9 152116.
 4:53:54 0.98 332.47 354.11  0.59 1650   6.78   454.2 176898. -4.73 -2.75   0.00   0.00   0.00 0.00 0.00 0.00  0.09 477.9 387749.  6.97 455.6 184957.
 4:54:35 0.98 332.47 354.10  0.59 1650   6.57   452.2 163316. -4.71 -2.67   0.00   0.00   0.00 0.00 0.00 0.00 -1.00  -1.0     -1.  6.89 450.2 151362.
 4:55:15 0.98 332.47 354.10  0.59 1650   6.82   456.1 160672. -4.95 -4.18   0.00   0.00   0.00 0.00 0.00 0.00 -1.00  -1.0     -1.  6.56 458.7 146583.
 4:55:56 0.98 332.47 354.09  0.59 1650   6.94   464.2 200339. -4.91 -2.92   0.00   0.00   0.00 0.00 0.00 0.00  0.09 479.4 262956.  6.91 464.7 179753.
 4:56:36 0.98 332.47 354.08  0.59 1650   6.89   461.3 183535. -5.16 -2.82   0.00   0.00   0.00 0.00 0.00 0.00  0.09 483.0 307460.  6.66 464.4 149754.
 4:57:17 0.98 332.47 354.08  0.59 1650   6.93   466.4 172954. -5.05 -2.87   0.00   0.00   0.00 0.00 0.00 0.00 -1.00  -1.0     -1.  6.85 467.4 173669.
 4:57:57 0.98 332.47 354.07  0.59 1650   6.14   464.2 190996. -4.51 -3.77   0.00   0.00   0.00 0.00 0.00 0.00 -1.00  -1.0     -1.  6.85 472.8 196876.
 4:58:38 0.98 332.47 354.06  0.59 1650   6.65   465.9 151378. -3.54 -2.16   0.00   0.00   0.00 0.00 0.00 0.00  0.12 494.0 350340.  7.09 465.5 193965.
 4:59:18 0.98 332.47 354.06  0.59 1650   6.42   457.5 176797. -4.68 -0.74   0.00   0.00   0.00 0.00 0.00 0.00  0.10 474.2 403277.  6.30 453.3 170235.
 4:59:59 0.98 332.47 354.05  0.59 1650   6.75   476.3 187270. -3.55 -3.26   0.00   0.00   0.00 0.00 0.00 0.00  0.11 495.2 322598.  6.85 479.5 169089.
 5:00:39 0.98 332.47 354.05  0.59 1650   6.42   466.4 184035. -3.52 -3.06   0.00   0.00   0.00 0.00 0.00 0.00 -1.00  -1.0     -1.  6.69 467.4 163570.
 5:01:20 0.98 332.47 354.04  0.59 1650   6.61   486.3 184831. -3.73 -3.31   0.00   0.00   0.00 0.00 0.00 0.00  0.12 507.5 534190.  6.50 485.6 165951.
 5:02:00 0.98 332.47 354.03  0.59 1650   6.84   468.8 177996. -3.54 -2.18   0.00   0.00   0.00 0.00 0.00 0.00  0.15 476.7 313034.  6.44 470.8 153366.
 5:02:41 0.98 332.47 354.03  0.59 1650   6.17   451.0 164102. -3.76 -1.38   0.00   0.00   0.00 0.00 0.00 0.00  0.13 477.9 462490.  6.28 450.5 136744.
 5:03:21 0.98 332.47 354.02  0.59 1650   6.83   459.6 193339. -3.79 -3.11   0.00   0.00   0.00 0.00 0.00 0.00  0.09 484.5 263983.  6.91 457.0 191526.
 5:04:02 0.98 332.47 354.01  0.59 1650   6.38   469.0 174494. -3.47 -3.49   0.00   0.00   0.00 0.00 0.00 0.00  0.09 484.6 357850.  6.57 470.7 175579.
 5:04:42 0.98 332.47 354.01  0.59 1650   5.85   474.8 128967. -4.49 -4.51   0.00   0.00   0.00 0.00 0.00 0.00 -1.00  -1.0     -1.  5.96 473.7 131527.
 5:05:23 0.98 332.47 354.00  0.59 1650   6.84   442.6 166740. -4.38 -2.26   0.00   0.00   0.00 0.00 0.00 0.00  0.13 477.2 597508.  7.13 443.9 141616.
 5:06:03 0.98 332.46 353.99  0.59 1650   6.82   442.7 182151. -4.83 -1.84   0.00   0.00   0.00 0.00 0.00 0.00  0.13 469.4 331979.  7.07 444.9 173481.
 5:06:44 0.98 332.46 353.99  0.59 1650   7.17   449.5 177710. -5.03 -2.36   0.00   0.00   0.00 0.00 0.00 0.00 -1.00  -1.0     -1.  7.35 455.7 174712.
 5:07:24 0.98 332.46 353.98  0.59 1650   6.92   443.0 198815. -5.11 -3.35   0.00   0.00   0.00 0.00 0.00 0.00 -1.00  -1.0     -1.  7.15 448.3 196431.
 5:08:05 0.98 332.46 353.98  0.59 1650   7.28   441.1 187514. -6.09 -1.90   0.00   0.00   0.00 0.00 0.00 0.00  0.05 568.7 501276.  7.93 444.6 220064.
 5:08:45 0.98 332.46 353.97  0.59 1650   6.93   440.6 201736. -6.63 -2.91   0.00   0.00   0.00 0.00 0.00 0.00 -1.00  -1.0     -1.  7.65 441.0 191393.
 5:09:26 0.98 332.46 353.96  0.59 1650   6.47   437.3 168247. -6.03 -2.59   0.00   0.00   0.00 0.00 0.00 0.00  0.13 489.5 367648.  6.95 442.4 206284.
 5:10:06 0.98 332.46 353.96  0.59 1650   6.93   441.2 197282. -5.97 -2.16   0.00   0.00   0.00 0.00 0.00 0.00  0.13 482.2 328731.  6.85 442.7 162852.
 5:10:47 0.98 332.46 353.95  0.59 1650   6.77   437.4 167718. -6.09 -2.29   0.00   0.00   0.00 0.00 0.00 0.00  0.08 484.1 316335.  6.69 439.0 130702.
 5:11:27 0.98 332.46 353.94  0.59 1650   6.86   439.5 156238. -5.56 -1.85   0.00   0.00   0.00 0.00 0.00 0.00  0.10 476.4 286657. -1.00  -1.0     -1.
 5:12:08 0.98 332.46 353.94  0.59 1650   6.95   444.0 180536. -5.27 -1.98   0.00   0.00   0.00 0.00 0.00 0.00  0.09 492.8 394831.  7.28 450.1 183928.
 5:12:48 0.98 332.46 353.93  0.59 1650   6.78   445.0 203506. -6.02 -2.75   0.00   0.00   0.00 0.00 0.00 0.00  0.14 478.1 362060.  6.72 447.3 175150.
 5:13:29 0.98 332.46 353.93  0.59 1650   6.85   438.0 174611. -6.24 -3.69   0.00   0.00   0.00 0.00 0.00 0.00 -1.00  -1.0     -1.  7.33 439.1 165386.
 5:14:09 0.98 332.46 353.92  0.59 1650   7.10   440.6 196697. -6.10 -1.70   0.00   0.00   0.00 0.00 0.00 0.00  0.11 499.6 353172.  7.14 441.4 171759.
 5:14:50 0.98 332.46 353.91  0.59 1650   6.99   435.8 162809. -6.37 -2.85   0.00   0.00   0.00 0.00 0.00 0.00 -1.00  -1.0     -1.  7.11 436.8 148695.
 5:15:30 0.98 332.46 353.91  0.59 1650   6.91   434.0 153574. -6.46 -3.33   0.00   0.00   0.00 0.00 0.00 0.00 -1.00  -1.0     -1.  7.26 438.1 165356.
 5:16:11 0.98 332.46 353.90  0.59 1650   7.31   438.7 160870. -6.16 -2.72   0.00   0.00   0.00 0.00 0.00 0.00 -1.00  -1.0     -1.  7.12 440.6 135198.
 5:16:51 0.98 332.46 353.89  0.59 1650   7.02   435.3 161952. -6.09 -3.34   0.00   0.00   0.00 0.00 0.00 0.00  0.08 475.4 297858.  7.32 438.7 165476.
 5:17:32 0.98 332.46 353.89  0.59 1650   6.47   446.4 158989. -5.45 -2.32   0.00   0.00   0.00 0.00 0.00 0.00  0.18 474.7 501939.  6.72 445.3 131858.
 5:18:12 0.98 332.46 353.88  0.59 1650   6.97   445.9 187524. -6.20 -0.87   0.00   0.00   0.00 0.00 0.00 0.00  0.08 500.9 313528.  6.96 447.8 179455.
 5:18:53 0.98 332.46 353.87  0.59 1650   7.16   445.9 191467.  0.00  0.00   0.00   0.00   0.00 0.00 0.00 0.00  0.14 498.7 362177.  7.08 444.7 152512.
 5:19:33 0.98 332.46 353.87  0.59 1650   6.71   444.6 197639. -6.57 -1.87   0.00   0.00   0.00 0.00 0.00 0.00 -1.00  -1.0     -1.  6.92 446.3 174712.
 5:20:14 0.98 332.46 353.86  0.59 1650   7.25   448.5 184236. -5.89 -0.83   0.00   0.00   0.00 0.00 0.00 0.00 -1.00  -1.0     -1.  7.19 454.0 196610.
 5:20:54 0.98 332.46 353.86  0.59 1650   6.83   449.4 166526. -6.39 -0.65   0.00   0.00   0.00 0.00 0.00 0.00  0.10 500.5 445831.  6.92 449.0 157817.
 5:21:35 0.98 332.46 353.85  0.59 1650   6.60   448.7 158125. -7.51 -1.03   0.00   0.00   0.00 0.00 0.00 0.00  0.08 468.7 246701.  6.69 451.5 129490.
 5:22:15 0.98 332.46 353.84  0.59 1650   6.64   456.4 160919. -7.59  0.35   0.00   0.00   0.00 0.00 0.00 0.00 -1.00  -1.0     -1.  6.43 459.7 134977.
 5:22:56 0.98 332.46 353.84  0.59 1650   6.21   457.2 134938. -7.58  0.07   0.00   0.00   0.00 0.00 0.00 0.00 -1.00  -1.0     -1.  6.82 461.7 159853.
 5:23:36 0.98 332.46 353.83  0.59 1650   7.16   451.9 169833. -8.57 -0.50   0.00   0.00   0.00 0.00 0.00 0.00  0.13 478.3 428784.  7.32 453.1 167906.
 5:24:17 0.98 332.46 353.82  0.59 1650   6.82   450.2 152856. -9.82  1.01   0.00   0.00   0.00 0.00 0.00 0.00 -1.00  -1.0     -1.  7.05 453.9 138137.
 5:24:57 0.98 332.46 353.82  0.59 1650   7.24   454.7 183957. -7.56  0.24   0.00   0.00   0.00 0.00 0.00 0.00  0.06 503.4 361086.  6.98 457.1 153126.
 5:25:38 0.98 332.46 353.81  0.59 1650   6.63   448.7 174478. -5.87 -3.29   0.00   0.00   0.00 0.00 0.00 0.00  0.11 500.0 251236.  6.90 447.8 193787.
 5:26:18 0.98 332.46 353.81  0.59 1650   5.80   452.3 173893. -5.31 -5.17   0.00   0.00   0.00 0.00 0.00 0.00  0.06 477.0 214385.  6.25 451.1 184938.
 5:26:59 0.98 332.46 353.80  0.59 1650   6.21   461.0 146350. -5.71 -6.20   0.00   0.00   0.00 0.00 0.00 0.00  0.07 502.8 251587.  6.39 464.8 179562.
 5:27:39 0.98 332.46 353.79  0.59 1650   6.10   466.4 179013. -5.44 -1.00   0.00   0.00   0.00 0.00 0.00 0.00  0.16 471.5 314490.  6.59 469.1 160087.
 5:28:19 0.98 332.46 353.79  0.59 1650   6.27   452.5 172327.  0.00  0.00   0.00   0.00   0.00 0.00 0.00 0.00  0.14 493.6 339100.  6.40 452.1 145992.
 5:28:59 0.98 332.46 353.78  0.59 1650   6.60   446.0 169563.  0.00  0.00   0.00   0.00   0.00 0.00 0.00 0.00 -1.00  -1.0     -1. -1.00  -1.0     -1.
 5:29:40 0.98 332.46 353.77  0.59 1650   6.09   474.7 165087.  0.00  0.00   0.00   0.00   0.00 0.00 0.00 0.00  0.12 485.4 285449.  6.10 474.8 151541.
 5:30:20 0.98 332.46 353.77  0.59 1650   5.61   470.4 184974. -6.29 -2.13   0.00   0.00   0.00 0.00 0.00 0.00 -1.00  -1.0     -1.  5.74 469.6 157190.
 5:31:02 0.98 332.46 353.76  0.59 1650   5.80   455.1 173549.  0.00  0.00   0.00   0.00   0.00 0.00 0.00 0.00 -1.00  -1.0     -1.  6.19 459.7 174874.
 5:31:42 0.98 332.46 353.75  0.59 1650   5.88   462.3 178909.  0.00  0.00   0.00   0.00   0.00 0.00 0.00 0.00 -1.00  -1.0     -1.  6.42 458.9 171324.
 5:32:23 0.98 332.46 353.75  0.59 1650   6.09   449.7 163047. -5.08 -3.99   0.00   0.00   0.00 0.00 0.00 0.00  0.17 472.3 452848.  6.64 452.9 172035.
 5:33:03 0.98 332.46 353.74  0.59 1650   5.72   476.2 142906. -4.99 -4.98   0.00   0.00   0.00 0.00 0.00 0.00 -1.00  -1.0     -1.  6.01 476.6 132245.
 5:33:44 0.98 332.46 353.74  0.59 1650   6.38   469.3 177057. -4.33 -3.83   0.00   0.00   0.00 0.00 0.00 0.00  0.14 485.6 265594.  6.43 469.9 174799.
 5:34:24 0.98 332.46 353.73  0.59 1650   6.08   470.8 166263. -4.59 -3.35   0.00   0.00   0.00 0.00 0.00 0.00  0.16 489.7 408890.  5.99 471.9 146132.
 5:35:05 0.98 332.46 353.72  0.59 1650   6.19   463.5 150605. -4.41 -4.33   0.00   0.00   0.00 0.00 0.00 0.00  0.07 518.8 402783.  6.78 465.2 182735.
 5:35:45 0.98 332.46 353.72  0.59 1650   6.28   463.0 163807.  0.00  0.00   0.00   0.00   0.00 0.00 0.00 0.00  0.14 484.2 327938. -1.00  -1.0     -1.
 5:41:29 0.98 332.46 353.66  0.58 1650   7.09   448.5 163326. -6.78 -1.79   0.00   0.00   0.00 0.00 0.00 0.00  0.15 482.3 279497.  7.31 447.9 153555.
 5:42:29 0.98 332.46 353.65  0.58 1650   7.22   453.1 157898.  0.00  0.00   0.00   0.00   0.00 0.00 0.00 0.00 -1.00  -1.0     -1.  7.64 449.0 162462.
 5:43:10 0.98 332.46 353.65  0.58 1650   7.01   447.1 151982. -7.29 -1.08   0.00   0.00   0.00 0.00 0.00 0.00  0.05 548.8 189281.  7.09 449.0 136890.
 5:43:50 0.98 332.46 353.64  0.58 1650   6.54   447.8 125767. -6.89 -1.14   0.00   0.00   0.00 0.00 0.00 0.00 -1.00  -1.0     -1.  6.48 448.8 105133.
 5:44:32 0.98 332.46 353.63  0.58 1650   7.35   452.7 170992. -6.75 -1.00   0.00   0.00   0.00 0.00 0.00 0.00  0.16 486.3 355628.  7.30 453.0 141886.
 5:45:12 0.98 332.46 353.63  0.58 1650   7.16   450.3 131001.  0.00  0.00   0.00   0.00   0.00 0.00 0.00 0.00  0.08 485.5 297585.  7.41 449.9 152492.
 5:47:17 0.98 332.46 353.61  0.58 1650   7.22   480.8 193053.  0.00  0.00   0.00   0.00   0.00 0.00 0.00 0.00 -1.00  -1.0     -1. -1.00  -1.0     -1.
 5:47:58 0.98 332.46 353.60  0.58 1650   7.56   465.6 186923. -6.00 -5.34   0.00   0.00   0.00 0.00 0.00 0.00  0.05 512.0 321766.  7.72 467.8 152983.
 5:48:38 0.98 332.46 353.60  0.58 1650   6.23   462.9 144556. -5.69  0.16   0.00   0.00   0.00 0.00 0.00 0.00 -1.00  -1.0     -1.  6.83 462.4 187179.
 5:49:19 0.98 332.46 353.59  0.58 1650   7.07   458.0 170970. -5.54  0.73   0.00   0.00   0.00 0.00 0.00 0.00 -1.00  -1.0     -1.  6.86 456.9 174478.
 5:49:56 0.98 332.46 353.58  0.58 1650   6.53   459.6 165818. -5.24 -6.26   0.00   0.00   0.00 0.00 0.00 0.00 -1.00  -1.0     -1.  6.90 463.5 163599.
 5:50:36 0.98 332.46 353.58  0.58 1650   6.70   460.7 183639. -6.28 -0.59   0.00   0.00   0.00 0.00 0.00 0.00 -1.00  -1.0     -1.  6.38 465.9 163430.
 5:51:17 0.98 332.46 353.57  0.58 1650   7.01   462.2 206215. -5.96 -0.55   0.00   0.00   0.00 0.00 0.00 0.00  0.13 489.0 335202.  7.03 462.6 167286.
 5:51:57 0.98 332.46 353.57  0.58 1650   6.67   473.5 161731. -5.14  0.46   0.00   0.00   0.00 0.00 0.00 0.00 -1.00  -1.0     -1.  6.60 474.1 161893.
 5:52:41 0.98 332.46 353.56  0.58 1650   6.85   462.6 205920.  0.00  0.00   0.00   0.00   0.00 0.00 0.00 0.00 -1.00  -1.0     -1. -1.00  -1.0     -1.
 6:08:29 0.98 332.45 353.41  0.58 1650   6.20   503.9 138846. -3.09 -2.86   0.00   0.00   0.00 0.00 0.00 0.00 -1.00  -1.0     -1.  6.61 503.6 142152.
 6:09:56 0.98 332.45 353.40  0.58 1650   6.54   475.1 153564.  0.00  0.00   0.00   0.00   0.00 0.00 0.00 0.00 -1.00  -1.0     -1. -1.00  -1.0     -1.
 6:12:14 0.98 332.45 353.38  0.58 1650   7.40   499.3 167205.  0.00  0.00   0.00   0.00   0.00 0.00 0.00 0.00  0.19 509.6 333175. -1.00  -1.0     -1.
 6:12:54 0.98 332.45 353.37  0.58 1650   6.30   505.2 143702. -1.73 -2.79   0.00   0.00   0.00 0.00 0.00 0.00  0.09 533.6 209318.  6.53 508.1 145534.
 6:13:35 0.98 332.45 353.36  0.58 1650   6.41   495.1 168036. -2.92 -1.46   0.00   0.00   0.00 0.00 0.00 0.00  0.11 506.6 307837.  6.14 495.2 153886.
 6:14:14 0.98 332.45 353.36  0.58 1650   5.94   495.1 120911. -1.05 -1.42   0.00   0.00   0.00 0.00 0.00 0.00  0.16 498.2 424327.  5.69 494.0 103499.
 6:14:54 0.98 332.45 353.35  0.58 1650   6.22   497.2 170044. -3.24 -1.25   0.00   0.00   0.00 0.00 0.00 0.00 -1.00  -1.0     -1.  6.25 499.0 151852.
 6:15:35 0.98 332.45 353.34  0.58 1650   6.33   498.1 154133.  0.00  0.00   0.00   0.00   0.00 0.00 0.00 0.00  0.16 499.7 416504.  6.77 492.0 157914.
 6:16:15 0.98 332.45 353.34  0.58 1650   5.74   468.7 134658.  0.00  0.00   0.00   0.00   0.00 0.00 0.00 0.00 -1.00  -1.0     -1. -1.00  -1.0     -1.
 6:16:55 0.98 332.45 353.33  0.58 1650   6.05   494.6 143218. -1.13 -2.52   0.00   0.00   0.00 0.00 0.00 0.00  0.17 496.0 392180.  6.21 492.2 137897.
 6:17:35 0.98 332.45 353.33  0.58 1650  -1.00    -1.0     -1. -1.00 -1.00   0.00   0.00   0.00 0.00 0.00 0.00 -1.00  -1.0     -1.  6.08 500.3 143228.
 6:18:16 0.98 332.45 353.32  0.58 1650   5.88   491.7 141964.  0.00  0.00   0.00   0.00   0.00 0.00 0.00 0.00 -1.00  -1.0     -1.  6.03 486.9 129717.
 6:18:56 0.98 332.45 353.31  0.58 1650   5.75   502.6 141220.  0.00  0.00   0.00   0.00   0.00 0.00 0.00 0.00 -1.00  -1.0     -1.  6.44 501.0 143095.
 6:19:37 0.98 332.45 353.31  0.58 1650  -1.00    -1.0     -1. -1.00 -1.00   0.00   0.00   0.00 0.00 0.00 0.00 -1.00  -1.0     -1.  5.80 486.3 123870.
 6:24:38 0.98 332.45 353.26  0.58 1650  -1.00    -1.0     -1. -1.00 -1.00   0.00   0.00   0.00 0.00 0.00 0.00 -1.00  -1.0     -1.  6.42 488.5 129074.
 6:26:17 0.98 332.45 353.24  0.58 1650   5.96   503.6 143192.  0.00  0.00   0.00   0.00   0.00 0.00 0.00 0.00  0.16 508.9 540647. -1.00  -1.0     -1.
 6:35:26 0.98 332.45 353.16  0.58 1650   5.09   519.0 127778.  0.00  0.00   0.00   0.00   0.00 0.00 0.00 0.00  0.16 512.0 380810.  5.16 519.3 107254.
 6:41:13 0.98 332.44 353.10  0.58 1650   5.32   499.3 118497. -1.05 -2.56   0.00   0.00   0.00 0.00 0.00 0.00  0.16 506.8 443739.  5.35 498.1 104834.
 6:41:53 0.98 332.44 353.10  0.58 1650   5.02   506.1 118410. -2.32 -0.71   0.00   0.00   0.00 0.00 0.00 0.00  0.13 485.9 360267.  5.03 508.0  95937.
 6:48:05 0.98 332.44 353.04  0.58 1650  -1.00    -1.0     -1. -1.00 -1.00   0.00   0.00   0.00 0.00 0.00 0.00 -1.00  -1.0     -1.  5.42 493.5  97597.
 6:49:19 0.98 332.44 353.03  0.58 1650   5.09   504.2 116158. -1.40 -2.80   0.00   0.00   0.00 0.00 0.00 0.00  0.13 496.3 376392.  5.01 503.2 100852.
 6:50:40 0.98 332.44 353.02  0.58 1650   5.18   503.8 111367.  0.00  0.00   0.00   0.00   0.00 0.00 0.00 0.00  0.15 487.3 303380. -1.00  -1.0     -1.
 6:52:37 0.98 332.44 353.00  0.58 1650   5.19   491.2 118468.  0.00  0.00   0.00   0.00   0.00 0.00 0.00 0.00  0.14 491.3 481616.  5.23 495.2 134571.
 6:53:17 0.98 332.44 352.99  0.58 1650   5.10   522.6 120463.  0.00  0.00   0.00   0.00   0.00 0.00 0.00 0.00  0.14 514.0 305875. -1.00  -1.0     -1.
 6:57:02 0.98 332.44 352.96  0.58 1650   4.95   510.9 104136.  0.00  0.00   0.00   0.00   0.00 0.00 0.00 0.00  0.08 515.8 333734.  4.68 510.7  90128.
 6:59:44 0.98 332.44 352.93  0.58 1650   4.54   497.3 104084. -1.66 -2.67   0.00   0.00   0.00 0.00 0.00 0.00  0.10 507.2 269375.  5.13 499.2 111367.
 7:00:11 0.98 332.44 352.93  0.58 1650   4.42   514.5 120151.  0.00  0.00   0.00   0.00   0.00 0.00 0.00 0.00  0.07 524.9 420493. -1.00  -1.0     -1.
 7:00:52 0.98 332.44 352.92  0.58 1650   4.58   495.1  97619. -2.25 -2.53   0.00   0.00   0.00 0.00 0.00 0.00  0.13 493.4 480265.  4.82 495.6 112198.
 7:01:32 0.98 332.44 352.91  0.58 1650   4.75   492.7 102700. -1.61 -2.56   0.00   0.00   0.00 0.00 0.00 0.00  0.11 493.9 379368.  4.47 495.0  84717.
 7:02:50 0.98 332.44 352.90  0.58 1650  -1.00    -1.0     -1. -1.00 -1.00   0.00   0.00   0.00 0.00 0.00 0.00 -1.00  -1.0     -1.  4.62 496.3 105961.
 7:03:30 0.98 332.44 352.90  0.58 1650   4.03   497.3  96772.  0.00  0.00   0.00   0.00   0.00 0.00 0.00 0.00 -1.00  -1.0     -1.  4.59 500.8 110311.
 7:04:11 0.98 332.44 352.89  0.58 1650   4.53   500.9 103096.  0.00  0.00   0.00   0.00   0.00 0.00 0.00 0.00  0.08 504.6 275976.  4.59 499.6  92987.
 7:04:51 0.98 332.44 352.88  0.58 1650   4.51   482.2  85691.  0.00  0.00   0.00   0.00   0.00 0.00 0.00 0.00  0.07 487.0 297221. -1.00  -1.0     -1.
 7:05:31 0.98 332.44 352.88  0.58 1650   4.60   503.4 103886. -2.26 -3.58   0.00   0.00   0.00 0.00 0.00 0.00  0.13 515.3 558956.  4.81 504.2  96158.
 7:06:11 0.98 332.44 352.87  0.58 1650   4.68   505.8 107235.  0.00  0.00   0.00   0.00   0.00 0.00 0.00 0.00  0.11 515.3 339477.  4.52 507.0  94780.
 7:06:52 0.98 332.44 352.86  0.58 1650   4.27   506.3  86380. -1.26 -2.26   0.00   0.00   0.00 0.00 0.00 0.00  0.09 491.4 388477.  4.38 503.6  89505.
 7:07:32 0.98 332.44 352.86  0.58 1650   4.53   504.4  84414. -1.99 -2.91   0.00   0.00   0.00 0.00 0.00 0.00  0.08 515.7 395013.  4.14 508.0  84648.
 7:08:14 0.98 332.44 352.85  0.58 1650   4.20   508.8  81354. -1.10 -2.21   0.00   0.00   0.00 0.00 0.00 0.00 -1.00  -1.0     -1.  4.02 506.9  76712.
 7:08:54 0.98 332.44 352.85  0.58 1650   4.27   509.7 106195. -1.67 -2.12   0.00   0.00   0.00 0.00 0.00 0.00  0.11 531.0 575120.  4.23 508.5  81432.
 7:10:55 0.98 332.44 352.83  0.58 1650   4.01   508.9  90018.  0.00  0.00   0.00   0.00   0.00 0.00 0.00 0.00  0.09 515.8 603577.  4.11 503.7 102846.
 7:11:35 0.98 332.44 352.82  0.58 1650   4.26   505.2  83963. -2.23 -1.53   0.00   0.00   0.00 0.00 0.00 0.00  0.09 516.8 386307.  4.53 510.1 100085.
 7:12:16 0.98 332.44 352.81  0.58 1650   3.67   524.4 100254.  0.00  0.00   0.00   0.00   0.00 0.00 0.00 0.00  0.13 524.7 364373. -1.00  -1.0     -1.
 7:12:56 0.98 332.44 352.81  0.58 1650   4.39   505.9 119572.  0.00  0.00   0.00   0.00   0.00 0.00 0.00 0.00  0.09 518.1 345818.  4.36 510.2 106488.
 7:13:38 0.98 332.44 352.80  0.58 1650   4.04   506.5 121051.  0.00  0.00   0.00   0.00   0.00 0.00 0.00 0.00  0.12 527.7 355550.  4.19 510.6 138654.
 7:14:18 0.98 332.44 352.79  0.58 1650   4.36   496.8 141782. -4.07 -0.95   0.00   0.00   0.00 0.00 0.00 0.00  0.12 508.1 302990.  4.53 495.1 140346.
 7:14:59 0.98 332.44 352.79  0.58 1650   4.04   510.6 101001.  0.00  0.00   0.00   0.00   0.00 0.00 0.00 0.00  0.14 504.5 422676.  4.24 511.2 129311.
 7:15:39 0.98 332.44 352.78  0.58 1650   4.08   507.1 131111.  0.00  0.00   0.00   0.00   0.00 0.00 0.00 0.00  0.14 521.4 266166.  3.89 507.5 105013.
 7:20:08 0.98 332.44 352.74  0.58 1650   4.33   508.5 119901. -3.80 -2.33   0.00   0.00   0.00 0.00 0.00 0.00 -1.00  -1.0     -1.  4.19 511.6  97902.
 7:20:49 0.98 332.44 352.73  0.58 1650   4.20   531.6 116308.  0.00  0.00   0.00   0.00   0.00 0.00 0.00 0.00  0.16 551.6 315542. -1.00  -1.0     -1.
 7:21:29 0.98 332.44 352.73  0.58 1650   4.62   509.4 122428. -2.67 -0.96   0.00   0.00   0.00 0.00 0.00 0.00  0.11 524.0 418700.  4.66 509.9 108031.
 7:24:09 0.98 332.44 352.70  0.58 1650   3.94   509.7 123493. -2.38 -1.13   0.00   0.00   0.00 0.00 0.00 0.00  0.12 526.1 300807.  4.20 511.8 105091.
 7:29:49 0.98 332.43 352.65  0.58 1650  -1.00    -1.0     -1. -1.00 -1.00   0.00   0.00   0.00 0.00 0.00 0.00 -1.00  -1.0     -1.  4.41 513.0 142383.
 7:33:54 0.98 332.43 352.61  0.58 1650  -1.00    -1.0     -1. -1.00 -1.00   0.00   0.00   0.00 0.00 0.00 0.00 -1.00  -1.0     -1.  4.05 506.6 133814.
 7:36:16 0.98 332.43 352.59  0.58 1650   4.02   506.4 122223. -2.00  0.01   0.00   0.00   0.00 0.00 0.00 0.00  0.16 512.5 616129.  4.24 506.7 156085.
 7:36:56 0.98 332.43 352.58  0.58 1650  -1.00    -1.0     -1. -1.00 -1.00   0.00   0.00   0.00 0.00 0.00 0.00 -1.00  -1.0     -1.  3.99 505.1 119758.
 7:37:55 0.98 332.43 352.57  0.58 1650   3.89   503.5 133466.  0.00  0.00   0.00   0.00   0.00 0.00 0.00 0.00  0.13 519.0 531799.  3.96 504.2 150686.
 8:22:55 0.98 332.42 352.15  0.58 1650   4.34   513.9 144245.  0.00  0.00   0.00   0.00   0.00 0.00 0.00 0.00  0.22 521.6 561944.  4.33 507.9 116665.
 8:23:35 0.98 332.42 352.15  0.57 1650  -1.00    -1.0     -1. -1.00 -1.00   0.00   0.00   0.00 0.00 0.00 0.00 -1.00  -1.0     -1.  4.55 506.4 117659.
 8:24:54 0.98 332.42 352.14  0.57 1650   4.52   512.4 132602.  0.00  0.00   0.00   0.00   0.00 0.00 0.00 0.00  0.21 525.3 355862.  4.56 511.8 110737.
 8:25:35 0.98 332.42 352.13  0.57 1650   4.11   512.9 142237. -3.60 -0.34   0.00   0.00   0.00 0.00 0.00 0.00  0.19 517.7 583423.  4.46 511.9 141487.
 8:26:15 0.98 332.42 352.12  0.57 1650   4.20   512.0 134350. -4.62 -0.66   0.00   0.00   0.00 0.00 0.00 0.00  0.23 535.0 713543.  4.45 510.9 118637.
 8:26:56 0.98 332.42 352.12  0.57 1650   4.57   510.6 160259. -5.01 -0.44   0.00   0.00   0.00 0.00 0.00 0.00  0.20 534.0 422261.  4.48 513.2 130666.
 8:27:37 0.98 332.42 352.11  0.57 1650   4.07   513.7 136575. -4.47 -0.91   0.00   0.00   0.00 0.00 0.00 0.00  0.20 529.7 519455.  4.38 514.0 115301.
 8:28:17 0.98 332.42 352.10  0.57 1650   4.40   516.9 143442. -3.47 -0.57   0.00   0.00   0.00 0.00 0.00 0.00  0.17 535.4 250716.  4.48 515.1 136221.
 8:28:58 0.98 332.42 352.10  0.57 1650   4.18   513.3 136783. -4.99 -1.01   0.00   0.00   0.00 0.00 0.00 0.00  0.20 535.0 587880.  4.62 515.3 156127.
 8:29:38 0.98 332.42 352.09  0.57 1650   4.39   510.6 151411. -4.21 -0.31   0.00   0.00   0.00 0.00 0.00 0.00  0.15 532.1 391218.  4.39 512.1 132180.
 8:30:19 0.98 332.42 352.08  0.57 1650   4.49   509.6 131897. -4.54 -0.52   0.00   0.00   0.00 0.00 0.00 0.00  0.23 525.0 328770.  4.60 508.4 109642.
 8:30:59 0.98 332.42 352.08  0.57 1650   4.40   512.1 141941. -4.56 -0.53   0.00   0.00   0.00 0.00 0.00 0.00  0.18 524.5 681786.  4.40 509.6 127278.
 8:31:40 0.98 332.42 352.07  0.57 1650   4.52   509.2 130968. -4.44 -0.37   0.00   0.00   0.00 0.00 0.00 0.00  0.17 524.7 367816.  4.74 513.7 136604.
 8:32:20 0.98 332.42 352.06  0.57 1650   4.45   513.0 143491. -4.23 -0.29   0.00   0.00   0.00 0.00 0.00 0.00  0.17 527.2 395415.  4.38 509.9 140843.
 8:33:01 0.98 332.42 352.06  0.57 1650   4.24   512.9 133093.  0.00  0.00   0.00   0.00   0.00 0.00 0.00 0.00  0.20 539.4 521780.  4.77 509.5 110795.
 8:33:41 0.98 332.42 352.05  0.57 1650   4.31   515.2 152012. -4.17 -0.26   0.00   0.00   0.00 0.00 0.00 0.00  0.18 540.1 321091.  4.21 511.0 118195.
 8:34:22 0.98 332.42 352.05  0.57 1650   4.28   510.4 131709. -4.45 -0.37   0.00   0.00   0.00 0.00 0.00 0.00  0.18 535.6 687504.  4.28 511.0 122905.
 8:35:02 0.98 332.42 352.04  0.57 1650   4.17   515.0 148848. -4.56 -0.28   0.00   0.00   0.00 0.00 0.00 0.00  0.19 536.0 423274.  4.61 512.7 138930.
 8:35:43 0.98 332.42 352.03  0.57 1650   4.44   511.5 134827. -4.54 -0.33   0.00   0.00   0.00 0.00 0.00 0.00  0.12 553.8 415218.  4.64 510.6 126268.
 8:36:23 0.98 332.42 352.03  0.57 1650   4.16   513.8 142659. -4.04 -0.24   0.00   0.00   0.00 0.00 0.00 0.00  0.18 540.5 503524.  4.38 513.3 146307.
 8:37:04 0.98 332.42 352.02  0.57 1650   4.15   511.9 133544. -3.94 -0.09   0.00   0.00   0.00 0.00 0.00 0.00  0.20 538.9 687244.  4.24 509.7 109713.
 8:37:44 0.98 332.42 352.02  0.57 1650   4.26   513.8 160068. -4.18 -0.15   0.00   0.00   0.00 0.00 0.00 0.00  0.20 538.7 382655.  4.70 515.0 143182.
 8:38:25 0.98 332.42 352.01  0.57 1650   4.35   513.5 139060. -4.20 -0.28   0.00   0.00   0.00 0.00 0.00 0.00  0.16 519.2 420377.  4.46 512.7 123052.
 8:39:05 0.98 332.42 352.00  0.57 1650   4.17   514.8 157839. -3.81  0.09   0.00   0.00   0.00 0.00 0.00 0.00  0.19 545.5 555876.  4.50 512.7 150436.
 8:39:46 0.98 332.42 352.00  0.57 1650   4.65   511.3 131368. -3.91 -0.24   0.00   0.00   0.00 0.00 0.00 0.00  0.21 536.2 657631.  4.62 514.5 165285.
 8:40:26 0.98 332.42 351.99  0.57 1650   4.32   514.2 161728. -4.05  0.01   0.00   0.00   0.00 0.00 0.00 0.00  0.18 532.5 467908.  4.48 514.5 151810.
 8:41:07 0.98 332.42 351.98  0.57 1650   4.52   512.3 145544. -4.17  0.05   0.00   0.00   0.00 0.00 0.00 0.00  0.20 520.0 401691.  4.70 509.8 131511.
 8:41:47 0.98 332.42 351.98  0.57 1650   4.42   510.5 160032. -4.33  0.03   0.00   0.00   0.00 0.00 0.00 0.00  0.14 532.5 377757.  4.58 510.8 144193.
 8:42:28 0.98 332.42 351.97  0.57 1650   4.48   510.6 137709. -4.14 -0.26   0.00   0.00   0.00 0.00 0.00 0.00  0.20 542.5 550380.  4.31 509.7 121359.
 8:43:08 0.98 332.42 351.97  0.57 1650   4.33   513.3 138449. -4.55 -0.65   0.00   0.00   0.00 0.00 0.00 0.00  0.20 527.3 674978.  4.45 512.7 137290.
 8:43:49 0.98 332.42 351.96  0.57 1650   4.34   512.0 135217. -3.73 -0.34   0.00   0.00   0.00 0.00 0.00 0.00  0.18 534.2 493974.  4.29 509.3 118978.
 8:44:29 0.98 332.42 351.95  0.57 1650   4.47   509.9 146492. -4.27 -0.04   0.00   0.00   0.00 0.00 0.00 0.00  0.21 545.0 600744.  4.44 510.4 127889.
 8:45:10 0.98 332.42 351.95  0.57 1650   4.42   509.7 142682. -4.32  0.09   0.00   0.00   0.00 0.00 0.00 0.00  0.21 541.6 531604.  4.35 509.6 129682.
 8:45:50 0.98 332.42 351.94  0.57 1650   4.30   511.0 160753. -4.48  0.43   0.00   0.00   0.00 0.00 0.00 0.00  0.18 531.8 484163.  4.47 509.9 154601.
 8:46:31 0.98 332.42 351.93  0.57 1650   4.47   510.0 142474. -4.27  0.87   0.00   0.00   0.00 0.00 0.00 0.00  0.21 540.6 640635.  4.72 509.0 141350.
 8:47:11 0.98 332.42 351.93  0.57 1650   4.20   510.5 161003. -4.58  0.77   0.00   0.00   0.00 0.00 0.00 0.00  0.16 552.9 651173.  4.73 513.7 139901.
 8:47:52 0.98 332.42 351.92  0.57 1650   4.47   511.5 130884. -4.95  0.72   0.00   0.00   0.00 0.00 0.00 0.00  0.21 539.8 547534.  4.48 507.3 135532.
 8:48:32 0.98 332.42 351.91  0.57 1650   4.24   511.6 168484. -4.84  0.84   0.00   0.00   0.00 0.00 0.00 0.00  0.14 529.9 469142.  4.60 512.3 148523.
 8:49:13 0.98 332.42 351.91  0.57 1650   4.42   510.9 129821. -4.81  0.68   0.00   0.00   0.00 0.00 0.00 0.00  0.19 537.4 666103.  4.51 508.4 135175.
 8:49:53 0.98 332.42 351.90  0.57 1650   4.38   510.8 164882. -4.81  0.99   0.00   0.00   0.00 0.00 0.00 0.00  0.16 529.0 357175.  4.63 511.7 149666.
 8:50:34 0.98 332.42 351.90  0.57 1650   4.68   510.3 133538. -4.81  0.99   0.00   0.00   0.00 0.00 0.00 0.00  0.24 539.7 592350.  4.28 509.1 133908.
 8:51:14 0.98 332.42 351.89  0.57 1650   4.46   510.6 163817. -4.90  1.05   0.00   0.00   0.00 0.00 0.00 0.00  0.17 548.9 503797.  4.58 512.3 148117.
 8:51:55 0.98 332.42 351.88  0.57 1650   4.60   513.6 146960. -4.81  0.84   0.00   0.00   0.00 0.00 0.00 0.00  0.21 542.4 611035.  4.52 507.4 132774.
 8:52:35 0.98 332.42 351.88  0.57 1650   4.40   510.6 155192. -4.73  0.83   0.00   0.00   0.00 0.00 0.00 0.00  0.16 539.5 459254.  4.59 513.0 156293.
 8:53:16 0.98 332.42 351.87  0.57 1650   4.59   509.3 134145. -4.77  0.85   0.00   0.00   0.00 0.00 0.00 0.00  0.20 514.7 472157.  4.26 508.6 124322.
 8:53:56 0.98 332.42 351.86  0.57 1650   4.40   511.0 168104. -4.74  0.69   0.00   0.00   0.00 0.00 0.00 0.00  0.15 548.5 531552.  4.54 512.0 153032.
 8:54:37 0.98 332.42 351.86  0.57 1650   4.58   508.7 140090. -4.67  0.60   0.00   0.00   0.00 0.00 0.00 0.00  0.19 528.0 470910.  4.28 508.0 118101.
 8:55:17 0.98 332.42 351.85  0.57 1650   4.57   510.8 153759. -4.88  0.91   0.00   0.00   0.00 0.00 0.00 0.00  0.19 543.5 356993.  4.87 510.3 163118.
 8:55:58 0.98 332.42 351.85  0.57 1650   4.70   507.9 142676. -4.75  0.85   0.00   0.00   0.00 0.00 0.00 0.00  0.15 531.3 410969.  4.60 509.8 122795.
 8:56:38 0.98 332.42 351.84  0.57 1650   4.06   509.9 151362. -4.86  0.62   0.00   0.00   0.00 0.00 0.00 0.00  0.24 531.9 340101.  4.60 512.0 145817.
 8:57:19 0.98 332.42 351.83  0.57 1650   4.33   511.0 146375. -4.69  0.92   0.00   0.00   0.00 0.00 0.00 0.00  0.19 534.1 583397.  4.49 508.6 126602.
 8:57:59 0.98 332.42 351.83  0.57 1650   4.63   507.8 158456. -4.47  0.60   0.00   0.00   0.00 0.00 0.00 0.00  0.13 532.3 481435.  4.54 514.0 140506.
 8:58:40 0.98 332.41 351.82  0.57 1650   4.58   508.1 132930. -4.58  0.69   0.00   0.00   0.00 0.00 0.00 0.00  0.20 529.0 509696.  4.25 507.6 115476.
 8:59:20 0.98 332.41 351.81  0.57 1650   4.49   510.9 162566. -4.63  0.53   0.00   0.00   0.00 0.00 0.00 0.00  0.16 524.6 469038.  4.59 507.3 150985.
 9:00:01 0.98 332.41 351.81  0.57 1650   4.29   509.6 141526. -4.34  0.33   0.00   0.00   0.00 0.00 0.00 0.00  0.17 544.4 400145.  4.37 509.5 119878.
 9:00:41 0.98 332.41 351.80  0.57 1650   4.69   510.6 156803. -4.58  0.15   0.00   0.00   0.00 0.00 0.00 0.00  0.19 533.2 483890.  4.43 512.5 152284.
 9:01:22 0.98 332.41 351.79  0.57 1650   4.68   509.1 143130. -4.46  0.34   0.00   0.00   0.00 0.00 0.00 0.00  0.19 538.7 671924.  4.81 503.7 156901.
 9:02:02 0.98 332.41 351.79  0.57 1650   4.72   508.8 150212. -4.63  0.55   0.00   0.00   0.00 0.00 0.00 0.00 -1.00  -1.0     -1.  4.44 511.8 143439.
 9:02:43 0.98 332.41 351.78  0.57 1650   4.63   509.2 137130. -4.53  0.17   0.00   0.00   0.00 0.00 0.00 0.00  0.18 528.8 636295.  4.63 506.2 136809.
 9:03:23 0.98 332.41 351.78  0.57 1650   4.53   508.3 152382. -4.78  0.29   0.00   0.00   0.00 0.00 0.00 0.00  0.13 558.9 359280.  4.49 510.7 143916.
 9:04:04 0.98 332.41 351.77  0.57 1650   4.50   509.3 135672. -4.61  0.07   0.00   0.00   0.00 0.00 0.00 0.00  0.19 519.8 450314.  4.35 506.3 133966.
 9:04:44 0.98 332.41 351.76  0.57 1650   4.56   510.0 158785. -4.77  0.25   0.00   0.00   0.00 0.00 0.00 0.00  0.20 541.8 560021.  4.29 509.2 131290.
 9:05:25 0.98 332.41 351.76  0.57 1650   4.36   509.8 148841. -4.75  0.21   0.00   0.00   0.00 0.00 0.00 0.00  0.16 518.6 483955.  4.45 507.3 133531.
 9:06:05 0.98 332.41 351.75  0.57 1650   4.75   508.5 166042. -4.84  0.28   0.00   0.00   0.00 0.00 0.00 0.00  0.14 538.7 392063.  4.77 507.9 138280.
 9:06:46 0.98 332.41 351.74  0.57 1650   4.37   508.4 143673. -4.85  0.32   0.00   0.00   0.00 0.00 0.00 0.00  0.19 518.1 499756.  4.85 510.7 124660.
 9:07:26 0.98 332.41 351.74  0.57 1650   4.43   507.2 160341. -4.76  0.20   0.00   0.00   0.00 0.00 0.00 0.00  0.18 530.8 445792.  4.72 510.6 156134.
 9:08:07 0.98 332.41 351.73  0.57 1650   4.24   509.0 132053. -4.74  0.39   0.00   0.00   0.00 0.00 0.00 0.00  0.23 531.7 683554.  4.47 508.0 118780.
 9:08:47 0.98 332.41 351.73  0.57 1650   4.45   508.7 157713. -4.77  0.59   0.00   0.00   0.00 0.00 0.00 0.00  0.16 538.1 483150.  4.14 509.1 133060.
 9:09:28 0.98 332.41 351.72  0.57 1650   4.37   508.4 135561. -4.65  0.42   0.00   0.00   0.00 0.00 0.00 0.00  0.17 519.1 455265.  4.85 509.8 168497.
 9:10:08 0.98 332.41 351.71  0.57 1650   4.46   507.3 146041. -4.94  0.63   0.00   0.00   0.00 0.00 0.00 0.00  0.16 534.6 369895.  4.55 511.8 148325.
 9:10:49 0.98 332.41 351.71  0.57 1650   4.30   509.9 143530. -4.92  0.51   0.00   0.00   0.00 0.00 0.00 0.00  0.20 530.8 583683.  4.54 507.1 133976.
 9:11:29 0.98 332.41 351.70  0.57 1650   4.36   508.6 160383. -4.83  0.68   0.00   0.00   0.00 0.00 0.00 0.00  0.20 521.8 603044.  4.38 509.3 143572.
 9:12:10 0.98 332.41 351.69  0.57 1650   4.37   509.9 141042. -5.03  0.86   0.00   0.00   0.00 0.00 0.00 0.00  0.24 530.6 593558.  4.39 506.1 122571.
 9:12:50 0.98 332.41 351.69  0.57 1650   4.50   508.9 171294. -5.04  0.61   0.00   0.00   0.00 0.00 0.00 0.00  0.21 524.0 597911.  4.65 507.2 148159.
 9:13:31 0.98 332.41 351.68  0.57 1650   4.40   507.9 139050. -4.84  0.92   0.00   0.00   0.00 0.00 0.00 0.00  0.16 531.1 608826.  4.69 507.3 106998.
 9:14:11 0.98 332.41 351.67  0.57 1650   4.61   508.7 156056. -5.06  0.75   0.00   0.00   0.00 0.00 0.00 0.00  0.16 536.0 392024.  4.59 507.6 138917.
 9:14:52 0.98 332.41 351.67  0.57 1650   4.52   508.6 140733. -5.00  1.04   0.00   0.00   0.00 0.00 0.00 0.00  0.19 524.8 521443.  4.86 513.9 179529.
 9:15:32 0.98 332.41 351.66  0.57 1650   4.58   510.1 151190. -5.02  0.93   0.00   0.00   0.00 0.00 0.00 0.00  0.17 543.3 597547.  4.53 511.2 147067.
 9:16:13 0.98 332.41 351.66  0.57 1650   4.29   507.2 146691. -5.00  0.55   0.00   0.00   0.00 0.00 0.00 0.00  0.16 523.1 325742.  4.36 507.1 129513.
 9:16:53 0.98 332.41 351.65  0.57 1650   4.30   504.3 115746. -4.34  0.61   0.00   0.00   0.00 0.00 0.00 0.00  0.16 531.8 381408.  4.29 510.6 148922.
 9:17:34 0.98 332.41 351.64  0.57 1650   4.48   507.5 128425. -3.80  0.85   0.00   0.00   0.00 0.00 0.00 0.00  0.18 518.3 461164.  4.57 510.0 117568.
 9:18:14 0.98 332.41 351.64  0.57 1650   4.43   511.1 108118. -3.06  1.28   0.00   0.00   0.00 0.00 0.00 0.00  0.17 534.4 443363.  4.58 509.1 120898.
 9:18:55 0.98 332.41 351.63  0.57 1650   4.43   507.5 124078. -3.28  0.74   0.00   0.00   0.00 0.00 0.00 0.00  0.20 519.4 323845.  4.19 507.5  88478.
 9:19:35 0.98 332.41 351.62  0.57 1650   4.64   509.8 106877. -3.43  1.26   0.00   0.00   0.00 0.00 0.00 0.00  0.21 521.3 540284.  4.61 510.7 128551.
 9:20:16 0.98 332.41 351.62  0.57 1650   4.56   509.0 123692. -3.43  0.89   0.00   0.00   0.00 0.00 0.00 0.00  0.21 529.3 431382.  3.84 511.8  78567.
 9:20:56 0.98 332.41 351.61  0.57 1650   3.98   507.7 111932. -3.16  1.21   0.00   0.00   0.00 0.00 0.00 0.00  0.21 528.7 551575.  4.57 507.9 136013.
 9:21:37 0.98 332.41 351.61  0.57 1650   4.35   507.2 120813. -3.52  1.48   0.00   0.00   0.00 0.00 0.00 0.00  0.15 520.0 290295.  4.33 508.5 119504.
 9:22:17 0.98 332.41 351.60  0.57 1650   4.29   508.7 107011. -3.52  1.05   0.00   0.00   0.00 0.00 0.00 0.00  0.17 535.7 487957.  4.55 510.3 135188.
 9:22:58 0.98 332.41 351.59  0.57 1650   4.51   509.4 114394. -3.09  0.69   0.00   0.00   0.00 0.00 0.00 0.00  0.17 530.3 444961.  4.25 512.4 103766.
 9:23:38 0.98 332.41 351.59  0.57 1650   4.37   511.0 105299. -3.06  1.27   0.00   0.00   0.00 0.00 0.00 0.00  0.17 537.5 327068.  4.40 511.7 122148.
 9:24:19 0.98 332.41 351.58  0.57 1650   4.21   508.2 127115. -3.60  1.65   0.00   0.00   0.00 0.00 0.00 0.00  0.20 518.7 396208.  4.31 510.3 114430.
 9:24:59 0.98 332.41 351.57  0.57 1650   4.24   507.5 116519. -3.68  1.69   0.00   0.00   0.00 0.00 0.00 0.00  0.20 523.2 455226.  4.19 506.0  95264.
 9:25:40 0.98 332.41 351.57  0.57 1650   4.39   509.0 117169. -3.55  1.40   0.00   0.00   0.00 0.00 0.00 0.00  0.18 532.7 666272.  4.26 513.2 111893.
 9:26:20 0.98 332.41 351.56  0.57 1650   4.23   511.6 102606. -3.00  1.54   0.00   0.00   0.00 0.00 0.00 0.00  0.20 522.6 545351.  4.37 511.1 116866.
 9:27:01 0.98 332.41 351.55  0.57 1650   4.33   510.7 124163. -3.59  1.10   0.00   0.00   0.00 0.00 0.00 0.00  0.20 533.9 597859.  4.55 512.0 116704.
 9:27:41 0.98 332.41 351.55  0.57 1650   4.07   514.3 136633. -3.29  1.78   0.00   0.00   0.00 0.00 0.00 0.00  0.13 521.9 315308.  4.36 512.3 130214.
 9:28:22 0.98 332.41 351.54  0.57 1650   4.27   512.3 125764. -3.90  1.57   0.00   0.00   0.00 0.00 0.00 0.00  0.20 521.4 341036.  4.25 511.6 119579.
 9:29:02 0.98 332.41 351.54  0.57 1650   4.37   508.9 105412. -3.55  1.57   0.00   0.00   0.00 0.00 0.00 0.00  0.22 521.2 582501.  4.31 507.2 144043.
 9:29:43 0.98 332.41 351.53  0.57 1650   3.92   510.0 132108. -3.73  1.05   0.00   0.00   0.00 0.00 0.00 0.00  0.17 519.6 423820.  4.09 511.0 102050.
 9:30:23 0.98 332.41 351.52  0.57 1650   3.75   510.3 140359. -3.45  1.34   0.00   0.00   0.00 0.00 0.00 0.00  0.16 533.6 412788.  4.05 504.4 102642.
 9:31:04 0.98 332.41 351.52  0.57 1650   3.92   508.9 137085. -3.38  0.96   0.00   0.00   0.00 0.00 0.00 0.00 -1.00  -1.0     -1.  4.15 508.4 134207.
 9:31:44 0.98 332.41 351.51  0.57 1650   3.64   509.0 107365. -2.95  1.06   0.00   0.00   0.00 0.00 0.00 0.00  0.23 520.9 573717.  4.18 507.2 140220.
 9:32:25 0.98 332.41 351.50  0.57 1650   4.11   510.6 129441. -3.81  0.99   0.00   0.00   0.00 0.00 0.00 0.00  0.18 541.8 507734.  3.91 512.0 113001.
 9:33:05 0.98 332.41 351.50  0.57 1650   4.18   512.6 133063. -3.24  1.05   0.00   0.00   0.00 0.00 0.00 0.00  0.17 517.5 498028.  4.17 513.5 153405.
 9:33:46 0.98 332.41 351.49  0.57 1650   3.81   509.4 131917. -3.50  0.78   0.00   0.00   0.00 0.00 0.00 0.00  0.19 528.4 582683.  4.14 510.2 118556.
 9:34:26 0.98 332.41 351.49  0.57 1650   4.15   511.5 142507. -3.16  0.51   0.00   0.00   0.00 0.00 0.00 0.00  0.15 510.4 369662.  4.55 508.5 138072.
 9:35:07 0.98 332.41 351.48  0.57 1650   4.24   512.7 128340. -3.60  0.58   0.00   0.00   0.00 0.00 0.00 0.00  0.14 534.5 557968.  4.23 511.5 127979.
 9:35:47 0.98 332.41 351.47  0.57 1650   4.04   511.1 142542. -3.83  0.66   0.00   0.00   0.00 0.00 0.00 0.00  0.21 518.8 542194.  4.41 512.2 148770.
 9:36:28 0.98 332.41 351.47  0.57 1650   4.33   512.8 128096. -3.61  0.53   0.00   0.00   0.00 0.00 0.00 0.00  0.14 520.4 346584.  3.61 513.8 101456.
 9:37:08 0.98 332.41 351.46  0.57 1650   4.06   510.5 101160. -3.09  0.80   0.00   0.00   0.00 0.00 0.00 0.00  0.14 534.2 452783.  4.51 512.7 136835.
 9:37:49 0.98 332.41 351.45  0.57 1650   4.33   513.3 114736. -3.40  0.97   0.00   0.00   0.00 0.00 0.00 0.00  0.21 520.0 387827.  4.38 514.4 111627.
 9:38:29 0.98 332.41 351.45  0.57 1650   4.15   515.3 100228. -2.99  1.04   0.00   0.00   0.00 0.00 0.00 0.00  0.19 521.8 676589.  4.44 515.4 115366.
 9:39:10 0.98 332.41 351.44  0.57 1650   4.29   514.8 111481. -3.55  1.10   0.00   0.00   0.00 0.00 0.00 0.00  0.20 537.7 464478.  4.39 515.7 104997.
 9:39:50 0.98 332.41 351.43  0.57 1650   4.10   514.8 101384. -3.07  1.41   0.00   0.00   0.00 0.00 0.00 0.00  0.21 524.1 586412.  4.62 514.9 138677.
 9:40:31 0.98 332.41 351.43  0.57 1650   4.17   510.3 128600. -3.65  0.39   0.00   0.00   0.00 0.00 0.00 0.00  0.17 520.2 407630.  4.48 507.3 113076.
 9:41:11 0.98 332.41 351.42  0.57 1650   4.16   510.3 110272. -3.10  0.57   0.00   0.00   0.00 0.00 0.00 0.00  0.20 505.5 343102.  4.28 511.3 115275.
 9:41:52 0.98 332.41 351.42  0.57 1650   4.27   512.7 130231. -3.61  1.43   0.00   0.00   0.00 0.00 0.00 0.00  0.18 519.6 428888.  4.50 516.3 136065.
 9:42:32 0.98 332.41 351.41  0.57 1650   4.35   516.5 134155. -2.80  0.57   0.00   0.00   0.00 0.00 0.00 0.00  0.16 532.5 408630.  4.39 514.4 117799.
 9:43:13 0.98 332.41 351.40  0.57 1650   4.03   529.7  96255. -2.91 -0.34   0.00   0.00   0.00 0.00 0.00 0.00  0.22 543.7 569234.  4.15 527.8  90557.
 9:43:53 0.98 332.41 351.40  0.57 1650   4.00   517.5  96814. -2.53  0.28   0.00   0.00   0.00 0.00 0.00 0.00  0.21 516.0 720742.  4.32 517.5 119075.
 9:44:34 0.98 332.41 351.39  0.57 1650   4.09   527.9 102093. -3.06  0.64   0.00   0.00   0.00 0.00 0.00 0.00  0.19 512.3 484085.  4.05 525.2  86526.
 9:45:14 0.98 332.40 351.38  0.57 1650   4.45   519.0  97502. -2.80  1.63   0.00   0.00   0.00 0.00 0.00 0.00  0.22 519.6 576562.  4.75 519.9 111562.
 9:45:55 0.98 332.40 351.38  0.57 1650   3.83   529.6  98467. -3.27  0.77   0.00   0.00   0.00 0.00 0.00 0.00  0.25 527.3 445247.  4.05 530.3  95095.
 9:46:35 0.98 332.40 351.37  0.57 1650   4.03   515.7 101693. -2.82  0.16   0.00   0.00   0.00 0.00 0.00 0.00  0.14 507.3 429329.  4.17 515.5 136503.
 9:47:16 0.98 332.40 351.37  0.57 1650   3.80   517.9 113446. -3.39  0.00   0.00   0.00   0.00 0.00 0.00 0.00  0.22 513.2 470780.  4.05 518.6  94861.
 9:47:56 0.98 332.40 351.36  0.57 1650   4.41   520.1  92847.  0.00  0.00   0.00   0.00   0.00 0.00 0.00 0.00  0.24 516.1 522378.  4.23 519.7 123425.
 9:48:37 0.98 332.40 351.35  0.57 1650   4.21   514.1 135444. -3.12  0.18   0.00   0.00   0.00 0.00 0.00 0.00  0.19 520.9 308305.  4.47 512.6 104516.
 9:49:17 0.98 332.40 351.35  0.57 1650   4.36   502.5 124504. -3.37  0.49   0.00   0.00   0.00 0.00 0.00 0.00  0.21 505.1 335852.  4.47 506.6 138956.
 9:49:58 0.98 332.40 351.34  0.57 1650   4.48   503.1 141207. -3.77  0.19   0.00   0.00   0.00 0.00 0.00 0.00  0.20 531.7 697678.  4.03 505.5 117240.
 9:50:38 0.98 332.40 351.33  0.57 1650   4.34   499.3 107901. -3.22  0.10   0.00   0.00   0.00 0.00 0.00 0.00  0.18 494.7 404992.  4.12 497.9  90470.
 9:51:19 0.98 332.40 351.33  0.57 1650   4.07   501.8 131777. -3.69  0.61   0.00   0.00   0.00 0.00 0.00 0.00  0.17 525.8 492232.  4.46 504.7 120216.
 9:51:59 0.98 332.40 351.32  0.57 1650   4.63   501.6 119553. -3.38  0.81   0.00   0.00   0.00 0.00 0.00 0.00  0.15 518.9 412996.  4.48 502.9 131595.
 9:52:40 0.98 332.40 351.31  0.57 1650   4.10   502.9 138602. -3.67  0.75   0.00   0.00   0.00 0.00 0.00 0.00  0.16 518.2 386385.  4.02 503.9 107673.
 9:53:20 0.98 332.40 351.31  0.57 1650   4.17   505.4 106348. -3.32  1.17   0.00   0.00   0.00 0.00 0.00 0.00  0.18 508.0 333474.  4.41 502.8 107937.
 9:54:01 0.98 332.40 351.30  0.57 1650   4.17   506.4 135120. -3.99  1.01   0.00   0.00   0.00 0.00 0.00 0.00  0.18 516.5 399015.  4.61 504.4 127866.
 9:54:41 0.98 332.40 351.30  0.57 1650   4.25   508.6 109116. -3.35  0.63   0.00   0.00   0.00 0.00 0.00 0.00  0.18 531.8 368089.  4.51 508.1 145161.
 9:55:22 0.98 332.40 351.29  0.57 1650   4.05   507.4 132417. -3.29  0.01   0.00   0.00   0.00 0.00 0.00 0.00  0.16 532.6 682579.  4.23 510.7 110064.
 9:56:02 0.98 332.40 351.28  0.57 1650   4.08   498.8 124422. -4.40  0.81   0.00   0.00   0.00 0.00 0.00 0.00  0.13 531.1 408188.  4.09 501.4 105039.
 9:56:43 0.98 332.40 351.28  0.57 1650   3.96   502.3 139086. -4.28  1.34   0.00   0.00   0.00 0.00 0.00 0.00  0.19 520.3 367609.  4.13 505.2 115103.
 9:57:23 0.98 332.40 351.27  0.57 1650   4.38   503.0 113355. -3.85  0.69   0.00   0.00   0.00 0.00 0.00 0.00  0.18 522.1 513101.  4.05 502.1 100650.
 9:58:04 0.98 332.40 351.26  0.57 1650   4.18   505.0 133050. -3.89  0.61   0.00   0.00   0.00 0.00 0.00 0.00  0.21 512.8 434163.  4.35 504.9 115388.
 9:58:44 0.98 332.40 351.26  0.57 1650   4.40   505.8 114388. -3.97  0.88   0.00   0.00   0.00 0.00 0.00 0.00  0.19 527.9 536762.  4.42 508.8 142552.
 9:59:25 0.98 332.40 351.25  0.57 1650   4.50   506.5 133226. -4.02  0.69   0.00   0.00   0.00 0.00 0.00 0.00  0.15 516.2 530863.  4.13 507.8 121755.
10:00:05 0.98 332.40 351.25  0.57 1650   4.52   505.2 100088. -3.13  0.52   0.00   0.00   0.00 0.00 0.00 0.00  0.16 506.9 338061.  4.23 502.2 102258.
10:00:46 0.98 332.40 351.24  0.57 1650   4.39   503.5 138738. -4.52  0.82   0.00   0.00   0.00 0.00 0.00 0.00  0.17 513.9 425119.  4.40 504.9 115817.
10:01:26 0.98 332.40 351.23  0.57 1650   4.49   504.2 156192. -4.14  0.97   0.00   0.00   0.00 0.00 0.00 0.00  0.20 523.9 461827.  4.39 504.5 135734.
10:02:07 0.98 332.40 351.23  0.57 1650   4.63   505.0 132732. -3.67  0.77   0.00   0.00   0.00 0.00 0.00 0.00  0.21 511.4 335722.  4.19 508.7 118621.
10:02:47 0.98 332.40 351.22  0.57 1650   4.26   501.7 123143. -3.53  0.85   0.00   0.00   0.00 0.00 0.00 0.00  0.18 520.1 522378.  4.35 500.9 105864.
10:03:28 0.98 332.40 351.21  0.57 1650   4.20   502.0 135051. -3.98  0.29   0.00   0.00   0.00 0.00 0.00 0.00  0.20 514.9 387853.  4.42 497.9 132066.
10:04:08 0.98 332.40 351.21  0.57 1650   4.53   498.6 119576. -3.54 -0.13   0.00   0.00   0.00 0.00 0.00 0.00  0.22 509.7 514595.  4.32 499.6 104230.
10:04:49 0.98 332.40 351.20  0.57 1650   4.73   502.5 122343. -3.58 -0.40   0.00   0.00   0.00 0.00 0.00 0.00  0.19 510.9 399119.  5.04 503.0 125114.
10:05:29 0.98 332.40 351.19  0.57 1650   4.63   500.9 123919. -3.74 -0.47   0.00   0.00   0.00 0.00 0.00 0.00  0.17 502.4 367440.  4.52 497.7 108044.
10:06:10 0.98 332.40 351.19  0.57 1650   4.23   501.0 151768. -4.40 -0.27   0.00   0.00   0.00 0.00 0.00 0.00  0.20 516.0 472430.  4.79 499.1 156079.
10:06:50 0.98 332.40 351.18  0.57 1650   4.42   503.7 123935. -3.66 -0.69   0.00   0.00   0.00 0.00 0.00 0.00  0.20 515.6 497612.  4.75 507.1 144459.
10:07:31 0.98 332.40 351.18  0.57 1650   4.33   506.6 126258. -3.52  0.29   0.00   0.00   0.00 0.00 0.00 0.00  0.16 513.8 380187.  4.10 508.0 105848.
10:08:11 0.98 332.40 351.17  0.57 1650   4.19   507.6 109047. -3.47 -0.07   0.00   0.00   0.00 0.00 0.00 0.00  0.19 520.2 519039.  4.57 506.0 126404.
10:08:52 0.98 332.40 351.16  0.57 1650   4.58   507.0 120521. -3.34 -0.22   0.00   0.00   0.00 0.00 0.00 0.00  0.23 514.7 414581.  4.57 511.7 112231.
10:09:32 0.98 332.40 351.16  0.57 1650   4.30   504.3 112721. -3.53 -0.03   0.00   0.00   0.00 0.00 0.00 0.00  0.21 507.2 409916.  4.45 500.5 103567.
10:10:13 0.98 332.40 351.15  0.57 1650   4.57   502.9 134668. -3.65  0.07   0.00   0.00   0.00 0.00 0.00 0.00  0.19 510.7 405135.  4.70 502.6 131731.
10:10:53 0.98 332.40 351.14  0.57 1650   4.67   497.4 113569. -3.94 -0.28   0.00   0.00   0.00 0.00 0.00 0.00  0.22 509.2 518090.  4.30 497.7  98149.
10:11:34 0.98 332.40 351.14  0.57 1650   4.39   501.5 135019. -4.81 -0.12   0.00   0.00   0.00 0.00 0.00 0.00  0.20 513.4 412450.  4.96 497.6  90944.
10:12:14 0.98 332.40 351.13  0.57 1650   5.06   495.5 133135. -4.55  0.03   0.00   0.00   0.00 0.00 0.00 0.00  0.29 517.1 596768.  4.77 494.7 108265.
10:12:55 0.98 332.40 351.13  0.57 1650   5.03   495.2 140515. -4.77  0.06   0.00   0.00   0.00 0.00 0.00 0.00  0.27 499.3 542791.  4.75 497.6 112994.
10:13:35 0.98 332.40 351.12  0.57 1650   4.90   495.2 114083. -4.30  0.14   0.00   0.00   0.00 0.00 0.00 0.00  0.23 504.0 371780.  4.93 494.4 114960.
10:14:16 0.98 332.40 351.11  0.57 1650   4.93   496.0 144270. -4.55 -0.10   0.00   0.00   0.00 0.00 0.00 0.00  0.18 515.7 286215.  5.01 498.5 140710.
10:14:56 0.98 332.40 351.11  0.57 1650   4.93   495.5 120901. -4.45  0.37   0.00   0.00   0.00 0.00 0.00 0.00  0.19 501.7 356811.  5.03 501.3 164018.
10:15:37 0.98 332.40 351.10  0.57 1650   4.49   502.8 124923. -4.49  0.11   0.00   0.00   0.00 0.00 0.00 0.00  0.19 511.9 323027.  4.33 501.7  94501.
10:16:17 0.98 332.40 351.09  0.57 1650   4.56   499.8 121908. -4.37  0.34   0.00   0.00   0.00 0.00 0.00 0.00  0.22 516.8 610437.  4.36 499.9 107686.
10:16:58 0.98 332.40 351.09  0.57 1650   4.14   502.3 129594. -4.49  0.38   0.00   0.00   0.00 0.00 0.00 0.00  0.18 511.0 399989.  4.75 501.2 109457.
10:17:38 0.98 332.40 351.08  0.57 1650   4.49   498.3 116460. -4.35 -0.16   0.00   0.00   0.00 0.00 0.00 0.00  0.21 512.6 559034.  3.85 501.7 104899.
10:18:19 0.98 332.40 351.07  0.57 1650   4.95   495.7 139606. -4.44  0.27   0.00   0.00   0.00 0.00 0.00 0.00  0.21 512.4 376535.  4.55 497.3 122366.
10:18:59 0.98 332.40 351.07  0.57 1650   4.79   499.3 113787. -4.33 -0.16   0.00   0.00   0.00 0.00 0.00 0.00  0.19 525.1 414191.  4.37 503.1 128746.
10:19:40 0.98 332.40 351.06  0.57 1650   4.55   501.3 121872. -4.31 -0.27   0.00   0.00   0.00 0.00 0.00 0.00  0.17 529.5 622028.  4.50 497.0 119501.
10:20:20 0.98 332.40 351.06  0.57 1650   4.62   498.3 115648. -4.39 -0.32   0.00   0.00   0.00 0.00 0.00 0.00  0.19 516.5 512282.  4.31 507.2 139586.
10:21:01 0.98 332.40 351.05  0.57 1650   4.59   502.0 133690. -4.64 -0.29   0.00   0.00   0.00 0.00 0.00 0.00  0.17 515.1 366192.  4.66 498.8 110590.
10:21:41 0.98 332.40 351.04  0.57 1650   4.62   497.3 113261. -4.35 -0.94   0.00   0.00   0.00 0.00 0.00 0.00  0.21 520.4 597483.  4.36 498.7 107407.
10:22:22 0.98 332.40 351.04  0.57 1650   4.21   502.0 134320. -4.32 -0.65   0.00   0.00   0.00 0.00 0.00 0.00  0.24 505.3 491206.  4.20 501.0  97652.
10:23:02 0.98 332.40 351.03  0.57 1650   4.62   499.2 113907. -3.85 -0.71   0.00   0.00   0.00 0.00 0.00 0.00  0.18 502.5 404680.  4.29 501.8 103389.
10:23:43 0.98 332.40 351.02  0.57 1650   4.17   503.2 127119. -4.64 -0.64   0.00   0.00   0.00 0.00 0.00 0.00  0.16 522.3 509852.  4.32 501.7 103730.
10:24:23 0.98 332.40 351.02  0.57 1650   4.65   496.0 125709. -3.90 -0.50   0.00   0.00   0.00 0.00 0.00 0.00  0.19 499.6 427939.  4.77 493.9 121967.
10:25:04 0.98 332.40 351.01  0.57 1650   4.65   501.2 126745. -4.35 -1.33   0.00   0.00   0.00 0.00 0.00 0.00  0.22 504.3 555369.  4.65 499.0 119322.
10:25:44 0.98 332.40 351.01  0.57 1650   4.64   498.8 119105. -3.24 -0.81   0.00   0.00   0.00 0.00 0.00 0.00  0.23 514.6 538477.  4.82 498.6 112540.
10:26:25 0.98 332.40 351.00  0.57 1650   4.28   498.4 129435. -4.05 -1.28   0.00   0.00   0.00 0.00 0.00 0.00  0.21 509.2 424002.  4.92 494.4 124442.
10:27:05 0.98 332.40 350.99  0.57 1650   4.78   502.7 114271. -2.57 -0.99   0.00   0.00   0.00 0.00 0.00 0.00  0.22 515.1 552641.  4.74 501.7 103236.
10:27:46 0.98 332.40 350.99  0.57 1650   4.51   505.9 118494. -2.97 -1.44   0.00   0.00   0.00 0.00 0.00 0.00  0.20 528.3 473924.  4.69 505.7 115769.
10:28:26 0.98 332.40 350.98  0.57 1650   4.82   506.6 101277. -2.53 -0.72   0.00   0.00   0.00 0.00 0.00 0.00  0.22 501.9 392232.  4.85 502.3 105309.
10:29:07 0.98 332.40 350.97  0.57 1650   4.67   508.2 120307. -2.71 -0.88   0.00   0.00   0.00 0.00 0.00 0.00  0.24 502.3 492856.  5.01 511.4 106871.
10:29:47 0.98 332.40 350.97  0.57 1650   4.35   499.8 118283. -3.17  0.16   0.00   0.00   0.00 0.00 0.00 0.00  0.19 517.1 528290.  4.39 496.6 105844.
10:34:30 0.98 332.39 350.92  0.57 1650   4.55   498.2 129058.  0.00  0.00   0.00   0.00   0.00 0.00 0.00 0.00  0.24 503.4 480681.  4.77 495.6 121635.
10:37:12 0.98 332.39 350.90  0.57 1650   4.60   502.5 128522. -3.40 -0.63   0.00   0.00   0.00 0.00 0.00 0.00  0.20 515.3 338489.  4.62 500.0 125092.
10:37:53 0.98 332.39 350.89  0.57 1650   4.37   514.9 118790.  0.00  0.00   0.00   0.00   0.00 0.00 0.00 0.00  0.19 537.3 529564. -1.00  -1.0     -1.
10:54:16 0.98 332.39 350.74  0.57 1650   4.54   481.1  84613.  0.00  0.00   0.00   0.00   0.00 0.00 0.00 0.00  0.19 499.2 325885. -1.00  -1.0     -1.
11:00:51 0.98 332.39 350.68  0.57 1650   4.56   488.8 100403. -3.33 -0.34   0.00   0.00   0.00 0.00 0.00 0.00  0.13 484.7 290997.  5.13 486.7 118302.
11:06:14 0.98 332.39 350.63  0.56 1650   4.96   491.6 109996.  0.00  0.00   0.00   0.00   0.00 0.00 0.00 0.00  0.21 489.4 524431.  4.80 490.6  85412.
11:08:22 0.98 332.39 350.61  0.56 1650  -1.00    -1.0     -1. -1.00 -1.00   0.00   0.00   0.00 0.00 0.00 0.00 -1.00  -1.0     -1.  4.87 494.4 118806.
11:09:02 0.98 332.39 350.60  0.56 1650   4.85   492.5 112328. -3.82 -0.26   0.00   0.00   0.00 0.00 0.00 0.00  0.20 509.2 542311.  4.66 492.4 103165.
11:09:37 0.98 332.39 350.59  0.56 1650   4.41   491.4 102132. -3.78 -0.74   0.00   0.00   0.00 0.00 0.00 0.00  0.10 532.8 275183.  5.09 489.4 124052.
11:10:17 0.98 332.39 350.59  0.56 1650  -1.00    -1.0     -1. -1.00 -1.00   0.00   0.00   0.00 0.00 0.00 0.00 -1.00  -1.0     -1.  5.33 491.2 109223.
11:12:19 0.98 332.39 350.57  0.56 1650   4.92   488.4 112257.  0.00  0.00   0.00   0.00   0.00 0.00 0.00 0.00  0.17 503.9 399093.  4.94 489.4 121346.
11:12:59 0.98 332.39 350.56  0.56 1650   4.81   492.7 128213. -3.87 -0.32   0.00   0.00   0.00 0.00 0.00 0.00  0.24 505.1 397611.  4.69 489.9 108271.
11:13:40 0.98 332.39 350.56  0.56 1650   4.85   490.6 133960. -4.08 -0.21   0.00   0.00   0.00 0.00 0.00 0.00  0.23 509.7 456902.  4.98 493.1 121733.
11:14:20 0.98 332.39 350.55  0.56 1650   4.67   490.1 117662. -3.87 -0.11   0.00   0.00   0.00 0.00 0.00 0.00  0.20 497.6 315828.  4.90 488.7 108317.
11:15:01 0.98 332.39 350.54  0.56 1650   4.48   490.4  99127. -3.94  0.33   0.00   0.00   0.00 0.00 0.00 0.00  0.20 503.7 529486.  4.57 487.8  82621.
11:18:43 0.98 332.38 350.51  0.56 1650   4.93   499.0  94186. -1.97 -0.04   0.00   0.00   0.00 0.00 0.00 0.00  0.19 508.6 464478.  5.19 496.6  89635.
11:19:23 0.98 332.38 350.50  0.56 1650   4.56   495.0  88322.  0.00  0.00   0.00   0.00   0.00 0.00 0.00 0.00  0.20 500.7 557046.  4.89 493.5  94192.
11:20:04 0.98 332.38 350.50  0.56 1650   4.87   495.5  93042. -1.76 -0.74   0.00   0.00   0.00 0.00 0.00 0.00  0.16 498.1 415517.  4.73 494.3  80994.
11:20:25 0.98 332.38 350.49  0.56 1650   4.61   492.5  91678.  0.00  0.00   0.00   0.00   0.00 0.00 0.00 0.00  0.19 499.2 593091.  4.50 490.4  84015.
11:21:05 0.98 332.38 350.49  0.56 1650   5.05   496.8  96612. -1.31 -0.58   0.00   0.00   0.00 0.00 0.00 0.00  0.21 496.1 355160.  4.83 497.2  83615.
11:21:46 0.98 332.38 350.48  0.56 1650   4.52   476.1  85678.  0.00  0.00  -1.92  -0.38  -1.13 0.00 0.00 0.00  0.22 479.9 409280. -1.00  -1.0     -1.
11:23:06 0.98 332.38 350.47  0.56 1650   5.05   491.8  85136.  0.00  0.00   0.00   0.00   0.00 0.00 0.00 0.00  0.15 496.9 498028.  5.33 494.2 126797.
11:24:27 0.98 332.38 350.46  0.56 1650   4.33   491.6  95830.  0.00  0.00   0.00   0.00   0.00 0.00 0.00 0.00  0.18 503.2 522846. -1.00  -1.0     -1.
11:31:57 0.98 332.38 350.39  0.56 1650   4.90   510.4 100653.  0.00  0.00   0.00   0.00   0.00 0.00 0.00 0.00  0.18 522.2 414360. -1.00  -1.0     -1.
11:32:38 0.98 332.38 350.38  0.56 1650   4.82   494.1  88637.  0.00  0.00   0.00   0.00   0.00 0.00 0.00 0.00  0.24 496.8 416102.  4.80 490.2  79145.
11:38:20 0.98 332.38 350.33  0.56 1650   4.76   473.8  82303.  0.00  0.00   0.00   0.00   0.00 0.00 0.00 0.00  0.23 475.9 362567. -1.00  -1.0     -1.
11:40:32 0.98 332.38 350.31  0.56 1650   4.82   491.4 114287. -2.48 -0.28   0.00   0.00   0.00 0.00 0.00 0.00  0.22 510.2 497833.  5.13 491.8  95739.
11:41:13 0.98 332.38 350.30  0.56 1650   4.74   492.0  92701.  0.00  0.00   0.00   0.00   0.00 0.00 0.00 0.00  0.19 496.6 445650.  5.08 491.4 110162.
11:42:05 0.98 332.38 350.29  0.56 1650   4.88   468.5  96125.  0.00  0.00   0.00   0.00   0.00 0.00 0.00 0.00  0.21 483.2 392466. -1.00  -1.0     -1.
11:44:03 0.98 332.38 350.27  0.56 1650   4.79   489.2 112017. -2.45 -0.05   0.00   0.00   0.00 0.00 0.00 0.00  0.24 495.9 320558.  4.54 490.7  96356.
12:27:15 0.98 332.37 349.87  0.56 1650   4.67   497.6  74646. -2.05 -0.86   0.00   0.00   0.00 0.00 0.00 0.00  0.22 494.4 440049.  4.52 500.3  61484.
13:10:27 0.98 332.36 349.46  0.56 1650   4.50   479.4  81874. -2.06 -0.23   0.00   0.00   0.00 0.00 0.00 0.00  0.25 486.4 454615.  4.59 482.4  85688.
13:53:39 0.98 332.35 349.06  0.55 1650   4.44   480.9  93819. -2.27 -0.63   0.00   0.00   0.00 0.00 0.00 0.00  0.25 494.1 430603.  4.38 481.6  69296.
14:36:51 0.98 332.34 348.66  0.55 1650   4.73   477.0  84895. -3.33  1.69   0.00   0.00   0.00 0.00 0.00 0.00  0.18 482.8 391387.  4.66 477.9 109093.
15:20:03 0.98 332.33 348.25  0.55 1650   3.73   465.4 100754. -1.71  1.76   0.00   0.00   0.00 0.00 0.00 0.00  0.10 469.6 309864.  4.19 462.0  92877.
16:03:15 0.98 332.32 347.85  0.55 1650   4.05   469.8  56614. -1.17  0.77   0.00   0.00   0.00 0.00 0.00 0.00  0.12 478.5 335969.  4.21 470.6  47389.
16:46:28 0.98 332.31 347.44  0.54 1650   5.40   464.9  59496. -2.61 -1.26   0.00   0.00   0.00 0.00 0.00 0.00  0.15 468.4 243647.  5.03 467.2  46781.
17:28:23 0.98 332.27 347.02  0.47 1650  -1.00    -1.0     -1. -1.00 -1.00  -0.87  -5.57   1.86 0.00 0.00 0.00 -1.00  -1.0     -1. -1.00  -1.0     -1.
17:29:40 0.98 332.30 347.04  0.54 1650   3.59   464.6  43776. -0.90 -0.21   0.00   0.00   0.00 0.00 0.00 0.00  0.10 459.9 214307.  4.57 464.7  33459.
18:12:52 0.98 332.29 346.63  0.54 1650   4.62   470.1  58157. -1.14  0.58  -3.43  -4.95  -0.28 0.00 0.00 0.00  0.16 459.5 183421.  4.91 475.1  39495.
18:56:04 0.98 332.29 346.23  0.54 1650   6.30   456.8  70485. -1.59 -0.23   2.63  -3.58   1.12 0.00 0.00 0.00  0.25 448.0 325470.  5.75 457.4  61610.
19:39:16 0.98 332.28 345.83  0.53 1650   7.09   447.7  92737. -3.24  0.11   0.00   0.00   0.00 0.00 0.00 0.00  0.23 449.4 299755.  6.80 453.3 111623.
20:22:17 0.98 332.23 345.39  0.46 1650  -1.00    -1.0     -1. -1.00 -1.00  -3.35  -2.35  -0.87 0.00 0.00 0.00 -1.00  -1.0     -1. -1.00  -1.0     -1.
20:22:28 0.98 332.27 345.42  0.53 1650   6.27   466.3  95485. -1.10 -0.29   0.00   0.00   0.00 0.00 0.00 0.00  0.15 460.6 313944.  6.10 465.3  86513.
21:05:40 0.98 332.26 345.02  0.53 1650   6.16   478.8  46911. -0.12 -0.05  -3.75  -3.45  -0.78 0.00 0.00 0.00  0.23 477.7 206706.  6.68 477.7  61035.
21:48:52 0.98 332.25 344.61  0.53 1650   6.35   476.3  51274.  0.27  0.17  -2.37  -4.57  -0.66 0.00 0.00 0.00  0.32 472.1 418077.  6.29 475.5  48233.
22:32:04 0.98 332.24 344.21  0.52 1650   7.09   466.8  59538.  0.08 -0.27   0.00   0.00   0.00 0.00 0.00 0.00  0.15 460.4 366075.  7.06 468.0  47717.
23:15:05 0.98 332.20 343.78  0.45 1650  -1.00    -1.0     -1. -1.00 -1.00  -2.38  -3.66  -0.36 0.00 0.00 0.00 -1.00  -1.0     -1. -1.00  -1.0     -1.
23:15:16 0.98 332.23 343.81  0.52 1650   6.89   468.3  67477. -0.08  0.66   0.00   0.00   0.00 0.00 0.00 0.00  0.17 453.6 277418.  7.12 465.2  62003.
