007  0 08 25 0.97 340.79  50.48 -1.36 1636    5.91   398.9   45254.   1.09   1.47   0.00   0.00    0.00  0.00  0.00  0.00   0.35  394.3    115125.   5.44  401.8  40992.
007  0 51 37 0.97 340.78  50.08 -1.36 1636    6.33   400.7   40284.   0.33   1.86   0.29  -4.41    0.01  0.00  0.00  0.00   0.30  396.2    143322.   6.55  403.3  35100.
007  1 34 49 0.97 340.77  49.68 -1.36 1636    6.78   408.5   73025.  -1.75   2.16   0.40  -0.81   -0.17  0.00  0.00  0.00   0.44  406.6    177535.   6.89  409.9  62923.
007  8 03 37 0.97 340.69  46.04 -1.39 1636    6.27   378.6   83580.   0.81   1.14   4.61  -1.97    0.86  0.00  0.00  0.00   0.50  362.6    135331.   6.32  377.9  69114.
007  8 46 49 0.97 340.68  45.64 -1.39 1636    7.06   375.1   70323.   1.35   1.42   0.00   0.00    0.00  0.00  0.00  0.00   0.34  362.2    177041.   6.96  374.4  61347.
007  9 30 01 0.97 340.67  45.23 -1.39 1636    6.69   368.2   72174.   0.46   1.51   5.11  -1.27    0.46  0.00  0.00  0.00   0.36  353.0     75052.   6.60  366.9  61175.
007  9 38 32 0.97 340.66  45.14 -1.44 1636   -1.00    -1.0      -1.  -1.00  -1.00   5.51  -1.17    0.47  0.00  0.00  0.00  -1.00   -1.0        -1.  -1.00   -1.0     -1.
007  9 39 37 0.97 340.67  45.14 -1.39 1636   -1.00    -1.0      -1.  -1.00  -1.00   5.11  -1.37    0.06  0.00  0.00  0.00  -1.00   -1.0        -1.  -1.00   -1.0     -1.
007 10 13 13 0.97 340.67  44.83 -1.39 1636    6.75   365.4   76998.   0.28   1.25   5.22  -0.36    0.76  0.00  0.00  0.00   0.37  353.4    148584.   6.41  363.2  68552.
007 10 22 49 0.97 340.66  44.74 -1.39 1636    6.75   365.4   76992.   0.28   1.25   4.92   0.34    1.56  0.00  0.00  0.00   0.37  353.4    148390.   6.41  363.2  68572.
007 16 42 01 0.97 340.58  41.20 -1.42 1636    9.80   356.8   34970.   0.28   0.83   3.65  -3.22    0.86  0.00  0.00  0.00   0.26  352.4     97766.   9.55  358.7  32913.
007 17 25 13 0.97 340.57  40.79 -1.42 1636    9.85   350.2   49295.  -0.63   1.72   0.00   0.00    0.00  0.00  0.00  0.00   0.28  347.8    114008.   9.62  351.8  36906.
007 18 08 25 0.97 340.57  40.39 -1.42 1636    8.52   345.6   54977.  -0.46   1.88   5.36  -1.22   -0.32  0.00  0.00  0.00   0.35  336.0    109005.   8.61  342.7  51124.
007 18 51 37 0.97 340.56  39.98 -1.43 1636    8.85   345.2   50413.  -0.26   2.25   5.00  -2.64    0.07  0.00  0.00  0.00   0.39  338.7    185214.   8.06  345.2  43055.
007 19 13 14 0.97 340.55  39.78 -1.43 1636   -1.00    -1.0      -1.  -1.00  -1.00   5.01  -1.74   -0.73  0.00  0.00  0.00  -1.00   -1.0        -1.  -1.00   -1.0     -1.
007 19 34 50 0.97 340.55  39.58 -1.43 1636    8.48   347.1   43286.   0.00   0.00   0.00   0.00    0.00  0.00  0.00  0.00   0.39  339.9    115905.   8.25  343.0  41333.
007 20 29 02 0.97 340.54  39.07 -1.43 1636    9.51   353.7   29415.  -0.16  -0.09  -0.56  -4.30    2.02  0.16  0.11  0.18   0.22  350.7    114346.   9.82  353.5  28265.
007 20 29 42 0.97 340.54  39.07 -1.43 1636   10.50   360.5   42366.  -2.64   1.11   0.00   0.00    0.00  0.00  0.00  0.00   0.24  363.1    100377.  10.82  360.0  35528.
007 20 30 15 0.97 340.54  39.06 -1.43 1636    9.85   355.2   29769.  -1.27   0.79   0.00   0.00    0.00  0.00  0.00  0.00   0.28  353.8    116607.   9.99  354.3  32826.
007 20 30 35 0.97 340.54  39.06 -1.43 1636    9.71   350.1   29113.  -0.08   1.96   0.00   0.00    0.00  0.00  0.00  0.00   0.22  353.5     83758.   8.93  350.2  26381.
007 20 31 16 0.97 340.54  39.05 -1.43 1636   10.02   351.3   26176.   0.12   2.13   0.00   0.00    0.00  0.00  0.00  0.00   0.38  346.1     48597.  10.77  350.2  27989.
007 20 31 56 0.97 340.54  39.05 -1.43 1636   10.01   349.7   34687.  -0.43   1.99   0.00   0.00    0.00  0.00  0.00  0.00   0.23  352.4    102521.  10.16  349.8  34671.
007 20 32 37 0.97 340.54  39.04 -1.43 1636    9.43   347.5   32826.  -0.75   1.89   0.00   0.00    0.00  0.00  0.00  0.00   0.31  347.0     84564.   9.94  349.9  31046.
007 20 33 17 0.97 340.54  39.03 -1.43 1636   10.44   352.0   31734.  -0.31   1.91   0.00   0.00    0.00  0.00  0.00  0.00   0.36  350.1     99897.   9.18  349.9  21144.
007 20 33 58 0.97 340.54  39.03 -1.43 1636   11.02   351.6   25919.  -0.63   1.69   0.00   0.00    0.00  0.00  0.00  0.00   0.34  344.8     50013.  11.26  350.6  28076.
007 20 34 38 0.97 340.54  39.02 -1.43 1636   11.51   351.9   29483.  -0.02   1.44   0.00   0.00    0.00  0.00  0.00  0.00   0.53  351.7     60993.  10.24  352.1  19345.
007 20 35 19 0.97 340.53  39.02 -1.43 1636   11.26   349.4   22859.  -0.70   1.50   0.00   0.00    0.00  0.00  0.00  0.00   0.44  345.8     42958.  11.71  350.6  27680.
007 20 35 59 0.97 340.53  39.01 -1.43 1636   11.62   350.5   30399.  -0.18   1.47   0.00   0.00    0.00  0.00  0.00  0.00   0.43  351.6     85603.  10.92  350.8  26751.
007 20 36 20 0.97 340.52  38.99 -1.48 1636   -1.00    -1.0      -1.  -1.00  -1.00  -0.62  -4.25    2.10  0.22  0.19  0.18  -1.00   -1.0        -1.  -1.00   -1.0     -1.
007 20 37 41 0.97 340.53  38.99 -1.43 1636   11.63   350.8   29567.  -0.28   1.22  -0.40  -4.40    2.27  0.17  0.22  0.22   0.40  350.2     64618.  11.03  350.9  28385.
007 20 39 02 0.97 340.53  38.98 -1.43 1636   10.68   349.8   25708.  -0.38   1.60  -0.52  -4.44    2.16  0.25  0.21  0.17   0.41  347.9     41489.  11.19  349.4  25614.
007 20 40 23 0.97 340.53  38.97 -1.43 1636   11.80   349.9   31133.  -0.22   1.62  -0.57  -4.30    2.26  0.30  0.20  0.22   0.39  349.1    117789.  11.16  348.2  29298.
007 20 41 44 0.97 340.53  38.96 -1.43 1636   11.35   348.6   26088.  -0.51   1.09  -0.02  -4.41    2.55  0.22  0.17  0.17   0.50  347.9     39839.  11.71  351.5  30906.
007 20 43 05 0.97 340.53  38.94 -1.43 1636   11.14   350.3   31890.  -0.32   1.38  -0.06  -4.63    2.76  0.25  0.18  0.19   0.37  346.8     96323.  11.00  350.3  24022.
007 20 44 26 0.97 340.53  38.93 -1.43 1636   10.87   350.2   24990.  -0.02   1.52   0.62  -4.77    2.77  0.36  0.24  0.22   0.34  347.6     41710.  10.76  350.5  27404.
007 20 45 47 0.97 340.53  38.92 -1.43 1636   11.28   348.5   31718.   0.18   1.53  -0.36  -5.14    2.01  0.55  0.23  0.36   0.36  348.8     70479.  10.99  349.0  26904.
007 20 47 07 0.97 340.53  38.90 -1.43 1636   10.55   346.5   30613.  -0.52   1.74  -0.29  -5.33    1.55  0.43  0.22  0.32   0.27  343.0     48571.  10.35  349.4  27511.
007 20 48 29 0.97 340.53  38.89 -1.43 1636   11.27   349.7   29957.   0.00   0.00   0.48  -5.51    0.86  0.32  0.23  0.28   0.30  350.1    103236.  11.27  349.8  26257.
007 20 49 50 0.97 340.53  38.88 -1.43 1636   -1.00    -1.0      -1.  -1.00  -1.00  -0.01  -5.45    0.28  0.26  0.22  0.21  -1.00   -1.0        -1.  -1.00   -1.0     -1.
007 20 53 53 0.97 340.53  38.84 -1.43 1636   11.02   351.4   34002.  -0.18   1.61  -1.34  -5.09    2.06  0.19  0.38  0.41   0.32  351.8     90021.  10.16  349.9  26374.
007 20 55 14 0.97 340.53  38.83 -1.43 1636   10.69   351.7   27911.  -0.67   1.87  -1.47  -4.81    2.87  0.33  0.27  0.34   0.35  349.2     76261.  10.61  350.9  32579.
007 20 56 35 0.97 340.53  38.82 -1.43 1636   10.86   351.1   32813.  -0.26   1.74  -1.34  -4.98    2.73  0.20  0.22  0.30   0.34  348.8     87267.  10.22  349.9  23681.
007 20 57 56 0.97 340.53  38.80 -1.43 1636   11.00   347.8   32312.   0.00   0.00  -1.00  -5.12    2.68  0.19  0.17  0.44  -1.00   -1.0        -1.  11.40  348.0  32738.
007 20 59 17 0.97 340.53  38.79 -1.43 1636   11.54   352.0   31919.  -0.41   1.72  -1.24  -4.60    3.25  0.30  0.33  0.34   0.43  348.7     73038.  11.23  350.3  27664.
007 21 00 38 0.97 340.53  38.78 -1.43 1636   12.09   351.7   28944.   0.00   0.00  -1.89  -3.83    3.79  0.27  0.50  0.42   0.53  346.7     47012.  11.95  351.1  30331.
007 21 01 59 0.97 340.53  38.77 -1.43 1636   11.92   351.3   31276.  -0.09   2.30  -1.26  -5.17    2.93  0.26  0.25  0.23   0.41  350.5     81718.  11.66  349.9  32387.
007 21 02 59 0.97 340.53  38.76 -1.43 1636   -1.00    -1.0      -1.  -1.00  -1.00  -0.77  -5.32    2.73  1.40  1.37  0.69  -1.00   -1.0        -1.  11.70  351.0  34148.
007 21 04 40 0.97 340.53  38.74 -1.43 1636   -1.00    -1.0      -1.  -1.00  -1.00  -0.68  -5.85    2.21  0.19  0.34  0.81  -1.00   -1.0        -1.  -1.00   -1.0     -1.
007 21 06 02 0.97 340.53  38.73 -1.43 1636   10.73   346.3   31601.   0.16   4.00  -0.81  -5.97    1.75  0.26  0.40  1.11   0.35  341.4    132030.  11.60  346.0  32481.
007 21 07 23 0.97 340.53  38.72 -1.43 1636   11.52   349.4   34414.  -0.18   2.53  -1.64  -5.64    3.00  0.25  0.31  0.30   0.28  348.6    108109.  10.89  349.0  33196.
007 21 08 44 0.97 340.53  38.70 -1.43 1636   11.77   345.6   31659.  -0.24   4.19  -1.03  -5.98    2.44  0.26  0.46  1.12   0.26  345.1     50494.  11.61  347.7  39323.
007 21 10 05 0.97 340.53  38.69 -1.43 1636   12.38   348.2   32848.   0.29   2.38  -1.22  -5.60    3.55  0.15  0.18  0.26   0.31  349.2     72856.  12.00  345.9  29025.
007 21 11 26 0.97 340.53  38.68 -1.43 1636   11.30   347.4   31523.   0.04   2.58  -1.31  -5.77    2.51  0.20  0.32  0.56   0.28  338.5    100871.  11.98  348.9  29057.
007 21 12 47 0.97 340.53  38.66 -1.43 1636   12.22   348.2   30360.   0.32   2.08  -1.10  -6.00    2.16  0.21  0.18  0.27   0.44  346.6     71154.  12.00  347.2  31461.
007 21 14 08 0.97 340.53  38.65 -1.43 1636   11.47   346.4   29493.  -0.03   2.49  -1.12  -6.09    1.72  0.28  0.23  0.54   0.56  344.2     47544.  11.21  347.2  21755.
007 21 15 29 0.97 340.53  38.64 -1.43 1636   11.72   349.0   31117.   0.37   2.27  -1.35  -6.26    1.33  0.27  0.18  0.21   0.34  352.6     74935.  12.84  347.5  30994.
007 21 16 50 0.97 340.53  38.63 -1.43 1636   11.79   347.2   30272.  -0.38   2.30  -1.62  -6.28    1.16  0.23  0.18  0.22   0.44  348.0     41074.  11.42  348.3  28359.
007 21 18 11 0.97 340.53  38.61 -1.43 1636   12.68   350.0   30412.   0.20   2.70  -1.95  -6.19    0.59  0.75  0.58  0.80   0.33  348.5     88891.  11.54  350.2  25445.
007 21 19 32 0.97 340.53  38.60 -1.43 1636   10.46   341.8   35061.  -0.86   3.24  -1.52  -6.40    0.03  0.82  0.58  0.87   0.30  337.2     68581.  10.10  340.7  25656.
007 21 20 53 0.97 340.53  38.59 -1.43 1636    9.12   336.8   25052.   0.12   3.67   0.74  -5.86   -1.97  1.37  0.70  0.99   0.28  336.3    100624.   9.95  334.2  30903.
007 21 22 14 0.97 340.52  38.58 -1.43 1636    9.09   346.2   32329.   0.25   2.37   1.73  -5.74   -1.83  0.32  0.70  0.65   0.33  343.0    137241.   8.88  347.6  28817.
007 21 23 35 0.97 340.52  38.56 -1.43 1636    9.18   348.4   34184.   0.04   2.58   1.94  -5.51   -1.75  0.64  0.62  1.33   0.29  343.0     80744.   8.67  347.2  21605.
007 21 24 56 0.97 340.52  38.55 -1.43 1636    9.48   349.1   27882.   0.04   2.69   1.89  -5.51   -2.34  0.26  0.23  0.45   0.39  349.3     93465.   9.74  350.6  34934.
007 21 26 17 0.97 340.52  38.54 -1.43 1636   10.20   350.4   35139.   0.21   1.91   2.27  -4.74   -2.93  0.56  1.24  1.10   0.32  348.1    114255.   9.93  350.8  28161.
007 21 27 38 0.97 340.52  38.53 -1.43 1636    9.79   349.5   26618.   0.27   1.89   0.59  -6.01   -0.16  0.72  0.89  1.90   0.29  345.7     94842.  10.21  350.6  35398.
007 21 28 59 0.97 340.52  38.51 -1.43 1636    9.90   349.5   38614.  -0.29   4.63   0.16  -6.39    1.26  0.42  0.56  0.69   0.25  350.0    190685.   9.89  346.4  34976.
007 21 30 20 0.97 340.52  38.50 -1.44 1636    9.27   347.1   34508.  -0.87   3.18   0.30  -6.49    1.26  0.28  0.20  0.26   0.21  345.2    165996.   9.85  348.9  29178.
007 21 31 41 0.97 340.52  38.49 -1.44 1636   -1.00    -1.0      -1.  -1.00  -1.00   0.17  -6.38    1.81  0.21  0.19  0.29  -1.00   -1.0        -1.  -1.00   -1.0     -1.
007 21 33 02 0.97 340.52  38.48 -1.44 1636   10.81   346.1   32040.  -0.24   3.43   0.39  -6.11    2.62  0.26  0.32  0.46   0.22  342.6    155848.  10.51  348.7  28970.
007 21 34 23 0.97 340.52  38.46 -1.44 1636   10.68   347.6   33615.  -0.35   3.13   0.14  -6.68    2.00  0.27  0.47  0.49   0.18  336.4    126521.  10.45  348.2  25695.
007 21 35 44 0.97 340.52  38.45 -1.44 1636    9.89   345.8   32270.  -0.43   3.46  -0.04  -7.00    2.28  0.27  0.27  0.34   0.25  351.6     76118.  10.16  347.3  36321.
007 21 37 05 0.97 340.52  38.44 -1.44 1636    9.92   346.6   32696.  -0.23   3.26  -0.47  -7.27    2.55  0.35  0.22  0.17   0.15  350.7    183525.   9.92  345.7  35350.
007 21 38 26 0.97 340.52  38.42 -1.44 1636    8.94   346.5   35035.  -1.33   3.58  -0.44  -7.52    2.47  0.50  0.28  0.52   0.18  350.2     80614.   8.27  349.6  29340.
007 21 39 47 0.97 340.52  38.41 -1.44 1636   12.81   345.0   34203.   0.43   3.83   2.97  -6.20   -1.74  1.22  0.95  1.41   0.26  342.7    117971.  12.35  343.0  37533.
007 21 41 08 0.97 340.52  38.40 -1.44 1636   12.19   345.8   33453.   0.70   3.42   3.84  -5.56   -2.65  0.29  0.22  0.24   0.21  343.2     63761.  12.70  347.2  39521.
007 21 42 29 0.97 340.52  38.39 -1.44 1636   12.64   349.5   32985.   0.82   3.24   3.72  -5.53   -2.60  0.33  0.39  0.46   0.25  351.8    130146.  11.58  348.3  26186.
007 21 43 50 0.97 340.52  38.37 -1.44 1636   11.42   348.7   30152.   1.31   3.10   3.88  -5.16   -2.87  0.25  0.22  0.28   0.31  351.6    103041.  11.60  349.2  29230.
007 21 45 11 0.97 340.52  38.36 -1.44 1636   11.48   348.5   35067.   0.75   2.80   3.91  -5.05   -3.15  0.19  0.16  0.22   0.25  341.4     86162.  12.03  344.7  36025.
007 21 46 32 0.97 340.52  38.35 -1.44 1636   11.91   346.9   31955.   0.53   3.50   3.72  -4.62   -3.66  0.23  0.23  0.24   0.30  350.3     73103.  11.89  345.9  35834.
007 21 47 53 0.97 340.52  38.34 -1.44 1636   11.72   349.1   34901.   1.09   2.41   3.46  -4.95   -3.43  0.26  0.36  0.38   0.24  344.5    124806.  11.56  347.0  32394.
007 21 49 14 0.97 340.52  38.32 -1.44 1636   10.54   346.6   31250.   0.51   3.03   3.33  -4.86   -3.65  0.24  0.17  0.18   0.37  342.2    171778.  10.75  347.1  34707.
007 21 50 35 0.97 340.52  38.31 -1.44 1636   10.65   348.8   33228.   0.45   2.86   3.31  -4.78   -3.67  0.20  0.20  0.21   0.33  345.7     96336.  10.87  346.8  33930.
007 21 51 56 0.97 340.52  38.30 -1.44 1636   10.53   347.3   32793.   0.44   3.27   3.17  -4.82   -3.71  0.19  0.25  0.27   0.34  347.9     76586.   9.99  348.5  28713.
007 21 53 17 0.97 340.52  38.29 -1.44 1636   10.44   348.5   36318.   0.00   0.00   2.97  -4.85   -3.68  0.19  0.21  0.22   0.31  341.0    108473.  10.43  347.0  32186.
007 21 54 38 0.97 340.52  38.27 -1.44 1636   10.83   347.9   31221.   0.66   3.04   3.17  -4.60   -3.89  0.27  0.35  0.28   0.27  347.3     80133.  10.74  349.6  33193.
007 21 55 59 0.97 340.52  38.26 -1.44 1636   10.41   348.0   33573.   0.34   3.45   3.17  -4.42   -4.00  0.22  0.18  0.22   0.23  348.4    100650.  10.46  346.1  29870.
007 21 57 20 0.97 340.52  38.25 -1.44 1636   10.46   347.4   30081.   0.52   3.79   3.32  -4.04   -4.18  0.34  0.18  0.16   0.36  344.3     54639.  10.53  349.9  33479.
007 21 58 41 0.97 340.52  38.23 -1.44 1636   10.38   346.3   33254.   0.45   3.64   2.97  -4.45   -4.06  0.32  0.26  0.24   0.29  348.3     93413.   9.97  345.8  34174.
007 22 00 02 0.97 340.52  38.22 -1.44 1636    9.75   346.5   30847.   0.65   3.32   2.85  -4.55   -3.86  0.24  0.28  0.21   0.30  341.0     99507.   9.70  347.3  26615.
007 22 01 23 0.97 340.52  38.21 -1.44 1636   10.26   349.2   31737.   0.04   3.36   2.86  -4.91   -3.35  0.20  0.28  0.31   0.28  342.6    108992.  10.39  346.5  33138.
007 22 02 44 0.97 340.52  38.20 -1.44 1636    9.63   347.5   32744.  -0.24   3.08   2.77  -5.71   -2.22  0.24  0.18  0.23   0.33  338.6     77378.   9.77  348.2  28015.
007 22 04 05 0.97 340.52  38.18 -1.44 1636    9.53   349.8   29418.   0.05   3.34   2.67  -5.81   -2.46  0.44  0.26  0.34   0.30  349.2    134434.   8.98  350.7  23350.
007 22 05 26 0.97 340.52  38.17 -1.44 1636    9.40   345.7   30974.   0.42   2.92   3.02  -5.82   -2.20  0.17  0.17  0.19   0.29  340.1    103639.   9.68  346.7  33888.
007 22 06 47 0.97 340.52  38.16 -1.44 1636    9.03   346.9   30708.   0.23   3.14   2.79  -5.71   -2.67  0.27  0.28  0.28   0.35  339.5    100637.   8.79  344.0  24545.
007 22 08 08 0.97 340.52  38.15 -1.44 1636    9.43   346.6   29567.   0.32   2.77   2.71  -5.61   -2.87  0.19  0.36  0.47   0.21  345.8     41164.   9.22  348.7  34365.
007 22 09 29 0.97 340.52  38.13 -1.44 1636    9.32   351.2   31211.   0.72   3.13   2.28  -5.61   -3.14  0.34  0.32  0.28   0.25  346.7    103756.   9.72  352.4  22590.
007 22 10 50 0.97 340.51  38.12 -1.44 1636    9.19   348.7   25318.   0.40   3.40   2.04  -5.50   -3.45  0.30  0.31  0.31   0.33  344.7     52508.   9.69  351.0  33612.
007 22 12 11 0.97 340.51  38.11 -1.44 1636    9.68   350.7   29012.   0.74   3.34   1.62  -5.59   -3.53  0.38  0.37  0.32   0.24  347.5    106420.   9.63  349.9  26267.
007 22 13 32 0.97 340.51  38.10 -1.44 1636    9.44   347.3   27196.   0.08   3.53   2.23  -5.04   -3.67  0.26  0.20  0.19   0.33  348.4     99247.   8.74  346.3  22544.
007 22 14 53 0.97 340.51  38.08 -1.44 1636    9.21   348.6   28538.   0.39   3.48   2.24  -5.20   -3.45  0.32  0.21  0.20   0.28  346.1    107680.  10.08  349.5  26322.
007 22 16 14 0.97 340.51  38.07 -1.44 1636    9.21   345.0   31059.   0.25   3.22   2.86  -5.22   -3.24  0.34  0.17  0.21   0.23  347.4     81082.   9.53  344.1  28466.
007 22 17 35 0.97 340.51  38.06 -1.44 1636    9.24   346.1   30955.   0.72   3.02   2.65  -5.25   -3.40  0.18  0.16  0.22   0.26  341.7     87150.   9.38  345.5  29996.
007 22 18 56 0.97 340.51  38.05 -1.44 1636    9.83   345.2   28011.   0.63   3.00   2.47  -4.97   -3.85  0.20  0.28  0.35   0.30  344.7    148480.   9.15  345.2  21791.
007 22 20 17 0.97 340.51  38.03 -1.44 1636    9.72   347.5   30773.   0.30   3.46   2.36  -4.73   -3.97  0.21  0.16  0.18   0.25  343.7     91620.   9.72  345.8  29275.
007 22 21 38 0.97 340.51  38.02 -1.44 1636    9.32   345.1   27768.   0.18   3.67   2.30  -4.65   -4.04  0.19  0.19  0.21   0.29  346.5     40190.   9.60  344.6  26121.
007 22 22 59 0.97 340.51  38.01 -1.44 1636    9.54   347.8   29645.   0.53   3.60   2.27  -4.49   -4.09  0.21  0.18  0.21   0.27  340.5     73389.   9.08  346.7  20183.
007 22 24 20 0.97 340.51  37.99 -1.44 1636    8.97   346.9   24123.   0.19   3.82   2.20  -4.56   -4.10  0.19  0.20  0.20   0.29  343.7     45582.   9.16  345.8  21206.
007 22 25 41 0.97 340.51  37.98 -1.44 1636    9.43   345.5   28495.   0.50   3.47   2.21  -4.63   -4.16  0.24  0.19  0.23   0.22  341.7     80562.   9.71  345.0  29515.
007 22 26 41 0.97 340.51  37.97 -1.44 1636    9.44   345.3   27709.   0.22   3.48   2.09  -4.35   -4.26  0.25  0.19  0.19   0.32  343.8     48428.   9.36  346.3  21014.
007 22 28 23 0.97 340.51  37.96 -1.44 1636    9.85   345.2   27177.   0.84   3.80   1.91  -4.22   -4.14  0.18  0.20  0.19   0.30  342.8     95583.   9.56  345.3  20566.
007 22 29 44 0.97 340.51  37.94 -1.44 1636   10.27   345.1   26218.   0.63   3.41   2.06  -4.35   -4.19  0.20  0.22  0.20   0.26  344.5     45491.   9.73  345.4  20787.
007 22 31 05 0.97 340.51  37.93 -1.44 1636    9.71   345.5   27378.   0.59   3.29   2.18  -4.49   -3.99  0.18  0.18  0.20   0.22  343.8     90359.   9.95  345.4  28573.
007 22 32 26 0.97 340.51  37.92 -1.44 1636    9.72   343.7   26423.   0.55   3.58   2.06  -4.37   -4.10  0.18  0.17  0.20   0.27  346.1     39514.   9.11  345.2  21690.
007 22 33 47 0.97 340.51  37.91 -1.44 1636    9.54   341.6   23077.   0.57   4.09   2.13  -4.23   -4.11  0.34  0.24  0.22  -1.00   -1.0        -1.   9.36  341.3  25049.
007 22 35 07 0.97 340.51  37.89 -1.44 1636    9.97   344.4   26465.   0.51   3.59   1.97  -4.21   -4.12  0.17  0.15  0.17   0.24  343.8     47246.   9.71  343.2  23597.
007 22 36 29 0.97 340.51  37.88 -1.44 1636   10.30   345.1   27261.   0.38   3.81   1.90  -4.17   -4.12  0.15  0.15  0.14  -1.00   -1.0        -1.  10.15  342.6  25192.
007 22 37 50 0.97 340.51  37.87 -1.44 1636    9.36   343.1   27024.   0.63   3.87   2.10  -4.10   -4.16  0.28  0.18  0.16   0.25  345.6     47752.   9.67  342.5  22109.
007 22 39 11 0.97 340.51  37.86 -1.44 1636   10.03   345.0   28255.   0.58   3.67   2.30  -3.92   -3.96  0.21  0.21  0.19   0.34  341.5     94855.  10.30  345.0  28664.
007 22 40 32 0.97 340.51  37.84 -1.44 1636    9.48   344.2   26585.   0.61   3.95   2.07  -3.95   -3.90  0.21  0.16  0.18   0.32  344.0     49662.   9.36  345.3  21206.
007 22 41 53 0.97 340.51  37.83 -1.44 1636    9.74   345.3   28034.   0.61   3.81   2.00  -3.93   -4.06  0.20  0.19  0.20   0.35  340.7     70024.  10.14  343.8  30938.
007 22 43 14 0.97 340.51  37.82 -1.44 1636    9.51   344.1   26693.   0.46   3.67   1.81  -3.91   -3.92  0.14  0.17  0.17   0.30  342.6     38787.   9.74  342.0  24549.
007 22 44 35 0.97 340.51  37.81 -1.44 1636    9.71   345.8   27706.   0.41   3.76   1.77  -3.94   -3.90  0.18  0.18  0.21   0.27  342.2     95050.  10.60  343.3  26543.
007 22 45 56 0.97 340.51  37.79 -1.44 1636    9.47   343.6   27940.   0.47   3.69   1.86  -3.83   -3.96  0.19  0.17  0.21   0.20  342.5     42802.   9.43  345.4  21528.
007 22 47 17 0.97 340.51  37.78 -1.44 1636    9.09   344.7   22359.   0.14   3.78   1.70  -3.90   -3.97  0.19  0.17  0.20   0.29  340.6     78886.   9.46  346.4  24899.
007 22 48 38 0.97 340.51  37.77 -1.44 1636    9.70   345.4   23330.   0.36   3.73   2.04  -3.74   -3.88  0.27  0.21  0.17   0.22  344.5     36604.   9.76  344.2  24324.
007 22 49 59 0.97 340.51  37.75 -1.44 1636    9.81   345.1   26576.   0.39   3.84   2.22  -3.69   -3.87  0.20  0.16  0.18   0.34  341.2     81549.   9.27  343.8  24279.
007 22 51 20 0.97 340.51  37.74 -1.44 1636    9.09   344.0   27485.   0.77   3.85   2.50  -3.44   -3.88  0.29  0.26  0.19   0.30  337.7     74182.   9.04  344.5  20153.
007 22 52 41 0.97 340.51  37.73 -1.44 1636    9.25   340.7   24805.   0.55   3.70   2.95  -3.02   -3.96  0.20  0.20  0.20   0.35  337.7     60006.   9.74  338.5  28469.
007 22 54 02 0.97 340.51  37.72 -1.44 1636    9.55   338.9   28505.   0.09   3.51   2.67  -3.19   -3.84  0.88  0.31  0.18   0.29  335.3     73454.   9.67  337.0  24893.
007 22 55 06 0.97 340.51  37.71 -1.44 1636    8.95   345.0   26059.  -0.13   3.21   1.34  -3.58   -4.06  0.20  0.16  0.20   0.24  345.4     83914.   9.25  344.3  27453.
007 22 55 23 0.97 340.49  37.69 -1.49 1636   -1.00    -1.0      -1.  -1.00  -1.00   1.35  -3.60   -4.19  0.18  0.15  0.14  -1.00   -1.0        -1.  -1.00   -1.0     -1.
007 22 56 44 0.97 340.51  37.69 -1.44 1636    9.91   343.4   25699.   0.28   3.57   1.64  -3.50   -4.14  0.17  0.17  0.18   0.34  342.1     69751.   9.94  343.0  26088.
007 22 58 05 0.97 340.50  37.68 -1.44 1636    8.96   342.8   22600.   0.26   3.37   1.77  -3.44   -4.12  0.21  0.18  0.16   0.30  338.0     89333.   9.72  343.7  27222.
007 22 59 26 0.97 340.50  37.67 -1.44 1636   10.16   343.4   26839.   0.32   3.84   1.73  -3.25   -4.08  0.19  0.17  0.22   0.23  343.0     39930.   9.29  345.6  22619.
007 23 00 47 0.97 340.50  37.66 -1.44 1636    9.48   343.4   23084.   0.00   0.00   1.72  -3.22   -3.92  0.22  0.22  0.19   0.21  340.9     91464.  10.96  344.2  27898.
007 23 02 08 0.97 340.50  37.64 -1.44 1636    9.92   342.9   26774.   0.38   3.88   1.91  -3.08   -4.00  0.19  0.37  0.26   0.21  344.5     37136.  10.09  343.6  23993.
007 23 03 29 0.97 340.50  37.63 -1.44 1636    9.07   343.8   23119.   0.40   3.75   1.95  -3.16   -3.88  0.18  0.19  0.26   0.31  338.8     79236.   9.57  346.0  23220.
007 23 04 50 0.97 340.50  37.62 -1.44 1636   10.20   343.1   27141.   0.09   3.65   2.12  -2.88   -3.85  0.16  0.17  0.23   0.27  342.3     40047.   9.68  343.1  22408.
007 23 06 11 0.97 340.50  37.60 -1.44 1636    9.29   343.3   24240.   0.12   3.87   2.33  -2.61   -3.88  0.19  0.17  0.19   0.32  339.8     68659.   9.68  343.4  24337.
007 23 07 32 0.97 340.50  37.59 -1.44 1636    9.62   341.9   28606.   0.00   0.00   2.24  -2.70   -3.92  0.27  0.25  0.21   0.33  337.4     69153.   9.56  344.5  21732.
007 23 08 53 0.97 340.50  37.58 -1.44 1636    9.68   345.6   27433.   0.00   0.00   1.83  -3.23   -3.81  0.24  0.21  0.17   0.35  339.1     90060.   9.82  346.0  21027.
007 23 10 14 0.97 340.50  37.57 -1.44 1636    9.18   343.3   25370.   0.38   3.86   1.75  -3.27   -3.78  0.21  0.13  0.20   0.29  338.8     73415.   9.16  344.0  21404.
007 23 11 35 0.97 340.50  37.55 -1.44 1636    8.81   344.1   27160.   0.34   3.93   2.12  -2.82   -3.82  0.20  0.16  0.17   0.33  340.5     70167.   9.81  343.2  31656.
007 23 12 56 0.97 340.50  37.54 -1.44 1636    9.48   342.1   26745.   0.21   3.73   1.73  -3.21   -3.64  0.32  0.32  0.30   0.34  341.0     78314.   9.77  341.5  28466.
007 23 14 17 0.97 340.50  37.53 -1.44 1636    9.02   345.5   28661.   0.19   3.34   1.53  -3.55   -3.41  0.20  0.22  0.21   0.28  340.5     82849.   9.33  345.7  20790.
007 23 15 38 0.97 340.50  37.52 -1.44 1636    9.10   345.2   23090.   0.27   3.30   1.34  -3.94   -3.14  0.13  0.16  0.20   0.23  346.0     40684.   9.22  343.5  25604.
007 23 16 59 0.97 340.50  37.50 -1.44 1636    9.61   346.1   26943.   0.39   3.32   1.24  -3.80   -3.14  0.20  0.19  0.24   0.24  343.2     81601.   9.62  347.0  24500.
007 23 18 20 0.97 340.50  37.49 -1.44 1636    9.49   345.8   23639.   0.12   3.22   1.19  -3.46   -3.36  0.19  0.22  0.24   0.35  344.3     47856.   9.49  344.9  19390.
007 23 19 41 0.97 340.50  37.48 -1.44 1636    9.65   344.1   22242.  -0.04   3.36   1.50  -3.10   -3.59  0.26  0.21  0.20   0.28  343.1     88254.  10.08  343.8  23600.
007 23 21 02 0.97 340.50  37.46 -1.44 1636    9.76   343.3   25897.  -0.06   3.43   1.46  -3.05   -3.63  0.23  0.20  0.20   0.30  343.7     48922.   8.87  343.6  18224.
007 23 22 23 0.97 340.50  37.45 -1.44 1636    9.60   345.3   21573.   0.14   3.35   1.13  -3.17   -3.71  0.28  0.40  0.31   0.28  339.0     68971.   9.95  345.5  28924.
007 23 23 44 0.97 340.50  37.44 -1.44 1636    9.27   347.7   23087.   0.50   3.11   0.37  -4.07   -2.94  0.22  0.18  0.22   0.29  346.1     50169.   9.38  346.5  24022.
007 23 25 05 0.97 340.50  37.43 -1.44 1636    9.24   346.6   26787.   0.07   3.20   0.28  -4.20   -2.76  0.24  0.30  0.31   0.28  343.3     78041.   9.37  344.1  26209.
007 23 26 26 0.97 340.50  37.42 -1.44 1636    9.42   347.5   23873.  -0.10   2.83   0.23  -4.33   -2.61  0.25  0.21  0.22   0.21  348.6     92867.   9.89  349.3  25949.
007 23 27 47 0.97 340.50  37.40 -1.44 1636    8.97   346.8   26254.  -0.19   3.29   0.25  -4.13   -2.91  0.19  0.17  0.21   0.15  345.4     94673.   8.83  348.3  22392.
007 23 28 47 0.97 340.50  37.39 -1.44 1636    9.13   345.7   23408.  -0.37   3.21   0.20  -4.20   -2.08  0.16  0.18  0.45   0.24  344.2     35993.   9.90  348.5  33829.
007 23 30 29 0.97 340.50  37.38 -1.44 1636    9.58   346.2   25777.  -0.22   3.11   0.43  -3.98   -2.95  0.18  0.17  0.14   0.18  342.3     86838.   9.50  344.6  27878.
007 23 32 30 0.97 340.50  37.36 -1.44 1636    8.88   345.5   23103.  -0.15   3.26   0.46  -3.93   -3.03  0.13  0.16  0.12   0.24  344.3     36045.   9.42  344.6  25273.
007 23 32 38 0.97 340.48  37.34 -1.49 1636   -1.00    -1.0      -1.  -1.00  -1.00   0.51  -3.91   -3.02  0.17  0.16  0.15  -1.00   -1.0        -1.  -1.00   -1.0     -1.
007 23 32 48 0.97 340.48  37.34 -1.49 1636   -1.00    -1.0      -1.  -1.00  -1.00   0.67  -3.93   -2.90  0.26  0.18  0.22  -1.00   -1.0        -1.  -1.00   -1.0     -1.
007 23 32 50 0.97 340.50  37.36 -1.44 1636    9.03   345.9   26277.  -0.20   3.17   0.00   0.00    0.00  0.00  0.00  0.00   0.19  340.5     81913.   9.75  343.3  32770.
007 23 32 58 0.97 340.48  37.34 -1.49 1636   -1.00    -1.0      -1.  -1.00  -1.00   0.73  -3.92   -2.83  0.24  0.19  0.22  -1.00   -1.0        -1.  -1.00   -1.0     -1.
007 23 33 09 0.97 340.48  37.34 -1.49 1636   -1.00    -1.0      -1.  -1.00  -1.00   0.81  -3.92   -2.82  0.16  0.19  0.20  -1.00   -1.0        -1.  -1.00   -1.0     -1.
007 23 33 19 0.97 340.48  37.34 -1.49 1636   -1.00    -1.0      -1.  -1.00  -1.00   0.79  -4.18   -3.06  0.11  0.67  0.49  -1.00   -1.0        -1.  -1.00   -1.0     -1.
007 23 33 30 0.97 340.50  37.35 -1.44 1636    9.46   333.1   19907.   0.00   0.00   0.00   0.00    0.00  0.00  0.00  0.00   0.24  329.2     39865.   9.62  334.9  25643.
007 23 38 18 0.97 340.50  37.30 -1.44 1636    9.10   344.8   26228.  -0.24   3.08   0.00   0.00    0.00  0.00  0.00  0.00   0.26  343.1     51144.   8.88  346.1  21336.
