110  0 00 22 0.34  88.47  89.94  4.87 1653   66.37   347.4  298182.   5.08   2.07 -34.56  19.30    2.46  0.58  1.01  1.28  -1.00   -1.0        -1.  56.35  338.1 283961.
110  0 01 03 0.34  88.47  89.94  4.87 1653   67.71   343.1  254221.   5.87   3.07 -34.03  20.47    1.43  0.73  1.17  2.01  10.90  330.3    170193.  54.94  335.2 228685.
110  0 01 43 0.34  88.47  89.93  4.87 1653   69.84   343.7  208814.   6.08   1.95 -33.23  21.44    1.49  0.50  0.65  1.44  -1.00   -1.0        -1.  54.54  327.9 131602.
110  0 02 24 0.34  88.48  89.93  4.87 1653   67.11   347.3  244196.   4.73   5.40 -33.78  17.13    7.61  0.55  2.27  2.72  -1.00   -1.0        -1.  55.64  338.5 214814.
110  0 03 04 0.34  88.48  89.92  4.88 1653   72.33   350.7  198715.   3.61   2.90 -32.13  19.40    1.88  0.86  2.06  4.80  -1.00   -1.0        -1.  64.20  347.6 237219.
110  0 03 45 0.34  88.48  89.92  4.88 1653   79.32   355.8  226616.   4.96   1.40 -31.37  20.31    2.65  0.67  1.19  3.02  -1.00   -1.0        -1.  64.12  347.5 197120.
110  0 04 25 0.34  88.49  89.92  4.88 1653   64.66   359.6  162988.   3.27   0.57 -33.53  18.55    2.08  1.48  2.74  2.81  -1.00   -1.0        -1.  54.50  350.8 146311.
110  0 05 06 0.34  88.49  89.91  4.88 1653   71.16   351.5  225459.   0.00   4.21 -35.01  11.31   10.86  0.95  4.13  2.26  -1.00   -1.0        -1.  59.75  347.7 208418.
110  0 05 46 0.34  88.49  89.91  4.88 1653   70.70   351.0  204380.   0.22   5.31 -34.12  14.13   10.56  1.23  3.52  1.73  -1.00   -1.0        -1.  58.20  353.2 228406.
110  0 06 27 0.34  88.49  89.90  4.88 1653   73.39   361.0  186185.   1.46   4.85 -33.09  16.32   10.33  1.00  2.11  1.53  -1.00   -1.0        -1.  60.08  357.5 167224.
110  0 07 06 0.34  88.50  89.90  4.88 1653   68.48   361.8  154812.   1.25   5.11 -33.27  12.70   12.86  1.75  4.40  0.90  -1.00   -1.0        -1.  57.90  360.6 186932.
110  0 07 47 0.34  88.50  89.89  4.88 1653   66.63   360.1  190262.   0.00   0.00 -35.06   5.29   16.58  1.09  2.75  1.08  -1.00   -1.0        -1.  55.25  357.0 169060.
110  0 08 54 0.34  88.50  89.89  4.88 1653   67.03   353.9  179104.  -0.80   7.59 -21.37   4.37   15.11  0.00  0.00  0.00  -1.00   -1.0        -1.  56.98  356.4 202723.
110  0 30 30 0.34  88.58  89.77  4.89 1653   68.83   377.7  193342.   4.56  -2.12   0.00   0.00    0.00  0.00  0.00  0.00  -1.00   -1.0        -1.  59.59  371.7 219960.
110  0 52 06 0.34  88.65  89.64  4.89 1653   62.94   353.9  171726.  -6.14   8.31   0.00   0.00    0.00  0.00  0.00  0.00  -1.00   -1.0        -1.  53.43  361.8 214018.
110  1 13 42 0.34  88.72  89.52  4.90 1653   86.46   358.7  217332.  -1.11  -0.19   0.00   0.00    0.00  0.00  0.00  0.00  -1.00   -1.0        -1.  75.78  360.1 239470.
110  1 35 18 0.34  88.80  89.39  4.91 1653   79.87   393.6  172883.   4.73  -0.11   0.00   0.00    0.00  0.00  0.00  0.00  -1.00   -1.0        -1.  64.19  386.3 169349.
110  1 56 54 0.34  88.87  89.27  4.92 1653   68.37   406.6  131124.   3.01  -4.44   0.00   0.00    0.00  0.00  0.00  0.00  -1.00   -1.0        -1.  57.82  404.0 136974.
110  2 18 30 0.34  88.95  89.15  4.93 1653   67.90   389.9  151761.   2.92  -4.10   0.00   0.00    0.00  0.00  0.00  0.00  -1.00   -1.0        -1.  54.35  382.3 149013.
110  2 40 06 0.34  89.02  89.02  4.94 1653   75.91   361.6  222331.  -3.76  -0.72   0.00   0.00    0.00  0.00  0.00  0.00  -1.00   -1.0        -1.  65.17  368.3 252428.
110  3 01 42 0.34  89.09  88.90  4.94 1653   69.85   369.9  224426.  -9.02  -1.94   0.00   0.00    0.00  0.00  0.00  0.00  -1.00   -1.0        -1.  57.02  378.0 202392.
110  3 23 18 0.34  89.17  88.78  4.95 1653   70.33   382.2  242471. -10.36   0.94   0.00   0.00    0.00  0.00  0.00  0.00  -1.00   -1.0        -1.  58.15  392.2 212332.
110  3 44 54 0.34  89.24  88.65  4.96 1653   78.60   396.7  304049.  -2.33   9.94   0.00   0.00    0.00  0.00  0.00  0.00  -1.00   -1.0        -1.  63.77  400.0 294278.
110  4 06 30 0.34  89.32  88.53  4.97 1653   74.95   457.4  199208.   0.95  -5.11   0.00   0.00    0.00  0.00  0.00  0.00  -1.00   -1.0        -1.  63.93  455.2 232983.
110  4 28 06 0.34  89.39  88.40  4.98 1653   71.41   437.8  211780.   0.01  -5.05   0.00   0.00    0.00  0.00  0.00  0.00  -1.00   -1.0        -1.  62.06  438.0 219193.
110  4 49 42 0.34  89.46  88.28  4.98 1653   72.59   425.2  222253.   4.84  -1.53   0.00   0.00    0.00  0.00  0.00  0.00  -1.00   -1.0        -1.  61.38  420.4 218085.
110  5 11 18 0.34  89.54  88.15  4.99 1653   73.49   400.3  289184.  -2.57   0.00   0.00   0.00    0.00  0.00  0.00  0.00  -1.00   -1.0        -1.  64.71  403.3 333100.
110  5 32 54 0.34  89.61  88.03  5.00 1653   72.90   415.6  288252.   0.93   5.93   0.00   0.00    0.00  0.00  0.00  0.00  -1.00   -1.0        -1.  60.00  411.0 289421.
110  5 54 30 0.34  89.69  87.90  5.01 1653   80.83   439.4  277977.   2.41   2.37   0.00   0.00    0.00  0.00  0.00  0.00  -1.00   -1.0        -1.  69.80  433.5 276808.
110  6 16 06 0.34  89.76  87.78  5.02 1653   71.17   419.0  283344.   1.77   0.00   0.00   0.00    0.00  0.00  0.00  0.00  -1.00   -1.0        -1.  61.52  413.3 273052.
110  6 59 14 0.34  89.91  87.53  5.03 1653   72.80   401.1  310488.  -0.64   3.43   0.00   0.00    0.00  0.00  0.00  0.00  -1.00   -1.0        -1.  60.21  399.9 290633.
110  7 08 47 0.34  89.91  87.44  4.93 1653   -1.00    -1.0      -1.  -1.00  -1.00 -23.77  -2.68   14.09  1.30  0.85  1.71  -1.00   -1.0        -1.  -1.00   -1.0     -1.
110  7 30 23 0.34  89.98  87.32  4.94 1653   -1.00    -1.0      -1.  -1.00  -1.00 -23.53 -12.18    0.56  0.00  0.00  0.00  -1.00   -1.0        -1.  -1.00   -1.0     -1.
110  7 44 35 0.34  90.06  87.27  5.05 1653   72.90   462.8  291650.   3.20  -1.33 -18.82  17.29   -4.13  1.74  1.63  3.59  -1.00   -1.0        -1.  60.23  459.7 271133.
110  7 45 16 0.34  90.06  87.26  5.05 1653   70.73   455.4  248556.   2.94  -0.12   0.00   0.00    0.00  0.00  0.00  0.00  -1.00   -1.0        -1.  58.95  448.7 248637.
110  7 45 57 0.34  90.06  87.26  5.05 1653   66.66   448.0  258389.   4.07   1.12   0.00   0.00    0.00  0.00  0.00  0.00  -1.00   -1.0        -1.  57.09  444.2 283532.
110  7 46 38 0.34  90.07  87.26  5.05 1653   70.73   440.1  280355.   4.17   0.85   0.00   0.00    0.00  0.00  0.00  0.00  -1.00   -1.0        -1.  59.77  433.4 287524.
110  7 47 18 0.34  90.07  87.25  5.05 1653   69.33   448.3  239340.   5.73   0.71   0.00   0.00    0.00  0.00  0.00  0.00  -1.00   -1.0        -1.  58.67  440.6 280404.
110  7 47 59 0.34  90.07  87.25  5.05 1653   62.57   407.0  310848.  -2.16   2.91   0.00   0.00    0.00  0.00  0.00  0.00  -1.00   -1.0        -1.  55.19  410.6 331258.
110  7 48 39 0.34  90.07  87.24  5.05 1653   69.56   414.1  296282.   0.00   1.47   0.00   0.00    0.00  0.00  0.00  0.00  -1.00   -1.0        -1.  57.82  410.3 291533.
110  7 49 20 0.34  90.08  87.24  5.05 1653   69.85   410.1  301645.   0.33   3.97 -18.15  14.73   -6.72  4.77  2.30  7.76  -1.00   -1.0        -1.  58.12  412.4 319343.
110  7 50 00 0.34  90.08  87.24  5.05 1653   65.17   431.0  276265.   2.29   0.00 -12.74  16.30  -16.28  3.86  1.90  2.87  -1.00   -1.0        -1.  54.60  428.6 301691.
110  7 50 41 0.34  90.08  87.23  5.05 1653   75.88   442.5  288850.   2.44  -1.85  -9.22  13.69  -17.10  8.54  3.89  6.49  -1.00   -1.0        -1.  63.75  439.4 270265.
110  7 51 21 0.34  90.08  87.23  5.05 1653   73.96   415.8  316364.   0.31  -2.00 -18.75  14.10  -10.86  3.48  2.99  4.47  -1.00   -1.0        -1.  63.02  417.7 366806.
110  7 51 59 0.34  90.05  87.19  4.95 1653   -1.00    -1.0      -1.  -1.00  -1.00 -12.20  14.96  -12.92  4.20  3.29  6.95  -1.00   -1.0        -1.  -1.00   -1.0     -1.
110  7 52 02 0.34  90.09  87.23  5.05 1653   73.71   437.0  302159.   0.92  -3.86   0.00   0.00    0.00  0.00  0.00  0.00  -1.00   -1.0        -1.  60.89  433.4 294450.
110  7 52 42 0.34  90.09  87.22  5.05 1653   71.52   463.5  295460.  -1.18  -1.08   3.10   7.42  -20.53  6.44  6.13  3.05  -1.00   -1.0        -1.  58.56  463.5 260370.
110  7 53 23 0.34  90.09  87.22  5.05 1653   73.40   456.5  282847.  -1.88  -1.34   0.74   4.16  -24.71  3.70  2.13  1.21  -1.00   -1.0        -1.  64.77  458.4 341744.
110  7 54 03 0.34  90.09  87.21  5.05 1653   66.19   449.4  251950.   0.10  -0.74  -1.19  11.60  -20.54  3.85  2.75  2.96  -1.00   -1.0        -1.  58.11  451.6 269625.
110  7 54 44 0.34  90.09  87.21  5.05 1653   68.13   469.3  258187.   1.01   1.49   8.51   6.45  -19.61  2.47  5.20  1.74  -1.00   -1.0        -1.  57.07  468.8 283681.
110  7 55 24 0.34  90.10  87.21  5.05 1653   67.43   466.4  303948.  -0.91  -4.44   3.58  10.06  -18.25  6.66  4.19  6.73  -1.00   -1.0        -1.  56.18  471.2 340555.
110  7 56 05 0.34  90.10  87.20  5.05 1653   65.83   422.5  284347.   3.22   1.63 -16.04  19.46   -2.35  2.66  1.53  5.36  -1.00   -1.0        -1.  56.81  419.1 309003.
110  7 56 45 0.34  90.10  87.20  5.05 1653   68.32   426.8  289051.   2.47   4.81 -16.86  19.45    2.83  1.01  0.80  2.66  -1.00   -1.0        -1.  56.06  420.8 282983.
110  7 57 26 0.34  90.10  87.19  5.05 1653   63.77   417.2  273442.   2.02   2.50 -19.59  16.77    0.67  2.15  2.79  3.98  -1.00   -1.0        -1.  52.49  416.7 302194.
110  7 58 06 0.34  90.11  87.19  5.05 1653   70.20   418.8  293937.   1.37   5.56 -19.47  16.42    3.88  1.63  2.87  3.97  -1.00   -1.0        -1.  59.28  412.4 288593.
110  7 58 47 0.34  90.11  87.19  5.05 1653   69.93   417.4  335829.   1.18   3.06 -20.38  17.04   -0.41  1.10  1.19  1.39  -1.00   -1.0        -1.  57.99  413.8 311780.
110  7 59 27 0.34  90.11  87.18  5.05 1653   70.00   419.6  302740.   2.29   2.52 -20.73  16.46   -1.44  1.60  2.12  2.63  -1.00   -1.0        -1.  58.32  413.2 303003.
110  8 00 08 0.34  90.11  87.18  5.05 1653   71.05   426.3  315458.   2.83   3.06 -18.91  18.55   -0.40  1.48  1.20  1.81  -1.00   -1.0        -1.  59.14  421.8 299992.
110  8 00 48 0.34  90.11  87.17  5.05 1653   68.57   431.1  281479.   4.79   2.17 -15.46  20.85   -0.18  2.60  1.52  0.90  -1.00   -1.0        -1.  56.18  422.1 273939.
110  8 01 29 0.34  90.12  87.17  5.05 1653   64.43   434.5  241744.   3.45   3.08 -13.61  21.96    0.65  2.87  1.29  0.60  -1.00   -1.0        -1.  55.97  429.3 278123.
110  8 02 09 0.34  90.12  87.17  5.06 1653   61.75   431.3  272231.   3.50   3.61 -15.41  21.33    0.74  1.98  1.16  1.23  -1.00   -1.0        -1.  50.93  426.8 254663.
110  8 02 50 0.34  90.12  87.16  5.06 1653   63.45   427.1  256820.   2.94   2.40 -16.56  21.01   -1.94  1.92  1.48  3.57  -1.00   -1.0        -1.  55.25  423.2 293186.
110  8 03 30 0.34  90.12  87.16  5.06 1653   63.92   433.0  270671.   2.84   4.81 -18.13  19.11    1.84  2.35  1.55  3.81  -1.00   -1.0        -1.  53.94  431.0 302006.
110  8 04 11 0.34  90.13  87.15  5.06 1653   67.29   427.6  291715.   1.92   3.34 -17.91  19.35    5.27  1.56  1.06  2.33  -1.00   -1.0        -1.  56.67  421.6 293290.
110  8 04 51 0.34  90.13  87.15  5.06 1653   70.24   426.7  271012.   3.51   1.52 -16.43  20.90   -1.21  2.80  1.55  3.29  -1.00   -1.0        -1.  56.92  419.8 250557.
110  8 05 32 0.34  90.13  87.15  5.06 1653   76.92   430.4  338288.   2.00  -0.82 -14.53  16.30  -15.82  2.37  5.13  5.35  -1.00   -1.0        -1.  63.33  426.4 320028.
110  8 06 12 0.34  90.13  87.14  5.06 1653   65.03   436.7  239002.   2.08  -2.19  -9.59  22.14  -16.20  2.13  1.95  3.16  -1.00   -1.0        -1.  55.24  430.5 234896.
110  8 06 53 0.34  90.13  87.14  5.06 1653   77.90   443.5  273267.   1.57  -1.94   0.60  21.74  -16.62  6.17  2.53  3.69  -1.00   -1.0        -1.  63.06  440.4 256846.
110  8 07 33 0.34  90.14  87.14  5.06 1653   67.65   455.1  244394.   2.70  -1.07  -4.82  23.61  -14.21  4.08  1.17  2.00  -1.00   -1.0        -1.  56.78  452.8 245600.
110  8 08 14 0.34  90.14  87.13  5.06 1653   65.95   438.7  234461.   1.87  -1.28 -12.38  21.88  -13.73  3.54  2.53  1.52  -1.00   -1.0        -1.  54.74  435.5 260491.
110  8 08 54 0.34  90.14  87.13  5.06 1653   65.28   428.3  278000.   1.63  -1.28 -19.54  16.57  -13.31  3.32  4.80  2.19  -1.00   -1.0        -1.  53.41  423.7 248195.
110  8 09 35 0.34  90.14  87.12  5.06 1653   69.00   409.0  282220.   0.15   0.06 -22.26  14.58  -12.46  3.50  2.18  2.80  -1.00   -1.0        -1.  58.96  410.7 310328.
110  8 14 40 0.34  90.13  87.06  4.96 1653   -1.00    -1.0      -1.  -1.00  -1.00 -17.96  15.59   11.56  0.95  0.64  0.93  -1.00   -1.0        -1.  -1.00   -1.0     -1.
110  8 45 20 0.34  90.27  86.92  5.07 1653   60.10   444.0  246844.  -3.77   8.68   0.00   0.00    0.00  0.00  0.00  0.00  -1.00   -1.0        -1.  51.69  449.0 278565.
110  8 46 01 0.34  90.27  86.91  5.07 1653   63.67   427.1  293475.   0.00   4.74 -16.95  17.74    4.51  2.70  2.45  6.64  -1.00   -1.0        -1.  54.13  424.1 288768.
110  8 46 41 0.34  90.27  86.91  5.07 1653   64.39   424.9  293622.   1.76  -0.26 -20.22  15.67   -8.62  1.92  1.11  1.70  -1.00   -1.0        -1.  54.74  424.6 313882.
110  8 47 22 0.34  90.27  86.90  5.07 1653   66.32   420.1  307687.  -0.46  -2.68 -25.98   7.82   -9.22  2.73  4.13  1.98  -1.00   -1.0        -1.  56.81  417.8 303094.
110  8 48 03 0.34  90.28  86.90  5.07 1653   70.33   412.2  301934.   0.00  -0.28 -28.92   4.88   -7.58  0.31  0.79  1.41  -1.00   -1.0        -1.  58.25  408.3 280407.
110  8 48 44 0.34  90.28  86.90  5.07 1653   -1.00    -1.0      -1.  -1.00  -1.00 -26.78   7.86   -9.80  1.83  2.10  1.79  -1.00   -1.0        -1.  57.15  410.7 312797.
110  8 49 24 0.34  90.28  86.89  5.07 1653   66.91   419.8  311985.  -0.60  -3.09 -21.37   8.13  -12.99  1.15  4.99  4.92  -1.00   -1.0        -1.  58.84  419.2 363480.
110  8 50 05 0.34  90.28  86.89  5.07 1653   64.15   429.1  307018.  -2.58  -5.00 -16.35   1.66  -17.99  2.32  4.40  2.55  -1.00   -1.0        -1.  53.25  427.9 301730.
110  8 50 45 0.34  90.28  86.88  5.07 1653   67.61   441.1  284753.  -3.95  -1.73  -4.52   3.86  -20.45  1.10  3.98  2.69  -1.00   -1.0        -1.  58.13  446.0 294089.
110  8 51 26 0.34  90.29  86.88  5.07 1653   64.14   456.8  259510.   0.00   0.08  -8.92   8.13  -20.90  4.50  4.76  2.65  -1.00   -1.0        -1.  56.41  456.8 295629.
110  8 52 06 0.34  90.29  86.88  5.07 1653   65.88   432.4  309263.   0.00  -3.26 -15.08   1.77  -18.67  1.95  1.35  2.91  -1.00   -1.0        -1.  55.87  435.2 331625.
110  8 52 47 0.34  90.29  86.87  5.07 1653   69.37   428.4  303179.  -3.91  -0.87 -18.64   2.01  -21.32  1.92  1.23  1.58  -1.00   -1.0        -1.  58.56  429.4 299628.
110  8 53 27 0.34  90.29  86.87  5.07 1653   67.81   413.9  292446.  -5.62   0.83 -23.01  -7.06  -16.55  1.70  4.77  2.61  -1.00   -1.0        -1.  57.36  415.3 285686.
110  8 54 08 0.34  90.30  86.87  5.07 1653   71.67   420.2  328744.  -8.21  -2.30 -25.40  -9.66  -11.18  0.99  1.91  1.52  -1.00   -1.0        -1.  59.16  426.4 322367.
110  8 54 48 0.34  90.30  86.86  5.07 1653   94.22   436.2  432617.   0.00  -3.20 -13.40   7.52  -17.48  8.29  8.96  3.68  -1.00   -1.0        -1.  83.64  432.8 440588.
110  8 55 29 0.34  90.30  86.86  5.07 1653   63.18   423.7  314233.  -4.02  -2.29 -14.37   4.91  -19.34  5.86  9.08  3.85  -1.00   -1.0        -1.  53.53  422.6 309214.
110  8 56 09 0.34  90.30  86.85  5.07 1653   80.55   458.5  353679.   0.00  -5.72  -8.71 -14.75  -22.04  2.92  3.13  0.70  -1.00   -1.0        -1.  68.56  454.8 346292.
110  8 56 50 0.34  90.30  86.85  5.07 1653   64.95   443.6  246841. -10.02   1.02 -12.66 -19.14  -18.75  4.12  1.17  1.99  -1.00   -1.0        -1.  54.82  450.7 243449.
110  8 57 30 0.34  90.31  86.85  5.08 1653   65.68   427.8  249651. -10.46  -0.43 -20.40 -18.42  -10.26  2.67  1.73  3.28  -1.00   -1.0        -1.  56.68  437.5 287930.
110  8 57 52 0.34  90.28  86.81  4.98 1653   -1.00    -1.0      -1.  -1.00  -1.00 -22.16 -16.96   -7.44  1.37  2.03  3.58  -1.00   -1.0        -1.  -1.00   -1.0     -1.
110  8 58 11 0.34  90.31  86.84  5.08 1653   64.65   430.8  290883.   0.00  -2.42 -22.46 -16.44   -8.05  1.79  2.24  3.64  -1.00   -1.0        -1.  55.85  427.6 291419.
110  8 58 51 0.34  90.31  86.84  5.08 1653   67.39   411.1  296087.  -9.33   0.87 -25.83 -13.26   -3.15  0.52  0.91  2.02  -1.00   -1.0        -1.  57.34  416.6 283525.
110  8 59 32 0.34  90.31  86.83  5.08 1653   70.70   413.7  317050.  -8.22   1.67 -23.12 -14.03   -3.16  1.74  3.69  3.16  -1.00   -1.0        -1.  58.47  418.7 321737.
110  9 00 12 0.34  90.32  86.83  5.08 1653   67.61   416.1  302207.  -9.42   2.47 -23.35 -10.76    5.71  1.28  3.08  4.46  -1.00   -1.0        -1.  56.24  427.5 317280.
110  9 00 53 0.34  90.32  86.82  5.08 1653   65.83   423.8  253669.   0.00   6.41 -22.18  -9.30   12.65  1.44  1.99  2.21  -1.00   -1.0        -1.  56.09  423.1 288755.
110  9 01 33 0.34  90.32  86.82  5.08 1653   66.86   418.9  285276.  -7.47   7.04 -21.69  -8.09   14.44  0.79  1.07  1.66  -1.00   -1.0        -1.  53.84  425.3 255761.
110  9 02 14 0.34  90.32  86.82  5.08 1653   67.26   406.5  276668.  -8.04   4.27 -22.38 -10.03   11.22  1.95  2.02  3.21  -1.00   -1.0        -1.  56.96  416.8 300719.
110  9 02 54 0.34  90.32  86.81  5.08 1653   65.07   425.6  276073.  -6.76   7.28 -17.28  -6.24   15.63  3.55  3.08  5.99  -1.00   -1.0        -1.  52.92  431.9 246058.
110  9 03 35 0.34  90.33  86.81  5.08 1653   65.18   410.2  284964.  -9.71   0.00 -20.49 -14.80    4.01  2.84  4.43  4.36  -1.00   -1.0        -1.  56.07  421.3 303588.
110  9 04 15 0.34  90.33  86.81  5.08 1653   69.59   418.0  291468.  -4.93   7.81 -23.04  -6.94    8.20  1.73  4.01  3.38  -1.00   -1.0        -1.  57.30  418.8 286787.
110  9 04 56 0.34  90.33  86.80  5.08 1653   62.28   420.7  311420.  -9.71   0.00 -16.51  -9.57   11.16  3.27  6.83  5.91  -1.00   -1.0        -1.  54.92  427.3 312736.
110  9 05 36 0.34  90.33  86.80  5.08 1653   65.12   425.0  285705. -10.51   0.00 -18.33 -19.55   -6.28  2.48  2.16  3.13  -1.00   -1.0        -1.  55.60  437.0 295265.
110  9 06 17 0.34  90.34  86.80  5.08 1653   65.17   418.7  299433. -10.32  -1.43 -20.70 -17.98   -5.05  1.71  1.95  2.90  -1.00   -1.0        -1.  55.97  425.9 297455.
110  9 06 57 0.34  90.34  86.79  5.08 1653   66.73   419.2  287112.  -9.44   5.45 -18.66 -14.58    9.06  1.99  3.25  7.66  -1.00   -1.0        -1.  56.41  431.4 321344.
110  9 07 38 0.34  90.34  86.79  5.08 1653   67.57   418.8  348443. -10.52   0.00 -17.67 -18.83   -6.03  2.70  1.84  9.13  -1.00   -1.0        -1.  56.94  430.2 323790.
110  9 08 18 0.34  90.34  86.78  5.08 1653   69.04   424.0  310978. -11.02  -0.70 -12.46 -21.97  -13.19  4.66  2.09  4.12  -1.00   -1.0        -1.  59.24  436.2 320395.
110  9 08 59 0.34  90.34  86.78  5.08 1653   62.98   438.8  249696. -12.84  -1.66 -10.06 -24.56  -12.85  2.66  1.13  4.15  -1.00   -1.0        -1.  52.60  449.4 243543.
110  9 09 39 0.34  90.35  86.78  5.08 1653   69.04   417.3  304225. -11.97   1.20 -17.31 -22.74   -5.76  1.76  1.19  2.74  -1.00   -1.0        -1.  58.36  427.3 290130.
110  9 10 20 0.34  90.35  86.77  5.08 1653   62.47   425.4  268014. -12.54  -1.75 -11.75 -24.80  -12.73  3.03  1.32  2.69  -1.00   -1.0        -1.  52.91  438.6 259730.
110  9 11 00 0.34  90.35  86.77  5.08 1653   68.38   446.6  282782.  -9.67  -3.24  -7.29 -19.60  -20.64  1.90  3.66  2.48  -1.00   -1.0        -1.  55.50  455.1 254543.
110  9 11 41 0.34  90.35  86.76  5.08 1653   66.32   430.5  285010. -10.87  -1.15 -12.20 -12.87  -21.27  2.49  7.40  5.51  -1.00   -1.0        -1.  54.50  441.4 260676.
110  9 12 21 0.34  90.36  86.76  5.08 1653   66.50   445.3  305300.  -4.90  -5.55  -9.33  -2.70  -26.96  4.34  2.42  1.75  -1.00   -1.0        -1.  57.06  448.4 313470.
110  9 13 02 0.34  90.36  86.76  5.08 1653   69.61   426.7  292907.  -5.05  -1.45 -14.38   1.60  -24.93  4.54  2.45  1.64  -1.00   -1.0        -1.  59.19  427.2 297698.
110  9 13 42 0.34  90.36  86.75  5.08 1653   65.86   449.6  259058.  -1.78  -1.17 -11.80   6.51  -20.20 10.38  6.19  7.15  -1.00   -1.0        -1.  56.89  453.6 271548.
110  9 14 23 0.34  90.36  86.75  5.08 1653   65.28   399.5  289905.  -4.05   0.00 -27.88   3.37   -2.25  1.61  3.85  4.49  -1.00   -1.0        -1.  55.21  401.6 265763.
110  9 15 03 0.34  90.37  86.74  5.08 1653   64.87   410.2  309919.  -4.14   7.38 -19.92  -4.88    9.59  4.87  8.63  2.92  -1.00   -1.0        -1.  55.03  410.4 303698.
110  9 15 44 0.34  90.37  86.74  5.08 1653   62.68   429.3  290786. -10.74   3.84 -15.84 -16.59    7.89  2.11  3.58  5.29  -1.00   -1.0        -1.  51.52  437.5 294762.
110  9 16 24 0.34  90.37  86.74  5.08 1653   66.76   422.7  285302.  -9.65   5.29 -19.33 -13.95   10.11  1.93  2.18  2.93  -1.00   -1.0        -1.  56.32  434.3 305800.
110  9 17 05 0.34  90.37  86.73  5.08 1653   64.97   426.1  254806.  -8.99   7.05 -16.48  -8.69   16.94  2.69  3.68  2.38  -1.00   -1.0        -1.  55.46  434.2 275612.
110  9 17 45 0.34  90.37  86.73  5.08 1653   62.84   418.1  275063.  -7.84   6.29 -17.07 -11.59   12.91  2.46  2.77  2.77  -1.00   -1.0        -1.  52.10  424.5 252129.
110  9 18 26 0.34  90.38  86.73  5.08 1653   63.79   429.6  275239. -10.55   4.65 -17.39 -13.78    6.30  3.55  4.01  1.77  -1.00   -1.0        -1.  51.59  439.2 252451.
110  9 19 06 0.34  90.38  86.72  5.08 1653   64.02   415.9  320230.  -3.23   1.20 -15.58  11.32   -4.39  4.67 13.58  7.24  -1.00   -1.0        -1.  59.01  415.5 304621.
110  9 19 28 0.34  90.35  86.69  4.98 1653   -1.00    -1.0      -1.  -1.00  -1.00 -13.57  21.13   -7.54  2.75  1.27  3.51  -1.00   -1.0        -1.  -1.00   -1.0     -1.
110  9 19 47 0.34  90.38  86.72  5.08 1653   65.94   428.2  249930.   0.00  -1.81 -13.37  18.87    0.28  1.03  1.94  1.75  -1.00   -1.0        -1.  54.23  428.2 284558.
110  9 20 27 0.34  90.38  86.71  5.08 1653   71.29   439.8  289737.   3.57   0.95 -11.43  19.97   -3.80  2.26  1.50  4.47  -1.00   -1.0        -1.  58.42  437.2 303136.
110  9 21 08 0.34  90.39  86.71  5.08 1653   62.22   433.1  292394.   0.74  -3.34 -12.07  16.79  -14.52  2.72  1.83  2.07  -1.00   -1.0        -1.  52.85  428.3 283295.
110  9 21 48 0.34  90.39  86.70  5.08 1653   62.69   436.2  262592.   0.00   0.00 -11.00  12.30   -9.39  3.99  8.30 10.78  -1.00   -1.0        -1.  55.71  433.9 305017.
110  9 22 29 0.34  90.39  86.70  5.08 1653   76.47   437.9  349187.   0.00   0.00 -14.40  10.63  -10.68  6.63  3.20 11.59  -1.00   -1.0        -1.  63.36  439.3 391657.
110  9 23 09 0.34  90.39  86.70  5.08 1653   63.91   409.7  314132.  -0.04   0.00 -23.98   9.03    7.07  1.11  2.80  3.79  -1.00   -1.0        -1.  57.19  406.5 291120.
110  9 23 50 0.34  90.39  86.69  5.08 1653   65.47   407.6  255637.   0.69   3.77 -23.54  12.88    7.60  1.36  2.35  1.69  -1.00   -1.0        -1.  53.98  403.6 248244.
110  9 24 30 0.34  90.40  86.69  5.09 1653   63.25   413.6  265194.   0.96   4.10 -23.39  12.67    8.63  1.02  1.71  1.52  -1.00   -1.0        -1.  51.64  408.0 251444.
110  9 25 11 0.34  90.40  86.69  5.09 1653   63.70   403.7  244908.  -1.69   5.06 -25.71   6.66    8.91  0.94  2.74  0.77  -1.00   -1.0        -1.  51.04  403.5 224127.
110  9 25 51 0.34  90.40  86.68  5.09 1653   63.74   399.6  217013.  -1.99   5.57 -25.96   6.26    8.73  0.41  1.72  1.00  -1.00   -1.0        -1.  54.17  400.7 247305.
110  9 26 32 0.34  90.40  86.68  5.09 1653   66.38   403.5  264772.  -1.19   4.99 -24.43   8.56    9.30  0.85  2.03  1.12  -1.00   -1.0        -1.  54.05  402.8 236247.
110  9 27 12 0.34  90.41  86.67  5.09 1653   63.08   408.0  275609.  -2.36   6.01 -24.25   8.25   10.85  0.80  2.13  0.70  -1.00   -1.0        -1.  53.41  406.1 264402.
110  9 27 53 0.34  90.41  86.67  5.09 1653   64.37   405.3  255147.  -2.15   6.55 -24.10   8.77    9.91  1.02  3.48  1.28  -1.00   -1.0        -1.  53.68  404.9 232378.
110  9 28 33 0.34  90.41  86.67  5.09 1653   64.01   410.3  297088.  -1.69   5.13 -25.32   7.67    6.26  1.05  2.02  4.39  -1.00   -1.0        -1.  53.90  409.4 284877.
110  9 29 14 0.34  90.41  86.66  5.09 1653   66.73   405.3  281031.  -0.74   1.36 -26.55   9.91    0.06  0.33  0.61  1.00  -1.00   -1.0        -1.  55.91  407.1 303257.
110  9 29 54 0.34  90.41  86.66  5.09 1653   65.86   406.6  298426.  -1.13   0.61 -26.70   8.87   -1.32  0.36  0.65  1.39  -1.00   -1.0        -1.  56.64  403.9 281891.
110  9 30 35 0.34  90.42  86.65  5.09 1653   68.51   410.5  273952.   1.32   0.89 -24.40  12.44   -1.61  0.92  1.16  0.66  -1.00   -1.0        -1.  56.52  405.7 242325.
110  9 31 15 0.34  90.42  86.65  5.09 1653   64.00   409.4  281287.  -0.09   0.34 -24.59  11.74   -0.97  0.98  2.14  3.90  -1.00   -1.0        -1.  53.72  406.0 276275.
110  9 31 56 0.34  90.42  86.64  5.09 1653   63.12   416.3  283129.   0.78  -0.04 -21.02   1.85    0.21  2.31 15.43  5.82  25.64  345.6    125676.  55.06  416.8 310212.
110  9 32 36 0.34  90.43  86.64  5.09 1653   64.00   429.9  275944.   0.00   4.18 -21.53 -14.14    8.31  1.06  1.56  2.25  -1.00   -1.0        -1.  54.67  432.0 291338.
110  9 33 17 0.34  90.43  86.64  5.09 1653   69.15   425.3  263586.   0.00   6.79 -22.89  -8.71   10.30  1.80  3.70  2.37  -1.00   -1.0        -1.  56.73  423.9 298199.
110  9 33 57 0.34  90.43  86.63  5.09 1653   65.12   401.9  305232.  -4.42   3.10 -25.83   6.69    3.44  0.88  3.82  3.00  -1.00   -1.0        -1.  54.05  403.4 297201.
110  9 34 38 0.34  90.43  86.63  5.09 1653   67.79   398.9  274459.  -4.45   0.13 -24.29  10.93   -3.50  2.86  5.15  2.45  -1.00   -1.0        -1.  54.70  401.0 241633.
110  9 35 18 0.34  90.44  86.63  5.09 1653   72.50   417.7  311761.   0.19  -0.95 -19.57  14.12  -12.09  3.18  1.10  4.31  -1.00   -1.0        -1.  61.86  413.5 295356.
110  9 35 59 0.34  90.44  86.62  5.09 1653   67.37   428.5  264093.   0.21  -4.80 -15.60   7.95  -22.03  1.54  5.23  3.07  -1.00   -1.0        -1.  58.01  427.5 296497.
110  9 36 39 0.34  90.44  86.62  5.09 1653   59.05   422.2  274495.   0.00  -4.76 -20.10   3.52  -19.72  2.22  2.51  2.49  -1.00   -1.0        -1.  50.04  418.0 269499.
110  9 37 20 0.34  90.44  86.62  5.09 1653   64.73   400.0  278685.  -7.97   0.00 -25.78  -4.94   -7.10  1.15  3.63  6.07  -1.00   -1.0        -1.  55.13  411.1 302526.
110  9 38 00 0.34  90.45  86.61  5.09 1653   72.67   426.5  336518.  -5.35   0.00 -16.19  -2.40  -21.55  6.43  3.95  6.09  -1.00   -1.0        -1.  57.83  429.8 327818.
110  9 38 41 0.34  90.45  86.61  5.09 1653   64.59   437.6  284484.  -9.36  -0.61 -10.67  -6.67  -25.86  1.74  1.62  1.07  -1.00   -1.0        -1.  53.44  448.0 256807.
110  9 39 21 0.34  90.45  86.60  5.09 1653   63.46   436.4  234526.  -6.24  -2.18 -16.41  -6.59  -22.21  2.82  1.45  2.75  -1.00   -1.0        -1.  53.38  437.4 236852.
110  9 39 59 0.34  90.42  86.57  4.99 1653   -1.00    -1.0      -1.  -1.00  -1.00 -22.89  -5.79  -13.46  1.62  2.42  3.14  -1.00   -1.0        -1.  -1.00   -1.0     -1.
110  9 40 02 0.34  90.45  86.60  5.09 1653   57.11   408.8  271922.  -7.74   2.24   0.00   0.00    0.00  0.00  0.00  0.00  -1.00   -1.0        -1.  49.07  418.6 288405.
110  9 40 42 0.34  90.45  86.59  5.09 1653   58.17   411.2  313577.  -8.48   1.04 -24.81  -3.93    0.20  1.65  3.96  8.57  -1.00   -1.0        -1.  48.71  417.7 290990.
110  9 41 23 0.34  90.46  86.59  5.09 1653   69.64   408.1  252032.   0.00   3.22 -26.13   3.74    4.69  0.58  1.74  1.32  -1.00   -1.0        -1.  56.85  409.7 283451.
110  9 42 03 0.34  90.46  86.59  5.09 1653   64.76   408.1  277831.  -3.77   4.51 -25.26   5.86    4.14  0.95  2.71  1.71  -1.00   -1.0        -1.  55.36  408.5 274543.
110  9 42 44 0.34  90.46  86.58  5.09 1653   64.51   400.7  265480.  -5.08   2.55 -26.84   1.33    2.24  0.91  3.23  2.68  -1.00   -1.0        -1.  52.88  403.7 233061.
110  9 43 24 0.34  90.46  86.58  5.09 1653   62.11   397.8  225781.  -3.85   1.42 -25.93   6.38    0.64  1.26  3.30  3.50  -1.00   -1.0        -1.  54.01  401.6 265649.
110  9 44 05 0.34  90.47  86.58  5.09 1653   62.89   410.1  264434.   0.00   1.28 -21.90  14.78   -0.07  1.21  2.05  2.45  -1.00   -1.0        -1.  53.26  410.3 284896.
110  9 44 45 0.34  90.47  86.57  5.09 1653   61.32   401.7  226632.   0.00  -0.42 -23.23   7.85    4.39  1.64  3.56  8.00  -1.00   -1.0        -1.  54.04  401.7 269690.
110  9 45 26 0.34  90.47  86.57  5.09 1653   63.78   409.4  275193.  -2.67   6.26 -21.20  10.27    6.94  4.33  6.55  2.21  -1.00   -1.0        -1.  54.09  414.2 294586.
110  9 46 06 0.34  90.47  86.57  5.09 1653   61.66   394.3  219664.  -5.15   0.00 -28.15  -1.90   -0.50  0.24  2.22  1.83  -1.00   -1.0        -1.  52.09  394.7 195307.
110  9 46 47 0.34  90.47  86.56  5.09 1653   64.37   396.5  243209.  -3.60  -0.06 -25.51   9.03   -5.19  1.90  4.21  2.26  -1.00   -1.0        -1.  52.16  398.5 218257.
110  9 47 27 0.34  90.48  86.56  5.09 1653   61.73   398.2  211393.  -2.59   0.36 -25.97   7.49    1.94  0.88  1.60  4.34  -1.00   -1.0        -1.  51.69  395.6 191714.
110  9 48 08 0.34  90.48  86.55  5.09 1653   62.89   400.1  265480.  -2.88   2.54 -25.62   8.61    2.97  0.51  1.07  1.00  -1.00   -1.0        -1.  52.32  401.2 232138.
110  9 48 48 0.34  90.48  86.55  5.09 1653   62.06   406.6  276876.  -0.65   2.27 -24.54  11.35    1.20  1.04  1.40  2.96  -1.00   -1.0        -1.  50.95  402.6 264438.
110  9 49 29 0.34  90.45  86.51  4.99 1653   -1.00    -1.0      -1.  -1.00  -1.00 -24.75  11.00   -2.78  0.65  1.34  1.68  -1.00   -1.0        -1.  -1.00   -1.0     -1.
110 10 01 35 0.34  90.49  86.44  5.00 1653   -1.00    -1.0      -1.  -1.00  -1.00   6.28  -4.54  -25.54  0.00  0.00  0.00  -1.00   -1.0        -1.  -1.00   -1.0     -1.
110 10 55 48 0.34  90.70  86.16  5.12 1653   63.50   416.6  293573.  -3.06  -0.59   0.00   0.00    0.00  0.00  0.00  0.00  -1.00   -1.0        -1.  53.47  418.2 294476.
110 11 17 24 0.34  90.78  86.03  5.13 1653   58.57   456.6  225622.  -4.36  -5.35   4.68  -3.94  -26.05  1.60  0.60  0.51  -1.00   -1.0        -1.  49.87  458.5 201352.
110 11 29 04 0.34  90.78  85.93  5.03 1653   -1.00    -1.0      -1.  -1.00  -1.00 -25.76   7.01    5.22  0.06  1.75  1.10  -1.00   -1.0        -1.  -1.00   -1.0     -1.
110 11 39 00 0.34  90.85  85.91  5.13 1653   63.71   415.2  266364.  -9.82   6.75 -23.52  -8.25    8.67  0.00  0.00  0.00  -1.00   -1.0        -1.  52.12  424.0 237813.
110 12 00 36 0.34  90.92  85.78  5.14 1653   57.72   410.8  223877. -11.30   1.75 -24.48  -9.88   -1.51  1.21  2.35  1.26  -1.00   -1.0        -1.  49.26  420.0 265750.
110 12 22 12 0.34  91.00  85.66  5.15 1653   55.58   467.4  236358.   0.00   0.00 -13.95  -9.50  -10.62  0.00  0.00  0.00  -1.00   -1.0        -1.  47.10  462.4 239002.
110 12 43 48 0.34  91.07  85.53  5.16 1653   58.65   401.0  230459.  -5.05  -1.58 -30.43   0.30   -6.44  0.00  0.00  0.00  -1.00   -1.0        -1.  49.62  402.6 214207.
110 13 05 24 0.34  91.14  85.40  5.16 1653   57.09   397.4  212439.   0.98  -0.42   0.00   0.00    0.00  0.00  0.00  0.00  -1.00   -1.0        -1.  47.78  392.7 203899.
110 13 27 00 0.34  91.21  85.28  5.17 1653   53.12   417.3  257258.   1.54  -3.83   0.00   0.00    0.00  0.00  0.00  0.00  -1.00   -1.0        -1.  44.38  413.0 234415.
110 13 48 36 0.34  91.28  85.15  5.18 1653   53.33   384.4  211429.  -4.69   0.82   0.00   0.00    0.00  0.00  0.00  0.00  -1.00   -1.0        -1.  43.95  387.2 189301.
110 14 10 12 0.34  91.36  85.03  5.19 1653   56.19   380.8  127450.   0.00   0.00 -30.43   0.30   -6.64  0.00  0.00  0.20  -1.00   -1.0        -1.  49.51  380.3 154260.
110 14 31 48 0.34  91.43  84.90  5.19 1653   57.88   381.5  148256.   0.00   0.00 -30.72  -0.29   -9.94  0.00  0.00  0.00  -1.00   -1.0        -1.  49.63  380.8 130718.
110 14 53 24 0.34  91.50  84.77  5.20 1653   63.19   386.6  160233.  -1.12   0.03 -30.13   7.29   -4.72  0.10  0.30  0.00  -1.00   -1.0        -1.  51.25  384.2 149936.
110 15 15 00 0.34  91.57  84.65  5.21 1653   57.84   370.5  105627.  -4.09   2.54 -31.75   2.47    1.46  0.00  0.00  0.00  -1.00   -1.0        -1.  49.30  376.0 122366.
110 15 36 36 0.34  91.64  84.52  5.22 1653   57.45   373.9  128629.  -4.15  -1.34 -29.09  -0.56  -14.74  0.00  0.00  0.00  -1.00   -1.0        -1.  47.08  374.4 116035.
110 15 58 12 0.34  91.72  84.40  5.23 1653   59.84   372.8  148084.  -4.15   1.38 -31.61  -1.49   -3.56  0.00  0.00  0.00  -1.00   -1.0        -1.  48.82  375.8 133021.
110 16 19 48 0.34  91.79  84.27  5.23 1653   58.61   376.8  164011.  -2.70  -0.32 -32.11  -1.29   -4.36  0.00  0.00  0.00  -1.00   -1.0        -1.  51.16  375.5 156524.
110 16 41 24 0.34  91.86  84.14  5.24 1653   60.44   399.9  135477.   4.57  -0.21 -24.51  18.52   -0.76  0.00  0.00  0.00  -1.00   -1.0        -1.  51.42  392.3 151969.
110 17 03 00 0.34  91.93  84.02  5.25 1653   52.90   354.8  170875.   1.06  -0.76 -31.27  13.16   -6.70  0.00  0.00  0.00  -1.00   -1.0        -1.  47.88  354.6 216906.
110 17 24 36 0.34  92.00  83.89  5.25 1653   51.64   344.9   90171.   1.95  -0.94 -31.47  13.46   -7.50  0.00  0.00  0.00  -1.00   -1.0        -1.  43.40  339.6  88387.
110 17 46 12 0.34  92.07  83.76  5.26 1653   49.39   345.6   75702.   2.30   0.46 -32.76  12.97   -5.11  0.00  0.00  0.00  -1.00   -1.0        -1.  41.88  341.6  84762.
110 18 07 48 0.34  92.14  83.63  5.27 1653   46.73   346.9   64852.   0.08   2.04 -33.18  10.65    1.38  0.00  0.00  0.00   3.86  347.2    263229.  40.83  342.1  63400.
110 18 29 24 0.34  92.22  83.51  5.28 1653   54.84   336.8  125488.   0.00   0.00 -36.27   4.86    1.25  0.00  0.00  0.00  -1.00   -1.0        -1.  45.33  335.7 107547.
110 20 24 23 0.34  92.59  82.83  5.32 1653   -1.00    -1.0      -1.  -1.00  -1.00 -37.51   3.18   -1.77  0.25  0.17  0.28  -1.00   -1.0        -1.  -1.00   -1.0     -1.
110 20 24 45 0.34  92.59  82.83  5.32 1653   61.47   339.6  160903.   0.00   0.00   0.00   0.00    0.00  0.00  0.00  0.00  -1.00   -1.0        -1.  51.91  339.9 147080.
110 20 25 26 0.34  92.60  82.82  5.32 1653   55.00   341.1  134093.  -3.93   0.57 -35.93   2.71    0.66  7.53  1.09  4.77  -1.00   -1.0        -1.  46.77  346.0 154536.
110 20 26 06 0.34  92.60  82.82  5.32 1653   50.02   345.0  106767.  -3.57   0.70 -38.28   3.19    0.06  0.16  0.67  0.97  -1.00   -1.0        -1.  44.25  348.8 121450.
110 20 26 47 0.34  92.60  82.81  5.32 1653   51.10   345.2  129279.  -3.24   0.20 -38.12   3.00   -0.24  0.23  0.90  1.31  -1.00   -1.0        -1.  42.92  347.2 108788.
110 20 27 28 0.34  92.60  82.81  5.32 1653   55.35   347.0  144771.  -4.74   0.97 -38.18  -0.54    1.18  0.29  0.93  0.88  -1.00   -1.0        -1.  46.02  349.5 136240.
110 20 28 09 0.34  92.61  82.81  5.32 1653   57.65   345.9  129269.  -5.39   2.94 -37.79  -2.90    4.14  0.42  1.10  1.65  -1.00   -1.0        -1.  50.14  353.5 139489.
110 20 28 49 0.34  92.61  82.80  5.32 1653   53.37   350.4  126969.  -5.70   3.66 -37.62  -2.77    5.97  0.33  0.47  1.38  -1.00   -1.0        -1.  44.03  354.1 108947.
110 20 29 30 0.34  92.61  82.80  5.32 1653   51.10   347.9  113313.  -6.02   2.35 -37.34  -2.12    5.92  0.53  0.71  2.06  -1.00   -1.0        -1.  46.46  352.6 141756.
110 20 30 10 0.34  92.61  82.80  5.32 1653   55.79   349.8  128967.  -5.12   3.13 -36.55  -3.06    8.61  0.53  1.64  1.70  -1.00   -1.0        -1.  45.28  352.9 111955.
110 20 30 51 0.34  92.61  82.79  5.32 1653   51.84   352.8  149585.  -5.28   2.13 -37.29  -2.84    7.25  0.37  1.01  1.28  -1.00   -1.0        -1.  44.99  358.1 188407.
110 20 31 31 0.34  92.62  82.79  5.32 1653   51.95   347.9  140840.  -5.25   2.30 -37.69  -1.74    6.48  0.36  1.74  0.56  -1.00   -1.0        -1.  42.15  353.2 120804.
110 20 32 12 0.34  92.62  82.78  5.32 1653   52.59   347.7  112234.  -5.22   2.40 -37.30  -0.79    6.89  0.16  0.56  0.45  -1.00   -1.0        -1.  44.28  347.6 109021.
110 20 32 52 0.34  92.62  82.78  5.32 1653   55.99   347.1  126121.  -6.34   3.15 -36.98  -4.51    7.81  0.35  1.84  1.14  -1.00   -1.0        -1.  45.69  352.5 109551.
110 20 33 33 0.34  92.62  82.78  5.32 1653   50.44   346.6  106939.  -5.85   4.13 -36.69  -0.44   10.24  0.42  1.15  0.84  -1.00   -1.0        -1.  42.71  350.1  97603.
110 20 34 13 0.34  92.63  82.77  5.32 1653   52.95   349.1  127171.  -4.34   5.00 -35.41   3.82   11.78  0.65  1.84  0.94  -1.00   -1.0        -1.  43.08  352.0 109522.
110 20 34 54 0.34  92.63  82.77  5.32 1653   50.94   348.2  109402.  -2.57   3.96 -36.73   3.29    7.45  0.88  4.01  1.98  -1.00   -1.0        -1.  43.01  346.7 102265.
110 20 35 34 0.34  92.63  82.76  5.32 1653   51.49   346.5   99854.  -2.14   3.92 -35.76   7.03    9.74  0.26  1.22  1.03  -1.00   -1.0        -1.  43.44  349.6 110071.
110 20 36 15 0.34  92.63  82.76  5.32 1653   53.49   346.1  126082.  -1.92   2.81 -35.99   6.75    8.34  0.39  1.44  1.56  -1.00   -1.0        -1.  42.77  346.9 109535.
110 20 36 55 0.34  92.63  82.75  5.32 1653   48.89   344.6   95989.  -4.50   3.69 -36.64   3.94    7.87  0.37  1.72  1.43  -1.00   -1.0        -1.  40.83  349.8 102352.
110 20 37 36 0.34  92.64  82.75  5.32 1653   52.04   347.6  109678.  -3.34   3.09 -36.51   5.13    7.38  0.18  0.51  0.47  -1.00   -1.0        -1.  42.84  347.2 102177.
110 20 38 16 0.34  92.64  82.75  5.32 1653   54.23   349.3  133128.  -2.75   3.63 -35.89   5.92    8.91  0.26  0.43  0.56  -1.00   -1.0        -1.  46.13  347.6 127746.
110 20 38 57 0.34  92.64  82.74  5.32 1653   51.04   349.4  108359.  -3.33   3.82 -35.60   5.37    9.78  0.29  0.45  0.71  -1.00   -1.0        -1.  42.50  349.0 102453.
110 20 39 37 0.34  92.64  82.74  5.32 1653   52.20   345.3  103230.  -3.46   4.03 -36.14   4.62    8.42  0.31  0.91  1.04  -1.00   -1.0        -1.  45.37  350.8 112069.
110 20 40 18 0.34  92.65  82.74  5.32 1653   51.20   341.5  116737.  -4.28   0.80 -37.31   3.15    5.29  0.37  0.97  1.43  -1.00   -1.0        -1.  44.20  345.3 105432.
110 20 40 58 0.34  92.65  82.73  5.32 1653   51.91   341.9  102486.  -3.32   2.04 -36.09   8.49    6.25  0.67  2.12  0.56  -1.00   -1.0        -1.  45.79  345.4 123302.
110 20 41 39 0.34  92.65  82.73  5.32 1653   53.09   344.2  120070.  -2.08   0.81 -36.21  10.23    4.34  0.34  0.77  0.68  -1.00   -1.0        -1.  45.27  344.8 109281.
110 20 42 19 0.34  92.65  82.72  5.32 1653   50.48   344.2  102122.  -1.48   1.25 -35.89  10.93    4.69  0.43  1.14  1.87  -1.00   -1.0        -1.  45.07  345.0 122915.
110 20 43 00 0.34  92.66  82.72  5.32 1653   52.16   343.1  118426.  -2.33   1.57 -35.22  10.61    8.37  0.80  0.83  2.12  -1.00   -1.0        -1.  43.26  343.2 103132.
110 20 43 40 0.34  92.66  82.72  5.32 1653   52.91   351.9  125433.  -1.57   3.63 -33.39  11.80   12.82  1.28  1.25  2.88  -1.00   -1.0        -1.  43.31  351.2 106442.
110 20 44 21 0.34  92.66  82.71  5.32 1653   53.67   350.2  107511.  -1.43   3.49 -33.08  12.80   12.61  0.54  0.33  1.94  -1.00   -1.0        -1.  44.36  346.8 102291.
110 20 45 01 0.34  92.66  82.71  5.32 1653   49.80   346.0  103584.  -1.24   3.25 -33.01  13.55   11.91  0.35  0.61  1.18  -1.00   -1.0        -1.  42.22  348.5 106709.
110 20 45 42 0.34  92.66  82.70  5.32 1653   51.42   347.7  121801.  -0.83   3.36 -32.74  14.16   11.93  0.45  0.49  0.99  -1.00   -1.0        -1.  43.62  346.6 112556.
110 20 46 22 0.34  92.67  82.70  5.32 1653   49.99   352.6  129620.  -0.07   2.94 -31.86  16.59   12.02  0.42  0.91  0.42  -1.00   -1.0        -1.  41.28  349.3 119218.
110 20 47 03 0.34  92.67  82.70  5.32 1653   49.25   350.6  110175.  -0.13   2.60 -31.61  16.92   11.39  0.44  0.40  0.87  -1.00   -1.0        -1.  40.21  347.8 102625.
110 20 47 43 0.34  92.67  82.69  5.32 1653   51.60   355.1  131657.   1.17   2.24 -31.41  18.20    9.87  0.59  1.01  0.71  -1.00   -1.0        -1.  40.38  352.6 108924.
110 20 48 24 0.34  92.67  82.69  5.32 1653   48.59   352.4  106679.   0.51   2.21 -31.20  19.22    7.97  0.34  0.53  1.57  -1.00   -1.0        -1.  40.83  347.2 108343.
110 20 49 04 0.34  92.68  82.69  5.32 1653   48.44   345.2  105010.  -0.80   3.34 -32.31  15.66   10.23  0.64  1.46  1.39  -1.00   -1.0        -1.  43.65  345.4 121307.
110 20 49 45 0.34  92.68  82.68  5.32 1653   50.81   346.3  123094.  -0.35   1.15 -32.24  16.46    9.01  0.30  0.35  0.89  -1.00   -1.0        -1.  42.18  344.1 111861.
110 20 50 25 0.34  92.68  82.68  5.33 1653   48.88   346.3  102362.   0.67   1.22 -32.32  16.84    7.14  0.26  0.51  1.46  -1.00   -1.0        -1.  41.43  345.1 117506.
110 20 51 06 0.34  92.68  82.67  5.33 1653   51.00   345.4  120758.   0.06   0.51 -32.77  18.03    0.58  0.70  0.90  1.06  -1.00   -1.0        -1.  41.41  343.0 103077.
110 20 51 46 0.34  92.68  82.67  5.33 1653   49.10   347.1  102089.   0.83   0.82 -32.77  18.11   -0.24  0.36  0.61  1.63  -1.00   -1.0        -1.  42.08  345.6 115262.
110 20 52 27 0.34  92.69  82.66  5.33 1653   47.11   344.6  124305.   0.46   0.23 -33.10  17.91   -0.86  0.55  0.62  1.12  -1.00   -1.0        -1.  38.40  342.4 107862.
110 20 53 07 0.34  92.69  82.66  5.33 1653   49.06   347.6  106101.   1.31   0.59 -33.23  17.53    0.03  0.50  0.81  1.31  -1.00   -1.0        -1.  41.54  346.9 114914.
110 20 53 48 0.34  92.69  82.66  5.33 1653   49.55   344.2  124465.  -0.16   0.64 -33.81  16.17    1.62  0.52  0.76  0.90  -1.00   -1.0        -1.  40.78  342.9 105705.
110 20 54 28 0.34  92.69  82.65  5.33 1653   48.32   344.0  104191.   0.31   0.79 -33.34  17.31    0.40  0.46  0.67  0.45  -1.00   -1.0        -1.  41.70  343.0 119472.
110 20 55 09 0.34  92.69  82.65  5.33 1653   49.86   348.7  120979.   1.20   0.12 -33.40  17.12   -0.77  1.04  1.75  0.84  -1.00   -1.0        -1.  40.31  345.4 106296.
110 20 55 49 0.34  92.69  82.64  5.33 1653   49.41   346.0  106124.   1.31   0.70 -31.82  19.06    2.03  0.91  1.37  1.95  -1.00   -1.0        -1.  42.57  344.2 125719.
110 20 56 30 0.34  92.70  82.64  5.33 1653   57.00   338.8   93322.   3.72   4.66 -31.35  19.54   -3.14  1.26  0.54  4.85  -1.00   -1.0        -1.  49.88  333.8 115216.
110 20 57 10 0.34  92.70  82.64  5.33 1653   47.19   350.2  102723.   2.14   0.00 -31.44  18.27   -8.54  1.12  1.92  1.98  -1.00   -1.0        -1.  40.22  349.1 104909.
110 20 57 51 0.34  92.70  82.63  5.33 1653   54.40   336.7  133905.  -0.52  -4.45 -33.21  10.92  -13.72  0.62  2.00  1.41  -1.00   -1.0        -1.  47.08  334.7 122233.
110 20 58 31 0.34  92.70  82.63  5.33 1653   -1.00    -1.0      -1.  -1.00  -1.00 -31.67  17.84   -6.88  0.86  1.59  1.95  -1.00   -1.0        -1.  42.98  339.1 135993.
110 20 59 12 0.34  92.71  82.63  5.33 1653   49.08   343.4  119907.   0.89  -0.62 -32.41  17.86   -3.76  0.38  0.45  1.15  -1.00   -1.0        -1.  40.39  342.2 104493.
110 20 59 52 0.34  92.71  82.62  5.33 1653   47.68   347.0  100842.   1.73  -1.00 -32.11  18.12   -4.85  0.66  1.14  1.00  -1.00   -1.0        -1.  38.95  342.2  94790.
110 21 00 33 0.34  92.71  82.62  5.33 1653   -1.00    -1.0      -1.  -1.00  -1.00 -32.34  17.29   -6.39  0.50  0.64  0.46  -1.00   -1.0        -1.  37.64  344.0 100140.
110 21 01 13 0.34  92.71  82.61  5.33 1653   49.52   355.3  122727.   2.17  -2.73 -29.72  20.17   -8.58  1.11  0.97  1.73  -1.00   -1.0        -1.  40.30  352.3 107875.
110 21 01 54 0.34  92.71  82.61  5.33 1653   46.69   356.8  105127.   3.28  -2.31 -28.24  22.05   -8.09  0.87  0.96  0.72  -1.00   -1.0        -1.  39.44  348.6 102317.
110 21 02 34 0.34  92.72  82.60  5.33 1653   57.76   356.3  125183.   6.42  -0.04 -22.81  26.35   -5.34  3.62  2.43  2.41  -1.00   -1.0        -1.  47.22  348.3 105802.
110 21 03 15 0.34  92.72  82.60  5.33 1653   47.22   348.9  100098.   4.76  -1.58 -25.66  24.49   -6.73  1.80  1.38  1.02  -1.00   -1.0        -1.  40.03  340.7  90476.
110 21 03 55 0.34  92.72  82.59  5.33 1653   52.96   352.9  134454.   4.64  -1.46 -26.75  22.99   -8.48  1.69  1.92  1.98  -1.00   -1.0        -1.  45.65  344.0 128574.
110 21 04 36 0.34  92.72  82.59  5.33 1653   48.89   346.3  122642.   3.12  -3.29 -28.95  20.07  -10.41  1.29  1.28  2.02  -1.00   -1.0        -1.  40.53  342.3 107267.
110 21 05 16 0.34  92.73  82.59  5.33 1653   44.42   335.6  102323.   0.00  -2.71 -32.00  16.45   -7.19  0.93  1.51  2.46  -1.00   -1.0        -1.  38.99  331.8  96837.
110 21 05 57 0.34  92.73  82.58  5.33 1653   46.00   324.3   92451.  -0.93  -0.70 -31.23  16.58   -6.00  3.27  4.86  3.79  -1.00   -1.0        -1.  38.33  323.2  87533.
110 21 06 37 0.34  92.73  82.58  5.33 1653   47.51   353.2  122048.   3.69  -4.86 -27.77  19.43  -13.70  2.32  2.15  2.21  -1.00   -1.0        -1.  39.83  347.5 104490.
110 21 07 18 0.34  92.73  82.58  5.33 1653   44.57   348.1  112377.   3.26  -5.48 -32.96  11.03   -9.54  3.60  5.67  3.84  -1.00   -1.0        -1.  38.71  342.5  97288.
110 21 07 58 0.34  92.73  82.57  5.33 1653   49.44   339.5  122779.   1.07  -5.02 -32.12  12.94  -11.32  1.56  1.82  2.77  -1.00   -1.0        -1.  44.31  339.7 132758.
110 21 08 39 0.34  92.74  82.57  5.33 1653   51.49   338.2  136477.   2.57   2.49 -29.89  17.97    3.16  0.90  1.10  2.14  -1.00   -1.0        -1.  48.20  334.9 166263.
110 21 09 19 0.34  92.74  82.56  5.33 1653   50.03   338.1  101596.   3.12   3.70 -31.08  17.34   -0.01  1.16  1.40  4.08  -1.00   -1.0        -1.  42.61  332.3  95355.
110 21 10 00 0.34  92.74  82.56  5.33 1653   52.33   344.1  113222.   3.93  -0.42 -29.22  21.03   -3.37  1.14  1.27  0.88  -1.00   -1.0        -1.  42.57  337.1 102070.
110 21 10 40 0.34  92.74  82.56  5.33 1653   49.66   326.9  105591.   0.80   0.87 -33.91  12.25   -1.67  1.08  2.43  1.59  -1.00   -1.0        -1.  40.52  324.4  90827.
110 21 11 21 0.34  92.75  82.55  5.33 1653   46.00   328.3   94995.   0.76  -1.56 -33.20  13.85   -5.52  0.44  0.87  1.28  -1.00   -1.0        -1.  41.41  324.3  90794.
110 21 12 01 0.34  92.75  82.55  5.33 1653   49.20   329.6  110422.   1.49  -0.97 -33.19  14.56   -4.69  0.32  0.43  0.41  -1.00   -1.0        -1.  40.38  327.1  95180.
110 21 12 42 0.34  92.75  82.54  5.33 1653   45.86   332.1   94715.   1.57  -0.54 -33.41  14.55   -4.56  0.41  0.69  0.64  -1.00   -1.0        -1.  41.06  328.4 109340.
110 21 13 22 0.34  92.75  82.54  5.33 1653   47.70   331.2  113069.   0.93  -1.41 -33.57  13.48   -6.52  0.23  0.77  1.08  -1.00   -1.0        -1.  42.27  328.0 100796.
110 21 14 03 0.34  92.76  82.54  5.33 1653   46.10   329.4   93942.   0.73  -3.85 -33.93  11.16   -8.56  0.68  0.82  2.38  -1.00   -1.0        -1.  40.72  328.5 114277.
110 21 14 43 0.34  92.76  82.53  5.33 1653   49.79   328.5  116473.  -0.05  -0.65 -34.46  11.49   -2.51  0.28  0.19  0.49  -1.00   -1.0        -1.  43.16  325.8 119650.
110 21 15 24 0.34  92.76  82.53  5.33 1653   46.77   327.3   99932.  -0.86  -0.60 -34.32  11.41   -1.31  0.56  0.94  1.28  -1.00   -1.0        -1.  41.18  328.6 117770.
110 21 16 04 0.34  92.76  82.53  5.33 1653   51.14   325.0  116876.   0.00   0.00 -33.94  11.81   -2.66  0.42  1.15  0.92  -1.00   -1.0        -1.  43.88  324.1 104701.
110 21 16 45 0.34  92.76  82.52  5.33 1653   50.82   329.9  136900.  -0.04   0.18 -35.10   8.30   -1.90  0.86  1.97  3.62  -1.00   -1.0        -1.  43.25  326.6 130530.
110 21 17 25 0.34  92.77  82.52  5.33 1653   47.49   320.4   87416.  -1.49  -0.27 -34.83   7.60   -3.41  0.75  2.68  2.61  -1.00   -1.0        -1.  40.82  322.6 100420.
110 21 18 06 0.34  92.77  82.51  5.33 1653   50.84   329.2  187514.  -3.99  -1.54 -33.77   9.88   -5.28  1.69  3.91  4.39  -1.00   -1.0        -1.  41.89  327.6 125962.
110 21 18 46 0.34  92.77  82.51  5.33 1653   46.22   333.1  118055.  -0.44   0.06 -34.53  11.84   -2.74  0.39  0.83  0.32  -1.00   -1.0        -1.  38.52  331.1 104168.
110 21 19 27 0.34  92.77  82.50  5.33 1653   43.53   331.7  102495.   0.02  -0.51 -33.90  12.81   -3.32  0.18  0.30  0.62  -1.00   -1.0        -1.  37.55  330.1 114420.
110 21 20 07 0.34  92.78  82.50  5.34 1653   48.05   328.2  109996.   1.39   0.70 -33.93  12.03   -3.65  0.33  0.75  1.37  -1.00   -1.0        -1.  40.10  323.6  93072.
110 21 20 48 0.34  92.78  82.50  5.34 1653   45.37   326.2   99526.  -0.07  -0.85 -34.01  11.23   -2.77  0.26  0.29  3.24  -1.00   -1.0        -1.  40.74  325.0 122340.
110 21 21 28 0.34  92.78  82.49  5.34 1653   45.79   328.1  119839.   0.49   1.83 -34.18  11.11   -0.18  0.33  0.73  1.74  -1.00   -1.0        -1.  37.82  326.3  99569.
110 21 22 09 0.34  92.78  82.49  5.34 1653   46.97   327.5   99640.  -0.13   1.65 -34.74   9.94    0.26  0.29  0.68  0.43  -1.00   -1.0        -1.  39.04  323.4  94118.
110 21 22 49 0.34  92.78  82.48  5.34 1653   48.53   326.1  113306.  -0.32   1.19 -34.43  10.53    0.66  0.23  0.50  0.77   3.34  335.2    178977.  41.14  322.3 107589.
110 21 23 30 0.34  92.79  82.48  5.34 1653   46.75   325.6  101709.  -0.77   1.58 -34.40  10.33    0.40  0.19  0.49  0.72  -1.00   -1.0        -1.  42.39  326.2 126462.
110 21 24 10 0.34  92.79  82.48  5.34 1653   49.50   325.2  119579.  -0.98   1.71 -34.28   9.19    1.57  0.19  0.44  0.41  -1.00   -1.0        -1.  42.56  324.9 107654.
110 21 24 51 0.34  92.79  82.47  5.34 1653   47.24   323.1   97684.  -0.76   1.86 -34.39   9.76    1.34  0.17  0.35  0.48  -1.00   -1.0        -1.  40.85  321.2  90005.
110 21 25 31 0.34  92.79  82.47  5.34 1653   48.23   326.6  116350.  -0.38   1.41 -33.98  11.40    0.29  0.42  0.93  0.51  -1.00   -1.0        -1.  40.08  325.1 100566.
110 21 26 12 0.35  92.80  82.47  5.34 1653   48.24   326.0   95381.   0.04   1.02 -33.89  11.95   -0.24  0.35  0.88  0.46  -1.00   -1.0        -1.  40.16  322.5  91873.
110 21 26 52 0.35  92.80  82.46  5.34 1653   47.15   327.4  111893.   0.85   0.82 -33.10  13.40   -0.72  0.31  0.62  0.55  -1.00   -1.0        -1.  39.22  324.5  97811.
110 21 27 33 0.35  92.80  82.46  5.34 1653   47.89   323.4   94774.   0.46   1.04 -33.45  12.35   -0.56  0.25  0.55  0.50  -1.00   -1.0        -1.  41.27  320.0  86844.
110 21 28 13 0.35  92.80  82.45  5.34 1653   48.55   320.4   83999.   0.50   1.51 -31.91  10.62    1.66  6.62  3.12  4.52  -1.00   -1.0        -1.  41.10  321.3  96924.
110 21 28 54 0.35  92.80  82.45  5.34 1653   48.60   323.2   91230.   1.10   0.98 -32.13  13.78   -0.45  1.24  2.15  0.63  -1.00   -1.0        -1.  39.99  318.7  83161.
110 21 29 34 0.35  92.81  82.44  5.34 1653   47.67   322.0   83131.   1.08   1.20 -32.14  13.82   -1.09  0.97  1.74  1.49  -1.00   -1.0        -1.  42.55  321.7  93595.
110 21 30 15 0.35  92.81  82.44  5.34 1653   47.56   324.8   94761.   0.80   0.07 -33.29   8.93    0.64  0.76  3.96  2.32  -1.00   -1.0        -1.  42.13  320.2  89472.
110 21 30 55 0.35  92.81  82.44  5.34 1653   54.75   348.1  129548.  -3.92   1.79 -33.57  -1.95    3.36  0.23  2.19  0.33  -1.00   -1.0        -1.  43.94  351.2 114739.
110 21 31 36 0.35  92.81  82.43  5.34 1653   54.62   346.6  115505.  -5.31   2.20 -33.82  -2.11    3.79  0.33  0.44  0.51  -1.00   -1.0        -1.  47.33  350.5 134980.
110 21 32 16 0.35  92.82  82.43  5.34 1653   50.81   339.1  106104.  -4.62   1.94 -34.27  -1.14    3.19  0.22  0.51  0.51  -1.00   -1.0        -1.  44.54  342.7 122499.
110 21 32 57 0.35  92.82  82.42  5.34 1653   53.66   336.9  134031.  -4.83   2.08 -34.25  -0.41    3.44  0.22  1.95  0.82  -1.00   -1.0        -1.  44.96  338.9 121892.
110 21 33 37 0.35  92.82  82.42  5.34 1653   54.10   334.8  163446.  -1.87   1.57 -33.93   5.49    0.87  0.57  3.06  1.07  -1.00   -1.0        -1.  44.16  335.4 139901.
110 21 34 18 0.35  92.82  82.42  5.34 1653   48.55   321.6   90060.  -1.22   1.42 -34.35   6.39    1.27  0.42  1.98  0.58  -1.00   -1.0        -1.  42.85  320.5  83495.
110 21 34 58 0.35  92.82  82.41  5.34 1653   49.78   325.2   82969.   2.20  -0.04 -31.60  13.92   -2.85  0.79  1.56  2.13  -1.00   -1.0        -1.  41.57  324.0  93185.
110 21 35 39 0.35  92.83  82.41  5.34 1653   48.95   331.1   94439.   2.46   1.67 -29.86  16.36    3.59  1.19  1.42  2.50  -1.00   -1.0        -1.  41.74  325.1  85311.
110 21 36 19 0.35  92.83  82.41  5.34 1653   50.33   331.3  116519.   2.23  -0.25 -30.66  15.35    2.66  1.13  1.42  2.94  -1.00   -1.0        -1.  42.20  325.4  98308.
110 21 37 00 0.35  92.83  82.40  5.34 1653   50.25   326.0   92708.   1.35   0.39 -32.43  12.19    1.72  0.45  1.18  1.97   5.22  321.5    159616.  43.03  320.8  88313.
110 21 37 40 0.35  92.83  82.40  5.34 1653   51.26   326.7  113712.   1.60   1.62 -32.74  11.29    2.13  0.56  1.45  0.83  -1.00   -1.0        -1.  43.81  321.8 106020.
110 21 38 21 0.35  92.84  82.39  5.34 1653   49.91   329.6   95488.   2.31   1.57 -32.64  11.76    1.36  0.38  1.30  1.26  -1.00   -1.0        -1.  41.98  323.9  86438.
110 21 39 01 0.35  92.84  82.39  5.34 1653   51.31   328.0   85815.   2.37   2.63 -31.66  14.07    2.35  0.35  1.05  0.87  -1.00   -1.0        -1.  43.29  326.1  89225.
110 21 39 42 0.35  92.84  82.38  5.34 1653   48.95   325.3   94602.   1.37   1.89 -31.95  13.77    1.13  0.60  1.28  0.99  -1.00   -1.0        -1.  41.13  321.0  86253.
110 21 40 22 0.35  92.84  82.38  5.34 1653   51.82   328.2   85204.   2.90   1.80 -32.87  10.66    1.85  1.15  3.34  0.62  -1.00   -1.0        -1.  43.51  326.0  92022.
110 21 41 03 0.35  92.85  82.38  5.34 1653   49.52   322.0   93653.  -0.66   1.43 -33.73   9.05   -0.38  0.57  1.74  2.41   3.70  333.0    194180.  42.25  319.4  88430.
110 21 41 43 0.35  92.85  82.37  5.34 1653   47.40   321.8   85847.  -0.11  -1.55 -34.53   6.51   -0.97  0.32  1.11  2.06  -1.00   -1.0        -1.  40.22  321.5  88001.
110 21 42 24 0.35  92.85  82.37  5.34 1653   51.44   321.7   97935.  -2.11   0.57 -33.82   7.19    0.87  0.58  2.35  1.52  -1.00   -1.0        -1.  42.62  321.9  90135.
110 21 43 04 0.35  92.85  82.37  5.34 1653   49.42   321.0   87517.  -0.70   2.32 -34.15   5.93    1.96  0.70  2.13  0.97   3.92  327.2    184603.  43.14  320.9 101527.
110 21 43 45 0.35  92.85  82.36  5.34 1653   51.64   320.9  100150.  -1.84   0.83 -34.42   6.01   -0.10  0.29  1.21  0.74   4.25  319.9    149234.  42.93  320.3  86770.
110 21 44 25 0.35  92.86  82.36  5.34 1653   48.84   319.3   87410.  -0.45   0.95 -34.43   5.95    0.31  0.40  1.07  0.87  -1.00   -1.0        -1.  42.51  318.5 104487.
110 21 45 06 0.35  92.86  82.35  5.34 1653   51.20   323.6   95307.  -0.94   3.59 -33.85   5.26    4.76  0.36  1.02  1.12  -1.00   -1.0        -1.  43.28  322.2  91811.
110 21 45 46 0.35  92.86  82.35  5.34 1653   48.67   317.9   84255.  -3.50   0.14 -34.40   2.80    4.09  0.76  1.72  3.09  -1.00   -1.0        -1.  39.67  318.2  74828.
110 21 46 27 0.35  92.86  82.35  5.34 1653   47.65   322.3   94313.  -3.47   3.34 -34.34   2.21    4.89  0.43  1.17  1.16  -1.00   -1.0        -1.  41.06  323.0  91304.
110 21 47 07 0.35  92.86  82.34  5.34 1653   52.90   330.4  120284.  -3.65   4.19 -33.91  -0.38    6.91  0.31  1.91  0.93  -1.00   -1.0        -1.  45.88  332.1 103369.
110 21 47 48 0.35  92.86  82.34  5.34 1653   47.66   329.0   91421.  -5.45   5.41 -34.46  -0.25   -0.26  0.72  1.56  6.65  -1.00   -1.0        -1.  42.25  336.7 104529.
110 21 48 28 0.35  92.87  82.33  5.34 1653   48.62   325.3  114456.  -2.96   0.00 -34.22   0.50   -8.66  0.50  1.31  2.33  -1.00   -1.0        -1.  41.36  327.3  98178.
110 21 49 09 0.35  92.87  82.33  5.34 1653   48.78   321.7   96668.  -4.77   2.14 -34.74  -1.31    0.73  0.49  1.38  2.78  -1.00   -1.0        -1.  43.06  322.5  91909.
110 21 49 49 0.35  92.87  82.32  5.34 1653   49.81   319.2   87033.  -5.91   0.17 -34.89  -3.96   -1.08  0.19  0.84  0.72  -1.00   -1.0        -1.  43.64  326.2  92123.
110 21 50 30 0.35  92.87  82.32  5.35 1653   56.79   328.7  138589.  -3.91  -1.72 -32.94   6.85   -2.13  2.48  6.62  4.90  -1.00   -1.0        -1.  47.94  330.4 135289.
110 21 51 10 0.35  92.88  82.32  5.35 1653   45.23   338.3  102489.  -3.44   1.76 -34.25   3.30    3.77  0.55  2.39  1.06  -1.00   -1.0        -1.  39.46  337.5  98454.
110 21 51 51 0.35  92.88  82.31  5.35 1653   50.17   342.5  118033.  -2.53   3.41 -33.82   5.07    6.37  0.28  1.38  0.67  -1.00   -1.0        -1.  40.49  342.9 103385.
110 21 52 31 0.35  92.88  82.31  5.35 1653   48.96   338.5  101823.  -2.50   3.78 -33.24   4.02    8.12  0.47  0.90  1.05  -1.00   -1.0        -1.  42.02  341.0 123165.
110 21 53 12 0.35  92.88  82.31  5.35 1653   47.68   345.4  106991.  -2.38   3.72 -33.72   3.73    6.88  0.39  0.74  1.12  -1.00   -1.0        -1.  39.82  344.0 105874.
110 21 53 52 0.35  92.88  82.30  5.35 1653   47.95   339.9  106689.  -1.58   3.82 -33.32   4.85    7.21  0.24  0.37  0.51  -1.00   -1.0        -1.  39.70  338.1 102752.
110 21 54 32 0.35  92.89  82.30  5.35 1653   49.96   339.6  126791.  -2.62   3.38 -32.59   6.47    7.70  0.99  2.32  1.25  -1.00   -1.0        -1.  41.08  339.1 123237.
110 21 55 13 0.35  92.89  82.29  5.35 1653   47.18   342.0   96859.   0.00   0.00 -32.15   7.88    7.95  0.38  1.34  1.41  -1.00   -1.0        -1.  39.89  338.7  94426.
110 22 30 32 0.35  93.01  82.09  5.36 1653   50.15   356.6  120817.  -4.69   0.72 -34.56  -0.40    1.99  0.00  0.00  0.20  -1.00   -1.0        -1.  41.94  357.8 116720.
110 22 31 13 0.35  93.01  82.08  5.36 1653   48.45   352.7  107475.  -4.48   0.39 -34.91  -0.47    1.72  0.28  0.23  0.60  -1.00   -1.0        -1.  42.39  357.5 125296.
110 22 31 53 0.35  93.01  82.07  5.36 1653   47.42   354.3  113670.  -4.61   0.41 -35.13  -0.49    1.71  0.19  0.20  0.29   3.68  351.7    187371.  40.08  355.7 103837.
110 22 32 34 0.35  93.01  82.07  5.36 1653   45.45   351.8  107115.  -4.54   0.16 -35.16  -0.32    1.89  0.14  0.37  0.29   3.31  359.2    190685.  41.14  356.1 124299.
110 22 33 15 0.35  93.01  82.07  5.36 1653   47.75   354.6  116028.  -4.15   0.33 -35.10   0.25    2.33  0.19  0.20  0.31  -1.00   -1.0        -1.  40.00  355.0 107690.
110 22 33 55 0.35  93.01  82.06  5.36 1653   47.18   351.6  106666.  -4.13   0.62 -35.15   0.15    2.55  0.16  0.29  0.43   3.57  359.2    189619.  38.77  352.9  94572.
110 22 34 36 0.35  93.02  82.06  5.36 1653   47.75   357.7  114151.   0.00   0.00 -35.12   0.29    3.04  0.20  0.77  0.26  -1.00   -1.0        -1.  38.78  355.4 102966.
110 22 35 16 0.35  93.02  82.06  5.36 1653   47.81   350.9  105296.  -3.81   0.56 -33.43   0.59    3.71  6.96  0.76  3.95   2.46  366.5    184551.  39.86  356.7 115655.
110 22 35 57 0.35  93.02  82.05  5.36 1653   47.99   355.0  119966.  -4.07   0.62 -34.42   0.14    2.71  0.37  0.45  0.24  -1.00   -1.0        -1.  40.65  355.2 110256.
110 22 36 37 0.35  93.02  82.05  5.36 1653   45.81   349.8  103808.  -4.05   0.59 -34.64   0.11    2.69  0.19  0.18  0.19   2.99  362.2    205523.  40.24  352.9 124253.
110 22 37 18 0.35  93.03  82.05  5.36 1653   48.17   352.1  108547.  -4.08   0.56 -34.69  -0.12    2.97  0.10  0.27  0.26   3.20  365.3    252847.  40.76  353.2 106816.
110 22 37 58 0.35  93.03  82.04  5.36 1653   46.31   349.8  103041.  -3.96   0.66 -34.48  -0.22    2.97  0.26  0.25  0.32   2.95  362.3    216334.  38.93  350.4  98497.
110 22 38 39 0.35  93.03  82.04  5.36 1653   46.68   343.9  104925.  -3.93   0.98 -34.36  -0.71    3.27  0.18  0.28  0.27  -1.00   -1.0        -1.  39.95  348.5 118000.
110 22 39 19 0.35  93.03  82.03  5.36 1653   47.24   345.4  109229.  -4.16   1.00 -34.17  -0.69    4.08  0.25  0.43  0.37   2.90  361.5    213021.  40.10  347.0 104422.
110 22 40 00 0.35  93.04  82.03  5.36 1653   51.84   345.1  132878.  -4.66   1.50 -33.97  -0.22    4.68  0.33  1.29  0.31   3.67  358.7    281407.  45.22  347.5 122545.
110 22 40 40 0.35  93.04  82.02  5.36 1653   46.44   349.7  100826.  -4.00   1.23 -34.17   0.40    4.98  0.21  0.33  0.19  -1.00   -1.0        -1.  39.57  350.0  99244.
110 22 41 21 0.35  93.04  82.02  5.36 1653   49.97   342.2  105010.  -3.80   1.33 -33.79   0.44    4.78  0.19  0.33  0.50   3.26  354.4    189775.  43.03  346.4 119650.
110 22 42 01 0.35  93.04  82.02  5.36 1653   53.24   351.3  166328.  -3.76   0.38 -33.58   1.27    2.94  0.31  0.86  0.57  -1.00   -1.0        -1.  45.43  353.3 143933.
110 22 42 42 0.35  93.04  82.01  5.36 1653   52.99   348.1  148939.  -3.89   0.63 -33.08   1.72    3.65  0.14  0.53  0.41  -1.00   -1.0        -1.  45.04  348.5 139125.
110 22 43 22 0.35  93.05  82.01  5.36 1653   53.36   344.3  129214.  -3.13   1.28 -33.22   2.24    4.48  0.21  0.22  0.28  -1.00   -1.0        -1.  45.64  349.3 140278.
110 22 44 03 0.35  93.05  82.01  5.36 1653   -1.00    -1.0      -1.  -1.00  -1.00 -33.83   2.03    4.22  0.63  1.58  0.87  -1.00   -1.0        -1.  43.75  344.8 134473.
110 22 44 43 0.35  93.05  82.00  5.36 1653   46.16   361.6  274069.   0.00   5.81 -34.59   0.81    3.10  0.19  0.50  1.09  -1.00   -1.0        -1.  40.26  355.2 134327.
110 22 45 24 0.35  93.05  82.00  5.36 1653   45.92   356.5  212361.  -3.58  -0.50 -35.48   0.84    1.78  0.90  0.55  0.64  -1.00   -1.0        -1.  39.70  351.8 106559.
110 22 46 04 0.35  93.06  81.99  5.36 1653   50.75   355.3  271058.  -3.15  -0.19 -36.18   1.62    1.97  0.18  0.48  0.44  -1.00   -1.0        -1.  36.78  345.3  91161.
110 22 46 45 0.35  93.06  81.99  5.36 1653   43.19   356.8  283746.  -3.55  -1.29 -36.06   0.87    1.45  0.18  0.27  0.86  -1.00   -1.0        -1.  36.77  345.5  73980.
110 22 47 25 0.35  93.06  81.98  5.36 1653   42.13   353.5  204685.  -4.21  -0.91 -35.88   1.08    1.01  0.19  0.21  0.30  -1.00   -1.0        -1.  37.13  349.8  96515.
110 22 48 06 0.35  93.06  81.98  5.36 1653   46.25   356.9  207758.  -3.21  -1.01 -35.89   0.67    1.60  0.12  0.47  0.42  -1.00   -1.0        -1.  38.80  350.9 103584.
110 22 48 46 0.35  93.06  81.98  5.36 1653   45.19   357.3  201099.  -3.84  -1.18 -36.06  -0.52   -0.02  0.15  0.40  0.49  -1.00   -1.0        -1.  38.45  348.7  99273.
110 22 49 27 0.35  93.07  81.97  5.36 1653   46.81   350.3  187358.  -4.23  -1.94 -36.10  -1.01    0.21  0.19  0.31  0.55  -1.00   -1.0        -1.  38.63  350.0 105643.
110 22 50 07 0.35  93.07  81.97  5.37 1653   50.92   357.7  289922.  -3.91  -1.30 -35.72  -0.32    0.99  0.23  0.43  0.34  -1.00   -1.0        -1.  38.86  348.6  98938.
110 22 50 48 0.35  93.07  81.96  5.37 1653   50.48   352.5  280699.  -4.68  -0.48 -35.46  -0.23    1.45  0.15  0.21  0.33  -1.00   -1.0        -1.  38.86  351.4 108073.
110 22 51 28 0.35  93.07  81.96  5.37 1653   46.36   353.7  191792.  -4.25  -1.16 -35.75  -0.64    1.99  0.19  0.32  0.59  -1.00   -1.0        -1.  36.26  348.7  91892.
110 22 52 09 0.35  93.08  81.96  5.37 1653   50.30   352.6  192289.  -4.31  -0.37 -35.96  -0.84    1.89  0.16  0.28  0.27  -1.00   -1.0        -1.  37.94  351.1  97347.
110 22 52 49 0.35  93.08  81.95  5.37 1653   46.62   355.4  228756.  -4.32  -0.07 -35.56  -0.58    2.86  0.18  0.47  0.53  -1.00   -1.0        -1.  39.10  350.9  98886.
110 22 53 30 0.35  93.08  81.95  5.37 1653   48.44   354.3  178110.  -4.35  -0.64 -35.56  -1.42    1.45  0.17  0.31  0.44  -1.00   -1.0        -1.  38.69  353.2 102788.
110 22 54 10 0.35  93.08  81.95  5.37 1653   45.15   356.1  228373.  -5.03  -0.64 -35.74  -1.44    1.07  0.15  0.31  0.58  -1.00   -1.0        -1.  39.90  350.4 103327.
110 22 54 51 0.35  93.08  81.94  5.37 1653   48.22   358.1  249797.  -5.32  -0.69 -35.66  -1.64    1.85  0.19  0.42  0.32  -1.00   -1.0        -1.  39.52  353.5 108118.
110 22 55 31 0.35  93.09  81.94  5.37 1653   39.68   365.2  274930.   0.00   0.00 -35.72  -0.80    2.17  0.11  0.25  0.51  -1.00   -1.0        -1.  39.24  351.3  98272.
110 22 56 12 0.35  93.09  81.93  5.37 1653   50.79   355.4  216565.  -4.07  -0.06 -35.42  -0.44    1.25  0.13  0.57  0.72  -1.00   -1.0        -1.  40.30  353.1 109609.
110 22 56 52 0.35  93.09  81.93  5.37 1653   42.35   349.7  116415.  -5.32  -0.05 -35.03  -2.74    3.55  0.26  0.42  0.59  -1.00   -1.0        -1.  39.89  352.4 103444.
110 22 57 33 0.35  93.09  81.93  5.37 1653   46.35   350.8  212079.  -5.56   0.88 -35.45  -4.55    5.24  0.27  0.65  0.49  -1.00   -1.0        -1.  38.48  353.7 105354.
110 22 58 13 0.35  93.10  81.92  5.37 1653   46.80   355.7  192348.  -5.44   0.49 -35.76  -5.16    4.99  0.13  0.31  0.29  -1.00   -1.0        -1.  35.28  354.9  82277.
110 22 58 54 0.35  93.10  81.91  5.37 1653   46.75   351.2  286296.  -5.77   0.49 -35.59  -4.88    5.44  0.18  0.29  0.29  -1.00   -1.0        -1.  37.58  354.3  99484.
110 22 59 34 0.35  93.10  81.91  5.37 1653   45.52   354.4  197172.  -5.60   0.36 -35.59  -4.98    5.48  0.17  0.28  0.25  -1.00   -1.0        -1.  34.92  354.7  83365.
110 23 00 15 0.35  93.10  81.91  5.37 1653   41.61   353.3  182547.  -5.50   0.67 -35.42  -4.67    4.92  0.22  0.30  0.62  -1.00   -1.0        -1.  37.66  356.0 102752.
110 23 00 56 0.35  93.10  81.90  5.37 1653   45.20   354.8  205218.  -5.52   0.77 -35.41  -5.23    3.16  0.31  0.46  0.80  -1.00   -1.0        -1.  35.88  354.6  88254.
110 23 01 36 0.35  93.11  81.90  5.37 1653   47.50   359.4  205088.  -5.12   0.12 -34.73  -3.92    2.68  0.25  0.36  0.24  -1.00   -1.0        -1.  40.57  360.2 162478.
110 23 02 16 0.35  93.11  81.90  5.37 1653   43.75   366.6  300443.  -6.44   0.33 -35.49  -5.27    2.38  0.36  0.24  0.52  -1.00   -1.0        -1.  36.50  357.0 148110.
110 23 02 57 0.35  93.11  81.89  5.37 1653   48.94   357.8  261410.  -5.96   0.14 -35.71  -5.09    3.08  0.27  0.27  0.44  -1.00   -1.0        -1.  36.62  355.7 102668.
110 23 03 37 0.35  93.11  81.89  5.37 1653   46.98   352.7  215779.  -6.10  -0.18 -36.02  -5.75    2.33  0.17  0.56  0.47  -1.00   -1.0        -1.  37.56  355.3 119144.
110 23 04 18 0.35  93.12  81.89  5.37 1653   47.92   356.6  300895.  -6.92  -0.71 -36.17  -6.56    2.57  0.16  0.42  0.43  -1.00   -1.0        -1.  35.50  355.5 100462.
110 23 04 58 0.35  93.12  81.88  5.37 1653   43.53   358.6  291387.  -6.50  -0.71 -35.96  -6.11    2.15  0.22  0.41  0.60  -1.00   -1.0        -1.  36.88  350.4  95459.
110 23 05 39 0.35  93.12  81.88  5.37 1653   52.37   362.4  238323.  -4.21   0.26 -34.62   0.48    5.13  0.48  2.54  1.14  -1.00   -1.0        -1.  41.70  356.0 122330.
110 23 06 20 0.35  93.12  81.87  5.37 1653   48.72   358.2  227441.  -4.05   0.97 -34.29   1.73    6.59  0.23  1.09  0.63  -1.00   -1.0        -1.  40.94  356.7 129458.
110 23 07 00 0.35  93.13  81.87  5.37 1653   51.71   360.5  264645.  -3.19   2.15 -34.21   2.48    8.10  0.18  0.68  0.31  -1.00   -1.0        -1.  41.37  354.4 111448.
110 23 07 40 0.35  93.13  81.86  5.37 1653   48.83   365.3  263684.  -0.68   2.61 -33.02   7.69    8.85  0.46  1.59  0.47  -1.00   -1.0        -1.  41.39  355.2 128525.
110 23 08 21 0.35  93.13  81.86  5.37 1653   43.47   358.6  241244.  -1.13   1.16 -34.37   3.28    7.32  0.46  3.02  0.65  -1.00   -1.0        -1.  37.40  355.7 117188.
110 23 09 02 0.35  93.13  81.86  5.37 1653   48.22   361.0  266302.  -3.65   1.70 -34.59   0.43    7.76  0.55  1.19  1.41  -1.00   -1.0        -1.  42.07  354.8 132888.
110 23 09 42 0.35  93.13  81.85  5.37 1653   44.65   355.1  216848.  -4.12   0.19 -35.26  -1.13    6.39  0.20  0.65  0.80  -1.00   -1.0        -1.  38.82  353.3 108869.
110 23 10 22 0.35  93.14  81.85  5.37 1653   43.17   363.9  240019.  -3.86   1.35 -34.99  -0.50    8.46  0.18  1.08  0.55  -1.00   -1.0        -1.  36.11  360.0 112588.
110 23 11 03 0.35  93.14  81.85  5.37 1653   46.59   359.7  213394.  -3.81   1.24 -34.74  -1.59    4.67  0.33  1.18  2.20  -1.00   -1.0        -1.  40.09  356.3 118650.
110 23 11 44 0.35  93.14  81.84  5.37 1653   56.17   363.7  308353.  -5.25  -0.30 -34.72  -2.08    3.72  0.20  0.77  0.82  -1.00   -1.0        -1.  41.32  355.9 139291.
110 23 12 24 0.35  93.14  81.84  5.37 1653   52.09   357.1  284802.  -5.70   0.49 -34.78  -5.88    4.13  0.26  1.72  0.38  -1.00   -1.0        -1.  40.89  357.5 112322.
110 23 13 04 0.35  93.15  81.83  5.37 1653   54.39   363.0  259185.  -6.37   0.52 -35.03  -6.86    3.55  0.26  1.07  0.57  -1.00   -1.0        -1.  38.00  359.6 114479.
110 23 13 45 0.35  93.15  81.83  5.37 1653   46.59   355.8  239268.  -4.03  -0.08 -35.27  -3.18    3.25  0.15  0.89  0.28  -1.00   -1.0        -1.  39.51  354.9 116883.
110 23 14 26 0.35  93.15  81.82  5.37 1653   47.05   353.5  220554.  -4.10  -0.75 -35.26  -2.89    2.58  0.20  0.94  0.64  -1.00   -1.0        -1.  40.78  355.1 145596.
110 23 15 06 0.35  93.15  81.82  5.37 1653   51.85   355.4  259705.  -4.58   0.09 -35.30  -3.41    3.29  0.14  0.86  0.43  -1.00   -1.0        -1.  38.64  355.6 109902.
110 23 15 46 0.35  93.15  81.82  5.37 1653   47.50   355.8  241211.  -4.76  -0.22 -35.43  -2.74    2.73  0.20  1.03  1.11  -1.00   -1.0        -1.  39.62  353.1 130939.
110 23 16 27 0.35  93.15  81.81  5.37 1653   49.81   351.7  198997.  -6.06  -0.77 -34.94  -2.18    4.58  0.41  1.89  2.04  -1.00   -1.0        -1.  38.01  356.1 111269.
110 23 17 08 0.35  93.16  81.81  5.37 1653   45.91   359.8  269642.  -5.40   0.04 -35.18  -2.10    4.98  0.23  1.33  0.70  -1.00   -1.0        -1.  36.00  355.4  85191.
110 23 17 48 0.35  93.16  81.80  5.37 1653   48.26   346.1  141113.  -4.42   0.21 -35.43   0.55    4.30  0.40  1.71  1.00  -1.00   -1.0        -1.  36.53  352.2  99328.
110 23 18 28 0.35  93.16  81.80  5.37 1653   43.71   363.8  293268.   0.00   0.00 -35.39  -3.02    3.89  0.25  1.52  0.69  -1.00   -1.0        -1.  38.58  351.5  96521.
110 23 19 09 0.35  93.16  81.80  5.37 1653   45.16   355.3  194748.  -3.72   0.45 -34.93  -1.03    6.37  0.57  0.18  1.93  -1.00   -1.0        -1.  36.94  351.4 100897.
110 23 19 50 0.35  93.16  81.79  5.37 1653   46.92   357.2  271860.  -4.65   0.19 -34.31  -1.68    8.77  0.18  0.53  0.98  -1.00   -1.0        -1.  38.08  350.2 100036.
110 23 20 30 0.35  93.17  81.79  5.38 1653   46.57   352.7  188245.  -4.75   0.70 -33.72  -1.14   10.66  0.22  1.04  0.53  -1.00   -1.0        -1.  37.12  353.3 103139.
110 23 21 11 0.35  93.17  81.79  5.38 1653   46.41   357.9  238404.  -3.12   3.03 -33.55   0.22   11.72  0.39  0.57  1.18  -1.00   -1.0        -1.  36.13  351.0  96859.
110 23 21 51 0.35  93.17  81.78  5.38 1653   48.51   349.8  174679.  -4.96   1.98 -33.85  -0.01   10.08  0.41  1.65  1.42  -1.00   -1.0        -1.  34.75  353.8  95414.
110 23 22 32 0.35  93.17  81.78  5.38 1653   51.20   357.6  178370.   0.00   2.30 -34.95   0.12    7.12  0.59  1.20  1.41  -1.00   -1.0        -1.  37.05  353.1  93952.
110 23 23 12 0.35  93.18  81.77  5.38 1653   43.70   352.0  183752.  -2.77   0.08 -35.44   0.47    5.61  0.23  0.59  0.76  -1.00   -1.0        -1.  38.18  350.5 105786.
110 23 23 52 0.35  93.18  81.77  5.38 1653   46.53   358.3  292010.  -3.88   1.06 -35.29  -0.39    5.76  0.19  0.74  0.89  -1.00   -1.0        -1.  39.08  353.6 136471.
110 23 24 33 0.35  93.18  81.76  5.38 1653   43.46   355.3  316566.  -4.72   1.04 -34.90  -1.37    5.12  0.45  0.65  0.75  -1.00   -1.0        -1.  39.32  358.8 253266.
110 23 25 14 0.35  93.18  81.76  5.38 1653   49.55   347.3  219349.  -0.87   2.90 -32.38   4.59   10.02  0.88  1.98  1.82  -1.00   -1.0        -1.  40.38  338.5  95323.
110 23 25 54 0.35  93.18  81.75  5.38 1653   50.00   340.2  291669.  -2.13   2.54 -33.92   2.94    6.90  0.46  1.39  0.95  -1.00   -1.0        -1.  41.51  332.8  94787.
110 23 26 35 0.35  93.19  81.75  5.38 1653   51.14   342.7  287040.  -3.51   0.07 -35.13   1.43    3.70  0.42  0.74  0.84  -1.00   -1.0        -1.  41.37  334.4 128730.
110 23 27 15 0.35  93.19  81.75  5.38 1653   46.76   345.1  201794.  -4.13   1.75 -34.65  -0.53    4.60  0.32  0.48  0.81  -1.00   -1.0        -1.  42.33  336.3  97606.
110 23 27 56 0.35  93.19  81.74  5.38 1653   50.19   347.7  315331.  -3.98  -0.79 -35.39  -0.38    4.43  0.27  0.59  1.16  -1.00   -1.0        -1.  36.48  344.7 110691.
110 23 28 36 0.35  93.19  81.74  5.38 1653   48.71   348.1  240594.  -4.45   0.19 -35.46  -1.18    3.97  0.29  0.20  0.51  -1.00   -1.0        -1.  35.24  351.5 147558.
110 23 29 17 0.35  93.20  81.74  5.38 1653   50.09   358.9  336336.  -3.67  -0.39 -35.80  -0.45    2.79  0.19  0.33  0.41  -1.00   -1.0        -1.  35.68  352.2 157583.
110 23 29 57 0.35  93.20  81.73  5.38 1653   52.67   346.9  281024.  -4.42   0.16 -35.66  -0.31    3.10  0.16  0.73  0.55  -1.00   -1.0        -1.  38.24  353.7 196200.
110 23 30 38 0.35  93.20  81.73  5.38 1653   50.99   352.2  302237.  -3.05  -0.60 -35.67   1.38    1.64  0.30  0.77  0.30  -1.00   -1.0        -1.  34.77  344.0 118738.
110 23 31 18 0.35  93.20  81.73  5.38 1653   45.14   347.7  274329.  -2.92  -0.84 -35.67   1.83    1.15  0.26  0.53  0.49  -1.00   -1.0        -1.  37.35  343.3 139840.
110 23 31 59 0.35  93.20  81.72  5.38 1653   46.96   345.1  199991.  -3.21   0.20 -35.60  -0.51    2.28  0.31  0.40  0.73  -1.00   -1.0        -1.  36.71  341.5 108914.
110 23 32 39 0.35  93.21  81.72  5.38 1653   50.53   337.1  277623.  -3.61  -1.21 -34.87  -0.06    2.25  0.27  0.35  0.50  -1.00   -1.0        -1.  41.18  332.5 103061.
110 23 33 20 0.35  93.21  81.71  5.38 1653   58.76   339.3  306297.  -3.47   0.21 -35.06  -0.06    2.51  0.31  0.31  0.84  -1.00   -1.0        -1.  42.93  333.3 125696.
110 23 34 00 0.35  93.21  81.71  5.38 1653   -1.00    -1.0      -1.  -1.00  -1.00 -35.39  -0.47    2.46  0.64  0.72  1.68  -1.00   -1.0        -1.  39.49  332.9 100965.
110 23 34 40 0.35  93.21  81.70  5.38 1653   40.22   341.7  127158.  -4.49  -0.26 -35.64  -2.20    0.55  0.35  1.33  0.43  -1.00   -1.0        -1.  36.30  352.4 214720.
110 23 35 21 0.35  93.22  81.70  5.38 1653   43.17   335.8  102586.  -5.58   1.02 -35.27  -2.59    3.33  0.22  0.66  1.12  -1.00   -1.0        -1.  37.05  338.0  95963.
110 23 36 02 0.35  93.22  81.70  5.38 1653   44.01   341.7  107654.  -5.50   2.97 -34.79  -2.20    5.37  0.49  0.86  1.98  -1.00   -1.0        -1.  36.14  343.7 105257.
110 23 38 03 0.35  93.23  81.69  5.38 1653   46.54   331.9  110191.   0.00  -0.43 -35.02  -3.93    1.21  0.29  1.11  1.18  -1.00   -1.0        -1.  39.74  331.2  99708.
110 23 38 44 0.35  93.23  81.68  5.38 1653   47.57   335.8  123454.  -6.49  -0.85 -34.87  -4.98   -0.97  0.25  0.66  0.88   4.39  336.1    191269.  39.01  341.1 105809.
110 23 39 24 0.35  93.23  81.68  5.38 1653   47.72   331.0  116821.  -6.98  -1.04 -34.33  -8.18   -1.28  0.27  0.81  1.55  -1.00   -1.0        -1.  40.62  336.5  98990.
110 23 40 05 0.35  93.23  81.67  5.38 1653   46.92   332.6  117402.  -7.89   0.25 -34.37  -8.81    0.21  0.46  0.98  1.15   4.35  336.3    193816.  39.04  341.1  99299.
110 23 40 45 0.35  93.23  81.67  5.38 1653   44.08   341.8  105370.  -6.61   0.43 -35.25  -7.87    1.98  0.20  0.49  0.68  -1.00   -1.0        -1.  36.70  350.4 106523.
110 23 41 26 0.35  93.24  81.66  5.38 1653   42.72   345.3   94956.  -6.98   0.18 -34.72  -9.48    0.86  0.39  0.66  0.42  -1.00   -1.0        -1.  36.56  349.4  91996.
110 23 42 06 0.35  93.24  81.66  5.38 1653   41.29   353.0  225885.  -7.95   0.28 -34.45  -9.32    0.40  0.31  0.90  0.62  -1.00   -1.0        -1.  36.84  358.3 210864.
110 23 42 47 0.35  93.24  81.66  5.38 1653   43.68   352.7  157203.  -4.72  -0.10 -34.79  -7.76    1.67  0.47  1.65  0.76  -1.00   -1.0        -1.  39.74  355.1 148770.
110 23 43 27 0.35  93.24  81.65  5.38 1653   39.21   361.7  244801.  -6.34   0.96 -34.56  -7.54    3.83  0.40  0.29  1.31  -1.00   -1.0        -1.  33.71  369.7 290081.
110 23 44 08 0.35  93.25  81.65  5.38 1653   41.39   364.3  258249.  -5.04   0.01 -34.30  -8.45    4.17  0.55  1.18  1.81  -1.00   -1.0        -1.  35.26  370.9 295879.
110 23 44 48 0.35  93.25  81.64  5.38 1653   44.65   360.9  280803.  -5.36   1.15 -35.03  -5.63    3.63  0.41  0.63  0.93  -1.00   -1.0        -1.  37.29  365.0 260416.
110 23 45 29 0.35  93.25  81.64  5.38 1653   39.67   359.7  284627.  -3.58  -0.87 -35.40  -5.20    1.37  0.39  0.38  0.83  -1.00   -1.0        -1.  34.65  358.3 277435.
110 23 46 09 0.35  93.25  81.64  5.38 1653   40.61   358.7  283227.  -5.40   0.22 -34.93  -6.64    2.65  0.21  0.64  0.54  -1.00   -1.0        -1.  33.95  359.0 213372.
110 23 46 50 0.35  93.25  81.63  5.38 1653   40.98   361.2  259578.  -5.24   0.63 -34.50  -7.30    3.96  0.27  0.46  0.37  -1.00   -1.0        -1.  36.41  371.6 300794.
110 23 47 30 0.35  93.26  81.63  5.38 1653   39.59   359.8  232414.  -5.60   0.76 -34.99  -6.30    4.27  0.21  0.29  0.18  -1.00   -1.0        -1.  32.39  356.9 186003.
110 23 48 11 0.35  93.26  81.63  5.38 1653   40.73   354.8  199826.  -4.46   0.20 -34.87  -6.05    4.95  0.28  0.25  0.23  -1.00   -1.0        -1.  34.26  357.3 178275.
110 23 48 50 0.35  93.26  81.62  5.38 1653   41.15   348.5  174913.  -5.40   1.06 -35.43  -6.20    4.71  0.49  0.23  0.27  -1.00   -1.0        -1.  35.72  350.8 173578.
110 23 49 31 0.35  93.26  81.62  5.38 1653   38.54   356.8  204270.  -3.97  -0.25 -35.41  -6.00    4.53  0.26  0.23  0.29  -1.00   -1.0        -1.  32.73  363.2 233207.
110 23 50 11 0.35  93.27  81.61  5.39 1653   35.95   356.0  195073.   0.00   0.00 -35.19  -6.76    4.19  0.46  0.20  0.36  -1.00   -1.0        -1.  31.97  357.5 216926.
110 23 51 01 0.35  93.27  81.61  5.39 1653   36.99   357.2  261995.  -5.57   0.85 -33.32  -6.90   10.48  0.29  0.41  0.52  -1.00   -1.0        -1.  29.22  359.9 234237.
110 23 51 32 0.35  93.27  81.60  5.39 1653   31.41   348.0  185734.  -6.14   1.80 -33.57  -6.80   11.14  0.29  0.66  0.46   3.74  346.5    181537.  26.35  353.8 156231.
110 23 52 13 0.35  93.27  81.60  5.39 1653   42.02   347.1  156183.   0.00   0.00 -32.85  -8.24   11.42  0.42  0.54  0.48  -1.00   -1.0        -1.  -1.00   -1.0     -1.
110 23 52 24 0.35  93.27  81.60  5.39 1653   47.84   325.6  113741.  -2.56  -0.97 -32.62  -8.48   11.66  0.47  0.48  0.63  -1.00   -1.0        -1.  39.38  326.2  96713.
110 23 52 53 0.35  93.27  81.60  5.39 1653   40.60   343.4  144335.  -7.00   2.85 -31.59  -9.03   13.18  0.58  0.43  0.74  -1.00   -1.0        -1.  32.20  347.9 145921.
110 23 53 34 0.35  93.28  81.59  5.39 1653   44.81   340.5  100442.  -7.52   4.02 -31.52  -7.71   13.88  0.59  1.19  0.76  -1.00   -1.0        -1.  37.82  345.1 102505.
110 23 54 15 0.35  93.28  81.59  5.39 1653   46.43   340.5   93396.  -6.44   3.64 -32.63  -5.79   12.03  0.55  0.66  0.95   4.24  345.1    201274.  39.43  347.6 101956.
110 23 54 56 0.35  93.28  81.58  5.39 1653   40.39   343.8   95670.  -5.43   1.71 -32.97  -5.17   11.59  0.31  0.63  0.49   4.68  337.4    200131.  33.96  345.7  85275.
110 23 55 36 0.35  93.28  81.58  5.39 1653   40.94   341.2   91863.  -4.72   1.26 -33.58  -3.55   10.46  0.18  0.66  0.50  -1.00   -1.0        -1.  33.61  343.4  80396.
110 23 56 17 0.35  93.28  81.58  5.39 1653   40.44   343.4   94556.  -5.67   1.53 -34.20  -4.97    8.21  0.87  0.54  2.32   3.87  339.5    189125.  34.00  346.5  87900.
110 23 56 57 0.35  93.28  81.57  5.39 1653   40.72   337.5   92337.  -4.31   1.12 -35.27  -3.26    5.76  0.23  0.54  0.41   4.83  339.3    279770.  34.95  338.7  91213.
110 23 57 38 0.35  93.29  81.57  5.39 1653   38.00   340.0   77554.  -4.43   0.97 -34.98  -3.58    5.96  0.22  0.71  0.49  -1.00   -1.0        -1.  33.96  344.4  92578.
110 23 58 18 0.35  93.29  81.56  5.39 1653   40.59   340.1   95375.  -5.12   1.87 -34.35  -5.03    7.56  0.44  0.44  1.00  -1.00   -1.0        -1.  32.65  344.7  79824.
110 23 58 59 0.35  93.29  81.56  5.39 1653   42.72   340.7  112595.  -5.59   2.44 -33.76  -6.69    8.35  0.27  0.63  0.70   4.94  336.4    193283.  35.35  344.7 101056.
110 23 59 39 0.35  93.29  81.56  5.39 1653   44.13   333.5  101180.  -5.43   2.22 -34.21  -4.78    7.49  0.23  0.37  0.68  -1.00   -1.0        -1.  37.11  336.1  95654.
