016  0 09 01 0.98 327.12 127.65 -0.89 1650   15.72   373.8   22349.  -0.18   1.92   0.00   0.00    0.00  0.00  0.00  0.00   0.23  367.1     88761.  13.99  372.7  24623.
016  0 52 13 0.98 327.11 127.24 -0.89 1650   17.31   358.0   16590.   0.36   1.06   0.00   0.00    0.00  0.00  0.00  0.00   0.49  356.9     36734.  15.16  358.7  18467.
016  0 52 51 0.98 327.08 127.21 -0.90 1650   -1.00    -1.0      -1.  -1.00  -1.00   1.65  -0.65    0.50  0.00  0.00  0.00  -1.00   -1.0        -1.  -1.00   -1.0     -1.
016  1 35 25 0.98 327.07 126.81 -0.91 1650   -1.00    -1.0      -1.  -1.00  -1.00   1.97  -0.55   -0.29  0.00  0.00  0.00  -1.00   -1.0        -1.  -1.00   -1.0     -1.
016  2 04 12 0.98 327.09 126.57 -0.90 1650   -1.00    -1.0      -1.  -1.00  -1.00  -1.63   1.75   -0.55  0.00  0.00  0.00  -1.00   -1.0        -1.  -1.00   -1.0     -1.
016  2 18 37 0.98 327.09 126.44 -0.90 1650   13.07   352.5   23749.   0.21   0.57  -2.60   1.75   -2.16  0.00  0.00  0.00   0.14  344.2    111565.  13.70  350.8  18260.
016  2 47 24 0.98 327.05 126.13 -0.91 1650   -1.00    -1.0      -1.  -1.00  -1.00  -2.60   1.75   -2.56  0.00  0.00  0.00  -1.00   -1.0        -1.  -1.00   -1.0     -1.
016  3 01 48 0.98 327.08 126.03 -0.90 1650   15.10   348.8   18916.  -0.55   0.71   0.00   0.00    0.00  0.00  0.00  0.00   0.22  341.2     69452.  14.26  348.3  21963.
016  3 45 00 0.98 327.07 125.63 -0.90 1650   12.05   343.1   18078.  -1.47   0.90  -3.42  -1.25   -1.28  0.00  0.00  0.00   0.26  332.3     42282.  12.26  345.0  18263.
016  4 28 12 0.98 327.06 125.22 -0.91 1650   11.95   342.5   19682.   0.04   1.35  -4.34   1.05    0.21  0.00  0.00  0.00   0.16  335.8    119725.  11.76  341.0  17058.
016  5 11 24 0.98 327.05 124.82 -0.91 1650   10.84   343.4   18490.   0.11  -0.85  -3.00   0.64   -2.56  0.00  0.00  0.00   0.09  333.1     46453.  12.46  342.4  16580.
016  5 54 36 0.98 327.04 124.41 -0.91 1650   14.16   339.0   23938.   0.73   1.07   0.00   0.00    0.00  0.00  0.00  0.00   0.21  323.5     37812.  13.59  338.3  16148.
016  6 37 48 0.98 327.03 124.01 -0.91 1650   14.88   359.8   17603.   2.00   1.82   0.56   3.64    0.30  0.00  0.00  0.00   0.56  359.7     30691.  13.72  358.0  15287.
016  7 21 00 0.98 327.02 123.61 -0.92 1650   14.32   360.8   20183.   1.32   2.63   2.35   2.74    0.73  0.00  0.00  0.00   0.18  358.5    152769.  15.13  361.6  19046.
016  8 04 12 0.98 327.01 123.20 -0.92 1650   14.97   338.8   18529.  -1.84  -0.11  -2.87  -0.66   -3.66  0.00  0.00  0.00   0.20  343.1     93790.  16.30  339.8  21537.
016  8 47 24 0.98 327.00 122.80 -0.92 1650   14.98   351.8   23587.   0.00   0.00   0.00   0.00    0.00  0.00  0.00  0.00   0.16  347.3    113098.  16.56  351.7  30571.
016  9 56 51 0.98 326.99 122.15 -0.93 1650   14.08   352.9   26800.  -0.80   3.13  -0.74   3.54   -1.80  0.21  0.18  0.17   0.44  351.1     57940.  14.79  352.2  32114.
016  9 57 31 0.98 326.99 122.14 -0.93 1650   12.29   350.1   34525.  -1.64   2.83   0.00   0.00    0.00  0.00  0.00  0.00   0.33  347.5     76274.  13.00  349.5  31767.
016  9 58 12 0.98 326.99 122.13 -0.93 1650   13.60   351.0   26709.  -0.84   2.82   0.00   0.00    0.00  0.00  0.00  0.00   0.47  347.4     48012.  14.16  351.6  33738.
016  9 58 52 0.98 326.99 122.13 -0.93 1650   14.28   350.5   34404.  -0.50   2.93   0.00   0.00    0.00  0.00  0.00  0.00   0.26  343.8     78639.  13.97  349.6  30006.
016  9 59 33 0.98 326.99 122.12 -0.93 1650   14.93   350.4   24688.  -0.24   2.43   0.00   0.00    0.00  0.00  0.00  0.00   0.58  349.6     38826.  15.41  349.7  28444.
016 10 00 13 0.98 326.99 122.12 -0.93 1650   15.18   352.4   28629.  -0.20   2.54   0.00   0.00    0.00  0.00  0.00  0.00   0.51  352.3     73987.  14.66  351.6  23788.
016 10 00 54 0.98 326.99 122.11 -0.93 1650   14.46   351.4   24123.  -0.11   2.59   0.00   0.00    0.00  0.00  0.00  0.00   0.41  349.2     40424.  14.86  351.0  26641.
016 10 01 34 0.98 326.99 122.10 -0.93 1650   14.83   351.6   29961.  -0.28   2.41   0.00   0.00    0.00  0.00  0.00  0.00   0.50  348.5     75975.  15.02  351.1  23629.
016 10 02 15 0.98 326.99 122.10 -0.93 1650   14.42   351.1   24311.  -0.26   2.17   0.00   0.00    0.00  0.00  0.00  0.00   0.53  346.8     49221.  14.90  351.6  26394.
016 10 02 55 0.98 326.99 122.09 -0.93 1650   14.93   351.7   27885.  -0.21   2.29   0.00   0.00    0.00  0.00  0.00  0.00   0.40  349.8     85486.  15.48  349.7  29597.
016 10 03 36 0.98 326.99 122.08 -0.93 1650   13.99   350.3   25575.  -0.39   2.09   0.00   0.00    0.00  0.00  0.00  0.00   0.58  351.8     64332.  14.90  351.7  26858.
016 10 04 16 0.98 326.99 122.08 -0.93 1650   14.87   351.6   27443.  -0.39   2.01   0.00   0.00    0.00  0.00  0.00  0.00   0.36  350.4     92425.  14.59  351.2  22785.
016 10 04 57 0.98 326.99 122.07 -0.93 1650   15.18   352.5   25906.  -1.37   2.30   0.00   0.00    0.00  0.00  0.00  0.00   0.40  347.3     49520.  15.07  353.1  28648.
016 10 05 37 0.98 326.99 122.07 -0.93 1650   15.00   350.3   30922.  -0.17   2.51   0.00   0.00    0.00  0.00  0.00  0.00   0.37  347.7     74650.  14.72  348.3  35447.
016 10 06 18 0.98 326.99 122.06 -0.93 1650   14.81   349.9   29740.  -0.29   2.96   0.00   0.00    0.00  0.00  0.00  0.00   0.52  347.4     41801.  14.89  350.7  30916.
016 10 06 58 0.98 326.99 122.05 -0.93 1650   14.31   350.7   33674.  -0.22   3.00   0.00   0.00    0.00  0.00  0.00  0.00   0.34  348.8     86435.  14.33  350.7  24321.
016 10 07 39 0.98 326.99 122.05 -0.93 1650   13.40   349.1   30994.  -0.91   2.66   0.00   0.00    0.00  0.00  0.00  0.00   0.38  346.0     54314.  14.12  350.3  35288.
016 10 08 19 0.98 326.99 122.04 -0.93 1650   13.80   350.7   33443.  -0.74   3.07  -0.91   3.58   -1.42  0.24  0.20  0.39   0.26  343.6    106731.  13.43  351.5  27927.
016 10 09 00 0.98 326.99 122.03 -0.93 1650   14.47   348.0   30536.  -0.40   2.59  -1.10   3.70   -1.24  0.29  0.19  0.20   0.34  348.1     39501.  14.67  349.8  28710.
016 10 09 40 0.98 326.99 122.03 -0.93 1650   14.36   349.7   32754.  -0.40   2.62  -1.11   3.52   -1.12  0.16  0.19  0.20   0.41  346.3     86565.  14.56  348.5  30695.
016 10 10 21 0.98 326.99 122.02 -0.93 1650   13.40   348.8   31370.  -0.58   2.54  -1.08   3.40   -1.25  0.10  0.14  0.16   0.38  346.3     40996.  14.07  351.9  33456.
016 10 11 01 0.98 326.98 122.02 -0.93 1650   14.00   349.7   32628.  -0.28   2.68  -1.03   3.49   -1.15  0.17  0.23  0.20   0.47  343.5     92789.  14.03  347.9  29993.
016 10 11 42 0.98 326.98 122.01 -0.93 1650   14.37   348.6   28885.  -0.40   2.66  -1.10   3.36   -0.96  0.21  0.20  0.15   0.42  345.7     47583.  14.06  350.3  29564.
016 10 12 22 0.98 326.98 122.00 -0.93 1650   13.77   349.0   34960.  -0.23   2.85  -1.03   3.53   -0.92  0.15  0.23  0.14   0.40  344.3     89450.  14.33  347.5  32969.
016 10 13 03 0.98 326.98 122.00 -0.93 1650   13.51   348.1   33011.  -0.78   2.92  -1.05   3.85   -0.75  0.27  0.19  0.21   0.44  341.9    105991.  13.97  349.5  32426.
016 10 13 43 0.98 326.98 121.99 -0.93 1650   12.63   349.4   33524.  -0.69   3.01  -1.37   3.96   -0.33  0.14  0.18  0.25   0.33  340.9    105952.  13.69  347.9  33157.
016 10 14 24 0.98 326.98 121.98 -0.93 1650   13.65   347.5   31448.  -0.46   3.39  -1.18   3.78   -0.25  0.22  0.17  0.43   0.40  339.9     91827.  14.12  348.4  32377.
016 10 15 04 0.98 326.98 121.98 -0.93 1650   14.13   350.9   35359.  -1.03   3.09  -1.03   3.68   -0.49  0.19  0.18  0.17   0.29  348.5    157810.  14.08  350.2  31497.
016 10 15 45 0.98 326.98 121.97 -0.93 1650   14.09   349.1   31318.  -1.20   3.06  -1.16   3.57   -0.63  0.14  0.19  0.18   0.38  344.7     51352.  13.69  350.9  28037.
016 10 16 25 0.98 326.98 121.96 -0.93 1650   14.50   350.9   34015.  -0.29   3.42  -1.02   3.11   -0.71  0.22  0.25  0.26   0.40  344.3     71037.  14.16  348.8  29327.
016 10 17 06 0.98 326.98 121.96 -0.93 1650   14.47   348.5   32082.  -0.58   3.05  -1.26   3.11   -0.71  0.20  0.34  0.38   0.49  343.8     45803.  14.62  349.6  30376.
016 10 17 46 0.98 326.98 121.95 -0.93 1650   13.76   350.9   33157.  -0.64   3.27  -1.10   3.23   -1.05  0.31  0.48  0.69   0.36  343.2     96934.  14.38  349.0  31997.
016 10 18 27 0.98 326.98 121.95 -0.93 1650   14.42   350.6   27320.  -1.12   2.29  -1.01   2.68   -2.07  0.30  0.45  0.49   0.49  346.1     52963.  15.09  350.2  31169.
016 10 19 07 0.98 326.98 121.94 -0.93 1650   13.89   348.8   34187.  -0.18   3.26  -1.23   3.22   -0.93  0.18  0.16  0.29   0.36  342.2    106614.  13.71  347.9  30380.
016 10 19 48 0.98 326.98 121.93 -0.93 1650   14.54   348.7   32718.  -0.52   3.32  -1.59   3.52   -0.33  0.20  0.23  0.32   0.41  339.6     80289.  13.74  349.3  29217.
016 10 20 28 0.98 326.98 121.93 -0.93 1650   14.27   350.5   33264.  -0.62   2.93  -1.50   3.74   -0.46  0.16  0.22  0.14   0.37  350.0    145791.  14.29  349.3  30600.
016 10 21 09 0.98 326.98 121.92 -0.93 1650   13.97   348.6   31097.  -1.15   2.96  -1.29   3.97   -0.53  0.22  0.20  0.14   0.44  346.1     47350.  13.69  350.5  27800.
016 10 21 49 0.98 326.98 121.91 -0.93 1650   14.02   351.4   35256.  -0.73   3.04  -1.75   3.62   -0.35  0.17  0.18  0.22   0.27  344.9     89346.  14.15  348.9  29493.
016 10 22 30 0.98 326.98 121.91 -0.93 1650   13.93   349.9   27612.  -1.00   3.13  -1.42   3.91   -0.77  0.26  0.25  0.25   0.42  345.5     48025.  13.56  351.2  28086.
016 10 23 10 0.98 326.98 121.90 -0.93 1650   14.21   351.1   36691.  -0.89   3.12  -1.49   3.91   -0.76  0.30  0.19  0.24   0.33  344.0     89787.  14.06  349.8  32325.
016 10 23 51 0.98 326.98 121.89 -0.93 1650   14.02   349.3   25731.  -0.51   3.02  -1.19   3.87   -0.63  0.20  0.18  0.24   0.41  346.4     48597.  14.65  350.3  28450.
016 10 24 31 0.98 326.98 121.89 -0.93 1650   13.96   351.0   31575.  -0.29   3.16  -1.41   3.93   -0.78  0.43  0.19  0.59   0.30  344.8     76859.  13.87  349.9  24344.
016 10 25 12 0.98 326.98 121.88 -0.93 1650   13.22   349.4   27316.  -1.15   2.99  -1.76   3.74   -1.32  0.18  0.20  0.21   0.54  343.5     46128.  13.17  350.9  28619.
016 10 25 52 0.98 326.98 121.88 -0.93 1650   13.59   351.0   35525.  -0.67   3.04  -1.91   3.76   -0.97  0.20  0.20  0.21   0.37  344.8    117178.  13.44  349.1  32907.
016 10 26 33 0.98 326.98 121.87 -0.93 1650   12.82   351.3   28651.  -1.05   2.89  -1.72   3.84   -0.96  0.21  0.15  0.16   0.50  344.8     43075.  13.97  351.6  37682.
016 10 27 13 0.98 326.98 121.86 -0.93 1650   14.23   349.3   31523.  -0.30   3.11  -1.23   3.78   -1.16  0.17  0.13  0.19   0.38  343.1     78548.  14.66  346.5  34554.
016 10 27 54 0.98 326.98 121.86 -0.93 1650   13.93   347.5   29938.  -0.61   3.17  -1.85   3.83   -0.55  0.46  0.21  0.56   0.42  343.4     45297.  13.89  347.9  30942.
016 10 28 34 0.98 326.98 121.85 -0.93 1650   13.56   351.1   35070.  -0.45   3.06  -2.41   3.67    0.17  0.10  0.08  0.20   0.28  343.3     93608.  12.91  349.4  32033.
016 10 29 14 0.98 326.98 121.84 -0.93 1650   13.36   350.0   28262.  -0.80   2.85  -2.45   3.57    0.36  0.13  0.15  0.18   0.46  345.2     42607.  13.46  351.2  31445.
016 10 29 54 0.98 326.98 121.84 -0.93 1650   12.75   350.1   34057.   0.00   0.00  -2.52   3.61    0.29  0.16  0.20  0.23   0.30  346.9     85201.  13.34  347.8  30077.
016 10 39 49 0.98 326.95 121.71 -0.94 1650   -1.00    -1.0      -1.  -1.00  -1.00  -1.83   2.62    1.66  0.16  0.23  0.17  -1.00   -1.0        -1.  -1.00   -1.0     -1.
016 10 47 40 0.98 326.98 121.67 -0.93 1650   14.06   350.8   32699.   0.75   2.19   0.00   0.00    0.00  0.00  0.00  0.00   0.44  342.4     82485.  14.60  348.0  29944.
016 10 48 20 0.98 326.98 121.67 -0.93 1650   13.73   347.9   30116.   0.45   2.31  -1.70   2.56    1.62  0.21  0.35  0.20   0.54  343.7     42737.  14.02  349.3  31023.
016 10 49 01 0.98 326.98 121.66 -0.93 1650   15.35   348.4   33066.   0.62   2.31  -2.11   1.86    1.88  0.23  0.30  0.20   0.49  343.2     71856.  14.98  347.3  28346.
016 10 49 41 0.98 326.98 121.65 -0.93 1650   14.49   348.3   31702.   0.97   2.34  -2.08   2.07    1.73  0.21  0.11  0.20   0.49  345.6     50312.  14.46  349.2  28063.
016 10 50 23 0.98 326.98 121.65 -0.93 1650   15.06   350.1   31513.   0.57   2.26  -1.80   2.02    1.90  0.17  0.25  0.22   0.33  343.7    121206.  14.18  349.5  25728.
016 10 51 03 0.98 326.98 121.64 -0.93 1650   13.80   348.6   26280.   0.59   2.39  -1.74   2.20    1.75  0.36  0.21  0.33   0.49  346.0     48974.  13.29  347.6  21657.
016 10 51 44 0.98 326.98 121.63 -0.93 1650   14.72   350.2   29889.   0.30   2.72  -1.38   2.63    1.51  0.37  0.13  0.34   0.34  346.6     87085.  14.42  349.2  23870.
016 10 52 24 0.98 326.98 121.63 -0.93 1650   15.09   347.3   29905.   0.26   2.70  -1.67   2.21    1.59  0.14  0.47  0.52   0.50  344.8     46869.  15.29  348.9  35152.
016 10 53 05 0.98 326.98 121.62 -0.93 1650   14.16   350.3   34723.  -0.09   2.51  -1.58   1.96    1.95  0.22  0.19  0.24   0.38  344.5     88436.  15.73  347.6  36980.
016 10 53 45 0.98 326.98 121.62 -0.93 1650   14.36   348.4   34528.   0.38   2.14  -1.88   2.32    0.49  0.14  0.22  0.42   0.75  341.0     96128.  15.11  348.9  33687.
016 10 54 26 0.98 326.98 121.61 -0.93 1650   14.67   349.7   39001.   0.13   2.21  -1.97   2.25    0.83  0.21  0.16  0.26   0.54  342.0     92347.  15.39  348.5  32829.
016 10 55 06 0.98 326.98 121.60 -0.93 1650   14.79   347.7   34395.   0.21   2.35  -2.06   2.20    0.74  0.39  0.25  0.35   0.62  340.9    100494.  14.75  349.6  38254.
016 10 55 46 0.98 326.98 121.60 -0.93 1650   15.42   349.1   38728.   0.29   2.24  -2.22   2.19    0.36  0.23  0.17  0.45   0.45  342.1    107784.  16.08  347.1  37968.
016 10 56 26 0.98 326.97 121.59 -0.93 1650   15.28   348.0   35463.   0.13   2.19  -2.43   2.07    0.32  0.21  0.21  0.12   0.64  346.0     53548.  15.02  348.8  41785.
016 10 57 07 0.98 326.97 121.58 -0.93 1650   14.62   349.5   42168.   0.24   2.06  -2.24   2.03    0.68  0.49  0.23  0.59   0.53  341.2     88098.  14.78  345.9  40167.
016 10 57 47 0.98 326.97 121.58 -0.93 1650   15.00   348.8   31354.  -0.05   1.99  -1.44   2.03    3.17  0.18  0.15  0.16   0.58  345.9     41476.  15.18  349.3  33690.
016 10 58 29 0.98 326.97 121.57 -0.93 1650   14.56   350.4   33674.   0.19   2.19  -1.74   2.28    2.87  0.13  0.21  0.17   0.42  342.3    103158.  14.33  349.8  25416.
016 10 59 09 0.98 326.97 121.56 -0.93 1650   15.32   348.8   32335.  -0.02   1.97  -1.69   2.24    2.69  0.14  0.19  0.17   0.62  344.5     45232.  14.30  350.9  30724.
016 10 59 50 0.98 326.97 121.56 -0.93 1650   15.52   350.1   33592.   0.17   2.12  -1.63   2.43    2.61  0.23  0.20  0.23   0.36  342.3    109044.  15.43  349.2  31435.
016 11 00 30 0.98 326.97 121.55 -0.93 1650   14.96   348.9   31309.   0.13   2.16  -1.77   2.22    2.78  0.17  0.23  0.09   0.06  392.5    100299.  14.91  350.5  33690.
016 11 01 11 0.98 326.97 121.55 -0.93 1650   15.49   350.1   33430.   0.18   2.09  -1.58   2.22    2.39  0.25  0.20  0.26   0.49  343.3    107797.  14.93  348.9  32131.
016 11 01 51 0.98 326.97 121.54 -0.93 1650   14.99   348.1   31617.   0.18   2.23  -1.85   2.25    2.41  0.21  0.19  0.10   0.61  345.2     49364.  14.74  348.3  30146.
016 11 02 32 0.98 326.97 121.53 -0.93 1650   15.67   350.1   34638.   0.45   2.08  -1.38   2.38    2.30  0.17  0.18  0.19   0.52  346.3     95959.  14.90  348.7  29490.
016 11 03 12 0.98 326.97 121.53 -0.93 1650   15.01   348.2   32361.   0.27   2.20  -1.64   2.27    2.43  0.15  0.21  0.29   0.60  345.2     58758.  14.67  350.9  35395.
016 11 03 53 0.98 326.97 121.52 -0.93 1650   14.97   349.6   36139.   0.47   2.16  -1.61   1.99    2.99  0.15  0.18  0.33   0.50  343.4     98987.  15.41  348.6  32286.
016 11 04 33 0.98 326.97 121.51 -0.93 1650   15.01   348.4   32062.   0.30   2.11  -1.72   1.74    3.30  0.20  0.17  0.25   0.49  343.6     58134.  14.61  349.7  27674.
016 11 05 14 0.98 326.97 121.51 -0.93 1650   14.70   350.1   32972.   0.32   2.11  -1.34   1.94    2.73  0.17  0.16  0.51   0.42  341.9     88111.  14.73  349.5  27076.
016 11 05 54 0.98 326.97 121.50 -0.93 1650   15.44   348.1   30649.   0.10   2.36  -1.23   1.61    2.47  0.23  0.13  0.17   0.55  344.6     43997.  15.04  349.0  29168.
016 11 06 35 0.98 326.97 121.50 -0.93 1650   15.42   349.9   33232.   0.16   2.32  -1.14   1.67    2.38  0.13  0.20  0.26   0.45  342.7     72830.  15.64  348.5  32907.
016 11 07 15 0.98 326.97 121.49 -0.93 1650   14.11   349.7   26274.   0.04   1.79  -1.26   1.87    1.10  0.37  0.43  2.10   0.48  343.1     37565.  14.66  350.9  26680.
016 11 07 56 0.98 326.97 121.48 -0.93 1650   14.84   351.7   35051.   0.11   2.07  -1.25   2.32   -2.01  0.20  0.15  0.14   0.40  344.1    101313.  14.90  350.4  35109.
016 11 08 36 0.98 326.97 121.48 -0.93 1650   14.40   351.3   28733.  -0.06   2.20  -1.30   2.42   -1.66  0.19  0.21  0.19   0.46  346.1     50611.  15.27  351.9  35207.
016 11 09 17 0.98 326.97 121.47 -0.93 1650   15.30   351.7   35967.   0.13   2.38  -1.51   2.46   -1.67  0.11  0.21  0.16   0.47  345.4     99221.  14.57  349.4  30516.
016 11 09 57 0.98 326.97 121.46 -0.93 1650   14.46   349.8   32800.  -0.04   2.22  -1.58   2.21   -1.84  0.16  0.10  0.20   0.48  346.2     44959.  14.50  350.8  31591.
016 11 10 38 0.98 326.97 121.46 -0.93 1650   14.98   351.2   35502.   0.06   2.32  -1.64   2.21   -1.97  0.20  0.19  0.14   0.45  343.0     88891.  14.57  350.7  27797.
016 11 11 18 0.98 326.97 121.45 -0.93 1650   14.45   350.0   32433.  -0.13   2.24  -1.40   2.25   -2.06  0.17  0.17  0.23   0.51  346.5     45167.  14.17  351.6  28421.
016 11 11 59 0.98 326.97 121.44 -0.93 1650   14.39   350.3   35129.   0.14   2.33  -1.65   2.28   -1.78  0.26  0.23  0.34   0.42  343.3     68361.  14.93  348.8  31942.
016 11 12 39 0.98 326.97 121.44 -0.93 1650   14.87   349.0   32010.   0.38   2.21  -1.63   2.40   -1.69  0.19  0.21  0.20   0.50  343.9     46323.  15.22  351.0  35298.
016 11 13 20 0.98 326.97 121.43 -0.93 1650   14.66   350.9   37335.   0.20   1.96  -2.15   2.33   -0.61  0.21  0.23  0.73   0.46  346.2     98571.  15.33  349.4  32871.
016 11 14 00 0.98 326.97 121.43 -0.93 1650   14.64   349.0   33700.   0.04   2.31  -2.43   1.51    1.19  0.20  0.47  0.56   0.43  344.1     42646.  14.87  351.5  35100.
016 11 14 41 0.98 326.97 121.42 -0.93 1650   14.80   350.7   38621.   0.23   2.14  -2.12   2.25   -0.06  0.19  0.23  0.26   0.36  344.6     98272.  15.80  348.7  35496.
016 11 15 21 0.98 326.97 121.41 -0.93 1650   15.29   350.9   43893.  -0.05   2.00  -2.10   2.33   -0.54  0.19  0.19  0.27   0.58  345.0     45946.  15.52  351.8  41207.
016 11 16 02 0.98 326.97 121.41 -0.93 1650   15.01   352.2   39040.   0.10   2.06  -1.91   2.35   -0.79  0.15  0.17  0.15   0.42  347.3     98545.  15.22  350.4  35207.
016 11 16 42 0.98 326.97 121.40 -0.93 1650   14.82   351.5   40554.   0.14   2.03  -1.97   2.38   -0.93  0.17  0.17  0.17   0.51  343.3     43802.  15.02  351.8  37984.
016 11 17 23 0.98 326.97 121.39 -0.93 1650   14.99   352.0   38634.   0.19   1.85  -1.89   2.29   -0.81  0.19  0.15  0.09   0.44  342.0     89735.  15.16  349.4  36227.
016 11 18 03 0.98 326.97 121.39 -0.93 1650   14.75   349.3   34352.   0.10   1.96  -2.03   2.34   -0.83  0.18  0.16  0.30   0.59  349.0     76716.  14.72  353.0  36516.
016 11 18 44 0.98 326.97 121.38 -0.93 1650   15.34   351.6   38056.  -0.02   1.82  -1.93   2.58   -0.69  0.18  0.24  0.29   0.45  342.8    100637.  14.81  350.2  34158.
016 11 19 24 0.98 326.97 121.38 -0.93 1650   15.19   351.4   40771.   0.04   1.66  -2.03   2.75   -0.48  0.15  0.23  0.32   0.54  344.0     44244.  15.09  349.7  35551.
016 11 20 05 0.98 326.97 121.37 -0.93 1650   14.91   351.3   37169.   0.33   1.93  -2.13   2.60   -0.92  0.13  0.21  0.21   0.42  343.7     82706.  14.98  349.7  34632.
016 11 20 45 0.98 326.97 121.36 -0.93 1650   14.71   349.9   31296.   0.19   2.11  -2.16   2.81   -0.65  0.12  0.09  0.20   0.52  344.3     47635.  15.29  351.2  36841.
016 11 21 26 0.98 326.97 121.36 -0.93 1650   15.22   351.7   36548.   0.15   2.13  -2.13   2.82   -0.67  0.10  0.09  0.21   0.45  342.0    119647.  14.79  349.5  35424.
016 11 22 06 0.98 326.97 121.35 -0.93 1650   14.71   350.0   30961.   0.21   2.09  -2.17   2.77   -0.44  0.17  0.14  0.07   0.39  346.2     49675.  15.12  350.9  32257.
016 11 22 47 0.98 326.97 121.34 -0.93 1650   15.46   351.5   36084.   0.37   2.18  -2.19   2.54   -0.64  0.24  0.21  0.26   0.51  344.1    103392.  14.67  349.0  33664.
016 11 23 27 0.98 326.97 121.34 -0.93 1650   14.89   350.1   32481.   0.06   2.22  -1.78   2.65   -1.08  0.19  0.19  0.19   0.49  347.7     49325.  14.30  351.2  29028.
016 11 24 08 0.98 326.97 121.33 -0.93 1650   14.86   352.3   34382.   0.12   2.16  -1.68   2.82   -1.11  0.19  0.20  0.18   0.43  344.2    131848.  14.85  350.1  32589.
016 11 24 48 0.98 326.97 121.32 -0.93 1650   14.61   351.3   38355.   0.04   2.13  -1.62   2.71   -1.17  0.14  0.14  0.17   0.55  344.4     49169.  14.89  351.8  35639.
016 11 25 29 0.98 326.97 121.32 -0.93 1650   14.77   351.5   35944.   0.25   2.27  -1.81   2.61   -0.83  0.32  0.17  0.54   0.48  340.3     93880.  15.12  348.9  34869.
016 11 26 09 0.98 326.97 121.31 -0.93 1650   14.26   349.1   34102.   0.09   2.69  -2.46   2.26    0.60  0.17  0.15  0.42   0.41  345.1     45297.  14.25  351.3  33514.
016 11 26 50 0.98 326.97 121.31 -0.93 1650   14.90   351.2   38004.   0.08   2.24  -2.61   2.21    0.76  0.19  0.13  0.22   0.37  337.7    114112.  14.43  348.8  33914.
016 11 27 30 0.98 326.97 121.30 -0.93 1650   14.86   351.3   41752.  -0.03   1.90  -2.63   2.14    0.73  0.19  0.17  0.14   0.51  348.2     44322.  14.39  351.0  30604.
016 11 28 10 0.98 326.97 121.29 -0.93 1650   14.69   352.0   39436.   0.03   2.10  -2.56   1.96    0.73  0.14  0.18  0.30   0.39  342.7    107355.  14.94  349.9  36315.
016 11 28 50 0.98 326.97 121.29 -0.93 1650   14.89   351.9   43708.  -0.12   1.99  -2.68   2.02    0.43  0.16  0.22  0.64   0.47  344.5     56653.  14.45  350.9  39420.
016 11 29 31 0.98 326.97 121.28 -0.93 1650   15.10   350.8   41031.   0.00   0.00  -2.70   2.04   -0.15  0.14  0.15  0.27   0.40  339.8    104042.  15.12  349.2  36016.
016 11 30 38 0.98 326.97 121.27 -0.93 1650   15.37   350.5   47970.  -0.16   1.77  -2.76   1.95    0.92  0.27  0.29  0.57   0.52  344.8     61058.  14.71  351.6  38647.
016 11 30 53 0.98 326.97 121.27 -0.93 1650   14.55   351.6   41005.  -0.03   1.49  -2.62   2.07   -0.17  0.26  0.26  0.34   0.50  340.3    104626.  14.88  350.3  35317.
016 11 31 33 0.98 326.97 121.26 -0.93 1650   15.78   351.3   43370.  -0.18   1.56  -2.84   1.90   -0.37  0.21  0.25  0.40   0.37  346.1     51767.  14.68  350.9  39836.
016 11 32 14 0.98 326.97 121.25 -0.93 1650   14.57   351.2   40901.  -0.18   1.51  -2.74   1.85   -0.01  0.26  0.22  0.65   0.45  339.5     79249.  15.08  349.9  37250.
016 11 32 54 0.98 326.97 121.25 -0.93 1650   15.17   350.4   32322.   0.12   2.20  -2.35   2.13    0.92  0.28  0.22  0.43   0.42  344.1     36318.  14.95  352.7  34245.
016 11 33 35 0.98 326.97 121.24 -0.93 1650   15.53   351.9   39066.   0.19   1.79  -2.67   2.11    0.15  0.18  0.19  0.26   0.42  342.3     99325.  15.23  349.2  37971.
016 11 34 15 0.98 326.97 121.24 -0.93 1650   15.39   351.2   43672.  -0.04   1.61  -2.69   1.95    0.18  0.21  0.28  0.26   0.50  342.7     50663.  15.42  350.4  43494.
016 11 34 56 0.98 326.97 121.23 -0.93 1650   14.85   352.0   39183.   0.19   1.75  -2.48   1.95    0.47  0.20  0.27  0.22   0.35  341.6     88306.  15.18  349.5  36185.
016 11 35 36 0.98 326.97 121.22 -0.93 1650   15.50   350.6   43952.  -0.12   1.81  -2.63   1.56    0.79  0.18  0.36  0.37   0.48  345.2     50715.  15.19  350.6  42847.
016 11 36 17 0.98 326.97 121.22 -0.93 1650   14.61   351.7   37335.  -0.30   1.96  -2.74   1.27    1.08  0.21  0.27  0.20   0.34  338.4     82199.  15.38  350.2  35265.
016 11 36 57 0.98 326.97 121.21 -0.93 1650   16.03   351.4   42077.  -0.27   1.87  -2.78   1.38    0.86  0.17  0.15  0.18   0.63  339.7     78600.  15.43  349.8  37607.
016 11 37 38 0.98 326.97 121.20 -0.93 1650   15.27   351.5   36168.  -0.42   1.81  -2.93   1.28    0.84  0.22  0.14  0.06   0.44  341.8     97194.  15.01  350.1  34008.
016 11 38 18 0.98 326.97 121.20 -0.93 1650   15.39   350.0   41756.  -0.48   1.75  -2.86   1.43    0.61  0.18  0.16  0.23   0.56  345.7     46219.  15.02  350.3  33313.
016 11 38 59 0.98 326.97 121.19 -0.93 1650   15.92   350.0   37854.  -0.33   1.74  -2.85   1.45    0.83  0.14  0.19  0.08   0.33  341.0     67490.  16.16  347.4  39816.
016 11 39 39 0.98 326.97 121.19 -0.93 1650   15.24   347.9   36779.  -0.22   1.72  -2.72   1.39    0.72  0.15  0.10  0.19   0.54  344.7     48155.  16.34  350.2  41109.
016 11 40 20 0.98 326.97 121.18 -0.93 1650   15.38   350.7   38611.  -0.25   1.73  -2.73   1.64    0.73  0.22  0.18  0.16   0.46  341.6     74455.  15.78  348.7  35431.
016 11 41 00 0.98 326.97 121.17 -0.93 1650   15.79   349.5   35038.  -0.10   1.73  -2.74   1.77    0.83  0.20  0.13  0.11   0.52  346.1     46037.  15.48  351.3  32231.
016 11 41 41 0.98 326.97 121.17 -0.93 1650   15.42   351.4   37559.  -0.09   1.73  -2.81   1.67    0.81  0.18  0.14  0.12   0.47  341.8    123701.  15.60  349.8  34531.
016 11 42 21 0.98 326.96 121.16 -0.93 1650   15.14   348.5   35740.  -0.08   1.84  -2.71   1.78    0.51  0.20  0.13  0.19   0.62  347.4     50598.  16.49  350.5  39950.
016 11 43 02 0.98 326.96 121.15 -0.93 1650   15.38   351.2   36990.  -0.21   1.97  -2.71   1.64    0.93  0.21  0.24  0.35   0.42  342.4     74013.  15.95  348.9  33904.
016 11 43 42 0.98 326.96 121.15 -0.93 1650   15.75   350.1   40700.  -0.02   1.80  -2.84   1.64    0.89  0.17  0.18  0.14   0.54  341.9     85473.  15.78  351.2  37010.
016 11 44 23 0.98 326.96 121.14 -0.93 1650   15.64   351.3   35720.  -0.15   1.67  -2.91   1.69    0.77  0.15  0.19  0.16   0.41  345.0     83667.  15.15  350.1  34440.
016 11 45 03 0.98 326.96 121.14 -0.93 1650   14.92   350.0   32559.   0.00   1.66  -2.80   1.89    0.54  0.20  0.21  0.23   0.48  340.6     64943.  14.86  351.1  29506.
016 11 45 44 0.98 326.96 121.13 -0.93 1650   14.79   350.5   37279.  -0.24   1.77  -2.92   1.83    0.69  0.13  0.22  0.20   0.27  343.8    104496.  15.00  348.5  34687.
016 11 46 24 0.98 326.96 121.12 -0.93 1650   14.56   348.9   34281.  -0.23   1.86  -2.88   1.52    0.85  0.19  0.15  0.02   0.57  344.9     47025.  15.02  350.3  31507.
016 11 47 05 0.98 326.96 121.12 -0.93 1650   14.85   350.9   37257.  -0.40   1.86  -3.01   1.39    0.97  0.23  0.18  0.18   0.40  341.8    100962.  15.37  349.5  34684.
016 11 47 45 0.98 326.96 121.11 -0.93 1650   15.28   350.5   40206.  -0.40   1.89  -2.92   1.31    1.00  0.22  0.15  0.19   0.54  343.9     45063.  15.08  351.3  33485.
016 11 48 26 0.98 326.96 121.10 -0.93 1650   15.50   351.4   36360.  -0.46   1.86  -2.85   0.99    1.11  0.17  0.20  0.19   0.40  343.5    106588.  15.22  349.4  33579.
016 11 49 06 0.98 326.96 121.10 -0.93 1650   15.53   351.1   39644.  -0.06   1.77  -2.80   0.85    1.34  0.21  0.20  0.19   0.56  340.6     90814.  15.30  351.2  35645.
016 11 49 47 0.98 326.96 121.09 -0.93 1650   14.03   350.7   32676.   0.35   0.85  -2.52   0.30    2.26  0.22  0.56  0.51   0.33  342.3     70349.  14.47  348.0  29480.
016 11 50 27 0.98 326.96 121.08 -0.93 1650   14.37   351.2   39904.  -0.24   1.41  -2.87   1.31    0.90  0.18  0.36  0.62   0.57  346.1     44855.  14.84  352.2  35801.
016 11 51 08 0.98 326.96 121.08 -0.93 1650   14.61   351.3   34895.  -0.44   1.72  -2.89   1.85    0.30  0.16  0.21  0.22   0.39  342.1     77950.  14.92  350.6  33680.
016 11 51 48 0.98 326.96 121.07 -0.93 1650   15.33   350.8   38238.  -0.40   1.78  -3.04   1.59    0.88  0.16  0.25  0.27   0.53  346.7     45426.  15.27  353.0  34866.
016 11 52 29 0.98 326.96 121.07 -0.93 1650   14.29   353.3   35249.  -0.47   1.67  -2.90   1.59    0.91  0.12  0.15  0.26   0.29  342.7     99117.  14.95  351.0  35567.
016 11 53 09 0.98 326.96 121.06 -0.93 1650   14.98   353.1   37806.  -0.18   1.32  -2.77   1.62    0.54  0.21  0.22  0.50   0.51  347.6     35122.  14.75  353.5  34784.
016 11 53 50 0.98 326.96 121.05 -0.93 1650   15.09   351.6   34612.   0.18   0.88  -2.02   2.34   -1.28  0.22  0.19  0.33   0.43  345.6    105250.  14.39  351.8  27778.
016 11 54 30 0.98 326.96 121.05 -0.93 1650   14.67   355.6   37136.   0.19   0.69  -1.97   2.46   -1.13  0.25  0.14  0.31   0.43  348.9     39163.  15.08  353.1  34255.
016 11 55 11 0.98 326.96 121.04 -0.93 1650   15.22   354.3   33823.   0.43   0.53  -1.74   2.51   -1.23  0.19  0.16  0.18   0.43  346.8     98857.  14.73  352.8  27469.
016 11 55 51 0.98 326.96 121.03 -0.93 1650   -1.00    -1.0      -1.  -1.00  -1.00  -2.07   2.23   -1.06  0.30  0.20  0.28  -1.00   -1.0        -1.  -1.00   -1.0     -1.
016 11 56 32 0.98 326.96 121.03 -0.93 1650   14.82   352.5   36448.   0.25   0.72  -2.26   2.32   -0.86  0.16  0.14  0.09   0.35  342.6     69959.  15.06  350.3  31656.
016 11 57 12 0.98 326.96 121.02 -0.93 1650   14.63   351.9   28288.   0.39   0.89  -2.26   2.37   -0.71  0.21  0.10  0.18   0.47  345.6     44192.  15.47  352.8  33716.
016 11 57 53 0.98 326.96 121.01 -0.93 1650   15.62   352.4   35899.   0.10   0.97  -2.34   2.29   -0.82  0.15  0.14  0.19   0.41  345.9     78158.  15.37  350.8  32134.
016 11 58 33 0.98 326.96 121.01 -0.93 1650   15.06   351.6   36886.  -0.11   1.13  -2.51   2.12   -0.41  0.29  0.28  0.28   0.52  345.5     45686.  15.77  351.2  39079.
016 11 59 14 0.98 326.96 121.00 -0.93 1650   14.10   350.3   34531.  -0.29   1.42  -2.98   1.97   -0.09  0.23  0.26  0.22   0.35  342.4     96232.  14.76  349.2  32777.
016 11 59 54 0.98 326.96 121.00 -0.93 1650   14.45   348.1   34417.   0.25   1.21  -2.96   1.93   -0.07  0.22  0.63  0.38   0.40  346.3     46804.  14.10  348.9  33014.
016 12 00 35 0.98 326.96 120.99 -0.93 1650   13.29   348.8   33433.   0.39   1.46  -2.65   2.01    0.28  0.39  0.26  0.30   0.31  337.7    103626.  13.42  346.5  29590.
016 12 01 15 0.98 326.96 120.98 -0.93 1650   13.76   346.8   31676.  -0.14   1.40  -3.06   1.05    0.73  0.31  0.67  0.43   0.48  344.9     48337.  13.18  348.7  29892.
016 12 01 56 0.98 326.96 120.98 -0.93 1650   13.73   348.6   35418.  -0.07   1.59  -3.10   0.92    0.56  0.29  0.19  0.22   0.32  343.8     90463.  14.60  347.4  34037.
016 12 02 36 0.98 326.96 120.97 -0.93 1650   14.28   346.5   32754.  -0.09   1.46  -3.23   0.88    0.83  0.18  0.20  0.15   0.42  343.7     55873.  13.99  348.2  35613.
016 12 03 17 0.98 326.96 120.96 -0.93 1650   13.85   348.0   35811.  -0.06   1.67  -3.40   0.46    1.03  0.24  0.28  0.23   0.28  337.7     82433.  14.17  346.4  31312.
016 12 03 57 0.98 326.96 120.96 -0.93 1650   13.85   347.2   32179.   0.33   1.33  -3.65   0.62    0.99  0.20  0.29  0.19   0.46  342.7     91477.  13.18  348.2  33950.
016 12 04 38 0.98 326.96 120.95 -0.93 1650   14.06   349.3   34430.   0.68   1.17  -3.53  -0.13    1.33  0.17  0.34  0.37   0.32  342.4     71063.  13.79  346.9  32858.
016 12 05 18 0.98 326.96 120.95 -0.93 1650   14.13   346.1   32027.   0.35   1.09  -3.49  -1.05    1.78  0.23  0.41  0.20   0.48  345.3     48155.  13.77  347.7  30955.
016 12 05 59 0.98 326.96 120.94 -0.93 1650   14.32   350.0   27882.   0.20   0.81  -3.05  -2.02    2.08  0.68  0.58  0.22   0.17  347.4    183564.  14.57  349.7  25949.
016 12 06 39 0.98 326.96 120.93 -0.93 1650   15.20   351.0   22362.   0.20   0.78  -2.73  -2.30    2.31  0.55  0.47  0.23   0.55  346.5     38098.  13.98  351.7  24341.
016 12 07 20 0.98 326.96 120.93 -0.93 1650   14.51   351.4   24029.   0.05   0.94  -2.85  -2.23    2.49  0.13  0.24  0.14   0.23  352.4    140385.  13.78  350.8  19263.
016 12 08 00 0.98 326.96 120.92 -0.93 1650   14.74   350.5   20404.  -0.15   0.80  -2.60  -2.69    2.28  0.18  0.25  0.24   0.59  347.7     41281.  13.39  350.0  21329.
016 12 08 41 0.98 326.96 120.91 -0.93 1650   14.28   354.2   23418.  -0.90   0.83  -2.22  -3.03    2.29  0.27  0.24  0.19   0.22  355.1    156602.  14.31  354.0  23155.
016 12 09 21 0.98 326.96 120.91 -0.93 1650   14.00   355.5   21222.  -0.74   0.77  -2.40  -2.72    2.34  0.28  0.33  0.22   0.42  348.3     38501.  13.79  354.4  22512.
016 12 10 02 0.98 326.96 120.90 -0.93 1650   13.96   355.5   28093.  -0.57   0.59  -2.40  -2.70    2.28  0.33  0.29  0.21   0.25  352.3    119985.  12.64  355.8  23961.
016 12 10 42 0.98 326.96 120.89 -0.93 1650   13.88   356.7   23701.  -0.68   0.97  -2.46  -2.67    2.21  0.21  0.18  0.21   0.36  347.0     36292.  13.67  355.9  23597.
016 12 11 23 0.98 326.96 120.89 -0.93 1650   13.79   354.5   24549.  -0.73   0.82  -1.98  -2.96    2.09  0.25  0.23  0.16   0.23  352.9    102872.  14.90  354.2  15586.
016 12 12 03 0.98 326.96 120.88 -0.93 1650   13.63   355.0   23818.  -0.41   0.70  -2.42  -2.65    2.10  0.34  0.33  0.27   0.60  347.1     42945.  13.59  354.5  24851.
016 12 12 44 0.98 326.96 120.88 -0.93 1650   13.98   359.0   22145.  -1.29   0.58  -2.47  -2.46    2.24  0.31  0.31  0.19   0.30  357.2     46492.  12.63  359.6  20689.
016 12 13 24 0.98 326.96 120.87 -0.93 1650   14.73   355.7   24217.  -0.43   0.61  -2.60  -2.27    2.28  0.23  0.28  0.21   0.50  346.7     40437.  14.14  355.8  22574.
016 12 14 05 0.98 326.96 120.86 -0.93 1650   12.98   358.2   20904.  -1.58   0.26  -2.48  -2.31    2.42  0.28  0.46  0.41   0.32  355.1     87280.  12.12  359.0  25543.
016 12 14 45 0.98 326.96 120.86 -0.93 1650   14.42   356.4   23827.  -0.69   0.58  -2.29  -2.84    2.13  0.20  0.24  0.30   0.47  348.2     46037.  14.60  356.5  23269.
016 12 15 26 0.98 326.96 120.85 -0.93 1650   13.11   357.1   21648.  -0.83   0.44  -2.07  -2.91    1.93  0.56  0.58  0.19   0.23  360.0     52313.  13.23  356.8  26540.
016 12 16 06 0.98 326.96 120.84 -0.93 1650   13.91   354.2   22697.  -0.56   0.97  -2.90  -2.20    2.15  0.12  0.14  0.09   0.51  349.1     38956.  14.20  354.5  26121.
016 12 16 47 0.98 326.96 120.84 -0.93 1650   13.73   354.6   24201.  -0.81   0.88  -3.21  -1.86    2.13  0.21  0.26  0.11   0.18  355.1     82641.  14.01  353.5  20352.
016 12 17 27 0.98 326.96 120.83 -0.93 1650   14.28   355.3   23223.  -0.66   0.97  -3.14  -2.05    2.06  0.26  0.24  0.19   0.45  348.6     38878.  14.81  355.0  22479.
016 12 18 08 0.98 326.96 120.83 -0.93 1650   13.92   355.1   24292.  -0.45   0.79  -3.49  -1.37    1.91  0.24  0.18  0.23   0.19  348.5    125377.  14.13  352.6  22999.
016 12 18 48 0.98 326.96 120.82 -0.93 1650   14.65   352.5   22405.  -0.17   0.74  -3.43  -1.34    1.89  0.28  0.26  0.31   0.49  344.8     33524.  14.92  354.6  27589.
016 12 19 29 0.98 326.96 120.81 -0.93 1650   14.24   354.3   26079.  -0.79   0.72  -3.37  -1.90    1.84  0.21  0.40  0.17   0.16  348.2    124273.  13.96  352.9  21261.
016 12 20 09 0.98 326.96 120.81 -0.93 1650   13.91   355.3   21437.  -1.02   0.82  -2.26  -3.13    1.34  0.68  0.49  0.38   0.43  347.3     36292.  14.15  354.5  23100.
016 12 20 50 0.98 326.96 120.80 -0.93 1650   14.17   357.5   21388.  -1.44   0.69  -2.01  -3.33    1.14  0.17  0.19  0.20   0.20  352.0     76417.  12.79  357.0  19384.
016 12 21 30 0.98 326.96 120.79 -0.93 1650   15.11   355.8   23002.  -1.84   0.94  -2.54  -2.76    1.25  0.26  0.29  0.33   0.47  348.1     38228.  14.27  355.3  23678.
016 12 22 11 0.98 326.96 120.79 -0.93 1650   14.86   355.4   28239.  -1.64   0.76  -3.41  -1.60    1.72  0.35  0.53  0.24   0.28  347.0    105692.  13.40  356.1  28242.
016 12 22 51 0.98 326.96 120.78 -0.93 1650   14.58   354.0   31029.  -0.83   0.75  -3.48  -1.06    1.63  0.29  0.48  0.21   0.71  349.4     37500.  13.87  357.1  31841.
016 12 23 32 0.98 326.96 120.77 -0.93 1650   14.24   354.4   28798.  -1.97   1.00  -2.42  -2.51    1.23  0.26  0.27  0.26   0.34  349.2    100897.  14.48  354.1  24276.
016 12 24 12 0.98 326.96 120.77 -0.93 1650   13.84   349.8   27599.  -1.10   1.39  -2.96  -1.30    1.82  0.15  0.26  0.17   0.81  346.0     47259.  14.10  351.8  30792.
016 12 24 53 0.98 326.96 120.76 -0.93 1650   14.68   351.7   30574.  -1.46   1.33  -2.66  -1.94    1.65  0.21  0.22  0.19   0.47  341.7    110980.  13.85  352.1  26725.
016 12 25 33 0.98 326.96 120.76 -0.93 1650   14.12   350.9   25520.  -1.51   1.28  -2.83  -2.14    1.55  0.21  0.20  0.20   0.70  345.6     43140.  13.89  352.4  26965.
016 12 26 14 0.98 326.96 120.75 -0.93 1650   14.10   353.9   28343.  -1.57   1.06  -2.91  -2.18    1.37  0.21  0.16  0.28   0.41  345.4    120050.  13.72  352.6  24045.
016 12 26 54 0.98 326.96 120.74 -0.93 1650   14.23   350.9   27527.  -1.63   0.87  -2.83  -2.22    1.23  0.11  0.17  0.20   0.59  347.9     36058.  14.30  352.6  27891.
016 12 27 35 0.98 326.96 120.74 -0.93 1650   13.95   352.1   30558.  -1.73   0.77  -2.76  -2.41    0.77  0.16  0.23  0.22   0.44  341.1    102989.  14.18  351.9  23282.
016 12 28 15 0.98 326.95 120.73 -0.94 1650   13.73   351.9   25819.  -1.90   0.51  -2.26  -2.76    0.11  0.50  0.34  0.67   0.40  345.2     43555.  14.61  353.3  28109.
016 12 28 56 0.98 326.95 120.72 -0.94 1650   15.37   354.6   32384.  -1.59   0.59  -2.48  -2.31    1.31  0.30  0.53  0.73   0.27  350.9    104302.  14.07  356.1  27352.
016 12 29 36 0.98 326.95 120.72 -0.94 1650   14.04   355.7   26416.  -1.06   0.91  -2.85  -1.50    1.99  0.23  0.40  0.31   0.50  345.5     48194.  15.99  354.9  36838.
016 12 30 17 0.98 326.95 120.71 -0.94 1650   13.98   355.2   32166.  -0.66   1.10  -2.56  -1.01    1.92  0.30  0.64  0.28   0.27  345.4    105445.  14.23  357.8  36899.
016 12 30 57 0.98 326.95 120.71 -0.94 1650   14.86   360.5   28206.  -1.20   0.22  -2.09  -1.68    1.80  0.26  0.47  0.46   0.39  354.7     80432.  15.71  358.2  32118.
016 12 31 38 0.98 326.95 120.70 -0.94 1650   15.50   359.9   25003.  -1.32   0.07  -1.74  -2.77    1.00  0.34  0.28  0.33   0.27  358.6     48194.  15.18  359.4  24185.
016 12 32 18 0.98 326.95 120.69 -0.94 1650   14.55   363.9   25478.  -1.48   0.14  -1.13  -2.98    1.07  0.35  0.30  0.49   0.15  363.5    113852.  15.60  363.8  18874.
016 12 32 59 0.98 326.95 120.69 -0.94 1650   15.67   361.7   22785.  -1.40   0.21  -1.54  -2.96    0.68  0.22  0.16  0.64   0.21  361.1     45881.  15.27  361.9  21979.
016 12 33 39 0.98 326.95 120.68 -0.94 1650   15.09   361.6   26865.  -0.88  -0.85  -1.78  -2.93   -0.79  0.22  0.15  0.36   0.19  353.1    115905.  15.97  360.9  21787.
016 12 34 20 0.98 326.95 120.67 -0.94 1650   15.32   361.2   23084.  -1.41  -0.35  -1.43  -2.93    0.05  0.41  0.19  0.35   0.20  358.9     51027.  15.17  362.0  22694.
016 12 35 00 0.98 326.95 120.67 -0.94 1650   14.04   358.5   24185.  -1.19   0.14  -1.91  -2.63    0.98  0.34  0.28  0.40   0.32  349.0     42958.  14.32  359.5  20728.
016 12 35 41 0.98 326.95 120.66 -0.94 1650   15.31   358.9   23239.  -1.36   0.15  -1.88  -2.72    1.02  0.13  0.17  0.32   0.26  353.1     90632.  14.30  359.5  24065.
016 12 36 21 0.98 326.95 120.65 -0.94 1650   13.62   359.7   27765.  -1.60   0.57  -2.16  -2.46    1.50  0.25  0.34  0.47   0.45  352.6     69712.  13.87  360.5  26241.
016 12 37 02 0.98 326.95 120.65 -0.94 1650   13.41   355.5   26849.  -1.45   0.83  -2.53  -2.51    1.63  0.19  0.06  0.18   0.21  350.6     89657.  12.48  358.0  22765.
016 12 37 42 0.98 326.95 120.64 -0.94 1650   13.39   354.4   23259.  -1.04   1.11  -2.56  -2.59    1.56  0.19  0.14  0.22   0.43  346.0     42984.  13.41  354.7  23447.
016 12 38 23 0.98 326.95 120.64 -0.94 1650   13.85   354.4   23425.  -1.25   0.83  -2.63  -2.66    1.61  0.11  0.18  0.19   0.19  353.0     95648.  12.96  353.0  23538.
016 12 39 03 0.98 326.95 120.63 -0.94 1650   13.10   355.9   23110.  -1.20   0.76  -2.70  -2.72    1.56  0.20  0.21  0.20   0.35  348.5     40892.  13.47  355.5  24773.
016 12 39 44 0.98 326.95 120.62 -0.94 1650   13.93   356.2   22216.  -1.44   0.65  -2.98  -2.23    1.30  0.24  0.32  0.20   0.14  356.6    158018.  12.29  356.7  22265.
016 12 40 24 0.98 326.95 120.62 -0.94 1650   14.72   357.8   23499.  -1.23   0.66  -2.70  -2.20    1.38  0.22  0.23  0.19   0.30  345.4     49143.  14.44  355.5  23503.
016 12 41 05 0.98 326.95 120.61 -0.94 1650   14.53   359.0   24256.  -1.56   0.56  -2.69  -1.89    1.28  0.30  0.54  0.18   0.28  351.9    100546.  13.00  359.5  22762.
016 12 41 45 0.98 326.95 120.60 -0.94 1650   14.87   358.9   31286.  -0.94   0.56  -2.78  -1.79    1.33  0.18  0.05  0.10   0.41  351.8     71674.  15.86  357.9  28216.
016 12 42 26 0.98 326.95 120.60 -0.94 1650   15.20   358.7   24461.  -1.29   0.51  -3.44  -1.06    2.14  0.15  0.21  0.00   0.21  350.3    122350.  13.80  359.8  28651.
016 12 43 06 0.98 326.95 120.59 -0.94 1650   -1.00    -1.0      -1.  -1.00  -1.00  -3.54  -1.29    2.20  0.13  0.20  0.14  -1.00   -1.0        -1.  14.78  356.2  28395.
016 12 43 47 0.98 326.95 120.59 -0.94 1650   15.21   356.5   28314.  -1.08   0.64  -3.39  -1.70    2.30  0.17  0.26  0.19   0.19  351.0    103184.  13.16  357.9  24211.
016 12 44 27 0.98 326.95 120.58 -0.94 1650   15.26   357.7   30315.  -0.79   0.50  -3.43  -1.62    2.16  0.15  0.24  0.12   0.49  348.5     38098.  15.84  356.9  29454.
016 12 45 08 0.98 326.95 120.57 -0.94 1650   -1.00    -1.0      -1.  -1.00  -1.00  -3.51  -1.42    2.37  0.08  0.12  0.20  -1.00   -1.0        -1.  13.84  359.1  30851.
016 12 45 48 0.98 326.95 120.57 -0.94 1650   15.12   357.9   30574.   0.00   0.00  -3.32  -1.48    2.18  0.20  0.20  0.15   0.48  348.7     38254.  15.63  357.3  28648.
016 12 46 29 0.98 326.95 120.56 -0.94 1650   14.95   356.8   25997.  -0.65   0.50  -3.28  -1.48    2.26  0.20  0.21  0.18   0.26  347.9     97090.  13.51  356.8  23905.
016 12 47 09 0.98 326.95 120.55 -0.94 1650   -1.00    -1.0      -1.  -1.00  -1.00  -3.36  -1.45    2.07  0.21  0.16  0.20  -1.00   -1.0        -1.  -1.00   -1.0     -1.
016 12 47 50 0.98 326.95 120.55 -0.94 1650   14.51   356.6   28928.  -0.77   0.59  -3.30  -1.25    0.74  0.18  0.20  0.20   0.25  351.2    112786.  14.63  357.9  34642.
016 12 48 30 0.98 326.95 120.54 -0.94 1650   15.33   357.7   29749.  -0.45   0.64  -3.30  -1.38    0.72  0.07  0.20  0.27   0.40  348.8     39878.  15.47  357.3  33583.
016 12 49 11 0.98 326.95 120.53 -0.94 1650   15.19   357.5   29762.   0.00   0.00  -3.18  -1.44    1.02  0.19  0.29  0.24   0.28  346.6    108369.  14.63  357.8  31750.
016 12 49 51 0.98 326.95 120.53 -0.94 1650   15.61   357.6   31195.  -0.34   0.89  -3.05  -0.88    1.51  0.22  0.28  0.18   0.42  352.4     77092.  15.80  356.0  28278.
016 12 50 32 0.98 326.95 120.52 -0.94 1650   15.08   358.1   29675.   0.00   0.00  -3.11  -0.69    1.35  0.17  0.20  0.18   0.35  354.1     94933.  13.87  358.2  23772.
016 12 51 12 0.98 326.95 120.52 -0.94 1650   15.41   357.4   30753.  -0.59   0.74  -3.17  -0.93    1.25  0.18  0.14  0.18   0.44  345.3     48077.  15.62  355.7  34135.
016 12 51 53 0.98 326.95 120.51 -0.94 1650   15.89   357.2   28778.  -0.66   0.63  -3.05  -0.91    1.64  0.20  0.20  0.21   0.25  349.0     83226.  14.58  357.8  26062.
016 12 52 33 0.98 326.95 120.50 -0.94 1650   14.84   358.8   31380.  -0.97   0.76  -3.47  -0.72    1.74  0.17  0.08  0.00   0.48  353.9     76079.  15.68  357.8  31257.
016 12 53 14 0.98 326.95 120.50 -0.94 1650   15.62   357.5   29028.  -1.19   0.67   0.00   0.00    0.00  0.00  0.00  0.00   0.18  355.1    160760.  14.10  358.5  32114.
016 12 53 54 0.98 326.95 120.49 -0.94 1650   14.63   357.6   33725.  -0.51   0.49   0.00   0.00    0.00  0.00  0.00  0.00   0.49  346.5     43607.  15.45  356.8  30890.
016 12 54 35 0.98 326.95 120.48 -0.94 1650   15.02   356.6   30776.  -1.03   0.60   0.00   0.00    0.00  0.00  0.00  0.00   0.36  348.1    111448.  14.13  357.8  33228.
016 12 55 15 0.98 326.95 120.48 -0.94 1650   14.77   357.2   31341.  -0.83   0.56   0.00   0.00    0.00  0.00  0.00  0.00   0.46  353.1     83394.  14.73  357.5  27144.
016 12 55 56 0.98 326.95 120.47 -0.94 1650   -1.00    -1.0      -1.  -1.00  -1.00   0.00   0.00    0.00  0.00  0.00  0.00  -1.00   -1.0        -1.  13.73  357.8  30860.
016 12 56 36 0.98 326.95 120.47 -0.94 1650   15.43   354.8   31478.  -0.61   0.40   0.00   0.00    0.00  0.00  0.00  0.00   0.56  347.5     41853.  15.33  355.6  33352.
016 12 57 17 0.98 326.95 120.46 -0.94 1650   14.82   354.0   28301.  -0.30   0.74   0.00   0.00    0.00  0.00  0.00  0.00   0.26  351.0    161201.  15.54  352.2  24126.
016 12 57 57 0.98 326.95 120.45 -0.94 1650   14.56   352.5   23447.  -1.00   0.94  -3.36  -1.14    1.81  0.15  0.27  0.15   0.45  343.7     35863.  15.28  354.9  29506.
016 12 58 38 0.98 326.95 120.45 -0.94 1650   14.64   353.9   26410.  -1.58   0.98  -3.20  -1.50    1.74  0.14  0.16  0.00   0.30  350.0     94647.  15.43  353.5  17974.
016 12 59 18 0.98 326.95 120.44 -0.94 1650   14.15   354.7   22541.  -1.56   0.93  -3.27  -1.54    1.76  0.18  0.12  0.12   0.38  345.4     32472.  14.54  354.1  24042.
016 12 59 59 0.98 326.95 120.43 -0.94 1650   14.66   353.2   26491.  -1.75   1.04  -3.23  -1.69    1.73  0.19  0.20  0.06   0.18  350.4     91256.  16.47  353.5  14098.
016 13 00 39 0.98 326.95 120.43 -0.94 1650   14.57   353.7   22466.  -1.55   0.99  -3.07  -1.92    1.71  0.20  0.30  0.14   0.42  347.7     38072.  14.37  353.4  23633.
016 13 01 20 0.98 326.95 120.42 -0.94 1650   14.95   353.1   24815.  -1.56   0.92  -3.05  -2.00    1.61  0.18  0.25  0.21   0.20  343.1    116256.  16.96  353.7  15505.
016 13 02 00 0.98 326.95 120.41 -0.94 1650   14.47   354.6   24386.   0.00   0.00  -2.77  -2.26    1.53  0.40  0.26  0.23   0.35  347.1     46323.  15.16  354.3  25988.
016 13 02 41 0.98 326.95 120.41 -0.94 1650   15.43   353.5   29684.  -1.64   1.21  -2.18  -2.84    1.53  0.13  0.12  0.72   0.31  347.1    119608.  15.35  353.4  21541.
016 13 03 21 0.98 326.95 120.40 -0.94 1650   15.94   351.5   20728.  -1.28   1.26  -3.12  -2.49    3.43  0.15  0.23  0.16   0.31  342.9     40073.  14.90  353.0  24591.
016 13 04 02 0.98 326.95 120.40 -0.94 1650   15.87   353.1   25725.  -1.51   1.03  -3.16  -2.41    3.32  0.20  0.35  0.19   0.14  360.0    165788.  16.01  353.6  19780.
016 13 04 42 0.98 326.95 120.39 -0.94 1650   14.79   353.4   21651.  -1.31   1.15  -3.15  -2.57    3.43  0.23  0.39  0.20   0.41  347.4     37175.  14.96  353.4  23964.
016 13 05 23 0.98 326.95 120.38 -0.94 1650   15.10   354.0   24133.  -1.34   0.87  -3.35  -2.31    3.26  0.21  0.23  0.20   0.18  348.7     92399.  14.70  352.5  23548.
016 13 06 03 0.98 326.95 120.38 -0.94 1650   15.37   353.5   22531.  -1.40   0.95  -3.12  -2.43    2.96  0.25  0.27  0.53   0.34  347.8     39748.  14.81  352.9  22804.
016 13 06 44 0.98 326.95 120.37 -0.94 1650   15.83   354.5   25725.  -1.47   0.74  -3.02  -2.12    2.17  0.18  0.19  0.06   0.19  344.8    129912.  15.52  354.6  20975.
016 13 07 24 0.98 326.95 120.36 -0.94 1650   16.14   342.7   22427.   0.00   0.00  -3.14  -1.83    2.11  0.14  0.21  0.15   0.41  335.9     36578.  -1.00   -1.0     -1.
016 13 08 04 0.98 326.95 120.36 -0.94 1650   15.61   354.0   28710.  -0.92   0.75  -3.28  -1.41    2.01  0.22  0.27  0.19   0.17  349.4    155666.  15.17  354.5  21771.
016 13 08 44 0.98 326.95 120.35 -0.94 1650   -1.00    -1.0      -1.  -1.00  -1.00  -3.21  -1.32    1.92  0.14  0.16  0.20  -1.00   -1.0        -1.  14.83  355.3  29285.
016 13 09 25 0.98 326.95 120.35 -0.94 1650   14.08   352.9   28898.  -0.62   0.99  -3.02  -1.12    2.28  0.17  0.18  0.24   0.24  343.1    131225.  14.40  352.3  23428.
016 13 10 05 0.98 326.95 120.34 -0.94 1650   14.72   352.5   25221.  -0.59   0.95  -3.08  -1.07    2.30  0.18  0.41  0.19   0.44  348.0     37383.  15.06  353.3  30250.
016 13 10 47 0.98 326.95 120.33 -0.94 1650   15.39   354.4   30068.  -0.42   0.92  -3.04  -1.13    2.34  0.19  0.25  0.20   0.27  342.8    133836.  14.54  352.9  26556.
016 13 11 27 0.98 326.95 120.33 -0.94 1650   14.93   356.2   32748.  -0.97   0.78  -2.85  -2.00    1.77  0.31  0.43  0.31   0.64  347.5     39696.  15.59  355.1  33618.
016 13 12 08 0.98 326.95 120.32 -0.94 1650   14.79   355.4   30250.  -0.33   0.81  -2.98  -0.48    2.19  0.33  0.25  0.24   0.24  340.4    118595.  14.80  352.9  22385.
016 13 12 48 0.98 326.95 120.31 -0.94 1650   15.15   350.9   28239.   0.00   0.00  -2.59  -0.36    2.11  0.58  0.59  0.39   0.37  345.3     52690.  16.16  350.9  29412.
016 13 13 29 0.98 326.95 120.31 -0.94 1650   14.93   350.6   31952.  -0.63   1.32  -2.06  -2.09    1.40  0.31  0.71  0.42   0.43  346.7     97298.  15.11  349.5  30958.
016 13 14 09 0.98 326.94 120.30 -0.94 1650   13.48   356.0   34547.  -0.34   1.04  -2.29  -0.16    1.69  0.41  0.16  0.28   0.38  349.3     41463.  14.74  355.2  31949.
016 13 14 50 0.98 326.94 120.29 -0.94 1650   15.29   358.0   35759.  -0.41   0.90  -2.52   0.13    2.02  0.74  0.34  0.76   0.35  353.7    110422.  15.52  360.6  38608.
016 13 15 30 0.98 326.94 120.29 -0.94 1650   14.98   359.3   33297.  -0.28   0.81  -2.69   0.04    2.79  0.25  0.40  0.44   0.31  353.4    104107.  14.26  357.1  30539.
016 13 16 11 0.98 326.94 120.28 -0.94 1650   14.51   360.5   26699.  -1.09   0.61  -2.61  -1.14    2.76  0.37  0.31  0.20   0.24  363.2     68997.  14.42  360.9  32761.
016 13 16 51 0.98 326.94 120.28 -0.94 1650   14.79   361.8   32452.  -1.18   0.90  -2.06  -1.70    2.38  0.25  0.21  0.20   0.24  353.1     97519.  14.98  360.9  31932.
016 13 17 32 0.98 326.94 120.27 -0.94 1650   14.54   357.5   31383.  -1.13   0.87  -2.30  -1.86    2.35  0.20  0.25  0.24   0.34  355.9    129938.  13.57  360.6  30172.
016 13 18 12 0.98 326.94 120.26 -0.94 1650   13.71   360.0   30555.  -0.76   0.79  -2.60  -2.20    2.67  0.24  0.24  0.20   0.23  352.8     79587.  13.24  360.4  23587.
016 13 18 53 0.98 326.94 120.26 -0.94 1650   13.46   359.6   24916.  -0.98   0.74  -2.63  -2.25    3.03  0.19  0.13  0.66   0.24  351.7     99910.  13.11  359.6  24766.
016 13 19 33 0.98 326.94 120.25 -0.94 1650   14.82   360.3   29753.  -0.84   0.78  -2.90  -2.59    3.82  0.15  0.21  0.15   0.20  354.4    103665.  14.12  359.0  20845.
016 13 20 14 0.98 326.94 120.24 -0.94 1650   14.10   359.6   25010.  -0.83   0.77  -3.06  -2.51    3.82  0.14  0.20  0.17   0.19  356.3     44816.  13.27  360.1  23165.
016 13 20 54 0.98 326.94 120.24 -0.94 1650   13.82   359.0   30529.   0.00   0.00  -2.91  -2.76    3.69  0.13  0.16  0.19   0.20  350.0     86045.  14.38  358.3  28723.
016 13 21 34 0.98 326.94 120.23 -0.94 1650   13.00   359.1   30529.  -0.91   0.48  -2.92  -2.45    4.04  0.23  0.38  0.18   0.17  360.0     44543.  12.79  359.2  25072.
016 13 22 14 0.98 326.94 120.23 -0.94 1650   15.43   347.1   27933.   0.00   0.00  -3.01  -2.31    3.94  0.18  0.15  0.20   0.25  339.5     70531.  -1.00   -1.0     -1.
016 13 22 55 0.98 326.94 120.22 -0.94 1650   13.91   359.2   23733.  -0.67   0.81  -3.14  -2.17    4.00  0.15  0.18  0.19   0.15  360.8     48038.  13.23  359.3  25565.
016 13 23 35 0.98 326.94 120.21 -0.94 1650   13.55   361.6   30298.  -0.99   0.45  -2.91  -2.15    2.90  0.24  0.36  0.15   0.18  352.1    100040.  12.96  360.1  21989.
016 13 24 17 0.98 326.94 120.21 -0.94 1650   14.05   358.2   23736.  -1.13   1.01  -3.12  -2.07    2.78  0.23  0.32  0.25   0.21  357.7     50754.  13.63  357.3  23857.
016 13 24 57 0.98 326.94 120.20 -0.94 1650   12.70   358.4   24214.  -0.85   0.83  -3.35  -2.00    2.95  0.29  0.44  0.38   0.18  352.5     81367.  12.70  358.1  26088.
016 13 25 38 0.98 326.94 120.19 -0.94 1650    9.40   362.8   26706.  -0.41   0.06  -4.07  -1.59    3.73  0.16  0.22  0.14   0.12  350.2    116607.  10.47  362.9  34388.
016 13 26 18 0.98 326.94 120.19 -0.94 1650   10.04   362.6   30613.  -0.42   0.35  -4.16  -1.44    3.73  0.16  0.13  0.14   0.13  347.9    114125.   9.80  361.6  25250.
016 13 26 59 0.98 326.94 120.18 -0.94 1650   10.14   361.0   26394.   0.00   0.00  -4.11  -1.47    3.66  0.14  0.20  0.16   0.15  353.3     99351.   9.53  361.7  22385.
016 13 27 39 0.98 326.94 120.17 -0.94 1650   10.39   362.3   31062.  -0.25   0.13  -4.02  -1.42    3.51  0.18  0.22  0.20   0.17  354.7    121401.  10.61  362.7  25673.
016 13 28 20 0.98 326.94 120.17 -0.94 1650    9.43   362.4   33833.  -0.76   0.02  -4.04  -1.74    3.29  0.31  0.24  0.26   0.17  355.4    192465.  10.12  363.9  30237.
016 13 29 00 0.98 326.94 120.16 -0.94 1650   -1.00    -1.0      -1.  -1.00  -1.00  -4.06  -1.64    3.32  0.17  0.25  0.12  -1.00   -1.0        -1.   9.75  362.3  24438.
016 13 29 42 0.98 326.94 120.16 -0.94 1650    9.03   377.6   27972.   0.00   0.00  -4.13  -1.95    3.48  0.18  0.16  0.19   0.12  373.7     51702.  -1.00   -1.0     -1.
016 13 30 23 0.98 326.94 120.15 -0.94 1650    9.71   364.4   28833.   0.00   0.00  -4.29  -1.92    3.58  0.16  0.15  0.20   0.15  356.3    165372.   8.93  362.5  21108.
016 13 31 03 0.98 326.94 120.14 -0.94 1650    8.56   364.4   24763.  -0.30  -0.48  -4.32  -1.83    3.72  0.05  0.19  0.12   0.14  356.1     53015.   8.55  366.3  25377.
016 13 31 44 0.98 326.94 120.14 -0.94 1650    8.87   366.5   29122.  -0.10  -0.44  -4.29  -1.44    3.70  0.14  0.21  0.15   0.11  360.0    164190.   8.91  364.8  26170.
016 13 32 23 0.98 326.94 120.13 -0.94 1650   10.07   363.1   26884.   0.11  -0.03  -4.26  -0.77    3.51  0.18  0.27  0.20   0.20  355.0    116438.   9.49  362.3  24185.
016 13 33 03 0.98 326.94 120.12 -0.94 1650   11.41   361.6   28986.  -0.41   0.35  -4.23  -0.98    3.45  0.24  0.21  0.22   0.21  355.1    107420.  10.28  360.5  22317.
016 13 33 44 0.98 326.94 120.12 -0.94 1650    9.26   362.3   27040.  -0.18   0.20  -4.02  -0.90    3.63  0.15  0.18  0.18   0.28  352.0     97441.   9.22  362.2  21956.
016 13 34 24 0.98 326.94 120.11 -0.94 1650   10.63   362.0   30613.  -0.06   0.36  -4.06  -0.81    3.67  0.16  0.24  0.15   0.10  353.3    108473.  10.05  362.1  23129.
016 13 35 05 0.98 326.94 120.11 -0.94 1650    9.43   362.8   27248.  -0.04   0.19  -3.96  -0.84    3.76  0.14  0.17  0.12   0.16  361.2     47674.   9.50  362.5  21599.
016 13 35 45 0.98 326.94 120.10 -0.94 1650   10.02   363.9   31169.   0.00   0.00  -4.11  -0.74    3.58  0.23  0.21  0.28   0.15  352.2    138917.   9.91  362.3  22489.
016 13 36 26 0.98 326.94 120.09 -0.94 1650   10.46   361.3   25159.  -0.36  -0.04  -4.38  -0.66    3.40  0.15  0.17  0.17   0.11  358.7     44543.  10.26  358.8  25764.
016 13 37 06 0.98 326.94 120.09 -0.94 1650   10.60   362.2   30321.  -0.25  -0.26  -4.12  -0.78    3.48  0.23  0.15  0.21   0.13  349.8    123779.   9.94  361.7  25003.
016 13 37 47 0.98 326.94 120.08 -0.94 1650    9.55   362.9   27479.  -0.48  -0.01  -4.02  -0.83    3.73  0.27  0.17  0.49   0.10  356.0     57420.  10.26  362.3  32195.
016 13 38 27 0.98 326.94 120.07 -0.94 1650   10.06   363.1   30808.   0.00   0.00  -4.36  -1.20    4.61  0.18  0.32  0.16   0.17  356.1    116217.  10.43  363.5  22356.
016 13 39 08 0.98 326.94 120.07 -0.94 1650   11.09   361.5   25952.  -0.59   0.43  -4.33  -1.61    4.40  0.13  0.18  0.21   0.26  352.2    115593.  10.80  359.7  27849.
016 13 39 48 0.98 326.94 120.06 -0.94 1650   -1.00    -1.0      -1.  -1.00  -1.00  -4.24  -1.41    4.46  0.34  0.19  0.25  -1.00   -1.0        -1.   9.86  362.8  24204.
016 13 40 29 0.98 326.94 120.05 -0.94 1650   11.27   358.7   30204.  -0.60   0.73  -3.82  -1.22    3.74  0.12  0.26  0.56   0.15  356.9     45985.  11.06  358.4  26806.
016 13 41 09 0.98 326.94 120.05 -0.94 1650   11.73   361.6   30737.  -0.71   0.56  -3.79  -1.13    3.35  0.15  0.20  0.09   0.26  348.2     42373.  11.12  361.2  26875.
016 13 41 50 0.98 326.94 120.04 -0.94 1650   11.71   359.3   31331.  -0.66   0.59  -4.00  -1.27    3.08  0.19  0.24  0.29   0.26  351.0    121505.  10.99  360.1  23840.
016 13 42 30 0.98 326.94 120.04 -0.94 1650   11.70   360.4   31331.  -0.71   0.51  -4.05  -1.13    3.06  0.20  0.21  0.24   0.24  348.6    102820.  11.53  358.6  26459.
016 13 43 11 0.98 326.94 120.03 -0.94 1650   12.23   359.0   30035.   0.00   0.00  -4.18  -0.99    2.79  0.25  0.23  0.23   0.14  353.5     98727.  10.91  359.0  25520.
016 13 43 51 0.98 326.94 120.02 -0.94 1650   10.98   361.5   37968.  -0.86   0.74  -4.23  -0.57    3.17  0.31  0.19  0.23   0.14  349.4    104289.   9.43  359.9  30968.
016 13 44 32 0.98 326.94 120.02 -0.94 1650   10.97   356.9   36438.  -0.83   1.22  -3.75  -0.80    3.42  0.61  0.24  0.29   0.16  356.8     45037.  11.61  359.0  38488.
016 13 45 12 0.98 326.94 120.01 -0.94 1650   11.96   355.3   25978.  -0.71   0.65  -2.60  -1.02    3.71  0.27  0.21  0.23   0.17  345.7     39111.  11.95  355.0  30344.
016 13 45 53 0.98 326.94 120.00 -0.94 1650   12.95   356.1   26758.  -0.99   1.43  -2.38  -1.24    3.83  0.20  0.27  0.62   0.15  347.1    141724.  13.20  356.9  24929.
016 13 46 33 0.98 326.94 120.00 -0.94 1650   13.70   356.9   25497.  -1.00   1.25  -2.68  -1.59    4.61  0.54  0.30  0.35   0.30  352.2     76975.  13.42  356.6  25309.
016 13 47 14 0.98 326.94 119.99 -0.94 1650   12.12   357.4   28317.  -0.55   0.80  -2.58  -2.06    4.52  0.40  0.37  0.27   0.16  350.1     93517.  11.79  357.4  26991.
016 13 47 54 0.98 326.94 119.99 -0.94 1650   13.51   352.8   24113.  -0.85   1.23  -3.05  -1.94    4.30  0.19  0.40  0.19   0.28  348.8     43347.  13.02  355.0  26520.
016 13 48 35 0.98 326.94 119.98 -0.94 1650   13.46   356.4   27557.  -1.32   1.19  -3.33  -1.72    3.94  0.15  0.26  0.58   0.12  352.3     88605.  12.11  357.0  22970.
016 13 49 15 0.98 326.94 119.97 -0.94 1650   13.58   356.7   24295.  -1.26   1.00  -3.05  -1.73    3.08  0.41  0.39  0.26   0.36  348.8     41489.  14.08  358.6  29152.
016 13 49 56 0.98 326.94 119.97 -0.94 1650   14.20   357.1   28804.   0.00   0.00  -2.95  -1.37    3.30  0.19  0.44  0.19   0.21  355.5    146999.  13.62  356.8  25604.
016 13 50 36 0.98 326.94 119.96 -0.94 1650   14.00   359.3   28560.  -1.46   1.64  -3.42  -1.57    2.67  0.23  0.25  0.32   0.20  352.0     93906.  13.29  359.6  22931.
016 13 51 17 0.98 326.94 119.95 -0.94 1650   13.70   355.6   26608.  -1.15   1.31  -2.21  -2.13    3.27  0.48  0.22  0.39   0.19  350.1     84239.  12.48  357.5  23025.
016 13 51 57 0.98 326.94 119.95 -0.94 1650   14.08   355.2   24363.  -0.90   1.12  -2.17  -2.30    3.39  0.15  0.10  0.09   0.26  345.6     35317.  14.29  354.6  25426.
016 13 52 38 0.98 326.94 119.94 -0.94 1650   14.01   354.4   26995.  -1.20   1.05  -2.44  -1.85    3.44  0.12  0.29  0.18   0.19  350.1     84200.  13.40  356.0  25380.
016 13 53 18 0.98 326.94 119.93 -0.94 1650   13.56   355.5   24169.  -1.24   1.18  -2.40  -1.85    3.41  0.25  0.27  0.20   0.29  347.8     40684.  14.61  353.7  28284.
016 13 53 59 0.98 326.94 119.93 -0.94 1650   14.49   353.9   25916.  -0.94   1.11  -1.93  -2.18    3.47  0.13  0.14  0.17   0.22  345.6    119452.  14.61  352.4  22882.
016 13 54 39 0.98 326.94 119.92 -0.94 1650   13.70   354.4   22794.  -0.78   1.18  -1.65  -2.24    3.61  0.28  0.23  0.18   0.30  352.1     92217.  13.91  354.2  25189.
016 13 56 41 0.98 326.94 119.90 -0.94 1650   10.42   359.9   31867.   0.00   0.00  -4.39  -0.21    2.75  0.63  0.55  0.34   0.15  350.0    103483.  10.52  362.9  28814.
016 13 57 21 0.98 326.94 119.90 -0.94 1650   12.18   357.3   35528.  -0.59   0.73  -3.79  -0.67    3.15  0.28  0.39  0.20   0.20  346.9     50819.  11.79  356.1  31968.
016 13 58 02 0.98 326.94 119.89 -0.94 1650   11.48   359.6   31552.  -0.75   0.07  -3.69  -0.94    3.13  0.20  0.32  0.20   0.17  357.0     44244.  11.91  362.0  29477.
016 13 58 42 0.98 326.94 119.88 -0.94 1650   12.84   358.5   33849.  -0.84   0.55  -3.48  -0.78    3.14  0.12  0.17  0.24   0.22  348.6     45284.  12.72  357.1  28505.
016 13 59 23 0.98 326.93 119.88 -0.94 1650   12.97   357.6   31867.  -0.81   0.39  -3.55  -0.97    2.89  0.20  0.20  0.23   0.17  352.0     82082.  11.68  358.7  23698.
016 14 00 03 0.98 326.93 119.87 -0.94 1650   12.75   360.2   31162.  -0.71   0.57  -2.48  -1.04    3.75  0.63  0.23  0.33   0.31  355.1    108693.  11.67  357.7  28967.
016 14 00 44 0.98 326.93 119.87 -0.94 1650   13.32   355.6   28109.  -1.05   0.94  -2.20  -1.89    3.38  0.27  0.37  0.30   0.18  346.1    118231.  12.83  356.5  23301.
016 14 01 24 0.98 326.93 119.86 -0.94 1650   13.51   354.8   23451.  -0.93   0.65  -2.64  -2.16    3.00  0.37  0.34  0.22   0.09  397.1    192673.  13.84  354.4  24422.
016 14 02 05 0.98 326.93 119.85 -0.94 1650   12.50   358.1   31591.   0.00   0.00  -3.69  -1.37    2.93  0.31  0.25  0.18   0.14  352.9     98467.  11.99  358.0  29009.
016 14 02 45 0.98 326.93 119.85 -0.94 1650   12.18   361.2   33131.  -0.85   0.36  -3.74  -1.59    2.21  0.21  0.82  0.62   0.24  348.2     43243.  12.29  358.7  27138.
016 14 03 26 0.98 326.93 119.84 -0.94 1650   12.46   352.7   27956.  -1.21   1.25  -3.73  -2.77    1.62  0.59  1.06  0.44   0.18  345.7    117295.  12.33  352.8  22327.
016 14 04 06 0.98 326.93 119.83 -0.94 1650   11.20   359.2   32033.  -0.89   0.73  -4.62  -0.71    2.57  0.23  0.27  0.19   0.24  351.2     78691.  11.09  357.7  30279.
016 14 04 47 0.98 326.93 119.83 -0.94 1650   11.42   359.1   32416.  -0.76   0.55  -4.66  -0.29    2.66  0.15  0.19  0.18   0.22  349.4    104756.  12.01  358.9  27670.
016 14 05 27 0.98 326.93 119.82 -0.94 1650   12.55   362.3   34203.  -0.78   0.48  -4.40  -0.29    2.72  0.21  0.12  0.20   0.22  352.5     86409.  11.88  360.9  34236.
016 14 06 08 0.98 326.93 119.81 -0.94 1650   10.78   363.8   30451.  -1.03   0.16  -4.08  -0.22    2.67  0.19  0.24  0.18   0.15  355.6     52859.  12.13  364.8  33479.
016 14 06 48 0.98 326.93 119.81 -0.94 1650   11.22   359.3   31218.  -1.23   0.31  -4.38   0.33    2.82  0.17  0.28  0.19   0.26  350.7     66801.  11.95  358.9  32494.
016 14 07 29 0.98 326.93 119.80 -0.94 1650   13.05   356.0   30925.  -1.56   0.98  -4.06   1.68    3.09  0.62  0.90  0.37   0.25  350.9    170050.  13.61  354.2  25114.
016 14 08 09 0.98 326.93 119.80 -0.94 1650   10.60   358.6   39943.  -1.14   0.99  -4.49   0.20    3.44  0.20  0.50  0.19   0.30  351.2     66022.   9.80  356.7  40924.
016 14 08 50 0.98 326.93 119.79 -0.94 1650    8.21   364.1   26348.  -0.86  -0.21  -4.81   0.77    3.79  0.17  0.30  0.22   0.15  360.1     46414.   9.10  364.3  29272.
016 14 09 30 0.98 326.93 119.78 -0.94 1650   10.54   360.3   32306.  -0.92   0.59  -4.60   1.26    3.93  0.16  0.25  0.18   0.12  354.3    116178.   9.71  358.8  31426.
016 14 10 11 0.98 326.93 119.78 -0.94 1650    9.66   357.3   35561.  -0.84   0.95  -4.29   1.14    3.87  0.18  0.10  0.20   0.17  352.3    192010.   9.83  358.4  23512.
016 14 10 51 0.98 326.93 119.77 -0.94 1650   10.75   357.5   27531.  -0.63   0.92  -4.08   1.23    3.77  0.26  0.14  0.21   0.18  350.7     79730.  10.99  357.5  27605.
016 14 11 32 0.98 326.93 119.76 -0.94 1650   12.20   372.3   32563.   0.00   0.00  -3.59   1.51    3.66  0.33  0.25  0.11   0.30  370.3    185227.  -1.00   -1.0     -1.
016 14 12 52 0.98 326.93 119.75 -0.94 1650    9.69   361.7   26972.  -0.77   0.49  -4.29   1.20    3.72  0.17  0.16  0.16   0.28  358.4     51417.   9.71  361.7  23204.
016 14 13 32 0.98 326.93 119.75 -0.94 1650   10.98   362.5   30763.  -0.71   0.39  -4.26   1.18    3.74  0.18  0.16  0.19   0.24  353.7     99533.  10.55  362.6  26719.
016 14 14 49 0.98 326.93 119.73 -0.94 1650    8.87   364.6   25692.   0.00   0.00  -4.65   1.28    3.87  0.15  0.30  0.20   0.18  354.6     71141.   8.51  363.4  21804.
016 14 15 29 0.98 326.93 119.73 -0.94 1650   -1.00    -1.0      -1.  -1.00  -1.00  -4.84   1.28    4.00  0.16  0.16  0.14  -1.00   -1.0        -1.  -1.00   -1.0     -1.
016 14 15 35 0.98 326.93 119.73 -0.94 1650    8.48   363.9   25669.  -0.59   0.30   0.00   0.00    0.00  0.00  0.00  0.00   0.12  358.6     43088.   7.92  362.8  22401.
016 14 16 15 0.98 326.93 119.72 -0.94 1650    9.71   360.9   33241.  -0.57   0.51  -4.93   0.84    3.97  0.22  0.27  0.19   0.15  353.5    151170.   8.30  359.8  29678.
016 14 16 56 0.98 326.93 119.71 -0.94 1650    9.88   356.1   35116.  -0.43   1.12  -4.86   0.62    3.73  0.20  0.20  0.12   0.18  351.6    113891.   9.79  356.7  27566.
016 14 17 36 0.98 326.93 119.71 -0.94 1650    9.70   359.1   33560.  -0.46   1.08  -4.94   0.84    3.79  0.14  0.08  0.14   0.15  349.5    152690.   9.97  356.9  37796.
016 14 18 17 0.98 326.93 119.70 -0.94 1650    8.39   362.2   26387.  -0.63   0.25  -5.01   0.85    4.12  0.13  0.09  0.11   0.13  358.6     42503.   8.07  360.2  26923.
016 14 18 57 0.98 326.93 119.69 -0.94 1650    8.75   362.7   27823.  -0.62   0.30  -4.96   1.01    4.10  0.19  0.18  0.07   0.16  354.0    102106.   8.05  363.2  22934.
016 14 19 38 0.98 326.93 119.69 -0.94 1650    8.71   360.2   24883.  -0.81   0.38  -4.85   1.28    3.90  0.17  0.19  0.24   0.16  349.8    102937.   8.19  361.3  22080.
016 14 20 18 0.98 326.93 119.68 -0.94 1650   10.56   357.4   33998.  -0.51   1.17  -4.67   1.34    3.81  0.16  0.19  0.20   0.17  348.0     45868.  10.60  352.4  36867.
016 14 20 59 0.98 326.93 119.68 -0.94 1650    9.38   358.0   32254.  -0.96   1.04  -4.64   1.10    4.04  0.28  0.26  0.37   0.19  358.6    162124.   9.56  358.0  28469.
016 14 21 39 0.98 326.93 119.67 -0.94 1650    8.50   361.5   28811.  -0.62  -0.20  -4.48   1.01    4.40  0.22  0.20  0.11   0.12  349.7    134850.   8.28  360.5  19985.
016 14 22 20 0.98 326.93 119.66 -0.94 1650    7.94   375.8   26595.   0.00   0.00  -4.73   1.01    4.17  0.07  0.15  0.14   0.08  372.1     51949.  -1.00   -1.0     -1.
016 14 23 41 0.98 326.93 119.65 -0.94 1650    8.42   360.3   30230.  -0.82   0.36  -4.70   0.92    4.13  0.00  0.00  0.00   0.12  364.2    100793.   7.75  362.0  22427.
016 14 24 21 0.98 326.93 119.64 -0.94 1650    8.27   361.7   28801.  -0.84   0.24  -4.67   0.98    5.66  0.23  0.17  0.11   0.13  351.6    163696.   8.40  361.2  25250.
016 14 25 02 0.98 326.93 119.64 -0.94 1650    8.08   375.6   28486.   0.00   0.00  -4.87   0.88    5.49  0.14  0.24  0.17   0.15  365.4    114424.  -1.00   -1.0     -1.
016 14 43 41 0.98 326.93 119.46 -0.94 1650    8.09   363.7   28505.  -0.82  -0.34  -4.21   1.54    4.71  0.17  0.20  0.19   0.11  356.4    130289.   8.54  363.3  25377.
016 14 44 22 0.98 326.93 119.46 -0.94 1650    7.69   362.6   24139.  -0.89  -0.73  -4.23   1.61    4.71  0.16  0.14  0.18   0.07  358.4     50429.   8.54  365.3  31685.
016 14 45 02 0.98 326.92 119.45 -0.94 1650    8.68   349.7   25111.   0.00   0.00  -4.37   1.56    4.62  0.14  0.10  0.20   0.08  342.4    108511.  -1.00   -1.0     -1.
016 14 45 43 0.98 326.92 119.44 -0.94 1650    7.46   362.3   23987.  -0.86  -0.53  -4.40   1.47    4.83  0.09  0.14  0.10   0.07  358.4     50455.   7.83  363.2  21885.
016 14 46 24 0.98 326.92 119.44 -0.94 1650    8.03   363.1   27602.  -0.63  -0.55  -4.30   1.23    4.82  0.12  0.17  0.09   0.07  353.1    122415.   8.00  362.3  26364.
016 14 47 05 0.98 326.92 119.43 -0.94 1650    7.50   362.5   24692.  -0.82  -0.47  -4.56   1.05    6.03  0.14  0.20  0.00   0.08  358.4     48220.   7.99  363.8  28645.
016 14 47 45 0.98 326.92 119.43 -0.94 1650    8.21   362.8   26420.  -0.97  -0.48  -4.53   0.99    6.00  0.12  0.19  0.10   0.12  353.5     97168.   8.48  363.1  25335.
016 14 48 26 0.98 326.92 119.42 -0.94 1650    7.66   361.3   24480.  -0.95  -0.25  -4.66   0.87    6.01  0.17  0.10  0.12   0.15  360.1     46375.   7.62  362.2  24013.
016 14 49 06 0.98 326.92 119.41 -0.94 1650    7.29   359.6   24195.  -0.91  -0.02  -4.86   0.97    5.78  0.19  0.16  0.19   0.11  345.6     43399.   7.50  360.6  20397.
016 14 49 47 0.98 326.92 119.41 -0.94 1650    7.39   360.4   23584.   0.00   0.00  -4.85   0.82    5.86  0.15  0.23  0.21   0.09  358.6     46752.   7.07  360.4  22294.
016 14 50 27 0.98 326.92 119.40 -0.94 1650    7.38   359.6   22905.  -0.76   0.04  -4.82   0.80    5.88  0.09  0.09  0.19   0.11  350.6     87903.   7.08  360.3  19403.
016 14 51 08 0.98 326.92 119.39 -0.94 1650    7.89   361.8   25760.   0.00   0.00  -4.88   0.92    5.65  0.13  0.17  0.10   0.09  358.6     47285.   8.26  362.5  29704.
016 14 51 48 0.98 326.92 119.39 -0.94 1650    8.81   359.1   23707.  -0.72  -0.06  -4.48   0.99    5.70  0.13  0.32  0.15   0.18  340.4     86318.   9.28  361.9  25224.
016 14 52 29 0.98 326.92 119.38 -0.94 1650    8.80   360.3   24240.  -0.83   0.14  -4.48   0.94    5.42  0.17  0.19  0.56   0.15  363.5     80757.   8.67  360.1  22135.
016 14 53 09 0.98 326.92 119.37 -0.94 1650    9.09   359.0   24552.  -0.63   0.24  -4.30   1.13    4.36  0.13  0.10  0.16   0.15  351.6     95817.   9.26  360.1  22379.
016 14 53 50 0.98 326.92 119.37 -0.94 1650    9.21   357.6   29174.  -0.43   0.71  -4.07   1.25    4.48  0.19  0.12  0.10   0.16  354.3     74455.   8.73  359.3  22911.
016 14 54 30 0.98 326.92 119.36 -0.94 1650    9.20   356.8   25169.  -0.67   0.69  -4.00   1.19    4.62  0.20  0.15  0.20   0.26  347.7     40944.   9.82  356.7  32579.
016 14 55 11 0.98 326.92 119.36 -0.94 1650    9.01   359.2   22876.  -0.56   0.16  -4.47   0.91    5.52  0.17  0.14  0.18   0.14  349.1    109538.   8.52  359.6  25445.
016 14 55 51 0.98 326.92 119.35 -0.94 1650    9.91   359.6   30263.  -0.76   0.19  -4.61   0.92    5.52  0.19  0.13  0.17   0.19  350.9     86045.   8.64  359.5  21203.
016 14 56 32 0.98 326.92 119.34 -0.94 1650    9.22   357.6   30916.  -0.56   0.48  -4.49   0.76    5.64  0.24  0.18  0.11   0.16  352.3    105757.   9.25  357.2  27550.
016 14 57 12 0.98 326.92 119.34 -0.94 1650    8.57   360.2   29788.  -0.80   0.49  -4.39   0.58    5.65  0.18  0.14  0.09   0.18  350.2     72817.   9.05  361.0  26066.
016 14 57 53 0.98 326.92 119.33 -0.94 1650    9.35   358.4   29805.  -0.83   0.60  -4.38   0.60    5.74  0.18  0.15  0.17   0.11  356.6     49520.   8.91  357.8  25403.
016 14 58 33 0.98 326.92 119.32 -0.94 1650    9.17   357.8   32351.  -0.80   0.72  -4.42   0.71    5.81  0.17  0.21  0.20   0.10  342.2     59122.   9.15  356.8  30513.
016 14 59 14 0.98 326.92 119.32 -0.94 1650    8.38   358.2   32127.  -0.77   0.39  -4.42   0.65    5.82  0.17  0.16  0.20   0.12  356.4    147428.   8.51  359.0  26212.
016 14 59 54 0.98 326.92 119.31 -0.94 1650    8.24   358.4   24776.  -0.68   0.52  -4.14   0.98    6.10  0.14  0.23  0.19   0.16  351.8     82056.   8.33  358.9  28505.
016 15 00 35 0.98 326.92 119.31 -0.94 1650    8.76   356.3   30467.  -0.95   0.64  -4.42   0.33    5.82  0.20  0.23  0.19   0.15  353.0    114476.   8.23  356.4  22193.
016 15 01 15 0.98 326.92 119.30 -0.94 1650    8.91   355.3   27813.  -1.11   0.90  -4.29   0.21    4.88  0.18  0.18  0.50   0.23  351.1     71336.   9.09  354.7  26248.
016 15 01 56 0.98 326.92 119.29 -0.94 1650    8.65   357.5   27943.  -1.17   0.64  -4.11   0.10    4.81  0.21  0.15  0.19   0.10  351.0    100728.   8.45  357.6  27583.
016 15 02 36 0.98 326.92 119.29 -0.94 1650    8.84   355.4   26300.   0.00   0.00  -4.06   0.27    4.82  0.29  0.24  0.18   0.17  345.8     38748.   9.05  355.1  26767.
016 15 03 17 0.98 326.92 119.28 -0.94 1650    8.04   360.4   25241.  -0.86  -0.01  -4.82   1.01    4.26  0.23  0.18  0.18   0.09  362.9     96063.   7.20  359.3  20728.
016 15 03 57 0.98 326.92 119.27 -0.94 1650    7.75   360.3   28213.  -1.06   0.13  -4.69   1.06    4.39  0.10  0.12  0.10   0.09  345.5     45621.   7.32  359.7  21443.
016 15 04 38 0.98 326.92 119.27 -0.94 1650    7.36   359.4   25916.  -1.10  -0.10  -4.58   1.08    4.53  0.16  0.17  0.17   0.11  360.0     50117.   7.59  358.6  24311.
016 15 05 18 0.98 326.92 119.26 -0.94 1650    8.07   358.4   25003.  -1.01   0.08  -4.71   1.06    4.47  0.07  0.12  0.15   0.13  341.6     57095.   7.87  360.9  24769.
016 15 05 59 0.98 326.92 119.25 -0.94 1650    7.66   358.9   25215.  -1.17  -0.12  -4.73   1.01    4.38  0.12  0.12  0.17   0.08  358.3     48545.   7.91  359.7  22505.
016 15 06 39 0.98 326.92 119.25 -0.94 1650    7.07   359.4   29356.  -1.13  -0.38  -4.84   0.95    4.46  0.20  0.13  0.12   0.10  349.2     85993.   7.09  358.6  21531.
016 15 07 20 0.98 326.92 119.24 -0.94 1650    6.98   359.8   26176.   0.00   0.00  -4.83   1.14    4.42  0.29  0.55  0.28   0.08  353.6    100143.   7.31  363.4  33687.
016 15 08 00 0.98 326.92 119.24 -0.94 1650    7.37   360.6   30360.   0.00   0.00  -4.60   1.33    4.55  0.24  0.27  0.18   0.13  352.3    104769.   7.14  360.2  22616.
016 15 08 41 0.98 326.92 119.23 -0.94 1650    6.63   362.2   27112.  -1.13  -0.68  -4.59   1.14    4.69  0.21  0.20  0.22   0.13  358.4     42516.   6.41  364.1  26676.
016 15 09 21 0.98 326.92 119.22 -0.94 1650    7.37   363.0   32143.  -1.75  -0.37  -4.58   0.95    4.78  0.15  0.30  0.19   0.11  341.2     60356.   7.14  363.3  18143.
016 15 10 02 0.98 326.92 119.22 -0.94 1650    6.67   359.9   25374.  -1.05  -0.79  -4.65   1.14    4.56  0.13  0.20  0.18   0.06  351.6    121804.   7.01  360.2  27482.
016 15 10 42 0.98 326.92 119.21 -0.94 1650    7.05   360.9   29704.  -1.06  -0.76  -4.69   1.29    4.46  0.17  0.20  0.10   0.10  347.1     50520.   6.90  360.0  21216.
016 15 11 23 0.98 326.92 119.20 -0.94 1650    6.88   360.8   26936.  -0.91  -0.60  -4.63   1.60    4.45  0.16  0.30  0.11   0.11  350.4    126703.   7.15  362.4  31491.
016 15 12 03 0.98 326.92 119.20 -0.95 1650    7.18   360.9   28882.  -1.15  -0.69  -4.70   1.06    4.51  0.09  0.11  0.16   0.10  349.5     88371.   7.16  362.0  21329.
016 15 12 44 0.98 326.92 119.19 -0.95 1650    7.07   359.2   29792.  -0.97  -0.48  -4.64   0.92    4.67  0.13  0.23  0.23   0.10  349.2    113423.   7.05  359.9  24221.
016 15 13 24 0.98 326.92 119.19 -0.95 1650    7.19   362.7   29246.  -1.24  -0.56  -4.73   1.26    4.43  0.12  0.15  0.09   0.08  345.4     47921.   7.07  362.1  23379.
016 15 14 05 0.98 326.92 119.18 -0.95 1650    6.88   360.6   23178.  -1.25  -0.60  -4.89   1.09    4.33  0.16  0.23  0.23   0.08  352.4    102820.   6.67  358.7  23213.
016 15 14 45 0.98 326.92 119.17 -0.95 1650    7.30   361.6   29977.  -0.97  -0.52  -4.87   0.93    4.48  0.14  0.38  0.13   0.11  346.2    134174.   7.04  361.0  23603.
016 15 15 26 0.98 326.92 119.17 -0.95 1650    6.65   363.4   23032.  -0.89  -0.68  -5.01   0.64    4.45  0.13  0.20  0.16   0.09  358.4     47142.   6.57  363.0  20248.
016 15 16 06 0.98 326.92 119.16 -0.95 1650    6.89   361.9   26634.  -1.09  -0.19  -4.76   1.12    4.54  0.19  0.30  0.15   0.09  352.1    127534.   7.20  361.0  25111.
016 15 16 47 0.98 326.92 119.15 -0.95 1650    7.16   358.9   24529.  -0.83   0.35  -4.81   0.37    4.35  0.13  0.24  0.20   0.10  354.4     63319.   7.53  358.1  26641.
016 15 17 27 0.98 326.92 119.15 -0.95 1650    7.64   358.4   33157.  -0.74   0.46  -4.78   0.42    4.22  0.16  0.22  0.16   0.15  352.7    111409.   8.13  355.9  31107.
016 15 18 08 0.98 326.92 119.14 -0.95 1650    8.51   357.2   30825.   0.00   0.00  -4.53   0.11    4.35  0.20  0.23  0.24   0.11  349.2    109538.   8.33  357.2  28167.
016 15 18 48 0.98 326.92 119.13 -0.95 1650    7.86   358.8   30474.  -1.01   0.18  -4.55  -0.30    4.47  0.19  0.10  0.14   0.20  351.5     96141.   8.09  357.1  28603.
016 15 19 29 0.98 326.92 119.13 -0.95 1650    7.90   356.4   32988.  -1.18   0.28  -4.91  -0.86    5.34  0.17  0.21  0.09   0.10  347.2    107277.   7.53  358.0  26715.
016 15 20 09 0.98 326.92 119.12 -0.95 1650    7.77   356.4   32273.  -1.28   0.30  -5.00  -0.84    5.13  0.12  0.20  0.22   0.12  347.2     48103.   8.63  354.8  27930.
016 15 20 50 0.98 326.92 119.12 -0.95 1650    7.27   355.1   31156.  -0.88   0.23  -5.17  -0.73    5.21  0.17  0.13  0.18   0.08  348.6    115840.   6.54  357.4  25370.
016 15 21 30 0.98 326.92 119.11 -0.95 1650   10.12   349.1   23558.  -1.18   1.13  -4.46  -1.16    4.53  0.26  0.20  0.28   0.31  344.0     37513.  10.85  350.8  27245.
016 15 22 11 0.98 326.92 119.10 -0.95 1650   11.36   348.3   29980.  -1.18   1.44  -4.39  -0.91    4.53  0.20  0.18  0.12   0.20  339.3    115008.  11.75  346.8  36237.
016 15 22 51 0.98 326.92 119.10 -0.95 1650   11.53   349.5   24877.  -1.22   0.90  -4.29  -1.19    4.43  0.16  0.21  0.17   0.30  345.5     34096.  11.57  350.9  27933.
016 15 23 32 0.98 326.92 119.09 -0.95 1650   12.44   348.3   28080.  -1.37   1.40  -4.13  -1.06    4.38  0.27  0.42  0.38   0.23  335.5     41164.  13.05  348.5  22333.
016 15 24 12 0.98 326.92 119.08 -0.95 1650   -1.00    -1.0      -1.  -1.00  -1.00  -4.81  -0.06    5.67  0.19  0.16  0.16  -1.00   -1.0        -1.  -1.00   -1.0     -1.
016 15 24 53 0.98 326.92 119.08 -0.95 1650    7.89   356.1   29152.  -1.00   0.01  -4.50   0.06    5.73  0.11  0.14  0.02   0.10  350.4    108187.   8.72  359.2  41226.
016 15 25 33 0.98 326.92 119.07 -0.95 1650    9.45   354.5   29636.  -0.90   1.05  -4.79  -0.07    5.36  0.26  0.18  0.21   0.17  351.8     89268.   9.47  353.2  40079.
016 15 26 14 0.98 326.92 119.07 -0.95 1650   11.50   346.8   28996.  -1.49   1.63  -4.35  -0.58    4.48  0.22  0.34  0.18   0.28  339.0     84967.  12.56  346.0  27648.
016 15 26 54 0.98 326.92 119.06 -0.95 1650   12.39   347.0   28736.   0.00   0.00  -4.35   0.25    3.64  0.19  0.38  0.56   0.41  347.3     35928.  13.06  348.8  34284.
016 15 27 35 0.98 326.92 119.05 -0.95 1650    9.02   355.2   27638.  -1.16   0.63  -4.50   0.63    3.73  0.09  0.10  0.18   0.17  343.0    146207.   8.02  356.6  20680.
016 15 28 15 0.98 326.92 119.05 -0.95 1650    8.97   355.1   25816.  -1.20   0.61  -4.44   0.40    3.78  0.16  0.26  0.13   0.17  347.7     45855.   9.33  353.5  27933.
016 15 28 56 0.98 326.92 119.04 -0.95 1650   10.48   352.3   34427.  -1.44   1.30  -4.41   0.10    3.78  0.25  0.35  0.24   0.12  349.5    104276.  12.07  352.8  33310.
016 15 29 36 0.98 326.92 119.03 -0.95 1650    8.44   357.0   24493.  -1.35   0.15  -4.65   0.92    4.07  0.12  0.25  0.16   0.19  346.8     42126.   7.73  358.3  20771.
016 15 30 17 0.98 326.92 119.03 -0.95 1650    7.48   358.3   24295.  -1.41  -0.08  -4.60   1.13    4.06  0.18  0.26  0.11   0.13  348.5    111838.   6.90  358.4  21869.
016 15 30 57 0.98 326.92 119.02 -0.95 1650    7.97   355.7   26442.  -1.20   0.19  -4.65   1.21    3.99  0.16  0.23  0.20   0.26  345.4     42425.   8.39  355.0  25348.
016 15 31 38 0.98 326.91 119.01 -0.95 1650    6.88   358.2   23707.  -1.42  -0.19  -4.67   1.35    4.03  0.17  0.20  0.22   0.11  354.4     97675.   6.41  358.2  20277.
016 15 32 18 0.98 326.91 119.01 -0.95 1650    7.25   358.4   24311.  -1.39  -0.04  -4.71   1.49    4.11  0.15  0.21  0.18   0.16  345.3     47908.   8.15  356.2  32020.
016 15 32 59 0.98 326.91 119.00 -0.95 1650    6.71   360.3   23749.  -1.40  -0.31  -4.60   1.82    4.34  0.12  0.16  0.17   0.09  352.9    110487.   6.31  360.5  23616.
016 15 33 39 0.98 326.91 119.00 -0.95 1650    7.85   356.4   23967.  -1.56  -0.34  -4.58   1.55    4.04  0.15  0.20  0.09   0.10  345.3     44777.   7.29  358.5  20569.
016 15 34 20 0.98 326.91 118.99 -0.95 1650    6.88   359.5   24604.  -1.65  -0.31  -4.56   1.72    4.09  0.10  0.16  0.13   0.11  362.9     90762.   6.45  359.2  23126.
016 15 35 00 0.98 326.91 118.98 -0.95 1650    6.84   360.6   26930.  -1.42  -0.14  -4.56   1.71    4.08  0.13  0.16  0.12   0.18  350.4     74221.   6.94  360.7  20144.
016 15 35 41 0.98 326.91 118.98 -0.95 1650    7.20   359.4   24143.   0.00   0.00  -4.51   1.74    4.10  0.19  0.18  0.14   0.08  348.5    113670.   6.61  358.5  21677.
016 15 36 21 0.98 326.91 118.97 -0.95 1650    6.98   360.6   29528.  -1.50  -0.22  -4.63   1.69    4.04  0.18  0.16  0.00   0.12  345.3     42763.   6.97  360.1  21336.
016 15 37 02 0.98 326.91 118.96 -0.95 1650    6.99   359.0   24951.  -1.71  -0.12  -4.61   1.73    4.06  0.11  0.16  0.12   0.09  356.1    167854.   6.60  359.7  23779.
016 15 37 42 0.98 326.91 118.96 -0.95 1650    7.06   359.8   28908.  -1.87  -0.13  -4.61   1.58    4.11  0.14  0.20  0.15   0.10  345.2     44244.   7.15  358.2  27527.
016 15 38 23 0.98 326.91 118.95 -0.95 1650    6.86   358.9   23106.  -1.96  -0.18  -4.73   1.72    4.06  0.20  0.14  0.12  -1.00   -1.0        -1.   6.42  359.1  21791.
016 15 39 03 0.98 326.91 118.95 -0.95 1650    6.75   358.8   29093.  -1.86  -0.34  -4.64   1.78    4.18  0.16  0.13  0.19   0.16  345.2     39501.   6.78  359.8  20793.
016 15 39 44 0.98 326.91 118.94 -0.95 1650    6.55   358.6   23931.  -1.91  -0.20  -4.61   1.83    4.07  0.12  0.18  0.10   0.10  348.8    105263.   6.53  356.9  25647.
016 15 40 24 0.98 326.91 118.93 -0.95 1650    6.36   357.7   26248.  -1.99  -0.31  -4.71   1.72    4.15  0.21  0.22  0.18   0.12  343.3     47791.   6.20  359.0  21735.
016 15 41 05 0.98 326.91 118.93 -0.95 1650    6.24   359.3   24402.  -1.89  -0.51  -4.75   1.85    4.27  0.20  0.11  0.22   0.07  352.3    105991.   6.13  360.3  23425.
016 15 41 45 0.98 326.91 118.92 -0.95 1650    6.96   358.9   30233.  -1.97  -0.42  -4.61   1.91    4.21  0.16  0.13  0.20   0.09  345.1     45543.   6.85  359.2  21810.
016 15 42 26 0.98 326.91 118.91 -0.95 1650    6.73   359.5   23672.  -2.14  -0.43  -4.63   1.91    4.18  0.17  0.15  0.19   0.05  357.9     56016.   6.14  358.6  21086.
016 15 43 06 0.98 326.91 118.91 -0.95 1650    6.49   357.0   24240.  -2.24  -0.19  -4.61   1.72    4.19  0.17  0.19  0.20   0.06  341.8    103717.   6.69  356.2  29714.
016 15 43 47 0.98 326.91 118.90 -0.95 1650    6.66   358.9   25101.  -1.99  -0.10  -4.57   1.77    4.24  0.12  0.17  0.20   0.07  350.0    117334.   6.68  359.1  23123.
016 15 44 27 0.98 326.91 118.89 -0.95 1650    6.52   359.0   23009.  -2.16  -0.35  -4.59   2.02    4.17  0.18  0.19  0.19   0.07  353.0    116581.   6.69  362.0  17763.
016 15 45 08 0.98 326.91 118.89 -0.95 1650   -1.00    -1.0      -1.  -1.00  -1.00  -4.66   2.00    4.12  0.17  0.22  0.16  -1.00   -1.0        -1.   6.94  356.3  27359.
016 15 45 48 0.98 326.91 118.88 -0.95 1650    6.54   359.8   29931.  -2.22  -0.18  -4.70   1.79    4.11  0.21  0.10  0.15   0.14  349.4     79042.   6.46  361.1  22369.
016 15 46 29 0.98 326.91 118.88 -0.95 1650    6.64   357.4   29515.  -1.89  -0.22  -4.63   1.81    4.12  0.13  0.09  0.18  -1.00   -1.0        -1.   6.73  358.6  26722.
016 15 47 09 0.98 326.91 118.87 -0.95 1650    6.71   360.1   29983.  -1.97  -0.36  -4.62   1.81    4.04  0.12  0.07  0.09   0.14  345.2     40957.   6.45  360.1  21609.
016 15 47 50 0.98 326.91 118.86 -0.95 1650    6.73   359.9   24363.  -1.89  -0.37  -4.61   1.81    3.98  0.19  0.19  0.14   0.06  358.0     53418.   6.61  360.0  22840.
016 15 48 30 0.98 326.91 118.86 -0.95 1650    7.89   356.4   24529.  -1.85   0.17  -4.49   1.55    3.90  0.20  0.20  0.19   0.20  348.0     45491.   8.21  357.2  24955.
016 15 49 11 0.98 326.91 118.85 -0.95 1650    8.07   355.6   31390.   0.00   0.00  -4.59   1.66    3.91  0.11  0.18  0.23   0.09  349.4    110240.   7.36  356.4  22755.
016 15 49 51 0.98 326.91 118.84 -0.95 1650    7.02   360.8   27638.  -1.87  -0.34  -4.61   1.95    4.12  0.14  0.21  0.16   0.09  342.5     57654.   6.83  361.8  25296.
016 15 50 32 0.98 326.91 118.84 -0.95 1650    6.56   359.5   23652.   0.00   0.00  -4.41   2.04    4.25  0.23  0.16  0.22  -1.00   -1.0        -1.   6.89  358.4  26965.
016 15 51 12 0.98 326.91 118.83 -0.95 1650    7.64   354.6   24393.  -1.86   0.07  -4.23   1.84    4.09  0.18  0.20  0.13   0.16  343.6     44192.   8.31  354.5  26504.
016 15 51 53 0.98 326.88 118.79 -0.96 1650   -1.00    -1.0      -1.  -1.00  -1.00  -4.57   1.54    5.33  0.27  0.24  0.21  -1.00   -1.0        -1.  -1.00   -1.0     -1.
016 15 52 15 0.98 326.91 118.82 -0.95 1650   11.16   348.1   23035.   0.00   0.00  -4.84   1.84    4.90  0.14  0.32  0.60   0.31  348.1     40346.  12.13  349.0  28905.
016 15 52 33 0.98 326.91 118.82 -0.95 1650    6.50   358.0   24555.  -1.72  -0.38  -4.67   2.06    4.13  0.17  0.16  0.24   0.14  343.9    200235.   6.56  359.1  22164.
016 15 53 14 0.98 326.91 118.81 -0.95 1650    7.25   356.2   34427.  -1.60  -0.15  -4.62   2.05    4.05  0.18  0.21  0.17   0.09  349.3    107784.   6.80  357.5  30935.
016 15 53 54 0.98 326.91 118.81 -0.95 1650    7.21   358.3   27167.   0.00   0.00  -4.84   2.01    3.92  0.18  0.22  0.18   0.09  345.7     45154.   7.68  358.3  36357.
016 15 54 35 0.98 326.91 118.80 -0.95 1650    6.99   356.6   32147.  -2.04  -0.19  -4.76   2.04    3.84  0.16  0.22  0.24  -1.00   -1.0        -1.   7.06  356.4  23129.
016 15 55 15 0.98 326.91 118.79 -0.95 1650    6.93   357.5   26803.  -1.86  -0.18  -4.80   2.06    3.97  0.20  0.23  0.14   0.14  349.5     78938.   7.44  357.1  30373.
016 15 55 56 0.98 326.91 118.79 -0.95 1650    6.90   353.8   34047.  -1.46   0.31  -4.99   1.97    3.69  0.17  0.23  0.14   0.07  358.2     49922.   6.29  355.0  27242.
016 15 56 36 0.98 326.91 118.78 -0.95 1650    6.72   358.4   33177.  -1.61   0.25  -4.93   2.15    3.74  0.19  0.10  0.18   0.19  336.7     96843.   6.40  359.4  21401.
016 15 57 17 0.98 326.91 118.77 -0.95 1650    6.42   358.1   31598.   0.00   0.00  -4.94   2.24    3.73  0.20  0.15  0.17   0.07  355.1    165840.   5.87  358.7  20748.
016 15 57 57 0.98 326.91 118.77 -0.95 1650    6.51   356.9   25971.   0.00   0.00  -4.82   2.30    3.71  0.10  0.17  0.16   0.09  345.7     45634.   6.73  356.3  25796.
016 15 58 38 0.98 326.91 118.76 -0.95 1650    6.28   355.9   28418.  -1.60  -0.38  -4.86   2.36    3.71  0.14  0.21  0.16  -1.00   -1.0        -1.   5.69  358.5  22356.
016 15 59 18 0.98 326.91 118.76 -0.95 1650    6.42   360.0   27667.  -1.89  -0.60  -4.88   2.41    3.96  0.13  0.20  0.15   0.10  345.2     44777.   6.97  360.7  24581.
016 15 59 59 0.98 326.91 118.75 -0.95 1650    7.44   355.0   32134.  -1.24  -0.08  -4.47   2.30    3.90  0.28  0.23  0.21  -1.00   -1.0        -1.   7.53  354.6  23681.
016 16 00 39 0.98 326.91 118.74 -0.95 1650    8.86   348.9   30435.  -1.11   0.63  -4.12   2.50    3.10  0.22  0.29  0.39   0.20  346.0     49623.   9.46  350.2  28937.
016 16 01 20 0.98 326.91 118.74 -0.95 1650    9.69   351.6   29480.  -1.60   1.05  -4.26   2.80    2.80  0.12  0.18  0.15   0.22  341.8     90112.   9.49  349.2  22720.
016 16 02 00 0.98 326.91 118.73 -0.95 1650    9.85   350.3   23304.  -1.95   1.32  -4.25   3.04    2.38  0.19  0.24  0.45   0.35  346.9     46596.   9.90  352.2  30328.
016 16 02 41 0.98 326.91 118.72 -0.95 1650   10.64   349.4   29412.  -1.24   1.24  -4.05   2.65    2.56  0.21  0.18  0.26   0.19  337.7    102067.  10.95  346.2  28739.
016 16 03 21 0.98 326.91 118.72 -0.95 1650   11.77   345.2   29220.  -1.50   1.65  -3.93   2.58    2.67  0.17  0.11  0.21   0.30  346.7     47570.  10.49  347.5  27021.
016 16 04 02 0.98 326.91 118.71 -0.95 1650   11.34   347.1   31146.  -1.37   1.57  -3.90   2.56    2.92  0.22  0.17  0.15   0.13  334.5     44231.  11.14  347.1  30461.
016 16 04 42 0.98 326.91 118.71 -0.95 1650   11.16   348.0   25387.  -1.50   1.34  -3.99   2.20    2.79  0.14  0.17  0.14   0.30  346.1     49662.  10.72  348.0  30165.
016 16 05 23 0.98 326.91 118.70 -0.95 1650   11.06   349.8   30013.  -1.57   1.57  -3.91   2.09    2.93  0.19  0.16  0.16   0.31  339.9     70842.  10.92  348.5  24727.
016 16 06 03 0.98 326.91 118.69 -0.95 1650   11.27   348.6   25806.  -1.46   1.59  -3.81   2.09    2.98  0.11  0.16  0.18   0.23  345.9     48753.  11.39  349.3  29714.
016 16 06 44 0.98 326.91 118.69 -0.95 1650   -1.00    -1.0      -1.  -1.00  -1.00  -3.92   2.18    2.72  0.17  0.18  0.32  -1.00   -1.0        -1.  -1.00   -1.0     -1.
016 16 07 24 0.98 326.91 118.68 -0.95 1650   11.67   347.2   23545.  -1.30   1.50  -4.20   2.04    2.52  0.17  0.17  0.16   0.29  343.3     39644.  11.79  347.2  27895.
016 16 08 05 0.98 326.91 118.67 -0.95 1650   10.79   346.8   32160.  -1.22   1.50  -4.14   2.33    2.70  0.19  0.24  0.29   0.26  341.0     88267.  10.73  345.0  27186.
016 16 08 45 0.98 326.91 118.67 -0.95 1650   12.37   345.3   27281.  -1.14   1.60  -3.97   2.10    2.72  0.26  0.19  0.20   0.28  346.6    104302.  11.18  346.3  23506.
016 16 09 26 0.98 326.91 118.66 -0.95 1650    8.77   353.4   28551.  -1.44   0.56  -4.28   2.20    3.47  0.20  0.21  0.20   0.12  342.8     97974.   8.56  354.1  23048.
016 16 10 06 0.98 326.91 118.65 -0.95 1650    8.84   354.5   25218.  -1.52   0.68  -4.23   1.96    3.75  0.13  0.20  0.18   0.28  347.9     41684.   8.95  354.4  31133.
016 16 10 47 0.98 326.91 118.65 -0.95 1650    9.55   353.5   26738.  -1.84   0.54  -4.21   2.21    3.40  0.20  0.21  0.20   0.15  340.7    130900.   9.11  353.3  22099.
016 16 11 27 0.98 326.91 118.64 -0.95 1650   12.21   345.1   28427.  -1.17   1.63  -3.86   2.09    2.78  0.10  0.13  0.17   0.24  342.9     78964.  12.06  348.1  33332.
016 16 12 03 0.98 326.87 118.60 -0.96 1650   -1.00    -1.0      -1.  -1.00  -1.00  -3.74   1.83    3.26  0.12  0.19  0.30  -1.00   -1.0        -1.  -1.00   -1.0     -1.
016 16 12 08 0.98 326.91 118.64 -0.95 1650   12.04   347.1   31195.   0.00   0.00   0.00   0.00    0.00  0.00  0.00  0.00   0.21  339.9     84785.  12.05  345.4  27495.
016 16 12 52 0.98 326.87 118.60 -0.96 1650   -1.00    -1.0      -1.  -1.00  -1.00  -3.58   1.79    3.28  0.05  0.41  0.52  -1.00   -1.0        -1.  -1.00   -1.0     -1.
016 16 13 51 0.98 326.91 118.62 -0.95 1650   -1.00    -1.0      -1.  -1.00  -1.00  -3.59   1.42    3.45  0.00  0.00  0.00  -1.00   -1.0        -1.  -1.00   -1.0     -1.
016 16 57 03 0.98 326.90 118.22 -0.95 1650   -1.00    -1.0      -1.  -1.00  -1.00  -0.30   1.12    4.40  0.00  0.00  0.00  -1.00   -1.0        -1.  -1.00   -1.0     -1.
016 17 18 39 0.98 326.89 118.01 -0.95 1650   13.64   349.0   26212.  -1.08   1.67  -2.08   3.02    2.98  0.00  0.00  0.00   0.31  343.2     74961.  14.67  349.5  24383.
016 17 39 33 0.98 326.86 117.79 -0.96 1650   -1.00    -1.0      -1.  -1.00  -1.00  -1.39   2.42    3.49  0.00  0.00  0.00  -1.00   -1.0        -1.  -1.00   -1.0     -1.
016 17 40 15 0.98 326.89 117.81 -0.95 1650   13.39   349.6   22980.  -0.55   1.63  -0.99   2.62    3.50  0.00  0.00  0.00   0.07  407.0    211722.  13.96  349.8  27726.
016 17 40 54 0.98 326.86 117.77 -0.96 1650   -1.00    -1.0      -1.  -1.00  -1.00  -1.19   2.92    3.89  0.00  0.00  0.00  -1.00   -1.0        -1.  -1.00   -1.0     -1.
016 17 41 34 0.98 326.85 117.77 -0.96 1650   -1.00    -1.0      -1.  -1.00  -1.00  -0.98   3.52    3.40  0.00  0.00  0.00  -1.00   -1.0        -1.  -1.00   -1.0     -1.
016 18 01 50 0.98 326.88 117.61 -0.96 1650   13.81   346.8   30617.  -1.51   1.65  -3.07   0.32    2.67  0.00  0.00  0.00   0.39  341.5     83381.  14.89  345.7  35694.
016 18 01 51 0.98 326.88 117.61 -0.96 1650   13.83   346.8   30786.  -1.51   1.65  -3.17   0.07    2.72  0.10  0.25  0.05   0.41  341.9     86344.  14.52  346.0  33430.
016 18 22 45 0.98 326.85 117.38 -0.96 1650   -1.00    -1.0      -1.  -1.00  -1.00  -1.69   0.12    3.99  0.00  0.00  0.00  -1.00   -1.0        -1.  -1.00   -1.0     -1.
016 18 23 26 0.98 326.88 117.41 -0.96 1650   14.23   346.4   26624.  -1.11   2.69  -1.79   0.52    3.99  0.00  0.00  0.00   0.35  347.1     37526.  14.01  346.3  24227.
016 18 23 27 0.98 326.88 117.41 -0.96 1650   14.25   346.4   26845.  -1.11   2.69   0.00   0.00    0.00  0.00  0.00  0.00   0.36  347.5     38215.  13.70  346.6  23006.
016 18 45 02 0.98 326.87 117.20 -0.96 1650   11.80   345.3   33644.  -0.69   2.31  -3.58   1.42    3.06  0.00  0.00  0.00   0.27  336.9     93413.  12.83  343.7  30415.
016 18 45 03 0.98 326.87 117.20 -0.96 1650   11.81   345.3   33722.  -0.69   2.31   0.00   0.00    0.00  0.00  0.00  0.00   0.28  337.0     98636.  12.55  343.6  29184.
016 19 04 51 0.98 326.84 116.99 -0.97 1650   -1.00    -1.0      -1.  -1.00  -1.00   1.80  -2.68    4.24  0.00  0.00  0.00  -1.00   -1.0        -1.  -1.00   -1.0     -1.
016 19 06 12 0.98 326.84 116.98 -0.97 1650   -1.00    -1.0      -1.  -1.00  -1.00   1.10  -2.18    4.53  0.00  0.00  0.00  -1.00   -1.0        -1.  -1.00   -1.0     -1.
016 19 06 38 0.98 326.87 117.00 -0.96 1650   12.35   352.8   20940.  -1.58   3.01   1.10  -2.18    4.53  0.00  0.00  0.00   0.21  342.9     43360.  12.32  352.7  21995.
016 19 27 10 0.98 326.83 116.78 -0.97 1650   -1.00    -1.0      -1.  -1.00  -1.00  -1.10   0.82    4.40  0.00  0.00  0.00  -1.00   -1.0        -1.  -1.00   -1.0     -1.
016 19 49 50 0.98 326.86 116.60 -0.96 1650    9.69   347.9   30591.  -0.34   1.59  -3.78   3.92    3.36  0.00  0.00  0.00   0.33  347.5     38475.   9.96  349.2  29925.
016 19 49 51 0.98 326.86 116.60 -0.96 1650    9.70   347.9   30695.  -0.34   1.59   0.00   0.00    0.00  0.00  0.00  0.00   0.33  347.7     38813.   9.84  349.3  29265.
016 20 11 26 0.98 326.85 116.40 -0.96 1650   10.83   349.4   37646.  -0.58  -0.03  -3.86   3.93    1.76  0.00  0.00  0.00   0.25  340.4     84096.  10.52  347.1  34999.
016 20 32 21 0.98 326.82 116.17 -0.97 1650   -1.00    -1.0      -1.  -1.00  -1.00  -4.63   3.53    0.15  0.00  0.00  0.00  -1.00   -1.0        -1.  -1.00   -1.0     -1.
016 20 33 02 0.98 326.85 116.19 -0.96 1650   11.30   346.8   47843.  -0.14   0.10  -4.63   3.53    0.15  0.00  0.00  0.00   0.33  338.9    156160.  11.05  346.6  41382.
016 20 33 42 0.98 326.82 116.16 -0.97 1650   -1.00    -1.0      -1.  -1.00  -1.00  -4.63   3.53    0.15  0.00  0.00  0.00  -1.00   -1.0        -1.  -1.00   -1.0     -1.
016 20 34 22 0.98 326.82 116.15 -0.97 1650   -1.00    -1.0      -1.  -1.00  -1.00  -4.63   3.53    0.15  0.00  0.00  0.00  -1.00   -1.0        -1.  -1.00   -1.0     -1.
016 20 54 38 0.98 326.84 115.99 -0.97 1650    9.07   347.2   41272.  -0.64   0.42  -4.65   3.53    0.95  0.00  0.00  0.00   0.27  335.1    149611.   9.67  345.0  37039.
016 21 16 14 0.98 326.84 115.79 -0.97 1650   10.78   341.3   33680.  -1.32   1.55  -5.25   1.93    0.93  0.00  0.00  0.00   0.37  336.6    141880.  10.48  341.5  34148.
016 21 37 50 0.98 326.83 115.59 -0.97 1650    9.97   336.7   30838.  -0.50   1.12  -3.91   3.83   -1.04  0.00  0.00  0.00   0.44  333.3     45011.  10.17  338.7  30282.
016 21 58 45 0.98 326.80 115.36 -0.98 1650   -1.00    -1.0      -1.  -1.00  -1.00  -2.37   4.03   -3.42  0.00  0.00  0.00  -1.00   -1.0        -1.  -1.00   -1.0     -1.
016 21 59 26 0.98 326.83 115.39 -0.97 1650   10.24   343.7   28677.  -0.58  -1.28  -1.72   3.63   -3.61  0.45  0.00  0.20   0.25  339.6    116996.   9.94  345.4  21966.
016 22 00 06 0.98 326.80 115.35 -0.98 1650   -1.00    -1.0      -1.  -1.00  -1.00  -0.76   3.33   -4.19  0.00  0.00  0.00  -1.00   -1.0        -1.  -1.00   -1.0     -1.
016 22 00 46 0.98 326.80 115.34 -0.98 1650   -1.00    -1.0      -1.  -1.00  -1.00  -0.76   3.33   -4.19  0.00  0.00  0.00  -1.00   -1.0        -1.  -1.00   -1.0     -1.
016 22 21 02 0.98 326.83 115.18 -0.97 1650   10.49   350.1   30094.  -1.80  -2.70  -0.06   2.83   -4.48  0.00  0.00  0.00   0.41  347.5     88176.  10.60  350.8  23678.
016 22 42 38 0.98 326.82 114.98 -0.97 1650    9.16   354.5   24467.  -0.10  -1.09   0.39   4.83   -1.36  0.00  0.00  0.00   0.44  346.9    123636.  10.09  355.6  29311.
016 23 04 14 0.98 326.82 114.78 -0.97 1650    9.99   358.0   27014.  -1.41  -2.45   0.85   2.74   -4.86  0.00  0.00  0.00   0.44  354.0     85369.   9.78  358.8  20797.
016 23 24 03 0.98 326.78 114.56 -0.98 1650   -1.00    -1.0      -1.  -1.00  -1.00   2.04   2.03   -4.34  0.00  0.00  0.00  -1.00   -1.0        -1.  -1.00   -1.0     -1.
016 23 25 24 0.98 326.78 114.55 -0.98 1650   -1.00    -1.0      -1.  -1.00  -1.00   3.04  -0.17   -4.22  0.00  0.00  0.00  -1.00   -1.0        -1.  -1.00   -1.0     -1.
016 23 25 50 0.98 326.81 114.58 -0.98 1650   10.19   357.8   24867.  -1.70  -2.43   3.04  -0.17   -4.22  0.00  0.00  0.00   0.44  352.9    149650.  10.08  358.9  29301.
016 23 47 26 0.98 326.81 114.38 -0.98 1650    8.98   356.3   35574.  -2.03  -1.27   3.81   0.22   -2.61  0.00  0.00  0.00   0.32  353.1     83706.   9.49  357.5  28720.
