177  0 02 05 0.95 147.82 342.97  1.70 1656    4.49   455.5   60285.   1.61   3.48   0.88  -3.48   -2.58  0.01  0.00  0.20   0.19  454.6    291790.   4.84  454.7  59164.
177  0 12 53 0.95 147.82 342.87  1.70 1656    5.10   457.0   75332.   0.47   2.59   2.59  -2.31   -1.78  0.12  0.29  0.19   0.20  453.1    196870.   5.08  452.1  74737.
177  0 23 41 0.95 147.82 342.77  1.70 1656    5.00   447.9   76709.  -0.77   3.60   3.25   1.09   -1.95  0.00  0.05  0.19   0.28  446.6    333890.   4.73  448.3  91870.
177  0 34 29 0.95 147.82 342.67  1.70 1656    4.89   445.2   89105.  -0.01   2.65   3.51   0.02    0.26  0.22  0.12  0.04   0.18  452.9    269115.   4.94  448.7  81000.
177  0 45 17 0.95 147.82 342.57  1.70 1656    4.60   445.4   86848.  -0.56   2.48   4.08   0.39   -0.59  0.06  0.20  0.40   0.28  446.6    402887.   4.92  445.7  85357.
177  0 56 05 0.95 147.81 342.47  1.70 1656    4.29   454.0   78697.  -0.83   2.19   4.10   1.91    1.04  0.20  0.05  0.01   0.18  449.1    294856.   4.36  454.8  69920.
177  1 06 53 0.95 147.81 342.37  1.70 1656    4.59   446.9   80110.  -0.81   2.03   4.50   0.74    0.23  0.14  0.09  0.00   0.27  455.9    356239.   5.41  443.6  94251.
177  1 17 41 0.95 147.81 342.27  1.70 1656    4.72   450.5   78944.  -0.76   1.92   4.32   1.46    1.44  0.09  0.28  0.00   0.20  445.4    235539.   4.40  452.6  70914.
177  1 28 29 0.95 147.81 342.17  1.70 1656    5.12   457.0   88033.  -0.74   1.90   1.02   0.34    1.55  0.45  0.00  0.04   0.23  453.8    240009.   5.60  454.1 100238.
177  1 39 17 0.95 147.81 342.07  1.70 1656    4.71   454.5   83934.  -1.06   2.23   2.17   0.82    1.92  0.10  0.20  0.00   0.25  463.0    282434.   4.92  454.1  80299.
177  1 50 05 0.95 147.81 341.97  1.70 1656    5.06   449.8   71330.  -1.30   1.88   2.54   0.92    1.66  0.05  0.14  0.19   0.26  453.3    282980.   5.43  449.4  82670.
177  2 00 53 0.95 147.81 341.87  1.70 1656    5.25   445.3   81819.  -1.27   1.90   4.36   0.39    1.74  0.16  0.25  0.19   0.26  448.9    250859.   5.05  447.7  71235.
177  2 11 41 0.95 147.80 341.77  1.70 1656    4.81   446.8   77970.  -1.36   1.80   4.15   0.20    1.89  0.00  0.00  0.00   0.27  450.5    334422.   5.92  443.7  82193.
177  2 22 29 0.95 147.80 341.66  1.70 1656    5.51   457.3   70355.  -1.16  -0.14   3.34  -0.40    2.78  0.10  0.30  0.01   0.27  461.2    275404.   5.43  454.2  67799.
177  2 33 17 0.95 147.80 341.56  1.70 1656    4.87   443.3   80890.   0.00   0.00   4.34  -1.54    2.38  0.14  0.05  0.00   0.24  452.6    291049.   5.30  442.6  87767.
177  2 36 53 0.95 147.80 341.53  1.69 1656   -1.00    -1.0      -1.  -1.00  -1.00   1.43  -2.42    3.43  0.01  0.00  0.20  -1.00   -1.0        -1.  -1.00   -1.0     -1.
177  2 47 41 0.95 147.80 341.43  1.69 1656    5.39   453.6   76771.   0.55   1.09   4.05   1.38    1.51  0.00  0.00  0.00   0.27  448.7    251301.   5.37  454.0  63576.
177  2 58 29 0.95 147.80 341.33  1.69 1656    5.29   446.9   75861.  -1.37   1.70   4.40   1.36    0.05  0.05  0.19  0.19   0.28  455.4    288190.   5.85  446.5  82118.
177  3 09 17 0.95 147.80 341.23  1.69 1656    5.48   442.0   76293.  -1.99   2.33   5.04   0.66    1.49  0.16  0.22  0.04   0.35  442.8    378705.   5.17  444.9  62033.
177  3 16 29 0.95 147.80 341.16  1.69 1656    5.62   440.1   74578.  -1.47   1.02   4.97  -0.11    1.52  0.09  0.54  0.33   0.29  449.8    362749.   5.37  438.4  71745.
177  3 27 17 0.95 147.79 341.06  1.69 1656    5.42   444.8   67003.  -1.74   0.02   4.69   0.23    2.07  0.41  0.17  0.18   0.31  445.9    327847.   5.31  446.0  61601.
177  3 38 05 0.95 147.79 340.96  1.69 1656    5.35   437.5   76098.  -1.97   1.47   5.03   0.49    1.55  0.20  0.05  0.01   0.28  440.6    194492.   5.63  441.9  94481.
177  3 48 53 0.95 147.79 340.86  1.69 1656    5.67   442.1   81553.  -0.14   0.67   3.91  -2.27    2.03  0.00  0.00  0.00   0.32  447.5    313632.   5.73  441.1  78509.
177  3 59 41 0.95 147.79 340.76  1.69 1656    5.54   444.0   67626.  -1.59  -0.23   3.65   0.33    2.74  0.15  0.40  0.00   0.35  452.5    241282.   5.57  441.5  67519.
177  4 10 29 0.95 147.79 340.66  1.69 1656    5.71   444.2   71388.  -1.17  -0.60   3.26  -0.79    3.10  0.04  0.00  0.19   0.25  449.4    230017.   5.79  448.8  71554.
177  4 21 17 0.95 147.79 340.56  1.69 1656    5.61   472.9   59258.   0.00   0.00   1.19  -3.00    3.41  0.00  0.00  0.00   0.26  465.1    337060.   5.55  475.1  54490.
177  4 32 41 0.95 147.78 340.45  1.69 1656    6.26   457.5   59918.  -0.62  -2.20   0.08  -1.51    3.60  0.11  0.20  0.20   0.34  452.2    222337.   5.65  457.6  60616.
177 15 44 41 0.95 147.69 334.18  1.64 1656   -1.00    -1.0      -1.  -1.00  -1.00   3.14  -4.72    1.84  0.00  0.00  0.00  -1.00   -1.0        -1.  -1.00   -1.0     -1.
177 15 55 29 0.95 147.69 334.08  1.64 1656    6.41   415.6   57423.   1.24   1.42   0.00   0.00    0.00  0.00  0.00  0.00   0.39  415.6    258746.   6.68  413.2  56413.
177 16 06 17 0.95 147.69 333.98  1.64 1656    6.07   424.6   49610.   0.86   1.08   0.49  -5.27    1.95  0.15  0.25  0.36   0.39  417.2    266672.   6.68  421.2  66454.
177 16 14 06 0.95 147.69 333.90  1.64 1656    6.93   420.3   59034.   0.57   2.25   1.40  -4.84    2.04  0.10  0.14  0.19   0.45  424.2    272845.   6.95  424.9  62695.
177 16 24 54 0.95 147.69 333.80  1.64 1656    6.07   434.4   73324.   0.07   2.04  -0.32  -2.89   -1.04  0.15  0.05  0.49   0.52  434.5    270415.   6.79  435.3  79574.
177 16 35 42 0.95 147.68 333.70  1.64 1656    6.88   427.6   51556.   0.13   2.43  -1.03  -5.13   -0.81  0.30  0.10  0.01   0.49  425.1    271584.   6.60  430.1  47073.
177 16 46 30 0.95 147.68 333.60  1.64 1656    6.61   430.6   59703.  -0.15   1.73  -2.26  -4.59    1.08  0.00  0.05  0.20   0.34  419.2    173741.   6.60  427.6  61831.
177 16 57 18 0.95 147.68 333.50  1.64 1656    6.31   426.3   62484.   0.20   1.52  -2.04  -4.88    1.27  0.19  0.09  0.05   0.40  417.3    220882.   6.65  429.9  63183.
177 17 08 06 0.95 147.68 333.40  1.64 1656    6.67   420.0   62260.   0.98   1.04   0.15  -5.71    2.30  0.19  0.09  0.19   0.41  417.1    170804.   6.87  416.7  52476.
177 17 40 30 0.95 147.68 333.10  1.64 1656    5.87   421.4   50465.   0.28   0.78  -0.09  -4.49    3.68  0.05  0.00  0.19   0.40  419.7    219115.   6.09  420.8  41350.
177 17 51 18 0.95 147.67 333.00  1.64 1656    6.63   427.7   52485.   0.31   0.95  -2.02  -3.43    3.23  0.16  0.25  0.00   0.38  417.3    219908.   6.89  426.7  59928.
177 18 02 06 0.95 147.67 332.90  1.64 1656    6.36   435.4   43513.   0.22   1.62  -3.11  -3.72    2.13  0.00  0.00  0.00   0.45  421.5    211280.   6.38  434.5  45534.
177 18 12 54 0.95 147.67 332.80  1.63 1656    6.51   429.3   60551.  -0.15   2.48  -2.79  -3.61    0.83  0.00  0.00  0.00   0.46  420.0    153080.   6.88  425.9  56215.
177 18 23 42 0.95 147.67 332.69  1.63 1656    6.36   427.8   58385.   0.24   2.20  -2.68  -4.49    1.89  0.29  0.34  0.19   0.38  420.5    241114.   6.34  427.1  51901.
177 18 34 30 0.95 147.67 332.59  1.63 1656    6.54   401.4   50676.  -1.39  -0.30   2.91  -1.95    4.52  0.05  0.42  0.19   0.42  404.4    220518.   6.50  405.6  63745.
177 18 45 18 0.95 147.67 332.49  1.63 1656    6.99   412.9   48266.   1.25   0.67   0.26  -4.79    3.25  0.20  0.05  0.05   0.33  415.1    212579.   6.71  412.1  46560.
177 18 56 06 0.95 147.66 332.39  1.63 1656    6.47   419.8   46287.   1.29   1.58  -0.93  -5.06    2.63  0.22  0.16  0.18   0.39  412.4    221519.   6.71  416.8  52443.
177 19 06 54 0.95 147.66 332.29  1.63 1656    6.71   419.1   48165.   2.03   2.45  -1.51  -5.65    1.08  0.00  0.00  0.20   0.39  418.5    261670.   6.16  419.9  42009.
177 19 17 42 0.95 147.66 332.19  1.63 1656    6.50   420.4   50751.  -0.75  -0.34  -1.38  -0.67    4.81  0.00  0.00  0.00   0.34  418.7    179354.   6.31  420.1  48123.
177 19 28 30 0.95 147.66 332.09  1.63 1656    6.87   427.0   57027.  -1.26   1.66  -2.47  -1.83    3.46  0.10  0.25  0.16   0.45  419.5    249404.   6.77  428.9  57511.
177 19 39 18 0.95 147.66 331.99  1.63 1656    6.33   419.7   39492.   0.71   1.45  -1.87  -3.59    3.71  0.00  0.00  0.00   0.44  408.8    246467.   7.47  415.9  51657.
177 19 50 06 0.95 147.66 331.89  1.63 1656    6.30   391.6   50254.   1.92   2.95   3.15  -4.69    2.91  0.22  0.16  0.19   0.29  391.2    253847.   6.66  392.8  55792.
177 20 00 54 0.95 147.66 331.79  1.63 1656    7.01   396.7   41915.   2.03   2.97   2.35  -5.66    1.95  0.14  0.10  0.19   0.15  391.2    107706.   7.01  393.8  40066.
177 20 11 42 0.95 147.65 331.69  1.63 1656    6.43   391.6   42496.   1.08   3.28   2.58  -6.09   -0.12  0.00  0.00  0.20   0.20  387.0    188398.   6.16  393.1  37542.
177 20 22 30 0.95 147.65 331.59  1.63 1656    5.69   392.1   83690.   1.03   3.90   5.21  -2.28   -1.98  0.00  0.00  0.20   0.18  396.8    172285.   5.77  393.5  95882.
177 20 33 18 0.95 147.65 331.48  1.63 1656    5.74   391.9   87416.   0.19   4.55   5.38  -2.06   -2.19  0.12  0.22  0.00  -1.00   -1.0        -1.   5.67  389.9  68179.
177 20 44 06 0.95 147.65 331.38  1.63 1656    6.01   390.5   79292.   0.38   3.86   5.48  -1.99   -1.92  0.05  0.17  0.19   0.19  385.9    247065.   6.16  392.6  81114.
177 20 54 54 0.95 147.65 331.28  1.62 1656    6.22   392.2   86653.   0.12   4.34   5.56  -1.66   -2.19  0.15  0.10  0.00  -1.00   -1.0        -1.   6.00  391.5  81725.
177 21 05 42 0.95 147.65 331.18  1.62 1656    5.86   392.6   76186.  -0.26   3.67   5.22  -1.36   -2.61  0.00  0.00  0.00   0.14  391.8    144647.   4.57  392.8  57394.
177 21 16 30 0.95 147.64 331.08  1.62 1656    6.56   383.7   91337.   0.21   3.52   4.54  -1.86   -2.23  0.05  0.14  0.00   0.27  378.3    188125.   5.96  384.5  68149.
177 21 27 18 0.95 147.64 330.98  1.62 1656    6.77   385.2   70566.  -0.12   4.21   1.83   1.09   -4.35  0.00  0.00  0.00   0.30  377.8    176755.   6.52  386.6  61987.
177 21 38 06 0.95 147.64 330.88  1.62 1656    6.21   393.5   46125.   0.69   4.64   0.00   0.00    0.00  0.00  0.00  0.00   0.23  381.7    137488.   5.87  394.8  39641.
177 21 48 54 0.95 147.64 330.78  1.62 1656    6.10   394.7   52771.   0.28   5.55   0.00   0.00    0.00  0.00  0.00  0.00   0.31  385.5    137449.   6.14  392.3  50413.
177 21 59 42 0.95 147.64 330.68  1.62 1656    6.88   394.3   39076.   0.36   5.88   0.00   0.00    0.00  0.00  0.00  0.00   0.31  391.2    164853.   6.48  395.5  40966.
177 22 10 30 0.95 147.64 330.58  1.62 1656    6.86   400.5   41999.  -0.36   5.95   0.00   0.00    0.00  0.00  0.00  0.00   0.30  393.9     97480.   7.17  399.6  36496.
177 22 21 18 0.95 147.64 330.48  1.62 1656    6.97   403.2   31569.  -1.15   6.25   0.00   0.00    0.00  0.00  0.00  0.00   0.44  399.2    101183.   7.22  403.9  42925.
177 22 32 06 0.95 147.63 330.38  1.62 1656    6.82   403.4   36337.  -1.62   5.70   0.00   0.00    0.00  0.00  0.00  0.00   0.29  397.8    111552.   6.47  405.4  29298.
177 22 42 54 0.95 147.63 330.28  1.62 1656    7.96   392.5   39258.  -1.16   5.90   0.00   0.00    0.00  0.00  0.00  0.00   0.37  387.7    185123.   7.24  393.9  42552.
177 22 53 42 0.95 147.63 330.17  1.62 1656    6.53   397.7   39001.  -1.56   5.39   2.10   1.16   -4.35  0.19  0.05  0.00   0.24  389.0    150754.   6.42  395.2  37328.
177 23 04 30 0.95 147.63 330.07  1.62 1656    7.53   402.2   33771.  -0.85   5.48   0.83  -0.06   -4.28  0.10  0.25  0.01   0.34  392.1    171986.   7.79  401.5  40531.
177 23 15 18 0.95 147.63 329.97  1.62 1656    7.92   397.7   39878.  -1.49   4.32   0.90   2.43   -2.18  0.00  0.05  0.20   0.33  391.7    129665.   8.15  396.8  43205.
177 23 26 05 0.95 147.63 329.87  1.61 1656    7.57   390.5   40170.   0.00   0.00   2.75   1.45   -3.02  0.18  0.09  0.19   0.33  385.1    126001.   7.61  392.1  39664.
177 23 33 53 0.95 147.63 329.80  1.61 1656   -1.00    -1.0      -1.  -1.00  -1.00   5.59  -1.10   -1.53  0.00  0.00  0.00  -1.00   -1.0        -1.  -1.00   -1.0     -1.
177 23 44 41 0.95 147.62 329.70  1.61 1656    7.31   384.8   85061.  -0.90   4.66   5.50   0.10   -2.04  0.00  0.00  0.00   0.25  379.1    156628.   7.41  380.4  79623.
177 23 55 29 0.95 147.62 329.60  1.61 1656    6.47   386.5   65703.  -1.58   5.17   5.98  -0.90   -0.84  0.00  0.00  0.00   0.22  393.4    145375.   6.57  389.2  82654.
