1977/125   rh    esh  clong  clat crot    np1     vp1     Tp1   vaz   vel     Bx     By     Bz  sBx  sBy  sBz   nal   val     Tal   np2   vp2     Tp2
hh:mm:ss [AU]  [deg]  [deg] [deg]    # [cm-3]  [km/s]     [K] [deg] [deg]   [nT]   [nT]   [nT] [nT] [nT] [nT][cm-3][km/s]     [K][cm-3][km/s]     [K]
 0:03:42 0.52 133.50 296.69  7.07 1654  11.21   492.8 148107.  0.61  2.29 -16.80   2.86  -0.34 0.22 0.59 0.17 -1.00  -1.0     -1. 10.05 489.2 131780.
 0:09:06 0.52 133.50 296.64  7.06 1654  10.25   485.6 137387. -3.02  4.85 -17.01  -3.73   1.97 0.17 0.73 0.26 -1.00  -1.0     -1.  9.34 484.7 117484.
 0:14:30 0.52 133.51 296.60  7.06 1654  10.65   482.1 107115. -2.21  4.14 -16.95   2.33   0.07 0.44 1.38 1.22  0.14 626.8 588699.  9.66 481.7  88959.
 0:19:54 0.52 133.51 296.56  7.06 1654  11.39   488.6 138319.  0.81  0.60 -15.70   5.35  -0.84 0.24 0.75 0.81 -1.00  -1.0     -1. 10.99 488.6 188771.
 0:25:18 0.52 133.52 296.51  7.06 1654  11.17   505.2 193793.  3.28  0.63 -13.06  10.04  -2.21 0.25 0.32 0.67 -1.00  -1.0     -1. 10.17 500.9 158005.
 0:30:42 0.52 133.52 296.47  7.06 1654  10.99   488.0 175387.  1.96  2.87 -14.56   7.27  -0.98 0.36 0.86 1.38  0.15 613.3 512347. 10.29 490.1 200111.
 0:36:06 0.52 133.53 296.43  7.06 1654  10.57   487.0 123120.  0.24  2.50 -15.51   5.48  -0.33 0.16 0.20 0.26 -1.00  -1.0     -1.  9.69 488.0 131913.
 0:41:30 0.52 133.54 296.38  7.06 1654  10.47   472.0  97308. -2.46  1.87 -16.39   2.85  -0.82 0.13 0.58 0.54 -1.00  -1.0     -1.  9.22 472.1  75819.
 0:46:54 0.52 133.54 296.34  7.06 1654   9.96   478.6 115999. -1.63  2.14 -16.18   3.18  -0.33 0.12 0.17 0.16  0.47 506.8 384812.  8.92 478.6  94092.
 0:52:18 0.52 133.55 296.29  7.06 1654  10.46   479.3  89589. -0.95  2.40 -16.15   3.29  -0.49 0.16 0.27 0.20 -1.00  -1.0     -1.  9.67 478.0 119121.
 0:57:42 0.52 133.55 296.25  7.06 1654  10.53   474.6 108788. -1.57  2.67 -16.05   1.81  -1.26 0.15 0.07 0.35 -1.00  -1.0     -1.  9.07 473.7  87591.
 1:03:06 0.52 133.56 296.21  7.06 1654   9.86   486.5 153379. -1.05  1.81 -15.94   2.93  -1.31 0.31 0.30 0.86 -1.00  -1.0     -1.  8.87 486.1 135360.
 1:08:30 0.52 133.57 296.16  7.06 1654   9.24   486.4 108635. -2.67  3.10 -16.96   0.20   0.30 0.08 0.15 0.30  0.42 514.6 383162.  8.64 488.4 113852.
 1:13:54 0.52 133.57 296.12  7.06 1654  10.32   484.5 119569. -1.91  1.52 -16.61   1.10  -2.17 0.00 0.00 0.00  0.09 649.2 415127.  9.32 481.4 109687.
 1:19:18 0.52 133.58 296.08  7.06 1654  11.41   477.8  99117. -0.88  2.66 -16.69   0.56   0.09 0.15 0.38 0.32 -1.00  -1.0     -1. 10.00 478.2  86698.
 1:24:42 0.52 133.58 296.03  7.06 1654  10.51   481.6 148152. -2.12  4.26 -17.21  -0.99   1.69 0.08 0.56 0.54 -1.00  -1.0     -1. 10.21 484.0 126820.
 1:30:06 0.52 133.59 295.99  7.06 1654  11.74   481.2 115924. -3.85  4.36 -17.71  -1.73   1.46 0.12 0.42 0.44 -1.00  -1.0     -1. 10.81 480.1  91145.
 1:35:30 0.52 133.59 295.94  7.06 1654  10.81   479.5  92594. -2.83  3.96 -17.35   0.06   0.30 0.12 0.49 0.26  0.87 458.8 333253. 10.74 479.1 112962.
 1:40:54 0.52 133.60 295.90  7.06 1654  10.24   482.9 113063. -4.26  5.59 -17.27  -1.03   3.01 0.12 0.80 0.35 -1.00  -1.0     -1.  9.26 482.7  92562.
 1:46:18 0.52 133.61 295.86  7.06 1654  10.90   485.2 117100. -1.28  5.08 -17.16   0.54   3.24 0.25 1.83 0.35 -1.00  -1.0     -1. 10.54 482.6 119683.
 1:51:42 0.52 133.61 295.81  7.06 1654  11.57   485.5 120735. -5.60  4.61 -17.72  -3.07   2.42 0.10 0.44 0.00  0.60 484.2 356031. 10.71 490.4 136666.
 1:57:06 0.52 133.62 295.77  7.06 1654  10.22   486.1 120541. -6.19  0.63 -17.19  -4.92  -1.97 0.18 0.36 0.66  1.02 457.1 324495.  9.58 488.5 118676.
 2:02:30 0.52 133.62 295.73  7.06 1654  10.54   483.0 125579. -9.08  1.00 -15.42  -8.66  -3.24 0.15 0.30 0.19 -1.00  -1.0     -1. 10.77 493.1 149601.
 2:07:54 0.52 133.63 295.68  7.06 1654  10.63   477.9 128061. -7.02 -0.41 -16.23  -4.63  -4.33 0.31 1.07 0.14  0.10 637.5 582111.  9.96 481.8 123662.
 2:13:18 0.52 133.64 295.64  7.06 1654  11.32   471.2 118861. -2.93 -1.03 -16.61   0.05  -4.46 0.10 0.36 0.30  0.53 485.5 287683. 10.55 472.8 100943.
 2:18:42 0.52 133.64 295.59  7.06 1654  12.02   468.4 100111. -1.51  0.54 -17.08   1.95  -1.81 0.09 0.17 0.30  0.65 489.2 349274. 10.92 467.2  85834.
 2:24:06 0.52 133.65 295.55  7.06 1654  10.97   464.5  82602. -3.64  0.86 -17.66  -1.08  -1.76 0.09 0.39 0.17  0.78 474.6 375418. 11.03 467.4 112530.
 2:29:30 0.52 133.65 295.51  7.06 1654  12.44   470.9 106793. -5.03  1.40 -18.21  -3.21  -0.93 0.04 0.00 0.48  0.77 485.1 362190. 11.42 473.5 120323.
 2:34:54 0.52 133.66 295.46  7.06 1654  11.99   482.2 122535. -2.44  6.71 -17.58   0.56   3.44 0.29 0.37 1.66 -1.00  -1.0     -1. 10.49 481.3  94010.
 2:40:18 0.52 133.66 295.42  7.06 1654  12.16   471.0 109681. -5.88 -0.08 -17.87  -3.44  -2.67 0.20 0.58 0.30  2.12 430.8 254029. 10.79 478.1 125036.
 2:45:42 0.52 133.67 295.37  7.06 1654  11.52   482.4 116996. -1.02  1.81 -18.35   2.81   0.21 0.15 0.42 0.47 -1.00  -1.0     -1. 10.46 479.1  88482.
 2:51:06 0.52 133.68 295.33  7.06 1654  11.47   501.0 197584.  1.35  7.10 -14.38   3.13   8.22 0.81 0.73 1.22 -1.00  -1.0     -1.  9.96 486.9 118838.
 2:56:30 0.52 133.68 295.29  7.06 1654   9.87   483.8 190909. -1.61  4.82 -17.41   1.18   4.13 0.27 0.34 0.32  0.19 623.3 685191.  9.57 484.8 147087.
 3:01:54 0.52 133.69 295.24  7.06 1654  11.16   476.9  89865. -1.72  1.29 -18.97   0.98  -0.37 0.15 0.50 0.17 -1.00  -1.0     -1. 10.86 476.6 111650.
 3:07:18 0.52 133.69 295.20  7.06 1654   9.96   487.2 163881. -0.39  0.45 -18.44   2.92  -2.01 0.04 0.16 0.30 -1.00  -1.0     -1.  9.10 489.3 124419.
 3:12:42 0.52 133.70 295.16  7.06 1654  11.74   529.7 165012.  6.99 -0.66 -11.17  14.19  -1.52 0.41 0.19 1.03 -1.00  -1.0     -1. 10.95 519.1 160711.
 3:18:06 0.52 133.70 295.11  7.06 1654  11.10   510.4 155718. -0.07  3.49 -18.64   3.60   5.83 0.10 0.34 0.30 -1.00  -1.0     -1. 10.21 504.6 157128.
 3:23:30 0.52 133.71 295.07  7.06 1654  11.23   506.8 209136. -3.17  4.66 -17.36  -5.04   6.68 0.27 0.94 0.37 -1.00  -1.0     -1. 10.05 507.7 176680.
 3:28:54 0.52 133.72 295.02  7.06 1654   8.37   525.4 272140.  1.77  1.50 -18.08   8.62   2.43 0.07 0.35 0.62 -1.00  -1.0     -1.  7.51 521.9 212046.
 3:34:18 0.52 133.72 294.98  7.06 1654  11.90   499.8 222026.  1.64  1.40 -18.50   4.04   2.82 0.20 0.28 0.76 -1.00  -1.0     -1. 11.85 501.6 301775.
 3:39:42 0.52 133.73 294.94  7.05 1654  14.30   528.4 268147. -0.84  3.17 -18.09   0.65   5.16 0.10 1.18 0.40 -1.00  -1.0     -1. 13.00 531.5 322289.
 3:45:06 0.52 133.73 294.89  7.05 1654  11.55   599.1 235773. -3.80  1.18 -17.81  -1.95   5.28 0.20 0.59 0.43 -1.00  -1.0     -1. 11.28 600.5 282090.
 3:50:30 0.52 133.74 294.85  7.05 1654  10.63   591.0 187819. -1.27  0.45 -15.65   6.25   1.35 0.23 0.24 0.47 -1.00  -1.0     -1. 10.37 588.0 182193.
 3:55:54 0.52 133.74 294.80  7.05 1654  10.84   596.9 209175. -1.95 -2.28 -15.77   3.30  -3.47 0.21 2.61 0.41 -1.00  -1.0     -1. 10.19 592.3 185455.
 4:01:18 0.52 133.75 294.76  7.05 1654  11.59   615.5 299713. -1.12 -6.25 -14.32   6.67  -4.45 0.44 0.73 1.59 -1.00  -1.0     -1. 10.63 617.8 304098.
 4:06:42 0.52 133.76 294.72  7.05 1654  11.26   601.5 208554.  0.00  0.00 -15.18   4.82   3.03 0.32 1.25 1.77  0.21 739.4 718715. 10.12 596.7 193751.
 4:12:06 0.52 133.76 294.67  7.05 1654  11.09   618.6 199254.  0.00  0.00 -15.04   6.58  -1.60 0.26 0.29 0.59 -1.00  -1.0     -1. 10.61 619.1 262420.
 4:17:31 0.52 133.77 294.63  7.05 1654  11.67   620.0 313177. -0.42  4.30 -17.56   6.05   8.10 0.00 0.00 0.00 -1.00  -1.0     -1. 10.97 617.5 326249.
 4:22:55 0.52 133.77 294.59  7.05 1654  14.53   691.4 521157. -1.51 -2.20  -4.28   4.06 -11.61 3.32 1.78 4.83 -1.00  -1.0     -1. 13.73 695.7 453537.
 4:28:19 0.52 133.78 294.54  7.05 1654  11.52   621.2 307967. -1.15 -4.53 -13.02   4.69  -6.50 0.05 0.01 0.20 -1.00  -1.0     -1. 10.78 616.6 282801.
 4:33:43 0.52 133.78 294.50  7.05 1654  12.85   639.4 406915.-11.69 -0.96 -13.00  -5.81   4.51 0.78 1.01 1.92  0.43 685.1 717468. 11.20 648.3 338353.
 4:39:08 0.52 133.79 294.45  7.05 1654  11.86   652.3 420506. -4.92  0.00 -13.31  -3.52   6.57 0.57 0.91 0.87  0.45 691.41023083. 10.31 652.4 387002.
 4:44:32 0.52 133.80 294.41  7.05 1654  11.03   606.6 267079.  0.00  3.04   0.61 -11.78  10.36 1.13 1.45 1.73 -1.00  -1.0     -1. 10.57 609.5 314681.
 4:49:56 0.52 133.80 294.37  7.05 1654   9.81   588.4 129510. -3.88  0.26 -16.04  -3.31  -1.47 0.24 2.20 0.35 -1.00  -1.0     -1.  8.45 585.2 107959.
 4:55:20 0.52 133.81 294.32  7.05 1654  10.67   621.0 378163. -8.99  1.50 -12.39  -9.85   3.21 0.96 0.38 1.98 -1.00  -1.0     -1.  9.51 623.6 328318.
 5:00:43 0.52 133.81 294.28  7.05 1654  10.33   605.7 375463.  0.00  0.00 -14.84  -1.83   1.65 0.14 0.54 0.39 -1.00  -1.0     -1.  9.51 590.9 191734.
 5:06:07 0.52 133.82 294.24  7.05 1654  10.36   632.8 430619.  0.00  0.00 -13.57  -0.13  -6.67 0.17 1.03 0.19  0.20 762.3 830774. 10.07 628.7 401285.
 5:11:31 0.52 133.82 294.19  7.05 1654  11.19   617.9 342553. -6.99 -0.46 -13.79  -5.59  -1.94 0.00 0.00 0.00  0.38 700.5 763414. 10.72 616.0 330089.
 5:16:55 0.52 133.83 294.15  7.05 1654  11.48   617.6 293553. -1.80  5.47 -11.54   4.05   5.51 0.07 1.68 1.74 -1.00  -1.0     -1. 10.78 620.9 343628.
 5:22:20 0.52 133.84 294.10  7.05 1654  11.03   657.8 339974. -4.89 -5.94  -7.81  -5.09 -10.84 1.48 2.00 1.26 -1.00  -1.0     -1.  9.47 665.1 349749.
 5:27:44 0.52 133.84 294.06  7.05 1654  10.97   629.4 391196.  0.35 -1.86  -9.89   5.55  -7.77 0.28 0.67 0.74  0.38 687.2 716506. 10.15 626.4 352913.
 5:33:08 0.52 133.85 294.02  7.05 1654  10.22   627.9 301869.  2.16  2.90 -10.89   9.13   1.51 1.22 1.90 0.53  0.38 666.3 666337.  9.60 620.0 288846.
 5:38:32 0.52 133.85 293.97  7.05 1654  10.22   623.2 320571.  2.41  1.60 -10.28   9.96   0.02 0.68 0.70 0.33 -1.00  -1.0     -1.  9.82 622.2 326701.
 5:43:56 0.52 133.86 293.93  7.05 1654  10.31   605.2 222386. -2.15  4.12 -13.46   2.96   3.73 0.14 1.57 0.33  0.38 669.8 573431.  9.64 609.5 265818.
 5:49:20 0.52 133.87 293.88  7.05 1654  10.67   615.9 425853. -2.16  3.78 -12.45   4.67   2.66 0.14 0.39 0.54 -1.00  -1.0     -1. 10.05 615.6 372257.
 5:54:44 0.52 133.87 293.84  7.05 1654  11.20   626.1 474272. -3.04 -1.52 -11.98   1.29  -6.43 0.23 0.42 0.21 -1.00  -1.0     -1.  9.75 624.0 418499.
 6:00:08 0.52 133.88 293.80  7.05 1654  10.12   650.5 384527. -3.75 -3.81  -9.34   1.42  -7.83 1.62 1.73 2.48  0.34 721.7 810815.  9.78 652.4 473680.
 6:05:32 0.52 133.88 293.75  7.05 1654  11.82   615.3 374697. -2.87  1.69 -12.53   2.80  -0.63 0.41 0.16 0.49 -1.00  -1.0     -1. 10.61 621.8 478284.
 6:10:56 0.52 133.89 293.71  7.05 1654  13.91   639.9 385108. -2.89  1.16  -1.22  -7.48 -13.67 0.10 0.65 0.19 -1.00  -1.0     -1. 12.93 634.6 379638.
 6:16:20 0.52 133.89 293.66  7.05 1654  13.25   631.1 345714. -3.40  0.58   0.00   0.00   0.00 0.00 0.00 0.00 -1.00  -1.0     -1. 12.33 628.9 329208.
 6:21:44 0.52 133.90 293.62  7.05 1654  12.79   645.3 375593. -4.04 -0.06   0.00   0.00   0.00 0.00 0.00 0.00  0.33 679.1 699094. 11.53 643.1 369580.
 6:27:08 0.52 133.91 293.58  7.05 1654  13.07   647.4 359893. -5.65  0.29   0.00   0.00   0.00 0.00 0.00 0.00 -1.00  -1.0     -1. 11.91 655.9 361310.
 6:32:32 0.52 133.91 293.53  7.05 1654  11.52   649.5 378650. -4.85 -2.04  -2.05  -4.33 -14.41 0.48 1.99 0.50 -1.00  -1.0     -1. 10.59 646.4 372332.
 6:37:56 0.52 133.92 293.49  7.05 1654  14.69   661.2 412379. -5.39 -1.05   0.58  -9.56  -9.17 0.23 0.34 0.43  0.51 657.6 700225. 13.40 662.0 378786.
 6:43:20 0.52 133.92 293.45  7.05 1654  14.90   636.2 410371. -5.16  0.79  -5.71 -12.11  -1.49 0.75 0.87 0.87  0.40 678.4 739908. 13.48 637.6 370350.
 6:48:44 0.52 133.93 293.40  7.05 1654  15.02   634.3 557338. -6.97  3.15 -10.54  -5.77  -4.73 0.62 2.42 3.51 -1.00  -1.0     -1. 13.56 636.6 468278.
 6:54:08 0.52 133.93 293.36  7.05 1654  11.47   638.8 426899. -4.71 -1.64  -8.88  -5.47 -13.89 0.73 0.92 0.30 -1.00  -1.0     -1. 10.75 646.5 491066.
 6:59:32 0.52 133.94 293.31  7.05 1654  -1.00    -1.0     -1. -1.00 -1.00  -9.72  -8.72 -10.08 0.74 1.08 0.74 -1.00  -1.0     -1. -1.00  -1.0     -1.
 7:10:20 0.52 133.95 293.23  7.04 1654  10.31   617.0 439737. -3.06  1.75 -14.15  -1.10   0.00 0.16 0.19 0.80  0.46 706.9 797302. 10.13 619.5 543123.
 7:15:44 0.52 133.96 293.18  7.04 1654  11.83   613.3 487915. -4.30  0.59 -13.62  -1.25  -3.10 0.26 1.17 1.14 -1.00  -1.0     -1. 10.49 611.7 461102.
 7:21:08 0.52 133.96 293.14  7.04 1654  11.54   621.1 455184. -1.00  2.23 -12.19   5.35   1.76 0.23 0.19 0.36 -1.00  -1.0     -1. 10.89 623.8 540608.
 7:26:32 0.52 133.97 293.09  7.04 1654  12.33   628.0 492729.  0.00  3.83 -11.57  -2.19   3.68 0.52 1.70 0.84 -1.00  -1.0     -1. 11.82 626.3 415640.
 7:31:56 0.52 133.97 293.05  7.04 1654  11.04   612.9 463367. -5.54  1.63 -12.68  -3.50   0.71 0.15 1.14 1.00 -1.00  -1.0     -1. 10.64 621.4 505879.
 7:37:20 0.52 133.98 293.01  7.04 1654  11.31   642.9 444029.  1.08 -2.72  -6.97   8.11  -7.08 0.91 0.35 1.18  0.37 702.6 449275. 10.23 638.3 393619.
 7:42:44 0.52 133.98 292.96  7.04 1654  11.36   611.5 473820. -3.55  0.00 -11.97  -1.40   4.13 0.16 0.54 0.44 -1.00  -1.0     -1. 10.28 611.4 390396.
 7:48:08 0.52 133.99 292.92  7.04 1654  11.73   617.9 492395. -0.72  1.85 -11.69   2.64  -0.62 0.15 0.45 0.61 -1.00  -1.0     -1. 10.67 615.2 444373.
 7:53:32 0.52 134.00 292.87  7.04 1654  12.26   621.5 557643. -0.23  2.53  -9.54   6.53   1.41 0.93 1.11 0.77 -1.00  -1.0     -1. 11.20 621.1 545822.
 7:58:56 0.52 134.00 292.83  7.04 1654  11.40   620.6 540703. -4.77 -2.34  -9.24  -1.56  -8.21 0.21 0.78 0.30 -1.00  -1.0     -1. 10.74 624.8 522040.
 8:04:20 0.52 134.01 292.79  7.04 1654  12.10   610.4 441566. -2.74  2.92 -11.19   2.81   1.68 0.25 1.43 1.80 -1.00  -1.0     -1. 11.56 613.5 496338.
 8:09:44 0.52 134.01 292.74  7.04 1654  11.89   713.1 415231. -3.05 -3.73   2.35   1.89  -9.62 4.38 2.52 1.49 -1.00  -1.0     -1. 10.86 715.8 350989.
 8:15:08 0.52 134.02 292.70  7.04 1654  11.79   623.8 590183. -2.15  3.76 -10.42   2.83   1.73 0.49 0.25 0.81 -1.00  -1.0     -1. 10.38 622.4 566752.
 8:20:32 0.52 134.02 292.66  7.04 1654  11.71   637.9 460911.  0.00  5.24  -8.88   2.70   6.65 0.62 0.81 0.27 -1.00  -1.0     -1. 11.18 641.5 535849.
 8:25:56 0.52 134.03 292.61  7.04 1654  13.23   709.9 491635. -1.97  6.30  -0.96   0.63   7.55 5.75 1.37 1.63 -1.00  -1.0     -1. 11.72 711.0 456084.
 8:31:20 0.52 134.04 292.57  7.04 1654  12.44   673.9 379212. -0.31  4.85  -1.95   6.09   9.10 1.09 0.67 0.67 -1.00  -1.0     -1. 11.49 675.8 385046.
 8:36:44 0.52 134.04 292.52  7.04 1654  12.91   654.4 417209. -0.23  4.85  -4.25   4.45  10.43 0.48 0.80 0.42  0.47 678.41120003. 12.04 653.5 378793.
 8:42:08 0.52 134.05 292.48  7.04 1654  13.76   666.7 381476. -1.82  5.47  -2.03   1.95  12.95 0.20 0.43 0.20  0.41 675.5 730773. 12.26 667.3 406636.
 8:47:32 0.52 134.05 292.44  7.04 1654  14.36   662.0 388840. -5.32  4.12  -4.30  -7.61  10.35 0.26 1.11 0.77 -1.00  -1.0     -1. 12.54 664.0 359832.
 8:52:56 0.52 134.06 292.39  7.04 1654  12.77   648.8 361657. -1.33  4.38  -6.08  -1.32  11.58 1.26 0.73 0.76 -1.00  -1.0     -1. 11.62 643.0 367277.
 8:58:20 0.52 134.06 292.35  7.04 1654  13.70   656.0 411950. -0.92  5.14  -2.88   2.74  11.81 0.81 0.36 0.29 -1.00  -1.0     -1. 12.28 654.8 398284.
 9:03:44 0.52 134.07 292.30  7.04 1654  12.52   665.3 336021. -4.65  4.99  -4.89  -3.91  10.67 1.30 1.30 0.32 -1.00  -1.0     -1. 11.10 665.1 290662.
 9:09:08 0.52 134.08 292.26  7.04 1654  13.97   634.1 367258. -3.44  4.32  -9.28  -0.72   8.40 0.50 3.91 0.65 -1.00  -1.0     -1. 12.37 631.4 347848.
 9:14:32 0.52 134.08 292.22  7.04 1654  11.96   654.8 330765.  3.11  1.16  -5.49   9.64   3.54 1.01 1.98 0.96  0.39 686.3 719183. 10.67 647.4 308344.
 9:19:56 0.52 134.09 292.17  7.04 1654  13.55   643.4 380167.  0.00  0.00  -7.40   5.48   6.96 0.57 1.70 0.52 -1.00  -1.0     -1. 12.89 644.6 422001.
 9:25:20 0.52 134.09 292.13  7.04 1654  13.61   644.8 430135. -0.68  3.87  -7.54   1.69   7.33 0.92 0.75 0.36 -1.00  -1.0     -1. 12.74 643.4 541846.
 9:30:44 0.52 134.10 292.08  7.04 1654  12.77   631.6 402529. -1.36  3.93 -11.84   4.91   9.56 0.74 1.35 0.25  0.38 700.4 760295. 11.98 633.6 468126.
 9:36:08 0.52 134.10 292.04  7.04 1654  14.22   626.9 430482. -3.93  3.60  -9.82  -2.23   6.98 0.30 2.78 0.39 -1.00  -1.0     -1. 12.84 623.3 414032.
 9:41:32 0.52 134.11 292.00  7.04 1654  13.84   654.6 439006.  0.54  4.10  -2.47   8.31   8.02 0.61 0.35 0.21 -1.00  -1.0     -1. 12.28 650.3 422140.
 9:46:56 0.52 134.11 291.95  7.04 1654  11.67   637.9 388282.  0.31  3.76  -5.63   7.64   6.03 1.27 1.24 0.70  0.41 680.9 641700. 10.19 637.4 335085.
 9:52:20 0.52 134.12 291.91  7.04 1654  13.46   626.5 389604. -6.66  3.66  -9.57  -3.47   6.70 0.38 2.44 0.68 -1.00  -1.0     -1. 13.17 632.0 481402.
 9:57:44 0.52 134.13 291.86  7.04 1654  13.63   615.6 458838. -6.96  0.72 -10.70  -5.93   0.99 0.08 0.33 0.54 -1.00  -1.0     -1. 12.48 615.4 454554.
10:03:08 0.52 134.13 291.82  7.04 1654  14.86   632.0 429495. -1.02  4.96  -6.34   3.84   6.83 0.24 3.02 0.57 -1.00  -1.0     -1. 13.24 633.8 439588.
10:08:32 0.52 134.14 291.78  7.04 1654  13.33   622.5 444935.  0.00  0.00  -8.48   4.71  -6.54 0.12 0.77 0.97  0.51 681.5 710061. 13.12 619.3 453102.
10:13:56 0.52 134.14 291.73  7.04 1654  14.44   651.9 346149.  0.00  0.00  -4.70   5.09 -10.39 1.28 2.35 1.35 -1.00  -1.0     -1. 13.41 656.7 370932.
10:24:43 0.52 134.15 291.64  7.04 1654  13.66   608.5 417433. -1.85  2.29  -1.61   2.67 -12.40 0.15 0.10 0.00 -1.00  -1.0     -1. 12.48 609.2 377659.
10:30:07 0.52 134.16 291.60  7.04 1654  13.97   646.3 346425. -2.58 -4.28  -2.75   1.51 -12.38 0.89 0.78 0.18  0.50 673.2 685074. 13.29 643.1 354124.
10:35:31 0.52 134.17 291.56  7.03 1654  13.93   604.3 384351. -1.35  3.21  -8.95   2.61   4.04 0.79 2.16 1.85 -1.00  -1.0     -1. 12.27 602.3 351951.
10:40:55 0.52 134.17 291.51  7.03 1654  15.27   622.8 464880. -2.75  2.30  -4.44   0.66 -10.56 1.17 1.54 1.40 -1.00  -1.0     -1. 14.31 622.1 423982.
10:46:20 0.52 134.18 291.47  7.03 1654  13.96   609.7 375135. -1.70 -1.74  -9.38   3.93  -6.55 0.08 0.38 0.00 -1.00  -1.0     -1. 12.36 607.8 326730.
10:51:44 0.52 134.18 291.42  7.03 1654  14.39   608.3 352805. -1.94 -0.80  -9.52   4.28  -5.11 0.66 0.63 1.53 -1.00  -1.0     -1. 13.78 612.9 405567.
10:57:08 0.52 134.19 291.38  7.03 1654  13.98   616.6 397504. -0.80  3.64  -8.79   4.45   5.20 0.61 1.02 0.36 -1.00  -1.0     -1. 12.27 615.7 363194.
11:02:32 0.52 134.19 291.34  7.03 1654  14.71   621.9 418122. -0.88  0.84  -8.19   5.83   2.35 0.74 0.76 2.53 -1.00  -1.0     -1. 13.79 618.0 396588.
11:07:56 0.52 134.20 291.29  7.03 1654  14.30   642.5 366394. -1.42 -2.19  -3.44   4.28 -10.42 0.87 0.76 0.29 -1.00  -1.0     -1. 13.44 647.3 364458.
11:13:20 0.52 134.20 291.25  7.03 1654  13.21   662.9 400126. -2.28  2.79   1.53   0.09  -6.09 0.40 2.54 3.18 -1.00  -1.0     -1. 12.94 665.9 506376.
11:18:44 0.52 134.21 291.20  7.03 1654  12.34   611.2 402838. -4.41 -1.08  -7.68  -2.38 -10.46 1.61 0.70 1.00  0.43 665.7 565479. 11.34 613.2 371526.
11:24:08 0.52 134.22 291.16  7.03 1654  13.79   625.3 446822. -5.40 -2.02  -6.41  -3.26 -10.12 1.32 1.85 0.78 -1.00  -1.0     -1. 12.09 630.9 383435.
11:31:19 0.52 134.22 291.10  7.03 1654  -1.00    -1.0     -1. -1.00 -1.00  -5.31   8.91   2.74 0.60 1.23 1.56 -1.00  -1.0     -1. -1.00  -1.0     -1.
11:36:43 0.52 134.23 291.06  7.03 1654  -1.00    -1.0     -1. -1.00 -1.00  -6.88   9.30   0.45 0.04 0.05 0.80 -1.00  -1.0     -1. -1.00  -1.0     -1.
11:42:07 0.52 134.24 291.01  7.03 1654  13.65   634.1 333152.  0.00  0.00  -4.25  11.70   5.95 0.45 0.23 0.61 -1.00  -1.0     -1. 12.36 630.1 315646.
11:47:31 0.52 134.24 290.97  7.03 1654  12.89   623.9 304640. -0.27  0.07 -10.79   5.62   0.96 0.28 0.35 0.78 -1.00  -1.0     -1. 11.83 628.5 334942.
11:51:08 0.52 134.24 290.94  7.03 1654  11.77   630.6 323813.  0.06  0.57  -5.16  10.87  -4.84 0.64 1.35 1.70 -1.00  -1.0     -1. 11.30 631.2 398492.
11:56:32 0.52 134.25 290.90  7.03 1654  13.26   655.1 313463. -5.99 -0.87   8.68  -9.58  -7.42 0.31 0.49 0.64 -1.00  -1.0     -1. 11.23 656.0 301103.
12:01:56 0.52 134.25 290.85  7.03 1654  12.53   621.1 451783.  0.00  0.00  -6.86   8.60   0.67 0.81 0.88 0.77 -1.00  -1.0     -1. 11.70 623.0 496835.
12:07:20 0.52 134.26 290.81  7.03 1654  12.42   626.3 479956.  0.00  0.00  -7.51   5.92  -2.52 0.16 0.38 0.43 -1.00  -1.0     -1. 11.19 622.0 455908.
12:12:43 0.52 134.27 290.76  7.03 1654  -1.00    -1.0     -1. -1.00 -1.00   6.39  -3.24   0.92 0.53 0.42 0.68 -1.00  -1.0     -1. 12.22 646.0 452579.
12:18:07 0.52 134.27 290.72  7.03 1654  -1.00    -1.0     -1. -1.00 -1.00   4.87  -0.42  -3.84 0.90 0.35 0.69 -1.00  -1.0     -1. -1.00  -1.0     -1.
12:23:31 0.52 134.28 290.68  7.03 1654  14.01   601.9 433812. -2.68 -2.78  -0.34   2.56   1.47 0.35 0.15 0.15 -1.00  -1.0     -1. 12.78 606.9 459556.
12:34:19 0.52 134.29 290.59  7.03 1654  13.50   628.5 418580. -1.91  0.61  -0.05   6.29   5.22 0.83 1.26 1.02 -1.00  -1.0     -1. 12.26 631.4 446920.
12:39:43 0.52 134.29 290.54  7.03 1654  -1.00    -1.0     -1. -1.00 -1.00   3.11   5.18 -12.96 0.69 0.52 0.51 -1.00  -1.0     -1. 12.30 653.8 468015.
12:45:07 0.52 134.30 290.50  7.03 1654  11.45   599.3 441998. -3.37  0.00 -13.40  -2.56  -4.51 0.42 1.53 1.87 -1.00  -1.0     -1. 10.57 598.8 409757.
12:50:31 0.52 134.31 290.46  7.03 1654  -1.00    -1.0     -1. -1.00 -1.00   5.88   1.50 -13.17 1.08 1.05 0.20 -1.00  -1.0     -1. -1.00  -1.0     -1.
12:55:55 0.52 134.31 290.41  7.03 1654  13.38   646.0 356580. -2.93 -4.43   5.02  -5.37 -14.68 0.00 0.00 0.00 -1.00  -1.0     -1. 12.45 646.5 391959.
13:01:19 0.52 134.32 290.37  7.03 1654  12.23   634.3 385602. -4.71 -4.24   1.96  -6.29 -11.75 0.59 0.23 0.25 -1.00  -1.0     -1. 10.92 636.4 352126.
13:06:43 0.52 134.32 290.32  7.03 1654  12.18   661.5 278347. -3.29 -3.11   7.83  -3.89  -9.97 0.36 0.25 0.30 -1.00  -1.0     -1. 11.74 662.7 322016.
13:12:07 0.52 134.33 290.28  7.03 1654  13.85   630.5 320191. -1.63 -2.09   3.38  -1.04  -8.38 0.95 0.76 0.67 -1.00  -1.0     -1. 13.07 631.5 341000.
13:17:32 0.53 134.33 290.24  7.03 1654  13.83   668.1 273202. -1.32  1.54  11.02   0.04   0.17 0.41 1.11 0.07 -1.00  -1.0     -1. 13.06 667.5 344372.
13:22:56 0.53 134.34 290.19  7.03 1654  15.06   591.6 365728.  0.35 -0.77  -6.28   5.21  -3.85 0.81 1.18 0.89 -1.00  -1.0     -1. 14.21 589.1 325249.
13:28:20 0.53 134.34 290.15  7.03 1654  14.11   582.4 316241.  0.00  0.00 -10.09   2.68  -4.48 0.06 0.36 0.20 -1.00  -1.0     -1. 13.16 576.4 293141.
13:33:44 0.53 134.35 290.10  7.03 1654  13.77   590.3 360758. -1.46 -1.08  -8.53  -1.65  -7.00 0.41 0.34 0.56 -1.00  -1.0     -1. 12.44 589.7 320548.
13:39:08 0.53 134.36 290.06  7.03 1654  12.79   579.2 379316. -2.85 -1.52 -13.38  -0.26  -2.31 0.88 1.30 0.51 -1.00  -1.0     -1. 11.99 584.1 424885.
13:44:32 0.53 134.36 290.02  7.03 1654  13.51   588.6 478222. -0.42  0.89 -10.52   0.85   2.50 0.20 0.14 0.47 -1.00  -1.0     -1. 12.50 584.5 433101.
13:49:56 0.53 134.37 289.97  7.03 1654  13.49   599.3 324209.  0.94  2.14  -2.80   5.66   4.62 0.92 0.73 0.70 -1.00  -1.0     -1. 12.66 597.8 369597.
13:55:20 0.53 134.37 289.93  7.02 1654  13.39   588.1 398992.  0.12  3.46  -8.08   2.47   6.41 0.41 0.26 0.00  0.41 637.7 634723. 11.76 585.5 347393.
14:00:44 0.53 134.38 289.88  7.02 1654  13.26   575.5 405651. -0.82  2.08 -10.00   0.70   3.09 0.18 0.81 1.16 -1.00  -1.0     -1. 12.65 579.3 451558.
14:06:08 0.53 134.38 289.84  7.02 1654  13.84   579.8 399814.  0.00  0.00  -4.92   3.65   4.85 1.63 1.35 0.97 -1.00  -1.0     -1. 12.79 576.9 404540.
14:11:32 0.53 134.39 289.80  7.02 1654  12.37   656.3 217783.  0.43 -1.23  11.38   2.29  -3.04 0.22 0.27 0.16 -1.00  -1.0     -1. 11.36 652.2 223111.
14:16:56 0.53 134.39 289.75  7.02 1654  14.90   579.7 419620.  1.08  1.62  -9.35   1.62   3.16 0.20 0.05 0.20 -1.00  -1.0     -1. 13.31 577.5 405758.
14:22:20 0.53 134.40 289.71  7.02 1654  13.80   578.2 396055.  2.17  1.04  -7.96   2.16   4.23 0.88 1.18 1.15 -1.00  -1.0     -1. 12.82 582.2 451971.
14:27:44 0.53 134.41 289.66  7.02 1654  13.77   601.2 373537.  3.26 -2.52  -5.90   5.08  -1.79 0.48 0.65 0.99 -1.00  -1.0     -1. 12.30 597.6 340711.
14:33:08 0.53 134.41 289.62  7.02 1654  13.67   608.6 284636.  2.49 -2.10   0.34   6.25  -5.65 1.67 0.23 0.26  0.51 637.7 913558. 12.93 609.2 292384.
14:37:55 0.53 134.42 289.58  7.02 1654  -1.00    -1.0     -1. -1.00 -1.00  -3.62   7.05  -3.32 0.05 0.19 0.54 -1.00  -1.0     -1. -1.00  -1.0     -1.
14:43:19 0.53 134.42 289.54  7.02 1654  15.11   593.7 361713.  3.00 -1.28  -0.37  11.68  -2.52 0.00 0.00 0.00 -1.00  -1.0     -1. 14.69 585.6 382035.
14:43:56 0.53 134.42 289.53  7.02 1654  15.90   605.0 307694.  2.69 -0.62   0.00   0.00   0.00 0.00 0.00 0.00 -1.00  -1.0     -1. 15.15 602.6 346380.
14:49:20 0.53 134.43 289.49  7.02 1654  15.99   581.4 387629.  1.15  2.38  -8.53   3.15   4.46 0.46 0.59 1.60  0.43 635.6 638725. 14.69 578.2 366095.
14:54:44 0.53 134.43 289.44  7.02 1654  16.14   618.9 351555.  1.67 -2.03   4.42   6.84  -5.27 2.94 0.66 0.47 -1.00  -1.0     -1. 14.58 618.7 329069.
15:00:08 0.53 134.44 289.40  7.02 1654  13.86   575.5 296175. -3.93  3.75  -6.95  -7.74  10.93 0.55 0.27 0.42 -1.00  -1.0     -1. 12.70 578.8 316663.
15:05:32 0.53 134.44 289.36  7.02 1654  15.39   561.4 414744. -2.52  0.56  -5.33   0.21  -3.34 0.56 1.77 3.50 -1.00  -1.0     -1. 14.04 564.1 401974.
15:10:56 0.53 134.45 289.31  7.02 1654  12.96   561.8 270317. -3.00  3.34  -9.00  -5.06   9.51 0.35 0.19 0.25 -1.00  -1.0     -1. 11.96 557.9 290786.
15:16:18 0.53 134.46 289.27  7.02 1654  13.44   570.3 338928. -4.12  3.06  -7.89  -5.47   7.54 0.22 0.12 0.44 -1.00  -1.0     -1. 12.10 572.9 310153.
15:21:44 0.53 134.46 289.22  7.02 1654  14.14   573.5 315458. -1.16  3.48  -8.35  -1.89   9.28 0.79 1.31 1.35 -1.00  -1.0     -1. 13.39 573.9 365478.
15:27:07 0.53 134.47 289.18  7.02 1654  14.20   597.0 267676.  0.51  0.07   1.86   3.58  -9.36 2.50 0.42 0.24 -1.00  -1.0     -1. 12.68 594.1 233200.
15:29:05 0.53 134.43 289.13  7.08 1654  -1.00    -1.0     -1. -1.00 -1.00  -3.29   4.29  -9.98 0.86 1.11 0.15 -1.00  -1.0     -1. -1.00  -1.0     -1.
15:30:29 0.53 134.47 289.15  7.02 1654  -1.00    -1.0     -1. -1.00 -1.00  -1.05   1.33  -8.78 0.72 0.98 0.78 -1.00  -1.0     -1. 14.19 584.6 277753.
15:36:59 0.53 134.44 289.06  7.08 1654  -1.00    -1.0     -1. -1.00 -1.00   1.64   0.23 -11.53 0.00 0.00 0.00 -1.00  -1.0     -1. -1.00  -1.0     -1.
15:49:23 0.53 134.45 288.96  7.08 1654  -1.00    -1.0     -1. -1.00 -1.00  -9.89  -4.78   3.70 0.71 0.60 0.15 -1.00  -1.0     -1. -1.00  -1.0     -1.
15:50:41 0.53 134.45 288.95  7.08 1654  -1.00    -1.0     -1. -1.00 -1.00 -11.99  -5.64   7.16 0.77 0.38 0.17 -1.00  -1.0     -1. -1.00  -1.0     -1.
16:00:11 0.53 134.50 288.91  7.02 1654  14.21   561.0 325960. -3.11  1.90 -14.34  -4.99   5.24 0.25 0.30 0.40  0.36 616.7 583709. 12.82 560.9 273523.
16:01:29 0.53 134.46 288.86  7.08 1654  -1.00    -1.0     -1. -1.00 -1.00 -14.51  -4.19   5.11 0.00 0.00 0.20 -1.00  -1.0     -1. -1.00  -1.0     -1.
16:10:59 0.53 134.51 288.82  7.02 1654  15.49   556.2 298182. -1.31  2.17 -15.27  -1.70   4.35 0.05 0.20 0.21 -1.00  -1.0     -1. 14.57 557.0 346087.
16:13:24 0.53 134.48 288.77  7.07 1654  -1.00    -1.0     -1. -1.00 -1.00 -15.03  -0.65   5.26 0.10 0.25 0.01 -1.00  -1.0     -1. -1.00  -1.0     -1.
16:24:12 0.53 134.49 288.68  7.07 1654  -1.00    -1.0     -1. -1.00 -1.00 -13.98   4.37   3.37 0.53 1.31 0.13 -1.00  -1.0     -1. -1.00  -1.0     -1.
16:35:00 0.53 134.54 288.63  7.02 1654  15.14   552.7 362395. -0.92  1.21 -14.24  -0.56   4.48 0.20 0.05 0.00 -1.00  -1.0     -1. 15.03 550.6 336225.
16:45:48 0.53 134.51 288.50  7.07 1654  -1.00    -1.0     -1. -1.00 -1.00 -14.62   4.04  -1.07 0.01 0.01 0.20 -1.00  -1.0     -1. -1.00  -1.0     -1.
16:56:36 0.53 134.52 288.41  7.07 1654  -1.00    -1.0     -1. -1.00 -1.00 -12.64   5.81   1.86 0.00 0.00 0.33 -1.00  -1.0     -1. -1.00  -1.0     -1.
17:07:24 0.53 134.53 288.32  7.07 1654  -1.00    -1.0     -1. -1.00 -1.00  -6.92  -7.72 -10.16 0.94 0.65 0.79 -1.00  -1.0     -1. -1.00  -1.0     -1.
17:18:12 0.53 134.58 288.27  7.01 1654  14.06   599.9 283275.  3.19 -1.23  -7.55  12.35   0.87 0.10 0.25 0.20 -1.00  -1.0     -1. 12.84 594.8 245876.
17:29:00 0.53 134.59 288.19  7.01 1654  14.52   574.8 251379.  1.77  0.57  -8.51  10.36   4.57 0.00 0.00 0.00 -1.00  -1.0     -1. 12.76 569.8 202827.
17:39:48 0.53 134.60 288.10  7.01 1654  12.28   577.2 317446.  0.72 -0.16   0.00   0.00   0.00 0.00 0.00 0.00 -1.00  -1.0     -1. 11.63 570.3 285604.
17:50:36 0.53 134.61 288.01  7.01 1654  14.69   573.3 248413.  0.62 -1.23 -10.84   9.82  -0.32 1.46 1.20 0.59 -1.00  -1.0     -1. 14.00 574.9 283867.
18:01:24 0.53 134.62 287.92  7.01 1654  18.23   581.2 267140.  2.53 -1.93  -8.01   9.41  -3.22 0.35 0.39 0.81 -1.00  -1.0     -1. 16.35 577.3 254773.
18:12:12 0.53 134.64 287.83  7.01 1654  13.03   587.6 341592.  2.41  0.24 -12.03  10.07   2.76 0.01 0.00 0.20 -1.00  -1.0     -1. 11.47 582.4 296126.
18:23:00 0.53 134.65 287.75  7.01 1654  12.82   573.9 346152. -0.33 -0.01 -14.35   2.11   1.15 0.36 1.24 0.61 -1.00  -1.0     -1. 11.59 570.7 313067.
18:33:48 0.53 134.66 287.66  7.01 1654  13.51   585.1 417401.  1.26 -0.60 -12.53   5.90   1.61 0.08 0.33 0.23 -1.00  -1.0     -1. 12.24 581.7 367797.
18:44:36 0.53 134.63 287.53  7.07 1654  -1.00    -1.0     -1. -1.00 -1.00 -14.77  -1.67   5.24 0.20 0.10 0.15 -1.00  -1.0     -1. -1.00  -1.0     -1.
18:55:24 0.53 134.64 287.44  7.07 1654  -1.00    -1.0     -1. -1.00 -1.00 -14.49   1.86   5.62 0.14 0.95 0.21 -1.00  -1.0     -1. -1.00  -1.0     -1.
19:06:12 0.53 134.65 287.35  7.07 1654  -1.00    -1.0     -1. -1.00 -1.00 -13.16   8.51   1.68 0.30 0.36 0.20 -1.00  -1.0     -1. -1.00  -1.0     -1.
19:17:00 0.53 134.66 287.27  7.07 1654  -1.00    -1.0     -1. -1.00 -1.00 -13.41   8.31   6.56 0.00 0.43 0.50 -1.00  -1.0     -1. -1.00  -1.0     -1.
19:27:48 0.53 134.71 287.22  7.01 1654  11.48   580.8 289600. -0.79 -0.02 -15.45   4.62   4.65 0.15 0.10 0.20 -1.00  -1.0     -1. 10.19 579.2 238911.
19:38:36 0.53 134.72 287.13  7.01 1654  11.86   576.4 351782. -4.57  2.17 -14.78   3.16   5.52 0.15 0.05 0.25 -1.00  -1.0     -1. 10.65 575.6 273442.
19:49:23 0.53 134.70 287.00  7.06 1654  -1.00    -1.0     -1. -1.00 -1.00 -13.63  -3.89   9.89 0.12 0.92 0.04 -1.00  -1.0     -1. -1.00  -1.0     -1.
20:00:11 0.53 134.74 286.95  7.01 1654  11.57   590.3 291614.  0.83  0.62 -15.57   5.44   5.70 0.17 0.45 0.33 -1.00  -1.0     -1. 10.47 584.3 285475.
20:25:23 0.53 134.77 286.74  7.00 1654  10.48   566.1 157739. -1.23 -2.03 -16.71   3.03   2.59 0.18 0.18 0.55 -1.00  -1.0     -1.  9.98 561.3 136786.
20:28:05 0.53 134.77 286.72  7.00 1654  10.60   567.0 115535. -1.39  0.93 -16.76   1.77   1.90 0.28 1.16 0.67  0.24 646.6 655851.  9.64 561.7 115577.
20:29:54 0.53 134.77 286.71  7.00 1654  11.37   562.9 154971. -3.52 -0.18 -16.80  -4.13   2.48 0.14 0.59 0.27 -1.00  -1.0     -1. 10.11 562.0 153006.
20:32:37 0.53 134.78 286.68  7.00 1654  10.13   577.9 221220. -3.81  1.20 -15.27  -7.30   3.33 0.27 0.95 0.75 -1.00  -1.0     -1.  9.91 580.4 284396.
20:35:19 0.53 134.78 286.66  7.00 1654  11.02   571.2 290259. -5.15  1.98 -14.76  -6.10   4.28 0.30 1.85 1.44 -1.00  -1.0     -1. 10.56 571.0 281820.
20:38:01 0.53 134.78 286.64  7.00 1654  10.13   563.4 251710. -2.17 -0.26 -16.12  -1.81   2.30 0.14 0.80 0.61 -1.00  -1.0     -1. 10.01 569.4 305365.
20:40:43 0.53 134.78 286.62  7.00 1654  11.96   576.6 330894. -4.74  1.85 -13.66  -7.51   4.76 0.42 0.63 0.44 -1.00  -1.0     -1. 11.71 577.1 328705.
20:43:25 0.53 134.79 286.60  7.00 1654  12.72   637.8 383455. -8.12  3.25  -3.22 -14.11   8.24 2.39 0.64 1.22 -1.00  -1.0     -1. 11.48 639.5 362343.
20:46:07 0.53 134.79 286.58  7.00 1654  12.70   592.7 417170. -6.83  2.15 -13.67  -3.50   3.91 0.73 4.57 1.43 -1.00  -1.0     -1. 12.01 592.3 400863.
20:48:49 0.53 134.79 286.55  7.00 1654  10.38   613.9 404245. -0.02 -1.32 -15.00   3.26   0.93 0.19 0.50 1.03 -1.00  -1.0     -1.  8.98 605.5 247952.
20:51:31 0.53 134.80 286.53  7.00 1654  10.52   614.8 367638. -0.81 -0.85 -14.23   3.67   0.19 0.22 0.80 0.35  0.33 710.8 783788. 10.16 615.6 410673.
20:54:13 0.53 134.80 286.51  7.00 1654  10.79   606.5 427764. -3.62  0.11 -15.21   0.93   1.36 0.18 0.34 0.28 -1.00  -1.0     -1. 10.20 609.1 376805.
20:56:55 0.53 134.80 286.49  7.00 1654  10.83   614.1 388672. -0.39 -1.51 -13.80   4.97   0.21 0.33 0.48 0.92  0.27 705.7 777967. 10.10 608.9 357983.
20:59:37 0.53 134.80 286.46  7.00 1654  10.97   610.9 316114.  0.21 -1.85 -11.94   8.17  -2.44 0.90 0.83 0.39  0.31 687.8 833697.  9.90 609.6 257249.
21:02:19 0.53 134.81 286.44  7.00 1654  11.16   610.5 334357.  0.21 -2.18 -13.53   6.44  -2.87 0.11 0.22 0.48  0.29 686.21046744. 10.45 607.6 272455.
21:05:01 0.53 134.81 286.42  7.00 1654  12.14   610.2 278312. -1.43 -3.52 -14.79   3.94  -4.65 0.36 0.06 0.78 -1.00  -1.0     -1. 11.00 610.4 234276.
21:07:43 0.53 134.81 286.40  7.00 1654  12.88   641.9 483364.-10.37 -4.34  -6.66 -14.06  -5.33 1.00 0.90 0.78  0.30 698.3 720586. 11.98 645.0 466667.
21:10:25 0.53 134.81 286.38  7.00 1654  14.08   660.3 608820. -7.95 -3.30  -3.56 -15.54  -5.50 1.12 0.21 0.42 -1.00  -1.0     -1. 12.66 664.2 581425.
21:13:07 0.53 134.82 286.36  7.00 1654  12.13   604.7 239294. -4.57  1.30 -16.25  -5.61   5.75 0.15 0.19 0.28 -1.00  -1.0     -1. 11.44 607.7 290328.
21:15:49 0.53 134.82 286.33  7.00 1654  10.72   614.0 324057. -5.46  3.47 -13.23  -2.99   7.91 0.88 2.90 0.88  0.24 708.41142625. 10.13 618.3 353088.
21:18:31 0.53 134.82 286.31  7.00 1654  11.31   614.3 304761.  0.64  0.09 -11.85  10.57   3.04 0.40 0.65 0.90  0.31 667.8 684801. 10.33 609.4 285523.
21:21:13 0.53 134.83 286.29  7.00 1654  10.84   640.4 317621.  2.20  1.42  -9.23  11.97   5.21 0.80 0.30 1.46  0.37 687.2 796743.  9.94 634.0 323943.
21:23:55 0.53 134.83 286.27  7.00 1654   9.61   656.1 257508.  3.29 -1.34  -4.31  15.14  -0.67 1.82 0.27 0.81  0.31 674.2 655435.  8.60 649.2 239402.
21:26:37 0.53 134.83 286.24  7.00 1654   9.66   645.5 311267.  2.87 -0.84  -8.03  12.72   1.47 0.41 0.15 0.35  0.35 710.71188779.  9.19 639.5 314867.
21:29:19 0.53 134.83 286.22  7.00 1654  15.07   650.6 483211.  1.40 -3.18  -5.20  12.23  -4.09 2.71 1.42 1.16  0.28 719.6 510606. 13.87 648.0 484449.
21:32:01 0.53 134.84 286.20  7.00 1654   9.80   682.8 273861.  2.86 -4.66  -2.75  13.03  -6.03 0.75 0.26 0.42  0.32 683.7 717104.  8.25 677.3 259860.
21:34:43 0.53 134.84 286.18  7.00 1654  11.39   618.1 373667.  1.54 -1.93 -11.02   5.56   2.91 0.48 2.12 4.48  0.34 695.1 888570.  9.93 614.0 319252.
21:37:25 0.53 134.84 286.16  7.00 1654  10.36   627.4 296155.  2.28 -0.83  -9.32   9.72   1.49 0.15 0.73 1.11  0.27 684.5 799537.  9.46 628.8 305453.
21:40:07 0.53 134.85 286.13  7.00 1654  10.74   615.0 386761.  0.00 -2.05 -10.99   7.51  -2.59 0.30 0.43 1.02  0.25 711.0 603330. 10.15 609.7 385235.
21:42:49 0.53 134.85 286.11  7.00 1654  10.11   607.7 319921. -1.53 -4.72 -13.51   1.89  -6.09 0.33 0.55 0.63 -1.00  -1.0     -1.  9.64 607.4 395799.
21:45:31 0.53 134.85 286.09  7.00 1654   8.57   599.6 223361.  0.06 -1.23 -13.87   4.21  -0.65 0.25 0.29 0.82  0.25 690.4 621131.  7.75 592.4 208486.
21:48:13 0.53 134.85 286.07  7.00 1654  10.42   589.1 202230. -0.27  0.70 -13.49   4.53   2.24 0.16 0.08 0.00 -1.00  -1.0     -1. 10.12 590.9 259172.
21:50:55 0.53 134.86 286.04  7.00 1654  10.09   590.4 246340. -2.24  1.21 -15.15   0.56   3.02 0.25 1.33 0.16 -1.00  -1.0     -1.  9.43 588.6 207745.
21:53:37 0.53 134.86 286.02  7.00 1654  10.86   613.8 426188. -6.62  1.22 -13.73  -5.69   3.25 0.39 1.21 0.22 -1.00  -1.0     -1.  9.57 617.8 372101.
21:56:19 0.53 134.86 286.00  7.00 1654  10.34   618.5 331528. -6.23 -0.60 -14.96  -4.62  -0.35 0.31 2.22 1.36 -1.00  -1.0     -1.  9.45 630.7 427244.
21:59:01 0.53 134.86 285.98  7.00 1654  10.61   620.5 369132. -4.89  1.04 -15.24  -3.33   1.60 0.26 0.17 0.74 -1.00  -1.0     -1.  9.87 618.5 307109.
22:01:43 0.53 134.87 285.96  7.00 1654  10.26   624.5 318856. -1.96 -2.75 -13.60   0.56  -5.60 0.52 0.42 1.66 -1.00  -1.0     -1.  9.46 623.1 252837.
22:04:25 0.53 134.87 285.94  7.00 1654   8.85   664.0 510433.  1.89 -3.57  -5.12   7.03  -5.81 4.24 1.81 0.30 -1.00  -1.0     -1.  8.50 663.2 568207.
22:07:07 0.53 134.87 285.91  7.00 1654  11.62   650.6 467495.  0.00  0.00  -9.63   3.53  -5.32 1.15 1.92 0.82 -1.00  -1.0     -1. 10.03 640.5 465160.
22:09:49 0.53 134.87 285.89  7.00 1654  10.73   708.6 372351.  0.00  1.57   6.83  -9.75  -8.24 1.10 1.44 0.94 -1.00  -1.0     -1. 10.30 704.7 358214.
22:12:31 0.53 134.88 285.87  7.00 1654  11.03   690.4 326145. -4.47 -4.86   8.57  -6.38 -11.53 0.42 0.57 0.15 -1.00  -1.0     -1. 10.55 696.6 369025.
22:15:13 0.53 134.88 285.85  7.00 1654  12.11   650.2 515966. -0.86 -5.64  -2.58  -0.61  -7.13 5.49 4.40 1.63 -1.00  -1.0     -1. 11.89 654.4 596313.
22:17:55 0.53 134.88 285.82  7.00 1654  11.48   617.7 585197.  0.00  1.67 -10.67  -4.12  -1.73 0.42 1.31 2.02 -1.00  -1.0     -1. 11.01 614.7 534696.
22:20:37 0.53 134.89 285.80  7.00 1654  10.26   671.8 431236. -7.39  0.00  -0.97  -9.78 -10.28 1.46 0.34 0.37 -1.00  -1.0     -1.  9.38 677.2 388743.
22:23:19 0.53 134.89 285.78  7.00 1654  10.57   617.7 447725. -1.54 -3.52 -10.58  -2.97  -5.29 0.34 0.83 2.11 -1.00  -1.0     -1.  9.76 622.7 468061.
22:26:01 0.53 134.89 285.76  7.00 1654   9.60   599.5 329368.  0.39 -1.36 -13.94   1.27  -2.71 0.37 0.20 0.30 -1.00  -1.0     -1.  8.78 593.9 289269.
22:28:43 0.53 134.89 285.73  7.00 1654   9.57   602.2 196002.  0.94  0.83 -13.95   4.53   3.14 0.23 0.28 0.03 -1.00  -1.0     -1.  8.79 595.9 197045.
22:31:25 0.53 134.90 285.71  7.00 1654  10.34   630.0 374278.  1.81  1.56 -11.22   8.07   1.34 0.72 0.73 1.02  0.31 691.5 736867.  9.20 627.6 340922.
22:34:07 0.53 134.90 285.69  7.00 1654   9.97   600.5 186312. -0.75  1.28 -15.20   2.44   3.08 0.16 0.23 0.69 -1.00  -1.0     -1.  8.64 594.3 186143.
22:36:49 0.53 134.90 285.67  7.00 1654   9.85   598.2 149072. -0.21 -0.16 -16.09   1.48   1.38 0.16 0.41 0.18 -1.00  -1.0     -1.  9.21 595.7 117591.
22:39:31 0.53 134.90 285.65  7.00 1654   9.09   592.6 138167. -0.41  0.07 -14.54   2.86   0.74 0.13 0.22 0.26 -1.00  -1.0     -1.  8.64 589.1 184763.
22:42:13 0.53 134.91 285.63  7.00 1654   8.69   602.2 184642.  1.78 -0.46 -12.24   5.83   1.24 0.28 0.45 0.31 -1.00  -1.0     -1.  7.26 598.0 145255.
22:44:55 0.53 134.91 285.60  7.00 1654   8.80   585.5 167578. -2.87  1.56 -14.23  -1.71   2.89 0.48 0.87 0.59 -1.00  -1.0     -1.  8.71 591.2 187683.
22:47:37 0.53 134.91 285.58  7.00 1654   9.51   654.1 323602.  0.66  4.71  -7.11   5.82   5.54 4.71 2.39 2.54 -1.00  -1.0     -1.  8.74 649.0 315552.
22:50:19 0.53 134.92 285.56  7.00 1654  10.32   623.4 355563. -6.15 -3.07 -12.05  -4.41  -2.66 0.52 2.63 2.53 -1.00  -1.0     -1.  9.46 632.5 433643.
22:53:01 0.53 134.92 285.54  7.00 1654   9.27   650.5 317761. -3.23 -2.62  -6.12  -2.60 -13.23 1.62 0.66 0.43  0.31 687.1 648366.  8.76 651.4 278741.
22:55:43 0.53 134.92 285.52  7.00 1654  10.60   612.4 339886.  0.24  1.43 -13.73   2.90   3.37 0.45 1.33 0.58 -1.00  -1.0     -1.  9.71 609.7 322338.
22:58:25 0.53 134.92 285.49  7.00 1654  10.20   646.0 381158.  3.26 -2.71  -9.52   9.27  -3.23 0.46 0.53 1.38 -1.00  -1.0     -1.  9.17 641.4 344132.
23:01:07 0.53 134.93 285.47  7.00 1654  10.42   622.7 346214.  1.60 -3.34 -11.07   6.46  -4.78 0.25 0.24 0.59  0.31 670.0 687881.  9.45 618.1 330037.
23:03:49 0.53 134.93 285.45  7.00 1654   9.34   612.4 302224. -5.49 -4.45 -12.65  -1.42  -6.21 0.35 0.43 0.52 -1.00  -1.0     -1.  8.69 621.1 323793.
23:06:31 0.53 134.93 285.43  7.00 1654   9.75   635.8 332788.  0.00  0.52 -11.07   6.74  -4.00 0.65 0.94 1.28 -1.00  -1.0     -1.  9.17 635.1 276242.
23:09:13 0.53 134.93 285.40  7.00 1654   9.96   605.1 260091. -2.84  1.32 -14.16  -0.36   3.88 0.22 0.38 0.39  0.29 703.81095016.  8.93 604.2 215824.
23:11:55 0.53 134.94 285.38  7.00 1654   9.85   641.5 344912.  1.97  4.91  -8.60   5.55   6.55 0.80 0.54 0.89  0.34 667.1 736789.  8.82 636.9 300356.
23:14:37 0.53 134.94 285.36  7.00 1654  10.58   606.3 331057.  0.43  1.13 -12.65   2.93   2.16 0.23 0.45 0.72 -1.00  -1.0     -1.  9.26 609.5 370016.
23:17:19 0.53 134.94 285.34  7.00 1654   9.88   611.0 392368. -3.56 -5.01 -12.45  -2.71  -5.82 0.35 0.56 0.77  0.29 696.5 670690.  9.88 603.4 392989.
23:20:01 0.53 134.95 285.32  7.00 1654   9.47   596.1 309390. -3.23 -0.54 -13.50  -3.58  -1.91 0.53 1.53 1.78 -1.00  -1.0     -1.  8.96 601.0 374395.
23:22:43 0.53 134.95 285.29  7.00 1654   9.63   602.1 331603. -2.92  1.43 -12.07  -0.48   3.92 0.81 2.23 2.49 -1.00  -1.0     -1.  9.26 599.7 311972.
23:25:25 0.53 134.95 285.27  7.00 1654   9.16   613.7 412395.  1.21 -1.33 -12.32   3.70  -1.79 0.67 1.18 0.86 -1.00  -1.0     -1.  9.00 608.4 429378.
23:28:07 0.53 134.95 285.25  7.00 1654   9.75   608.2 370535. -2.96  2.22 -11.93   1.19   4.35 0.16 0.53 0.32 -1.00  -1.0     -1.  9.00 605.2 365234.
23:30:49 0.53 134.96 285.23  6.99 1654   9.62   609.8 307463. -5.52  2.80 -11.97  -7.03   2.60 0.50 0.73 0.70  0.34 679.5 762595.  9.73 615.9 381639.
23:33:31 0.53 134.96 285.21  6.99 1654   8.68   699.8 300729.  3.20  2.55  -1.19   9.97   5.38 1.76 0.13 0.38 -1.00  -1.0     -1.  8.06 691.8 312729.
23:36:13 0.53 134.96 285.18  6.99 1654   9.79   601.2 299404.  0.23  0.00 -11.47   2.58   2.99 1.31 1.02 4.03  0.33 679.5 750953.  9.97 603.2 367839.
23:38:55 0.53 134.96 285.16  6.99 1654   9.42   616.0 342462.  0.00  1.81 -10.97   4.06   5.10 0.50 0.24 0.93  0.26 698.2 855098.  9.40 614.2 332775.
23:41:37 0.53 134.97 285.14  6.99 1654   9.54   602.8 276769. -1.81  2.61 -13.36   0.95   3.60 0.30 0.24 0.31 -1.00  -1.0     -1.  8.55 601.7 231401.
23:45:29 0.53 134.97 285.11  6.99 1654  -1.00    -1.0     -1. -1.00 -1.00 -12.78   4.36   2.01 0.23 0.33 0.47 -1.00  -1.0     -1. -1.00  -1.0     -1.
23:48:11 0.53 134.97 285.09  6.99 1654   9.96   593.8 270710. -2.05  3.13 -12.39   4.07   3.48 0.15 0.55 0.19  0.28 695.41109569.  9.08 590.8 234298.
23:50:53 0.53 134.98 285.06  6.99 1654   9.63   615.7 322039.  1.36  1.56 -12.98   3.47   2.28 0.23 0.63 0.20  0.26 693.1 941689.  8.88 612.7 311657.
23:53:35 0.53 134.98 285.04  6.99 1654   9.40   598.2 263914. -0.89  1.68 -13.10  -0.81  -3.51 0.57 2.23 2.16  0.29 687.3 711750.  8.07 599.1 221746.
23:55:05 0.53 134.98 285.03  6.99 1654   9.44   595.1 208285.  0.00  0.00 -13.21   4.05   2.38 0.16 0.17 0.31  0.28 659.1 784763.  8.65 589.6 189934.
