1977/269   rh    esh  clong  clat crot    np1     vp1     Tp1   vaz   vel     Bx     By     Bz  sBx  sBy  sBz   nal   val     Tal   np2   vp2     Tp2
hh:mm:ss [AU]  [deg]  [deg] [deg]    # [cm-3]  [km/s]     [K] [deg] [deg]   [nT]   [nT]   [nT] [nT] [nT] [nT][cm-3][km/s]     [K][cm-3][km/s]     [K]
 0:04:41 0.57 145.80 204.14 -7.01 1659  -1.00    -1.0     -1. -1.00 -1.00  22.95  -2.13  -1.99 0.08 0.20 0.00 -1.00  -1.0     -1. -1.00  -1.0     -1.
 0:09:41 0.57 145.84 204.13 -6.90 1659   9.10   631.9  25803.  3.72  2.64  22.85  -2.79  -1.99 0.05 0.20 0.00  0.08 622.3 406915. 13.00 624.4  24383.
 0:10:05 0.57 145.84 204.12 -6.90 1659   0.78   614.6  22138.  0.00  0.00  22.71  -2.87  -1.99 0.19 0.20 0.00  0.42 625.7  97428.  3.27 632.3  30035.
 0:13:39 0.57 145.84 204.09 -6.90 1659  -1.00    -1.0     -1. -1.00 -1.00  31.37  -7.04  -3.48 0.33 0.10 0.20 -1.00  -1.0     -1. -1.00  -1.0     -1.
 0:15:27 0.57 145.84 204.08 -6.90 1659   5.07   633.6  25228.  3.20  4.59  30.35  -6.20  -3.64 0.12 0.08 0.00  0.08 648.2 164281.  7.60 625.4  26082.
 0:20:51 0.57 145.85 204.03 -6.90 1659   4.10   626.1  34255.  0.00  0.00  26.95  -4.79  -1.81 0.16 0.19 0.04  0.57 625.7  91386. 13.27 637.0  31494.
 0:31:17 0.57 145.85 203.95 -6.90 1659   7.75   619.3  24539.  2.04  2.40  23.59  -5.14  -3.93 2.56 0.36 0.27  0.83 627.2  84733.  7.11 629.4  28885.
 0:52:53 0.57 145.87 203.76 -6.91 1659   7.26   623.1  32348.  3.20  2.49  27.33  -7.18  -3.66 0.00 0.00 0.00  0.43 606.8 102093. 15.74 615.4  22921.
 1:14:29 0.57 145.89 203.58 -6.91 1659  32.66   607.6  16155.  0.00  0.00  25.36  -3.71  -4.31 0.00 0.00 0.00  0.18 623.2 379212.  6.87 598.6  22765.
 1:36:05 0.57 145.90 203.40 -6.91 1659  12.47   592.5  16314.  0.61  1.27  23.76  -3.11  -4.44 0.00 0.00 0.00  0.84 605.6 106562.  3.67 597.9  43961.
 1:57:41 0.57 145.92 203.22 -6.91 1659   6.65   596.7  30672.  0.38  1.31  22.41  -1.24  -6.55 0.00 0.00 0.00  0.24 580.0  95362. 14.81 590.2  19231.
 2:19:17 0.57 145.94 203.04 -6.91 1659   7.47   584.7  20719.  0.71  0.76  22.02  -2.26  -5.73 0.00 0.00 0.00 -1.00  -1.0     -1. 10.15 570.7  18198.
 2:40:53 0.57 145.95 202.86 -6.91 1659   7.04   571.8  19458. -1.06  1.20  20.17  -3.19  -7.73 0.00 0.00 0.00  2.94 583.3  77274.  7.17 585.8  22548.
 3:02:29 0.57 145.97 202.68 -6.91 1659   7.60   576.2  26527.  0.82  1.02  18.15  -3.58  -6.55 0.00 0.00 0.00  0.54 562.7  93231. 11.64 571.9  13936.
 3:24:05 0.57 145.99 202.50 -6.91 1659   5.49   561.8  17847. -0.45  0.86  18.07  -2.30  -6.24 0.00 0.00 0.00  0.14 579.3 106484.  6.03 551.6  16856.
 3:45:41 0.57 146.00 202.32 -6.92 1659   2.94   556.0  23486.  0.35  0.59  17.89  -4.72  -6.11 0.00 0.00 0.00  0.15 558.0 139541.  8.40 569.5  22375.
 4:06:03 0.57 145.99 202.11 -7.02 1659  -1.00    -1.0     -1. -1.00 -1.00  19.72  -6.39  -1.48 0.00 0.00 0.00 -1.00  -1.0     -1. -1.00  -1.0     -1.
 4:07:17 0.57 146.02 202.14 -6.92 1659   4.08   562.9  23538.  0.90 -3.09  19.72  -6.39  -1.48 0.00 0.00 0.00  0.07 570.8 629006.  4.62 559.8  44241.
 4:25:53 0.57 146.04 201.98 -6.92 1659  -1.00    -1.0     -1. -1.00 -1.00  19.24  -8.31  -1.35 0.00 0.00 0.00 -1.00  -1.0     -1. -1.00  -1.0     -1.
 4:27:39 0.57 146.00 201.93 -7.02 1659  -1.00    -1.0     -1. -1.00 -1.00  19.34  -7.86  -1.06 0.20 0.05 0.01 -1.00  -1.0     -1. -1.00  -1.0     -1.
 4:28:53 0.57 146.04 201.95 -6.92 1659   1.03   563.9  34180.  1.04 -3.21  19.33  -8.31  -0.95 0.00 0.00 0.00  0.07 558.6 116464. 14.32 569.8  20205.
 4:49:15 0.57 146.02 201.75 -7.02 1659  -1.00    -1.0     -1. -1.00 -1.00  18.69  -3.69   2.31 0.00 0.00 0.00 -1.00  -1.0     -1. -1.00  -1.0     -1.
 4:50:29 0.57 146.06 201.77 -6.92 1659   3.31   567.5  23503.  0.34 -2.89  18.21  -6.62   0.52 0.00 0.00 0.00  0.11 556.7 514634.  4.73 563.1  35142.
 5:10:51 0.57 146.04 201.57 -7.02 1659  -1.00    -1.0     -1. -1.00 -1.00  22.31  -7.73   2.41 0.00 0.00 0.00 -1.00  -1.0     -1. -1.00  -1.0     -1.
 5:11:29 0.57 146.04 201.56 -7.02 1659  -1.00    -1.0     -1. -1.00 -1.00  22.91  -5.33   2.30 0.00 0.00 0.00 -1.00  -1.0     -1. -1.00  -1.0     -1.
 5:33:33 0.57 146.06 201.38 -7.03 1659  -1.00    -1.0     -1. -1.00 -1.00  21.40  -9.27  -3.90 0.00 0.00 0.00 -1.00  -1.0     -1. -1.00  -1.0     -1.
 5:33:41 0.57 146.09 201.41 -6.92 1659  -1.00    -1.0     -1. -1.00 -1.00   0.00   0.00   0.00 0.00 0.00 0.00 -1.00  -1.0     -1. 11.12 555.9  24977.
 5:55:09 0.57 146.07 201.20 -7.03 1659  -1.00    -1.0     -1. -1.00 -1.00  22.03 -10.72  -4.46 0.20 0.35 0.61 -1.00  -1.0     -1. -1.00  -1.0     -1.
 6:04:15 0.57 146.08 201.12 -7.03 1659  -1.00    -1.0     -1. -1.00 -1.00  -1.46  -0.91 -25.53 0.00 0.00 0.00 -1.00  -1.0     -1. -1.00  -1.0     -1.
 6:15:03 0.57 146.12 201.06 -6.92 1659   7.40   602.6  70323.  0.00  0.00   0.00   0.00   0.00 0.00 0.00 0.00  0.30 601.4 530928.  6.58 598.6 106861.
 6:16:45 0.57 146.09 201.02 -7.03 1659  -1.00    -1.0     -1. -1.00 -1.00  -0.86  -1.51 -25.52 0.00 0.00 0.00 -1.00  -1.0     -1. -1.00  -1.0     -1.
 6:38:21 0.57 146.11 200.84 -7.03 1659  -1.00    -1.0     -1. -1.00 -1.00  18.88  -5.10  -9.48 0.00 0.00 0.00 -1.00  -1.0     -1. -1.00  -1.0     -1.
 9:03:04 0.56 146.26 199.66 -6.93 1659   5.77   665.0 166477.  0.21  0.24   0.00   0.00   0.00 0.00 0.00 0.00  0.16 656.8 778175.  8.40 663.8  48961.
 9:13:52 0.56 146.26 199.57 -6.93 1659   9.13   658.2 124533. -0.29  0.92   0.00   0.00   0.00 0.00 0.00 0.00  0.22 659.6 700835.  6.53 656.5 181186.
 9:24:40 0.56 146.27 199.47 -6.93 1659   5.17   634.6 255244.  1.01 -0.84   0.00   0.00   0.00 0.00 0.00 0.00  0.19 647.0 939350. 14.52 661.1  41372.
 9:57:07 0.56 146.30 199.20 -6.93 1659  17.14   604.8 170443.  4.74 -7.25   0.00   0.00   0.00 0.00 0.00 0.00 -1.00  -1.0     -1. 15.06 598.8 150537.
10:07:55 0.56 146.31 199.11 -6.94 1659  15.56   651.2 195538.  4.35  1.33   0.00   0.00   0.00 0.00 0.00 0.00  0.65 638.0 852123. 13.94 645.8 231683.
10:18:43 0.56 146.31 199.02 -6.94 1659  12.72   640.0 163706.  2.20 -2.15   0.00   0.00   0.00 0.00 0.00 0.00  0.46 620.5 945847.  9.71 635.3 244827.
10:23:39 0.56 146.32 198.98 -6.94 1659  25.97   605.3 105250. -4.63 -2.34   0.00   0.00   0.00 0.00 0.00 0.00  0.81 596.7 609463. 17.80 604.4 155023.
10:29:28 0.56 146.32 198.93 -6.94 1659  14.72   613.2 188956.  0.00  0.00   0.00   0.00   0.00 0.00 0.00 0.00  0.53 616.5 620598. 13.27 608.9 196415.
10:45:15 0.56 146.34 198.80 -6.94 1659  30.89   587.7 120368. -5.05 -2.51  19.93  -5.10  -9.62 1.05 0.00 0.14  1.68 585.0 514465. 32.05 593.8 126904.
10:57:33 0.56 146.31 198.66 -7.04 1659  -1.00    -1.0     -1. -1.00 -1.00  14.12  -8.20 -26.63 0.00 0.00 0.00 -1.00  -1.0     -1. -1.00  -1.0     -1.
11:06:51 0.56 146.35 198.62 -6.94 1659  28.00   626.4 229211.  0.00  0.00  17.94  -5.20 -27.90 0.00 0.00 0.00  1.03 638.5 733034. 28.93 626.7 210208.
11:28:27 0.56 146.37 198.44 -6.94 1659   9.53   684.2 164242. -7.43 -0.68  31.08  11.31  -4.68 0.06 0.20 0.40  0.36 696.31108530. 10.28 690.3 183733.
11:50:03 0.56 146.39 198.26 -6.94 1659  15.96   595.2 178724.-13.44  1.81  18.78  -4.21 -21.05 0.00 0.00 0.00  1.03 576.4 511905. 16.86 597.5 120359.
12:11:39 0.56 146.41 198.08 -6.94 1659  14.51   622.7 143257. -6.17  5.43   5.08 -23.60 -20.84 0.00 0.00 0.00  0.78 625.6 867235. 12.87 621.7 143036.
12:33:15 0.56 146.42 197.90 -6.94 1659   7.94   598.0 133937. -4.35  3.68   9.68 -16.06 -26.69 0.00 0.00 0.00 -1.00  -1.0     -1.  7.88 593.4 122759.
12:54:51 0.56 146.44 197.72 -6.94 1659   8.36   580.4 191857.-11.39  8.95  12.02  -2.69 -28.22 0.00 0.00 0.00  0.35 599.4 658554.  8.43 586.8 213174.
13:16:27 0.56 146.46 197.54 -6.95 1659   5.65   592.4 193332. -1.57  3.12  15.29   0.76 -19.09 0.00 0.00 0.00 -1.00  -1.0     -1.  6.26 593.0 153402.
13:38:03 0.56 146.48 197.36 -6.95 1659   9.26   602.3 229949. -6.80  9.65  18.84  11.53 -20.78 0.00 0.00 0.00 -1.00  -1.0     -1.  7.61 608.5 344869.
13:59:39 0.56 146.49 197.17 -6.95 1659  21.67   612.9 128415. -3.15  4.35  17.81  -3.42 -16.92 0.20 0.35 0.61  1.07 596.4 592233. 19.91 616.0 130582.
14:21:15 0.56 146.51 196.99 -6.95 1659  18.49   595.4 206186. -3.92  5.57  15.09   3.74 -15.99 0.00 0.00 0.00  1.41 588.0 869612. 19.27 597.6 199550.
14:42:51 0.56 146.53 196.81 -6.95 1659   7.20   564.7 107657.-12.57  8.40  10.60  19.57  -8.33 0.00 0.00 0.00  1.05 567.3 792754.  6.59 567.3  88085.
15:04:27 0.56 146.54 196.63 -6.95 1659   4.95   584.6 233398.-15.09  6.16   8.07  20.46  -5.65 0.61 0.40 0.39 -1.00  -1.0     -1.  4.47 587.9 221857.
15:26:03 0.56 146.56 196.45 -6.95 1659   5.87   564.9 111429.-13.92  6.71   7.49  19.94  -6.04 0.00 0.00 0.00  0.74 558.0 732346.  5.27 567.6  84320.
15:47:39 0.56 146.58 196.27 -6.95 1659   3.92   596.5 195258.-14.70  3.32   4.64  20.30  -1.36 0.29 0.05 0.80  0.53 588.71037246.  4.05 602.0 211848.
16:09:15 0.56 146.60 196.09 -6.95 1659   4.29   582.0 210091.-13.55  1.63   0.47  22.14  -3.23 0.00 0.00 0.00  0.45 589.5 657384.  4.42 592.4 291958.
16:30:51 0.56 146.61 195.91 -6.96 1659   4.96   540.3 702450. -7.29  7.32  17.67   4.58  -9.06 0.00 0.00 0.00 -1.00  -1.0     -1.  4.93 563.91070198.
16:52:27 0.56 146.63 195.73 -6.96 1659   6.16   520.1 808113.  3.31  6.21  16.04  -5.31  -6.92 0.00 0.00 0.00  1.44 490.8 638036.  5.01 483.7 161396.
17:14:03 0.56 146.65 195.55 -6.96 1659   5.97   502.6 182476. -7.68 10.28  15.61  -0.85 -10.46 0.00 0.00 0.00  1.11 480.9 451588.  6.23 494.8  74812.
17:35:39 0.56 146.67 195.37 -6.96 1659   3.69   494.0  77336. -2.79 10.47  14.32  -4.47  -9.84 0.00 0.00 0.00  1.42 456.7 668130.  3.17 505.9 100309.
17:57:15 0.56 146.69 195.19 -6.96 1659   3.10   607.2 409140.  3.50  0.25   5.92 -16.42  -2.28 0.00 0.00 0.00 -1.00  -1.0     -1.  3.00 587.0 234363.
18:18:51 0.56 146.70 195.01 -6.96 1659   4.35   590.6 915526.  0.00  4.77  11.22  -7.22  -7.55 0.41 0.15 0.20 -1.00  -1.0     -1.  3.69 591.3 728977.
18:40:27 0.56 146.72 194.83 -6.96 1659   3.91   613.4 447436.  2.98 -5.81   9.05 -12.45  -1.52 0.00 0.00 0.00 -1.00  -1.0     -1.  4.17 602.7 412678.
19:02:03 0.56 146.74 194.65 -6.96 1659   4.46   615.7 809246.  1.28 -2.50  10.71  -8.04   1.08 0.00 0.00 0.00 -1.00  -1.0     -1.  4.58 629.8 811267.
19:22:34 0.56 146.72 194.44 -7.06 1659  -1.00    -1.0     -1. -1.00 -1.00  11.56  -6.87   6.50 0.10 0.25 0.20 -1.00  -1.0     -1. -1.00  -1.0     -1.
19:23:39 0.56 146.76 194.47 -6.96 1659  -1.00    -1.0     -1. -1.00 -1.00   9.43  -7.11   8.57 0.00 0.00 0.00 -1.00  -1.0     -1. -1.00  -1.0     -1.
21:41:58 0.56 146.84 193.28 -7.07 1659  -1.00    -1.0     -1. -1.00 -1.00  11.79 -12.26  -0.64 0.05 0.15 0.00 -1.00  -1.0     -1. -1.00  -1.0     -1.
21:44:40 0.56 146.87 193.29 -6.97 1659   4.79   555.7 393223.  0.13 -3.16   0.00   0.00   0.00 0.00 0.00 0.00 -1.00  -1.0     -1.  4.99 554.8 360105.
21:47:22 0.56 146.88 193.27 -6.97 1659   5.21   560.6 271081.  1.98 -3.39   9.75 -13.49   2.16 0.19 0.18 0.16 -1.00  -1.0     -1.  4.25 563.3 247396.
21:50:04 0.56 146.88 193.25 -6.97 1659   4.03   586.0 287011.  3.08 -3.84  10.97 -13.27   0.04 0.32 0.13 0.58 -1.00  -1.0     -1.  3.85 587.9 286166.
21:51:36 0.56 146.88 193.23 -6.97 1659   4.57   559.0 290013.  1.54 -2.27  10.80 -13.34   0.28 0.37 0.16 0.51 -1.00  -1.0     -1.  3.24 562.5 258233.
21:54:18 0.56 146.88 193.21 -6.97 1659   4.14   572.3 389760.  1.14 -1.05  11.25 -13.31   0.00 0.10 0.24 0.32 -1.00  -1.0     -1.  4.46 560.9 326369.
21:57:00 0.56 146.88 193.19 -6.97 1659   4.33   559.2 337570.  1.99 -0.95  10.67 -13.65  -0.64 0.10 0.20 0.16  0.17 586.7 554889.  3.83 563.5 438032.
21:59:42 0.56 146.89 193.17 -6.97 1659   4.46   557.7 464832.  1.04 -2.75  11.12 -12.90  -2.43 0.08 0.16 0.32 -1.00  -1.0     -1.  4.31 553.1 458562.
22:02:24 0.56 146.89 193.14 -6.97 1659   3.66   533.7 259701.  3.33 -2.09  11.67 -13.09  -3.62 0.16 0.08 0.20 -1.00  -1.0     -1.  3.22 525.7 180630.
22:05:06 0.56 146.89 193.12 -6.97 1659   4.11   532.2 285861.  2.59 -2.57  12.19 -12.22  -3.15 0.13 0.25 0.00  0.20 564.6 552927.  3.52 530.1 230615.
22:07:48 0.56 146.89 193.10 -6.97 1659   3.92   529.1 247081.  2.38 -2.73  11.90 -12.76  -2.25 0.10 0.20 0.00 -1.00  -1.0     -1.  2.84 528.4 194475.
22:10:30 0.56 146.89 193.08 -6.97 1659   3.69   536.1 269437.  2.56 -1.59  11.98 -12.47  -3.83 0.15 0.05 0.19 -1.00  -1.0     -1.  3.11 537.0 253211.
22:13:12 0.56 146.90 193.06 -6.97 1659   3.35   540.5 338954.  3.38 -0.78  11.93 -12.83  -3.53 0.08 0.16 0.16  0.14 592.2 600302.  3.46 537.5 307255.
22:15:54 0.56 146.90 193.03 -6.97 1659   2.94   542.9 349810.  2.10 -0.45  11.86 -12.51  -3.96 0.12 0.06 0.15 -1.00  -1.0     -1.  2.82 546.8 462269.
22:18:36 0.56 146.90 193.01 -6.97 1659   3.56   533.6 278649.  4.14  0.19  11.76 -12.45  -3.78 0.08 0.12 0.16 -1.00  -1.0     -1.  3.26 536.2 343872.
22:21:18 0.56 146.90 192.99 -6.97 1659   4.07   527.7 291932.  3.48  0.65  11.79 -12.49  -4.70 0.17 0.16 0.26  0.17 587.6 589530.  4.25 521.3 296626.
22:24:00 0.56 146.91 192.96 -6.97 1659   3.85   526.7 293339.  4.96  0.80  11.42 -12.78  -4.92 0.00 0.05 0.20  0.22 560.1 444246.  3.52 520.4 219550.
22:26:42 0.56 146.91 192.94 -6.97 1659   3.52   517.4 180413.  3.90  0.46  12.34 -12.29  -4.13 0.19 0.10 0.20  0.24 541.6 411073.  3.17 511.6 169985.
22:29:24 0.56 146.91 192.92 -6.97 1659   3.33   525.8 294736.  2.85 -0.43  13.17 -11.80  -2.92 0.34 0.11 0.70 -1.00  -1.0     -1.  2.99 529.4 292946.
22:32:06 0.56 146.91 192.90 -6.97 1659  -1.00    -1.0     -1. -1.00 -1.00  13.21 -11.68  -1.96 0.11 0.15 0.44 -1.00  -1.0     -1.  4.14 519.2 337096.
22:34:48 0.56 146.91 192.87 -6.97 1659   4.43   516.9 324479.  4.62 -2.22  12.99 -11.85  -1.57 0.24 0.25 0.25 -1.00  -1.0     -1.  4.37 516.3 383055.
22:37:30 0.56 146.92 192.85 -6.97 1659  -1.00    -1.0     -1. -1.00 -1.00  13.24 -11.93  -3.58 0.16 0.08 0.26 -1.00  -1.0     -1.  3.09 507.5 211611.
22:40:12 0.56 146.92 192.83 -6.97 1659  -1.00    -1.0     -1. -1.00 -1.00  12.83 -12.02  -3.35 0.16 0.08 0.32 -1.00  -1.0     -1.  3.07 518.4 373504.
22:42:54 0.56 146.92 192.81 -6.97 1659   3.64   521.6 294291.  4.26 -1.54   9.72 -11.71  -0.99 0.00 0.00 0.00 -1.00  -1.0     -1.  3.09 505.4 177817.
22:45:36 0.56 146.92 192.78 -6.97 1659   3.76   517.5 266172.  4.00 -1.03  10.72 -11.73  -1.44 1.51 0.10 1.02 -1.00  -1.0     -1.  3.32 506.5 250869.
22:48:18 0.56 146.93 192.76 -6.97 1659   4.36   502.1 217065.  3.12 -3.55  13.62 -11.12  -2.48 0.24 0.15 0.00 -1.00  -1.0     -1.  3.87 496.4 159620.
22:51:00 0.56 146.93 192.74 -6.97 1659   3.62   500.2 143410.  4.38 -3.21  12.93 -11.90  -2.09 0.75 0.85 0.53 -1.00  -1.0     -1.  2.88 488.6 144180.
22:53:42 0.56 146.93 192.72 -6.97 1659   3.68   488.1 144644.  2.88 -2.95  13.94 -10.50  -2.80 0.15 0.19 0.39 -1.00  -1.0     -1.  3.09 485.8 118351.
22:56:24 0.56 146.93 192.69 -6.97 1659   3.60   504.4 161250.  3.27 -3.53  13.66 -11.11  -1.52 0.15 0.23 0.32 -1.00  -1.0     -1.  3.02 510.8 202600.
22:59:06 0.56 146.94 192.67 -6.97 1659   3.69   490.6 139680.  2.66 -2.56  13.18 -10.96  -2.45 0.15 0.10 0.05 -1.00  -1.0     -1.  3.60 497.0 173120.
23:01:48 0.56 146.94 192.65 -6.98 1659   3.82   499.9 171824.  3.15 -2.60  13.30 -10.86  -2.51 0.00 0.00 0.00 -1.00  -1.0     -1.  3.36 491.2 149127.
23:04:30 0.56 146.94 192.63 -6.98 1659   2.67   511.2 187082.  2.04 -3.60  13.38 -10.84  -2.51 0.16 0.04 0.00 -1.00  -1.0     -1.  3.02 495.1  88949.
23:07:12 0.56 146.94 192.60 -6.98 1659   3.74   497.5  76898.  2.86 -3.97  13.30 -10.86  -2.51 0.00 0.00 0.00 -1.00  -1.0     -1.  3.20 503.9 123890.
23:09:54 0.56 146.94 192.58 -6.98 1659   4.18   517.7 406434.  2.95 -4.17  13.32 -10.64  -2.51 0.11 0.19 0.00 -1.00  -1.0     -1.  3.71 499.5 187449.
23:12:36 0.56 146.95 192.56 -6.98 1659   3.73   509.3 311820.  3.14 -4.52  13.68 -10.28  -2.43 0.19 0.10 0.16 -1.00  -1.0     -1.  4.07 511.5 443610.
23:15:18 0.56 146.95 192.54 -6.98 1659   3.87   529.6 371448.  4.26 -5.01  12.45 -11.47  -1.46 0.31 0.29 0.19 -1.00  -1.0     -1.  3.61 519.5 312671.
23:18:00 0.56 146.95 192.51 -6.98 1659   3.66   508.9 296103.  3.68  0.95  13.59 -10.59  -2.21 0.11 0.23 0.17 -1.00  -1.0     -1.  3.63 513.5 465153.
23:20:42 0.56 146.95 192.49 -6.98 1659   3.61   502.0 250440.  2.25 -5.11  13.99  -9.96  -1.94 0.10 0.25 0.20 -1.00  -1.0     -1.  3.18 495.2 202603.
23:23:24 0.56 146.96 192.47 -6.98 1659   4.77   496.9 336907.  2.59 -5.51  13.99  -9.87  -1.82 0.30 0.47 0.45 -1.00  -1.0     -1.  4.43 507.8 527647.
23:26:06 0.56 146.96 192.45 -6.98 1659   2.97   503.1 218979. -0.63 -1.47  14.55  -8.78   0.90 0.09 0.28 0.30 -1.00  -1.0     -1.  2.84 495.6  93880.
23:28:48 0.56 146.96 192.42 -6.98 1659   3.57   499.3 175670.  0.64 -8.65  13.93  -9.53  -0.49 0.23 0.59 1.10 -1.00  -1.0     -1.  3.28 488.3 155107.
23:31:30 0.56 146.96 192.40 -6.98 1659   3.58   527.6 319288.  2.08 -2.45  12.03 -11.42  -3.14 0.20 0.25 0.91 -1.00  -1.0     -1.  3.38 508.2 180056.
23:34:12 0.56 146.96 192.38 -6.98 1659   4.08   545.5 320788.  2.85 -0.79  10.78 -12.38  -5.23 0.10 0.18 0.30  0.20 554.7 367349.  3.99 531.9 258434.
23:36:54 0.56 146.97 192.36 -6.98 1659   3.56   548.3 259821. -0.49 -1.56  13.68 -10.41  -0.93 0.27 0.35 0.51 -1.00  -1.0     -1.  3.61 543.0 225329.
23:39:34 0.56 146.97 192.33 -6.98 1659   3.71   544.7 178902.  2.07  0.15  12.07 -12.40  -4.31 0.13 0.09 0.16 -1.00  -1.0     -1.  3.45 540.8 249891.
23:42:16 0.56 146.97 192.31 -6.98 1659   3.50   543.6 228282.  1.08 -1.96  12.95 -11.66  -2.11 0.15 0.24 0.16  0.11 569.5 345701.  3.42 542.9 175072.
23:44:58 0.56 146.97 192.29 -6.98 1659  -1.00    -1.0     -1. -1.00 -1.00  12.88 -11.45  -0.85 0.08 0.16 0.25 -1.00  -1.0     -1. -1.00  -1.0     -1.
23:47:40 0.56 146.98 192.27 -6.98 1659  -1.00    -1.0     -1. -1.00 -1.00  12.65 -11.54  -2.05 0.16 0.22 0.25 -1.00  -1.0     -1. -1.00  -1.0     -1.
23:50:22 0.56 146.98 192.24 -6.98 1659   4.00   550.4 195499.  1.99 -1.57  12.50 -11.59  -3.58 0.18 0.22 0.30 -1.00  -1.0     -1.  3.30 554.8 234581.
23:50:24 0.56 146.94 192.21 -7.07 1659  -1.00    -1.0     -1. -1.00 -1.00  12.34 -11.67  -3.74 0.29 0.13 0.30 -1.00  -1.0     -1. -1.00  -1.0     -1.
23:53:04 0.56 146.98 192.22 -6.98 1659   3.93   551.7 214431.  1.52 -1.27  13.38 -10.60  -1.67 0.15 0.21 0.64 -1.00  -1.0     -1.  3.24 545.1 173357.
23:53:06 0.56 146.98 192.22 -6.98 1659   3.71   543.7 256781.  0.06 -2.31   0.00   0.00   0.00 0.00 0.00 0.00 -1.00  -1.0     -1.  3.65 542.6 211354.
23:55:48 0.56 146.98 192.20 -6.98 1659   3.73   544.6 202577.  1.77 -1.75  12.53 -11.69  -1.49 0.00 0.05 0.20 -1.00  -1.0     -1.  3.48 542.5 272718.
23:58:30 0.56 146.98 192.18 -6.98 1659   3.47   550.3 211572.  1.61 -2.00  13.03 -11.35  -0.55 0.23 0.32 0.43 -1.00  -1.0     -1.  3.36 542.8 186809.
