085  0:00:16 0.49 338.31 309.86 -7.22 1653  40.86   350.9  20992.  1.22  0.77  -2.11   6.64  -8.55 0.88 0.70 0.20  0.11 356.5  96531. 32.76 348.9  22278.
085  0:01:37 0.49 338.31 309.85 -7.22 1653  36.92   349.8  20540.  1.11 -0.11  -0.88   4.98  -9.45 1.31 0.80 1.38 -1.00  -1.0     -1. 40.04 349.2  20166.
085  0:02:58 0.49 338.31 309.84 -7.22 1653  38.92   353.0  19764.  0.14 -0.91  -0.86   6.20 -10.49 1.32 1.77 1.21  0.09 357.7 144868. 37.64 351.6  18484.
085  0:04:19 0.49 338.32 309.83 -7.22 1653  35.03   346.9  22395.  2.01  1.42  -2.67   8.76  -8.81 0.94 0.89 0.82  0.16 335.4 178990. 32.98 342.8  17896.
085  0:05:40 0.49 338.32 309.82 -7.22 1653  38.72   344.3  14400.  1.25  0.91  -3.94   8.81  -8.14 1.12 0.71 1.03  0.12 360.4 140489. 27.67 341.1  21433.
085  0:07:01 0.49 338.32 309.81 -7.22 1653  38.89   341.0  21112.  1.95  1.28  -4.76   8.96  -7.48 0.87 0.52 0.55  0.14 342.1 209175. 32.71 339.0  19345.
085  0:08:22 0.49 338.32 309.80 -7.22 1653  40.44   341.9  18198.  1.53  1.46  -4.42   8.21  -8.49 0.87 0.30 0.37  0.08 356.0 174858. 32.42 340.0  21008.
085  0:09:43 0.49 338.32 309.79 -7.22 1653  36.88   342.4  22158.  1.38  1.27  -4.19   8.44  -8.42 0.88 0.40 0.21  0.10 344.1 124546. 32.53 340.8  20046.
085  0:11:04 0.49 338.33 309.78 -7.22 1653  40.13   342.2  17925.  1.71  1.05  -3.83   9.52  -7.97 0.84 0.73 0.48  0.15 332.4 219908. 30.13 340.4  22213.
085  0:12:25 0.49 338.33 309.76 -7.22 1653  34.58   341.6  21245.  2.52  0.74  -3.52   9.00  -7.71 1.07 0.55 0.80  0.16 337.9 152833. 31.73 339.0  19163.
085  0:13:46 0.49 338.33 309.75 -7.22 1653  45.30   354.1  19348.  2.88  2.05  -0.85  10.22  -6.27 2.12 0.74 1.29  0.14 350.2  51053. 36.92 350.8  19916.
085  0:15:07 0.49 338.33 309.75 -7.22 1653  33.93   348.0  23717.  2.87  1.98  -3.15   9.39  -7.71 0.97 0.41 0.33  0.13 348.9 158135. 32.36 344.5  23607.
085  0:16:28 0.49 338.33 309.73 -7.22 1653  32.45   337.3  22401.  1.45  0.33  -4.89   7.65  -9.28 1.07 0.50 0.39 -1.00  -1.0     -1. 29.15 335.7  21973.
085  0:17:49 0.49 338.33 309.72 -7.22 1653  30.39   338.2  25559.  1.22  0.24  -4.82   8.19  -9.35 0.96 0.58 0.41 -1.00  -1.0     -1. 26.82 336.7  23691.
085  0:19:10 0.49 338.34 309.71 -7.22 1653  32.10   340.1  22600.  2.05  0.93  -4.52   9.18  -8.82 0.94 0.51 0.60 -1.00  -1.0     -1. 26.70 339.0  25835.
085  0:20:31 0.49 338.34 309.70 -7.22 1653  29.40   338.9  24688.  2.70  1.82  -6.07  10.13  -6.43 1.16 0.31 2.37  0.08 339.6  57667. 24.96 336.0  24834.
085  0:21:52 0.49 338.34 309.69 -7.22 1653  31.73   340.0  23314.  1.87  1.68  -6.46  10.20  -5.70 1.00 0.59 0.70  0.14 327.3  47427. 26.42 336.4  30013.
085  0:23:13 0.49 338.34 309.68 -7.22 1653  29.06   339.7  26121.  2.41  0.65  -6.41   9.09  -6.91 0.88 0.71 0.87  0.16 334.3 145427. 27.17 337.3  24026.
085  0:24:34 0.49 338.34 309.67 -7.22 1653  33.80   339.6  21791.  2.12  1.15  -6.64   9.35  -6.48 0.87 0.53 0.64  0.11 334.1 140931. 27.62 337.5  23779.
085  0:25:55 0.49 338.34 309.66 -7.22 1653  30.88   340.8  24451.  2.13  0.95  -6.60   9.49  -6.45 0.87 0.46 0.66  0.16 337.1  61552. 27.60 338.4  21160.
085  0:27:16 0.49 338.35 309.65 -7.22 1653  33.20   337.2  23555.  1.81  1.20  -7.60   8.81  -6.31 1.04 0.64 0.71  0.20 324.5  60733. 29.31 334.3  26952.
085  0:28:37 0.49 338.35 309.64 -7.22 1653  31.08   335.2  27933.  1.69  1.47  -6.62   8.39  -8.24 0.96 0.25 0.40  0.10 345.3 124299. 25.75 333.7  25968.
085  0:29:58 0.49 338.35 309.63 -7.22 1653  32.28   335.7  23987.  1.70  1.10  -6.17   8.38  -8.62 0.92 0.34 0.19 -1.00  -1.0     -1. 28.79 333.2  26397.
085  0:31:19 0.49 338.35 309.62 -7.22 1653  31.65   339.0  26124.  2.36  1.45  -6.50   7.98  -8.66 0.92 0.55 0.39  0.08 344.5 116113. 25.88 336.4  26062.
085  0:32:40 0.49 338.35 309.60 -7.22 1653  32.18   337.0  24227.  1.68  0.81  -6.60   7.91  -8.67 0.90 0.35 0.31 -1.00  -1.0     -1. 29.30 334.2  27151.
085  0:34:01 0.49 338.35 309.60 -7.22 1653  32.85   335.5  24636.  0.00  0.00  -5.85   7.12  -9.27 0.93 0.84 0.58 -1.00  -1.0     -1. 27.58 335.2  25689.
085  0:35:22 0.49 338.36 309.58 -7.22 1653  29.68   337.7  22918.  0.92  0.02  -5.11   4.24 -11.39 0.95 0.94 0.47 -1.00  -1.0     -1. 30.57 336.4  22203.
085  0:36:43 0.49 338.36 309.57 -7.22 1653  32.49   333.8  27391.  0.70  0.20  -5.83   5.24 -10.88 0.97 0.76 0.52 -1.00  -1.0     -1. 29.17 331.5  24159.
085  0:38:04 0.49 338.36 309.56 -7.22 1653  31.93   338.1  22772.  1.55  0.67  -5.91   8.44  -8.90 0.91 0.76 0.98 -1.00  -1.0     -1. 27.51 336.6  24052.
085  0:39:25 0.49 338.36 309.55 -7.22 1653  27.20   342.4  25068.  1.20  0.93  -4.88   6.06 -11.32 1.24 1.41 1.16 -1.00  -1.0     -1. 26.49 340.9  19397.
085  0:40:46 0.49 338.36 309.54 -7.22 1653  31.83   346.6  21349.  1.44  0.48  -4.28   6.99 -11.30 1.11 0.82 0.63 -1.00  -1.0     -1. 28.86 342.8  24026.
085  0:42:07 0.49 338.37 309.53 -7.22 1653  28.77   339.2  26170.  1.29  1.60  -5.53   7.65 -10.48 1.00 0.79 0.40 -1.00  -1.0     -1. 26.51 338.6  32082.
085  0:43:28 0.49 338.37 309.52 -7.22 1653  26.55   343.2  48311.  0.88  1.66  -5.74   7.93 -10.08 0.94 0.71 0.53 -1.00  -1.0     -1. 24.93 341.4  52261.
085  0:44:49 0.49 338.37 309.51 -7.22 1653  24.99   340.6  53928.  0.97  1.70  -6.33   7.73 -10.25 0.97 0.48 0.42 -1.00  -1.0     -1. 22.28 339.4  48285.
085  0:46:10 0.49 338.37 309.50 -7.22 1653  31.86   336.5  22265.  2.10  0.99  -6.27   7.16 -10.71 0.89 0.80 0.53  0.19 320.7 116282. 28.01 333.1  24120.
085  0:47:31 0.49 338.37 309.49 -7.22 1653  29.65   340.3  29395.  1.39  2.03  -6.36   8.80  -9.66 0.85 0.34 0.32 -1.00  -1.0     -1. 25.59 340.8  39378.
085  0:48:52 0.49 338.37 309.48 -7.22 1653  25.78   341.5  51098.  0.77  2.10  -6.54   8.60  -9.66 0.91 0.54 0.37 -1.00  -1.0     -1. 24.38 339.2  56172.
085  0:50:13 0.49 338.38 309.47 -7.22 1653  27.55   341.3  57722.  0.78  1.88  -6.53   7.98 -10.36 0.94 0.53 0.54 -1.00  -1.0     -1. 24.86 340.0  49497.
085  0:51:34 0.49 338.38 309.46 -7.22 1653  23.52   341.2  52479.  0.47  1.58  -6.62   7.27 -10.68 0.95 0.61 0.47 -1.00  -1.0     -1. 22.63 340.2  57735.
085  0:52:55 0.49 338.38 309.44 -7.22 1653  30.90   335.7  31858.  0.72  2.28  -6.80   7.83  -9.96 1.01 0.32 0.63 -1.00  -1.0     -1. 28.40 333.9  35519.
085  0:54:16 0.49 338.38 309.44 -7.22 1653  23.65   340.5  53073.  0.69  2.10  -6.84   7.98  -9.80 0.96 0.60 0.47 -1.00  -1.0     -1. 21.92 338.7  59651.
085  0:55:37 0.49 338.38 309.42 -7.22 1653  33.45   336.9  22401.  1.39  0.05  -5.60   7.15 -10.75 0.89 0.25 0.24  0.11 343.2 166542. 31.03 335.7  22064.
085  0:56:58 0.49 338.38 309.41 -7.22 1653  33.91   337.3  21183.  1.48  0.18  -5.72   7.71 -10.35 0.88 0.56 0.53 -1.00  -1.0     -1. 30.07 334.2  24022.
085  0:58:19 0.49 338.39 309.40 -7.22 1653  34.05   335.5  22359.  1.70  0.86  -6.31   8.86  -8.77 0.79 0.23 0.27  0.14 340.7 192919. 28.73 333.6  24120.
085  0:59:40 0.49 338.39 309.39 -7.22 1653  35.11   333.7  22028.  0.00  0.00  -6.23   8.64  -9.12 0.82 0.44 0.35  0.21 323.8 177483. 31.55 332.2  24042.
085  1:01:01 0.49 338.39 309.38 -7.22 1653  32.82   334.3  22119.  1.53  0.78  -6.61   8.81  -8.83 0.84 0.23 0.23  0.13 338.4 137826. 28.42 330.7  22700.
085  1:02:22 0.49 338.39 309.37 -7.22 1653  35.14   334.4  22954.  1.62  0.54  -6.34   9.13  -8.57 0.85 0.34 0.39 -1.00  -1.0     -1. 29.57 330.1  17733.
085  1:03:43 0.49 338.39 309.36 -7.22 1653  35.53   333.6  25731.  2.44  0.85  -6.42   9.50  -8.02 0.86 0.32 0.50 -1.00  -1.0     -1. 31.01 330.3  22538.
085  1:05:04 0.49 338.39 309.35 -7.22 1653  34.39   336.3  22830.  1.93  0.84  -6.18   9.73  -8.18 0.88 0.20 0.28  0.26 322.4 170310. 30.22 333.3  25361.
085  1:06:25 0.49 338.40 309.34 -7.22 1653  34.02   333.5  25949.  2.26  0.81  -6.46   9.71  -7.76 0.85 0.27 0.32  0.19 333.9 144972. 29.39 330.6  23652.
085  1:07:46 0.49 338.40 309.33 -7.22 1653  34.41   334.6  24087.  1.85  1.13  -6.36  10.13  -7.71 0.89 0.23 0.27  0.37 324.5 162891. 31.30 331.5  25679.
085  1:09:07 0.49 338.40 309.32 -7.22 1653  33.96   333.5  26131.  2.19  0.98  -7.01  10.60  -6.37 0.86 0.20 0.35 -1.00  -1.0     -1. 28.89 330.4  24467.
085  1:10:28 0.49 338.40 309.31 -7.22 1653  32.80   337.8  23535.  2.02  0.88  -7.02  10.70  -6.29 0.81 0.23 0.21 -1.00  -1.0     -1. 30.21 333.4  27394.
085  1:11:49 0.49 338.40 309.30 -7.22 1653  34.46   333.4  26962.  2.32  0.95  -7.10  10.52  -6.32 0.84 0.28 0.24  0.19 341.1 227288. 29.48 330.7  23226.
085  1:13:10 0.49 338.40 309.29 -7.22 1653  36.13   335.3  22954.  1.90  0.42  -6.69  10.33  -6.26 0.98 0.20 0.53 -1.00  -1.0     -1. 34.00 333.1  26329.
085  1:14:31 0.49 338.41 309.28 -7.22 1653  36.37   334.8  26176.  2.46  0.54  -6.68  10.18  -6.06 0.88 0.33 0.24  0.09 348.3 162774. 30.55 332.8  24773.
085  1:15:52 0.49 338.41 309.26 -7.22 1653  39.96   334.7  22811.  1.67  0.98  -6.98  10.06  -5.68 1.01 0.21 0.88 -1.00  -1.0     -1. 35.31 331.6  25582.
085  1:17:13 0.49 338.41 309.25 -7.22 1653  36.57   334.1  24899.  1.74  0.59  -7.80  10.25  -4.41 0.86 0.28 0.80 -1.00  -1.0     -1. 31.36 332.7  24259.
085  1:18:34 0.49 338.41 309.24 -7.22 1653  42.06   335.0  22106.  1.91  1.21  -7.54   9.86  -5.41 1.08 0.50 1.23  0.33 324.2 128457. 35.55 332.0  23967.
085  1:19:55 0.49 338.41 309.23 -7.22 1653  40.11   332.4  24461.  1.44  1.02  -6.70   8.75  -7.36 0.92 0.41 0.33  0.18 336.9 157342. 34.51 330.4  21518.
085  1:21:16 0.49 338.41 309.22 -7.22 1653  45.56   335.2  22268.  1.46  1.78  -6.88   8.17  -6.48 0.91 0.32 0.39  0.45 320.2  74974. 40.65 332.4  26001.
085  1:22:37 0.49 338.42 309.21 -7.22 1653  47.11   338.6  23483.  0.79  2.05  -6.24   8.45  -6.04 1.01 0.42 0.21  0.29 341.4 145908. 41.66 337.5  22609.
085  1:23:58 0.49 338.42 309.20 -7.22 1653  50.09   336.9  21131.  1.30  1.93  -6.57   8.67  -5.35 0.92 0.19 0.47  0.31 322.6 170947. 42.02 335.2  21177.
085  1:25:19 0.49 338.42 309.19 -7.22 1653  49.30   336.3  22677.  1.39  2.03  -6.65   9.16  -5.15 0.88 0.27 0.38  0.22 336.5 168959. 42.31 334.5  22450.
085  1:26:40 0.49 338.42 309.18 -7.22 1653  50.76   338.2  20186.  1.55  1.17  -5.96   9.28  -5.98 0.86 0.57 0.73 -1.00  -1.0     -1. 42.92 336.4  20543.
085  1:28:01 0.49 338.42 309.17 -7.22 1653  44.32   338.1  23152.  1.40  1.21  -6.15   9.83  -6.13 0.95 0.63 0.70  0.28 339.3 156082. 38.73 335.9  22177.
085  1:29:22 0.49 338.43 309.16 -7.22 1653  48.74   338.0  20316.  1.59  1.36  -6.64   8.50  -7.14 0.87 0.27 0.24 -1.00  -1.0     -1. 40.52 336.6  22872.
085  1:30:43 0.49 338.43 309.15 -7.22 1653  44.59   338.5  22739.  1.36  1.10  -6.84   8.68  -6.75 0.88 0.19 0.27  0.25 340.9 234032. 38.71 336.7  21576.
085  1:32:04 0.49 338.43 309.14 -7.22 1653  49.35   339.0  19728.  1.65  1.11  -6.87   8.88  -6.86 0.87 0.24 0.19 -1.00  -1.0     -1. 39.51 337.2  23210.
085  1:33:25 0.49 338.43 309.13 -7.22 1653  41.44   338.4  23886.  1.92  1.03  -6.84   8.99  -6.81 0.89 0.27 0.27  0.29 339.0 134863. 36.33 336.1  22622.
085  1:34:46 0.49 338.43 309.11 -7.22 1653  51.12   339.0  18835.  1.73  1.26  -6.58   8.82  -6.67 0.90 0.30 0.20 -1.00  -1.0     -1. 40.07 337.0  21349.
085  1:36:07 0.49 338.43 309.11 -7.22 1653  46.02   338.8  22778.  1.56  1.31  -6.51   9.03  -6.61 0.97 0.27 0.14  0.25 335.6 121258. 39.32 336.8  20813.
085  1:37:28 0.49 338.44 309.09 -7.22 1653  52.03   340.3  19416.  1.54  1.31  -6.15   9.15  -6.31 0.97 0.25 0.19 -1.00  -1.0     -1. 42.67 338.4  22509.
085  1:38:49 0.49 338.44 309.08 -7.22 1653  46.39   340.5  22655.  1.66  1.24  -5.91   9.80  -5.72 0.95 0.22 0.40  0.30 334.2 152158. 40.25 338.4  20088.
085  1:40:10 0.49 338.44 309.07 -7.22 1653  53.87   340.8  17977.  1.61  1.05  -5.90   9.67  -5.94 1.00 0.28 0.49 -1.00  -1.0     -1. 41.67 339.0  21307.
085  1:41:31 0.49 338.44 309.06 -7.22 1653  -1.00    -1.0     -1. -1.00 -1.00  -4.68   9.88  -6.80 1.01 0.19 0.22 -1.00  -1.0     -1. -1.00  -1.0     -1.
085  1:42:52 0.49 338.44 309.05 -7.22 1653  50.03   336.7  20621.  1.60  1.39  -4.34  10.10  -7.14 1.05 0.27 0.33  0.37 323.5 146298. 42.28 334.8  19848.
085  1:44:13 0.49 338.44 309.04 -7.22 1653  48.38   337.9  21037.  1.68  1.32  -4.71   9.42  -7.07 1.01 0.31 0.38  0.31 341.0 150702. 42.35 336.1  20153.
085  1:48:16 0.49 338.45 309.01 -7.22 1653  58.14   337.7  18357.  2.08  1.14  -4.73   9.86  -6.25 1.06 0.15 0.19  0.27 329.9 231316. 46.33 335.9  19254.
085  1:49:37 0.49 338.45 309.00 -7.22 1653  51.00   337.7  19712.  2.09  1.23  -4.98   9.93  -6.06 1.01 0.19 0.23  0.33 339.5 147896. 41.90 335.9  19614.
085  1:50:58 0.49 338.45 308.99 -7.22 1653  57.31   338.7  18503.  2.14  1.12  -5.07  10.13  -5.90 1.08 0.27 0.30  0.08 377.1 199546. 45.19 336.0  19669.
085  1:52:19 0.49 338.45 308.98 -7.22 1653  50.09   338.4  20884.  2.03  1.06  -4.90  10.11  -6.28 1.08 0.23 0.41  0.33 340.4 187254. 43.58 336.4  19994.
085  1:53:40 0.49 338.46 308.97 -7.22 1653  57.05   339.2  19306.  2.01  0.92  -5.04  10.00  -6.06 1.00 0.28 0.44 -1.00  -1.0     -1. 46.06 336.9  21173.
085  1:55:01 0.49 338.46 308.96 -7.22 1653  48.20   337.4  21011.  2.47  1.97  -4.99  10.47  -5.35 1.09 0.47 1.10  0.38 338.4 126508. 42.58 334.7  21742.
085  1:56:22 0.49 338.46 308.95 -7.22 1653  64.34   343.2  18074.  2.29  1.06  -4.10  10.01  -6.93 1.23 0.45 0.45 -1.00  -1.0     -1. 44.73 342.0  21888.
085  1:57:43 0.49 338.46 308.93 -7.22 1653  50.48   337.1  20823.  1.53  0.99  -5.59   9.78  -5.90 1.42 0.29 0.76  0.18 337.7 150352. 43.92 336.2  20771.
085  1:59:04 0.49 338.46 308.92 -7.22 1653  55.74   336.0  19650.  2.03  1.15  -5.73   9.83  -6.04 0.98 0.27 0.32  0.45 325.9 159071. 42.67 332.2  13952.
085  2:00:25 0.49 338.46 308.91 -7.22 1653  47.95   337.1  21225.  1.92  1.17  -5.96  10.48  -5.66 1.45 0.79 1.27  0.32 336.9 112007. 40.49 334.7  21044.
085  2:01:46 0.49 338.47 308.90 -7.22 1653  43.32   333.4  25185.  1.14  0.69  -7.27   8.74  -7.41 1.48 0.60 0.91  0.37 317.4  72454. 39.60 329.2  19507.
085  2:03:07 0.49 338.47 308.89 -7.22 1653  45.62   330.9  24581.  1.20  0.96  -7.74   8.73  -7.01 1.42 0.98 0.53 -1.00  -1.0     -1. 37.87 328.7  22564.
085  2:20:06 0.49 338.46 308.73 -7.24 1653  -1.00    -1.0     -1. -1.00 -1.00 -12.51  12.35  -3.00 0.00 0.00 0.00 -1.00  -1.0     -1. -1.00  -1.0     -1.
085  7:01:32 0.49 338.85 306.54 -7.22 1653  58.96   352.4  78418.  0.89  2.30   0.00   0.00   0.00 0.00 0.00 0.00  0.87 350.1 194453. 54.63 350.0  89882.
085  7:12:20 0.49 338.87 306.46 -7.22 1653  58.33   363.3  93341. -1.99  0.55   0.00   0.00   0.00 0.00 0.00 0.00  0.91 360.9 181797. 54.58 362.8 107150.
085  7:23:08 0.49 338.88 306.37 -7.22 1653  57.38   340.5  81082.  1.11  2.20   0.00   0.00   0.00 0.00 0.00 0.00 -1.00  -1.0     -1. 54.44 336.8  79753.
085  7:33:56 0.49 338.89 306.29 -7.22 1653  53.40   338.3  69585.  1.66  2.76   0.00   0.00   0.00 0.00 0.00 0.00 -1.00  -1.0     -1. 49.29 336.6  71658.
085  7:44:44 0.49 338.91 306.20 -7.22 1653  59.12   332.3  87468.  2.43 -0.64   0.00   0.00   0.00 0.00 0.00 0.00 -1.00  -1.0     -1. 52.96 329.1  76514.
085  7:55:32 0.49 338.92 306.12 -7.22 1653  60.38   334.5  78908.  2.35  0.57   0.00   0.00   0.00 0.00 0.00 0.00 -1.00  -1.0     -1. 55.63 331.6  87107.
085  8:06:20 0.49 338.94 306.03 -7.22 1653  58.56   335.6  67363.  1.30 -0.32   0.00   0.00   0.00 0.00 0.00 0.00  0.88 337.6 182446. 52.75 333.3  66957.
085  8:12:56 0.49 338.94 305.98 -7.22 1653  56.52   334.4  68965.  0.00  0.00   0.00   0.00   0.00 0.00 0.00 0.00  0.86 335.8 177301. -1.00  -1.0     -1.
085  8:17:08 0.49 338.95 305.95 -7.22 1653  60.73   330.2  56153.  1.36  1.16   0.00   0.00   0.00 0.00 0.00 0.00  1.22 326.8 142347. 55.36 328.9  48896.
085  8:27:56 0.49 338.96 305.86 -7.22 1653  61.60   332.6  48912.  1.58  2.28   0.00   0.00   0.00 0.00 0.00 0.00  0.94 333.8 116412. 57.13 330.5  56351.
085  8:38:44 0.49 338.98 305.78 -7.22 1653  60.72   320.6  64498.  0.40  2.02   0.00   0.00   0.00 0.00 0.00 0.00  0.66 322.3 112137. 55.17 318.1  62539.
085  8:49:32 0.49 338.99 305.69 -7.22 1653  62.78   318.1  62497.  1.02  0.95   0.00   0.00   0.00 0.00 0.00 0.00  1.19 313.9 151196. 57.31 316.7  51956.
085  9:00:20 0.49 339.01 305.61 -7.22 1653  62.47   320.9  63196.  0.89  0.99   0.00   0.00   0.00 0.00 0.00 0.00 -1.00  -1.0     -1. 56.98 317.8  61873.
085  9:11:08 0.49 339.02 305.52 -7.23 1653  60.17   319.5  62140.  1.24  1.43   0.00   0.00   0.00 0.00 0.00 0.00 -1.00  -1.0     -1. 56.88 317.6  51391.
085  9:21:56 0.49 339.03 305.44 -7.23 1653  60.79   318.6  50604.  1.40  1.31   0.00   0.00   0.00 0.00 0.00 0.00 -1.00  -1.0     -1. 56.71 317.3  61721.
085  9:32:44 0.49 339.05 305.35 -7.23 1653  64.46   318.5  61383.  2.08  0.68   0.00   0.00   0.00 0.00 0.00 0.00  1.19 313.7 148000. 59.70 315.9  56124.
085  9:43:32 0.49 339.06 305.27 -7.23 1653  64.11   315.3  57533.  1.48  0.97   0.00   0.00   0.00 0.00 0.00 0.00 -1.00  -1.0     -1. 58.57 314.6  64060.
085  9:54:20 0.48 339.08 305.18 -7.23 1653  65.12   315.9  65534.  1.62  0.72   0.00   0.00   0.00 0.00 0.00 0.00 -1.00  -1.0     -1. 59.49 313.2  60119.
085 10:05:08 0.48 339.09 305.10 -7.23 1653  66.34   314.7  76420.  1.00  0.51 -14.10  10.92  -3.54 0.24 0.31 0.17 -1.00  -1.0     -1. 60.87 312.4  68081.
085 10:15:56 0.48 339.10 305.01 -7.23 1653  67.08   313.5  68471.  0.70  0.89 -15.22   9.01  -2.95 0.20 0.05 0.25 -1.00  -1.0     -1. 62.47 313.0  80344.
085 10:17:08 0.48 339.11 305.00 -7.23 1653  65.08   325.4  73220.  0.00  0.00 -15.52   8.83  -2.97 0.14 0.05 0.19 -1.00  -1.0     -1. -1.00  -1.0     -1.
085 10:26:44 0.48 339.12 304.93 -7.23 1653  68.76   309.3  81868.  0.08  1.78 -17.96   4.29   0.42 0.00 0.00 0.00 -1.00  -1.0     -1. 63.21 308.8  69709.
085 10:37:32 0.48 339.13 304.84 -7.23 1653  71.33   309.3  71892. -0.10  2.76 -16.49   7.28   3.01 0.17 0.45 0.33 -1.00  -1.0     -1. 65.96 306.1  64842.
085 10:48:20 0.48 339.15 304.76 -7.23 1653  78.22   307.5  86880. -1.14  2.66 -17.53   3.62   2.97 0.19 0.43 0.19 -1.00  -1.0     -1. 70.06 306.9  78951.
085 10:59:08 0.48 339.16 304.67 -7.23 1653  73.40   315.0  61948.  1.40  2.14 -12.85  13.78   2.79 0.05 0.06 0.60 -1.00  -1.0     -1. 67.68 312.3  57949.
085 11:09:56 0.48 339.18 304.59 -7.23 1653  71.45   316.6  51670.  0.00  0.00  -9.63  16.53   2.04 0.33 0.14 0.49 -1.00  -1.0     -1. 67.92 315.9  60389.
085 11:26:33 0.48 339.20 304.46 -7.23 1653  75.66   329.3  48782.  2.75  2.42  -5.87  17.83   3.81 0.96 0.52 1.07  1.12 317.7 169180. 69.11 326.0  56124.
085 11:26:53 0.48 339.20 304.46 -7.23 1653  77.77   328.7  53564.  2.08  3.04  -5.12  17.88   4.32 1.48 0.55 1.27  1.15 323.5 114437. 68.83 327.0  47044.
085 11:27:37 0.48 339.20 304.45 -7.23 1653  81.21   325.4  51670.  2.34  3.03  -0.62  18.85   2.43 1.06 0.29 0.79  1.27 318.8 146635. 69.30 321.8  47479.
085 11:27:57 0.48 339.20 304.45 -7.23 1653  82.28   336.5  49331.  2.63  2.08  -0.91  18.88   2.68 0.55 0.15 0.55  1.34 328.9 140320. 69.29 332.6  45105.
085 11:28:38 0.48 339.20 304.44 -7.23 1653  79.78   332.8  47603.  2.89  2.27  -0.59  18.60   4.07 0.95 0.27 1.09  1.16 324.8 146064. 74.50 329.9  54555.
085 11:29:18 0.48 339.20 304.44 -7.23 1653  80.61   330.6  58654.  2.88  2.24  -0.09  18.88   3.21 1.17 0.31 0.86  1.16 328.0 130627. 75.43 327.5  56764.
085 11:29:59 0.48 339.20 304.43 -7.23 1653  77.17   335.5  46242.  2.90  2.12  -1.90  18.68   3.78 0.65 0.28 0.77  0.08 392.3  76157. 69.54 332.9  51777.
085 11:30:19 0.48 339.20 304.43 -7.23 1653  70.08   343.8  53151.  0.00  0.00  -2.05  18.80   3.47 0.55 0.19 0.36  1.11 335.4 156511. 71.75 343.7  58622.
085 11:31:40 0.48 339.20 304.42 -7.23 1653  80.52   333.8  48243.  2.71  2.62  -0.67  18.58   4.50 1.28 0.34 1.08  1.12 326.5 181004. 72.74 329.8  55425.
085 11:33:01 0.48 339.21 304.41 -7.23 1653  85.09   334.3  57066.  2.86  2.52  -2.24  18.55   3.85 1.03 0.26 0.50  1.14 329.2 129146. 75.54 331.0  48616.
085 11:34:22 0.48 339.18 304.37 -7.24 1653  -1.00    -1.0     -1. -1.00 -1.00  -1.48  18.96   2.80 0.28 0.13 0.27 -1.00  -1.0     -1. -1.00  -1.0     -1.
085 11:47:19 0.48 339.23 304.30 -7.23 1653  89.80   324.7  45738.  2.95  0.20   0.58  20.21   3.03 0.34 0.19 0.30  1.24 325.5 121090. 85.17 322.8  54707.
085 11:54:27 0.48 339.23 304.24 -7.23 1653  85.75   334.2  54399.  3.06  0.28  -2.66  19.51  -2.26 2.69 0.85 4.30  1.07 326.8 125261. 75.51 330.0  49958.
085 11:55:49 0.48 339.24 304.23 -7.23 1653  90.65   333.1  47135.  2.74  0.51  -2.60  20.09  -1.47 0.77 0.30 1.07  0.96 332.9  78509. 82.63 331.7  53278.
085 11:57:10 0.48 339.24 304.22 -7.23 1653  88.22   330.4  50676.  2.11  4.04  -3.35  18.00   7.91 0.97 1.94 4.11  1.22 325.2 118400. 80.95 328.8  45264.
085 11:58:31 0.48 339.24 304.21 -7.23 1653  84.97   323.4  55107.  2.25  2.56  -6.44  19.10   4.98 1.66 0.87 1.06  1.51 314.0 144582. 77.64 319.6  48155.
085 11:59:52 0.48 339.24 304.20 -7.23 1653  86.21   322.1  46193.  2.66  2.40  -7.99  18.49   5.48 0.44 0.29 0.40  1.18 323.9 136149. 81.57 318.8  54672.
085 12:01:13 0.48 339.24 304.19 -7.23 1653  84.66   325.1  51504.  2.74  1.60  -6.92  19.69   1.69 0.58 0.43 1.56  1.43 316.0 125884. 75.45 320.9  46404.
085 12:02:34 0.48 339.25 304.18 -7.23 1653  86.88   328.6  54629.  3.33  0.78  -5.38  20.17   0.45 0.49 0.62 0.58  1.38 324.7 123272. 80.83 325.7  52748.
085 12:03:55 0.48 339.25 304.16 -7.23 1653  86.00   327.7  47944.  2.92  0.34   0.00   0.00   0.00 0.00 0.00 0.00  1.65 316.1 143790. 74.70 322.3  46950.
085 12:05:16 0.48 339.25 304.16 -7.23 1653  90.58   327.4  55890.  3.10  0.48   0.00   0.00   0.00 0.00 0.00 0.00  1.33 321.2  70660. 80.67 324.1  54418.
085 12:08:55 0.48 339.25 304.13 -7.23 1653  90.56   324.1  54542.  3.09  0.16  -5.98  19.41  -1.57 0.00 0.00 0.00  1.32 315.9 136539. 80.34 320.1  50176.
085 12:17:19 0.48 339.23 304.03 -7.24 1653  -1.00    -1.0     -1. -1.00 -1.00  -4.41  19.34   1.75 0.00 0.00 0.00 -1.00  -1.0     -1. -1.00  -1.0     -1.
085 12:17:50 0.48 339.24 304.03 -7.24 1653  -1.00    -1.0     -1. -1.00 -1.00  -4.41  19.34   1.75 0.00 0.00 0.00 -1.00  -1.0     -1. -1.00  -1.0     -1.
085 12:30:31 0.48 339.28 303.96 -7.23 1653  97.99   326.7  54158.  2.07 -1.27  -7.92  17.36   2.23 0.00 0.00 0.00  1.28 324.2 120869. 89.22 325.8  53327.
085 12:38:55 0.48 339.26 303.86 -7.24 1653  -1.00    -1.0     -1. -1.00 -1.00  -6.26  20.00   5.22 0.00 0.00 0.00 -1.00  -1.0     -1. -1.00  -1.0     -1.
085 12:52:07 0.48 339.31 303.79 -7.23 1653  96.58   328.2  39794.  3.56  0.15  -9.78  19.93  -2.62 0.00 0.00 0.00  1.36 314.9 131731. 87.19 323.3  38517.
085 13:00:31 0.48 339.29 303.69 -7.25 1653  -1.00    -1.0     -1. -1.00 -1.00 -11.34  21.17   2.96 0.00 0.00 0.00 -1.00  -1.0     -1. -1.00  -1.0     -1.
085 13:13:44 0.48 339.34 303.62 -7.23 1653  98.51   330.8  42464.  3.03  3.99  -7.61  19.54  10.11 0.00 0.00 0.00  1.07 322.0  63358. 86.63 328.5  38952.
085 13:35:20 0.48 339.37 303.45 -7.23 1653 106.91   333.1  45638.  2.52  1.50   6.87   7.03  18.98 0.00 0.00 0.00  1.59 322.6 154237. 95.53 330.0  53067.
085 13:56:56 0.48 339.40 303.28 -7.23 1653 103.96   333.3  62556.  1.41  1.45  -2.75  13.87  11.83 0.00 0.00 0.00  1.44 325.4 149247. 90.36 330.5  53645.
085 14:18:32 0.48 339.43 303.11 -7.23 1653  71.97   341.5  70446.  2.92 -0.62   0.00   0.00   0.00 0.00 0.00 0.00 -1.00  -1.0     -1. 63.70 337.8  67789.
085 14:40:08 0.48 339.45 302.94 -7.23 1653  83.80   351.5 119722.  2.15  3.39  -5.20  15.68  13.81 0.34 0.25 0.81 -1.00  -1.0     -1. 79.09 349.0 135393.
085 15:01:44 0.48 339.48 302.77 -7.23 1653  60.21   366.4 215311. -3.22 -1.85  -7.85  10.00  -8.60 0.00 0.00 0.00 -1.00  -1.0     -1. 55.68 365.1 200898.
085 15:23:20 0.48 339.51 302.60 -7.23 1653  62.66   362.7 259912. -4.87 -1.37 -14.55  -4.61  -1.23 0.00 0.00 0.00 -1.00  -1.0     -1. 58.19 363.2 250498.
085 15:44:56 0.48 339.54 302.43 -7.23 1653  61.24   356.3 278253. -4.39  1.25 -17.84  -0.07   3.81 0.00 0.00 0.00 -1.00  -1.0     -1. 56.42 361.1 301775.
085 16:06:32 0.48 339.57 302.26 -7.23 1653  54.04   376.0 200852. -4.83  4.20  -1.87  -0.58  18.18 0.10 0.25 0.01 -1.00  -1.0     -1. 49.82 376.3 204029.
085 16:28:08 0.48 339.60 302.10 -7.23 1653  47.71   381.0 267780. -3.18  3.42  -0.61  -8.38  12.86 0.00 0.00 0.00 -1.00  -1.0     -1. 43.74 380.0 267429.
085 16:49:44 0.48 339.63 301.93 -7.23 1653  51.43   396.3 242186. -3.27  3.56  -1.87  14.20   6.66 0.00 0.00 0.00 -1.00  -1.0     -1. -1.00  -1.0     -1.
085 17:11:20 0.48 339.66 301.76 -7.23 1653  49.12   365.8 268677. -3.28 -0.52   0.00   0.00   0.00 0.00 0.00 0.00  0.07 500.0 219960. 46.12 368.7 277467.
085 17:56:15 0.48 339.72 301.41 -7.23 1653  48.01   367.5 264983.  0.29  0.55  -4.55  10.04   9.84 1.79 1.85 2.03 -1.00  -1.0     -1. 44.49 367.4 263278.
085 17:56:35 0.48 339.72 301.40 -7.23 1653  51.60   370.4 276337. -0.34  0.22   0.00   0.00   0.00 0.00 0.00 0.00 -1.00  -1.0     -1. 46.81 367.9 266718.
085 17:57:16 0.48 339.72 301.40 -7.23 1653  48.94   370.7 265600. -0.30  2.16   0.00   0.00   0.00 0.00 0.00 0.00 -1.00  -1.0     -1. 46.29 370.6 267842.
085 17:57:57 0.48 339.72 301.39 -7.23 1653  51.65   376.5 254315.  0.43  1.49   0.00   0.00   0.00 0.00 0.00 0.00 -1.00  -1.0     -1. 46.18 374.4 231063.
085 17:58:37 0.48 339.72 301.39 -7.23 1653  48.23   376.8 223565.  0.27  2.47   0.00   0.00   0.00 0.00 0.00 0.00 -1.00  -1.0     -1. 45.48 375.1 249335.
085 17:58:58 0.48 339.72 301.39 -7.23 1653  46.74   385.0 290662.  0.00  0.00   0.00   0.00   0.00 0.00 0.00 0.00 -1.00  -1.0     -1. 44.76 385.9 290133.
085 18:00:19 0.48 339.72 301.37 -7.23 1653  46.77   377.1 226278. -1.26 -0.47   0.00   0.00   0.00 0.00 0.00 0.00 -1.00  -1.0     -1. 44.37 377.1 250749.
085 18:01:40 0.48 339.72 301.36 -7.23 1653  48.22   375.3 247484. -0.20  2.71  -3.00   8.64  10.15 3.54 4.22 4.65 -1.00  -1.0     -1. 43.51 372.4 234795.
085 18:03:01 0.48 339.73 301.36 -7.23 1653  48.71   379.6 205283. -3.44  5.65  -0.68  11.15  10.30 2.76 2.05 2.67 -1.00  -1.0     -1. 45.04 381.0 238076.
085 18:04:22 0.48 339.73 301.34 -7.23 1653  47.75   382.1 222282. -2.29  4.57  -0.78  10.75  11.69 2.21 1.38 1.52 -1.00  -1.0     -1. 43.79 379.9 220535.
085 18:05:43 0.48 339.73 301.33 -7.23 1653  46.27   395.1 218134. -2.87  4.64   5.07  10.76  10.80 1.86 1.11 1.94 -1.00  -1.0     -1. 43.26 394.0 214837.
085 18:07:04 0.48 339.73 301.32 -7.23 1653  48.17   395.4 223036. -2.18  3.94   7.63  11.03   9.02 1.53 1.38 1.82 -1.00  -1.0     -1. 43.56 398.9 230478.
085 18:08:25 0.48 339.73 301.31 -7.23 1653  47.75   408.0 234363.  0.00  0.00   9.08  11.42   7.11 0.95 1.17 1.50 -1.00  -1.0     -1. 44.18 403.9 231488.
085 18:09:46 0.48 339.73 301.30 -7.23 1653  48.33   401.6 227970. -0.95  2.62   8.98  12.43   4.35 1.91 0.89 2.90 -1.00  -1.0     -1. 44.87 403.4 235351.
085 18:11:07 0.48 339.74 301.29 -7.23 1653  49.80   396.6 229426. -1.34  2.62   5.76  14.46   3.62 0.91 0.79 1.99 -1.00  -1.0     -1. 45.32 395.4 228873.
085 18:12:28 0.48 339.74 301.28 -7.23 1653  48.18   400.1 226603. -1.98  2.38   5.48  14.23   2.37 2.10 0.97 2.18 -1.00  -1.0     -1. 43.75 402.2 228880.
085 18:13:49 0.48 339.74 301.27 -7.23 1653  48.31   391.3 246392. -2.22  1.23  -1.28  14.08   1.53 4.33 1.35 3.23 -1.00  -1.0     -1. 44.62 390.5 219203.
085 18:24:40 0.48 339.75 301.18 -7.23 1653  49.57   387.4 264174. -2.42  0.86   0.91  12.39  -5.66 2.52 1.71 4.50 -1.00  -1.0     -1. 45.26 388.8 236114.
085 18:26:02 0.48 339.76 301.18 -7.23 1653  47.13   386.7 233291. -5.87  4.68  -5.85   0.46  13.67 1.20 3.41 2.21 -1.00  -1.0     -1. 45.86 389.2 261166.
085 18:27:23 0.48 339.76 301.16 -7.23 1653  49.41   382.8 258054. -5.37  4.56  -7.09   1.01  13.56 1.50 1.23 0.65 -1.00  -1.0     -1. 45.45 383.5 264392.
085 18:28:44 0.48 339.76 301.15 -7.23 1653  49.83   380.3 264749. -5.26  4.64  -7.50   1.85  12.94 1.36 1.41 0.63 -1.00  -1.0     -1. 45.68 384.3 275174.
085 18:30:05 0.48 339.76 301.14 -7.23 1653  51.76   382.6 278016. -4.02  4.20  -6.72   4.48  12.13 1.59 2.12 0.70 -1.00  -1.0     -1. 47.02 382.9 270353.
085 18:31:26 0.48 339.76 301.13 -7.23 1653  50.23   381.9 313840. -5.27  3.91  -7.29   4.13  10.72 1.89 1.36 1.91 -1.00  -1.0     -1. 46.51 382.7 293703.
085 18:32:47 0.48 339.77 301.12 -7.23 1653  51.52   385.4 280839. -4.28  3.90  -3.67   4.70  12.73 2.37 1.39 1.79  0.05 544.2 359890. 47.83 385.2 277759.
085 18:34:08 0.48 339.77 301.11 -7.23 1653  51.14   392.0 223452. -4.17  4.49  -2.80   6.69  12.94 2.22 1.31 1.43 -1.00  -1.0     -1. 48.56 392.9 253737.
085 18:35:29 0.48 339.77 301.10 -7.23 1653  53.61   382.3 259198. -2.54  3.45  -7.98  11.61   8.08 0.84 0.70 1.17 -1.00  -1.0     -1. 49.07 379.8 254286.
085 18:36:50 0.48 339.77 301.09 -7.23 1653  51.18   380.5 233860. -2.29  3.07  -8.27  13.07   6.46 0.63 0.53 0.61 -1.00  -1.0     -1. 48.96 381.2 263999.
085 18:38:11 0.48 339.77 301.08 -7.23 1653  54.48   380.5 272815. -3.48  2.94  -6.03  14.25   2.96 2.92 1.78 3.48 -1.00  -1.0     -1. 50.84 379.4 263586.
085 18:39:32 0.48 339.77 301.07 -7.23 1653  57.39   383.1 286712. -3.45  1.39   4.83  14.15  -6.60 5.49 1.20 3.48 -1.00  -1.0     -1. 53.58 387.1 285942.
085 18:40:53 0.48 339.78 301.06 -7.23 1653  48.23   397.1 222584. -3.40  1.14   8.05  15.13  -6.94 1.63 1.74 1.54  0.03 531.2 148987. 44.92 396.2 220320.
085 18:42:14 0.48 339.78 301.05 -7.23 1653  50.50   394.3 226619. -2.11  2.22   5.48  16.89  -3.37 1.13 0.48 1.07 -1.00  -1.0     -1. 47.35 394.8 248423.
085 18:43:35 0.48 339.78 301.04 -7.23 1653  54.66   391.8 256404. -3.81  1.21   3.14  16.08  -2.19 1.02 0.62 2.34 -1.00  -1.0     -1. 47.75 393.8 232677.
085 18:44:56 0.48 339.78 301.03 -7.23 1653  51.26   389.8 221753. -3.38  1.68   1.65  16.19  -5.13 1.43 0.79 1.03 -1.00  -1.0     -1. 47.48 390.3 247357.
085 18:46:17 0.48 339.78 301.02 -7.23 1653  52.62   389.2 251099. -3.02  2.77   1.33  16.63  -0.66 1.04 0.81 3.95 -1.00  -1.0     -1. 48.23 389.0 226648.
085 18:47:38 0.48 339.79 301.00 -7.23 1653  52.28   389.7 233233. -2.66  3.03   1.06  17.06  -0.40 1.14 0.46 1.46 -1.00  -1.0     -1. 48.55 389.5 260559.
085 18:48:59 0.48 339.79 300.99 -7.23 1653  53.02   386.7 253896. -3.03  2.01   0.29  17.28  -3.08 1.44 0.71 1.27 -1.00  -1.0     -1. 47.77 387.4 231794.
085 18:50:20 0.48 339.79 300.99 -7.23 1653  49.99   375.4 248695. -4.09  0.37  -5.61  12.19  -9.29 3.31 4.17 4.71 -1.00  -1.0     -1. 46.30 376.0 228032.
085 18:51:41 0.48 339.79 300.97 -7.23 1653  50.76   379.9 264038. -5.16 -0.10  -6.76   5.53 -15.18 1.08 1.17 0.82 -1.00  -1.0     -1. 46.82 380.5 254065.
085 18:53:02 0.48 339.79 300.96 -7.23 1653  47.62   381.9 233415. -4.62  0.45  -4.63   3.94 -15.28 1.58 2.71 0.86 -1.00  -1.0     -1. 45.19 384.8 257327.
085 18:54:23 0.48 339.80 300.95 -7.23 1653  50.12   383.1 254500. -4.18  0.22  -1.42   8.92 -14.02 1.28 1.67 0.88 -1.00  -1.0     -1. 47.70 383.3 256349.
085 18:55:44 0.48 339.80 300.94 -7.23 1653  48.37   386.6 226232. -3.46  0.95  -1.10  11.15 -12.48 1.31 1.43 0.95 -1.00  -1.0     -1. 45.47 387.6 252048.
085 18:57:05 0.48 339.80 300.93 -7.23 1653  47.93   387.5 249901. -4.40  0.56  -2.24   9.73 -12.69 1.13 1.08 0.84 -1.00  -1.0     -1. 42.89 388.4 229227.
085 18:58:26 0.48 339.80 300.92 -7.23 1653  49.32   386.3 230046. -4.72 -0.07   0.82   7.64 -13.76 1.74 2.65 1.51 -1.00  -1.0     -1. 46.66 388.6 256193.
085 18:59:47 0.48 339.80 300.91 -7.23 1653  49.62   385.0 258051. -2.87  0.58   2.19  10.23 -12.19 1.85 2.87 1.64 -1.00  -1.0     -1. 45.41 386.8 232132.
085 19:01:08 0.48 339.80 300.90 -7.23 1653  48.18   385.7 232275. -2.80  1.24   0.17  13.33  -9.04 1.17 1.12 1.02 -1.00  -1.0     -1. 45.04 384.4 221967.
085 19:02:29 0.48 339.81 300.89 -7.23 1653  49.76   385.4 257648. -3.75  1.72  -1.60  10.84 -10.27 1.01 0.53 0.28 -1.00  -1.0     -1. 45.09 387.7 234181.
085 19:03:50 0.48 339.81 300.88 -7.23 1653  49.87   384.1 223098. -3.71  1.22   1.56  11.79 -10.42 1.02 0.73 0.48 -1.00  -1.0     -1. 46.17 383.4 218891.
085 19:05:11 0.48 339.81 300.87 -7.23 1653  49.19   386.0 233879. -3.99  1.33   1.32  12.28 -10.28 1.21 1.08 0.90  0.07 510.8 387385. 45.43 388.1 218303.
085 19:06:32 0.48 339.81 300.86 -7.23 1653  50.30   385.2 214665. -2.88  0.90   0.61  14.17  -8.66 1.11 1.21 1.22 -1.00  -1.0     -1. 45.76 383.5 215915.
085 19:07:53 0.48 339.81 300.85 -7.23 1653  48.56   384.3 250563. -3.11  0.94  -1.09  12.61  -8.82 1.91 2.77 3.05 -1.00  -1.0     -1. 45.06 385.6 225268.
085 19:09:14 0.48 339.82 300.84 -7.23 1653  48.09   382.8 228938. -4.04  0.79  -3.23  10.74 -11.03 1.53 1.05 0.91 -1.00  -1.0     -1. 44.80 382.0 222078.
085 19:10:35 0.48 339.82 300.83 -7.23 1653  50.09   386.3 245531. -3.53  1.16  -1.23  13.23  -9.07 1.71 1.79 2.47 -1.00  -1.0     -1. 44.98 388.0 220944.
085 19:11:56 0.48 339.82 300.81 -7.23 1653  47.98   383.3 223689. -3.20  1.23  -2.35  13.15  -9.32 0.81 0.71 0.88 -1.00  -1.0     -1. 44.88 382.6 220187.
085 19:13:17 0.48 339.82 300.81 -7.23 1653  46.23   385.3 248202. -2.32  1.97  -1.13  15.28  -6.20 1.02 1.01 1.54 -1.00  -1.0     -1. 42.27 386.4 227746.
085 19:14:38 0.48 339.82 300.79 -7.23 1653  49.13   386.9 221779. -2.07  1.88  -0.82  14.82  -6.21 2.64 1.28 1.69 -1.00  -1.0     -1. 44.19 384.0 211254.
085 19:15:59 0.48 339.82 300.78 -7.23 1653  47.71   387.4 242228. -3.49  0.84   0.51  11.43 -10.76 2.01 1.01 0.71 -1.00  -1.0     -1. 42.72 389.2 215305.
085 19:17:20 0.48 339.83 300.77 -7.23 1653  46.34   380.9 238222. -5.53 -0.03  -4.09   7.51 -11.53 2.29 2.42 1.16 -1.00  -1.0     -1. 43.60 383.4 258935.
085 19:18:41 0.48 339.83 300.76 -7.23 1653  48.38   382.0 257051. -3.32  1.55  -4.30  12.06  -7.71 1.14 0.92 0.92 -1.00  -1.0     -1. 44.65 380.8 256693.
085 19:20:02 0.48 339.83 300.75 -7.23 1653  47.88   380.0 242761. -3.43  1.40  -3.58  11.50  -8.60 1.49 1.23 1.70 -1.00  -1.0     -1. 42.48 380.1 223458.
085 19:21:23 0.48 339.83 300.74 -7.23 1653  47.04   381.3 277301. -2.98  1.95  -6.01  11.33  -4.45 1.37 0.94 3.24 -1.00  -1.0     -1. 42.64 379.4 267829.
085 19:22:44 0.48 339.83 300.73 -7.23 1653  49.39   373.4 271805. -2.37  2.67  -6.97  12.61  -2.58 1.78 0.80 1.67 -1.00  -1.0     -1. 44.73 371.8 260640.
085 19:24:05 0.48 339.84 300.72 -7.23 1653  49.50   377.8 278617. -2.66  3.57  -6.50  13.19  -0.19 2.17 1.14 2.16 -1.00  -1.0     -1. 46.82 376.5 270990.
085 19:25:26 0.48 339.84 300.71 -7.23 1653  47.88   377.0 265116. -2.70  1.35  -5.71  11.68  -5.43 1.16 1.24 1.59 -1.00  -1.0     -1. 44.14 380.1 273699.
085 19:26:47 0.48 339.84 300.70 -7.23 1653  47.69   379.3 256362. -3.90  1.10  -6.40  11.47  -7.17 1.84 1.87 2.65 -1.00  -1.0     -1. 44.21 378.5 260068.
085 19:28:08 0.48 339.84 300.69 -7.23 1653  46.35   374.4 266127. -1.90  2.28  -7.68  12.42  -3.93 1.56 1.61 4.14  0.09 489.4 257304. 43.44 373.7 232326.
085 19:29:29 0.48 339.84 300.68 -7.23 1653  46.78   374.2 229146. -2.86  1.17  -8.32   9.11  -7.83 1.39 2.63 1.71 -1.00  -1.0     -1. 45.12 375.9 257158.
085 19:30:50 0.48 339.84 300.67 -7.23 1653  47.07   375.1 255953. -4.44  0.63  -7.62   7.48  -9.32 1.17 0.97 0.87 -1.00  -1.0     -1. 42.86 376.4 233031.
085 19:32:11 0.48 339.85 300.66 -7.23 1653  45.34   384.7 233113. -7.54  0.72  -7.84   2.57 -13.73 1.86 4.79 2.59 -1.00  -1.0     -1. 40.34 388.3 219518.
085 19:33:32 0.48 339.85 300.65 -7.23 1653  43.78   377.3 245684. -4.61  0.93  -9.41   2.15 -15.18 1.01 1.57 0.45 -1.00  -1.0     -1. 38.75 378.9 221129.
085 19:34:53 0.48 339.85 300.64 -7.23 1653  44.21   376.2 224043. -4.78  0.87  -8.73  -0.10 -15.66 1.31 1.34 0.64 -1.00  -1.0     -1. 41.09 379.8 249667.
085 19:36:14 0.48 339.85 300.63 -7.23 1653  44.30   375.6 255092. -4.34  0.94 -12.00   4.24 -12.96 0.90 1.03 0.61 -1.00  -1.0     -1. 40.28 375.8 229071.
085 19:37:35 0.48 339.85 300.61 -7.23 1653  44.78   372.8 290792. -3.75  1.64 -12.52   7.20  -7.42 1.15 1.65 2.80 -1.00  -1.0     -1. 41.20 372.4 277110.
085 19:38:56 0.48 339.85 300.60 -7.23 1653  46.68   374.3 255378. -3.19  0.62 -10.75   9.31  -7.90 1.51 0.79 1.64 -1.00  -1.0     -1. 42.73 374.2 229913.
085 19:40:17 0.48 339.86 300.59 -7.23 1653  46.92   372.7 265701. -3.39  1.11 -11.54   8.15  -7.71 0.85 1.08 1.00 -1.00  -1.0     -1. 44.22 372.1 263210.
085 19:41:38 0.48 339.86 300.58 -7.23 1653  47.85   375.8 259311. -3.71 -0.21 -11.09   8.24  -6.68 1.22 2.75 4.95 -1.00  -1.0     -1. 44.69 378.8 269310.
085 19:42:59 0.48 339.86 300.57 -7.23 1653  47.64   375.0 263236. -2.37  4.51 -12.15  11.59   0.15 0.88 0.68 1.85 -1.00  -1.0     -1. 44.46 373.2 255205.
085 19:44:20 0.48 339.86 300.56 -7.23 1653  48.70   373.8 263850. -1.87  5.18 -11.60  11.42   1.36 0.99 0.61 2.01 -1.00  -1.0     -1. 44.22 372.4 237397.
085 19:45:41 0.48 339.86 300.55 -7.23 1653  49.12   377.5 254332. -3.33  1.70 -12.33   9.30  -6.74 0.93 1.97 1.95 -1.00  -1.0     -1. 44.98 377.3 241169.
085 19:47:02 0.48 339.87 300.54 -7.23 1653  48.60   378.2 228552. -2.81  1.86 -11.18  11.12  -6.93 1.23 1.35 1.40 -1.00  -1.0     -1. 44.51 376.1 219060.
085 19:48:23 0.48 339.87 300.53 -7.23 1653  47.69   372.1 217721. -3.75  0.96 -11.49   9.66  -8.87 0.87 0.73 0.77 -1.00  -1.0     -1. 44.75 374.8 239915.
085 19:49:44 0.48 339.87 300.52 -7.23 1653  46.56   376.7 223172. -3.90  0.85 -11.31   8.19 -10.65 0.85 0.62 0.48 -1.00  -1.0     -1. 43.13 375.9 213953.
085 19:51:05 0.48 339.87 300.51 -7.23 1653  47.05   370.9 217010. -3.80  0.62 -11.03   7.67 -11.11 0.83 0.77 0.41  0.10 472.9 279822. 44.82 373.5 242735.
085 19:52:26 0.48 339.87 300.50 -7.23 1653  47.47   370.7 230774. -3.80  0.58 -11.35   7.30 -11.71 0.82 0.73 0.39 -1.00  -1.0     -1. 42.75 371.8 217234.
085 19:53:47 0.48 339.88 300.49 -7.23 1653  45.98   368.6 205033. -3.82  0.41 -11.20   7.28 -11.99 0.83 0.63 0.31 -1.00  -1.0     -1. 43.51 371.0 225921.
085 19:55:08 0.48 339.88 300.48 -7.23 1653  48.67   372.2 236130. -4.12  0.24  -8.81   8.42 -12.81 1.63 0.87 0.62 -1.00  -1.0     -1. 43.67 374.2 213612.
085 19:56:29 0.48 339.88 300.47 -7.23 1653  46.39   371.6 216890. -4.42  0.10  -9.03   6.52 -14.19 1.14 1.22 1.12 -1.00  -1.0     -1. 43.91 374.5 238482.
085 19:57:50 0.48 339.88 300.46 -7.23 1653  44.89   364.0 198988. -4.85  0.66  -7.55   5.64 -15.87 1.06 0.63 0.37  0.05 472.2 111097. 42.92 366.3 217296.
085 19:59:11 0.48 339.88 300.45 -7.23 1653  45.86   369.6 212511. -4.55  0.48  -8.00   5.82 -15.71 1.20 0.75 0.52 -1.00  -1.0     -1. 42.73 368.7 207869.
085 20:00:32 0.48 339.88 300.44 -7.23 1653  44.74   370.2 238395. -4.75 -0.14  -8.48   5.53 -15.37 1.53 1.17 1.10 -1.00  -1.0     -1. 40.16 372.8 216890.
085 20:01:53 0.48 339.89 300.42 -7.23 1653  45.10   373.3 210214. -4.27  0.03  -7.92   4.55 -15.68 2.09 1.27 2.34  0.09 490.6 335358. 42.72 375.4 228750.
085 20:03:14 0.48 339.89 300.42 -7.23 1653  47.84   372.0 241159. -3.93  0.04 -11.49   6.60 -11.28 1.33 1.02 1.27 -1.00  -1.0     -1. 42.75 372.8 219888.
085 20:04:35 0.48 339.89 300.40 -7.23 1653  45.84   369.3 222285. -3.98  0.31 -12.25   5.86 -10.02 1.05 1.05 0.76 -1.00  -1.0     -1. 43.11 371.2 248426.
085 20:05:56 0.48 339.89 300.39 -7.23 1653  48.15   370.0 246896. -4.39 -0.01 -12.17   7.63  -9.38 0.90 1.87 1.25 -1.00  -1.0     -1. 43.52 371.3 221964.
085 20:07:17 0.48 339.89 300.38 -7.23 1653  48.00   377.6 253854. -4.80 -0.21 -11.90   6.58  -9.30 1.15 1.93 1.88 -1.00  -1.0     -1. 44.97 376.7 241377.
085 20:08:38 0.48 339.90 300.37 -7.23 1653  45.79   377.3 228383. -2.49  0.77 -11.49   8.94  -7.48 1.23 0.97 1.26 -1.00  -1.0     -1. 42.46 374.8 218404.
085 20:09:59 0.48 339.90 300.36 -7.23 1653  50.11   379.6 286767. -2.66  4.40 -12.65   8.92   0.49 1.00 1.12 2.20 -1.00  -1.0     -1. 45.86 377.0 271477.
085 20:11:20 0.48 339.90 300.35 -7.23 1653  49.23   372.4 274293. -3.17  4.23 -13.11   8.25  -3.97 0.97 1.24 1.59  0.07 493.3 365828. 45.13 376.0 292686.
085 20:12:41 0.48 339.90 300.34 -7.23 1653  48.18   374.4 301879. -3.44  3.24 -12.70   8.39  -5.32 1.13 1.30 0.86 -1.00  -1.0     -1. 44.72 373.2 278302.
085 20:14:02 0.48 339.90 300.33 -7.23 1653  47.57   372.8 272104. -2.94  2.54 -12.99   7.35  -6.19 0.84 1.45 0.81 -1.00  -1.0     -1. 43.90 376.1 280735.
085 20:15:23 0.48 339.90 300.32 -7.23 1653  47.70   377.7 281534. -3.82  1.83 -13.04   3.81  -7.75 1.00 2.18 0.86 -1.00  -1.0     -1. 43.77 377.9 270090.
085 20:16:44 0.48 339.91 300.31 -7.23 1653  49.62   372.8 255001. -2.92  2.63 -14.26   6.14  -2.74 1.51 3.05 3.29 -1.00  -1.0     -1. 44.95 372.9 231329.
085 20:18:05 0.48 339.91 300.30 -7.23 1653  52.03   376.3 268241. -4.66  2.24 -13.81   2.15  -8.17 1.86 3.71 1.20 -1.00  -1.0     -1. 48.02 376.7 262069.
085 20:19:26 0.48 339.91 300.29 -7.23 1653  51.56   377.4 241646. -4.63  2.14 -15.58   2.09  -8.59 1.21 1.96 1.30 -1.00  -1.0     -1. 47.09 377.8 213706.
085 20:20:47 0.48 339.91 300.28 -7.23 1653  51.66   373.9 248159. -3.28  2.91 -17.34   0.91  -5.27 0.97 1.25 1.55 -1.00  -1.0     -1. 46.82 372.9 242052.
085 20:22:08 0.48 339.91 300.27 -7.23 1653  51.15   370.5 226759. -4.47  2.90 -15.86   0.49  -8.58 1.76 1.98 3.52 -1.00  -1.0     -1. 45.96 371.8 205056.
085 20:23:29 0.48 339.92 300.26 -7.23 1653  51.43   371.8 210630. -2.78  1.78 -10.18   7.99 -11.72 3.93 4.04 1.03 -1.00  -1.0     -1. 48.13 372.7 236884.
085 20:24:50 0.48 339.92 300.25 -7.23 1653  49.62   381.0 214885. -2.73  1.66  -9.89   8.31 -12.78 1.15 1.67 0.87 -1.00  -1.0     -1. 45.31 379.7 205673.
085 20:26:11 0.48 339.92 300.24 -7.23 1653  50.29   380.7 248140. -2.21  1.91 -12.51   6.34 -11.98 1.18 1.55 0.65  0.07 546.0 279134. 46.16 379.3 242247.
085 20:27:32 0.48 339.92 300.23 -7.23 1653  49.19   380.5 214704. -2.36  1.89 -11.53   8.29 -11.93 1.01 1.18 0.53 -1.00  -1.0     -1. 44.86 378.8 207011.
085 20:28:53 0.48 339.92 300.21 -7.23 1653  48.73   377.8 211683. -2.54  1.80 -12.15   7.39 -11.86 1.07 0.86 0.69 -1.00  -1.0     -1. 45.83 378.8 236692.
085 20:30:14 0.48 339.93 300.20 -7.23 1653  50.92   382.1 221883. -2.39  1.31 -12.78   5.25 -11.32 1.58 1.57 1.32 -1.00  -1.0     -1. 47.45 380.6 210243.
085 20:31:35 0.48 339.93 300.19 -7.23 1653  51.92   381.0 261283. -2.60  1.42 -14.80   2.81  -9.33 1.79 3.63 1.21 -1.00  -1.0     -1. 45.81 379.2 252090.
085 20:32:56 0.48 339.93 300.18 -7.23 1653  51.15   372.1 232408. -3.53  1.93 -15.52   2.10  -9.34 1.09 1.75 0.98 -1.00  -1.0     -1. 45.86 372.8 209477.
085 20:34:17 0.48 339.93 300.17 -7.23 1653  52.92   372.6 260965. -4.17  2.11 -17.30  -1.69  -5.00 1.29 3.15 2.84 -1.00  -1.0     -1. 48.43 372.7 253864.
085 20:35:38 0.48 339.93 300.16 -7.23 1653  52.69   369.0 229344. -4.47  3.28 -18.43   0.73  -4.58 0.85 1.12 1.49 -1.00  -1.0     -1. 47.12 369.9 208272.
085 20:36:59 0.48 339.93 300.15 -7.23 1653  49.33   368.6 203984. -3.17  2.75 -17.80   4.18  -5.23 0.90 1.61 1.07  0.09 493.9 387957. 46.58 370.9 234695.
085 20:38:20 0.48 339.94 300.14 -7.23 1653  50.74   372.5 242640. -3.10  2.96 -16.45   6.87  -6.28 1.10 1.43 0.83 -1.00  -1.0     -1. 46.31 375.1 257915.
085 20:39:41 0.48 339.94 300.13 -7.23 1653  51.82   379.4 263749. -2.14  2.86 -14.63   8.03  -6.61 1.28 2.18 1.43 -1.00  -1.0     -1. 48.35 377.2 252357.
085 20:41:02 0.48 339.94 300.12 -7.23 1653  50.98   379.8 217153. -1.59  3.06 -12.92  11.29  -5.15 1.40 1.47 1.32 -1.00  -1.0     -1. 46.96 377.1 214791.
085 20:42:23 0.48 339.94 300.11 -7.23 1653  50.80   374.8 213511. -2.02  2.83 -12.78  10.48  -6.46 1.30 1.91 1.34 -1.00  -1.0     -1. 47.73 377.0 247214.
085 20:43:44 0.48 339.94 300.10 -7.23 1653  51.94   376.7 218761. -3.24  2.48 -13.25   9.09  -7.25 1.99 3.47 1.06 -1.00  -1.0     -1. 48.26 375.7 212657.
085 20:45:05 0.48 339.95 300.09 -7.23 1653  51.36   381.2 249449. -1.49  2.71 -11.44  12.29  -6.74 1.97 1.91 0.98 -1.00  -1.0     -1. 47.43 377.6 239642.
085 20:46:26 0.48 339.95 300.08 -7.23 1653  49.92   379.5 236065. -1.99  2.17 -14.15   6.75  -8.25 1.14 2.68 0.54 -1.00  -1.0     -1. 45.99 376.4 224784.
085 20:47:47 0.48 339.95 300.07 -7.23 1653  51.46   374.7 271711. -4.16  2.13 -14.89   4.87  -8.23 1.11 1.61 0.90 -1.00  -1.0     -1. 47.45 374.2 266656.
085 20:49:08 0.48 339.95 300.06 -7.23 1653  51.55   375.3 224390. -5.39  1.57 -16.13   2.23  -8.62 1.17 1.93 0.97 -1.00  -1.0     -1. 45.54 375.3 224965.
085 20:50:29 0.48 339.95 300.05 -7.23 1653  52.67   372.4 214278. -4.16  1.88 -14.93   4.06  -9.54 1.21 3.26 0.69 -1.00  -1.0     -1. 49.16 373.9 239535.
085 20:51:52 0.48 339.95 300.04 -7.23 1653  51.79   372.0 237326. -4.58  2.03 -14.71   6.48  -7.67 1.55 3.96 1.22 -1.00  -1.0     -1. 46.61 373.8 218446.
085 20:53:11 0.48 339.96 300.02 -7.23 1653  55.65   371.3 205384. -2.59  2.17 -12.73  11.00  -7.03 1.06 1.42 0.74 -1.00  -1.0     -1. 51.76 372.8 225326.
085 20:54:32 0.48 339.96 300.01 -7.23 1653  58.01   372.0 217029. -2.46  1.67 -12.00  11.23  -8.25 0.86 0.69 0.64 -1.00  -1.0     -1. 51.74 372.5 200553.
085 20:55:53 0.48 339.96 300.00 -7.23 1653  57.10   372.7 191718. -1.73  2.20 -10.65  14.07  -6.20 1.50 1.65 1.37 -1.00  -1.0     -1. 52.64 371.3 185627.
085 20:57:14 0.48 339.96 299.99 -7.23 1653  55.44   375.6 194368. -0.84  2.15  -9.43  17.05  -5.46 2.04 2.51 1.61 -1.00  -1.0     -1. 51.28 373.5 191984.
085 20:58:35 0.48 339.96 299.98 -7.23 1653  60.96   369.3 159009. -0.31  2.33 -10.33  18.00  -4.44 0.98 0.47 0.33 -1.00  -1.0     -1. 54.66 369.0 146827.
085 20:59:56 0.48 339.96 299.97 -7.23 1653  58.86   369.2 148438. -0.31  2.68 -10.18  18.33  -4.15 1.01 0.67 0.81 -1.00  -1.0     -1. 55.01 365.5 144322.
085 21:01:17 0.48 339.97 299.96 -7.23 1653  58.89   368.3 160714. -0.69  2.26  -9.84  18.73  -3.65 0.87 0.44 0.97 -1.00  -1.0     -1. 53.36 368.6 145089.
085 21:02:38 0.48 339.97 299.95 -7.23 1653  58.34   371.3 146272. -0.38  3.04  -9.17  18.72  -1.96 1.07 0.68 1.04 -1.00  -1.0     -1. 53.85 367.7 138300.
085 21:03:59 0.48 339.97 299.94 -7.23 1653  63.56   373.8 148529. -0.30  3.34 -11.16  18.10  -2.46 2.37 1.64 1.37 -1.00  -1.0     -1. 55.94 373.5 138261.
085 21:05:20 0.48 339.97 299.93 -7.23 1653  78.12   364.5 124854. -0.08  2.62 -10.60  17.23  -3.04 1.49 0.91 1.27 -1.00  -1.0     -1. 72.06 363.0 121083.
085 21:06:41 0.48 339.97 299.92 -7.23 1653  69.54   370.8 152232. -1.22  2.34 -13.27   1.24  -3.87 2.5711.05 2.81 -1.00  -1.0     -1. 64.82 366.4 148477.
085 21:08:02 0.48 339.98 299.91 -7.23 1653  77.55   361.7 140281. -7.57  2.24 -13.08  -9.24  -5.67 1.30 1.61 1.49 -1.00  -1.0     -1. 70.62 364.7 132456.
085 21:09:23 0.48 339.98 299.90 -7.23 1653  -1.00    -1.0     -1. -1.00 -1.00 -13.39 -10.20  -8.06 1.46 1.13 0.70 -1.00  -1.0     -1. -1.00  -1.0     -1.
085 21:10:43 0.48 339.98 299.89 -7.23 1653  73.61   363.9 129009. -6.94  0.62 -15.54  -9.04  -7.80 0.93 1.29 0.66 -1.00  -1.0     -1. 66.46 365.7 118858.
085 21:12:05 0.48 339.98 299.88 -7.23 1653  70.54   361.7 118845. -6.68  1.50 -14.86 -11.22  -7.75 0.85 0.63 0.41 -1.00  -1.0     -1. 64.68 367.3 131017.
085 21:13:26 0.48 339.98 299.87 -7.23 1653  69.75   361.2 133158. -6.42  2.06 -16.09 -10.50  -7.07 0.93 0.79 0.74 -1.00  -1.0     -1. 65.32 362.9 127080.
085 21:14:47 0.48 339.99 299.86 -7.23 1653  68.97   361.9 120157. -6.74  1.78 -15.59 -12.24  -6.41 0.85 0.70 0.61 -1.00  -1.0     -1. 63.44 367.8 129607.
085 21:16:08 0.48 339.99 299.85 -7.23 1653  72.17   364.4 120596. -7.18  1.71 -15.68 -13.52  -5.88 0.96 0.73 0.91 -1.00  -1.0     -1. 65.80 366.9 115564.
085 21:17:29 0.48 339.99 299.83 -7.23 1653  71.71   364.1 108216. -7.14  2.64 -16.24 -10.10  -8.45 0.85 3.51 3.75 -1.00  -1.0     -1. 65.74 368.7 127603.
085 21:18:50 0.48 339.99 299.82 -7.23 1653  73.60   365.3 129022. -6.34  0.57 -16.53 -10.45  -8.57 1.12 0.68 1.33 -1.00  -1.0     -1. 67.53 366.2 118585.
085 21:20:11 0.48 339.99 299.82 -7.23 1653  69.73   363.4 112900. -6.80  1.35 -17.53 -10.18  -7.07 1.31 1.69 3.09 -1.00  -1.0     -1. 65.00 368.3 138118.
085 21:21:32 0.48 339.99 299.80 -7.23 1653  68.67   368.9 139690. -6.11 -0.92 -14.17  -9.58 -12.45 5.39 1.51 5.64 -1.00  -1.0     -1. 64.13 372.7 157856.
085 21:22:53 0.48 340.00 299.79 -7.23 1653  64.97   375.7 127372. -6.01 -0.65  -5.66  -9.31 -20.60 1.21 1.02 0.73 -1.00  -1.0     -1. 59.46 377.3 127405.
085 21:24:14 0.48 340.00 299.78 -7.23 1653  65.09   375.1 128116. -5.84 -1.09  -5.76  -8.58 -20.59 1.15 0.86 0.68 -1.00  -1.0     -1. 58.20 378.5 112465.
085 21:25:35 0.48 340.00 299.77 -7.23 1653  66.35   373.8 129123. -5.91 -0.23  -7.51  -7.97 -19.41 2.44 1.27 1.96 -1.00  -1.0     -1. 60.96 375.2 127054.
085 21:26:56 0.48 340.00 299.76 -7.23 1653  68.27   369.9 130357. -5.62 -0.93 -10.81  -7.16 -17.91 2.58 1.45 1.96 -1.00  -1.0     -1. 62.05 370.0 128116.
085 21:28:17 0.48 340.00 299.75 -7.23 1653  68.01   370.2 146307. -5.68 -1.14  -8.77  -6.90 -19.60 2.92 1.01 1.97 -1.00  -1.0     -1. 61.52 372.5 134252.
085 21:29:38 0.48 340.01 299.74 -7.23 1653  64.14   359.4 159408. -4.13 -0.77 -11.60  -2.54 -19.00 1.20 1.23 0.72 -1.00  -1.0     -1. 57.44 361.4 142088.
085 21:30:59 0.48 340.01 299.73 -7.23 1653  62.99   364.2 130448. -4.45 -0.69 -11.42  -2.53 -19.63 0.81 1.05 0.36 -1.00  -1.0     -1. 58.83 368.3 135490.
085 21:32:20 0.48 340.01 299.72 -7.23 1653  65.88   366.7 138641. -3.78 -0.47 -12.28  -0.13 -18.55 2.31 3.27 2.91 -1.00  -1.0     -1. 60.74 366.4 132410.
085 21:33:41 0.48 340.01 299.71 -7.23 1653  72.86   360.6 174650. -2.51  3.77 -16.88  10.70   0.14 1.58 2.70 5.89 -1.00  -1.0     -1. 65.35 360.5 154779.
085 21:35:02 0.48 340.01 299.70 -7.23 1653  79.09   360.2 136494. -1.99  2.48 -16.78  11.84   1.97 0.93 1.03 1.63 -1.00  -1.0     -1. 72.49 358.5 126531.
085 21:36:23 0.48 340.02 299.69 -7.23 1653  77.43   357.5 123191. -1.44  2.67 -16.72  12.67   0.74 0.85 0.95 2.54 -1.00  -1.0     -1. 72.56 359.5 134603.
085 21:37:44 0.48 340.02 299.68 -7.23 1653  71.59   358.9 164073. -1.81  2.08 -15.73  13.86  -3.58 1.61 0.97 2.16 -1.00  -1.0     -1. 64.85 361.5 178363.
085 21:39:05 0.48 340.02 299.67 -7.23 1653  75.91   365.3 159587. -1.82  1.01 -14.25  13.69  -5.88 2.07 1.14 2.05 -1.00  -1.0     -1. 66.94 364.8 141818.
085 21:40:26 0.48 340.02 299.66 -7.23 1653  75.27   357.0 144628. -3.15  0.37 -16.72  10.38  -6.93 0.89 1.79 2.21 -1.00  -1.0     -1. 69.42 355.4 135061.
085 21:41:47 0.48 340.02 299.64 -7.23 1653  72.92   357.9 134064. -2.75  0.37 -16.49   9.47  -8.07 1.57 1.61 2.59 -1.00  -1.0     -1. 67.27 360.7 147214.
085 21:43:08 0.48 340.02 299.64 -7.23 1653  69.91   359.2 159239. -5.69  0.05 -16.38   5.25  -8.87 2.06 4.90 2.13 -1.00  -1.0     -1. 63.06 363.1 181043.
085 21:44:29 0.48 340.03 299.63 -7.23 1653  67.03   360.0 203451. -3.98  1.45 -18.30   8.47  -2.85 0.59 0.44 0.21 -1.00  -1.0     -1. 61.25 358.9 188372.
085 21:45:50 0.48 340.03 299.61 -7.23 1653  67.05   355.4 188242. -3.27  2.64 -16.90   9.73  -2.35 2.83 2.14 3.91 -1.00  -1.0     -1. 61.37 358.7 204490.
085 21:47:11 0.48 340.03 299.60 -7.23 1653  70.55   360.3 176687. -2.39  5.42 -17.11   9.84   5.72 1.16 1.47 3.46 -1.00  -1.0     -1. 65.33 359.4 158723.
085 21:48:32 0.48 340.03 299.59 -7.23 1653  66.90   361.3 154370.  0.00  1.01 -11.56  14.82  -6.72 3.31 1.43 5.07 -1.00  -1.0     -1. 60.46 360.2 139261.
085 21:49:53 0.48 340.03 299.58 -7.23 1653  64.10   360.4 144729. -0.79  1.10  -9.12  14.66 -11.24 1.18 1.16 1.51 -1.00  -1.0     -1. 58.45 360.8 163807.
085 21:51:14 0.48 340.04 299.57 -7.23 1653  68.05   368.3 146541.  0.03  1.10  -6.82  14.79 -12.55 1.73 1.37 2.52 -1.00  -1.0     -1. 62.57 365.7 146181.
085 21:52:35 0.48 340.04 299.56 -7.23 1653  62.51   362.3 133853. -0.03  0.86  -9.58  15.38 -11.26 0.90 0.54 0.58 -1.00  -1.0     -1. 57.27 361.8 150274.
085 21:53:56 0.48 340.04 299.55 -7.23 1653  62.33   367.3 135211.  0.18  0.80  -7.50  16.28 -11.75 1.13 0.57 0.70 -1.00  -1.0     -1. 57.02 364.0 131796.
085 21:57:59 0.48 340.04 299.52 -7.23 1653  64.26   365.4 133586. -0.18  0.48  -7.72  16.15 -11.79 0.89 0.86 0.88 -1.00  -1.0     -1. 58.60 367.7 135808.
085 21:59:20 0.48 340.05 299.51 -7.23 1653  75.32   373.9 108690.  0.89  2.39  -3.92  18.73  -6.71 1.85 1.47 2.93 -1.00  -1.0     -1. 66.38 371.7  97840.
085 22:00:41 0.48 340.05 299.50 -7.23 1653  64.50   376.7 103951.  0.44  1.97  -4.12  17.98  -8.56 1.94 1.20 2.64 -1.00  -1.0     -1. 61.78 375.1 118627.
085 22:02:02 0.48 340.05 299.49 -7.23 1653  67.04   365.9 145057. -1.22  0.71  -7.53  17.88  -4.43 1.99 1.77 3.66 -1.00  -1.0     -1. 61.05 363.7 139180.
085 22:03:23 0.48 340.05 299.48 -7.23 1653  67.06   363.8 125134.  0.16  4.01  -7.35  19.05  -3.14 2.00 0.80 2.29 -1.00  -1.0     -1. 62.02 365.0 132641.
085 22:04:44 0.48 340.05 299.47 -7.23 1653  70.00   369.1 122545.  0.76  3.45  -9.46  18.62  -4.49 1.47 0.71 1.58 -1.00  -1.0     -1. 63.54 364.6 115863.
085 22:06:05 0.48 340.06 299.46 -7.23 1653  68.79   361.9 129799.  0.24  2.03 -10.35  16.80  -7.33 0.94 1.23 2.27 -1.00  -1.0     -1. 62.51 361.1 142945.
085 22:07:26 0.48 340.06 299.45 -7.23 1653  63.08   365.9 131364.  0.22  1.61  -9.88  17.20  -7.42 1.72 1.54 1.68 -1.00  -1.0     -1. 58.21 362.2 131696.
085 22:08:47 0.48 340.06 299.44 -7.23 1653  65.50   376.0 128808.  0.02  2.31  -5.02  19.94  -3.98 0.97 0.53 1.24 -1.00  -1.0     -1. 61.45 373.8 123704.
085 22:10:08 0.48 340.06 299.42 -7.23 1653  63.61   377.9 133888.  1.08  2.41  -5.20  19.69  -4.79 1.75 0.73 1.03 -1.00  -1.0     -1. 58.31 378.9 134249.
085 22:11:29 0.48 340.06 299.41 -7.23 1653  66.03   370.9 154981.  0.03  2.54  -4.29  19.83  -3.89 2.20 0.52 1.21 -1.00  -1.0     -1. 57.93 370.1 140593.
085 22:12:50 0.48 340.06 299.40 -7.23 1653  67.60   377.7 121249.  0.91  2.81  -2.47  20.18  -4.30 1.05 0.47 1.23 -1.00  -1.0     -1. 59.46 376.2 105023.
085 22:14:11 0.48 340.07 299.39 -7.23 1653  63.82   375.9 105383.  0.56  2.59  -2.81  21.36  -3.68 1.26 0.73 1.81 -1.00  -1.0     -1. 59.47 374.4 123503.
085 22:15:32 0.48 340.07 299.38 -7.23 1653  63.48   373.9 131679.  1.29  2.87  -3.86  21.04  -0.92 1.27 0.47 1.91 -1.00  -1.0     -1. 59.14 370.1 126352.
085 22:16:53 0.48 340.07 299.37 -7.23 1653  63.97   371.3 111058.  0.96  3.07  -5.20  20.19   1.03 1.19 0.55 1.72 -1.00  -1.0     -1. 59.19 369.5 130214.
085 22:18:14 0.48 340.07 299.36 -7.23 1653  62.17   371.6 143725.  0.92  3.77  -5.93  19.30   2.29 1.59 0.59 1.06 -1.00  -1.0     -1. 58.49 368.2 132482.
085 22:19:35 0.48 340.07 299.35 -7.23 1653  70.47   369.6 157927. -0.06  3.77  -5.94  18.46   3.11 2.32 0.73 3.25 -1.00  -1.0     -1. 62.21 368.7 139343.
085 22:20:56 0.48 340.08 299.34 -7.23 1653  64.33   377.7 125238.  0.96  4.00  -2.43  20.30   3.42 1.03 0.56 1.47 -1.00  -1.0     -1. 57.01 376.0 109765.
085 22:22:17 0.48 340.08 299.33 -7.23 1653  65.20   378.0 130315.  0.05  3.58  -3.55  20.05   1.23 1.41 0.58 1.12 -1.00  -1.0     -1. 60.85 375.4 130711.
085 22:23:38 0.48 340.08 299.32 -7.23 1653  63.96   371.3 137130.  0.63  3.49  -7.77  18.49  -0.63 1.40 0.72 1.72 -1.00  -1.0     -1. 58.34 367.0 131238.
085 22:24:59 0.48 340.08 299.31 -7.23 1653  64.65   369.7 158554. -0.20  3.53  -8.89  17.91   0.01 1.67 0.97 1.16 -1.00  -1.0     -1. 58.27 368.1 138621.
085 22:26:20 0.48 340.08 299.30 -7.23 1653  61.94   367.3 149796.  0.12  3.62  -7.79  18.48   1.81 2.11 0.82 1.69 -1.00  -1.0     -1. 57.19 363.4 140164.
085 22:27:41 0.48 340.08 299.29 -7.23 1653  63.71   368.2 122607.  0.18  4.04  -6.66  18.66   3.73 1.01 0.51 1.32 -1.00  -1.0     -1. 58.54 369.5 132920.
085 22:29:03 0.48 340.09 299.28 -7.23 1653  62.43   373.9 132891.  0.45  4.98  -8.61  18.06   5.88 2.54 0.78 1.99 -1.00  -1.0     -1. 57.17 370.1 125865.
085 22:30:23 0.48 340.09 299.27 -7.23 1653  61.39   361.0 139076. -0.54  3.88 -11.67  16.77   4.83 0.87 0.60 1.08 -1.00  -1.0     -1. 58.59 360.7 162956.
085 22:31:44 0.48 340.09 299.26 -7.23 1653  64.20   363.7 161471.  0.32  3.62 -10.06  17.33   3.17 1.23 0.71 1.40 -1.00  -1.0     -1. 57.92 363.0 145096.
085 22:33:05 0.48 340.09 299.25 -7.23 1653  60.59   364.8 131689.  0.07  3.89  -7.15  18.94   5.40 1.78 0.62 1.14 -1.00  -1.0     -1. 55.56 365.9 135470.
085 22:43:41 0.48 340.11 299.16 -7.23 1653  60.14   358.2 139544. -0.01  3.51 -12.41  17.51  -1.28 0.70 0.54 0.95 -1.00  -1.0     -1. 55.47 356.9 151826.
085 22:45:03 0.48 340.11 299.15 -7.23 1653  64.40   356.7 146200.  1.15  3.34 -11.93  17.82  -0.12 0.64 0.45 0.98 -1.00  -1.0     -1. 57.85 355.5 135064.
085 22:46:24 0.48 340.11 299.14 -7.23 1653  63.05   356.0 136468.  0.61  3.34 -12.44  17.53   0.04 0.78 0.61 1.10 -1.00  -1.0     -1. 56.71 352.2 128970.
085 22:47:45 0.48 340.11 299.13 -7.23 1653  64.53   360.2 145271.  1.09  4.33 -12.12  17.14   1.72 2.12 1.58 3.22 -1.00  -1.0     -1. 57.91 358.8 130049.
085 22:49:06 0.48 340.11 299.12 -7.23 1653  64.68   351.5 139024. -0.13  2.71 -13.47  15.72   0.30 1.09 0.82 3.76 -1.00  -1.0     -1. 59.85 351.1 155705.
085 22:50:27 0.48 340.12 299.11 -7.23 1653  62.08   354.9 159444.  0.80  3.91 -11.85  16.71  -0.24 1.61 1.05 3.11 -1.00  -1.0     -1. 54.33 353.7 146479.
085 22:51:48 0.48 340.12 299.10 -7.23 1653  64.62   358.2 153529.  0.45  3.53 -10.76  17.39  -1.89 1.63 0.94 2.83 -1.00  -1.0     -1. 59.94 358.9 179243.
085 22:53:09 0.48 340.12 299.09 -7.23 1653  64.63   361.0 152278.  1.37  1.79 -10.23  17.63   1.26 1.17 0.60 2.33 -1.00  -1.0     -1. 56.00 358.5 139086.
085 22:54:30 0.48 340.12 299.08 -7.23 1653  61.66   358.9 137199.  0.74  3.95 -11.06  17.34   1.82 0.65 0.41 0.51 -1.00  -1.0     -1. 54.93 356.7 154779.
085 22:55:51 0.48 340.12 299.07 -7.23 1653  61.42   356.6 150615.  0.52  3.13 -11.37  17.03   1.47 0.84 0.58 1.08 -1.00  -1.0     -1. 54.46 355.5 139869.
085 22:57:12 0.48 340.13 299.06 -7.23 1653  61.31   345.7 155289. -2.80  7.48 -14.59  13.33   4.55 1.06 2.02 2.39  0.07 446.6 135980. 56.09 348.3 167279.
085 22:58:33 0.48 340.13 299.05 -7.23 1653  58.22   348.3 172662. -1.42  3.09 -13.54  15.16   2.07 1.32 1.16 1.58 -1.00  -1.0     -1. 53.77 346.1 162251.
085 22:59:54 0.48 340.13 299.04 -7.23 1653  59.87   356.5 136750.  0.09  4.68 -12.30  16.63   1.63 1.15 0.69 1.74 -1.00  -1.0     -1. 55.58 354.8 151528.
085 23:01:15 0.48 340.13 299.03 -7.23 1653  59.82   356.8 143751.  0.57  3.48 -11.59  17.15   1.61 0.88 0.53 1.61 -1.00  -1.0     -1. 53.66 355.8 134418.
085 23:02:36 0.48 340.13 299.02 -7.23 1653  61.11   358.7 141532.  0.58  4.63  -9.71  15.95   4.89 0.98 1.27 1.36 -1.00  -1.0     -1. 57.55 357.1 155747.
085 23:03:57 0.48 340.13 299.00 -7.23 1653  63.38   361.4 153922.  0.93  5.54  -8.89  15.90   5.20 0.66 0.60 0.91 -1.00  -1.0     -1. 56.49 358.7 144043.
085 23:05:18 0.48 340.14 298.99 -7.23 1653  63.09   358.4 139719.  0.60  5.25  -9.61  16.51   3.80 0.70 0.53 1.20 -1.00  -1.0     -1. 58.23 357.1 152772.
085 23:06:39 0.48 340.14 298.98 -7.23 1653  62.46   361.5 156355.  1.00  4.58  -8.36  17.12   2.79 1.19 0.67 1.10 -1.00  -1.0     -1. 56.59 360.2 140512.
085 23:08:00 0.48 340.14 298.97 -7.23 1653  64.31   365.1 144118.  0.89  4.19 -10.35  14.89  -1.41 2.16 1.76 1.90 -1.00  -1.0     -1. 59.21 364.1 161712.
085 23:09:21 0.48 340.14 298.96 -7.23 1653  61.35   358.7 171668.  0.36  2.29 -10.46  14.67  -2.98 0.85 0.82 0.61 -1.00  -1.0     -1. 54.74 357.1 154113.
085 23:10:42 0.48 340.14 298.95 -7.23 1653  63.26   361.3 177428. -0.19  3.27 -10.21  15.54  -1.99 0.65 0.74 2.54 -1.00  -1.0     -1. 56.58 359.5 176170.
085 23:12:03 0.48 340.15 298.94 -7.23 1653  60.15   361.9 162238.  0.17  1.32  -9.47  15.33  -4.35 0.82 0.92 2.42 -1.00  -1.0     -1. 54.74 360.7 141305.
085 23:13:24 0.48 340.15 298.93 -7.23 1653  61.37   358.8 148429.  0.22  3.03  -9.51  15.41  -1.74 0.95 0.57 1.25 -1.00  -1.0     -1. 56.40 358.3 166211.
085 23:14:45 0.48 340.15 298.92 -7.23 1653  63.00   364.5 161910.  1.55  2.40  -7.69  16.52  -0.89 2.37 1.14 2.91 -1.00  -1.0     -1. 56.91 362.0 143848.
085 23:16:05 0.48 340.15 298.91 -7.23 1653  62.80   361.5 141061. -0.31  5.06  -7.16  15.68   0.87 3.02 1.18 5.92 -1.00  -1.0     -1. 57.69 361.2 163193.
085 23:17:27 0.48 340.15 298.90 -7.23 1653  63.77   378.6 136640.  0.67 -0.78  -2.54  15.76  -9.59 1.48 2.04 2.07 -1.00  -1.0     -1. 57.25 377.3 153665.
085 23:18:48 0.48 340.15 298.89 -7.23 1653  52.67   358.9 126313. -0.16  3.83 -10.78  14.37   1.12 4.32 2.47 4.61 -1.00  -1.0     -1. 51.10 356.8 144267.
085 23:20:09 0.48 340.16 298.88 -7.23 1653  60.16   352.9 161890. -0.52  5.17 -12.78  14.58   3.31 0.72 0.97 1.23 -1.00  -1.0     -1. 54.17 350.7 158632.
085 23:21:30 0.48 340.16 298.87 -7.23 1653  60.35   359.6 129438.  0.72  3.50 -11.09  17.13   0.13 1.58 1.17 2.04 -1.00  -1.0     -1. 55.02 357.7 145823.
085 23:22:51 0.48 340.16 298.86 -7.23 1653  59.24   353.8 156771.  0.04  3.36 -13.66  14.82  -0.28 1.91 1.82 1.27 -1.00  -1.0     -1. 54.16 352.8 145891.
085 23:24:12 0.48 340.16 298.85 -7.23 1653  58.22   350.1 151664. -1.05  3.67 -15.72  12.88  -1.47 0.91 0.88 1.34 -1.00  -1.0     -1. 54.02 350.7 170716.
085 23:25:33 0.48 340.16 298.84 -7.23 1653  62.36   348.9 169576. -1.21  2.48 -14.97  14.23  -1.89 1.55 1.68 1.03 -1.00  -1.0     -1. 57.62 347.5 158785.
085 23:26:54 0.48 340.17 298.83 -7.23 1653  60.11   351.3 145726. -0.37  3.73 -14.05  15.51   1.07 1.05 0.83 1.44 -1.00  -1.0     -1. 56.18 350.8 161445.
085 23:28:15 0.48 340.17 298.82 -7.23 1653  60.72   353.2 158444. -0.20  4.09 -13.27  16.05   3.28 0.77 0.59 1.13 -1.00  -1.0     -1. 54.36 352.1 145135.
085 23:29:36 0.48 340.17 298.80 -7.23 1653  60.90   353.4 137491. -0.42  5.52 -13.03  15.20   6.77 0.63 0.53 0.97 -1.00  -1.0     -1. 55.23 350.3 128509.
085 23:30:57 0.48 340.17 298.79 -7.23 1653  62.20   352.6 157579. -0.58  5.38 -15.02  13.59   5.00 1.36 1.13 1.74 -1.00  -1.0     -1. 55.49 351.4 141357.
085 23:32:18 0.48 340.17 298.79 -7.23 1653  64.35   355.4 144300.  0.00  0.00 -12.53  15.02   6.69 1.19 0.85 2.03 -1.00  -1.0     -1. 60.92 354.5 157986.
085 23:33:39 0.48 340.18 298.77 -7.23 1653  61.62   350.2 153077. -1.14  5.70 -13.33  13.65   8.36 0.98 0.97 0.68 -1.00  -1.0     -1. 55.15 348.1 148396.
085 23:35:00 0.48 340.18 298.76 -7.23 1653  60.43   354.1 140099. -0.58  5.48 -12.33  14.63   7.81 1.09 1.48 1.28 -1.00  -1.0     -1. 56.81 353.0 153983.
085 23:36:21 0.48 340.18 298.75 -7.23 1653  59.21   356.5 146083.  0.57  5.59 -10.16  17.05   5.46 1.04 1.18 2.03 -1.00  -1.0     -1. 53.51 356.2 134070.
085 23:37:42 0.48 340.18 298.74 -7.23 1653  60.89   360.2 133869.  0.80  4.10 -10.49  16.62   4.31 1.44 2.23 3.01 -1.00  -1.0     -1. 55.94 358.7 146863.
085 23:39:03 0.48 340.18 298.73 -7.23 1653  61.21   357.8 147574. -0.72  6.50 -12.14  13.88   8.38 0.85 1.87 2.60 -1.00  -1.0     -1. 55.72 357.2 137221.
085 23:40:24 0.48 340.18 298.72 -7.23 1653  57.88   354.0 147162. -0.12  4.67 -10.81  16.48   5.85 1.14 0.54 2.09 -1.00  -1.0     -1. 53.17 354.0 163323.
085 23:41:45 0.48 340.19 298.71 -7.23 1653  63.65   358.8 137666. -0.23  5.86 -10.13  16.63   6.72 1.20 0.51 1.54 -1.00  -1.0     -1. 55.84 357.9 128775.
085 23:43:06 0.48 340.19 298.70 -7.23 1653  56.49   355.4 142978.  0.07  4.15 -10.80  16.10   4.84 0.67 0.47 0.57 -1.00  -1.0     -1. 52.09 351.5 137523.
085 23:44:27 0.48 340.19 298.69 -7.23 1653  60.46   354.5 148068.  0.90  4.43 -10.90  16.56   4.29 0.67 0.73 0.43 -1.00  -1.0     -1. 53.67 353.5 137091.
085 23:45:48 0.48 340.19 298.68 -7.23 1653  57.71   352.3 140623.  0.24  3.61 -10.35  17.62   1.35 0.97 0.81 1.50 -1.00  -1.0     -1. 53.34 349.3 133365.
085 23:47:09 0.48 340.19 298.67 -7.23 1653  66.53   356.1 148942.  0.93  2.53  -5.63  16.49   3.92 4.73 2.32 9.34 -1.00  -1.0     -1. 58.14 353.9 137215.
085 23:48:30 0.48 340.20 298.66 -7.23 1653  59.53   400.2 124868. -0.36  4.08   7.46  14.03   8.37 5.00 1.98 2.29 -1.00  -1.0     -1. 59.10 399.7 139687.
085 23:49:51 0.48 340.20 298.65 -7.23 1653  62.06   383.2 133781. -1.00  4.64  12.86  12.73   8.87 1.17 1.35 1.25 -1.00  -1.0     -1. 56.07 383.6 128386.
085 23:51:12 0.48 340.20 298.64 -7.23 1653  60.47   383.1 125053. -0.28  3.77  13.67  14.48   5.55 1.35 1.00 2.71 -1.00  -1.0     -1. 56.83 380.5 124020.
085 23:52:33 0.48 340.20 298.63 -7.23 1653  61.91   377.6 116197.  1.15  3.47  11.07  16.53   3.76 1.91 1.07 2.12 -1.00  -1.0     -1. 55.02 376.1  99718.
085 23:53:54 0.48 340.20 298.61 -7.23 1653  -1.00    -1.0     -1. -1.00 -1.00  11.07  15.56   3.77 2.88 1.98 2.02 -1.00  -1.0     -1. -1.00  -1.0     -1.
085 23:54:54 0.48 340.20 298.61 -7.23 1653  -1.00    -1.0     -1. -1.00 -1.00  10.42  13.97   4.12 7.12 3.26 1.68 -1.00  -1.0     -1. -1.00  -1.0     -1.
085 23:55:15 0.48 340.21 298.61 -7.23 1653  56.49   357.6  94468.  4.46  3.95   8.45  15.14   4.17 6.96 3.51 2.04 -1.00  -1.0     -1. 52.93 352.5 112052.
085 23:56:36 0.48 340.21 298.60 -7.23 1653  53.85   338.0 136789.  0.46  4.84  -3.25  16.67   2.69 4.54 1.45 2.28  0.09 413.4 119751. 50.64 333.8 136870.
085 23:57:57 0.48 340.21 298.58 -7.23 1653  58.67   353.7 122866.  1.33  3.87  -2.23  17.73   3.43 2.10 1.06 3.74 -1.00  -1.0     -1. 52.57 354.7 130640.
085 23:59:18 0.48 340.21 298.57 -7.23 1653  62.19   357.1 115116.  1.43  4.70  -2.42  18.81   4.79 1.89 1.02 1.90 -1.00  -1.0     -1. 56.71 352.8 113124.
