276  3:33:26 0.48 156.58 120.61 -7.23 1659  27.64   443.6 205696. -0.61  5.19  -8.42   4.98   6.13 0.00 0.00 0.00 -1.00  -1.0     -1. 24.95 440.7 200894.
276  3:44:14 0.48 156.60 120.53 -7.23 1659  28.60   441.9 179208. -0.92  5.05  -8.12   5.78   6.28 0.30 0.80 0.15 -1.00  -1.0     -1. 25.34 444.8 196769.
276  3:55:02 0.48 156.61 120.44 -7.23 1659  27.73   445.5 195197.  1.54  3.10  -8.10  10.05   2.30 0.25 0.16 0.00 -1.00  -1.0     -1. 25.06 443.1 180725.
276  4:03:26 0.48 156.62 120.38 -7.23 1659  -1.00    -1.0     -1. -1.00 -1.00 -10.15  -1.57   3.40 0.25 1.67 0.25 -1.00  -1.0     -1. -1.00  -1.0     -1.
276  4:14:14 0.48 156.64 120.29 -7.23 1659  26.89   430.6 188563. -4.49  2.71   6.56  -0.79  11.22 0.00 0.00 0.00 -1.00  -1.0     -1. 23.95 432.5 164083.
276  4:16:40 0.48 156.64 120.27 -7.23 1659  27.89   437.0 218508. -0.18  2.56   0.00   0.00   0.00 0.00 0.00 0.00 -1.00  -1.0     -1. 25.01 436.3 205436.
276  4:27:28 0.48 156.66 120.19 -7.23 1659  27.62   455.4 158375.  1.50  4.10   0.00   0.00   0.00 0.00 0.00 0.00  1.06 457.3 372117. 25.77 454.0 182336.
276  4:38:16 0.48 156.67 120.10 -7.23 1659  25.89   440.6 138241.  0.65  4.73   0.00   0.00   0.00 0.00 0.00 0.00  0.80 469.8 283655. 24.80 438.9 157498.
276  4:49:04 0.48 156.69 120.02 -7.23 1659  25.01   445.0 131793.  0.24  4.12   0.00   0.00   0.00 0.00 0.00 0.00 -1.00  -1.0     -1. 22.67 441.1 131595.
276  4:59:52 0.48 156.70 119.93 -7.23 1659  25.95   461.8 189905.  0.00  0.00   0.00   0.00   0.00 0.00 0.00 0.00  0.83 462.2 388918. 22.92 460.9 163729.
276  5:10:40 0.48 156.72 119.85 -7.23 1659  25.09   441.5 116548.  0.00  0.00   7.36   0.45  11.25 0.57 0.95 0.21  1.05 434.6 345961. 23.20 439.8 141058.
276  5:22:04 0.48 156.73 119.76 -7.23 1659  22.41   457.6 136961.  0.00  0.00  -7.55  -0.86   9.35 1.03 0.31 0.18  1.23 449.6 544559. 20.21 454.0 136507.
276  5:32:16 0.48 156.75 119.68 -7.23 1659  21.17   417.1 116821. -2.75  6.29  -4.95  -0.69  10.40 0.00 0.00 0.00  0.99 432.0 409696. 19.19 416.5 108408.
276  5:43:04 0.48 156.76 119.60 -7.23 1659  23.98   451.0 132579. -0.63  0.66  10.99   6.10  -4.31 0.41 0.17 0.49  1.17 442.7 414906. 22.24 453.4 133609.
276  5:53:52 0.48 156.77 119.52 -7.23 1659  26.74   431.4 120079.  2.45  1.87   4.07  12.28  -2.47 0.21 0.10 0.57  1.17 427.1 278614. 24.75 430.6 120476.
276  6:04:40 0.48 156.79 119.43 -7.23 1659  25.22   389.9 142890. -0.20  1.54  -8.80   5.49  -0.14 0.09 0.15 0.81 -1.00  -1.0     -1. 23.60 391.0 161302.
276  6:15:28 0.48 156.81 119.35 -7.23 1659  25.95   390.0 140824. -0.45  4.18  -8.75   5.57   1.50 0.19 0.94 0.05  1.18 414.7 313021. 22.09 389.6 131744.
276  6:26:16 0.48 156.82 119.27 -7.23 1659  26.65   382.9 140077. -0.84  1.30  -9.05   5.27  -1.87 0.34 0.86 0.55  1.08 405.1 289685. 22.89 383.6 123912.
276  6:37:04 0.48 156.84 119.18 -7.23 1659  23.70   386.2 113046.  1.56  1.64  -8.97   2.63   0.48 0.00 0.00 0.00  1.31 410.3 367479. 21.71 386.4 134610.
276  6:47:52 0.48 156.85 119.10 -7.23 1659  24.26   380.0 134486. -0.51  2.54   0.00   0.00   0.00 0.00 0.00 0.00  1.16 402.9 278328. 21.81 378.9 116191.
276  7:09:26 0.48 156.88 118.93 -7.23 1659  22.35   383.5 138868. -3.44 -1.20   0.00   0.00   0.00 0.00 0.00 0.00  1.13 399.5 312398. 20.84 383.7 116629.
276  7:20:14 0.48 156.90 118.85 -7.23 1659  26.56   382.6 114359. -0.77  3.30  -9.12   2.53   0.48 0.15 0.10 0.00  1.20 407.2 337060. 24.51 382.5 132138.
276  7:31:02 0.48 156.91 118.76 -7.23 1659  24.24   412.6  97304. -0.05 -2.21  -2.94   6.89  -9.61 0.42 0.05 0.19  1.68 417.9 415153. 22.60 411.7  97967.
276  7:41:50 0.48 156.93 118.68 -7.23 1659  28.71   400.2 144482. -0.86 -1.03  -4.82   3.51  -9.50 0.46 0.45 0.25  1.28 413.2 289126. 26.09 399.8 126651.
276  7:52:40 0.48 156.94 118.59 -7.23 1659  28.62   387.3 146674.  0.03  1.82  -7.41   7.17  -1.96 0.43 0.67 1.75  1.49 417.3 441297. 26.34 388.2 157300.
276  8:03:28 0.47 156.96 118.51 -7.23 1659  29.19   400.8 128857.  2.46  2.18  -4.56  10.60   0.32 0.27 0.33 0.86  1.58 410.5 409864. 26.54 396.9 127249.
276  8:14:16 0.47 156.97 118.42 -7.22 1659  28.34   393.2 132683.  1.08 -0.66  -6.63   7.64  -6.57 0.06 0.66 0.80  1.16 409.7 283733. 25.66 392.9 136266.
276  8:25:04 0.47 156.99 118.34 -7.22 1659  25.37   387.0 108460. -1.60 -1.10  -7.57   0.73  -9.69 0.20 0.04 0.49  1.37 404.0 391257. 23.57 387.7 124127.
276  8:35:52 0.47 157.00 118.26 -7.22 1659  27.47   413.9 104889.  4.19  2.27   2.05  13.13   0.35 0.45 0.00 0.21  1.24 420.2 350509. 24.17 410.8 107124.
276  8:46:40 0.47 157.02 118.17 -7.22 1659  30.20   389.0 145774. -2.29 -0.64  -7.09  -0.22  -7.48 0.21 0.29 0.19  1.59 406.8 422806. 26.44 390.2 134934.
276  8:57:28 0.47 157.03 118.09 -7.22 1659  27.85   418.2  82884.  0.12 -3.11   5.13   6.70 -11.85 0.30 0.36 0.20  1.19 409.7 228406. 26.91 417.0  95258.
276  9:08:16 0.47 157.05 118.01 -7.22 1659  32.24   406.4  95401.  0.14 -2.60   0.53   7.49 -10.19 0.89 0.38 0.16  1.50 407.2 359786. 28.52 403.8  99637.
276  9:19:02 0.47 157.06 117.92 -7.22 1659  32.37   394.0 131998.  0.42 -1.85  -5.35   4.87  -8.75 0.00 0.00 0.00  1.38 409.9 256031. 28.37 393.0 114261.
276  9:29:50 0.47 157.08 117.84 -7.22 1659  30.46   399.5  98467.  0.00  0.00  -0.95  10.94  -6.37 0.35 0.15 0.05  1.55 403.9 393453. 28.11 400.0  98428.
276  9:40:38 0.47 157.09 117.76 -7.22 1659  -1.00    -1.0     -1. -1.00 -1.00  -2.40  12.10   2.28 0.15 0.15 0.60 -1.00  -1.0     -1. -1.00  -1.0     -1.
276  9:51:26 0.47 157.11 117.67 -7.22 1659  30.92   397.6 100121. -0.41  6.05  -3.44  12.61  -2.69 0.00 0.00 0.00  1.20 402.8 379199. 27.83 398.8 106007.
276 10:02:16 0.47 157.12 117.59 -7.22 1659  30.78   388.4 122951.  2.84 -0.49  -4.02  11.09  -5.02 0.14 0.29 0.29  1.35 404.6 304420. 27.96 385.2 111029.
276 10:13:04 0.47 157.14 117.51 -7.22 1659  29.68   415.3 100926.  2.32 -1.14   1.68  12.50  -4.77 0.22 0.17 0.40  1.29 412.1 258902. 27.30 411.9 100787.
276 10:23:52 0.47 157.15 117.42 -7.22 1659  28.82   416.0  97285.  3.73  0.38   3.99  12.21  -3.33 0.64 0.11 0.76  1.38 410.2 256368. 27.77 413.3 104029.
276 10:34:40 0.47 157.17 117.34 -7.22 1659  32.28   381.5 127011.  0.98 -2.17  -1.38   8.45  -6.93 3.63 2.21 0.12  1.42 404.1 392245. 30.15 382.3 135532.
276 10:45:28 0.47 157.18 117.25 -7.22 1659  28.95   402.7  92818.  0.00  0.00   1.72  10.88  -7.98 0.36 0.31 0.39  1.26 403.1 287930. 25.23 402.5  78681.
276 10:56:16 0.47 157.20 117.17 -7.22 1659  30.10   368.7 131705. -2.51  1.15 -10.48   0.72  -0.67 0.25 0.45 0.05 -1.00  -1.0     -1. 25.80 370.2 117532.
276 11:07:04 0.47 157.21 117.09 -7.22 1659  29.84   392.4 111409.  0.00  0.00  -0.46  13.44   0.62 0.65 0.11 0.61  1.15 399.0 272831. 27.28 392.2 102083.
276 11:17:52 0.47 157.23 117.00 -7.22 1659  29.38   412.2 100881.  2.51 -2.04   3.84  11.88  -6.82 0.47 0.71 1.19  1.36 404.1 338866. 26.91 408.6  99016.
276 11:28:40 0.47 157.24 116.92 -7.22 1659  29.21   403.3  90720.  0.00  0.00   1.37  12.31   2.03 0.82 0.42 2.59  1.00 402.9 291153. 25.47 402.7  79811.
276 11:39:28 0.47 157.26 116.83 -7.22 1659  -1.00    -1.0     -1. -1.00 -1.00   1.51  14.57   1.39 0.66 0.12 0.79 -1.00  -1.0     -1. 25.83 398.4  92097.
276 12:11:52 0.47 157.31 116.58 -7.22 1659  30.28   401.3  85493.  2.78 -2.01   3.25  12.76  -8.12 0.44 0.70 0.95  1.06 400.9 273702. 27.17 398.4  83385.
276 12:22:40 0.47 157.32 116.50 -7.22 1659  30.32   400.7  69790.  1.95 -1.85   0.72  11.91  -8.50 0.21 0.58 1.61  1.10 405.4 342621. 28.58 398.4  86747.
276 12:33:28 0.47 157.34 116.41 -7.22 1659  28.62   398.7  82641.  0.00  0.00   2.69  13.31  -8.33 0.30 0.10 0.01  0.87 401.9 232538. 26.31 397.4  83365.
276 12:44:16 0.47 157.35 116.33 -7.22 1659  31.84   393.4  82920.  1.33 -0.62   0.23  12.75  -6.03 0.05 0.21 0.20  1.12 401.4 374417. 27.43 389.6  73324.
276 12:55:02 0.47 157.37 116.25 -7.22 1659  28.89   407.6  79314.  0.93 -1.45   5.99  11.36  -7.22 0.36 0.58 1.47  1.15 402.9 273221. 26.78 404.1  70371.
276 13:03:26 0.47 157.38 116.18 -7.22 1659  -1.00    -1.0     -1. -1.00 -1.00  -4.90  11.52   1.43 0.66 0.50 0.65 -1.00  -1.0     -1. -1.00  -1.0     -1.
276 13:14:14 0.47 157.39 116.10 -7.22 1659  31.95   388.4  96915.  0.54 -2.36   0.00   0.00   0.00 0.00 0.00 0.00  1.42 401.5 396065. 29.23 385.4  90245.
276 13:25:02 0.47 157.41 116.02 -7.22 1659  32.88   392.1 105630.  3.50  3.41   3.29  14.17   3.32 0.41 0.16 0.01  1.34 402.3 237618. 30.18 387.8  96226.
276 13:35:50 0.47 157.42 115.93 -7.22 1659  34.58   408.9  96034.  2.73  2.12 -11.05   5.61   3.03 0.11 0.20 0.31  1.46 406.0 358708. 30.30 405.7  98795.
276 13:38:16 0.47 157.43 115.91 -7.22 1659  31.12   365.6 113664.  0.86  1.26 -10.43   7.90   0.14 0.14 0.09 0.00 -1.00  -1.0     -1. 30.26 363.4 129747.
276 13:49:04 0.47 157.44 115.83 -7.22 1659  33.36   378.0 108135.  0.00  0.71  -1.49   8.44   1.68 1.85 4.84 2.76  1.21 388.3 245441. 30.02 377.1  96950.
276 13:59:52 0.47 157.46 115.74 -7.22 1659  30.40   394.6  94501.  4.35 -2.01   0.83  14.35  -5.96 0.25 0.11 0.20  1.41 395.3 356499. 28.32 389.8 101170.
276 14:10:40 0.47 157.47 115.66 -7.22 1659  -1.00    -1.0     -1. -1.00 -1.00  -0.85  12.58  -8.59 0.30 0.36 0.55 -1.00  -1.0     -1. -1.00  -1.0     -1.
276 14:21:28 0.47 157.49 115.58 -7.22 1659  30.69   398.3  78184.  3.59 -0.74  -2.22  13.19  -5.90 0.00 0.00 0.00  0.98 401.1 243868. 26.75 396.0  66161.
276 14:32:16 0.47 157.51 115.49 -7.22 1659  32.77   392.2  92461.  1.97 -1.21  -0.12  13.95  -5.98 0.15 0.39 0.56  1.31 398.9 299469. 29.40 389.2  75504.
276 14:43:04 0.47 157.52 115.41 -7.22 1659  31.77   373.6  96310.  2.12  2.65  -6.38  13.45   0.47 0.10 0.20 0.21  1.28 391.1 358643. 29.76 372.8 105893.
276 14:44:11 0.47 157.52 115.40 -7.22 1659  33.73   377.5 130107.  1.04 -1.94  -5.01  14.04  -1.02 0.05 0.20 0.00  1.39 394.2 426795. 30.69 375.9 125309.
276 14:57:59 0.47 157.54 115.30 -7.22 1659  -1.00    -1.0     -1. -1.00 -1.00   2.62  13.03   4.67 1.29 0.24 1.37 -1.00  -1.0     -1. -1.00  -1.0     -1.
276 15:05:47 0.47 157.55 115.24 -7.22 1659  32.77   378.8 106728.  0.73 -1.49  -6.18   8.21  -8.74 0.00 0.00 0.00  1.30 401.9 369493. 29.40 374.8 105961.
276 15:19:35 0.47 157.54 115.09 -7.23 1659  -1.00    -1.0     -1. -1.00 -1.00   2.06  13.84  -3.98 0.00 0.00 0.00 -1.00  -1.0     -1. -1.00  -1.0     -1.
276 15:27:23 0.47 157.58 115.07 -7.22 1659  41.61   403.3 126242. -0.95  5.41   7.10  12.41   3.94 0.00 0.00 0.00  1.35 401.7 291231. 40.17 403.2 142880.
276 15:41:11 0.47 157.57 114.93 -7.23 1659  -1.00    -1.0     -1. -1.00 -1.00  -8.07   9.85   0.25 0.00 0.00 0.00 -1.00  -1.0     -1. -1.00  -1.0     -1.
276 15:48:59 0.47 157.61 114.90 -7.22 1659  34.76   379.3 116412.  1.17 -2.27  -8.66  10.04  -0.56 0.00 0.00 0.00  1.33 389.4 263281. 31.73 377.4 105049.
276 16:02:47 0.47 157.63 114.80 -7.22 1659  35.33   363.1 131923.  2.92  0.87  -9.16   3.38  -9.02 0.00 0.00 0.00  1.27 376.4 361294. 31.42 358.7 136156.
276 16:10:35 0.47 157.65 114.74 -7.22 1659  34.17   382.3  88108.  2.13  0.41 -10.65   7.49  -1.77 0.09 0.15 0.61  0.99 401.9 297832. 30.23 381.5  89670.
276 16:32:11 0.47 157.68 114.57 -7.22 1659  34.68   360.2 133953. -0.39  2.05  -6.03  11.06  -3.46 0.00 0.00 0.00  1.13 384.1 290477. 33.27 356.7 126485.
276 16:53:47 0.47 157.71 114.40 -7.22 1659  33.12   412.0  61695.  2.22 -1.78   9.47  14.46  -5.95 0.00 0.00 0.00  1.10 400.7 278471. 27.30 405.5  69312.
276 17:15:23 0.47 157.74 114.24 -7.22 1659  32.94   373.5 123851. -1.38 -3.11  -3.27   7.48 -11.16 0.10 0.25 0.00  1.24 389.5 225976. 28.85 374.1 108391.
276 17:36:59 0.47 157.77 114.07 -7.22 1659  32.80   373.7  94368.  2.39  0.65  -4.82  14.84  -0.35 0.00 0.00 0.00  1.31 390.9 351392. 30.36 373.6 106819.
276 17:58:35 0.47 157.80 113.90 -7.22 1659  33.49   387.5  86874.  0.52 -4.88   1.33   6.60 -14.84 0.00 0.00 0.00  1.01 390.9 252002. 31.44 385.2  83375.
276 18:20:11 0.47 157.83 113.74 -7.22 1659  36.60   395.4  92951.  1.79  3.41   5.34  11.37   9.88 0.00 0.00 0.00  1.42 389.7 340932. 33.32 392.4  97148.
276 18:41:47 0.47 157.86 113.57 -7.22 1659  35.43   397.4  96684.  1.97 -1.99   9.32  12.71  -5.22 0.00 0.00 0.00  1.41 392.5 219687. 32.24 397.3 103350.
276 19:03:23 0.47 157.90 113.40 -7.22 1659  34.34   363.5 181251. -1.68  0.99  -6.06   4.58  -0.38 0.00 0.00 0.00 -1.00  -1.0     -1. 30.54 364.8 168881.
276 19:24:59 0.47 157.93 113.24 -7.22 1659  32.28   395.3 107316.  1.32  3.87   9.66   9.62   6.28 0.00 0.00 0.00  1.29 389.8 270934. 29.91 394.9 125884.
276 19:46:35 0.47 157.96 113.07 -7.22 1659  30.08   377.1 104880.  1.92 -1.22  -0.37  13.71  -0.99 0.00 0.00 0.00  1.41 390.1 379264. 26.64 375.7 113891.
276 20:08:11 0.47 157.99 112.90 -7.22 1659  32.57   356.3 149419. -2.64  0.68  -0.73  11.85   0.68 0.00 0.00 0.00 -1.00  -1.0     -1. 31.22 354.3 149085.
276 20:29:47 0.47 158.02 112.74 -7.22 1659  30.05   377.0 109863.  1.07  5.69  -4.38  10.77   4.54 0.00 0.00 0.00  1.27 386.3 381005. 28.60 374.5 131332.
276 20:51:23 0.47 158.05 112.57 -7.22 1659  31.36   374.7 131143.  4.03  2.12  -3.10  12.55   1.69 0.00 0.00 0.00  1.11 387.9 254627. 29.55 369.8 121612.
276 21:12:59 0.47 158.08 112.40 -7.22 1659  31.27   361.7 124880. -0.19 -3.07  -4.06   5.37 -11.04 0.06 0.21 0.60  1.05 389.2 326236. 29.36 362.1 144729.
276 21:34:35 0.47 158.12 112.24 -7.22 1659  35.32   363.2 131887.  2.96  0.87  -7.28  10.94  -0.58 0.00 0.00 0.00  1.27 376.4 360540. 31.25 358.7 135217.
276 21:56:11 0.47 158.15 112.07 -7.22 1659  30.77   348.3 143306.  0.00  0.00 -10.05   7.92  -3.29 0.00 0.00 0.00 -1.00  -1.0     -1. 26.03 347.3 126492.
276 22:31:58 0.47 158.20 111.79 -7.22 1659  -1.00    -1.0     -1. -1.00 -1.00  -2.43   9.53   9.85 0.00 0.00 0.00 -1.00  -1.0     -1. -1.00  -1.0     -1.
276 22:42:46 0.47 158.22 111.71 -7.22 1659  29.78   353.5  96973.  0.35  6.26   0.00   0.00   0.00 0.00 0.00 0.00 -1.00  -1.0     -1. 27.40 352.8 117006.
276 22:53:34 0.47 158.23 111.63 -7.22 1659  29.09   381.4  65132.  6.73  0.82   2.29  16.42   0.62 0.41 0.06 0.85  0.83 377.4 261839. 26.01 374.0  59544.
276 23:02:36 0.47 158.25 111.56 -7.22 1659  27.24   378.0  47512.  4.92 -0.21   1.85  15.77  -5.78 0.35 0.15 0.00  0.85 376.0 328744. 23.13 373.0  54594.
276 23:13:24 0.47 158.26 111.48 -7.22 1659  31.83   386.7  57027.  5.64  2.53   3.87  16.73   4.94 0.44 0.23 0.65  0.84 381.3 213307. 29.55 379.6  55016.
276 23:24:12 0.47 158.28 111.40 -7.22 1659  31.98   400.3  57173.  4.59  1.72   9.32  15.89   2.77 0.01 0.01 0.40  0.82 390.2 209811. 29.26 393.6  55071.
276 23:35:00 0.47 158.29 111.31 -7.22 1659  32.31   381.5  54597.  0.00  0.00   5.43  16.86   4.18 0.66 0.12 0.17  0.87 383.8 275443. 29.07 379.2  52430.
276 23:37:22 0.47 158.30 111.29 -7.22 1659  -1.00    -1.0     -1. -1.00 -1.00  -1.55  15.76   4.15 0.37 0.09 0.17 -1.00  -1.0     -1. -1.00  -1.0     -1.
276 23:45:46 0.47 158.31 111.23 -7.22 1659  30.97   359.1  72074.  1.82  5.45  -4.81  12.71   6.90 0.00 0.00 0.00  0.93 360.2 244778. 26.96 357.1  61172.
276 23:56:34 0.47 158.33 111.15 -7.22 1659  29.96   381.5  56958.  2.19 -5.11   3.02   9.90 -13.42 0.05 0.61 0.33  0.80 384.6 298040. 28.59 377.3  56137.
