156  0 10 37 0.83 150.13 263.17  3.76 1655    8.61   454.2  115288.  -1.51   0.35  -4.81  -0.28   -3.84  0.09  0.37  0.00  -1.00   -1.0        -1.   8.48  457.9 141272.
156  0 21 25 0.83 150.13 263.07  3.76 1655    8.55   456.8  115203.   0.61   1.93  -6.46   2.04   -1.23  0.05  0.01  0.20   0.23  472.2    332954.   8.53  452.9 112777.
156  0 32 13 0.83 150.13 262.98  3.76 1655    8.57   452.0  112497.   0.56   3.23  -6.14   2.47    0.88  0.10  0.15  0.00   0.19  487.4    341140.   8.76  453.4 131429.
156  0 43 01 0.83 150.13 262.88  3.76 1655    6.67   487.2   91194.  -0.24   6.72  -0.48  -1.30    5.71  0.24  0.96  0.29   0.23  494.8    513101.   7.22  483.7  96590.
156  0 53 49 0.83 150.13 262.78  3.76 1655    7.23   480.1  119572.  -3.17   3.73  -0.49  -5.92    2.42  0.04  0.19  0.19   0.16  482.5    318583.   7.58  479.7 128074.
156  1 04 37 0.83 150.13 262.68  3.76 1655    7.14   474.1  123526.  -3.57   3.84  -0.82  -6.14    2.70  0.10  0.15  0.00   0.10  501.2    400977.   7.16  476.9 124734.
156  1 15 25 0.83 150.13 262.58  3.76 1655    7.25   478.2  121450.  -4.22   4.63  -0.58  -4.62    2.99  0.37  0.09  0.17   0.07  551.0    443155.   7.49  478.2 120485.
156  1 26 13 0.83 150.13 262.48  3.76 1655    6.85   463.3  203110.  -0.01  -0.01  -3.81  -0.27   -0.92  0.36  0.61  0.45   0.14  495.3    352107.   6.60  462.9 176969.
156  1 37 01 0.83 150.13 262.38  3.75 1655    6.93   457.8   99205.  -4.00   2.28  -4.39  -4.01    1.90  0.00  0.05  0.19   0.12  497.2    468233.   7.14  460.8 114788.
156  1 47 49 0.83 150.13 262.28  3.75 1655    7.18   457.5  107163.  -3.68   3.09  -4.38  -3.98    2.07  0.00  0.00  0.00   0.13  472.1    329329.   6.98  457.7 102008.
156  1 58 37 0.83 150.13 262.18  3.75 1655    7.97   456.2  160685.  -2.56   3.83  -4.16  -2.58    1.62  0.00  0.00  0.00  -1.00   -1.0        -1.   7.58  455.7 148529.
156  2 09 25 0.83 150.13 262.08  3.75 1655    7.33   454.7  179123.  -1.19   2.56  -4.01  -0.54    0.36  0.10  0.24  0.05   0.09  504.4    264996.   6.68  455.6 152950.
156  2 20 13 0.83 150.13 261.98  3.75 1655    6.50   461.7  153607.   1.45   1.56  -2.63   4.44   -1.54  0.25  0.29  0.19   0.07  545.1    320727.   6.83  460.2 151739.
156  2 31 01 0.83 150.13 261.88  3.75 1655    6.45   471.8  134535.   0.40   1.49  -2.90   4.04   -2.01  0.01  0.00  0.20   0.15  504.7    373807.   7.15  474.0 164554.
156  2 41 49 0.83 150.13 261.79  3.75 1655    6.24   482.4  132839.   0.05   1.04  -3.03   4.85   -2.37  0.16  0.11  0.20   0.19  512.5    507747.   6.27  482.2 166266.
156  2 52 37 0.83 150.13 261.69  3.75 1655    6.37   482.1  186520.   1.34   0.62  -2.95   3.27   -1.27  0.25  0.26  0.04   0.21  511.9    367673.   6.19  482.9 174406.
156  3 03 25 0.83 150.13 261.59  3.75 1655    5.50   489.0  110850.   0.00   1.00   1.54   4.55   -2.77  0.08  1.16  0.15   0.15  486.2    332902.   5.58  490.7  99815.
156  3 14 13 0.83 150.13 261.49  3.75 1655   -1.00    -1.0      -1.  -1.00  -1.00   0.35   6.13   -2.24  0.30  0.10  0.01  -1.00   -1.0        -1.  -1.00   -1.0     -1.
156  3 35 50 0.83 150.13 261.29  3.75 1655    6.13   466.8  121112.  -0.73   1.46  -8.93   3.85   -2.67  0.10  0.24  0.05  -1.00   -1.0        -1.   6.21  465.3 133031.
156  3 46 38 0.83 150.13 261.19  3.75 1655    7.57   463.9  182099.  -1.11   2.18  -4.12   3.14   -0.33  0.09  0.19  0.00  -1.00   -1.0        -1.   7.66  463.9 153808.
156  3 57 26 0.83 150.13 261.09  3.74 1655    7.26   475.7  162147.  -4.39   2.80  -1.72  -3.59    1.07  0.25  0.10  0.01   0.19  477.4    265165.   6.99  473.1 137095.
156  4 08 14 0.83 150.13 260.99  3.74 1655    7.09   466.1  158242.  -4.25   2.85  -2.87  -3.44    0.85  0.00  0.05  0.20  -1.00   -1.0        -1.   7.05  467.0 145446.
156  4 19 02 0.83 150.13 260.89  3.74 1655    7.39   467.9  121528.  -3.75   3.09  -3.78  -2.51   -0.33  0.00  0.05  0.19   0.17  500.2    341569.   7.39  470.3 162196.
156  4 29 50 0.83 150.13 260.79  3.74 1655    6.43   459.8  150410.  -4.00   2.92  -4.92  -1.81    0.89  0.09  0.19  0.22   0.13  521.7    335943.   6.24  462.2 128584.
156  4 40 38 0.83 150.13 260.69  3.74 1655    6.28   458.6  136019.  -3.91   1.60  -4.03  -2.63   -0.65  0.35  0.25  0.01   0.19  494.2    466427.   6.25  455.7 129445.
156  4 51 26 0.83 150.13 260.60  3.74 1655    6.48   457.5  130780.  -3.81   2.57  -4.63  -1.59    1.30  0.00  0.00  0.00   0.12  484.6    319440.   6.41  459.1 123740.
156  5 02 14 0.84 150.13 260.50  3.74 1655    6.68   459.8  122148.  -3.63   0.90  -4.21  -1.78   -0.43  0.00  0.00  0.19   0.10  500.5    256615.   6.45  458.2 106725.
156  5 13 02 0.84 150.13 260.40  3.74 1655    6.65   452.4  115778.  -2.21   1.85  -4.56  -0.50    0.22  0.19  0.40  0.37   0.08  495.3    286878.   6.50  457.2 129094.
156  5 23 50 0.84 150.13 260.30  3.74 1655    6.80   459.3  127164.  -3.07  -0.01  -4.56  -2.38    0.89  0.20  0.10  0.36   0.16  476.5    364958.   6.67  457.1 119875.
156  5 34 38 0.84 150.13 260.20  3.74 1655    7.52   470.7   77908.   0.00   0.00  -0.70  -5.96   -2.25  0.05  0.00  0.19   0.16  460.1    359357.   7.18  469.1  85045.
156  5 45 26 0.84 150.13 260.10  3.74 1655    7.65   468.6  114378.  -3.96  -0.25  -1.12  -3.95   -2.97  0.00  0.00  0.20   0.20  463.6    348988.   7.30  468.5 106312.
156  5 56 14 0.84 150.13 260.00  3.74 1655    6.97   454.2  149653.  -1.67   2.36 -10.29   0.42    1.63  0.17  0.09  0.17   0.16  483.5    380291.   7.09  454.3 127957.
156  6 28 35 0.84 150.13 259.70  3.73 1655    7.44   461.4  140220.  -3.57   0.93  -4.62  -2.38    0.31  0.39  0.31  0.76   0.05  561.7    172675.   7.37  463.4 164323.
156  6 39 23 0.84 150.13 259.60  3.73 1655    7.76   463.7  176008.  -2.50   0.82  -4.59  -0.19   -1.63  0.16  0.45  0.22  -1.00   -1.0        -1.   7.39  466.9 145258.
156  6 50 11 0.84 150.13 259.51  3.73 1655   -1.00    -1.0      -1.  -1.00  -1.00  -4.49  -3.06   -1.18  0.21  0.16  0.19  -1.00   -1.0        -1.   7.08  453.9 112796.
156  7 02 11 0.84 150.13 259.40  3.73 1655    7.30   453.6  126362.  -4.52   0.32  -4.72   2.93   -0.10  0.00  0.00  0.00   0.14  481.2    364464.   7.36  456.2 145034.
156  7 11 50 0.84 150.13 259.31  3.73 1655    7.83   458.3  138066.  -5.79   0.24   0.00   0.00    0.00  0.00  0.00  0.00   0.17  478.8    308344.   7.64  461.3 121226.
156  7 22 38 0.84 150.13 259.21  3.73 1655    7.51   475.6  131556.  -5.08   0.38   0.00   0.00    0.00  0.00  0.00  0.00   0.18  487.3    323326.   7.45  474.7 127993.
156  7 33 26 0.84 150.13 259.11  3.73 1655    6.81   484.7  180325.  -4.13   1.15   0.00   0.00    0.00  0.00  0.00  0.00   0.20  505.5    445987.   6.92  484.2 168267.
156  7 44 14 0.84 150.13 259.01  3.73 1655    6.80   479.7  203691.  -4.03  -0.75   0.00   0.00    0.00  0.00  0.00  0.00   0.23  513.0    511021.   7.16  481.5 210779.
156  7 55 02 0.84 150.13 258.91  3.73 1655    7.06   476.5  201203.  -2.09   0.30   0.00   0.00    0.00  0.00  0.00  0.00  -1.00   -1.0        -1.   6.98  476.0 188160.
156  8 05 50 0.84 150.13 258.81  3.73 1655    7.05   475.0  171509.  -0.12  -0.69  -4.72   2.93   -0.10  0.00  0.00  0.00   0.20  515.9    523145.   7.08  476.8 187098.
156  8 16 38 0.84 150.13 258.71  3.73 1655    6.71   490.3  189534.  -0.06  -0.25  -3.44   3.30   -1.24  0.17  0.20  0.19   0.15  511.9    432071.   6.48  487.9 162865.
156  8 27 26 0.84 150.13 258.61  3.73 1655   -1.00    -1.0      -1.  -1.00  -1.00  -1.83   5.33   -0.39  0.10  0.20  0.00  -1.00   -1.0        -1.  -1.00   -1.0     -1.
156  8 38 11 0.84 150.13 258.51  3.72 1655    8.16   480.9  162579.  -1.43  -0.60  -2.37  -0.13   -6.98  0.00  0.00  0.00   0.20  506.6    463750.   7.81  481.6 147318.
156  8 48 59 0.84 150.13 258.42  3.72 1655    6.40   489.9  120229.  -1.90  -2.72  -2.24   0.20   -7.31  0.09  0.24  0.24   0.17  500.9    530408.   6.12  488.0  95794.
156  8 59 47 0.84 150.13 258.32  3.72 1655    6.57   506.0  155767.  -0.99  -1.42   1.25   1.76   -5.02  0.05  0.20  0.20  -1.00   -1.0        -1.   6.56  504.0 168062.
156  9 10 35 0.84 150.13 258.22  3.72 1655    5.34   487.2  148341.   0.89  -0.05  -2.29   4.76    0.48  0.42  0.67  1.33   0.20  509.5    569377.   5.65  485.8 165694.
156  9 21 26 0.84 150.13 258.12  3.72 1655    6.73   512.2  247841.  -0.82   0.96   1.34   2.54   -1.95  2.77  1.38  1.41   0.14  536.5    455187.   6.82  516.8 246314.
156  9 32 14 0.84 150.13 258.02  3.72 1655    5.78   506.2  167620.   0.44   1.19   2.33   5.96   -0.69  0.12  0.25  0.00  -1.00   -1.0        -1.   5.19  505.8 135682.
156  9 43 02 0.84 150.13 257.92  3.72 1655    5.58   510.1  127999.   0.02   0.64   1.98   6.43   -0.33  0.00  0.00  0.00   0.19  509.3    398872.   5.40  508.7 109421.
156  9 53 50 0.84 150.13 257.82  3.72 1655   -1.00    -1.0      -1.  -1.00  -1.00   3.31   5.64   -2.92  0.20  0.10  0.21  -1.00   -1.0        -1.  -1.00   -1.0     -1.
156 10 04 35 0.84 150.13 257.72  3.72 1655    5.47   520.8  102476.   0.43  -0.41   0.00   0.00    0.00  0.00  0.00  0.00   0.14  510.3    435293.   5.79  518.4 136159.
156 10 15 23 0.84 150.13 257.62  3.72 1655    5.25   523.6  121677.  -0.49  -1.47   3.60   5.63   -3.89  0.16  0.21  0.14   0.16  509.0    454524.   5.01  521.3 102060.
156 10 26 11 0.84 150.13 257.52  3.72 1655    5.56   494.2  125641.   1.52  -0.05  -1.27   6.85   -1.92  0.09  0.28  0.04   0.23  488.7    578018.   5.58  492.3 127811.
156 10 36 59 0.84 150.13 257.42  3.72 1655    5.67   480.2  231820.  -2.58   2.16  -5.00   3.34    0.40  0.01  0.00  0.20  -1.00   -1.0        -1.   6.08  478.1 204763.
156 10 47 50 0.84 150.13 257.32  3.71 1655    5.71   484.6  214369.  -1.32   1.90  -5.00   2.44    0.30  0.00  0.00  0.00  -1.00   -1.0        -1.   5.49  483.9 185851.
156 10 58 38 0.84 150.13 257.22  3.71 1655    5.79   489.9  233493.  -3.08   2.36  -4.41  -0.19    0.68  0.28  0.09  0.05  -1.00   -1.0        -1.   6.04  487.5 215977.
156 11 09 26 0.84 150.13 257.13  3.71 1655    6.04   487.9  221834.  -2.51  -0.30  -4.63   1.26   -2.16  0.15  0.40  0.00   0.18  525.1    680617.   5.72  485.8 186377.
156 11 20 14 0.84 150.13 257.03  3.71 1655    5.67   483.5  201385.  -2.58   1.63  -4.44   2.94    0.31  0.10  0.20  0.20   0.17  497.1    304939.   5.85  482.3 209126.
156 11 31 02 0.84 150.13 256.93  3.71 1655    6.03   492.5  184360.   0.00   0.00  -2.53   4.01    0.04  0.14  0.09  0.00   0.19  506.3    386606.   5.65  491.4 166529.
156 11 41 50 0.84 150.13 256.83  3.71 1655    6.68   497.1  198188.  -5.55  -1.31  -2.84   1.03   -3.27  0.09  0.19  0.19  -1.00   -1.0        -1.   6.41  501.2 173006.
156 11 52 38 0.84 150.13 256.73  3.71 1655    6.19   499.9  143150.  -0.66   1.41  -6.45   4.30    0.04  0.15  0.10  0.00   0.17  521.0    428212.   5.98  497.9 136971.
156 12 03 26 0.84 150.13 256.63  3.71 1655    7.28   522.9  156702.  -3.04   3.29   3.42   3.64    1.37  0.70  0.10  0.04  -1.00   -1.0        -1.   6.28  523.5 164820.
156 12 14 14 0.84 150.13 256.53  3.71 1655    6.48   501.5  115593.  -0.11  -1.02   0.48   5.39   -2.96  0.49  0.37  0.55   0.18  504.7    363619.   5.83  502.7  97334.
156 12 25 02 0.84 150.13 256.43  3.71 1655    5.99   506.0   86643.   0.05   3.47   2.17   5.12    2.76  0.09  0.17  0.19   0.13  503.6    550731.   5.78  505.9  98523.
156 12 35 50 0.84 150.13 256.33  3.71 1655    6.07   482.7  117919.   0.30   2.36  -1.32   5.83    0.69  0.35  0.15  0.01   0.17  484.4    263541.   5.85  484.5 120310.
156 12 46 38 0.84 150.13 256.23  3.71 1655    6.28   499.5   87777.   1.82   0.07   0.05   6.37   -0.99  0.00  0.00  0.00   0.21  504.7    347910.   6.15  495.9  87276.
156 12 57 26 0.84 150.13 256.13  3.71 1655    5.74   500.1  109749.   0.82  -0.74   1.18   5.95   -3.54  0.30  0.25  0.23   0.15  505.1    343388.   5.98  498.8 105952.
156 13 08 14 0.84 150.13 256.03  3.70 1655    6.31   505.2  101423.  -0.72  -2.19   1.92   3.06   -6.05  0.00  0.42  0.19   0.18  499.1    424522.   6.22  505.5 121444.
156 13 19 02 0.84 150.13 255.93  3.70 1655    6.17   499.8  129467.  -4.79  -2.29   1.22   0.39   -6.26  0.50  0.85  0.16  -1.00   -1.0        -1.   6.07  498.4 128463.
156 13 29 50 0.84 150.13 255.84  3.70 1655    6.26   499.7  129198.  -4.39  -1.05   0.91  -0.86   -5.62  0.00  0.00  0.00   0.16  484.6    414062.   6.14  500.8 121794.
156 13 40 38 0.84 150.13 255.74  3.70 1655    6.65   487.8  204279.  -6.28   1.63  -0.46  -0.51    0.05  0.71  0.33  1.14  -1.00   -1.0        -1.   6.52  484.7 207632.
156 13 51 26 0.84 150.13 255.64  3.70 1655    6.21   514.6  208363.  -6.26  -0.93   0.40  -0.47   -2.50  2.04  0.93  0.21  -1.00   -1.0        -1.   5.96  517.4 188225.
156 14 02 14 0.84 150.13 255.54  3.70 1655    5.35   468.6  117182.   0.22   2.16  -3.92   5.00    0.17  0.16  0.06  0.20   0.13  519.5    430901.   5.38  465.2 108268.
156 14 13 02 0.84 150.13 255.44  3.70 1655    5.37   515.9  117542.  -0.37   1.35  -0.59   4.68   -1.69  0.15  0.35  0.00  -1.00   -1.0        -1.   5.35  516.7 120927.
156 14 23 50 0.84 150.13 255.34  3.70 1655    5.71   463.4  134658.   0.00   1.14  -4.39   3.56   -0.35  0.05  0.19  0.00   0.13  499.8    552992.   5.76  462.9 149744.
156 14 34 38 0.84 150.13 255.24  3.70 1655    5.98   487.2  105867.  -1.01  -2.76  -0.65   4.72   -3.29  0.11  0.35  0.86   0.15  487.6    292894.   5.77  485.5 103782.
156 14 45 26 0.84 150.13 255.14  3.70 1655    5.98   472.2  135899.   0.49   0.75  -3.75   3.42   -0.54  0.11  0.25  0.20   0.23  488.6    550211.   6.04  478.0 157216.
156 14 56 14 0.84 150.13 255.04  3.70 1655    5.85   512.9   93647.   1.01  -0.21   3.17   5.58   -1.84  0.30  0.10  0.01   0.18  501.5    297039.   6.17  513.2 109921.
156 15 07 02 0.84 150.13 254.94  3.70 1655    5.71   467.3  125283.  -0.87   1.58  -4.99   2.91    0.46  0.09  0.19  0.33  -1.00   -1.0        -1.   5.83  468.9 131735.
156 15 17 50 0.84 150.13 254.84  3.70 1655    6.69   468.0  142331.  -1.01   3.18  -3.09   3.48    2.69  0.21  0.52  0.54   0.12  490.5    211838.   6.66  466.7 131618.
156 15 28 38 0.84 150.13 254.74  3.69 1655    6.79   457.8  114154.  -0.92   1.72  -5.05   3.01   -0.34  0.00  0.00  0.00   0.15  494.1    515985.   6.64  456.7 105445.
156 15 39 26 0.84 150.13 254.64  3.69 1655    6.40   476.4  113888.   0.40   2.57  -2.49   4.42    0.41  0.42  0.13  0.98   0.11  492.2    295142.   6.22  476.2 105218.
156 15 50 12 0.84 150.13 254.54  3.69 1655    5.27   522.9   91356.  -0.71  -0.81   5.69   3.50   -3.49  0.21  0.16  0.33   0.16  508.7    338515.   5.45  520.5  95242.
156 16 01 00 0.84 150.13 254.45  3.69 1655    5.94   518.8   88793.  -0.83  -0.23   6.39   4.08   -2.68  0.20  0.10  0.40   0.12  495.7    276509.   5.72  522.4  87429.
156 19 57 23 0.84 150.13 252.27  3.68 1655    6.49   455.5  141087.  -4.10  -0.39  -5.34   1.11   -0.19  0.00  0.00  0.00   0.15  483.3    489673.   6.54  454.8 125732.
156 20 08 11 0.84 150.13 252.17  3.67 1655    5.84   455.4  185474.  -1.39   1.02  -4.56   1.23    1.29  0.16  0.21  0.38   0.16  486.6    348780.   6.32  452.6 184590.
156 20 09 25 0.84 150.13 252.16  3.67 1655    6.39   453.3  154484.  -2.30   1.97  -5.09   0.10    1.14  0.09  0.28  0.19   0.18  471.0    388386.   6.16  454.6 136289.
156 20 20 13 0.84 150.13 252.07  3.67 1655    5.81   454.6  124653.  -2.83   3.39  -3.98  -1.11    3.01  0.14  0.28  0.33   0.16  479.1    272754.   5.76  460.0 126485.
156 20 31 01 0.84 150.13 251.97  3.67 1655    6.10   454.5  119920.  -1.94   3.85  -3.28   1.44    2.96  0.10  0.25  0.00   0.13  478.0    277613.   6.15  454.4 119079.
156 20 41 49 0.84 150.13 251.87  3.67 1655    5.80   462.3  100608.   0.17   2.31  -2.17   3.94    2.62  0.15  0.09  0.18   0.20  490.6    258941.   6.26  461.7 100260.
156 20 52 37 0.84 150.13 251.77  3.67 1655    6.52   461.1  109259.  -0.71   2.97  -1.88   3.21    2.89  0.20  0.10  0.01   0.21  472.9    269570.   6.47  461.3 115284.
156 21 03 25 0.84 150.13 251.67  3.67 1655    5.67   464.3  102674.  -0.84   3.07  -2.41   2.21    2.81  0.10  0.28  0.23   0.17  491.9    238905.   6.00  466.7 114144.
156 21 14 13 0.84 150.13 251.57  3.67 1655    6.16   454.6  115769.  -1.25   2.75  -3.32   1.92    2.16  0.05  0.20  0.00   0.20  469.9    316608.   5.90  453.6 119365.
156 21 25 01 0.84 150.13 251.47  3.67 1655    5.12   455.8  110659.  -1.22   1.61  -2.14   1.78    3.13  0.16  0.05  0.25   0.17  453.7    310176.   5.30  454.7 140502.
156 21 35 49 0.84 150.13 251.37  3.67 1655    5.84   474.3   88725.   0.40   2.35   0.63   4.63    2.46  0.21  0.16  0.19   0.19  469.5    261592.   5.99  471.8  86279.
156 21 46 37 0.84 150.13 251.27  3.67 1655    6.10   481.5   88881.   1.16   2.32   0.16   5.01    2.48  0.29  0.12  0.19   0.22  475.0    448911.   6.17  482.5  82472.
156 21 57 25 0.84 150.13 251.17  3.67 1655    6.43   481.0   72951.   1.20   2.00   0.13   5.45    1.95  0.20  0.10  0.01   0.22  489.3    412879.   6.20  479.4  73149.
156 22 08 13 0.84 150.13 251.07  3.67 1655    6.69   466.2   97512.   2.00   1.70  -0.96   5.36    1.03  0.01  0.00  0.20   0.19  459.4    301899.   6.98  464.5 120511.
156 22 19 01 0.84 150.13 250.97  3.66 1655    6.36   466.4   92519.   0.90   2.59  -1.27   4.35    2.82  0.00  0.00  0.00   0.21  468.5    328952.   6.71  464.4  94082.
156 22 29 49 0.84 150.13 250.87  3.66 1655    7.70   460.2  117117.   0.20   1.72  -2.24   3.03    0.90  0.14  0.05  0.00   0.22  476.4    512763.   7.42  461.6 122581.
156 22 40 37 0.84 150.13 250.77  3.66 1655    6.24   487.8   76829.   0.36  -1.15   0.72   4.59   -0.26  0.26  0.31  0.60   0.21  486.0    471143.   6.19  487.2  96047.
156 22 51 25 0.84 150.13 250.67  3.66 1655    6.65   458.4  106822.   0.07   3.09  -3.76   3.52    2.14  0.10  0.25  0.05   0.16  481.8    294856.   6.39  460.5 115125.
156 23 02 13 0.84 150.13 250.58  3.66 1655    6.60   460.1  120664.   0.43   2.67  -4.26   3.35    1.78  0.28  0.33  0.00   0.19  484.3    423859.   6.74  455.4 116444.
156 23 13 01 0.84 150.13 250.48  3.66 1655    6.93   457.7  115723.   0.53   2.01  -3.84   4.40    0.78  0.16  0.22  0.19  -1.00   -1.0        -1.   7.03  458.3 115882.
156 23 23 49 0.84 150.13 250.38  3.66 1655    6.81   494.4   86068.   1.82  -0.07   2.69   5.28   -1.57  0.30  0.25  0.50   0.24  493.9    474691.   7.59  495.5 105786.
156 23 34 35 0.84 150.13 250.28  3.66 1655    7.07   496.3  111006.  -0.24   0.13   4.44   4.52   -1.33  0.26  0.10  0.45   0.17  489.2    348716.   6.90  495.9  98750.
156 23 45 25 0.84 150.13 250.18  3.66 1655    7.40   471.5  116691.   0.64   1.17  -2.44   4.82    0.83  0.00  0.00  0.00   0.13  483.7    526133.   6.73  471.7  96187.
156 23 56 13 0.84 150.13 250.08  3.66 1655    8.03   491.3  136442.  -0.18   0.00   1.19   4.11   -3.86  0.98  0.17  0.86   0.13  494.2    352302.   7.24  490.1 125459.
