158  0 06 59 0.85 150.13 236.74  3.55 1655    6.70   434.2  124919.  -2.70   0.29   3.16  -2.09   -1.12  0.00  0.00  0.00  -1.00   -1.0        -1.   6.54  434.6 105835.
158  0 14 13 0.85 150.13 236.67  3.55 1655    7.34   434.9   90626.  -3.27   0.49   4.22  -1.72   -1.07  0.20  0.12  0.19   0.18  430.2    210292.   6.81  432.3 103606.
158  0 25 01 0.85 150.13 236.57  3.55 1655    7.10   434.7   96716.  -2.91   0.74   4.45  -2.19   -0.80  0.16  0.22  0.00   0.22  434.3    375847.   6.81  437.2  90781.
158  0 35 49 0.85 150.13 236.47  3.55 1655    5.31   383.4   48990.   1.99   1.87  -3.92   2.70    0.11  0.15  0.10  0.00  -1.00   -1.0        -1.   5.43  381.9  47684.
158  0 46 37 0.85 150.13 236.37  3.55 1655    5.29   380.0   47980.   0.83   3.17  -3.94   1.79    1.38  0.15  0.10  0.05  -1.00   -1.0        -1.   5.42  379.4  70797.
158  0 57 25 0.85 150.13 236.27  3.55 1655    7.01   402.7  111818.   0.84   1.35  -2.64   1.53    0.28  0.18  0.05  0.19  -1.00   -1.0        -1.   6.66  398.9 106757.
158  1 08 13 0.85 150.13 236.17  3.55 1655    5.12   380.9   48545.   0.98   1.44  -4.31   2.10    0.09  0.05  0.00  0.19   0.10  392.4    111799.   5.14  381.9  53707.
158  1 19 01 0.85 150.13 236.07  3.55 1655    6.17   378.3   67263.   1.18   1.72  -3.09   1.31    0.55  0.00  0.00  0.00   0.22  373.3    164697.   5.88  378.2  60220.
158  1 29 49 0.85 150.13 235.98  3.55 1655    6.41   393.8   72632.   2.83  -0.82  -1.67   3.47   -0.92  0.11  0.25  0.20   0.17  392.9    205030.   6.24  391.6  70111.
158  1 40 37 0.85 150.13 235.88  3.55 1655    6.20   380.2   50309.   2.30  -0.52  -3.34   2.96   -1.04  0.19  0.05  0.00  -1.00   -1.0        -1.   5.50  378.4  44436.
158  1 51 25 0.85 150.13 235.78  3.55 1655    6.29   387.2   46820.   3.52  -1.30  -1.34   4.30   -1.97  0.74  0.33  0.04  -1.00   -1.0        -1.   5.73  388.2  43591.
158  2 02 13 0.85 150.13 235.68  3.55 1655    5.51   381.6   52489.   3.71  -0.11  -2.54   3.78   -0.71  0.35  0.15  0.01  -1.00   -1.0        -1.   5.43  380.7  42548.
158  2 13 01 0.85 150.13 235.58  3.54 1655    5.58   365.4   56117.   0.34   0.79  -4.33   1.09    0.13  0.09  0.19  0.19  -1.00   -1.0        -1.   5.35  365.7  41275.
158  2 23 49 0.85 150.12 235.48  3.54 1655    5.72   374.2   66642.   1.38   1.25  -3.80   2.32    0.17  0.20  0.10  0.00  -1.00   -1.0        -1.   5.33  374.2  53983.
158  2 34 37 0.85 150.12 235.38  3.54 1655    5.79   372.2   54866.   1.63   1.05  -3.60   2.42   -0.23  0.00  0.00  0.00  -1.00   -1.0        -1.   5.44  370.1  44153.
158  2 45 25 0.85 150.12 235.28  3.54 1655    5.71   376.6   66502.   0.96   0.20  -3.80   2.72   -0.23  0.00  0.00  0.00   0.10  372.5     63553.   5.08  377.0  47613.
158  2 56 13 0.85 150.12 235.18  3.54 1655    5.67   380.3   69371.   0.59   0.77  -3.33   2.77    0.40  0.10  0.15  0.20   0.17  367.0    117126.   5.59  376.5  51881.
158  3 07 01 0.85 150.12 235.08  3.54 1655    5.79   366.7   44738.   1.33   3.27  -3.32   2.44    2.20  0.09  0.24  0.00  -1.00   -1.0        -1.   5.96  368.1  48376.
158  3 17 49 0.85 150.12 234.98  3.54 1655    5.66   369.2   63481.   0.58   0.25  -4.42   2.12   -0.12  0.00  0.00  0.00  -1.00   -1.0        -1.   5.20  368.0  44507.
158  3 28 38 0.85 150.12 234.88  3.54 1655    5.42   368.2   81176.   0.20   0.36  -4.52   1.78   -0.32  0.11  0.26  0.20  -1.00   -1.0        -1.   5.26  366.0  62643.
158  3 39 26 0.85 150.12 234.78  3.54 1655    5.51   374.6   98071.  -0.19  -0.77  -4.41   2.04   -0.90  0.00  0.00  0.00  -1.00   -1.0        -1.   5.22  373.0  75761.
158  3 50 12 0.85 150.12 234.68  3.54 1655   -1.00    -1.0      -1.  -1.00  -1.00  -4.50   0.53   -2.38  0.16  0.21  0.19  -1.00   -1.0        -1.   4.94  367.3  63745.
158  4 02 12 0.85 150.12 234.57  3.54 1655    5.85   368.0   67743.   0.25  -1.36  -4.11   1.26   -2.10  0.00  0.00  0.00  -1.00   -1.0        -1.   5.04  369.3  64911.
158  4 13 00 0.85 150.12 234.48  3.54 1655   -1.00    -1.0      -1.  -1.00  -1.00  -3.56   1.53   -3.09  0.17  0.05  0.22  -1.00   -1.0        -1.   5.16  362.0  40434.
158  4 23 48 0.85 150.12 234.38  3.54 1655   -1.00    -1.0      -1.  -1.00  -1.00  -3.96   0.14    0.34  0.00  0.00  0.00  -1.00   -1.0        -1.   5.04  359.4  49532.
158  4 34 36 0.85 150.12 234.28  3.53 1655    5.11   373.7   81978.   0.00   0.00   0.00   0.00    0.00  0.00  0.00  0.00  -1.00   -1.0        -1.  -1.00   -1.0     -1.
158  4 45 24 0.85 150.12 234.18  3.53 1655    5.18   354.6   82085.   0.00   0.00   0.00   0.00    0.00  0.00  0.00  0.00  -1.00   -1.0        -1.  -1.00   -1.0     -1.
158  4 56 12 0.85 150.12 234.08  3.53 1655    6.02   350.0   63390.  -0.68   1.44  -4.20   0.01    0.60  0.17  0.09  0.19  -1.00   -1.0        -1.   5.62  350.4  46814.
158  5 07 00 0.85 150.12 233.98  3.53 1655    5.51   354.4   77398.   0.54  -0.71  -4.41   0.14    0.13  0.05  0.20  0.20  -1.00   -1.0        -1.   5.08  351.1  66470.
158  5 16 38 0.85 150.12 233.89  3.53 1655    5.45   351.2   63972.  -0.46   1.40  -4.33   0.24   -0.07  0.12  0.22  0.00  -1.00   -1.0        -1.   5.22  354.2  71849.
158  5 27 26 0.85 150.12 233.79  3.53 1655    5.88   350.6   91519.   0.23  -0.58  -4.36   0.85   -0.47  0.01  0.00  0.01  -1.00   -1.0        -1.   5.32  349.9  73045.
158  5 38 14 0.85 150.12 233.69  3.53 1655    5.64   351.3   67864.   0.74   1.34  -3.92   1.44    0.30  0.15  0.10  0.05  -1.00   -1.0        -1.   5.44  351.7  74013.
158  5 49 02 0.85 150.12 233.59  3.53 1655    5.72   352.9   74984.  -0.35   1.81  -3.74   1.15    1.17  0.15  0.10  0.01  -1.00   -1.0        -1.   5.80  351.1  64443.
158  5 59 50 0.85 150.12 233.49  3.53 1655    5.99   349.5   66691.   0.26   1.45  -3.89   1.06    0.76  0.00  0.00  0.00  -1.00   -1.0        -1.   5.60  351.5  66135.
158  6 10 38 0.85 150.12 233.39  3.53 1655    5.80   352.0   85246.  -0.59   1.43  -3.92   0.93    0.49  0.09  0.19  0.19  -1.00   -1.0        -1.   5.34  350.6  72837.
158  6 21 26 0.85 150.12 233.29  3.53 1655    5.68   348.5   64794.   1.10   1.44  -3.88   1.96   -0.13  0.00  0.00  0.00  -1.00   -1.0        -1.   5.28  347.8  48652.
158  6 32 14 0.85 150.12 233.19  3.53 1655    5.38   355.7   75712.   0.33   0.60  -3.72   0.83    0.38  0.09  0.24  0.00  -1.00   -1.0        -1.   5.54  354.2  62546.
158  6 43 02 0.85 150.12 233.09  3.53 1655    5.83   357.9   62289.   1.41   1.31  -2.90   2.21    1.11  0.10  0.25  0.01  -1.00   -1.0        -1.   4.97  359.3  55506.
158  6 53 50 0.85 150.12 232.99  3.52 1655    6.08   357.5   41697.   1.68   0.99  -2.05   2.48    1.72  0.12  0.21  0.15   0.16  364.5    209707.   6.35  359.1  41194.
158  7 04 38 0.85 150.12 232.89  3.52 1655    5.41   349.2   72694.  -0.30  -0.56  -4.20   0.46   -0.02  0.00  0.00  0.00  -1.00   -1.0        -1.   5.14  349.2  52310.
158  7 15 26 0.85 150.12 232.80  3.52 1655    6.02   382.6   35226.   2.86   0.66   2.47   3.95    1.71  0.20  0.10  0.01   0.13  390.8    140333.   5.77  381.5  28729.
158  7 26 14 0.85 150.12 232.70  3.52 1655    6.46   372.1   34447.   2.28   1.40   1.86   2.65    2.79  0.22  0.16  0.22   0.11  380.2    137267.   6.32  373.3  32978.
158  7 37 02 0.85 150.12 232.60  3.52 1655    5.22   351.4   42568.  -4.18  -0.41  -2.24  -2.08    1.87  0.22  0.59  0.38  -1.00   -1.0        -1.   5.65  349.6  37247.
158  7 47 50 0.85 150.12 232.50  3.52 1655    6.07   356.1   40057.   1.60   1.11  -1.45   1.95    2.65  0.30  0.10  0.01   0.15  352.8    127028.   5.74  355.0  35382.
158  7 58 38 0.85 150.12 232.40  3.52 1655    5.99   357.8   34690.   1.38   1.68  -0.96   2.46    2.85  0.01  0.01  0.20   0.13  362.3    128054.   5.27  357.5  25598.
158  8 09 26 0.85 150.12 232.30  3.52 1655    6.46   368.2   31130.   1.83   1.84   0.35   2.74    2.72  0.30  0.29  0.18   0.16  370.8    204588.   5.84  366.8  25435.
158  8 20 14 0.85 150.12 232.20  3.52 1655    6.40   358.8   35649.   0.57   2.44  -1.63   1.30    3.12  0.19  0.05  0.04   0.17  356.8    179211.   6.28  359.0  35116.
158  8 31 02 0.85 150.12 232.10  3.52 1655    6.05   353.9   55948.   2.55  -0.29  -2.64   2.53    0.70  0.21  0.05  0.05  -1.00   -1.0        -1.   5.78  352.4  47272.
158  8 41 50 0.85 150.12 232.00  3.52 1655    6.00   348.4   40044.  -0.32   2.11  -2.87  -0.13    2.85  0.00  0.00  0.00  -1.00   -1.0        -1.   6.14  346.0  35009.
158  8 52 38 0.85 150.12 231.90  3.52 1655    6.41   342.7   36198.   0.24   1.05  -3.72   0.48    1.37  0.09  0.14  0.19   0.15  346.7    151547.   6.57  342.4  43676.
158  9 03 26 0.85 150.12 231.80  3.52 1655    5.93   346.8   42045.   0.00   0.00  -3.44   2.68    0.36  0.00  0.00  0.00   0.20  338.8    187098.   6.02  344.8  40924.
158  9 14 14 0.85 150.12 231.70  3.51 1655    6.14   352.5   50835.   3.13  -0.19  -2.45   3.48    0.28  0.00  0.00  0.00  -1.00   -1.0        -1.   6.03  350.2  40687.
158  9 25 02 0.85 150.12 231.60  3.51 1655    5.94   351.4   41710.   2.87  -1.88  -2.52   3.39   -1.72  0.00  0.00  0.00   0.15  343.6    161916.   5.78  348.4  37010.
158  9 35 50 0.85 150.12 231.50  3.51 1655    5.67   355.7   37283.   2.74   1.50  -1.98   3.17    1.77  0.22  0.16  0.18   0.14  350.4    133616.   5.76  354.2  33716.
158  9 46 38 0.85 150.12 231.40  3.51 1655    5.58   348.6   41931.   3.00  -0.04  -3.05   2.78    0.12  0.00  0.00  0.19  -1.00   -1.0        -1.   5.47  346.5  37474.
158  9 57 26 0.85 150.12 231.30  3.51 1655    5.83   345.3   66649.   2.19  -1.65  -3.84   1.54   -1.23  0.01  0.05  0.40  -1.00   -1.0        -1.   5.60  341.1  55419.
158 10 08 14 0.85 150.12 231.20  3.51 1655    5.97   340.2   54795.   1.84  -0.71  -3.65   2.10   -0.81  0.00  0.00  0.00  -1.00   -1.0        -1.   5.09  338.1  41116.
158 10 19 02 0.85 150.12 231.10  3.51 1655    5.78   344.5   58940.   2.72  -0.79  -3.39   2.23   -0.27  0.18  0.09  0.38  -1.00   -1.0        -1.   5.59  341.0  48789.
158 10 29 50 0.85 150.12 231.01  3.51 1655    5.89   353.9   35843.   3.23  -2.68  -1.73   3.42   -2.47  0.00  0.00  0.00   0.09  368.7    131667.   5.77  350.7  32559.
158 10 40 38 0.85 150.12 230.91  3.51 1655    5.95   347.6   55932.   2.69  -0.49  -2.76   2.91   -0.89  0.00  0.00  0.00  -1.00   -1.0        -1.   5.89  344.6  41918.
158 10 51 26 0.85 150.12 230.81  3.51 1655    6.15   354.8   39079.   3.48  -0.28  -1.47   4.01   -0.57  0.00  0.00  0.00   0.13  360.3     60382.   5.82  355.0  41535.
158 11 02 14 0.85 150.12 230.71  3.51 1655    6.28   347.4   55860.   2.62  -2.26  -3.17   1.72   -2.38  0.25  0.29  0.00  -1.00   -1.0        -1.   5.72  346.0  43523.
158 11 13 02 0.85 150.12 230.61  3.51 1655    5.62   352.3   39440.  -0.31   3.53  -1.30  -0.15    3.50  0.24  0.09  0.19  -1.00   -1.0        -1.   5.76  352.9  48253.
158 11 23 50 0.85 150.12 230.51  3.51 1655    6.46   357.5   40063.   3.48  -0.98  -1.98   3.30   -0.06  0.40  0.20  0.01   0.23  359.0     91243.   5.82  354.9  30328.
158 11 34 38 0.85 150.12 230.41  3.50 1655    6.46   351.2   45219.   0.00   0.00  -2.38   3.11   -1.26  0.01  0.00  0.40   0.14  360.5    157316.   5.66  351.1  43997.
158 11 45 26 0.85 150.12 230.31  3.50 1655    6.07   344.3   81345.  -0.26  -2.05  -3.68   1.21   -0.69  0.00  0.00  0.00  -1.00   -1.0        -1.   6.25  340.9  68273.
158 11 56 14 0.85 150.12 230.21  3.50 1655    6.22   341.8   65245.   0.72  -2.07  -3.79  -1.96   -3.35  0.00  0.00  0.00  -1.00   -1.0        -1.   6.40  341.1  67107.
158 12 07 02 0.85 150.12 230.11  3.50 1655    6.57   347.5   60194.  -2.04  -3.48   0.00   0.00    0.00  0.00  0.00  0.00   0.22  351.5    139554.   6.31  347.2  46281.
158 12 17 50 0.85 150.12 230.01  3.50 1655    6.95   347.6   74870.  -0.41  -3.69   0.00   0.00    0.00  0.00  0.00  0.00   0.22  346.3    159746.   6.61  346.7  55367.
158 12 28 38 0.85 150.12 229.91  3.50 1655    6.72   348.7   53613.  -3.15  -3.04   0.00   0.00    0.00  0.00  0.00  0.00   0.23  349.3    167971.   6.10  350.0  45033.
158 12 39 26 0.85 150.12 229.81  3.50 1655    6.87   342.2   64677.   1.28  -1.78   0.00   0.00    0.00  0.00  0.00  0.00   0.14  347.5    158798.   6.43  345.0  67090.
158 12 50 14 0.85 150.12 229.71  3.50 1655    6.63   344.1   75955.   1.51  -1.42   0.00   0.00    0.00  0.00  0.00  0.00   0.12  364.2     73441.   6.77  340.9  69137.
158 13 01 02 0.85 150.12 229.61  3.50 1655    6.65   355.5   37455.   0.00   0.00   0.00   0.00    0.00  0.00  0.00  0.00   0.26  353.2    219102.   6.61  353.5  41691.
158 13 11 50 0.85 150.12 229.51  3.50 1655    7.21   350.3   63774.   2.52  -1.61   0.00   0.00    0.00  0.00  0.00  0.00   0.23  350.9    148286.   6.77  346.7  60792.
158 13 22 38 0.85 150.12 229.41  3.50 1655    6.34   344.5   56241.  -2.55  -2.90  -2.81  -0.62   -4.40  0.71  0.95  0.76   0.19  345.7    112189.   6.06  347.2  60853.
158 13 33 26 0.85 150.12 229.31  3.50 1655    6.56   354.5   50328.  -0.20  -0.52  -2.31   0.51   -5.12  0.35  0.15  0.01   0.18  358.7    154822.   6.65  354.5  40229.
158 13 44 14 0.85 150.12 229.22  3.49 1655    6.46   349.6   51602.   0.00   3.07  -2.96   1.74   -2.12  0.26  0.10  0.20   0.25  348.5    206394.   6.34  351.5  58813.
158 13 55 02 0.85 150.12 229.12  3.49 1655    6.45   352.2   52047.  -0.77  -4.85  -2.36  -1.35   -4.90  0.00  0.00  0.19   0.18  351.8    167581.   6.67  352.3  37617.
158 14 05 50 0.85 150.12 229.02  3.49 1655    6.91   354.0   45284.   2.36   1.15  -2.42   3.32    0.95  0.09  0.14  0.38   0.18  346.9    149910.   6.92  351.4  46518.
158 14 16 38 0.85 150.11 228.92  3.49 1655    7.17   347.7   57426.   2.85  -0.49  -3.34   2.74   -0.30  0.20  0.10  0.01   0.23  350.7    170362.   7.00  344.6  48763.
158 14 27 26 0.85 150.11 228.82  3.49 1655    7.08   343.9   49643.  -0.68  -4.16  -3.39  -0.84   -3.82  0.00  0.00  0.00   0.18  342.2    175794.   6.74  346.7  51261.
158 14 38 14 0.85 150.11 228.72  3.49 1655    6.50   350.1   53931.   3.66  -1.43  -3.16   2.66   -2.04  0.25  0.29  0.17  -1.00   -1.0        -1.   5.99  346.3  42769.
158 14 49 02 0.85 150.11 228.62  3.49 1655    6.85   339.0   65953.   1.57  -2.30  -3.68   0.10   -3.27  0.32  0.29  0.49   0.23  339.4    190230.   6.02  335.0  54077.
158 14 59 50 0.85 150.11 228.52  3.49 1655    6.97   345.9   57748.  -0.57  -5.09  -3.45   0.02   -4.00  0.15  0.35  0.20   0.15  352.5    193023.   6.75  344.4  50842.
158 15 10 38 0.85 150.11 228.42  3.49 1655    6.83   352.8   35512.  -2.10  -4.19  -2.80  -2.33   -4.60  0.00  0.00  0.00   0.24  352.4    230705.   7.06  349.5  32498.
158 15 21 24 0.85 150.11 228.32  3.49 1655    6.51   350.5   40512.   0.00   0.00  -2.93   0.11   -5.13  0.24  0.09  0.23   0.19  349.2    162280.   6.59  350.8  29886.
158 15 32 12 0.85 150.11 228.22  3.49 1655    7.18   355.7   24165.   0.00   0.00   1.23   2.25   -5.46  0.25  0.31  0.19   0.21  350.7    125287.  -1.00   -1.0     -1.
158 15 43 00 0.85 150.11 228.12  3.49 1655    7.44   370.4   29087.   4.41  -1.63   0.00   0.00    0.00  0.00  0.00  0.00   0.23  372.1    143738.   7.44  368.2  22401.
158 15 53 48 0.85 150.11 228.02  3.49 1655    7.37   373.1   23928.   1.51  -3.61  -2.60   3.12   -3.82  0.15  0.30  0.21   0.19  366.2    120063.   7.04  373.7  21554.
158 16 04 36 0.85 150.11 227.92  3.48 1655    6.22   365.4   24363.   0.00   0.00   1.08   0.41   -6.71  0.05  0.19  0.00   0.19  368.2     85240.   5.64  364.9  20865.
158 16 18 59 0.85 150.11 227.79  3.48 1655    5.89   367.8   22275.  -0.08  -4.06   0.00   0.00    0.00  0.00  0.00  0.00   0.17  358.6    142477.   5.55  365.0  19760.
158 16 29 47 0.85 150.11 227.69  3.48 1655    5.88   362.9   25280.  -1.16  -3.34  -1.11  -0.92   -5.83  0.10  0.30  0.00   0.17  365.4    197428.   6.55  362.4  19416.
158 16 40 35 0.85 150.11 227.59  3.48 1655    6.81   356.9   28992.   0.41  -3.26  -1.51   0.46   -5.96  0.00  0.05  0.19   0.17  353.5    212111.   6.34  357.3  24175.
158 16 47 49 0.85 150.11 227.53  3.48 1655    7.82   358.6   38091.   3.94  -0.73  -1.19   4.26    0.00  0.00  0.00  0.00   0.22  359.2    148364.   7.87  354.7  39959.
158 16 58 37 0.85 150.11 227.43  3.48 1655    7.20   350.9   44731.   2.22  -3.27  -3.29   2.35   -3.29  0.19  0.05  0.19   0.15  346.1    100027.   7.20  347.7  36516.
158 17 09 25 0.85 150.11 227.33  3.48 1655    7.09   344.0   63179.   1.14  -3.69  -4.07   1.58   -2.53  0.00  0.00  0.00  -1.00   -1.0        -1.   7.29  339.8  46213.
158 17 20 13 0.85 150.11 227.23  3.48 1655    7.69   341.9   51482.   2.51  -2.58  -4.09   2.68   -1.83  0.10  0.20  0.00   0.22  342.7    117451.   7.20  343.2  66947.
158 17 31 01 0.85 150.11 227.13  3.48 1655    7.74   343.5   32553.   3.52  -1.73  -3.70   3.50   -0.62  0.14  0.09  0.00  -1.00   -1.0        -1.   7.99  342.9  42016.
158 17 41 49 0.85 150.11 227.03  3.48 1655    6.78   349.5   45962.   3.42   0.51  -2.80   3.96    1.45  0.05  0.00  0.19   0.14  344.5     84629.   6.93  345.6  36474.
158 17 52 37 0.85 150.11 226.93  3.48 1655    7.05   356.2   35957.   4.53   0.84  -1.34   4.21    1.84  0.21  0.06  0.20   0.14  359.3    125871.   7.41  353.9  34898.
158 18 03 25 0.85 150.11 226.83  3.48 1655    7.44   365.0   23642.   3.12   2.04   0.49   3.75    3.06  0.05  0.00  0.20   0.17  367.1     80523.   7.12  362.2  20488.
158 18 14 13 0.85 150.11 226.73  3.48 1655    7.73   352.9   45488.   4.46  -1.41  -2.02   4.46    0.25  0.21  0.16  0.14   0.12  359.9    132914.   6.97  351.2  33849.
158 18 25 01 0.85 150.11 226.63  3.47 1655    8.25   377.5   36311.   2.51   0.11   4.28   3.22    1.93  0.19  0.09  0.00   0.16  369.7    132381.   7.46  374.0  36795.
158 18 35 49 0.85 150.11 226.53  3.47 1655    8.09   364.6   27599.   3.88  -0.17   1.56   5.06    1.00  0.01  0.00  0.20   0.18  358.8    123831.   7.91  362.5  22310.
158 18 46 37 0.85 150.11 226.43  3.47 1655    8.07   369.1   26222.   3.44  -1.14   2.38   4.98   -0.89  0.00  0.00  0.00   0.16  368.4    111903.   7.88  365.9  29174.
158 18 57 25 0.85 150.11 226.33  3.47 1655    7.64   363.2   29051.   3.65  -1.30   1.99   5.70    0.85  0.17  0.09  0.19   0.10  366.9    205562.   7.61  360.0  25721.
158 19 08 13 0.85 150.11 226.23  3.47 1655    8.49   359.9   25728.   3.79  -2.37   0.46   5.13   -2.26  0.05  0.19  0.19   0.24  361.9    136500.   8.30  357.7  20407.
158 19 19 01 0.85 150.11 226.13  3.47 1655    8.59   349.7   30107.   3.91  -2.92  -2.18   4.65   -1.68  0.16  0.06  0.25   0.20  349.6    119855.   8.64  350.1  31400.
158 19 29 49 0.85 150.11 226.03  3.47 1655    8.39   350.2   37305.   3.31  -2.79  -2.60   3.56   -3.65  0.20  0.05  0.21   0.24  344.7    148325.   8.52  347.2  30961.
158 19 40 37 0.85 150.11 225.93  3.47 1655    7.82   359.1   21027.   1.44  -6.03   0.97   0.59   -6.61  0.05  0.19  0.00   0.12  353.8    145739.   7.94  359.1  20491.
158 19 51 25 0.85 150.11 225.84  3.47 1655    8.83   361.3   20823.   2.04  -3.68   0.83   2.02   -5.91  0.00  0.00  0.00   0.15  355.3     76430.   9.04  359.7  18055.
158 20 02 13 0.85 150.11 225.74  3.47 1655    8.51   361.0   26845.   0.00   0.00   1.02   0.52   -5.99  0.10  0.20  0.20   0.19  349.4    176261.   8.33  361.6  22314.
158 20 13 01 0.85 150.11 225.64  3.47 1655    7.71   342.5   34544.   1.61  -2.11  -1.42   1.22   -5.17  0.45  0.01  0.24   0.18  337.1    159019.   7.05  342.2  38614.
158 20 23 49 0.85 150.11 225.54  3.47 1655    9.50   347.7   32904.   0.66  -3.06  -0.58   0.20   -3.40  0.15  1.37  1.47   0.14  349.8    160851.   9.52  348.1  31724.
158 20 34 37 0.85 150.11 225.44  3.47 1655    9.66   354.6   29857.   0.00   0.00   0.63   1.91   -4.81  0.59  0.30  0.21   0.22  356.3    149143.   9.75  354.2  21947.
158 20 45 25 0.85 150.11 225.34  3.46 1655    9.20   356.4   23291.  -3.20   0.36   0.19  -4.79   -0.25  0.00  0.00  0.20   0.17  358.1     98090.   9.18  359.0  20842.
158 20 56 13 0.85 150.11 225.24  3.46 1655    8.55   359.3   20150.   1.74  -3.99   0.04   0.94   -5.62  0.06  0.20  0.20   0.12  351.6    113800.   8.94  358.1  16577.
158 21 07 01 0.85 150.11 225.14  3.46 1655    9.79   372.3   33878.   1.40  -3.20   3.24   0.43   -4.72  0.09  0.37  0.04   0.25  369.7    178912.   9.79  371.1  28606.
158 21 17 49 0.85 150.11 225.04  3.46 1655    9.15   360.7   20764.   0.44  -3.16   1.50   0.10   -5.31  0.14  0.10  0.21   0.20  351.2     93751.   9.15  360.1  16824.
158 21 28 37 0.85 150.11 224.94  3.46 1655    9.40   358.5   21657.   1.86  -3.15   0.72   1.54   -5.51  0.00  0.00  0.00   0.19  355.2    112111.  10.18  358.1  24045.
158 21 39 25 0.85 150.11 224.84  3.46 1655    9.10   360.5   21891.   1.73  -3.28   0.26   2.74   -4.71  0.09  0.14  0.00   0.17  355.7    247701.   9.38  359.9  20758.
158 21 50 13 0.85 150.11 224.74  3.46 1655    9.17   348.7   25455.   0.00   0.00  -2.15   3.81    1.56  0.00  0.00  0.20   0.13  345.5    158902.   8.64  350.1  34255.
158 22 01 01 0.85 150.11 224.64  3.46 1655   10.47   358.5   23915.   3.70   0.21  -0.26   5.09    0.56  0.19  0.05  0.17   0.19  354.7    173403.   9.43  357.4  21856.
158 22 11 49 0.85 150.11 224.54  3.46 1655    9.23   353.9   22603.   3.49  -1.18  -0.83   4.58   -1.14  0.46  0.05  0.40   0.12  348.6    101300.   9.97  353.5  23672.
158 22 22 37 0.85 150.11 224.44  3.46 1655   11.10   355.1   24581.   3.67   0.25  -1.44   4.53   -0.35  0.15  0.10  0.01   0.11  354.1    107784.  10.49  352.1  21505.
158 22 33 25 0.85 150.11 224.34  3.46 1655    9.98   349.9   22577.   3.59  -2.20  -1.74   4.08   -3.22  0.17  0.20  0.17   0.26  351.8    111279.   9.49  348.3  20082.
158 22 44 13 0.85 150.11 224.24  3.46 1655   10.16   362.6   19650.   3.64  -2.82   0.40   3.82   -4.59  0.16  0.21  0.19   0.17  361.0     39150.  10.21  360.4  18669.
158 22 55 01 0.85 150.11 224.14  3.46 1655   10.27   345.8   34681.   2.89  -1.89  -3.33   3.24   -2.18  0.00  0.00  0.00  -1.00   -1.0        -1.  10.26  344.1  37929.
158 23 05 49 0.85 150.11 224.04  3.45 1655   11.17   355.7   23353.   3.18  -2.62  -0.19   3.97   -4.13  0.11  0.20  0.20   0.11  348.8    134239.  10.45  353.1  18230.
158 23 16 35 0.85 150.10 223.94  3.45 1655   10.81   349.9   23103.   2.72  -2.56  -1.49   2.97   -4.26  0.09  0.14  0.00   0.14  347.0     55159.  10.46  349.5  25906.
158 23 27 23 0.85 150.10 223.84  3.45 1655    9.71   345.2   32309.   0.00   0.00  -2.72   1.38   -5.25  0.17  0.21  0.19   0.09  329.6     60109.  10.48  343.6  27050.
158 23 45 23 0.85 150.10 223.68  3.45 1655   12.44   350.6   21365.   3.84  -2.90  -2.21  -1.22   -5.31  0.00  0.00  0.00   0.16  347.0     40931.  12.91  349.5  25474.
158 23 56 11 0.85 150.10 223.58  3.45 1655   11.52   344.2   36022.   0.08  -3.61  -2.07  -1.98   -4.71  0.16  0.05  0.20   0.18  338.5    103730.  11.27  343.5  31318.
158 23 59 49 0.85 150.10 223.55  3.45 1655   10.62   344.8   27690.  -1.03  -3.08  -2.32  -2.53   -4.72  0.20  0.10  0.20   0.13  352.7    112942.  10.77  347.4  29239.
