131  0 04 31 0.59 140.89 224.74  6.53 1654   16.02   372.0  168361.   1.34  -2.37 -12.37   4.01   -3.16  0.20  0.25  0.04  -1.00   -1.0        -1.  15.47  368.4 154789.
131  0 09 55 0.59 140.89 224.69  6.53 1654   15.80   372.3  147993.   1.20  -2.73 -12.30   3.61   -5.00  0.06  0.61  0.52  -1.00   -1.0        -1.  15.35  369.8 127164.
131  0 15 19 0.59 140.90 224.65  6.53 1654   16.47   367.0  135415.   0.94  -2.29 -12.73   4.03   -4.57  0.18  0.24  0.18  -1.00   -1.0        -1.  15.99  368.4 147701.
131  0 20 43 0.59 140.90 224.60  6.53 1654   16.18   367.4  157284.   0.86  -1.84 -13.26   2.47   -4.40  0.50  1.45  0.33  -1.00   -1.0        -1.  15.12  365.0 136305.
131  0 26 07 0.59 140.90 224.55  6.53 1654   16.15   361.7  162988.   0.86  -1.83 -13.26  -1.95    0.45  0.20  0.04  0.20   0.09  447.1    157017.  15.55  363.5 166977.
131  0 31 31 0.59 140.91 224.51  6.53 1654   15.55   358.7  178604.  -1.49  -1.01   0.00   0.00    0.00  0.00  0.00  0.00  -1.00   -1.0        -1.  14.80  356.1 156533.
131  0 36 55 0.59 140.91 224.46  6.53 1654   14.76   355.2  174354.  -2.72  -0.67   0.00   0.00    0.00  0.00  0.00  0.00  -1.00   -1.0        -1.  14.55  359.3 192422.
131  0 42 19 0.59 140.92 224.42  6.53 1654   15.40   355.1  121538.  -2.18  -0.17   0.00   0.00    0.00  0.00  0.00  0.00   0.07  450.6    222260.  14.44  356.0 112312.
131  0 47 43 0.59 140.92 224.37  6.53 1654   15.47   360.0  195154.  -4.05   0.41 -13.13  -1.59    1.25  0.23  0.43  0.48  -1.00   -1.0        -1.  14.62  357.7 133460.
131  0 53 07 0.59 140.92 224.32  6.53 1654   15.96   359.6  172753.  -3.94  -0.03 -13.01  -3.25   -0.69  0.07  0.12  0.60  -1.00   -1.0        -1.  14.84  361.3 156420.
131  0 58 31 0.59 140.93 224.28  6.53 1654   15.75   359.0  130845.  -2.92   0.24 -13.06  -2.03    0.33  0.15  0.28  0.16  -1.00   -1.0        -1.  15.11  358.6 111653.
131  1 03 55 0.59 140.93 224.23  6.53 1654   15.90   360.1  141519.  -2.29  -0.27 -12.90  -2.19   -0.87  0.08  0.20  0.16  -1.00   -1.0        -1.  14.39  356.5 103951.
131  1 09 19 0.59 140.93 224.19  6.53 1654   14.94   367.7  168416.  -2.02  -0.97 -12.82  -3.52   -0.90  0.19  0.43  0.57  -1.00   -1.0        -1.  13.99  365.8 147022.
131  1 14 43 0.59 140.94 224.14  6.53 1654   14.86   360.7   97431.  -2.71  -0.15 -12.90  -2.65   -0.77  0.08  0.29  0.22  -1.00   -1.0        -1.  13.04  361.6  83235.
131  1 20 07 0.59 140.94 224.09  6.52 1654   16.04   368.8  156082.  -3.58   0.50 -12.36  -5.48    0.66  0.13  0.23  0.30  -1.00   -1.0        -1.  13.51  365.3  93741.
131  1 25 29 0.59 140.94 224.05  6.52 1654   15.30   365.4  138485.  -2.62  -0.45 -12.73  -4.37   -0.44  0.19  0.23  0.44  -1.00   -1.0        -1.  14.44  364.9 115976.
131  1 30 53 0.59 140.95 224.00  6.52 1654   15.30   363.5  113085.  -2.62  -0.32 -12.85  -4.31   -0.28  0.09  0.17  0.32  -1.00   -1.0        -1.  13.67  363.7  92253.
131  1 36 17 0.59 140.95 223.96  6.52 1654   14.91   363.1   96011.   0.00   0.00 -12.59  -4.13   -0.76  0.05  0.20  0.16  -1.00   -1.0        -1.  13.68  362.5  78005.
131  3 59 59 0.59 141.05 222.73  6.51 1654   13.66   359.7   68039.  -3.28   0.85 -12.70  -4.70    2.06  0.00  0.00  0.00  -1.00   -1.0        -1.  12.68  359.5  61906.
131  4 05 23 0.59 141.05 222.69  6.51 1654   13.57   355.3   66863.  -3.15   0.09 -12.70  -4.70    1.90  0.00  0.00  0.20  -1.00   -1.0        -1.  13.45  357.8  80851.
131  4 10 47 0.59 141.05 222.64  6.51 1654   13.61   356.6   72642.  -2.92   0.37 -13.08  -3.64    1.98  0.24  0.08  0.16  -1.00   -1.0        -1.  13.21  356.6  66525.
131  4 16 11 0.59 141.06 222.60  6.51 1654   13.73   352.5   67665.  -2.69  -0.02 -12.99  -3.33    2.65  0.11  0.41  0.86  -1.00   -1.0        -1.  12.23  353.4  51797.
131  4 21 38 0.59 141.06 222.55  6.51 1654   13.88   355.8   70102.  -2.22   0.66 -12.98  -2.66    1.73  0.15  0.05  0.20  -1.00   -1.0        -1.  13.22  354.6  65258.
131  4 27 02 0.60 141.06 222.50  6.51 1654   14.13   357.7   92951.  -3.28  -0.45 -12.69  -5.05    0.46  0.20  0.08  0.00  -1.00   -1.0        -1.  13.30  358.7  75004.
131  4 32 26 0.60 141.07 222.46  6.51 1654   14.63   351.6   86117.  -3.29  -0.98 -12.47  -4.97    0.46  0.16  0.19  0.00  -1.00   -1.0        -1.  13.17  353.3  70319.
131  4 37 50 0.60 141.07 222.41  6.51 1654   14.10   351.8   65791.  -2.49  -0.37 -12.89  -3.67    0.47  0.00  0.36  0.00  -1.00   -1.0        -1.  12.80  351.5  51196.
131  4 43 14 0.60 141.07 222.36  6.51 1654   15.23   356.3  124042.  -1.67  -1.77 -12.74  -3.47   -0.21  0.17  0.53  0.34  -1.00   -1.0        -1.  14.37  356.2  99815.
131  4 48 38 0.60 141.08 222.32  6.51 1654   14.51   356.5   99981.  -2.52   1.53 -12.36  -3.41    3.49  0.18  0.18  0.36  -1.00   -1.0        -1.  13.42  356.4  77261.
131  4 54 02 0.60 141.08 222.27  6.51 1654   14.24   351.6   86799.   0.00   0.00 -12.97  -2.40    1.07  0.18  0.18  0.16  -1.00   -1.0        -1.  13.77  350.4  65473.
131  4 59 26 0.60 141.08 222.23  6.51 1654   14.96   355.7   98873.  -3.22  -0.13 -12.09  -5.42    1.40  0.27  0.35  0.20  -1.00   -1.0        -1.  14.55  357.9 114557.
131  5 04 49 0.60 141.09 222.18  6.51 1654   17.16   351.6  128483.  -3.66   0.48 -11.64  -5.09    1.57  0.14  0.36  0.16  -1.00   -1.0        -1.  16.23  352.1 106319.
131  5 10 13 0.60 141.09 222.13  6.51 1654   17.01   351.0   95579.  -5.26  -0.81 -10.87  -6.64    0.44  0.16  0.17  0.00  -1.00   -1.0        -1.  15.90  351.6  91418.
131  5 15 37 0.60 141.10 222.09  6.51 1654   16.65   355.4   91051.   0.00   0.00 -10.37  -7.22    0.61  0.21  0.20  0.20  -1.00   -1.0        -1.  15.75  358.1  94982.
131  5 21 55 0.60 141.10 222.03  6.51 1654   16.53   351.2   99770.  -4.96  -0.60 -13.03  -4.53   -0.85  0.21  0.12  0.22  -1.00   -1.0        -1.  15.80  352.1  92201.
131  5 26 27 0.60 141.10 221.99  6.51 1654   16.46   347.9   93266.  -4.77  -2.59 -13.02  -4.31   -1.85  0.08  0.16  0.36  -1.00   -1.0        -1.  15.91  353.2  95596.
131  5 31 51 0.60 141.11 221.95  6.51 1654   13.58   356.5   97925.  -4.37  -1.75 -11.83  -5.49   -1.00  0.39  0.34  0.20  -1.00   -1.0        -1.  13.10  357.9  81322.
131  5 37 15 0.60 141.11 221.90  6.51 1654   15.76   350.2  119192.  -2.67  -0.56 -12.44  -3.67   -0.57  0.19  0.83  0.23   0.09  406.3    223416.  14.21  346.8  73844.
131  5 42 39 0.60 141.11 221.86  6.51 1654   15.01   353.5  102011.  -3.78  -0.57 -12.65  -4.29   -0.76  0.12  0.04  0.00  -1.00   -1.0        -1.  14.58  357.2 117718.
131  5 49 49 0.60 141.12 221.80  6.51 1654   -1.00    -1.0      -1.  -1.00  -1.00 -12.95  -5.27   -0.05  0.04  0.00  0.39  -1.00   -1.0        -1.  -1.00   -1.0     -1.
131  5 55 13 0.60 141.12 221.75  6.50 1654   14.48   354.7   88634.  -3.44   0.18 -11.89  -5.67   -0.36  0.00  0.00  0.00  -1.00   -1.0        -1.  13.32  358.0  98471.
131  6 00 37 0.60 141.12 221.70  6.50 1654   16.19   339.2   97210.  -4.45  -0.80 -12.52  -4.04   -1.58  0.17  0.20  0.04  -1.00   -1.0        -1.  15.69  340.4  84067.
131  6 06 01 0.60 141.13 221.66  6.50 1654   16.52   342.9  121025.   0.00   0.00 -12.71  -3.87   -0.78  0.10  0.25  0.00  -1.00   -1.0        -1.  14.64  337.9  68286.
131  6 09 39 0.60 141.13 221.63  6.50 1654   15.51   337.3   99939.  -3.51  -1.47 -12.75  -3.56   -1.47  0.59  1.23  0.42  -1.00   -1.0        -1.  15.13  340.9 118790.
131  6 15 03 0.60 141.13 221.58  6.50 1654   16.13   348.8   98467.   0.00   0.00 -11.77  -5.38   -2.50  0.14  0.29  0.26  -1.00   -1.0        -1.  15.32  346.2  91831.
131  6 20 27 0.60 141.14 221.53  6.50 1654   14.70   357.3  101706.   0.00   0.00 -12.00  -4.79   -3.18  0.08  0.12  0.00  -1.00   -1.0        -1.  -1.00   -1.0     -1.
131  6 30 01 0.60 141.14 221.45  6.50 1654   16.37   341.5   72905.  -4.97  -2.49 -13.30  -4.57   -0.79  0.00  0.00  0.00  -1.00   -1.0        -1.  15.73  344.8  84077.
131  6 31 15 0.60 141.14 221.44  6.50 1654   14.65   349.3   89199.  -2.75   0.69   0.00   0.00    0.00  0.00  0.00  0.00  -1.00   -1.0        -1.  13.93  352.6 105179.
131  6 36 39 0.60 141.15 221.40  6.50 1654   14.21   354.2   95644.  -3.81  -0.60 -13.14  -4.77   -0.95  0.19  0.18  0.19  -1.00   -1.0        -1.  12.51  356.4  79896.
131  6 42 03 0.60 141.15 221.35  6.50 1654   13.79   354.1  116155.  -2.80   0.19 -13.80  -2.67   -0.06  0.11  0.20  0.39  -1.00   -1.0        -1.  12.70  350.3  65817.
131  6 47 27 0.60 141.16 221.30  6.50 1654   13.29   345.6   70664.  -2.19  -0.04 -13.60  -2.39   -0.43  0.18  0.18  0.04  -1.00   -1.0        -1.  12.63  344.5  62884.
131  6 52 51 0.60 141.16 221.26  6.50 1654   14.48   357.0  126901.  -2.13   0.08 -13.48  -2.41   -0.45  0.16  0.08  0.04  -1.00   -1.0        -1.  13.55  354.7 112871.
131  6 58 15 0.60 141.16 221.21  6.50 1654   14.23   354.7  137741.  -2.24   0.11 -13.39  -2.46   -1.69  0.00  0.00  0.00  -1.00   -1.0        -1.  13.37  356.8 123649.
131  7 03 39 0.60 141.17 221.17  6.50 1654   13.66   355.9  142611.  -1.85  -0.50   0.00   0.00    0.00  0.00  0.00  0.00  -1.00   -1.0        -1.  12.88  355.0 109220.
131  7 09 03 0.60 141.17 221.12  6.50 1654   13.72   360.2  142611.  -2.32  -0.02   0.00   0.00    0.00  0.00  0.00  0.00  -1.00   -1.0        -1.  12.88  359.2 125498.
131  7 14 27 0.60 141.17 221.07  6.50 1654   14.10   356.4  121863.  -1.95  -0.37   0.00   0.00    0.00  0.00  0.00  0.00  -1.00   -1.0        -1.  13.15  356.2 105042.
131  7 19 51 0.60 141.18 221.03  6.50 1654   14.48   359.4  164063.  -2.24  -1.15 -13.37  -2.54   -1.77  0.04  0.16  0.16  -1.00   -1.0        -1.  14.03  356.8 141967.
131  7 25 15 0.60 141.18 220.98  6.50 1654   14.87   354.2  146697.  -1.75   0.10 -13.11  -2.72   -1.09  0.04  0.41  0.21  -1.00   -1.0        -1.  13.60  351.6 116009.
131  7 30 39 0.60 141.18 220.93  6.50 1654   15.09   357.4  171350.  -2.19   0.29 -13.39  -2.39   -0.97  0.00  0.04  0.16  -1.00   -1.0        -1.  14.46  356.5 142204.
131  7 36 03 0.60 141.19 220.89  6.50 1654   15.44   361.8  192315.  -2.40   0.29 -13.27  -2.61   -0.89  0.10  0.20  0.00  -1.00   -1.0        -1.  14.04  359.5 153418.
131  7 41 27 0.60 141.19 220.84  6.50 1654   15.33   356.8  149946.  -2.67  -0.65 -13.54  -2.86   -2.04  0.17  0.30  0.04  -1.00   -1.0        -1.  13.97  357.0 135233.
131  7 46 51 0.60 141.19 220.80  6.50 1654   14.38   354.7  142831.  -1.94  -1.08 -13.52  -2.30   -2.33  0.05  0.20  0.20  -1.00   -1.0        -1.  13.42  353.4 116912.
131  7 52 15 0.60 141.20 220.75  6.50 1654   15.40   355.6  158902.  -2.38  -0.23 -13.69  -2.31   -1.45  0.10  0.25  0.21  -1.00   -1.0        -1.  13.95  354.6 144703.
131  7 57 39 0.60 141.20 220.70  6.50 1654   14.18   353.9  160756.  -1.61   0.56 -13.49  -1.39   -0.89  0.11  0.19  0.00  -1.00   -1.0        -1.  13.68  355.5 171775.
131  8 03 03 0.60 141.20 220.66  6.50 1654   14.74   356.6  177821.  -1.89   0.62 -13.51  -2.20   -1.21  0.10  0.18  0.16  -1.00   -1.0        -1.  13.76  355.9 156865.
131  8 08 27 0.60 141.21 220.61  6.50 1654   14.72   354.4  134860.  -1.57   0.41 -13.19  -1.02   -1.52  0.00  0.05  0.20  -1.00   -1.0        -1.  13.48  355.9 118075.
131  8 24 39 0.60 141.22 220.47  6.49 1654   15.10   359.3  158905.  -2.42   0.13 -10.06   1.29   -1.91  0.15  0.05  0.05  -1.00   -1.0        -1.  14.33  358.5 147217.
131  8 30 03 0.60 141.22 220.43  6.49 1654   15.19   352.3  129523.  -2.18  -0.58   0.00   0.00    0.00  0.00  0.00  0.00  -1.00   -1.0        -1.  14.31  351.8 112390.
131  8 35 27 0.60 141.23 220.38  6.49 1654   16.69   339.3  136097.  -3.64  -0.83   0.00   0.00    0.00  0.00  0.00  0.00  -1.00   -1.0        -1.  15.41  341.0 117217.
131  8 40 51 0.60 141.23 220.34  6.49 1654   16.14   343.4  112933.   0.73   2.98   0.00   0.00    0.00  0.00  0.00  0.00  -1.00   -1.0        -1.  15.49  342.8 127161.
131  8 46 15 0.60 141.23 220.29  6.49 1654   16.55   335.0  131543.  -1.44  -1.29   0.00   0.00    0.00  0.00  0.00  0.00   0.12  392.5    208811.  15.79  336.3 122931.
131  8 51 39 0.60 141.24 220.24  6.49 1654   16.67   342.4  158421.  -1.83  -1.95   0.00   0.00    0.00  0.00  0.00  0.00  -1.00   -1.0        -1.  15.74  343.1 150530.
131  8 57 03 0.60 141.24 220.20  6.49 1654   16.17   340.0  157709.  -2.69  -1.34   0.00   0.00    0.00  0.00  0.00  0.00  -1.00   -1.0        -1.  15.25  340.6 125442.
131  9 02 27 0.60 141.24 220.15  6.49 1654   16.55   334.8  136685.  -0.90  -2.46   0.00   0.00    0.00  0.00  0.00  0.00   0.12  386.0    160981.  16.25  332.6 121333.
131  9 07 51 0.60 141.25 220.11  6.49 1654   17.25   337.0  143101.  -2.03  -2.02 -10.02   1.65   -1.78  0.07  0.18  0.19  -1.00   -1.0        -1.  16.59  336.8 130588.
131  9 13 15 0.60 141.25 220.06  6.49 1654   17.45   338.1  127314.  -0.36  -1.74  -9.71   2.42   -1.31  0.20  0.31  0.20  -1.00   -1.0        -1.  16.90  335.3 118198.
131  9 18 39 0.60 141.25 220.01  6.49 1654   17.38   336.4  137446.  -1.43  -1.95 -10.02   1.58   -2.27  0.10  0.20  0.16  -1.00   -1.0        -1.  16.54  336.8 118422.
131  9 24 03 0.60 141.26 219.97  6.49 1654   17.78   332.2  128542.  -2.12  -1.54 -10.26   0.41   -0.34  0.08  0.16  0.39  -1.00   -1.0        -1.  16.42  332.2 106286.
131  9 29 27 0.60 141.26 219.92  6.49 1654   18.02   335.0  142084.  -1.28  -1.76 -10.53   1.41   -0.85  0.57  0.30  0.18  -1.00   -1.0        -1.  16.98  334.5 130257.
131  9 34 51 0.60 141.26 219.87  6.49 1654   15.67   348.7  146976.   0.11  -0.73 -11.96   3.35   -0.78  0.32  0.47  0.19  -1.00   -1.0        -1.  14.72  346.9 132852.
131  9 40 15 0.60 141.27 219.83  6.49 1654   15.92   349.6  131118.   0.39  -0.68 -12.01   2.54   -1.89  0.27  1.65  1.04  -1.00   -1.0        -1.  15.07  347.3 113855.
131  9 45 39 0.60 141.27 219.78  6.49 1654   17.42   338.0  129240.   0.10  -1.13 -10.96   1.99   -0.04  0.14  0.37  0.36  -1.00   -1.0        -1.  18.00  338.1 143403.
131  9 51 03 0.60 141.27 219.74  6.49 1654   16.47   338.5  171044.   0.09  -0.18 -12.33   0.24    0.21  0.00  0.00  0.00  -1.00   -1.0        -1.  15.74  338.0 147613.
131  9 56 27 0.60 141.28 219.69  6.49 1654   16.92   347.8  180182.   0.00   0.00 -12.49   2.19    0.75  0.22  0.17  0.20  -1.00   -1.0        -1.  14.62  347.7 156494.
131 10 01 51 0.60 141.28 219.64  6.49 1654   18.23   338.3  148825.   0.22   0.95 -11.34   2.03    1.22  0.00  0.00  0.17  -1.00   -1.0        -1.  17.54  335.8 134028.
131 10 07 15 0.60 141.28 219.60  6.49 1654   18.91   337.1  175092.   0.17   0.45 -14.98   1.62    0.39  0.27  0.48  1.06  -1.00   -1.0        -1.  17.89  337.2 160181.
131 10 12 39 0.60 141.29 219.55  6.49 1654   16.92   336.2  151583.   0.96   1.37 -13.53   1.98    2.84  0.16  0.08  0.20  -1.00   -1.0        -1.  15.95  333.6 132199.
131 10 18 03 0.60 141.29 219.51  6.49 1654   17.19   339.1  163534.   0.36   1.21 -13.21   2.18    2.60  0.12  0.08  0.00  -1.00   -1.0        -1.  17.08  337.7 151307.
131 10 23 27 0.60 141.29 219.46  6.49 1654   17.31   337.5  151212.   0.81   1.18 -12.87   1.68    2.90  0.21  0.40  0.15  -1.00   -1.0        -1.  16.05  335.0 139128.
131 10 28 51 0.60 141.30 219.41  6.48 1654   17.51   332.2  147347.  -0.30   1.27 -13.47   1.41    2.75  0.12  0.23  0.20   0.20  384.2    176001.  17.06  335.3 160805.
131 10 34 15 0.60 141.30 219.37  6.48 1654   17.78   334.0  163758.   0.00   0.00 -13.34   1.46    1.95  0.13  0.23  0.32  -1.00   -1.0        -1.  16.32  330.7 142533.
131 10 39 39 0.60 141.31 219.32  6.48 1654   17.43   332.7  142451.  -1.24   2.54 -13.14  -0.46    4.68  0.08  0.16  0.00  -1.00   -1.0        -1.  16.29  335.0 142396.
131 10 45 03 0.60 141.31 219.28  6.48 1654   17.46   337.4  152408.   0.07   0.82 -12.70   2.47    2.84  0.24  0.25  0.33  -1.00   -1.0        -1.  16.22  334.8 141490.
131 10 50 27 0.60 141.31 219.23  6.48 1654   18.74   332.6  132544.   0.55   2.57 -12.13   2.68    4.03  0.23  0.32  0.16  -1.00   -1.0        -1.  17.37  331.1 114885.
131 10 55 51 0.60 141.32 219.18  6.48 1654   18.15   337.5  140320.   1.27   2.51 -11.79   2.93    5.56  0.13  0.19  0.20  -1.00   -1.0        -1.  16.78  335.8 125790.
131 11 01 15 0.60 141.32 219.14  6.48 1654   18.42   343.9  107755.   0.00   0.00  -9.77   3.77    6.52  0.16  0.08  0.40  -1.00   -1.0        -1.  17.21  345.4 114875.
131 11 06 39 0.60 141.32 219.09  6.48 1654   19.37   344.7  122632.   2.56   2.79  -9.40   5.13    6.53  0.37  0.37  0.20  -1.00   -1.0        -1.  17.27  342.8 117549.
131 11 12 03 0.60 141.33 219.04  6.48 1654   17.37   343.8  151771.  -2.54   3.59 -13.25  -0.39    7.43  0.25  0.83  0.40  -1.00   -1.0        -1.  16.79  344.4 137553.
131 11 17 27 0.60 141.33 219.00  6.48 1654   18.09   334.5  140801.  -1.59   3.24 -11.84  -0.83    6.51  0.15  0.52  0.17  -1.00   -1.0        -1.  16.14  334.8 125822.
131 11 22 51 0.60 141.33 218.95  6.48 1654   18.19   351.4   99705.   2.75   1.36  -5.53   7.66    4.41  0.44  0.38  0.16  -1.00   -1.0        -1.  17.50  351.4 100634.
131 11 28 15 0.60 141.34 218.91  6.48 1654   19.72   350.0  121382.   2.41   0.65  -6.36   7.59    2.86  0.11  0.21  0.15  -1.00   -1.0        -1.  17.65  346.8 105679.
131 11 33 39 0.60 141.34 218.86  6.48 1654   17.50   345.4  100130.   3.23   2.06  -8.12   6.24    4.73  0.12  0.04  0.16  -1.00   -1.0        -1.  16.84  344.4 113332.
131 11 39 03 0.60 141.34 218.81  6.48 1654   15.98   350.4   64592.   4.05   0.50  -0.89  10.73    0.17  0.66  0.13  0.47  -1.00   -1.0        -1.  14.48  346.7  56481.
131 11 44 27 0.60 141.35 218.77  6.48 1654   19.58   349.7   79214.   2.68  -1.31  -1.24   9.68   -2.06  0.52  0.13  0.27  -1.00   -1.0        -1.  17.93  347.4  61636.
131 11 49 51 0.60 141.35 218.72  6.48 1654   17.80   352.1   63563.   3.16   1.05  -0.76  10.81   -0.15  0.17  0.08  0.80  -1.00   -1.0        -1.  15.58  349.4  47847.
131 11 55 15 0.60 141.35 218.68  6.48 1654   19.07   344.6   87062.   1.84   0.66  -3.05   9.80    0.96  0.15  0.08  0.20  -1.00   -1.0        -1.  18.80  341.7  84372.
131 12 00 39 0.60 141.36 218.63  6.48 1654   19.94   348.5   54590.   2.96  -0.71  -1.18  10.79    0.17  0.34  0.10  0.39  -1.00   -1.0        -1.  18.79  347.0  44004.
131 12 06 03 0.60 141.36 218.58  6.48 1654   17.10   360.3   59830.   0.97   0.39   3.28  10.73    2.73  0.24  0.19  0.40  -1.00   -1.0        -1.  15.94  360.4  48084.
131 12 11 27 0.60 141.36 218.54  6.48 1654   18.07   360.9   61311.   1.24   0.47   3.25  10.56    2.29  0.34  0.15  0.20  -1.00   -1.0        -1.  16.78  359.2  56611.
131 12 16 51 0.60 141.37 218.49  6.48 1654   18.94   358.0   56673.   2.22  -0.44   1.89  10.34    1.54  0.21  0.13  0.20   0.35  358.8    165386.  18.61  355.7  56000.
131 12 22 15 0.60 141.37 218.45  6.48 1654   17.86   360.4   43409.   2.61   0.19   1.78  10.44    1.30  0.70  0.40  0.16   0.49  356.3    200209.  17.87  356.8  42107.
131 12 27 39 0.60 141.37 218.40  6.48 1654   19.83   356.5   41869.   4.06  -1.04   0.63  11.00    0.89  0.19  0.08  0.47  -1.00   -1.0        -1.  18.79  353.7  43409.
131 12 33 03 0.60 141.38 218.35  6.48 1654   17.95   360.3   57962.   4.18  -0.09   1.76  11.47   -0.37  0.50  0.18  0.33   0.20  376.2    124403.  16.90  358.2  58095.
131 12 38 27 0.60 141.38 218.31  6.48 1654   16.27   357.8   39823.   3.82   0.30   1.66  11.41   -0.54  0.58  0.17  0.64   0.18  370.8    118296.  16.05  357.9  42227.
131 12 43 51 0.60 141.38 218.26  6.48 1654   19.69   367.7   46252.   2.54   0.93   1.82  10.78    1.90  0.42  0.15  0.17   0.30  368.4    152704.  19.11  365.7  56081.
131 12 49 15 0.60 141.39 218.21  6.47 1654   20.26   365.6   56692.   3.86   0.74   1.05  11.19    1.91  0.83  0.18  0.87  -1.00   -1.0        -1.  18.09  362.3  45332.
131 12 54 39 0.60 141.39 218.17  6.47 1654   21.14   346.4  132362.   0.72  -1.85 -10.15   1.29   -6.44  0.52  3.24  0.67  -1.00   -1.0        -1.  18.81  345.0 130110.
131 13 00 03 0.60 141.40 218.12  6.47 1654   21.27   353.0   93491.   0.64  -2.34  -8.79   7.04   -8.61  0.21  0.62  0.98  -1.00   -1.0        -1.  20.85  354.3 102538.
131 13 05 27 0.60 141.40 218.08  6.47 1654   19.40   365.2   77995.   2.18   0.43  -1.09  10.50    3.51  0.18  0.21  0.30   0.14  394.8     68491.  18.16  362.9  66766.
131 13 10 51 0.60 141.40 218.03  6.47 1654   22.49   364.5   55029.   2.00   2.31  -2.01   8.98    6.85  0.62  0.47  0.51  -1.00   -1.0        -1.  20.68  362.6  44884.
131 13 16 15 0.60 141.41 217.98  6.47 1654   19.45   361.5   43292.   1.41   2.35  -1.44  10.65    3.93  0.25  0.19  0.33  -1.00   -1.0        -1.  18.53  359.1  52515.
131 13 21 39 0.60 141.41 217.94  6.47 1654   18.93   364.6   51212.   4.10  -0.33   0.50  11.27    0.09  0.91  0.20  0.65  -1.00   -1.0        -1.  18.05  360.9  45540.
131 13 27 03 0.60 141.41 217.89  6.47 1654   19.99   343.0   86727.   0.43  -4.46  -5.77   9.18   -1.86  0.46  0.49  2.22  -1.00   -1.0        -1.  19.12  343.5  86474.
131 13 32 27 0.60 141.42 217.85  6.47 1654   19.29   347.6  105052.   0.66  -3.63  -7.61   5.31   -6.25  0.26  0.24  0.16  -1.00   -1.0        -1.  18.13  344.1  98867.
131 13 37 51 0.60 141.42 217.80  6.47 1654   18.52   351.1  123263.   1.36   0.26  -8.49   7.80    3.86  0.32  0.50  0.51  -1.00   -1.0        -1.  18.97  347.4 110711.
131 13 43 15 0.60 141.42 217.75  6.47 1654   18.65   345.0  114534.   1.15   1.18  -7.76   6.77    0.02  0.75  0.74  2.55  -1.00   -1.0        -1.  19.01  345.3 133736.
131 13 48 39 0.60 141.43 217.71  6.47 1654   20.49   358.8   82774.  -0.07   0.00  -2.96   6.44   10.10  0.76  0.24  0.52  -1.00   -1.0        -1.  18.92  357.3  73136.
131 13 54 03 0.60 141.43 217.66  6.47 1654   19.97   349.7   81309.   1.93   2.66  -5.58   8.63    8.06  0.31  0.42  0.43  -1.00   -1.0        -1.  19.04  349.3  64885.
131 13 59 27 0.60 141.43 217.61  6.47 1654   20.13   342.0   87358.   1.55   2.21  -7.97   7.82    7.25  0.19  0.16  0.16  -1.00   -1.0        -1.  18.70  341.1  84668.
131 14 04 51 0.60 141.44 217.57  6.47 1654   20.19   355.5   82046.   3.03   2.50  -4.80  10.19    5.81  0.26  0.27  0.54  -1.00   -1.0        -1.  18.52  354.7  70319.
131 14 10 15 0.60 141.44 217.52  6.47 1654   18.26   358.9   75533.   0.00   0.00  -6.53   7.80    7.34  0.00  0.00  0.00  -1.00   -1.0        -1.  18.51  358.5  69485.
131 14 15 39 0.60 141.44 217.48  6.47 1654   19.96   347.7   94644.   1.68   2.11   0.00   0.00    0.00  0.00  0.00  0.00  -1.00   -1.0        -1.  19.46  344.4  86883.
131 14 21 03 0.60 141.45 217.43  6.47 1654   20.06   349.2   72031.   2.39   1.89   0.00   0.00    0.00  0.00  0.00  0.00  -1.00   -1.0        -1.  19.40  348.7  83677.
131 14 26 25 0.60 141.45 217.38  6.47 1654   19.71   354.3   85883.   3.26   2.00   0.00   0.00    0.00  0.00  0.00  0.00  -1.00   -1.0        -1.  18.95  351.6  68776.
131 14 31 49 0.60 141.45 217.34  6.47 1654   20.78   338.6  100910.   0.00   0.00  -7.16   6.68    7.90  0.33  0.59  0.43  -1.00   -1.0        -1.  -1.00   -1.0     -1.
131 14 37 13 0.60 141.46 217.29  6.47 1654   20.08   352.8   91116.   2.52   1.19  -7.28   7.40    4.09  0.19  0.38  3.51  -1.00   -1.0        -1.  19.26  348.2  80516.
131 14 42 37 0.60 141.46 217.25  6.47 1654   21.73   348.4  119832.   0.64   2.34  -8.80   4.95    5.46  0.16  0.76  0.60  -1.00   -1.0        -1.  20.20  346.8 105711.
131 14 48 03 0.60 141.46 217.20  6.47 1654   20.88   339.3  102528.   0.28   1.69 -11.74   2.36    3.81  0.14  0.74  0.20  -1.00   -1.0        -1.  19.49  337.0  93013.
131 14 53 27 0.60 141.47 217.15  6.47 1654   21.46   342.2  127388.   1.00   1.18 -11.34   3.46    3.18  0.19  0.48  0.25  -1.00   -1.0        -1.  20.29  340.0 105896.
131 14 58 51 0.60 141.47 217.11  6.47 1654   20.85   337.3  115577.   0.33   0.89 -12.15   3.36    1.26  0.24  0.13  0.44  -1.00   -1.0        -1.  19.82  333.4  95869.
131 15 04 15 0.60 141.47 217.06  6.46 1654   20.50   342.3  122672.   1.69  -1.75 -10.63   5.60   -1.42  0.13  0.34  0.16  -1.00   -1.0        -1.  19.12  339.4 104402.
131 15 09 39 0.60 141.48 217.01  6.46 1654   21.50   334.9  118390.   1.18   0.03  -9.81   6.23   -1.12  0.32  0.37  0.17  -1.00   -1.0        -1.  19.90  333.3 102944.
131 15 09 56 0.60 141.48 217.01  6.46 1654   20.82   364.0   63033.   0.00   0.00  -9.61   6.58   -1.24  0.20  0.19  0.18  -1.00   -1.0        -1.  20.75  361.6  66161.
131 15 15 03 0.60 141.48 216.97  6.46 1654   20.04   339.8  125865.   1.50  -1.16  -4.45  11.34    1.86  0.00  0.00  0.00  -1.00   -1.0        -1.  18.97  338.9 113118.
131 15 20 27 0.60 141.48 216.92  6.46 1654   21.32   338.9  122425.   1.44   1.30   0.00   0.00    0.00  0.00  0.00  0.00  -1.00   -1.0        -1.  20.90  336.2 107634.
131 15 25 51 0.60 141.49 216.88  6.46 1654   21.01   344.8  122418.   2.80   0.00   0.00   0.00    0.00  0.00  0.00  0.00  -1.00   -1.0        -1.  20.26  341.5 110519.
131 15 31 15 0.60 141.49 216.83  6.46 1654   20.01   363.7   69894.   5.38   0.21   0.00   0.00    0.00  0.00  0.00  0.00  -1.00   -1.0        -1.  19.97  359.0  67123.
131 15 36 39 0.60 141.49 216.78  6.46 1654   21.94   360.7   77752.   0.00   0.00  -4.83  10.67    3.51  0.21  0.58  1.25  -1.00   -1.0        -1.  20.49  359.5  65573.
131 15 42 03 0.60 141.50 216.74  6.46 1654   22.24   347.7   94498.   0.00   0.00  -6.37   8.49    5.89  2.29  1.12  0.87  -1.00   -1.0        -1.  20.03  348.0  80273.
131 15 53 08 0.60 141.50 216.64  6.46 1654   20.52   367.6   57417.   0.05   6.90 -14.37  -1.65    2.47  0.00  0.00  0.00  -1.00   -1.0        -1.  19.82  365.6  47827.
131 16 36 20 0.60 141.53 216.27  6.46 1654   22.22   349.6   68809.   2.14   4.37   0.00   0.00    0.00  0.00  0.00  0.00  -1.00   -1.0        -1.  21.48  349.7  82735.
131 17 19 32 0.60 141.56 215.90  6.45 1654   22.43   342.3   89167.   2.56  -4.51   0.00   0.00    0.00  0.00  0.00  0.00  -1.00   -1.0        -1.  23.01  338.7  81475.
131 18 02 45 0.60 141.59 215.53  6.45 1654   23.22   345.7   70771.   4.14   1.66   0.00   0.00    0.00  0.00  0.00  0.00  -1.00   -1.0        -1.  21.58  340.1  65914.
131 18 45 57 0.60 141.61 215.16  6.45 1654   25.37   338.2   67415.   1.50  -5.28   0.00   0.00    0.00  0.00  0.00  0.00  -1.00   -1.0        -1.  24.64  339.8  67237.
131 19 29 09 0.60 141.64 214.79  6.45 1654   23.73   347.5   50104.  -0.25   3.43   0.00   0.00    0.00  0.00  0.00  0.00  -1.00   -1.0        -1.  22.38  347.9  40505.
131 20 12 21 0.60 141.67 214.42  6.44 1654   -1.00    -1.0      -1.  -1.00  -1.00   0.00   0.00    0.00  0.00  0.00  0.00  -1.00   -1.0        -1.  23.15  335.8  83485.
131 20 55 33 0.60 141.69 214.06  6.44 1654   23.05   326.2  121525.  -3.75   6.03   0.00   0.00    0.00  0.00  0.00  0.00  -1.00   -1.0        -1.  22.53  330.5 133271.
131 21 38 45 0.60 141.72 213.68  6.44 1654   18.54   346.5  167182.  -2.23   1.42   0.00   0.00    0.00  0.00  0.00  0.00  -1.00   -1.0        -1.  16.90  346.6 165210.
131 22 21 57 0.60 141.75 213.31  6.43 1654   17.77   346.7  175108.  -1.04  -0.20   0.00   0.00    0.00  0.00  0.00  0.00  -1.00   -1.0        -1.  16.91  349.2 178935.
131 23 05 09 0.60 141.77 212.94  6.43 1654   18.00   354.1  123152.  -2.67  -3.10   0.00   0.00    0.00  0.00  0.00  0.00  -1.00   -1.0        -1.  16.90  353.8 112462.
131 23 48 21 0.60 141.80 212.57  6.43 1654   16.64   348.0   73301.   1.02  -3.25   0.00   0.00    0.00  0.00  0.00  0.00  -1.00   -1.0        -1.  15.81  347.9  81601.
