266  1 35 13 0.76 120.98  80.55 -5.09 1672   16.69   355.2   75387.  -1.51  -0.41   8.21  -6.30    0.07  0.00  0.00  0.00  -1.00   -1.0        -1.  16.05  354.5  72905.
266  2 18 25 0.76 120.99  80.16 -5.09 1672   17.51   352.9  104162.  -1.71   0.39   0.00   0.00    0.00  0.00  0.00  0.00  -1.00   -1.0        -1.  16.67  354.5  87975.
266  3 01 37 0.76 120.99  79.77 -5.10 1672   16.85   359.0   95622.  -2.00   1.88   7.44  -5.80   -1.94  0.00  0.00  0.00  -1.00   -1.0        -1.  17.21  361.0 115470.
266  3 44 49 0.76 121.00  79.38 -5.10 1672   19.22   360.0  119530.  -2.74   1.31   0.00   0.00    0.00  0.00  0.00  0.00  -1.00   -1.0        -1.  18.55  361.1 104328.
266  7 20 49 0.76 121.02  77.43 -5.11 1672   24.73   386.2   89570.   0.49   0.41   3.08   2.81   -2.12  0.00  0.00  0.00   0.56  389.9    227470.  24.88  384.9  88738.
266  8 04 01 0.76 121.03  77.03 -5.12 1672   27.47   384.8   94059.  -3.79   2.27   0.00   0.00    0.00  0.00  0.00  0.00   0.90  383.9    237098.  26.53  388.5  95823.
266  9 16 01 0.76 120.98  76.33 -5.35 1673   -1.00    -1.0      -1.  -1.00  -1.00   7.40 -17.98    2.69  0.00  0.00  0.00  -1.00   -1.0        -1.  -1.00   -1.0     -1.
266  9 18 49 0.76 120.98  76.30 -5.35 1673   -1.00    -1.0      -1.  -1.00  -1.00   2.89 -19.58    2.92  0.00  0.00  0.00  -1.00   -1.0        -1.  -1.00   -1.0     -1.
266  9 59 13 0.76 120.99  75.94 -5.35 1672   -1.00    -1.0      -1.  -1.00  -1.00  -0.78 -18.39   -6.24  0.00  0.00  0.00  -1.00   -1.0        -1.  -1.00   -1.0     -1.
266 10 04 01 0.76 121.05  75.95 -5.13 1672   33.36   433.9  114557.  -1.86  -0.93   4.91 -19.58    1.25  0.00  0.00  0.00   3.42  423.3    263528.  32.62  431.7 101761.
266 10 11 39 0.76 121.05  75.88 -5.13 1672   33.00   441.4   92256.   0.08   1.01   0.00   0.00    0.00  0.00  0.00  0.00   4.08  441.4    439620.  34.07  441.6 109876.
266 10 54 51 0.76 121.05  75.49 -5.13 1672   30.07   439.8   93539.   0.19   0.88   7.67 -17.09   -2.61  0.00  0.00  0.00   4.24  430.9    368804.  28.17  439.7  83222.
266 11 38 03 0.76 121.06  75.10 -5.13 1672   29.14   438.5  103652.  -0.55   2.87   0.00   0.00    0.00  0.00  0.00  0.00   3.33  428.4    328393.  28.74  440.6 116373.
266 12 21 15 0.76 121.06  74.71 -5.14 1672   31.51   446.4  136588.   0.39  -0.95   2.48 -15.77    2.30  0.00  0.00  0.00   3.44  441.4    356993.  32.44  447.7 160571.
266 13 49 37 0.76 121.08  73.91 -5.14 1672   32.20   427.6  151674.  -2.08  -2.27   0.00   0.00    0.00  0.00  0.00  0.00   3.01  425.2    433006.  31.87  427.3 132868.
266 14 32 49 0.76 121.08  73.52 -5.15 1672   28.22   413.4  129097.  -2.51   1.27   0.00   0.00    0.00  0.00  0.00  0.00  -1.00   -1.0        -1.  27.22  412.9 115015.
266 15 16 01 0.76 121.09  73.13 -5.15 1672   26.65   415.8  103424.  -0.57   2.34   1.24 -13.08   -6.23  0.00  0.00  0.00   2.23  410.7    276639.  26.92  416.8 107040.
266 18 32 14 0.76 121.12  71.36 -5.16 1672   -1.00    -1.0      -1.  -1.00  -1.00  -4.57   2.91  -14.35  0.00  0.00  0.00  -1.00   -1.0        -1.  -1.00   -1.0     -1.
266 18 52 01 0.76 121.12  71.18 -5.16 1672   20.46   409.5  125764.   0.00   0.00   0.00   0.00    0.00  0.00  0.00  0.00   1.31  395.9    308071.  19.40  408.3 106592.
266 19 52 20 0.76 121.13  70.64 -5.17 1672   -1.00    -1.0      -1.  -1.00  -1.00   3.12   1.34   -8.53  0.00  0.00  0.00  -1.00   -1.0        -1.  -1.00   -1.0     -1.
266 20 03 08 0.76 121.13  70.54 -5.17 1672   27.83   415.0   41694.  -6.09   3.08   0.00   0.00    0.00  0.00  0.00  0.00   0.93  413.5     72519.  26.72  417.4  38582.
266 20 13 56 0.76 121.13  70.44 -5.17 1672   27.54   412.4   35272.  -5.93   3.09   0.00   0.00    0.00  0.00  0.00  0.00   0.63  406.9    125611.  28.37  414.0  36805.
