1978/294   rh    esh  clong  clat crot    np1     vp1     Tp1   vaz   vel     Bx     By     Bz  sBx  sBy  sBz   nal   val     Tal   np2   vp2     Tp2
hh:mm:ss [AU]  [deg]  [deg] [deg]    # [cm-3]  [km/s]     [K] [deg] [deg]   [nT]   [nT]   [nT] [nT] [nT] [nT][cm-3][km/s]     [K][cm-3][km/s]     [K]
 0:00:58 0.44 147.24  98.22 -7.14 1673  41.82   355.5 110623. -1.76  2.96   6.99 -14.51  -1.39 0.00 0.00 0.00 -1.00  -1.0     -1. 36.78 354.8  98295.
 0:03:40 0.44 147.24  98.21 -7.14 1673  41.56   356.9 109762. -1.09  2.83   0.00   0.00   0.00 0.00 0.00 0.00  1.20 353.6 297962. 39.01 356.4 110314.
 0:06:22 0.44 147.25  98.19 -7.14 1673  42.94   354.3 114105. -1.24  2.70   0.00   0.00   0.00 0.00 0.00 0.00  0.94 361.7 265958. 37.44 353.2 102421.
 0:09:04 0.44 147.25  98.17 -7.14 1673  46.73   343.6 125498. -2.04  2.34   0.00   0.00   0.00 0.00 0.00 0.00  0.53 368.6 136422. 43.88 346.4 129100.
 0:11:46 0.44 147.25  98.15 -7.14 1673  48.78   350.2 117493. -1.71  2.07   0.00   0.00   0.00 0.00 0.00 0.00 -1.00  -1.0     -1. 44.23 347.9 115541.
 0:14:28 0.44 147.26  98.13 -7.14 1673  48.09   342.2 114723. -2.10  2.47   0.00   0.00   0.00 0.00 0.00 0.00  1.09 348.4 279237. 42.97 343.2 121853.
 0:17:12 0.44 147.26  98.10 -7.14 1673  46.17   347.6  92350. -0.33  3.12   0.00   0.00   0.00 0.00 0.00 0.00 -1.00  -1.0     -1. 42.44 346.6 111377.
 0:17:22 0.44 147.26  98.10 -7.14 1673  46.41   340.0 114531. -3.77  1.66   0.00   0.00   0.00 0.00 0.00 0.00 -1.00  -1.0     -1. 42.75 340.9 118497.
 0:19:50 0.44 147.27  98.08 -7.14 1673  46.93   346.7  91532.  0.07  3.29   0.00   0.00   0.00 0.00 0.00 0.00  1.14 349.9 278198. 42.34 345.5 105578.
 0:22:32 0.44 147.27  98.07 -7.14 1673  45.54   346.0 104863.  0.09  3.08   7.27 -14.29  -1.22 0.16 0.16 0.20  0.95 352.5 228614. 41.89 346.0  91317.
 0:25:14 0.44 147.28  98.04 -7.14 1673  -1.00    -1.0     -1. -1.00 -1.00   7.41 -14.36   0.22 0.12 0.22 0.44 -1.00  -1.0     -1. -1.00  -1.0     -1.
 0:27:56 0.44 147.28  98.02 -7.14 1673  -1.00    -1.0     -1. -1.00 -1.00   8.00 -12.28  -1.48 0.50 0.65 0.01 -1.00  -1.0     -1. -1.00  -1.0     -1.
 0:28:00 0.44 147.28  98.03 -7.14 1673  44.39   345.7 107430. -1.77  3.21   0.00   0.00   0.00 0.00 0.00 0.00 -1.00  -1.0     -1. 40.54 346.9  93673.
 0:38:48 0.44 147.30  97.94 -7.14 1673  42.98   356.4 108901. -0.71  2.23   9.47 -14.21   1.35 0.20 0.10 0.00 -1.00  -1.0     -1. 39.29 355.1 108762.
 0:49:36 0.44 147.32  97.86 -7.14 1673  34.11   347.3 100303. -4.55  2.63  17.65  -0.76   3.97 0.20 0.05 0.00 -1.00  -1.0     -1. 29.46 349.3  88238.
 1:00:24 0.44 147.34  97.78 -7.14 1673  28.49   358.4  80942. -4.92  3.29  18.59   4.15   5.16 0.06 0.45 0.21 -1.00  -1.0     -1. 26.29 360.3  79090.
 1:11:12 0.44 147.36  97.70 -7.14 1673  27.32   353.7  80016. -3.62  3.10  18.18   4.58   5.76 0.05 0.20 0.00 -1.00  -1.0     -1. 24.90 353.2  74078.
 1:22:00 0.44 147.37  97.62 -7.14 1673  27.18   356.3  57248. -2.11  3.78  18.58   4.94   4.94 0.19 0.09 0.05  0.12 430.5 383201. 26.26 361.4 107930.
 1:32:48 0.44 147.39  97.54 -7.14 1673  31.91   368.1 107563.  1.47  3.50  16.78  -3.26   8.99 0.31 0.25 0.00 -1.00  -1.0     -1. 27.13 363.1  90310.
 1:43:36 0.44 147.41  97.46 -7.14 1673  34.73   363.8  53229.  0.95  4.22  14.83 -14.74   6.84 0.20 0.10 0.01  0.69 365.5 170024. 31.67 366.0  56965.
 1:54:24 0.44 147.43  97.38 -7.14 1673  34.69   377.5  51339.  2.01  4.42  13.17 -16.22   7.50 1.35 2.17 1.19  0.70 376.8 175807. 30.23 377.1  62205.
 2:05:12 0.44 147.45  97.30 -7.14 1673  26.26   362.1  44601. -2.78  2.62  19.74   1.18  11.22 0.10 0.37 0.21  0.07 497.1 540011. 23.83 365.7  47574.
 2:16:00 0.44 147.47  97.22 -7.14 1673  27.43   367.2  48737. -4.58  1.01  17.45   4.35  12.99 0.06 0.20 0.40 -1.00  -1.0     -1. 23.55 367.4  47301.
 2:26:48 0.44 147.48  97.14 -7.14 1673  33.51   342.9  70609. -3.77  1.21  17.45   6.47   7.68 0.10 0.15 0.00 -1.00  -1.0     -1. 29.95 342.6  70550.
 2:37:36 0.44 147.50  97.06 -7.14 1673  29.08   343.4  53158. -4.98  3.63  19.28   5.65   6.31 0.01 0.45 0.61 -1.00  -1.0     -1. 27.12 346.9  62952.
 2:48:24 0.44 147.52  96.98 -7.14 1673  27.34   338.6  50819. -3.61  3.35  20.75   2.29   5.20 0.15 0.80 0.26 -1.00  -1.0     -1. 24.28 341.5  47976.
 2:59:12 0.44 147.54  96.89 -7.14 1673  31.05   341.1  52073. -3.62  2.48  21.22   0.98   6.93 0.17 0.46 0.49  0.24 435.5 267933. 28.72 341.3  51387.
 3:10:00 0.44 147.56  96.82 -7.13 1673  32.32   342.5  63413. -3.05  2.21  22.05  -1.48   5.74 0.15 0.85 0.15  0.17 457.7 316478. 27.63 341.7  61552.
 3:20:48 0.44 147.58  96.74 -7.13 1673  33.79   341.8  67077. -1.77  5.06  22.97  -2.17   2.98 0.04 0.43 0.38  0.15 467.9 271389. 30.20 343.8  66421.
 3:31:36 0.44 147.59  96.65 -7.13 1673  32.16   343.6  63264. -1.36  3.33  22.22  -8.19   1.84 0.05 0.50 0.40  0.17 466.0 354940. 27.79 343.2  49669.
 3:42:24 0.44 147.61  96.57 -7.13 1673  33.51   352.1  66548. -1.80  1.03  19.59  -6.57  10.83 0.37 0.74 0.26  1.00 360.3 144647. 30.55 351.7  66252.
 3:53:12 0.44 147.63  96.49 -7.13 1673  37.56   334.5  44559.  0.00  2.59  19.89 -12.43   5.20 0.45 0.45 0.16  2.49 334.9 189931. 33.11 337.0  59281.
 4:04:00 0.44 147.65  96.42 -7.13 1673  28.33   343.1  48227. -4.58  2.51  24.55   0.99   1.14 0.11 0.30 0.20  1.18 349.0 235396. 26.39 346.2  59057.
 4:14:48 0.44 147.67  96.33 -7.13 1673  28.67   339.8  59245. -3.99  2.43  24.69   0.08   0.21 0.09 0.62 0.05  1.06 335.7 346974. 24.18 339.9  41678.
 4:25:36 0.44 147.69  96.25 -7.13 1673  27.34   341.9  46148. -3.80  0.37  24.36   0.33  10.25 0.11 0.21 0.40  1.71 341.2 283707. 25.67 343.9  47980.
 4:36:24 0.44 147.71  96.17 -7.13 1673  24.24   340.2  47860. -0.65 -1.18  21.36 -10.33   9.62 0.30 0.75 0.05  2.00 328.5 295311. 22.75 342.4  44043.
 4:47:12 0.44 147.72  96.09 -7.13 1673  33.23   355.0  43295.  3.33  2.38  13.53 -21.41  -3.55 0.10 0.15 0.40  1.78 352.8 143673. 29.21 353.4  40109.
 4:55:18 0.44 147.74  96.03 -7.13 1673  -1.00    -1.0     -1. -1.00 -1.00  12.80 -20.84  -6.08 0.40 0.33 0.50 -1.00  -1.0     -1. -1.00  -1.0     -1.
 5:10:00 0.44 147.76  95.92 -7.13 1673  -1.00    -1.0     -1. -1.00 -1.00   6.16 -19.12 -13.43 0.00 0.00 0.00 -1.00  -1.0     -1. -1.00  -1.0     -1.
 5:12:42 0.44 147.77  95.90 -7.13 1673  -1.00    -1.0     -1. -1.00 -1.00   6.55 -19.37 -12.90 0.24 0.22 0.48 -1.00  -1.0     -1. -1.00  -1.0     -1.
 5:15:24 0.44 147.77  95.88 -7.13 1673  32.24   331.9  48750.  2.43  2.91  12.89 -18.95  -7.31 0.63 0.20 1.88  1.56 335.2 158161. 30.78 329.2  60415.
 5:18:06 0.44 147.78  95.86 -7.13 1673  30.24   353.1  45108.  2.15  7.02  14.10 -18.65  -6.80 0.32 0.20 0.62  1.89 345.7 278484. 28.01 352.6  41892.
 5:18:16 0.44 147.77  95.86 -7.13 1673  31.55   340.2  42025.  2.45  5.48  13.90 -18.83  -6.96 0.56 0.51 0.50  1.62 335.8 162254. 28.18 339.7  43805.
 5:19:20 0.44 147.78  95.85 -7.13 1673  33.99   334.7  47723.  1.73  3.74  11.98 -20.37  -6.49 0.54 0.57 0.44 -1.00  -1.0     -1. 28.77 331.1  41324.
 5:22:02 0.44 147.78  95.84 -7.13 1673  31.15   336.8  41489.  2.58  4.27  10.34 -21.55  -6.52 0.66 0.62 0.44  1.94 337.9 157823. 29.66 337.3  43546.
 5:24:44 0.44 147.79  95.81 -7.13 1673  35.30   343.8  47489.  3.52  3.37  12.26 -20.40  -4.88 0.55 0.41 0.38  1.81 334.1 188956. 31.54 337.3  47239.
 5:27:26 0.44 147.79  95.79 -7.13 1673  35.01   357.4  46476.  4.91  3.42   8.92 -21.57  -6.39 0.69 0.29 0.33  1.54 347.4 217439. 30.46 350.0  45530.
 5:30:08 0.44 147.80  95.77 -7.13 1673  33.60   352.9  41756.  4.36  4.20   9.82 -21.02  -7.71 0.52 0.43 0.44  1.69 353.1 156927. 29.61 350.7  46193.
 5:32:50 0.44 147.80  95.75 -7.13 1673  29.21   343.9  46313.  4.37  0.75  11.39 -21.91  -5.07 0.73 0.64 0.57  1.54 344.6 227288. 15.00 336.4  71281.
 5:35:32 0.44 147.81  95.73 -7.13 1673  36.08   358.3  44790.  4.25  4.12   9.16 -23.16  -5.83 2.09 0.88 2.92  1.66 355.0 147662. 30.85 354.8  44400.
 5:38:14 0.44 147.81  95.71 -7.13 1673  34.91   374.8  44877.  4.27  5.11   4.49 -24.11  -8.64 0.48 0.21 0.26  1.32 377.6 176846. 30.66 371.3  47304.
 5:40:56 0.44 147.82  95.69 -7.13 1673  35.69   376.7  46252.  4.87  2.58   3.52 -24.91  -5.54 2.18 0.37 0.67  1.50 374.3 328601. 29.02 369.8  39868.
 5:43:38 0.44 147.82  95.67 -7.13 1673  33.85   351.9  44173.  3.05  5.98  10.31 -21.62  -9.94 0.35 0.33 0.84  1.23 352.1 174221. 31.25 346.6  43010.
 5:46:20 0.44 147.83  95.65 -7.13 1673  34.10   348.4  44962.  3.23  6.18  11.10 -19.15 -12.41 0.19 0.54 1.03  1.72 354.9 191399. 31.28 345.2  52696.
 5:49:02 0.44 147.83  95.63 -7.13 1673  39.61   342.8  59963.  1.70  7.47  11.66 -18.97 -12.05 0.49 0.29 0.68  1.73 349.9 118192. 34.74 341.8  50413.
 5:51:44 0.44 147.83  95.61 -7.13 1673  36.60   348.6  54155.  2.12  8.97   7.92 -19.73 -12.97 0.08 1.30 1.88  1.08 354.0 157329. 33.57 348.2  65028.
 5:54:26 0.44 147.84  95.59 -7.13 1673  33.81   358.0  46697.  3.84  6.44   4.75 -22.60 -10.63 0.46 0.33 0.70  1.65 359.7 266374. 28.58 352.1  45202.
 5:57:08 0.44 147.84  95.57 -7.13 1673  36.05   369.3  46895.  4.86  3.58   2.57 -24.26  -7.91 0.74 0.13 0.40  1.21 366.3 188073. 31.17 363.1  48704.
 5:59:50 0.44 147.85  95.55 -7.13 1673  33.07   368.8  45313.  5.08  4.55   6.31 -23.94  -6.63 0.31 0.28 0.61  1.13 374.2 184318. 29.95 365.7  49221.
 6:02:32 0.44 147.85  95.53 -7.13 1673  33.35   363.2  56374.  4.67  3.38   2.72 -23.17 -11.01 1.54 0.22 0.60  1.63 362.9 142023. 30.08 358.8  46391.
 6:05:14 0.44 147.86  95.51 -7.13 1673  33.36   369.1  47324.  4.91  2.84   3.86 -23.24  -9.53 1.01 0.94 2.83  1.96 366.0 270116. 28.77 367.5  46102.
 6:07:56 0.44 147.86  95.49 -7.13 1673  28.47   364.7  33306.  5.04  2.76   6.70 -23.94  -5.94 0.61 0.30 0.43  1.86 358.8 200534. 26.23 358.8  43344.
 6:10:38 0.44 147.87  95.47 -7.13 1673  30.59   356.1  48516.  4.38  2.84   8.77 -22.86  -4.36 1.21 0.14 0.28  1.86 359.3 325742. 30.40 349.5  44069.
 6:13:20 0.44 147.87  95.45 -7.13 1673  28.54   336.4  43260.  2.92  2.11  11.56 -21.59  -4.36 0.86 0.65 0.77  2.26 329.0 210695. 26.05 329.9  39141.
 6:16:02 0.44 147.88  95.43 -7.13 1673  29.74   360.2  48532.  4.21  4.69   5.83 -23.48  -9.48 0.41 0.15 0.54  1.40 357.2 273455. 30.26 354.0  41070.
 6:18:44 0.44 147.88  95.41 -7.13 1673  25.97   349.6  36266.  4.11  4.78   6.28 -23.21 -10.33 0.59 0.34 0.26  2.08 349.0 248234. 24.08 345.9  38218.
 6:21:26 0.44 147.89  95.39 -7.13 1673  29.98   368.0  44130.  3.95  4.88  -0.48 -23.63 -10.21 1.70 0.39 0.87  2.14 366.9 277288. 26.89 366.1  45202.
 6:24:08 0.44 147.89  95.37 -7.13 1673  32.98   372.3  49978.  3.42  6.16   1.15 -23.28 -11.41 1.03 0.66 1.01  1.55 370.2 236046. 29.09 367.5  47028.
 6:26:50 0.44 147.89  95.35 -7.13 1673  29.92   343.2  38465.  4.80  3.03   8.96 -23.40  -6.66 0.22 0.10 0.19  2.16 339.1 274053. 27.38 340.5  40170.
 6:29:32 0.44 147.90  95.33 -7.13 1673  28.06   347.9  40135.  5.25  2.88   6.58 -24.24  -7.65 0.38 0.22 0.28  1.97 344.7 250144. 24.90 341.8  39001.
 6:32:14 0.44 147.90  95.31 -7.12 1673  28.12   335.8  37984.  4.94  2.29  10.27 -22.36  -6.68 1.38 0.58 0.86  2.05 334.5 266893. 24.56 333.0  45871.
 6:34:56 0.44 147.91  95.29 -7.12 1673  28.09   339.8  36048.  4.80  2.00  11.25 -21.73  -4.17 0.43 0.41 1.69  2.31 330.2 284864. 24.79 333.0  37793.
 6:37:38 0.44 147.91  95.27 -7.12 1673  28.69   325.2  79737.  0.39  5.22  11.11 -18.16  -6.49 1.88 1.30 0.98 -1.00  -1.0     -1. 26.46 319.9  45703.
 6:40:20 0.44 147.92  95.25 -7.12 1673  30.81   316.3  40138.  1.84  2.94   9.32 -21.27  -9.40 0.40 0.21 0.30  2.69 321.3 242062. 28.32 312.4  38637.
 6:43:02 0.44 147.92  95.23 -7.12 1673  39.65   346.8  67357.  3.31  5.25  -0.77 -20.75 -12.81 1.66 0.27 0.78  2.07 349.9 217985. 35.68 343.7  56666.
 6:45:44 0.44 147.93  95.21 -7.12 1673  25.25   405.4  55484.  0.30  6.40 -11.52 -14.29 -15.53 1.78 1.70 0.20  1.98 400.8 336358. 20.74 405.6  43568.
 6:48:26 0.44 147.93  95.19 -7.12 1673  33.51   403.1  79425. -0.33  6.35  15.54 -16.68   0.42 0.66 0.17 0.18  1.78 404.0 250170. 29.85 402.9  64173.
 6:51:08 0.44 147.94  95.17 -7.12 1673  29.20   328.4  58518.  3.57  1.03  14.74 -17.94  -3.43 0.37 0.26 0.20 -1.00  -1.0     -1. 25.77 325.1  47691.
 6:53:50 0.44 147.94  95.15 -7.12 1673  28.70   322.9  54655.  3.25  0.23  15.78 -17.11  -3.02 0.50 0.24 0.57  2.58 321.2 221545. 26.81 318.5  43757.
 6:56:32 0.44 147.95  95.13 -7.12 1673  24.62   323.8  68910.  3.04  0.62  15.00 -17.41  -3.70 1.15 0.66 0.88 -1.00  -1.0     -1. 23.06 318.4  63134.
 6:59:14 0.44 147.95  95.11 -7.12 1673  19.52   331.9  50354.  2.88  3.01  19.68 -14.17   0.22 0.16 0.24 0.60  1.73 350.7 231654. 17.72 329.4  61279.
 7:01:56 0.44 147.95  95.09 -7.12 1673  17.38   331.6  64021.  0.31  3.09  21.59 -10.31   0.74 0.12 0.52 1.26 -1.00  -1.0     -1. 15.44 331.0  52352.
 7:04:38 0.44 147.96  95.07 -7.12 1673  15.21   329.6  46827. -1.02  0.11  22.59  -8.03   3.28 0.12 0.39 0.71  1.74 347.9 233577. 14.94 329.8  61656.
 7:07:20 0.44 147.97  95.05 -7.12 1673  17.76   331.0  55445.  0.49  2.03  23.12  -8.47   2.67 0.16 0.24 0.26  1.78 352.9 323832. 15.40 329.0  43464.
 7:10:02 0.44 147.97  95.03 -7.12 1673  15.93   327.3  41759.  0.00  0.00  23.64  -6.77   3.41 0.00 0.00 0.16  1.58 348.5 236124. 14.45 324.9  36945.
 7:12:44 0.44 147.97  95.01 -7.12 1673  -1.00    -1.0     -1. -1.00 -1.00  20.69 -11.11   7.88 0.00 0.00 0.00 -1.00  -1.0     -1. -1.00  -1.0     -1.
 9:31:36 0.44 148.22  93.98 -7.12 1673  13.93   326.5  57059.  1.00  0.24   0.00   0.00   0.00 0.00 0.00 0.00  2.11 337.1 237228. 12.02 325.1  46716.
 9:34:18 0.44 148.22  93.96 -7.12 1673  13.93   338.1  72681.  3.59 -2.46  21.12 -10.59   7.30 0.45 0.49 0.82  2.64 339.0 399625. 12.61 333.9  64193.
 9:37:00 0.44 148.23  93.94 -7.12 1673  15.60   328.1  62715.  1.07  0.85  22.47  -7.45   4.23 0.36 1.34 0.28  2.46 348.2 379979. 13.25 326.4  54142.
 9:39:42 0.44 148.23  93.92 -7.12 1673  14.05   330.3  49779.  3.21  0.82  21.78 -11.06   3.68 0.21 0.41 0.52  1.81 350.7 247922. 12.99 327.4  65495.
 9:42:26 0.44 148.23  93.90 -7.11 1673  15.11   330.8  62634.  3.21  0.76  21.51 -11.69   4.24 0.27 0.43 0.33  2.06 355.5 298273. 13.16 327.2  51946.
 9:45:08 0.44 148.24  93.88 -7.11 1673  15.86   337.8  72301.  4.66  0.11  21.29 -12.60   3.49 0.23 0.56 0.56  1.94 350.6 232551. 13.31 333.5  62637.
 9:47:50 0.44 148.24  93.86 -7.11 1673  15.11   328.2  61919.  1.93  1.51  22.29 -10.03   3.25 0.17 0.20 0.32  2.05 314.0 209694. 13.14 325.9  49373.
 9:50:32 0.44 148.25  93.84 -7.11 1673  14.75   331.2  50751.  2.84  1.22  22.27 -11.46   3.49 0.20 0.86 0.40  1.98 361.6 405888. 14.17 329.3  64755.
 9:53:14 0.44 148.25  93.82 -7.11 1673  15.49   328.0  58082.  1.85  1.21  22.92 -10.42   4.30 0.36 0.60 0.51  1.83 353.6 358123. 13.48 326.2  50517.
 9:55:56 0.44 148.26  93.80 -7.11 1673  15.27   324.7  55724.  0.88  1.72  23.11  -7.15   6.74 0.15 0.63 0.75  2.01 338.9 377185. 13.40 321.9  43809.
 9:58:38 0.44 148.26  93.78 -7.11 1673  16.40   333.2  64229.  0.10 -0.51  23.36  -7.24   4.41 0.82 2.59 0.57  1.93 351.3 362788. 14.84 331.5  55701.
10:01:20 0.44 148.27  93.76 -7.11 1673  -1.00    -1.0     -1. -1.00 -1.00  22.59 -10.32   1.56 1.06 2.15 2.38 -1.00  -1.0     -1. -1.00  -1.0     -1.
10:01:30 0.44 148.27  93.76 -7.11 1673  -1.00    -1.0     -1. -1.00 -1.00  23.68  -9.57   2.96 0.00 0.00 0.00 -1.00  -1.0     -1. -1.00  -1.0     -1.
10:09:06 0.44 148.28  93.70 -7.11 1673  15.29   328.5  48821.  1.62  3.31   0.00   0.00   0.00 0.00 0.00 0.00  2.16 359.2 387645. 13.70 323.4  43711.
10:09:16 0.44 148.27  93.69 -7.11 1673  17.78   369.2 152245.  8.08  9.49   0.00   0.00   0.00 0.00 0.00 0.00 -1.00  -1.0     -1. 15.46 357.4 135568.
10:09:26 0.44 148.28  93.69 -7.11 1673  16.68   406.8 119534.  9.67  6.19   0.00   0.00   0.00 0.00 0.00 0.00 -1.00  -1.0     -1. 15.26 398.9 144426.
10:09:26 0.44 148.28  93.70 -7.11 1673  20.14   364.5 156611.  5.78 10.78   0.00   0.00   0.00 0.00 0.00 0.00 -1.00  -1.0     -1. 16.88 358.3 130672.
10:12:08 0.44 148.29  93.68 -7.11 1673  17.20   337.9  78886.  5.54  4.60   0.00   0.00   0.00 0.00 0.00 0.00  3.03 336.5 371442. 14.47 331.0  73682.
10:14:50 0.44 148.29  93.66 -7.11 1673  15.92   376.5 140938.  9.47  3.14   0.00   0.00   0.00 0.00 0.00 0.00 -1.00  -1.0     -1. 14.96 364.6 122522.
10:17:32 0.44 148.30  93.64 -7.11 1673  17.64   337.1  87351.  5.77  6.28   0.00   0.00   0.00 0.00 0.00 0.00 -1.00  -1.0     -1. 15.62 330.2  70170.
10:25:38 0.44 148.31  93.58 -7.11 1673  15.30   330.5  66392. -7.39 -3.33   0.00   0.00   0.00 0.00 0.00 0.00 -1.00  -1.0     -1. 13.39 332.9  56614.
10:28:20 0.44 148.31  93.56 -7.11 1673  15.04   325.2  51599. -0.53 -0.79   0.00   0.00   0.00 0.00 0.00 0.00  2.16 347.9 246220. 14.07 322.2  46515.
10:31:02 0.44 148.32  93.54 -7.11 1673  14.91   328.4  66369.  2.52  0.36   0.00   0.00   0.00 0.00 0.00 0.00  2.16 355.8 287891. 13.66 325.1  58011.
10:33:44 0.44 148.32  93.52 -7.11 1673  15.62   321.3  56910.  1.38  1.15   0.00   0.00   0.00 0.00 0.00 0.00  2.63 359.3 338567. 14.18 318.9  46482.
10:36:26 0.44 148.33  93.50 -7.11 1673  15.71   325.0  61451.  1.76  1.50   0.00   0.00   0.00 0.00 0.00 0.00  2.75 349.8 359357. 14.21 321.2  56624.
10:39:08 0.44 148.33  93.48 -7.11 1673  15.60   324.8  55211.  3.21  2.90  23.69  -9.47   2.72 0.23 0.21 0.65  2.22 353.3 211644. 13.67 320.1  43497.
10:41:50 0.44 148.34  93.46 -7.11 1673  15.89   330.6  68478.  4.52  2.63  22.63 -11.69   3.76 0.13 0.36 0.60  2.32 356.1 308565. 13.98 325.2  58365.
10:44:32 0.44 148.34  93.44 -7.11 1673  14.07   325.6  50312.  0.00 -0.37  24.05  -4.15   6.14 0.09 0.78 0.30  2.06 348.9 244336. 12.70 322.2  47285.
10:47:14 0.44 148.35  93.42 -7.11 1673  15.50   323.5  64014. -1.51  1.59  24.41  -4.30   4.90 0.07 0.32 0.38  2.45 345.4 378432. 12.90 321.4  56315.
10:49:56 0.44 148.35  93.40 -7.11 1673  14.30   320.4  54766. -1.00  2.96  24.49  -4.85   3.60 0.09 0.36 0.17  2.15 343.9 289126. 13.28 319.9  42383.
10:52:38 0.44 148.36  93.38 -7.11 1673  13.56   327.9  65278. -0.77 -0.20  23.96  -3.53   6.05 0.13 0.19 0.64  2.70 346.5 405109. 12.14 327.5  53015.
10:55:20 0.44 148.36  93.36 -7.11 1673  12.61   329.0  50520.  3.78  4.38  23.53  -8.93  -0.53 0.32 0.80 0.67  2.22 350.4 235292. 11.14 322.4  41791.
10:58:02 0.44 148.37  93.34 -7.11 1673  13.71   324.9  66025. -2.13  1.35  24.01  -3.34   5.46 0.14 0.51 0.54  2.68 343.8 386930. 11.93 325.4  51634.
11:00:44 0.44 148.37  93.32 -7.11 1673  13.64   330.1  82514. -4.25  0.22  23.58  -0.98   7.47 0.19 1.07 0.46  2.08 340.8 264905. 12.21 328.6  65918.
11:03:26 0.44 148.38  93.30 -7.11 1673  13.81   327.4  72405. -2.74 -0.58  23.39  -1.85   7.91 0.20 0.44 0.69  2.08 337.3 207421. 11.81 328.6  56289.
11:06:08 0.44 148.38  93.28 -7.11 1673  13.03   331.0  81455. -1.57 -0.59  23.68  -4.42   6.82 0.12 1.14 0.24  2.10 346.1 239723. 12.40 329.1  61324.
11:08:50 0.44 148.38  93.26 -7.11 1673  14.12   326.5  63033. -0.83  0.33  23.07  -8.60   5.78 0.20 2.25 0.82  2.49 344.2 383097. 11.84 326.2  51430.
11:11:32 0.44 148.39  93.24 -7.11 1673  12.86   328.0  52180.  0.77  2.61  22.66 -10.93   5.09 0.42 1.41 0.65  2.18 357.3 380524. 12.47 327.2  65638.
11:14:14 0.44 148.40  93.22 -7.11 1673  13.92   350.6 107621.  8.02  2.18  23.50  -8.79   5.47 0.32 0.78 0.15 -1.00  -1.0     -1. 11.81 342.1  87250.
11:16:56 0.44 148.40  93.20 -7.11 1673  13.22   327.5  53837.  2.05  1.48  23.63  -1.98   6.08 0.29 1.52 1.99  2.03 349.5 237852. 12.62 326.0  65229.
11:19:38 0.44 148.40  93.18 -7.11 1673  15.06   352.8 161874.  0.00 -6.45  21.63 -12.17   4.89 0.18 1.07 1.13 -1.00  -1.0     -1. 13.72 351.3 133736.
11:22:20 0.44 148.41  93.16 -7.11 1673  13.88   329.5  91866. -5.35 -1.48  21.93   1.06   9.91 0.48 0.85 0.79  2.71 331.3 369571. 12.51 331.4  71271.
11:25:02 0.44 148.41  93.14 -7.11 1673  15.21   332.1 111991. -7.04 -2.43  21.21   4.96  10.49 0.26 0.51 0.66  2.13 328.8 240880. 13.06 336.0 101258.
11:27:44 0.44 148.42  93.12 -7.11 1673  15.00   343.1  95333.  0.00  0.00  19.98  -9.20   9.46 2.14 6.51 2.40 -1.00  -1.0     -1. 13.59 343.3 106783.
11:30:26 0.44 148.42  93.10 -7.11 1673  15.14   412.5 197497.  0.00 -1.76  15.73  14.55   8.99 1.10 0.97 0.62 -1.00  -1.0     -1. 12.74 411.6 167650.
11:33:08 0.44 148.43  93.08 -7.11 1673  13.76   344.5 131686. -9.52 -1.58  22.13   4.52   9.20 0.13 0.30 0.25  2.18 351.3 342660. 11.72 350.5 115151.
11:35:50 0.44 148.43  93.06 -7.11 1673  13.67   334.1 102281. -6.46 -0.37  23.41   1.90   7.65 0.29 0.55 0.42 -1.00  -1.0     -1. 11.80 337.0  85522.
11:38:32 0.44 148.44  93.04 -7.11 1673  13.22   331.1  81195. -2.42  0.58  23.69  -4.50   7.75 0.21 1.15 0.32  2.22 345.7 220414. 12.11 328.5  61805.
11:41:14 0.44 148.44  93.02 -7.11 1673  14.23   338.1 104493. -5.25  1.92  23.70  -1.20   8.44 0.69 1.79 1.79  2.10 351.9 253081. 12.27 340.6  86909.
11:43:56 0.44 148.45  93.00 -7.11 1673  14.04   337.7  88040. -2.52 -3.14  21.28  -0.64  13.20 0.76 1.56 1.67  2.65 337.0 338684. 13.11 338.9 103593.
11:46:38 0.44 148.45  92.98 -7.11 1673  13.53   337.2 104074. -0.01 -1.64  23.62  -6.88   8.65 0.24 0.66 0.40  2.22 337.4 221480. 11.62 335.6  84041.
11:49:21 0.44 148.46  92.96 -7.11 1673  13.60   343.1  81358.  2.38 -0.88  23.62 -10.19   7.22 0.15 0.52 0.54  2.28 349.7 240568. 12.00 342.7  97067.
11:52:03 0.44 148.46  92.94 -7.11 1673  14.72   332.5  63894. -0.52  5.56  22.06 -14.49  -3.01 0.83 1.60 0.79  2.03 354.1 248650. 13.39 334.0  76046.
11:54:45 0.44 148.47  92.92 -7.11 1673  13.16   346.6  84908.  4.42 10.24  22.61 -11.68  -4.94 0.05 0.91 1.24  3.12 339.9 370558. 11.81 345.0 102869.
11:57:27 0.44 148.47  92.90 -7.11 1673  13.12   352.4 161422.  5.55  6.81  22.10 -12.84  -4.37 0.23 0.68 0.36 -1.00  -1.0     -1. 10.74 339.2  77966.
12:00:09 0.44 148.48  92.88 -7.11 1673  14.92   338.1  86578.  0.00  9.15  18.76 -12.64  -8.59 2.60 6.14 0.99  2.46 345.2 214749. 13.60 334.0  70894.
12:02:51 0.44 148.48  92.86 -7.11 1673  15.81   372.5 328348. -2.61 16.80  22.32  -4.13  -9.92 0.43 0.79 0.74 -1.00  -1.0     -1. 14.18 371.6 300963.
12:05:33 0.44 148.48  92.84 -7.11 1673  14.59   344.3 130188.  1.00 12.43  23.17  -6.12  -6.83 0.34 1.76 1.23  3.42 333.6 375665. 12.21 341.5 114788.
12:08:15 0.44 148.49  92.82 -7.11 1673  15.40   360.4 258389. -0.85 15.60  22.49  -5.13  -8.68 0.44 0.32 1.03  3.02 331.1 239944. 11.52 345.9  86818.
12:10:57 0.44 148.49  92.80 -7.11 1673  12.97   328.9  83706. -1.63  7.06  24.61  -3.95  -1.68 0.09 0.81 0.79  2.93 332.9 371377. 11.79 326.3  63809.
12:13:39 0.44 148.50  92.78 -7.11 1673  13.21   326.9  70998. -4.25  5.17  24.75  -1.82  -0.61 0.13 0.35 0.36 -1.00  -1.0     -1. 11.66 328.1  56260.
12:16:21 0.44 148.50  92.76 -7.11 1673  13.40   335.9  91886. -8.97 11.51  23.78   3.40  -4.37 0.15 0.30 0.53  2.75 328.7 371819. 12.46 344.4 116912.
12:19:03 0.44 148.51  92.74 -7.11 1673  13.16   337.0 105299.-11.70  6.53  24.52   0.32  -1.28 0.19 0.10 0.55  2.73 336.0 346948. 11.18 341.6  82212.
12:21:45 0.44 148.51  92.72 -7.11 1673  13.61   326.9  92503. -7.21  2.01  24.45   1.17   3.35 0.26 1.21 0.85  2.34 336.8 241555. 11.47 330.1  71583.
12:24:27 0.44 148.52  92.70 -7.11 1673  14.16   325.8  63585.  1.26  4.43  24.62  -6.70   2.28 0.20 0.25 0.40  2.85 343.3 351002. 12.44 323.4  52050.
12:27:09 0.44 148.52  92.68 -7.11 1673  12.98   330.1  80939. -8.17  6.11  24.77   0.53   1.23 0.04 1.35 0.81  2.66 328.5 398131. 11.39 333.8  75644.
12:29:51 0.44 148.53  92.66 -7.11 1673  13.29   324.7  69325. -6.79  2.48  24.24   1.96   5.81 0.18 0.39 0.62  2.31 342.2 347754. 11.72 330.5  84704.
12:32:33 0.44 148.53  92.64 -7.11 1673  14.05   332.8  85272. -6.54 -0.46  24.60   0.09   6.02 0.52 0.88 1.18 -1.00  -1.0     -1. 11.86 334.9  74890.
12:35:15 0.44 148.54  92.62 -7.11 1673  12.05   326.9  72434. -4.32  0.51  24.53  -0.35   6.52 0.12 0.32 0.30  2.95 322.4 352120. 10.70 328.6  57592.
12:37:57 0.44 148.54  92.60 -7.11 1673  13.40   331.9  86964. -2.06 -0.61  23.96  -1.98   7.98 0.18 0.40 0.46 -1.00  -1.0     -1. 12.08 331.5  75826.
12:40:39 0.44 148.55  92.58 -7.11 1673  15.48   364.3 299469.-13.59  1.50  22.66   6.38   6.58 0.25 0.24 0.93 -1.00  -1.0     -1. 12.47 360.1 131709.
12:43:21 0.44 148.55  92.56 -7.10 1673  14.08   334.0 140402. -3.84  9.05  24.89  -1.43   1.55 0.47 1.34 3.45 -1.00  -1.0     -1. 12.01 326.9  73698.
12:46:03 0.44 148.56  92.54 -7.10 1673  15.33   390.8 188388.-17.13 -0.85  18.79  11.35   8.87 0.51 0.73 1.18 -1.00  -1.0     -1. 13.44 403.3 218436.
12:48:45 0.44 148.56  92.52 -7.10 1673  14.86   349.4 219882. -9.69  0.53  24.16  -0.42   7.31 0.08 0.33 0.17 -1.00  -1.0     -1. 14.93 365.2 379761.
12:51:27 0.44 148.57  92.50 -7.10 1673  13.16   327.1  75458. -2.90  0.21  23.95  -3.71   8.20 0.14 0.94 0.34 -1.00  -1.0     -1. 12.14 332.0  90983.
12:54:09 0.44 148.57  92.48 -7.10 1673  14.03   332.9  87536. -2.26 -1.63  23.44  -1.82   9.49 0.21 0.97 0.29  2.85 322.3 213736. 12.79 336.8 117679.
12:56:51 0.44 148.57  92.46 -7.10 1673  14.90   351.7 248354. -9.24 -1.33  22.14  -1.77  11.31 1.63 0.89 3.42 -1.00  -1.0     -1. 13.34 362.5 300352.
12:59:33 0.44 148.58  92.44 -7.10 1673  13.26   376.8 233723. -6.57 -1.90  16.02   5.13  18.00 0.23 0.77 0.37 -1.00  -1.0     -1. 12.35 379.6 215028.
13:02:15 0.44 148.59  92.42 -7.10 1673  12.49   329.2  68614.  0.00  0.00  23.55  -8.82   5.60 0.14 0.39 0.32 -1.00  -1.0     -1. 11.14 332.6  84447.
13:04:57 0.44 148.59  92.40 -7.10 1673  12.66   330.5  84895. -3.90  1.62  24.31  -5.00   4.91 0.13 0.74 0.22 -1.00  -1.0     -1. 10.83 330.0  68949.
13:07:39 0.44 148.59  92.38 -7.10 1673  11.09   328.0  69260. -1.69  1.18  23.97  -7.46   3.83 0.17 0.27 0.53  2.81 333.6 228523.  9.91 328.9  57283.
13:10:21 0.44 148.60  92.36 -7.10 1673  13.40   349.5 341247. -8.76  4.00  24.52  -3.36   2.50 0.19 2.54 0.62 -1.00  -1.0     -1. 10.07 332.5  69725.
13:13:03 0.44 148.60  92.34 -7.10 1673  14.41   363.5 395896.  5.28  3.63  22.16 -12.70   2.98 0.30 0.46 0.99  2.85 349.1 334331. 10.67 338.0  88179.
13:15:45 0.44 148.61  92.32 -7.10 1673  15.61   358.2 332129.  4.38  3.18  21.32 -14.78   2.54 0.22 0.31 0.69 -1.00  -1.0     -1. 13.17 338.1 131364.
13:18:27 0.44 148.61  92.30 -7.10 1673  15.77   352.7 270194.  1.40  9.91  21.07 -12.60   1.57 1.99 2.81 5.43 -1.00  -1.0     -1. 12.69 337.7  91002.
13:21:09 0.44 148.62  92.28 -7.10 1673  14.27   346.5 378176. -0.37  3.08  23.36  -9.02   3.96 0.58 1.35 0.87  2.78 322.9 233031. 10.77 325.7  71375.
13:23:51 0.44 148.62  92.26 -7.10 1673  13.87   336.5 111718.  0.00 -1.11  23.18  -4.08   7.39 0.09 1.28 0.27 -1.00  -1.0     -1. 11.65 335.5  89427.
13:26:33 0.44 148.63  92.24 -7.10 1673  13.00   333.9 146804. -2.23  2.45  23.78  -4.63   5.64 0.44 0.80 1.31  0.19 468.2 355433. 11.53 326.6  66973.
13:29:15 0.44 148.63  92.22 -7.10 1673  12.13   367.5 218728.  0.00 -1.89  21.42  -8.66   7.92 1.29 3.78 0.91 -1.00  -1.0     -1.  9.35 353.2  76150.
13:31:57 0.44 148.64  92.20 -7.10 1673  12.02   334.9  89674. -5.08  0.49  21.57  -7.93  10.80 0.23 1.83 0.89 -1.00  -1.0     -1. 11.68 338.7 113163.
13:34:39 0.44 148.64  92.18 -7.10 1673  13.75   385.0 213895. -9.64 -3.31  21.85  -3.50  10.87 1.18 1.40 2.35 -1.00  -1.0     -1. 12.56 394.9 229221.
13:37:21 0.44 148.65  92.16 -7.10 1673  14.48   364.3 198357. -0.64 -6.02  22.19   0.78   9.87 0.58 1.60 1.08 -1.00  -1.0     -1. 13.53 361.6 171145.
13:40:03 0.44 148.65  92.14 -7.10 1673  12.21   390.0 210016.  9.28  6.78  11.97 -22.07   5.17 1.22 0.71 0.62 -1.00  -1.0     -1. 10.34 378.9 167029.
13:42:45 0.44 148.66  92.12 -7.10 1673  13.67   414.3 227753. 10.78  0.00  15.62 -16.61   8.94 1.20 2.36 3.15 -1.00  -1.0     -1. 12.10 403.7 181335.
13:45:27 0.44 148.66  92.10 -7.10 1673  13.82   385.6 300323.  0.00 -2.73  16.69  -0.08  17.17 0.56 2.25 0.31 -1.00  -1.0     -1. 12.59 381.9 277292.
13:48:09 0.44 148.67  92.08 -7.10 1673  12.13   375.9 156183. -9.24 -3.51  20.40  -7.11  11.45 1.25 3.29 3.03 -1.00  -1.0     -1. 11.09 379.4 142760.
13:50:51 0.44 148.67  92.06 -7.10 1673  12.68   365.0 171044. -4.83-10.20  18.85 -15.49   5.66 0.55 2.21 2.35 -1.00  -1.0     -1. 11.55 367.4 143397.
13:53:33 0.44 148.68  92.04 -7.10 1673  13.44   362.1 192296. -2.61 -3.19  18.39  -4.16  16.10 0.52 0.38 0.62 -1.00  -1.0     -1. 12.39 363.8 165545.
13:56:15 0.44 148.68  92.02 -7.10 1673  10.12   384.2 147867.  0.00  0.00  19.47 -10.15  10.02 2.27 4.67 0.44 -1.00  -1.0     -1.  8.02 383.4 102294.
13:58:57 0.44 148.68  92.00 -7.10 1673  13.14   338.7  98399.  4.75  0.78  20.30 -15.06   4.24 0.30 0.65 0.65  2.08 327.8 212176. 11.59 332.1  83174.
14:01:39 0.44 148.69  91.98 -7.10 1673  12.16   360.0 118471.  7.38 -2.00  18.85 -15.78   7.21 0.54 1.23 0.93 -1.00  -1.0     -1. 10.54 351.4  95375.
14:04:21 0.44 148.69  91.96 -7.10 1673  12.49   318.9  62861. -1.44  0.07  23.38  -9.51   4.65 0.49 0.73 1.06 -1.00  -1.0     -1. 10.92 322.4  74227.
14:07:03 0.44 148.70  91.94 -7.10 1673  12.71   328.0  77966.  2.55  0.36  22.20 -12.43   4.34 0.33 0.65 0.45 -1.00  -1.0     -1. 10.67 325.1  70323.
14:09:45 0.44 148.70  91.92 -7.10 1673  11.93   338.3  87289.  3.68 -1.23  20.57  -5.66  10.26 0.51 5.81 3.48 -1.00  -1.0     -1.  9.88 331.8  77050.
14:12:27 0.44 148.71  91.90 -7.10 1673  12.10   333.3 108235. -9.45  1.06  22.53  -2.31   9.69 0.16 0.86 0.36  2.03 336.6 380368. 10.46 337.8  86711.
14:15:09 0.44 148.71  91.88 -7.10 1673  12.44   317.6  68364.  0.22  0.24  23.74  -6.94   5.17 0.15 0.49 0.34  1.70 347.3 219700. 10.80 316.1  54603.
14:17:51 0.44 148.72  91.86 -7.10 1673  13.07   314.2  81592. -2.85  3.64  23.59  -5.11   6.27 0.32 0.45 0.43  2.07 341.3 377094. 11.61 315.2  70449.
14:20:33 0.44 148.72  91.84 -7.10 1673  13.70   328.1 109333. -1.41  0.53  22.25  -5.53  10.13 0.38 1.23 1.07  1.32 357.2 405317. 12.15 327.0  88959.
14:23:15 0.44 148.73  91.82 -7.10 1673  14.78   354.1 177483. -1.87 -4.18  19.88  -5.31  14.52 0.36 0.39 0.62 -1.00  -1.0     -1. 13.54 351.3 159535.
14:25:57 0.44 148.73  91.80 -7.10 1673  14.89   355.6 151209.  5.82 11.03  18.52 -16.72  -7.15 0.21 0.27 0.67 -1.00  -1.0     -1. 14.17 353.5 188115.
14:28:39 0.44 148.74  91.78 -7.10 1673  11.91   368.2 138280.  9.67  3.58  17.50 -19.61   1.43 0.57 0.47 0.53 -1.00  -1.0     -1. 10.84 355.9 135691.
14:31:21 0.44 148.74  91.76 -7.10 1673  13.05   337.4 111718.  7.02  2.10  20.11 -15.99   3.98 0.19 0.25 0.44  0.95 353.5 230861. 11.16 330.7  90557.
14:34:03 0.44 148.75  91.74 -7.10 1673  13.90   330.0 101144.  5.64  0.11  20.55 -15.25   4.24 0.78 0.95 0.98  1.68 348.1 368375. 12.03 327.6 102502.
14:36:45 0.44 148.75  91.72 -7.10 1673  13.07   323.8  73633.  3.04  5.79  21.51 -13.70   2.72 0.15 0.41 0.60  1.29 345.5 268751. 12.27 322.2  80256.
14:39:27 0.44 148.76  91.70 -7.10 1673  14.43   321.6  81741. -4.24 11.41  23.43  -9.32  -3.11 0.43 1.13 0.62 -1.00  -1.0     -1. 13.07 324.4  97840.
14:42:09 0.44 148.76  91.68 -7.10 1673  12.50   319.9  71011. -1.41 11.35  21.91  -9.51  -7.98 0.76 1.84 0.70 -1.00  -1.0     -1. 11.33 318.7  54740.
14:44:51 0.44 148.77  91.66 -7.10 1673  13.40   324.1  92617.  2.86 10.03  19.53 -16.65  -0.59 2.23 2.49 1.32 -1.00  -1.0     -1. 12.04 325.2 103343.
14:47:33 0.44 148.77  91.64 -7.10 1673  12.22   354.2 153561.  7.10 -2.81  22.38  -5.98  -7.32 1.46 1.83 3.19 -1.00  -1.0     -1. 10.57 346.1 118133.
14:50:15 0.44 148.78  91.62 -7.10 1673  13.62   328.5  91334.  0.79  0.00  20.29  -2.30 -13.54 0.41 1.60 0.53 -1.00  -1.0     -1. 12.52 329.4 111354.
14:52:57 0.44 148.78  91.60 -7.10 1673  12.75   318.3  95865. -7.54  6.83  22.44  -9.50   5.00 0.72 0.75 0.61  2.11 327.2 319336. 11.53 321.4  76358.
14:55:39 0.44 148.79  91.58 -7.10 1673  14.38   316.5  82631.  0.56  2.80  23.06  -8.09   5.51 0.40 0.72 1.65 -1.00  -1.0     -1. 12.08 315.8  70355.
14:58:21 0.44 148.79  91.56 -7.10 1673  15.38   333.9 118384.  3.20  0.00  22.69  -9.81   0.94 0.64 1.18 2.79 -1.00  -1.0     -1. 13.15 328.8  96619.
15:01:03 0.44 148.80  91.54 -7.10 1673  13.25   315.5  82193. -0.11  9.24  23.58  -7.77  -3.70 0.10 0.27 0.30 -1.00  -1.0     -1. 11.46 314.7  71918.
15:03:45 0.44 148.80  91.52 -7.10 1673  13.03   317.6  73493.  0.77  7.17  23.03  -9.07  -2.94 0.15 0.75 0.61 -1.00  -1.0     -1. 12.63 319.0  85318.
15:06:24 0.44 148.80  91.50 -7.10 1673  14.57   335.9 125816. -3.06 15.44  21.69  -6.26  -9.77 0.32 0.50 0.81 -1.00  -1.0     -1. 12.92 334.7 116399.
15:09:06 0.44 148.81  91.49 -7.10 1673  13.47   319.4  76082.  0.00  0.00  24.27  -2.91  -4.63 0.14 0.95 0.50 -1.00  -1.0     -1. 11.58 321.6  77216.
15:11:48 0.44 148.81  91.46 -7.10 1673  -1.00    -1.0     -1. -1.00 -1.00  24.20  -6.88  -3.37 0.13 0.21 0.57 -1.00  -1.0     -1. -1.00  -1.0     -1.
15:12:42 0.44 148.76  91.40 -7.06 1673  -1.00    -1.0     -1. -1.00 -1.00  23.14 -10.35   6.64 0.24 0.27 0.87 -1.00  -1.0     -1. -1.00  -1.0     -1.
15:14:30 0.44 148.82  91.44 -7.10 1673  -1.00    -1.0     -1. -1.00 -1.00  23.32 -11.75   3.21 0.59 1.04 0.61 -1.00  -1.0     -1. -1.00  -1.0     -1.
15:14:40 0.44 148.81  91.44 -7.10 1673  -1.00    -1.0     -1. -1.00 -1.00  23.41 -11.71   3.13 0.45 0.99 0.50 -1.00  -1.0     -1. -1.00  -1.0     -1.
15:14:50 0.44 148.82  91.44 -7.10 1673  -1.00    -1.0     -1. -1.00 -1.00  23.12 -12.01   3.47 0.86 1.42 0.76 -1.00  -1.0     -1. -1.00  -1.0     -1.
15:15:24 0.44 148.82  91.44 -7.10 1673  14.20   323.8  80042.  0.15  8.53  22.25 -13.68   4.11 0.56 0.55 0.89 -1.00  -1.0     -1. 12.55 320.3  68949.
15:18:06 0.44 148.83  91.42 -7.10 1673  14.07   327.9 104656.  4.32  0.98  23.63 -11.00   4.82 0.25 0.39 0.70 -1.00  -1.0     -1. 12.15 321.6  75085.
15:18:16 0.44 148.82  91.41 -7.10 1673  14.31   321.4  83602.  2.59  5.69  23.65 -11.10   4.37 0.27 0.20 1.02 -1.00  -1.0     -1. 12.44 317.0  67337.
15:19:57 0.44 148.83  91.40 -7.10 1673  14.70   318.6  70053.  1.93  2.85  24.11 -10.01   2.21 0.20 0.55 0.21 -1.00  -1.0     -1. 12.42 314.3  57823.
15:22:39 0.44 148.83  91.38 -7.10 1673  13.94   316.7  81598.  0.34  3.11  24.61  -7.66   2.65 0.04 0.16 0.25 -1.00  -1.0     -1. 12.77 315.0  69530.
15:25:21 0.44 148.84  91.36 -7.10 1673  13.74   314.8  71044.  0.00  2.73  24.39  -7.73   4.09 0.27 0.72 0.24 -1.00  -1.0     -1. 12.02 312.1  63488.
15:28:03 0.44 148.84  91.34 -7.10 1673  13.92   314.8  81432. -1.09  1.76  23.84  -8.76   5.75 0.55 1.38 0.70  1.55 334.2 236618. 12.19 314.8  70898.
15:30:45 0.44 148.85  91.32 -7.10 1673  13.61   316.6  68965. -6.40  3.85  25.07   2.09  -0.82 0.16 0.79 0.41  1.90 329.0 366725. 12.67 322.0  75293.
15:33:27 0.44 148.85  91.30 -7.10 1673  13.94   319.8  81887. -7.00  8.54  25.00   1.23  -1.23 0.20 0.31 0.20 -1.00  -1.0     -1. 11.92 322.5  71671.
15:36:09 0.44 148.86  91.28 -7.09 1673  14.32   316.6  74123. -3.71  4.32  24.77  -6.65   2.81 0.15 0.41 0.22  1.99 334.0 377887. 13.00 317.8  80136.
15:38:51 0.44 148.86  91.26 -7.09 1673  13.65   317.8  85194. -0.71  5.97  24.82  -4.05   3.20 0.14 1.87 0.26  1.67 311.6 233304. 13.07 315.3  70008.
15:41:33 0.44 148.87  91.25 -7.09 1673  13.88   312.0  73539. -3.69  3.17  25.06  -3.60   3.32 0.10 0.30 0.30  1.64 340.6 248793. 12.95 315.5  83687.
15:44:15 0.44 148.87  91.22 -7.09 1673  14.48   319.2  97496. -9.43  0.13  24.00   1.44   7.28 0.23 0.57 1.27  1.71 327.7 228432. 12.70 327.8 105581.
15:46:57 0.44 148.88  91.20 -7.09 1673  13.84   322.9 106754. -5.66 -1.00  24.11  -1.83   8.00 0.15 0.53 0.29 -1.00  -1.0     -1. 12.68 325.0  86091.
15:49:39 0.44 148.82  91.13 -7.06 1673  -1.00    -1.0     -1. -1.00 -1.00  22.10  -0.59  12.26 0.49 0.80 0.73 -1.00  -1.0     -1. -1.00  -1.0     -1.
15:51:23 0.44 148.88  91.17 -7.09 1673  15.48   331.1 124133.-10.30 -3.38  19.46  -9.38  14.54 0.27 0.44 0.42 -1.00  -1.0     -1. 13.31 334.6 109918.
15:52:21 0.44 148.83  91.10 -7.06 1673  -1.00    -1.0     -1. -1.00 -1.00  19.67  -7.33  14.91 0.71 0.94 0.92 -1.00  -1.0     -1. -1.00  -1.0     -1.
15:55:03 0.44 148.89  91.15 -7.09 1673  14.90   346.1 127151.  0.73 -2.30  20.00  -2.22  10.19 1.99 6.89 4.75 -1.00  -1.0     -1. 13.36 340.6 112325.
15:57:45 0.44 148.90  91.13 -7.09 1673  14.82   319.2 111861. -8.49 -0.20  23.88  -1.90   6.81 0.14 3.10 0.30 -1.00  -1.0     -1. 13.48 324.2 102976.
16:00:27 0.44 148.90  91.10 -7.09 1673  14.56   318.0  99484. -8.70 -0.57  24.17   1.65   5.98 0.23 0.31 0.96 -1.00  -1.0     -1. 13.22 327.0 108557.
16:03:09 0.44 148.91  91.09 -7.09 1673  14.37   321.6 105448.-10.21  0.40  24.28   1.69   5.26 0.21 2.11 0.99  1.69 333.9 248429. 12.32 326.2  82813.
16:05:51 0.44 148.91  91.07 -7.09 1673  15.25   330.3 121388. -6.08 -5.68  21.49  -3.80  11.41 0.71 3.61 2.27  1.76 326.5 234045. 13.37 332.6 112663.
16:08:33 0.44 148.85  90.98 -7.06 1673  -1.00    -1.0     -1. -1.00 -1.00  22.66  -3.39  10.40 0.12 2.04 0.30 -1.00  -1.0     -1. -1.00  -1.0     -1.
16:12:59 0.44 148.92  91.01 -7.09 1673  13.81   334.6 116201. -2.71 -6.66  20.84  -6.95  10.44 0.00 0.00 0.00 -1.00  -1.0     -1. 12.81 339.1 121063.
16:34:35 0.44 148.96  90.85 -7.09 1673  13.97   389.4 162650.-12.25 -5.03  19.62  -7.84  12.53 0.00 0.00 0.00 -1.00  -1.0     -1. -1.00  -1.0     -1.
16:56:11 0.44 149.00  90.70 -7.09 1673  16.54   337.4 158392.  2.04 -0.82  21.94 -12.36   2.20 0.00 0.00 0.00 -1.00  -1.0     -1. 14.00 333.6 126797.
17:17:47 0.44 149.04  90.53 -7.09 1673  16.95   352.7 262014.-10.81 -6.65  18.90  -0.20  14.21 0.00 0.00 0.00 -1.00  -1.0     -1. 14.93 358.5 213407.
17:39:23 0.43 149.08  90.37 -7.09 1673  17.56   376.4 244200.-11.95 -2.39  16.16   6.13  16.36 0.00 0.00 0.00 -1.00  -1.0     -1. 15.84 384.3 221824.
18:00:59 0.43 149.12  90.22 -7.09 1673  17.70   360.2 262622.-12.87 -4.96  22.05   2.91   9.17 0.00 0.00 0.00 -1.00  -1.0     -1. 16.36 372.9 294700.
18:22:35 0.43 149.15  90.06 -7.08 1673  19.03   344.2 227399. -6.82  0.05  23.02  -1.85  11.32 0.00 0.00 0.00 -1.00  -1.0     -1. 16.59 340.3 138443.
18:44:11 0.43 149.19  89.90 -7.08 1673  19.65   344.7 291669. -0.69  2.90  23.14  -5.36   9.54 0.00 0.00 0.00 -1.00  -1.0     -1. 17.02 341.7 264532.
19:05:47 0.43 149.23  89.74 -7.08 1673  23.10   401.3 253870. -2.30 14.85   5.09 -13.19 -21.51 0.00 0.00 0.00 -1.00  -1.0     -1. 20.70 400.8 245207.
19:27:23 0.43 149.27  89.58 -7.08 1673  19.20   358.2 278802. -6.71 -3.58  23.30  -1.27   9.16 0.16 0.05 0.60 -1.00  -1.0     -1. 17.22 359.3 239648.
19:48:59 0.43 149.31  89.42 -7.08 1673  22.83   382.4 272156. -5.76 -5.25  16.23  -5.07  19.40 0.00 0.00 0.00 -1.00  -1.0     -1. 21.22 383.1 253864.
20:10:35 0.43 149.35  89.26 -7.08 1673  19.83   366.8 231927.  1.26 -2.50  18.27   2.34  14.60 0.00 0.00 0.00 -1.00  -1.0     -1. 18.78 363.1 195863.
20:32:11 0.43 149.39  89.10 -7.08 1673  23.54   444.7 229608.-16.39 -2.38   7.14  17.07  13.48 0.00 0.00 0.00 -1.00  -1.0     -1. 21.00 456.6 248059.
20:53:47 0.43 149.43  88.95 -7.08 1673  23.68   368.2 267985. -3.72 -4.90  15.79 -12.34  13.95 0.09 1.36 0.95 -1.00  -1.0     -1. 21.06 373.4 297955.
21:15:23 0.43 149.47  88.79 -7.07 1673  22.93   409.5 222217.  6.83 -1.83   8.79 -22.58  14.47 0.00 0.00 0.00 -1.00  -1.0     -1. 20.38 403.2 198055.
21:36:59 0.43 149.51  88.63 -7.07 1673  24.16   393.6 325343.  9.45  0.00  12.03 -21.28   5.87 0.00 0.00 0.00 -1.00  -1.0     -1. 21.84 384.1 297286.
21:58:35 0.43 149.55  88.47 -7.07 1673  23.79   359.6 252002.  4.76 -5.26  12.69 -21.74   6.25 0.00 0.00 0.00 -1.00  -1.0     -1. 23.05 356.7 266578.
22:20:11 0.43 149.59  88.31 -7.07 1673  22.11   416.2 176213.  9.19  0.00  10.78 -20.22  12.20 1.60 0.75 0.09 -1.00  -1.0     -1. 19.97 408.2 203422.
22:41:47 0.43 149.62  88.16 -7.07 1673  24.21   359.6 238119.  4.57  2.30  19.38  -5.67  12.02 0.00 0.00 0.00 -1.00  -1.0     -1. 22.74 358.3 272334.
23:03:23 0.43 149.66  88.00 -7.07 1673  23.65   393.5 222175.  8.82  3.00  17.41 -22.00  -3.15 0.00 0.00 0.00 -1.00  -1.0     -1. 21.72 388.0 259438.
23:24:59 0.43 149.70  87.84 -7.07 1673  24.79   362.4 211910.-14.30 -2.65  22.99  -4.32 -13.50 0.00 0.00 0.00 -1.00  -1.0     -1. 25.87 373.2 227678.
23:42:41 0.43 149.74  87.71 -7.06 1673  -1.00    -1.0     -1. -1.00 -1.00  23.25   0.39  -8.95 0.33 2.36 1.50 -1.00  -1.0     -1. -1.00  -1.0     -1.
23:46:35 0.43 149.74  87.68 -7.06 1673  26.78   435.1 177301.  5.32  7.55  -4.44 -23.79 -13.93 0.00 0.00 0.00 -1.00  -1.0     -1. 23.80 426.8 178340.
