142  0 01 51 0.54 121.40 282.24  6.94 1668   15.31   381.9  160640.  -2.24   2.90 -22.24  16.23    0.67  0.30  0.35  0.84  -1.00   -1.0        -1.  14.78  381.2 154945.
142  0 12 39 0.54 121.41 282.15  6.94 1668   15.57   410.2  250011.   0.68   3.65 -17.83  19.92    4.15  0.00  0.00  0.20  -1.00   -1.0        -1.  15.36  404.7 257421.
142  0 23 27 0.54 121.42 282.06  6.94 1668   14.83   402.2  221298.  -2.01   7.39 -18.73  16.73    9.94  0.15  0.16  1.00   0.19  481.9    317491.  13.49  404.0 195999.
142  0 34 15 0.54 121.43 281.97  6.94 1668   16.26   407.9  250112.   1.41   2.15 -18.21  19.09    1.63  0.30  0.25  0.91  -1.00   -1.0        -1.  15.36  401.6 236098.
142  0 45 03 0.54 121.44 281.88  6.94 1668   15.96   411.1  244781.  -2.44   9.24 -18.91  14.09   13.64  0.11  0.26  0.20  -1.00   -1.0        -1.  14.37  412.2 204370.
142  0 55 51 0.54 121.45 281.79  6.94 1668   17.14   430.7  327380.   1.92   6.60 -13.92  19.92    6.52  0.29  0.42  1.36  -1.00   -1.0        -1.  16.02  427.3 302181.
142  1 06 39 0.54 121.46 281.70  6.94 1668   16.41   496.3  353257.   1.67   5.92   1.20  24.34    7.26  0.14  0.60  1.39  -1.00   -1.0        -1.  15.41  494.3 324489.
142  1 17 27 0.54 121.47 281.61  6.94 1668   16.15   401.4  306382.  -2.28   8.06 -20.93  13.28    8.91  0.33  0.53  0.49  -1.00   -1.0        -1.  15.64  399.0 272961.
142  1 28 15 0.54 121.48 281.53  6.94 1668   18.10   398.9  317358.  -6.21   8.72 -22.49  11.04   10.99  0.50  0.45  0.76  -1.00   -1.0        -1.  15.80  398.0 209071.
142  1 39 03 0.54 121.49 281.44  6.93 1668   16.37   385.6  174484. -10.14   5.15 -27.33   5.56    3.77  0.13  0.13  0.98  -1.00   -1.0        -1.  15.82  390.1 175066.
142  1 49 51 0.54 121.50 281.35  6.93 1668   16.88   412.5  320597.  -0.12  -0.83 -19.15  17.13   -0.85  0.65  0.51  0.24   0.13  551.9    285981.  15.51  404.3 216321.
142  2 00 39 0.54 121.51 281.26  6.93 1668   16.62   419.9  333698.  -0.27  -3.11 -22.42  10.90   -6.78  0.13  0.33  0.68  -1.00   -1.0        -1.  16.09  413.9 327990.
142  2 11 27 0.54 121.52 281.17  6.93 1668   16.87   398.7  242150.  -4.55  -7.18 -21.46   8.77  -13.45  0.06  0.20  0.40  -1.00   -1.0        -1.  15.81  398.5 210552.
142  2 22 15 0.54 121.53 281.08  6.93 1668   16.86   393.8  230043.  -3.21  -2.67 -20.92   7.59  -15.81  0.57  1.24  1.71  -1.00   -1.0        -1.  17.25  398.2 246971.
142  2 33 03 0.54 121.54 280.99  6.93 1668   18.41   404.1  214246.   2.21   2.10 -20.64  15.36   -9.09  0.11  0.25  0.60  -1.00   -1.0        -1.  16.29  401.7 201918.
142  2 43 51 0.54 121.55 280.90  6.93 1668   15.98   425.4  401756.   3.34   5.11 -17.97  11.26  -13.12  0.69  1.57  2.13  -1.00   -1.0        -1.  14.23  428.9 447303.
142  2 54 39 0.54 121.56 280.81  6.93 1668   15.55   423.5  441784.  -1.61   5.59 -22.48  11.18    2.54  0.46  0.86  0.85  -1.00   -1.0        -1.  15.06  423.0 409371.
142  3 05 27 0.54 121.57 280.72  6.93 1668   17.03   469.1  394606.   2.08   4.31 -13.45  19.58    5.86  0.85  0.38  0.36  -1.00   -1.0        -1.  15.87  466.2 368164.
142  3 16 15 0.54 121.58 280.64  6.93 1668   15.65   418.1  299228.  -4.43  -2.09 -18.74  15.30    4.45  0.20  0.10  0.21  -1.00   -1.0        -1.  15.74  422.9 344454.
142  3 27 03 0.54 121.59 280.55  6.93 1668   15.57   447.8  333152.   0.28   5.17 -14.65  17.26    8.60  0.47  0.43  1.00  -1.00   -1.0        -1.  15.21  443.1 336699.
142  4 18 05 0.54 121.59 280.08  6.98 1669   -1.00    -1.0      -1.  -1.00  -1.00 -19.22  11.27    3.73  0.95  1.36  1.25  -1.00   -1.0        -1.  -1.00   -1.0     -1.
142  4 18 39 0.54 121.59 280.07  6.98 1669   -1.00    -1.0      -1.  -1.00  -1.00 -17.89  11.92    6.22  1.27  1.25  1.68  -1.00   -1.0        -1.  -1.00   -1.0     -1.
142  4 21 21 0.54 121.64 280.10  6.93 1668   20.37   477.5  432958.  -0.20   6.68 -16.08  11.96   10.70  0.29  0.62  1.06  -1.00   -1.0        -1.  18.28  476.9 384962.
142  4 21 22 0.54 121.64 280.10  6.93 1668   19.69   442.7  452523.  -3.22   2.70   0.00   0.00    0.00  0.00  0.00  0.00  -1.00   -1.0        -1.  19.56  445.8 501383.
142  4 21 23 0.54 121.64 280.10  6.93 1668   18.58   447.6  486018.  -1.57  -0.36   0.00   0.00    0.00  0.00  0.00  0.00  -1.00   -1.0        -1.  18.12  445.1 482848.
142  4 23 29 0.54 121.64 280.08  6.93 1668   18.49   456.2  540758.  -6.62  10.28 -17.98   7.33   12.40  0.19  1.89  1.61  -1.00   -1.0        -1.  17.86  458.4 507481.
142  4 26 11 0.54 121.65 280.06  6.92 1668   19.08   429.5  570533. -11.77   0.41 -23.27   2.93   -1.06  0.60  2.15  1.58   6.54  382.7    378030.  18.44  436.4 522414.
142  4 28 53 0.54 121.65 280.03  6.92 1668   18.46   437.3  593701.  -9.81   5.79 -22.79   2.71    6.60  0.40  0.92  0.63  -1.00   -1.0        -1.  17.58  444.7 544630.
142  4 31 35 0.54 121.65 280.01  6.92 1668   18.33   425.3  538156. -13.34  -0.41 -23.89   1.46   -0.67  0.15  1.73  0.99   5.81  381.3    380693.  18.25  430.6 502579.
142  4 34 17 0.54 121.65 279.99  6.92 1668   19.11   426.7  474902. -13.48  -1.75 -24.21  -0.61   -2.83  0.14  0.93  0.26  -1.00   -1.0        -1.  18.78  437.7 522255.
142  4 37 00 0.54 121.66 279.97  6.92 1668   19.14   439.7  551488.  -8.53  -2.29 -22.29   5.58   -0.73  0.28  0.26  1.82   6.97  386.3    374404.  18.99  442.2 528765.
142  4 39 41 0.54 121.66 279.95  6.92 1668   19.35   440.0  481012.   0.00   0.00 -21.36   6.39    5.38  0.30  0.77  0.75  -1.00   -1.0        -1.  19.01  443.2 535002.
142  4 42 23 0.54 121.66 279.92  6.92 1668   18.47   428.3  375778.  -9.21   0.00 -22.09   4.54    4.05  0.94  1.99  0.98  -1.00   -1.0        -1.  18.23  437.6 438539.
142  4 45 06 0.54 121.66 279.90  6.92 1668   21.74   516.5  520335.   0.00  11.97 -11.43  -9.11   16.53  0.54  2.91  1.76  -1.00   -1.0        -1.  20.42  515.8 505353.
142  4 47 47 0.54 121.67 279.88  6.92 1668   19.72   467.2  454255. -13.61  11.18 -15.65  -3.30   16.86  0.62  0.59  0.71   0.21  588.3    475964.  18.95  479.4 463113.
142  4 50 29 0.54 121.67 279.86  6.92 1668   18.78   439.3  442849. -10.23   8.60 -19.81   0.38   12.42  1.28  0.50  2.11  -1.00   -1.0        -1.  17.54  443.2 384358.
142  4 53 12 0.54 121.67 279.84  6.92 1668   20.26   446.2  438207.  -4.36   6.23 -19.51   9.87    6.40  0.91  1.71  1.37  -1.00   -1.0        -1.  19.53  447.6 415280.
142  4 55 53 0.54 121.67 279.81  6.92 1668   19.21   452.3  419347.  -1.99  -1.81 -17.07  13.50   -3.74  0.46  0.56  0.58  -1.00   -1.0        -1.  18.51  458.0 428809.
142  4 58 35 0.54 121.68 279.79  6.92 1668   18.84   453.9  463168.  -4.18  -2.55 -16.09  10.77  -10.27  1.32  1.72  0.47  -1.00   -1.0        -1.  17.79  455.1 456730.
142  5 01 18 0.54 121.68 279.77  6.92 1668   21.56   462.7  527442.  -1.89   1.92 -13.50  11.29  -10.56  1.20  1.37  3.84  -1.00   -1.0        -1.  20.26  466.1 486999.
142  5 04 00 0.54 121.68 279.75  6.92 1668   18.08   453.2  404563.   0.52  -3.74 -15.20  15.71   -2.64  0.42  0.63  3.79  -1.00   -1.0        -1.  17.02  448.3 411664.
142  5 06 41 0.54 121.68 279.72  6.92 1668   19.55   441.3  381285.  -1.55   0.00 -18.54  12.95    2.39  0.27  0.51  0.77  -1.00   -1.0        -1.  18.42  441.9 363555.
142  5 09 24 0.54 121.69 279.70  6.92 1668   17.50   433.1  302149.   0.00   0.00 -20.98  10.62   -3.66  0.35  0.71  0.41  -1.00   -1.0        -1.  17.37  428.0 279575.
142  7 31 33 0.54 121.82 278.53  6.91 1668   15.87   481.6  464413.   1.28   0.00 -12.85  14.01    1.57  0.00  0.00  0.00  -1.00   -1.0        -1.  14.86  477.5 406571.
142  7 34 15 0.54 121.82 278.50  6.91 1668   16.09   478.0  434861.   1.70   1.64 -11.64  16.15    2.61  0.79  1.12  0.85  -1.00   -1.0        -1.  16.05  477.0 474343.
142  7 36 57 0.54 121.82 278.48  6.91 1668   16.16   490.2  401383.   3.11   2.00 -11.65  15.98    3.91  0.27  0.38  0.94   0.16  603.1    352848.  14.98  486.5 383159.
142  7 39 39 0.54 121.83 278.46  6.91 1668   15.93   481.6  374911.   2.54   0.60  -8.31  17.74    2.63  0.40  0.16  0.45  -1.00   -1.0        -1.  15.67  479.1 441686.
142  7 42 24 0.54 121.83 278.44  6.91 1668   16.00   483.0  426376.   3.52   4.70 -13.24  13.85    2.97  1.76  2.17  0.72   0.26  554.4    525964.  15.22  480.3 403400.
142  7 45 06 0.54 121.83 278.42  6.91 1668   17.27   488.9  405093.   2.53   0.00  -7.61  17.56   -3.28  0.13  0.05  0.77  -1.00   -1.0        -1.  16.41  482.3 391952.
142  7 47 48 0.54 121.83 278.39  6.91 1668   16.03   503.9  399570.   3.64  -2.97  -5.46  18.06   -4.76  0.44  0.19  0.17  -1.00   -1.0        -1.  16.25  499.9 459676.
142  7 50 30 0.54 121.84 278.37  6.91 1668   21.40   508.5  524217.   2.10  -3.18  -3.28  18.07   -4.70  0.98  0.33  0.73  -1.00   -1.0        -1.  21.71  504.7 595027.
142  7 53 12 0.54 121.84 278.35  6.91 1668   15.05   464.5  332766.   2.13   1.66 -13.97  13.73   -2.62  0.32  0.30  0.90  -1.00   -1.0        -1.  15.05  457.3 330680.
142  7 55 54 0.54 121.84 278.32  6.91 1668   15.63   442.8  291182.  -2.47  -1.92 -17.36  10.10   -3.95  0.59  0.70  0.16  -1.00   -1.0        -1.  15.50  444.6 256544.
142  7 58 36 0.54 121.84 278.30  6.91 1668   16.12   438.4  235123.   0.00  -1.23 -20.84   2.94   -2.90  0.58  2.05  0.33  -1.00   -1.0        -1.  15.46  436.5 203334.
142  8 01 18 0.54 121.85 278.28  6.91 1668   17.27   434.2  281216.  -9.75   0.47 -21.36   0.96   -2.01  0.18  0.67  0.87  -1.00   -1.0        -1.  15.85  439.7 240503.
142  8 04 00 0.54 121.85 278.26  6.91 1668   17.65   437.6  310835.  -9.47   0.12 -20.49   1.55   -0.78  0.94  2.69  2.57  -1.00   -1.0        -1.  16.29  443.8 262576.
142  8 06 42 0.54 121.85 278.24  6.91 1668   17.57   441.3  288652.  -4.75  -2.18 -19.29   5.80   -3.08  0.56  0.66  3.46  -1.00   -1.0        -1.  16.54  445.3 263323.
142  8 09 24 0.54 121.85 278.22  6.91 1668   19.43   467.5  454190. -17.15   3.07 -16.80 -13.11    5.10  1.24  2.05  0.53  -1.00   -1.0        -1.  17.62  481.6 394889.
142  8 12 06 0.54 121.86 278.19  6.91 1668   16.45   446.9  286244.   0.00  -5.00 -19.18   3.82   -7.48  0.37  0.52  0.69  -1.00   -1.0        -1.  15.39  445.1 242390.
142  8 14 48 0.54 121.86 278.17  6.91 1668   18.35   466.0  374768.   0.00  -5.51 -17.19   6.75   -7.85  1.18  2.76  0.55   0.09  599.9    557968.  18.05  464.0 357327.
142  8 17 30 0.54 121.86 278.15  6.91 1668   17.69   451.9  352159. -10.42  -3.39 -20.15   0.45   -5.00  0.32  2.08  0.49  -1.00   -1.0        -1.  17.43  454.8 345993.
142  8 20 12 0.54 121.86 278.13  6.91 1668   16.95   441.1  231043.  -3.39   0.19 -19.60   5.01   -1.05  0.29  0.66  1.12   0.14  596.9    427224.  15.56  442.3 192656.
142  8 22 54 0.54 121.87 278.10  6.91 1668   17.53   443.4  373004.  -9.81   0.97 -20.39   0.28    3.02  0.37  0.93  0.88  -1.00   -1.0        -1.  16.68  450.6 348472.
142  8 25 36 0.54 121.87 278.08  6.91 1668   17.24   446.3  305976.  -5.53   2.95 -19.38   5.31    3.59  0.06  0.15  0.20  -1.00   -1.0        -1.  15.92  450.3 264792.
142  8 28 18 0.54 121.87 278.06  6.91 1668   17.92   493.5  420659.   2.63   0.00 -10.61  17.01   -0.03  0.59  0.79  1.76  -1.00   -1.0        -1.  16.75  493.6 408065.
142  8 31 00 0.54 121.87 278.04  6.91 1668   12.89   495.6  379745.   4.17   1.55  -9.79  18.53    0.02  0.80  0.28  0.54   0.10  597.1    440192.  11.89  489.2 350580.
142  8 33 42 0.54 121.88 278.01  6.91 1668   13.15   496.5  429904.   3.42  -3.93 -10.10  17.85   -4.13  1.04  0.16  1.92  -1.00   -1.0        -1.  12.42  494.8 384614.
142  8 43 33 0.54 121.84 277.89  6.96 1669   -1.00    -1.0      -1.  -1.00  -1.00 -13.94  15.47    5.53  0.97  0.30  1.96  -1.00   -1.0        -1.  -1.00   -1.0     -1.
142  8 44 54 0.54 121.89 277.92  6.91 1668   14.22   488.4  409160.   1.54   7.02 -13.84  16.19    3.27  0.25  0.34  1.51  -1.00   -1.0        -1.  13.80  492.6 413558.
142  8 44 55 0.54 121.88 277.92  6.91 1668   13.14   468.4  439078.   2.88   0.69   0.00   0.00    0.00  0.00  0.00  0.00  -1.00   -1.0        -1.  12.60  461.8 422634.
142  8 44 56 0.54 121.89 277.92  6.91 1668   14.82   480.2  393213.   3.79   0.10   0.00   0.00    0.00  0.00  0.00  0.00  -1.00   -1.0        -1.  13.82  473.0 388737.
142  8 45 50 0.54 121.89 277.91  6.91 1668   13.34   462.8  414916.   1.71   1.10 -16.75  14.42    1.45  0.41  0.56  2.47  -1.00   -1.0        -1.  12.82  452.9 343180.
142  8 47 11 0.54 121.89 277.90  6.91 1668   12.63   466.8  350512.   0.52  -0.38 -15.28  14.50   -1.41  1.28  0.99  1.94  -1.00   -1.0        -1.  12.12  460.2 321503.
142  8 48 32 0.54 121.89 277.89  6.91 1668   11.34   453.3  340520.  -1.32  -0.82 -18.26   9.70   -3.70  3.55  4.85  3.73  -1.00   -1.0        -1.  11.67  452.7 403468.
142  8 49 53 0.54 121.89 277.88  6.91 1668   14.00   461.2  401116.   0.46   0.48 -17.37  11.78   -6.03  0.83  0.81  1.68  -1.00   -1.0        -1.  13.16  464.3 359286.
142  8 51 14 0.54 121.89 277.87  6.91 1668   14.27   451.8  359150.  -1.05  -2.43 -18.00  11.28   -3.32  0.29  0.76  2.02  -1.00   -1.0        -1.  14.24  446.9 339204.
142  8 52 35 0.54 121.89 277.86  6.91 1668   14.09   466.4  389922.  -0.22   6.13 -15.72  11.52    7.83  1.48  0.54  2.71  -1.00   -1.0        -1.  13.74  463.3 382506.
142  8 53 56 0.54 121.89 277.85  6.91 1668   13.64   436.3  239717.  -3.32   2.24 -20.18   7.54    5.47  0.27  0.31  1.31  -1.00   -1.0        -1.  13.47  432.8 214525.
142  8 55 17 0.54 121.90 277.84  6.91 1668   12.75   434.3  195476.  -3.74   5.89 -19.25   9.28    7.20  0.98  0.92  0.98  -1.00   -1.0        -1.  11.99  430.6 196639.
142  8 56 38 0.54 121.90 277.83  6.91 1668   13.33   437.4  225212.  -3.13   4.38 -20.25   8.77    5.26  0.23  0.50  0.70  -1.00   -1.0        -1.  13.76  439.5 280391.
142  8 57 59 0.54 121.90 277.81  6.91 1668   15.77   438.4  273978.  -6.59   5.40 -19.72   7.51    4.38  0.39  1.42  1.16  -1.00   -1.0        -1.  14.32  442.8 236397.
142  8 59 20 0.54 121.90 277.80  6.91 1668   15.73   441.8  229276.  -2.91   1.68 -20.28   8.31    2.04  0.44  1.02  1.13  -1.00   -1.0        -1.  14.56  442.3 194047.
142  9 00 41 0.54 121.90 277.79  6.91 1668   14.26   442.4  253815.  -2.43  -1.79 -19.71   9.27   -2.32  0.29  0.33  0.55  -1.00   -1.0        -1.  13.43  440.3 230218.
142  9 02 02 0.54 121.90 277.78  6.91 1668   16.21   449.6  320740.  -2.94  -3.32 -19.07   8.69   -4.90  0.41  0.32  0.83  -1.00   -1.0        -1.  15.25  450.5 274881.
142  9 03 23 0.54 121.90 277.77  6.91 1668   16.07   448.3  298956.  -4.99  -7.82 -20.14   7.12   -2.93  0.50  0.77  2.74  -1.00   -1.0        -1.  15.02  450.2 238151.
142  9 04 44 0.54 121.90 277.76  6.91 1668   17.05   496.1  380008.  -0.63   0.00 -10.64  10.49  -13.75  0.38  0.27  0.32  -1.00   -1.0        -1.  16.00  498.1 333981.
142  9 06 05 0.54 121.91 277.75  6.91 1668   16.95   475.1  361586.  -1.76  -1.73 -14.08   9.53  -10.81  0.82  0.70  1.29  -1.00   -1.0        -1.  16.58  472.0 360209.
142  9 07 26 0.54 121.91 277.73  6.91 1668   16.05   469.6  346416.  -2.16  -0.88 -13.47  10.03  -10.53  1.07  0.63  0.69  -1.00   -1.0        -1.  15.95  474.7 361882.
142  9 08 47 0.54 121.91 277.72  6.91 1668   17.32   481.4  389870.  -0.46  -0.59 -14.73   9.89   -8.04  1.65  0.58  2.14  -1.00   -1.0        -1.  18.05  482.5 465865.
142  9 10 08 0.54 121.91 277.71  6.91 1668   17.94   468.2  356031.  -3.94  -1.46 -14.03   8.26  -11.03  1.40  0.77  1.12  -1.00   -1.0        -1.  17.82  468.6 402536.
142  9 11 29 0.54 121.91 277.70  6.91 1668   17.01   508.3  393187.  -4.48  -4.55 -10.13   4.71  -16.62  0.82  0.93  0.63  -1.00   -1.0        -1.  16.67  507.8 387151.
142  9 12 50 0.54 121.91 277.69  6.91 1668   17.35   483.3  378478.  -4.16  -4.14 -13.05   5.71  -14.11  0.34  0.49  0.43  -1.00   -1.0        -1.  16.37  482.9 340328.
142  9 14 11 0.54 121.91 277.68  6.91 1668   17.08   471.0  368408.  -5.60  -5.19 -12.28   5.76  -14.50  2.68  2.65  0.69   0.04  630.8    228925.  16.59  474.9 334442.
142  9 15 32 0.54 121.91 277.67  6.91 1668   16.17   490.4  373508.  -3.42  -3.11 -12.18   8.02  -13.31  0.52  1.14  1.40  -1.00   -1.0        -1.  15.86  486.9 356219.
142  9 16 53 0.54 121.91 277.66  6.91 1668   15.41   484.1  363291.  -1.06  -7.05 -12.83   8.53  -12.16  0.97  1.53  0.82  -1.00   -1.0        -1.  14.73  484.2 326736.
142  9 18 14 0.54 121.92 277.65  6.91 1668   15.33   462.3  293495.  -1.86   0.11 -15.90   6.61   -9.99  0.85  1.29  0.92  -1.00   -1.0        -1.  15.24  461.9 276457.
142  9 19 35 0.54 121.92 277.64  6.91 1668   15.19   490.4  377559.   0.96  -7.13 -10.23  12.97   -9.98  0.46  0.88  1.37  -1.00   -1.0        -1.  14.50  493.5 393934.
142  9 20 56 0.54 121.92 277.62  6.91 1668   12.01   498.0  447134.  -0.70  -4.26 -10.26  10.93  -12.16  1.56  1.07  3.01  -1.00   -1.0        -1.  11.09  503.1 295197.
142  9 22 17 0.54 121.92 277.61  6.91 1668   13.37   485.4  347452.  -0.44  -4.01  -9.57  10.36  -14.09  2.13  0.48  0.92  -1.00   -1.0        -1.  13.19  483.6 301847.
142  9 23 38 0.54 121.92 277.60  6.91 1668   12.29   484.3  345756.   0.21  -1.04 -11.51   9.38  -13.65  1.28  1.59  1.32   0.09  615.4    511749.  12.54  479.3 329358.
142  9 24 59 0.54 121.92 277.59  6.91 1668   14.30   489.4  375262.   1.26  -0.93 -11.70  12.89   -9.73  0.68  0.68  0.33  -1.00   -1.0        -1.  14.15  489.1 422040.
142  9 26 20 0.54 121.92 277.58  6.91 1668   16.57   489.8  375561.   2.10   0.00 -10.66  12.75   -6.68  0.65  2.18  5.63  -1.00   -1.0        -1.  16.38  485.1 391806.
142  9 27 41 0.54 121.92 277.57  6.91 1668   16.10   478.8  367271.   2.95   3.15 -11.52  14.31   -3.42  2.61  1.60  3.24  -1.00   -1.0        -1.  15.20  473.3 340867.
142  9 29 02 0.54 121.93 277.56  6.91 1668   17.37   496.8  367459.   0.98  -5.88  -9.20  13.27   -8.73  0.88  0.96  0.88  -1.00   -1.0        -1.  15.82  494.8 329127.
142  9 30 23 0.54 121.93 277.54  6.91 1668   13.51   508.6  322387.   3.12  -5.03  -7.07  13.38  -12.01  0.81  0.67  0.65  -1.00   -1.0        -1.  13.42  508.1 325125.
142  9 31 44 0.54 121.93 277.53  6.91 1668   16.14   510.5  429794.  -0.16  -3.61  -5.82  10.81  -14.05  0.77  0.98  0.89  -1.00   -1.0        -1.  15.05  511.2 422735.
142  9 33 05 0.54 121.93 277.52  6.91 1668   -1.00    -1.0      -1.  -1.00  -1.00  -1.07  10.43  -12.08  3.59  1.42  3.60  -1.00   -1.0        -1.  12.80  530.5 328952.
142  9 34 26 0.54 121.93 277.51  6.91 1668   -1.00    -1.0      -1.  -1.00  -1.00 -17.15   7.34    1.73  2.16  3.64  1.26  -1.00   -1.0        -1.  15.57  466.1 354800.
142  9 35 47 0.54 121.93 277.50  6.91 1668   -1.00    -1.0      -1.  -1.00  -1.00 -17.25   5.78    6.79  0.92  1.61  1.55  -1.00   -1.0        -1.  16.80  472.2 427146.
142  9 37 08 0.54 121.93 277.49  6.91 1668   -1.00    -1.0      -1.  -1.00  -1.00  -8.28  10.29   -9.63  3.57  2.42  5.35  -1.00   -1.0        -1.  15.26  485.7 388486.
142  9 38 29 0.54 121.93 277.48  6.91 1668   14.99   538.3  449109.  -3.15  -6.14   0.70   3.21  -19.08  0.33  0.95  0.27  -1.00   -1.0        -1.  15.18  545.6 383104.
142  9 39 50 0.54 121.94 277.47  6.91 1668   16.63   486.3  496501.  -1.49  -1.31 -15.34   9.74   -6.70  0.93  0.41  1.47  -1.00   -1.0        -1.  14.27  484.1 345308.
142  9 41 11 0.54 121.94 277.46  6.91 1668   12.28   480.9  448073.   0.77  -2.82 -14.72  11.54   -4.89  0.34  0.30  1.61  -1.00   -1.0        -1.  14.97  475.6 331892.
142  9 42 32 0.54 121.94 277.45  6.91 1668   14.36   492.6  510944.   3.41  -5.92 -15.46   6.55  -10.51  0.93  2.74  1.12  -1.00   -1.0        -1.  15.63  477.9 363775.
142  9 43 53 0.54 121.94 277.43  6.91 1668   13.38   480.2  522430.   0.08  -2.84 -17.22   8.89   -4.63  0.70  0.59  1.79  -1.00   -1.0        -1.  15.62  474.2 337862.
142  9 45 14 0.54 121.94 277.42  6.91 1668   17.04   485.7  533238.   0.00   1.45 -16.22   9.99    4.81  1.19  0.84  1.73  -1.00   -1.0        -1.  13.59  482.0 345350.
142  9 46 35 0.54 121.94 277.41  6.91 1668   14.99   478.8  436469.   0.00   0.00 -15.13  12.07    3.22  0.58  0.34  0.66  -1.00   -1.0        -1.  15.66  483.3 451143.
142  9 47 56 0.54 121.94 277.40  6.91 1668   12.61   484.0  406015.   0.00  -4.82 -18.15   8.15    1.24  1.02  0.95  1.76  -1.00   -1.0        -1.  14.40  458.9 267861.
142  9 49 17 0.54 121.95 277.39  6.91 1668   14.69   461.3  376016.  -4.22   2.48 -20.44   5.05    1.70  0.26  0.52  1.35  -1.00   -1.0        -1.  12.78  455.0 197435.
142  9 50 38 0.54 121.95 277.38  6.91 1668   14.99   462.8  336531.  -0.41   0.00 -19.17   6.55    1.27  0.73  1.53  1.21  -1.00   -1.0        -1.  13.57  452.3 167543.
142  9 51 59 0.54 121.95 277.36  6.91 1668   15.01   478.9  506123.  -0.97   3.31 -18.12   9.23    4.45  0.94  0.87  1.98  -1.00   -1.0        -1.  13.69  474.7 314217.
142  9 53 20 0.54 121.95 277.35  6.91 1668   11.79   460.0  276814.  -0.84   2.73 -18.50   9.23    1.07  1.04  1.56  0.66  -1.00   -1.0        -1.  14.34  461.3 273903.
142  9 54 41 0.54 121.95 277.34  6.91 1668   15.49   484.4  467050.   0.00   0.00 -16.11  11.78    1.80  0.91  0.78  0.89  -1.00   -1.0        -1.  13.76  472.5 329933.
142  9 56 02 0.54 121.95 277.33  6.91 1668   15.26   475.9  362021.   2.50   0.00 -16.12  11.89   -0.48  0.63  0.67  0.38  -1.00   -1.0        -1.  14.77  478.4 356655.
142  9 57 23 0.54 121.95 277.32  6.91 1668   14.62   468.1  285059.   2.72   1.60 -17.05  10.74    0.33  0.56  0.49  0.51  -1.00   -1.0        -1.  14.41  477.4 379511.
142  9 58 44 0.54 121.95 277.31  6.91 1668   17.21   465.7  446566.   0.00   2.27 -17.81   9.34    6.28  0.72  1.97  2.66  -1.00   -1.0        -1.  12.31  471.3 365338.
142 10 00 05 0.54 121.96 277.30  6.91 1668   15.04   483.4  453611.  -0.73   8.50 -17.80   2.71   12.33  1.12  1.67  1.77  -1.00   -1.0        -1.  11.74  470.1 305235.
142 10 01 26 0.54 121.96 277.29  6.91 1668   11.68   475.8  351704.  -3.27   7.53 -17.43   0.50   14.06  0.57  1.53  0.53  -1.00   -1.0        -1.  12.57  484.1 370727.
142 10 02 47 0.54 121.96 277.28  6.91 1668   11.86   490.1  418457.   0.00   0.00 -15.29   6.73   14.73  0.43  0.57  0.25  -1.00   -1.0        -1.  11.21  483.3 318966.
142 10 04 08 0.54 121.96 277.27  6.91 1668   11.64   504.5  408721.  -1.72   8.50 -14.60   4.53   16.58  0.57  0.55  0.46  -1.00   -1.0        -1.  12.55  491.3 341969.
142 10 05 29 0.54 121.96 277.26  6.91 1668   13.36   496.2  464630.  -0.36   8.76 -13.37  10.07   14.51  0.39  0.81  0.37  -1.00   -1.0        -1.  12.26  492.5 351233.
142 10 06 50 0.54 121.96 277.24  6.91 1668   12.20   495.4  429771.   1.90   5.81 -13.45  11.02   13.12  0.43  0.80  0.55  -1.00   -1.0        -1.  12.57  488.2 373933.
142 10 08 11 0.54 121.96 277.23  6.90 1668   13.23   481.4  318732.   0.50   7.51 -17.96   6.25   12.46  0.27  0.88  0.92  -1.00   -1.0        -1.  11.55  475.4 300226.
142 10 09 32 0.54 121.96 277.22  6.90 1668   11.60   482.2  334006.   1.96   4.25 -18.84   9.39    7.06  1.58  0.97  2.49  -1.00   -1.0        -1.  11.56  465.2 213388.
142 10 10 53 0.54 121.96 277.21  6.90 1668   12.64   469.3  496774.   0.00   2.35 -18.15  10.39    7.40  0.39  0.50  0.70  -1.00   -1.0        -1.  11.70  473.5 323923.
142 10 12 14 0.54 121.97 277.20  6.90 1668   10.46   477.2  445516.   0.48   6.86 -17.66  11.41    6.20  0.91  0.39  1.84  -1.00   -1.0        -1.  11.66  467.5 259886.
142 10 13 35 0.54 121.97 277.19  6.90 1668   14.11   475.2  452153.  -1.93   4.10 -16.02  12.05    7.37  2.99  2.38  1.26  -1.00   -1.0        -1.  12.39  459.1 221366.
142 10 14 56 0.54 121.97 277.17  6.90 1668   13.26   499.4  464276.   4.37   3.90 -13.60  14.54    8.08  1.24  1.38  0.82  -1.00   -1.0        -1.  11.88  498.0 352601.
142 10 16 17 0.54 121.97 277.17  6.90 1668   13.07   510.0  399226.   5.67   0.00 -13.97  15.11   -5.10  0.44  1.10  2.27  -1.00   -1.0        -1.  11.07  488.2 285179.
142 10 17 38 0.54 121.97 277.15  6.90 1668   10.81   472.0  351366.   6.32   0.69 -17.34  12.51    1.67  0.58  0.79  0.89  -1.00   -1.0        -1.  11.66  461.8 271886.
142 10 18 59 0.54 121.97 277.14  6.90 1668   13.09   507.2  434819.   5.44   1.70 -10.56  17.14    3.12  2.72  1.60  1.72  -1.00   -1.0        -1.  12.66  507.5 420334.
142 10 20 20 0.54 121.97 277.13  6.90 1668   12.59   478.6  521417.   1.14   2.40 -17.81   9.59    5.36  0.34  0.77  1.17  -1.00   -1.0        -1.  11.18  469.1 377120.
142 10 21 41 0.54 121.97 277.12  6.90 1668   12.94   491.9  544169.   4.65   0.99 -16.73  12.21    0.79  1.13  1.45  1.81  -1.00   -1.0        -1.   9.67  478.3 305167.
142 10 23 02 0.54 121.98 277.11  6.90 1668   11.78   476.2  501403.   0.00  -1.59 -16.24  12.50    0.78  0.53  0.64  1.90  -1.00   -1.0        -1.  13.11  462.5 527930.
142 10 24 23 0.54 121.98 277.10  6.90 1668   -1.00    -1.0      -1.  -1.00  -1.00 -15.32  12.97    3.23  0.68  0.54  1.29  -1.00   -1.0        -1.  12.15  479.2 493685.
142 10 25 44 0.54 121.98 277.09  6.90 1668   -1.00    -1.0      -1.  -1.00  -1.00 -18.34   6.66    7.17  0.71  0.84  0.74  -1.00   -1.0        -1.  11.71  465.4 405583.
142 10 27 05 0.54 121.98 277.08  6.90 1668   -1.00    -1.0      -1.  -1.00  -1.00 -17.03   7.56    6.80  2.34  3.19  3.01  -1.00   -1.0        -1.  12.53  470.7 462623.
142 10 28 26 0.54 121.98 277.07  6.90 1668   12.84   502.6  414321.   5.06   1.11 -10.52  15.98    1.93  1.57  0.72  2.06  -1.00   -1.0        -1.  12.43  495.3 498080.
142 10 29 47 0.54 121.98 277.05  6.90 1668   12.19   514.4  372985.   2.95   2.26  -9.63  15.73    6.10  2.88  1.76  2.34  -1.00   -1.0        -1.  11.91  505.4 381756.
142 10 31 08 0.54 121.98 277.04  6.90 1668   11.44   502.7  386346.   1.48   4.65 -13.84  11.93    7.68  0.92  1.83  1.39  -1.00   -1.0        -1.  10.89  511.0 440887.
142 10 32 29 0.54 121.98 277.03  6.90 1668   14.01   474.5  521871.  -0.45   0.00 -16.61   8.10   -2.60  2.04  1.19  5.64  -1.00   -1.0        -1.  12.56  479.7 445796.
142 10 33 50 0.54 121.99 277.02  6.90 1668   12.10   503.3  407792.   0.00  -5.57 -14.21   2.15  -14.91  1.19  1.09  1.04  -1.00   -1.0        -1.  11.68  499.5 353289.
142 10 35 11 0.54 121.99 277.01  6.90 1668   -1.00    -1.0      -1.  -1.00  -1.00 -16.20   0.02   -8.25  2.62  0.51  1.28  -1.00   -1.0        -1.  15.33  500.3 747412.
142 10 36 32 0.54 121.99 277.00  6.90 1668   -1.00    -1.0      -1.  -1.00  -1.00 -20.31   2.83   -1.36  0.36  1.20  0.69  -1.00   -1.0        -1.  12.94  454.4 411628.
142 10 37 53 0.54 121.99 276.99  6.90 1668   -1.00    -1.0      -1.  -1.00  -1.00 -20.23   2.98   -1.96  0.40  1.02  1.35  -1.00   -1.0        -1.  12.67  468.8 512990.
142 10 39 14 0.54 121.99 276.98  6.90 1668   13.12   476.5  478352.   0.00   0.00 -18.95   0.54    4.63  1.07  0.97  3.73  -1.00   -1.0        -1.  11.96  480.6 556055.
142 10 40 35 0.54 121.99 276.96  6.90 1668   12.05   453.9  384712.   0.00   0.00 -17.89   3.85   -5.57  0.98  1.82  4.60  -1.00   -1.0        -1.  13.50  476.4 526458.
142 10 41 56 0.54 121.99 276.95  6.90 1668   11.16   471.9  442466.  -1.63   0.00 -18.36   5.89   -0.51  0.53  1.01  2.40  -1.00   -1.0        -1.  12.74  467.3 421562.
142 10 43 17 0.55 121.99 276.94  6.90 1668   11.83   486.9  407987.   0.00   0.99 -15.03  12.95    3.40  0.50  0.79  1.74  -1.00   -1.0        -1.  12.02  482.4 389831.
142 10 44 38 0.55 122.00 276.93  6.90 1668   11.76   494.5  353546.   2.82   0.00 -15.39  10.12    8.38  0.68  1.74  1.80  -1.00   -1.0        -1.  11.42  491.6 328715.
142 10 45 59 0.55 122.00 276.92  6.90 1668   11.31   475.3  413448.   0.85   8.70 -15.99   8.67    9.61  0.29  1.72  1.55  -1.00   -1.0        -1.  12.63  481.9 489172.
142 10 47 20 0.55 122.00 276.91  6.90 1668   11.10   497.3  533446.   1.01   9.65 -13.01   9.47   12.88  0.83  1.84  1.39  -1.00   -1.0        -1.  11.08  494.3 373738.
142 10 48 41 0.55 122.00 276.90  6.90 1668   10.85   507.1  403712.   0.00   6.35 -14.75  10.90    8.49  1.81  1.27  1.77  -1.00   -1.0        -1.  12.09  500.6 411729.
142 10 50 02 0.55 122.00 276.89  6.90 1668   12.54   461.7  441466.   3.35   0.00 -18.98   6.97    5.33  0.40  0.59  1.06  -1.00   -1.0        -1.  11.98  466.8 414997.
142 10 51 23 0.55 122.00 276.88  6.90 1668   12.80   484.1  374219.   0.00  10.13 -14.64   9.95    9.28  1.52  1.61  0.28  -1.00   -1.0        -1.  11.29  484.0 318723.
142 10 52 44 0.55 122.00 276.86  6.90 1668   10.87   478.8  405232.  -0.90   7.01 -15.43   7.23   10.63  0.72  1.19  0.99  -1.00   -1.0        -1.  11.06  477.7 359627.
142 10 54 05 0.55 122.00 276.85  6.90 1668   13.30   466.4  407272.  -4.93   5.91 -20.11   3.64    4.83  0.34  1.33  0.56  -1.00   -1.0        -1.  11.40  451.9 243495.
142 10 55 26 0.55 122.01 276.84  6.90 1668   12.59   462.5  350310.  -0.82   0.59 -18.86   6.27    4.72  0.43  0.56  0.91  -1.00   -1.0        -1.  11.52  460.5 283600.
142 10 56 47 0.55 122.01 276.83  6.90 1668   10.77   471.1  489559.  -4.39   4.92 -18.60   6.92    4.97  0.40  0.75  0.64  -1.00   -1.0        -1.  11.23  457.0 336605.
142 10 58 08 0.55 122.01 276.82  6.90 1668   11.36   466.0  526721.  -2.61   0.00 -19.02   6.96    2.92  0.20  0.59  1.02  -1.00   -1.0        -1.  12.87  465.6 381824.
142 10 59 29 0.55 122.01 276.81  6.90 1668   13.17   506.5  491446.  -0.59  -9.79 -12.01   6.26  -13.50  2.22  0.49  3.09  -1.00   -1.0        -1.  10.02  516.8 349716.
142 11 00 50 0.55 122.01 276.80  6.90 1668   15.21   463.5  449379.  -2.10  -0.54 -19.94   4.20    1.23  0.25  0.41  0.75  -1.00   -1.0        -1.  12.11  461.4 373605.
142 11 02 11 0.55 122.01 276.79  6.90 1668   11.56   486.4  559836.   0.00  -7.97 -16.69  -0.50  -10.11  1.98  2.68  3.78  -1.00   -1.0        -1.  12.47  483.3 497134.
142 11 03 32 0.55 122.01 276.77  6.90 1668   11.33   476.7  456873.  -7.35  -3.77 -13.39  -3.47  -13.69  2.30  0.53  1.99  -1.00   -1.0        -1.  13.35  489.8 576744.
142 11 04 53 0.55 122.01 276.76  6.90 1668   10.22   505.5  471592.  -4.41  -3.69 -14.18  -2.24  -13.22  0.44  1.91  0.48  -1.00   -1.0        -1.  11.28  495.0 423102.
142 11 06 14 0.55 122.02 276.75  6.90 1668   12.09   483.0  510661. -10.26  -3.44 -16.20  -0.55  -11.88  0.32  2.42  0.47  -1.00   -1.0        -1.  10.85  486.7 324817.
142 11 07 35 0.55 122.02 276.74  6.90 1668   11.51   522.6  450470.   0.00  -6.45 -13.57  -0.91  -14.78  0.62  1.16  0.93  -1.00   -1.0        -1.  12.01  510.6 399343.
142 11 08 56 0.55 122.02 276.73  6.90 1668   11.80   481.7  534677.  -2.20   0.40 -15.86   5.46  -10.51  1.16  1.75  1.08  -1.00   -1.0        -1.  12.34  480.3 406035.
142 11 10 17 0.55 122.02 276.72  6.90 1668   10.83   479.3  434718.  -3.55  -6.90 -16.64   2.95   -8.32  0.81  2.93  1.37  -1.00   -1.0        -1.  12.53  481.1 486889.
142 11 11 38 0.55 122.02 276.71  6.90 1668   10.73   496.6  458098.  -0.81  -4.95 -15.22   3.71  -11.39  0.89  0.93  0.95  -1.00   -1.0        -1.  11.52  489.9 495958.
142 11 12 59 0.55 122.02 276.70  6.90 1668   14.12   545.4  533627.  -9.39  -6.32  -6.96  -7.71  -15.24  2.95  3.08  0.59  -1.00   -1.0        -1.  12.33  556.3 436265.
142 11 14 20 0.55 122.02 276.69  6.90 1668   12.70   492.0  485833.   0.00   0.00 -13.41  13.49    4.01  0.64  0.33  0.54  -1.00   -1.0        -1.  10.83  484.3 385582.
142 11 15 41 0.55 122.02 276.67  6.90 1668    9.21   474.1  453923.   5.22   8.59 -14.08  13.57    4.41  0.57  0.54  0.56  -1.00   -1.0        -1.  10.75  473.8 319820.
142 11 17 02 0.55 122.03 276.66  6.90 1668   10.34   475.6  335472.   6.99   4.17 -14.15  10.65   -2.75  1.03  3.33  5.75  -1.00   -1.0        -1.  10.87  463.4 268284.
142 11 18 23 0.55 122.03 276.65  6.90 1668   13.39   529.8  274001.  -3.41 -10.24  -9.62   5.48   -7.31  4.71  4.11 11.12  -1.00   -1.0        -1.  11.27  537.7 294742.
142 11 19 44 0.55 122.03 276.64  6.90 1668   11.09   513.8  437100.   5.17   9.39 -12.12  12.66    4.33  2.28  0.50  4.66  -1.00   -1.0        -1.   8.52  496.7 332954.
142 11 21 05 0.55 122.03 276.63  6.90 1668   12.53   496.2  426376.   5.36   8.18 -13.91  11.69    6.96  2.07  1.06  3.07  -1.00   -1.0        -1.   9.66  496.8 375077.
142 11 22 26 0.55 122.03 276.62  6.90 1668   12.09   563.8  433598.   8.41   6.09  -1.34  15.43    9.61  2.93  0.41  1.33  -1.00   -1.0        -1.  10.53  565.1 274829.
142 11 23 47 0.55 122.03 276.61  6.90 1668   -1.00    -1.0      -1.  -1.00  -1.00 -11.80  12.62    8.74  0.98  0.53  1.22  -1.00   -1.0        -1.  11.24  496.4 385855.
142 11 25 08 0.55 122.03 276.60  6.90 1668   -1.00    -1.0      -1.  -1.00  -1.00 -14.67   9.75    6.22  1.90  0.42  5.05  -1.00   -1.0        -1.  10.78  456.3 319570.
142 11 26 29 0.55 122.03 276.58  6.90 1668   -1.00    -1.0      -1.  -1.00  -1.00 -16.67   8.99    6.77  0.82  0.51  1.21  -1.00   -1.0        -1.  11.82  458.1 328231.
142 11 27 50 0.55 122.03 276.57  6.90 1668   10.94   439.9  222581.   1.68   3.95 -20.14   5.32    1.16  0.76  1.05  2.03  -1.00   -1.0        -1.  10.35  426.8 153769.
142 11 29 11 0.55 122.04 276.56  6.90 1668   11.85   441.5  274284.  -0.25   0.00 -17.97   6.95   -7.36  1.66  2.37  0.91  -1.00   -1.0        -1.  11.28  446.2 310065.
142 11 30 32 0.55 122.04 276.55  6.90 1668   11.42   463.8  352357.   3.08   0.56 -16.16   7.20   -9.37  1.28  2.33  3.94  -1.00   -1.0        -1.  11.88  463.8 415468.
142 11 31 53 0.55 122.04 276.54  6.90 1668   11.06   449.8  256076.   1.44   0.00 -18.78   6.33   -2.98  1.07  3.06  1.61   0.13  581.9    499418.  10.91  454.4 323875.
142 11 33 14 0.55 122.04 276.53  6.90 1668   13.22   457.7  308717.  -3.24  -6.52 -16.95   3.67  -11.25  0.89  0.96  1.17  -1.00   -1.0        -1.  12.46  456.9 262901.
142 11 34 35 0.55 122.04 276.52  6.90 1668   -1.00    -1.0      -1.  -1.00  -1.00 -18.44  -2.68   -4.11  2.68  7.23  3.90  -1.00   -1.0        -1.  11.30  462.0 327279.
142 11 35 56 0.55 122.04 276.51  6.90 1668   -1.00    -1.0      -1.  -1.00  -1.00 -15.71   1.46  -13.53  1.75  1.84  1.66  -1.00   -1.0        -1.  11.68  467.4 284662.
142 11 37 17 0.55 122.04 276.50  6.90 1668   -1.00    -1.0      -1.  -1.00  -1.00 -17.55  -4.67  -13.04  0.30  1.52  0.45  -1.00   -1.0        -1.  11.24  474.1 278666.
142 11 38 38 0.55 122.04 276.49  6.90 1668   11.15   473.6  363447.  -8.60  -4.81 -16.74  -5.60  -14.12  0.24  0.78  0.30  -1.00   -1.0        -1.  12.16  481.8 338473.
142 11 39 59 0.55 122.05 276.47  6.90 1668   11.28   466.1  558641.  -4.95  -3.41 -18.95  -3.77  -10.98  0.38  2.28  0.55  -1.00   -1.0        -1.  11.16  452.2 242078.
142 11 41 20 0.55 122.05 276.46  6.90 1668   12.97   491.8  366040. -15.18  -0.69 -15.29 -10.12   -9.70  1.18  8.06  0.97  -1.00   -1.0        -1.  11.67  502.8 312801.
142 11 42 41 0.55 122.05 276.45  6.90 1668   11.63   460.2  351600.   0.75  -3.32 -15.93   3.58  -13.08  0.82  1.49  0.47  -1.00   -1.0        -1.  12.53  466.1 344223.
142 11 44 02 0.55 122.05 276.44  6.90 1668   12.79   489.2  440787.   0.00  -8.12 -15.93  -3.18  -14.55  1.13  1.17  1.18  -1.00   -1.0        -1.  11.19  479.2 321263.
142 11 45 23 0.55 122.05 276.43  6.90 1668   10.65   468.0  409985.   0.00   1.72 -16.46   7.06  -10.26  1.29  1.57  1.98  -1.00   -1.0        -1.  12.31  468.1 324950.
142 11 46 44 0.55 122.05 276.42  6.90 1668   11.49   463.5  381525.   0.12  -4.53 -18.64   5.59   -7.25  0.51  1.30  2.54  -1.00   -1.0        -1.  11.47  455.4 273455.
142 11 48 05 0.55 122.05 276.41  6.90 1668   12.38   452.7  358006.   1.73  -0.03 -19.55   5.64   -4.09  0.49  1.22  1.88  -1.00   -1.0        -1.  10.87  443.8 259000.
142 11 49 26 0.55 122.05 276.39  6.90 1668   10.76   439.4  309123.   0.00   3.56 -20.21   4.60   -2.61  0.29  0.80  1.27  -1.00   -1.0        -1.  11.42  432.7 204266.
142 11 50 47 0.55 122.06 276.38  6.90 1668   10.22   473.1  347825.   0.00   4.22 -16.57   9.39    6.03  0.45  0.90  1.56  -1.00   -1.0        -1.  10.97  467.4 295961.
142 11 52 08 0.55 122.06 276.37  6.90 1668   11.34   470.3  382659.   4.29   5.15 -17.53   8.94    4.57  0.64  0.73  0.97  -1.00   -1.0        -1.  11.37  456.7 243547.
142 11 53 29 0.55 122.06 276.36  6.90 1668   12.30   459.0  372952.   0.78   1.65 -17.44   9.05   -0.42  1.34  1.89  3.03  -1.00   -1.0        -1.  11.83  447.8 254286.
142 11 54 50 0.55 122.06 276.35  6.90 1668   10.51   473.4  387668.   4.42  -0.45 -14.81  12.64    2.71  1.01  1.06  0.86  -1.00   -1.0        -1.  11.57  463.7 278773.
142 11 56 11 0.55 122.06 276.34  6.90 1668    9.76   503.2  400571.   8.29  -2.21 -12.31  14.72    1.09  0.88  0.64  1.02  -1.00   -1.0        -1.  11.14  490.4 305985.
142 11 57 32 0.55 122.06 276.33  6.90 1668   10.51   483.1  189271.   5.33   0.96 -15.09  11.51    2.22  2.28  2.15  3.19  -1.00   -1.0        -1.  11.21  470.1 245879.
142 11 58 53 0.55 122.06 276.32  6.90 1668   10.71   473.5  345889.   6.59   3.12 -17.75   9.44    3.22  0.47  0.75  0.61  -1.00   -1.0        -1.   9.82  447.3 143020.
142 12 00 14 0.55 122.06 276.31  6.90 1668   10.88   445.9  262940.  -0.21   1.37 -19.22   4.40    6.04  0.44  1.00  0.67  -1.00   -1.0        -1.  10.36  443.0 166081.
142 12 01 35 0.55 122.07 276.30  6.90 1668   13.58   453.9  416381.   0.00   4.36 -17.03  10.09    3.80  0.55  0.91  0.69  -1.00   -1.0        -1.  11.63  455.0 197948.
142 12 02 56 0.55 122.07 276.28  6.90 1668   12.48   452.9  321354.   0.00   0.49 -16.92   9.88   -0.29  3.08  2.73  2.45  -1.00   -1.0        -1.  10.62  444.7 154802.
142 12 04 17 0.55 122.07 276.27  6.90 1668   10.92   470.5  428088.   6.84  -1.47 -16.48  10.87   -0.93  1.05  1.28  1.96  -1.00   -1.0        -1.  11.30  469.8 277935.
142 12 05 38 0.55 122.07 276.26  6.90 1668   11.40   439.4  257018.  -0.84   8.83 -18.68   4.51    7.29  0.40  1.67  1.40  -1.00   -1.0        -1.  10.45  445.5 174202.
142 12 06 59 0.55 122.07 276.25  6.90 1668   11.64   440.8  214603.  -2.55   4.80 -18.94   4.84    5.85  1.06  2.02  1.64  -1.00   -1.0        -1.  10.33  439.4 111555.
142 12 08 20 0.55 122.07 276.24  6.90 1668   13.36   492.7  397585.   0.00  11.17 -13.23   6.39   13.94  1.19  0.37  1.09  -1.00   -1.0        -1.  10.90  488.7 215646.
142 12 09 41 0.55 122.07 276.23  6.90 1668   11.51   447.2  319187.  -1.05   4.16 -19.75   5.85    2.12  0.17  0.31  0.82  -1.00   -1.0        -1.  11.59  437.2 155806.
142 12 11 02 0.55 122.07 276.22  6.90 1668   11.73   440.6  220996.  -0.47   1.65 -19.47   5.07    4.86  0.56  1.17  0.47  -1.00   -1.0        -1.  10.87  444.0 164122.
142 12 12 23 0.55 122.08 276.20  6.90 1668   11.96   445.5  165051.   0.29   4.51 -19.56   5.12    4.94  0.34  0.86  0.58  -1.00   -1.0        -1.  11.06  447.2 138024.
142 12 13 44 0.55 122.08 276.19  6.90 1668   11.20   439.7  193745.  -1.18   2.93 -18.55   7.60    4.85  0.57  0.92  0.76  -1.00   -1.0        -1.  11.79  437.9 201632.
142 12 15 05 0.55 122.08 276.18  6.90 1668   12.67   460.9  332902.   2.23   3.99 -16.88   9.27    6.74  0.26  0.24  0.57  -1.00   -1.0        -1.  11.87  465.2 212807.
142 12 16 26 0.55 122.08 276.17  6.90 1668   13.24   444.2  212504.  -4.35   0.00 -21.01   2.78   -0.20  0.30  1.00  1.59  -1.00   -1.0        -1.  12.17  434.8 158395.
142 12 17 47 0.55 122.08 276.16  6.90 1668   13.28   467.8  346640.   0.00   4.44 -16.88   9.29    5.96  1.21  1.28  1.15  -1.00   -1.0        -1.  12.80  471.8 291855.
142 12 19 08 0.55 122.08 276.15  6.90 1668   12.59   466.9  439526.   4.50   4.57 -17.18   7.79    7.77  0.55  0.59  1.09  -1.00   -1.0        -1.  11.38  454.0 170872.
142 12 20 29 0.55 122.08 276.14  6.90 1668   12.35   462.1  271318.   3.82   6.68 -18.83   6.43    2.99  1.63  1.69  4.22  -1.00   -1.0        -1.  11.71  469.0 273192.
142 12 21 50 0.55 122.08 276.13  6.90 1668   12.72   456.3  359312.   4.60  -4.00 -19.86   5.67   -2.40  0.34  0.86  1.86  -1.00   -1.0        -1.   9.49  441.6 111533.
142 12 23 11 0.55 122.09 276.12  6.90 1668   -1.00    -1.0      -1.  -1.00  -1.00 -19.71   6.65   -0.53  0.44  0.86  1.49  -1.00   -1.0        -1.  10.20  436.7 139294.
142 12 24 32 0.55 122.09 276.11  6.90 1668   -1.00    -1.0      -1.  -1.00  -1.00 -19.19   6.69   -4.37  0.40  1.04  0.73  -1.00   -1.0        -1.  10.86  440.4 173107.
142 12 25 53 0.55 122.09 276.09  6.90 1668   -1.00    -1.0      -1.  -1.00  -1.00 -20.46   1.33   -6.45  0.36  0.51  1.04  -1.00   -1.0        -1.  11.05  441.2 148919.
142 12 27 14 0.55 122.09 276.08  6.90 1668   12.38   463.7  315172.   0.00   0.00 -19.66  -5.13   -8.98  0.34  1.65  0.98  -1.00   -1.0        -1.  11.77  464.0 281586.
142 12 28 35 0.55 122.09 276.07  6.90 1668   12.92   457.9  348137.   0.00   1.39 -18.57   7.36   -4.68  0.87  1.32  0.49   0.16  577.6    322039.  12.24  446.2 225258.
142 12 29 56 0.55 122.09 276.06  6.90 1668   11.97   455.4  264376.   1.05   1.50 -17.35   4.72    4.81  2.76  4.45  5.73  -1.00   -1.0        -1.  11.06  443.7 175547.
142 12 31 17 0.55 122.09 276.05  6.90 1668   11.86   500.4  293414.  -8.58  12.02 -13.05  -4.55   15.93  1.66  0.60  1.22   0.04  637.6    165009.  11.57  507.3 318070.
142 12 32 38 0.55 122.09 276.04  6.90 1668   13.01   497.4  323566.  -6.72  10.11 -14.33  -3.66   15.04  0.95  2.22  1.27   0.07  658.9    516375.  12.79  495.0 336160.
142 12 33 59 0.55 122.09 276.02  6.90 1668   -1.00    -1.0      -1.  -1.00  -1.00 -15.41  -4.15   13.88  1.49  2.73  1.86  -1.00   -1.0        -1.  11.70  505.6 367810.
142 12 35 20 0.55 122.10 276.01  6.90 1668   -1.00    -1.0      -1.  -1.00  -1.00 -19.42  -2.78    8.97  1.11  1.93  1.98  -1.00   -1.0        -1.  11.53  458.3 234116.
142 12 36 41 0.55 122.10 276.00  6.90 1668   -1.00    -1.0      -1.  -1.00  -1.00 -17.95  -0.43   11.31  0.54  3.09  0.73  -1.00   -1.0        -1.  12.04  470.1 281969.
142 12 38 02 0.55 122.10 275.99  6.90 1668   10.70   475.6  461762.  -6.96   5.78 -18.96  -1.67   10.89  0.58  0.52  0.97  -1.00   -1.0        -1.  10.46  457.7 181482.
142 12 39 23 0.55 122.10 275.98  6.90 1668   10.95   486.8  325872.  -5.50   9.28 -16.98  -3.38   13.56  0.46  0.44  0.49  -1.00   -1.0        -1.  10.94  480.8 262008.
142 12 40 44 0.55 122.10 275.97  6.90 1668    8.54   468.5  239951.  -5.11   7.96 -18.19   1.19   11.62  0.32  0.76  0.33  -1.00   -1.0        -1.  11.08  463.3 253081.
142 12 42 05 0.55 122.10 275.96  6.90 1668   10.43   463.0  377851.  -5.56   5.98 -18.37  -0.24   11.51  0.66  1.11  0.98  -1.00   -1.0        -1.  11.18  459.1 200150.
142 12 43 26 0.55 122.10 275.95  6.90 1668   10.37   454.7  215369.  -3.92   7.15 -19.21   0.01   10.65  0.29  1.01  0.62  -1.00   -1.0        -1.  10.48  453.8 173153.
142 12 44 47 0.55 122.10 275.94  6.90 1668   11.35   464.6  248845.   0.00   7.17 -18.13   4.42   10.55  0.31  0.77  0.46  -1.00   -1.0        -1.  11.84  465.6 306216.
142 12 46 08 0.55 122.11 275.93  6.90 1668   10.01   465.2  236351.  -1.12   0.00 -18.91   2.91   10.20  0.53  1.08  0.48  -1.00   -1.0        -1.  10.72  452.8 181319.
142 12 47 29 0.55 122.11 275.92  6.90 1668    9.41   434.9  160620.  -7.82   5.45 -20.05   2.13    8.33  0.32  0.74  0.24  -1.00   -1.0        -1.  11.48  443.0 169784.
142 12 48 50 0.55 122.11 275.90  6.90 1668   11.65   446.7  240808.  -7.96   0.00 -19.53  -0.49    9.17  0.23  1.87  0.48  -1.00   -1.0        -1.  11.94  448.8 224621.
142 12 51 39 0.55 122.11 275.88  6.90 1668   12.42   442.7  184259.   0.00   0.00 -20.43   3.15    6.10  0.49  0.00  1.16  -1.00   -1.0        -1.  -1.00   -1.0     -1.
142 12 53 00 0.55 122.11 275.87  6.90 1668   -1.00    -1.0      -1.  -1.00  -1.00   0.00   0.00    0.00  0.00  0.00  0.00  -1.00   -1.0        -1.  12.62  436.9 211052.
142 12 56 54 0.55 122.12 275.83  6.89 1668   13.34   428.6  142874.   0.00   0.00   0.00   0.00    0.00  0.00  0.00  0.00  -1.00   -1.0        -1.  10.92  437.8 182144.
142 13 02 18 0.55 122.12 275.79  6.89 1668   -1.00    -1.0      -1.  -1.00  -1.00   0.00   0.00    0.00  0.00  0.00  0.00  -1.00   -1.0        -1.  10.25  429.6 113784.
142 13 06 21 0.55 122.12 275.76  6.89 1668   12.00   435.1  360745.   0.00   0.00   0.00   0.00    0.00  0.00  0.00  0.00  -1.00   -1.0        -1.  10.62  422.6  93231.
142 13 07 44 0.55 122.13 275.75  6.89 1668   13.01   478.4  507088.   0.00   0.00   0.00   0.00    0.00  0.00  0.00  0.00  -1.00   -1.0        -1.  10.95  489.7 305306.
142 13 09 05 0.55 122.13 275.74  6.89 1668   10.37   445.8  342852.   0.00   0.00 -19.91   4.64    5.17  0.82  1.32  1.87  -1.00   -1.0        -1.  10.95  429.7 156520.
142 13 10 26 0.55 122.13 275.73  6.89 1668    9.56   479.7  354660.   0.41   0.00   0.00   0.00    0.00  0.00  0.00  0.00  -1.00   -1.0        -1.  10.80  448.2 275440.
142 13 11 47 0.55 122.13 275.71  6.89 1668   12.57   491.0  384757.   0.00   0.00 -15.81   3.11   14.12  0.77  0.44  0.81  -1.00   -1.0        -1.  -1.00   -1.0     -1.
142 13 13 06 0.55 122.13 275.70  6.89 1668   10.50   430.0  231573.   0.00   0.00 -17.48   5.03   11.06  0.49  0.91  1.20  -1.00   -1.0        -1.  10.88  439.0 170882.
142 13 17 09 0.55 122.13 275.67  6.89 1668   12.80   447.4  210250.   0.00   0.00   0.00   0.00    0.00  0.00  0.00  0.00  -1.00   -1.0        -1.  11.32  449.9 199072.
142 13 18 32 0.55 122.14 275.66  6.89 1668   11.77   461.3  395523.   0.00   0.00   0.00   0.00    0.00  0.00  0.00  0.00  -1.00   -1.0        -1.  11.62  459.4 250800.
142 13 19 53 0.55 122.14 275.64  6.89 1668   10.72   453.0  314906.   0.00   0.00 -17.80   5.24   10.66  0.31  1.16  1.08  -1.00   -1.0        -1.  11.63  440.2 183119.
142 13 21 14 0.55 122.14 275.63  6.89 1668   12.25   427.6  171843.   0.00   0.00 -19.76   6.66    5.36  0.34  0.23  0.83  -1.00   -1.0        -1.  11.56  430.5 129854.
142 13 22 35 0.55 122.09 275.58  6.95 1669   -1.00    -1.0      -1.  -1.00  -1.00 -19.29   4.34    8.42  0.20  0.37  0.31  -1.00   -1.0        -1.  -1.00   -1.0     -1.
142 13 23 54 0.55 122.14 275.61  6.89 1668   12.53   433.2  218875.   0.00   0.00 -19.31   4.29    8.40  0.09  0.88  0.53  -1.00   -1.0        -1.  11.52  432.6 204841.
142 13 25 15 0.55 122.14 275.60  6.89 1668   -1.00    -1.0      -1.  -1.00  -1.00 -19.20   7.09    0.65  1.53  2.63  2.98  -1.00   -1.0        -1.  10.57  435.5 181397.
142 13 34 42 0.55 122.15 275.53  6.89 1668   12.07   454.9  367228.   2.68   0.00 -17.87   9.74   -3.03  0.21  0.18  0.71  -1.00   -1.0        -1.  10.73  458.7 262800.
142 13 36 03 0.55 122.15 275.51  6.89 1668   10.29   492.3  359757.   4.05  -4.87 -15.15   8.04  -10.52  1.91  0.82  3.48  -1.00   -1.0        -1.  13.15  469.0 342686.
142 13 37 24 0.55 122.15 275.50  6.89 1668   13.92   530.0  472072.  -5.80   0.00  -5.49   1.61  -19.96  1.99  0.97  0.79  -1.00   -1.0        -1.  12.29  548.2 343248.
142 13 38 45 0.55 122.15 275.49  6.89 1668   14.34   552.6  294801.  -3.71   0.00  -7.59   3.04  -18.57  2.98  1.41  1.31  -1.00   -1.0        -1.  10.48  534.1 253926.
142 13 44 09 0.55 122.16 275.44  6.89 1668   14.31   494.7  494844.   2.25  -9.54 -17.80   9.30    1.26  0.00  0.00  0.00  -1.00   -1.0        -1.  11.80  482.7 322588.
142 13 46 51 0.55 122.16 275.42  6.89 1668   11.31   481.8  330856.   4.83  -5.92 -19.29   7.54    2.14  0.36  0.53  1.28  -1.00   -1.0        -1.  12.82  475.6 363350.
142 13 49 33 0.55 122.16 275.40  6.89 1668   14.59   446.1  337823.   0.44   0.38 -17.57   9.08   -6.96  0.35  0.52  0.73  -1.00   -1.0        -1.  11.08  443.2 213485.
142 13 49 35 0.55 122.16 275.40  6.89 1668   11.55   453.3  300651.   3.21   0.00   0.00   0.00    0.00  0.00  0.00  0.00  -1.00   -1.0        -1.  11.63  457.1 266273.
142 13 52 18 0.55 122.17 275.38  6.89 1668   10.72   461.8  404180.   2.15   0.00 -17.71  10.54   -2.17  0.08  0.21  0.65  -1.00   -1.0        -1.  10.41  440.1 162040.
142 13 55 00 0.55 122.17 275.36  6.89 1668   12.83   458.4  353111.   0.00 -10.67 -16.68  10.66   -5.94  0.30  0.48  2.28  -1.00   -1.0        -1.  12.06  459.0 268706.
142 13 57 42 0.55 122.17 275.33  6.89 1668   12.58   465.6  331668.   4.53  -4.16 -16.17  13.04   -0.28  0.85  0.69  1.14  -1.00   -1.0        -1.  12.77  452.4 241562.
142 14 00 24 0.55 122.17 275.31  6.89 1668   13.94   484.2  349225.   4.55   2.85 -13.45  14.18    5.10  0.56  0.38  1.32  -1.00   -1.0        -1.  12.30  475.1 349820.
142 14 03 06 0.55 122.18 275.29  6.89 1668   12.52   477.7  366660.   2.46   5.24 -18.69  11.09   -1.58  0.00  0.00  0.00  -1.00   -1.0        -1.  11.92  481.1 292196.
142 14 05 48 0.55 122.18 275.26  6.89 1668   12.68   473.2  300326.   4.92  -4.18   0.00   0.00    0.00  0.00  0.00  0.00  -1.00   -1.0        -1.  12.61  459.1 257073.
142 14 08 30 0.55 122.18 275.24  6.89 1668   13.36   482.7  349014.   6.84  -7.01   0.00   0.00    0.00  0.00  0.00  0.00  -1.00   -1.0        -1.  13.64  475.7 338860.
142 14 11 12 0.55 122.18 275.22  6.89 1668   12.96   479.6  340341.   4.44  -4.39   0.00   0.00    0.00  0.00  0.00  0.00  -1.00   -1.0        -1.  11.79  483.2 245541.
142 14 13 54 0.55 122.19 275.20  6.89 1668   13.89   468.1  325518.  -0.53  -6.83   0.00   0.00    0.00  0.00  0.00  0.00  -1.00   -1.0        -1.  12.57  461.9 337885.
142 14 16 36 0.55 122.19 275.18  6.89 1668   14.39   511.2  452263.  -1.65 -10.85   0.00   0.00    0.00  0.00  0.00  0.00  -1.00   -1.0        -1.  11.07  504.4 279783.
142 14 19 18 0.55 122.19 275.16  6.89 1668   12.77   516.8  392592.   0.00  -7.93   0.00   0.00    0.00  0.00  0.00  0.00  -1.00   -1.0        -1.  11.06  517.1 299524.
142 14 22 00 0.55 122.19 275.13  6.89 1668   14.25   484.8  441079.   3.95  -5.06   0.00   0.00    0.00  0.00  0.00  0.00  -1.00   -1.0        -1.  13.52  487.4 347991.
142 14 24 42 0.55 122.20 275.11  6.89 1668   13.18   476.4  379426.   3.59   0.00   0.00   0.00    0.00  0.00  0.00  0.00  -1.00   -1.0        -1.  13.16  474.1 365078.
142 14 32 48 0.55 122.20 275.04  6.89 1668   12.54   465.2  349252.   0.00  -4.93   0.00   0.00    0.00  0.00  0.00  0.00  -1.00   -1.0        -1.  13.03  458.3 276376.
142 14 35 30 0.55 122.21 275.02  6.89 1668   -1.00    -1.0      -1.  -1.00  -1.00   0.00   0.00    0.00  0.00  0.00  0.00  -1.00   -1.0        -1.  13.48  488.3 309003.
142 14 38 12 0.55 122.21 275.00  6.89 1668   -1.00    -1.0      -1.  -1.00  -1.00   0.00   0.00    0.00  0.00  0.00  0.00  -1.00   -1.0        -1.  11.84  456.7 302766.
142 14 40 54 0.55 122.21 274.98  6.89 1668   -1.00    -1.0      -1.  -1.00  -1.00   0.00   0.00    0.00  0.00  0.00  0.00  -1.00   -1.0        -1.  11.59  468.3 348209.
142 14 43 36 0.55 122.21 274.95  6.89 1668   10.15   441.6  223211.  -0.13  -3.28   0.00   0.00    0.00  0.00  0.00  0.00  -1.00   -1.0        -1.   9.66  440.0 181865.
142 14 46 18 0.55 122.22 274.93  6.89 1668   -1.00    -1.0      -1.  -1.00  -1.00 -17.09  12.06   -4.16  1.24  0.75  1.45  -1.00   -1.0        -1.  12.10  445.6 223351.
142 14 49 00 0.55 122.22 274.91  6.89 1668   -1.00    -1.0      -1.  -1.00  -1.00 -20.30   8.26    0.51  0.13  0.41  1.14  -1.00   -1.0        -1.  11.14  425.8 158236.
142 14 51 42 0.55 122.22 274.88  6.89 1668   -1.00    -1.0      -1.  -1.00  -1.00 -18.69   9.11    5.79  0.36  1.04  0.43  -1.00   -1.0        -1.  10.57  436.5 178737.
142 14 54 24 0.55 122.22 274.86  6.89 1668   10.83   447.6  367086.  -2.18   2.37 -18.95   8.46    5.50  0.39  0.66  0.58  -1.00   -1.0        -1.  11.36  434.0 207512.
142 14 57 06 0.55 122.23 274.84  6.89 1668   12.73   521.0  239200.   6.63   0.00  -6.41  12.12  -15.11  1.31  0.51  0.24  -1.00   -1.0        -1.  12.56  520.0 313174.
142 14 59 48 0.55 122.23 274.82  6.89 1668   13.01   524.2  230166.   1.57  -9.74  -3.98  12.24  -16.39  1.56  0.16  0.59  -1.00   -1.0        -1.  12.43  529.9 359689.
142 15 02 30 0.55 122.23 274.80  6.89 1668   11.87   432.3  254176.  -2.01  -2.86 -18.73   9.85   -0.58  0.91  1.76  1.25  -1.00   -1.0        -1.  12.79  428.1 148435.
142 15 05 12 0.55 122.23 274.78  6.89 1668   10.61   457.8  245694.   0.00   0.00 -15.83   9.97   10.04  0.38  0.42  1.11  -1.00   -1.0        -1.  12.50  447.1 276775.
142 15 07 54 0.55 122.23 274.75  6.89 1668   12.03   447.6  306463.   0.93   3.90 -16.77  10.89    7.31  0.96  0.40  1.73  -1.00   -1.0        -1.  10.55  451.9 238421.
142 15 10 36 0.55 122.24 274.73  6.89 1668   12.80   492.6  358484.   4.51   4.79 -11.00  13.07   11.23  0.85  0.51  1.16  -1.00   -1.0        -1.  12.75  481.2 296113.
142 15 13 18 0.55 122.24 274.71  6.89 1668   14.10   455.9  339516.   0.00   3.39 -15.67  13.59    3.07  0.85  0.42  1.99  -1.00   -1.0        -1.  12.40  452.6 226811.
142 15 16 00 0.55 122.24 274.68  6.89 1668   11.53   453.4  275521.   3.82   0.27 -16.95  12.97   -0.68  0.36  0.33  0.21  -1.00   -1.0        -1.  12.35  441.7 225037.
142 15 18 42 0.55 122.24 274.66  6.89 1668   13.52   469.7  279536.   0.00   1.32 -15.00  14.38   -3.30  0.20  0.27  0.32  -1.00   -1.0        -1.  12.37  455.7 246958.
142 15 21 24 0.55 122.25 274.64  6.89 1668   11.04   423.7  179604.   0.00  -0.28 -19.62   7.28    3.96  0.32  0.45  0.42  -1.00   -1.0        -1.  11.72  427.7 133739.
142 15 24 06 0.55 122.25 274.62  6.89 1668   11.67   434.7  253649.  -3.00   2.78 -19.01   7.76    4.77  0.72  1.50  0.87  -1.00   -1.0        -1.  12.00  432.0 159762.
142 15 26 48 0.55 122.25 274.59  6.89 1668   13.78   434.2  309136.  -7.56   4.00 -20.65   2.96    4.96  0.87  3.43  2.92  -1.00   -1.0        -1.  10.11  420.3 126420.
142 15 29 30 0.55 122.25 274.57  6.89 1668   11.14   423.3  287430.  -6.08   2.95 -21.50   4.26    1.81  0.57  1.68  2.94  -1.00   -1.0        -1.  10.79  417.8 109414.
142 15 32 12 0.55 122.26 274.55  6.89 1668   12.43   419.5  227886.  -3.34   0.00 -21.72   2.06    0.78  0.33  1.39  3.29  -1.00   -1.0        -1.  12.07  422.3 128174.
142 15 34 54 0.55 122.26 274.53  6.89 1668   -1.00    -1.0      -1.  -1.00  -1.00 -22.30   1.08    1.15  0.07  0.36  0.32  -1.00   -1.0        -1.  13.61  419.7 113326.
142 15 37 36 0.55 122.26 274.50  6.89 1668   -1.00    -1.0      -1.  -1.00  -1.00 -20.47   6.86   -4.19  0.45  0.57  0.81  -1.00   -1.0        -1.  14.05  421.1 145723.
142 15 40 18 0.55 122.26 274.48  6.89 1668   -1.00    -1.0      -1.  -1.00  -1.00 -15.78  13.62   -4.73  0.45  0.67  0.60  -1.00   -1.0        -1.  11.47  457.7 249332.
142 15 43 00 0.55 122.27 274.46  6.88 1668   14.16   468.3  292127.   1.78  -3.25 -13.99  12.56   -9.32  0.37  0.32  0.32   0.17  557.6    380070.  13.45  469.1 256719.
142 15 45 42 0.55 122.27 274.44  6.88 1668   -1.00    -1.0      -1.  -1.00  -1.00 -15.64  11.96   -7.38  0.37  0.62  0.74  -1.00   -1.0        -1.  14.54  452.6 246097.
142 15 48 24 0.55 122.27 274.42  6.88 1668   -1.00    -1.0      -1.  -1.00  -1.00 -22.22   3.00   -2.25  0.71  2.28  1.04  -1.00   -1.0        -1.  14.26  422.6 144170.
142 15 51 06 0.55 122.27 274.39  6.88 1668   -1.00    -1.0      -1.  -1.00  -1.00 -16.14  13.08   -7.56  0.25  0.36  0.32  -1.00   -1.0        -1.  14.37  453.8 270525.
142 15 53 48 0.55 122.28 274.37  6.88 1668   12.93   477.2  368112.   1.38  -8.06 -12.23   7.50  -16.66  0.75  1.47  0.99  -1.00   -1.0        -1.  15.42  475.1 359331.
142 15 56 30 0.55 122.28 274.35  6.88 1668   13.44   495.3  300778.  -2.38  -9.66 -10.10  -1.11  -20.01  1.50  4.48  0.70  -1.00   -1.0        -1.  14.08  488.9 321003.
142 15 59 12 0.55 122.28 274.33  6.88 1668   13.24   525.3  323680.  -1.17  -8.17  -6.37   7.45  -19.78  0.45  0.36  0.19  -1.00   -1.0        -1.  13.70  508.3 288970.
142 16 01 54 0.55 122.28 274.30  6.88 1668   18.11   512.2  298741.  -3.86  -9.07  -8.50   1.29  -20.25  1.41  2.18  0.44  -1.00   -1.0        -1.  14.28  516.9 319460.
142 16 04 36 0.55 122.29 274.28  6.88 1668    9.88   507.2  280238.  -0.22  -7.56  -8.87   8.76  -17.08  1.42  1.74  0.81  -1.00   -1.0        -1.  14.22  491.1 306853.
142 16 07 18 0.55 122.29 274.26  6.88 1668   14.07   487.3  357405.  -2.87  -5.80 -11.00   3.19  -18.46  0.45  1.15  0.23  -1.00   -1.0        -1.  14.90  487.1 299112.
142 16 10 00 0.55 122.29 274.24  6.88 1668   15.48   470.0  434884.  -2.48  -7.93 -11.85   6.28  -16.55  1.89  0.73  1.37  -1.00   -1.0        -1.  15.40  476.6 366439.
142 16 12 42 0.55 122.29 274.21  6.88 1668   17.22   457.9  449892.  -0.10   2.30 -10.38  15.12   -5.01  2.82  2.17  2.17  -1.00   -1.0        -1.  14.53  463.2 347946.
142 16 15 24 0.55 122.30 274.19  6.88 1668   14.69   435.8  455561.   0.00  -0.24 -18.95   4.11   -5.84  1.45  5.21  1.40  -1.00   -1.0        -1.  15.64  447.1 330479.
142 16 18 06 0.55 122.30 274.17  6.88 1668   15.17   454.2  472599.   3.32  -2.58 -15.59  12.29   -7.00  0.58  1.17  1.53  -1.00   -1.0        -1.  14.54  445.1 302350.
142 16 20 48 0.55 122.30 274.15  6.88 1668   13.93   480.7  320672.   4.32   1.86  -8.90  17.86    5.38  0.53  0.41  1.40  -1.00   -1.0        -1.  16.25  477.4 383097.
142 16 23 30 0.55 122.30 274.13  6.88 1668   14.27   472.5  528544.   0.00   6.86  -9.26  16.44    7.65  0.28  1.18  1.82  -1.00   -1.0        -1.  14.38  477.1 296142.
142 16 26 12 0.55 122.30 274.10  6.88 1668   15.13   485.6  379949.   3.07  -2.55 -10.63  16.51   -9.00  0.87  0.87  0.96  -1.00   -1.0        -1.  15.13  489.6 296542.
142 16 28 54 0.55 122.31 274.08  6.88 1668   13.85   471.4  308561.   0.10   0.00 -11.00   6.24    9.04  3.04  1.02  8.58  -1.00   -1.0        -1.  15.06  469.9 329982.
142 16 31 36 0.55 122.31 274.06  6.88 1668   16.78   466.2  336073.   2.71   2.23 -13.80  16.03    6.86  0.54  0.39  0.31  -1.00   -1.0        -1.  16.96  458.7 302444.
142 16 34 18 0.55 122.31 274.03  6.88 1668   -1.00    -1.0      -1.  -1.00  -1.00 -12.29  12.36   13.44  1.95  0.72  2.19  -1.00   -1.0        -1.  17.32  472.8 360455.
142 16 37 00 0.55 122.31 274.01  6.88 1668   -1.00    -1.0      -1.  -1.00  -1.00 -13.18  16.64   -3.22  0.56  0.14  1.59  -1.00   -1.0        -1.  17.48  467.4 412223.
142 16 39 42 0.55 122.32 273.99  6.88 1668   -1.00    -1.0      -1.  -1.00  -1.00  -3.91   8.63  -17.97  6.38  3.85  3.72  -1.00   -1.0        -1.  15.49  524.5 344259.
142 16 42 24 0.55 122.32 273.97  6.88 1668   16.28   523.7  373111.  -0.81  -5.31   0.41   8.62  -19.89  0.68  1.26  0.47  -1.00   -1.0        -1.  17.66  523.4 415078.
142 16 45 06 0.55 122.32 273.95  6.88 1668   -1.00    -1.0      -1.  -1.00  -1.00  -1.79   8.42  -20.77  0.35  0.67  0.43  -1.00   -1.0        -1.  16.75  519.7 401175.
142 16 47 48 0.55 122.32 273.92  6.88 1668   -1.00    -1.0      -1.  -1.00  -1.00  -4.39  16.64   12.67  1.76  0.89  2.48  -1.00   -1.0        -1.  16.85  500.8 388379.
142 16 50 30 0.55 122.33 273.90  6.88 1668   -1.00    -1.0      -1.  -1.00  -1.00 -15.43   7.97  -15.54  0.74  0.45  0.42  -1.00   -1.0        -1.  17.32  461.1 330573.
142 16 53 12 0.55 122.33 273.88  6.88 1668   15.40   472.7  367475.  -1.19  -4.81 -13.41   5.08  -18.24  1.03  1.55  1.14  -1.00   -1.0        -1.  17.28  463.6 327916.
142 16 55 54 0.55 122.33 273.85  6.88 1668   13.80   463.9  386440.  -4.74 -10.42 -13.41   7.78  -15.56  2.21  4.43  1.21  -1.00   -1.0        -1.  16.83  460.5 330255.
142 16 58 36 0.55 122.33 273.83  6.88 1668   16.44   497.1  445179.   1.97  -5.57  -5.03  12.45  -18.23  1.13  0.24  0.43  -1.00   -1.0        -1.  17.53  506.8 323319.
142 17 01 18 0.55 122.34 273.81  6.88 1668   18.97   504.5  448664.  -0.36  -7.61  -5.34  10.74  -18.96  1.56  0.68  0.46  -1.00   -1.0        -1.  16.44  512.3 311134.
142 17 04 00 0.55 122.34 273.79  6.88 1668   -1.00    -1.0      -1.  -1.00  -1.00  -7.36   9.68  -18.24  0.60  0.56  0.33  -1.00   -1.0        -1.  18.31  494.1 324209.
142 17 06 42 0.55 122.34 273.77  6.88 1668   14.70   474.4  311654.   0.00  -6.45  -9.46   6.49  -17.50  4.43  5.39  1.03  -1.00   -1.0        -1.  16.50  468.5 366952.
142 17 09 24 0.55 122.34 273.75  6.88 1668   16.23   468.6  443999.   0.00   0.00  -9.89   7.82  -15.46  3.29  2.84  1.92  -1.00   -1.0        -1.  11.60  447.1 308974.
142 17 14 48 0.55 122.30 273.65  6.93 1669   -1.00    -1.0      -1.  -1.00  -1.00 -19.30   7.35    9.93  0.07  0.26  0.20  -1.00   -1.0        -1.  -1.00   -1.0     -1.
142 17 15 57 0.55 122.30 273.64  6.93 1669   -1.00    -1.0      -1.  -1.00  -1.00 -17.95   7.01   11.54  0.27  0.42  0.65  -1.00   -1.0        -1.  -1.00   -1.0     -1.
142 17 18 39 0.55 122.35 273.67  6.88 1668   14.41   447.2  240766.  -2.62   3.65 -20.48   9.26   -0.17  0.33  0.48  0.56  -1.00   -1.0        -1.  13.24  440.6 162316.
142 17 18 40 0.55 122.35 273.66  6.88 1668   12.53   435.2  240772.  -2.22   6.28   0.00   0.00    0.00  0.00  0.00  0.00  -1.00   -1.0        -1.  14.07  438.6 188417.
142 17 18 41 0.55 122.35 273.67  6.88 1668   13.33   431.2  156491.  -1.73   1.09   0.00   0.00    0.00  0.00  0.00  0.00  -1.00   -1.0        -1.  12.29  427.5 146444.
142 17 20 12 0.55 122.35 273.65  6.88 1668   10.70   425.3  166613.  -1.29   2.21 -20.62   9.00   -0.26  0.35  0.33  1.37  -1.00   -1.0        -1.  12.81  428.7 112377.
142 17 22 54 0.55 122.36 273.63  6.88 1668   12.55   419.1  195392.  -0.82  -1.20 -19.94   8.67    4.72  0.83  0.37  2.14  -1.00   -1.0        -1.  11.26  421.8  99633.
142 17 25 36 0.55 122.36 273.61  6.88 1668   12.49   452.7  361586.  -0.18   1.47 -17.52  10.67    8.15  1.95  1.15  2.13  -1.00   -1.0        -1.  12.55  438.8 196584.
142 17 28 18 0.55 122.36 273.59  6.88 1668   12.24   447.2  564943.  -1.22   3.28 -17.94  10.86    5.42  0.50  1.13  2.16  -1.00   -1.0        -1.  13.95  441.2 218378.
142 17 31 00 0.55 122.36 273.57  6.88 1668   14.30   457.1  229374.   2.10  -1.36 -16.78  14.21   -2.92  0.14  0.19  1.03  -1.00   -1.0        -1.  13.76  450.2 194677.
142 17 33 42 0.55 122.36 273.54  6.88 1668   14.41   445.1  308909.   1.70  -2.26 -17.04  13.53   -2.19  0.36  0.48  0.66  -1.00   -1.0        -1.  14.08  440.4 190009.
142 17 36 24 0.55 122.37 273.52  6.88 1668   14.14   432.6  184789.  -3.23  -8.97 -17.09  10.03    1.72  2.55  2.65  6.07  -1.00   -1.0        -1.  17.31  455.2 334071.
142 17 39 06 0.55 122.37 273.50  6.88 1668   -1.00    -1.0      -1.  -1.00  -1.00 -17.32  12.13   -2.51  0.52  0.57  0.65  -1.00   -1.0        -1.  14.70  439.2 185513.
142 17 41 48 0.55 122.37 273.47  6.88 1668   -1.00    -1.0      -1.  -1.00  -1.00  -1.17  -3.64  -20.88  4.30  3.27  0.48  -1.00   -1.0        -1.  13.63  528.7 329741.
142 17 44 30 0.55 122.37 273.45  6.88 1668   -1.00    -1.0      -1.  -1.00  -1.00 -17.42   8.58   -7.57  1.14  2.05  1.22  -1.00   -1.0        -1.  17.11  457.6 350717.
142 17 47 12 0.55 122.38 273.43  6.88 1668   -1.00    -1.0      -1.  -1.00  -1.00 -17.16   4.30  -12.23  0.76  1.36  0.92  -1.00   -1.0        -1.  14.84  458.0 282999.
142 17 49 54 0.55 122.38 273.41  6.88 1668   -1.00    -1.0      -1.  -1.00  -1.00 -13.27   9.26  -14.42  0.60  0.61  0.72  -1.00   -1.0        -1.  14.49  474.6 324914.
142 17 52 36 0.55 122.38 273.39  6.88 1668   13.63   423.0  320178.  -2.52   2.27 -19.87   7.98   -4.58  0.42  0.47  2.24  -1.00   -1.0        -1.  13.63  429.5 114515.
142 17 55 18 0.55 122.38 273.37  6.88 1668   11.67   468.4  344827.  -1.33  -9.34 -15.85   8.33  -11.25  1.22  1.01  2.59  -1.00   -1.0        -1.  12.61  456.0 216919.
142 17 58 00 0.55 122.39 273.34  6.88 1668   18.19   513.7  379462.   1.21  -4.46  -4.53  14.18  -14.67  0.73  0.74  0.84  -1.00   -1.0        -1.  15.98  509.6 315594.
142 18 00 42 0.55 122.39 273.32  6.88 1668   14.70   492.1  322218.   1.21  -6.21  -6.18  11.53  -17.31  0.52  0.64  0.30  -1.00   -1.0        -1.  15.33  492.1 335884.
142 18 03 24 0.55 122.39 273.30  6.88 1668   14.46   525.3  315071.   0.00 -12.62  -4.68   2.02  -20.92  1.22  4.95  2.64  -1.00   -1.0        -1.  15.49  530.0 334991.
142 18 06 06 0.55 122.39 273.27  6.88 1668   16.91   524.5  466937.  -1.54  -6.65  -3.58  10.66  -18.44  1.69  2.36  2.10  -1.00   -1.0        -1.  16.89  535.7 414074.
142 18 08 48 0.55 122.40 273.25  6.88 1668   17.31   477.7  440322.   0.00   0.00 -10.61  14.58    0.11  2.58  1.46  5.75  -1.00   -1.0        -1.  15.50  472.8 286858.
142 18 11 30 0.55 122.40 273.23  6.88 1668   17.38   493.5  466940.   1.46   0.00 -12.20  15.92    3.06  1.22  0.80  6.02  -1.00   -1.0        -1.  17.15  480.9 376107.
142 18 14 12 0.55 122.40 273.21  6.88 1668   17.86   503.8  404511.   0.81  -9.03 -10.53  12.28  -15.13  1.89  0.68  1.05  -1.00   -1.0        -1.  15.54  504.0 326902.
142 18 16 54 0.55 122.40 273.18  6.88 1668   17.68   460.4  349446. -12.16  -5.89 -16.31  -9.18  -15.77  2.34  0.79  1.99  -1.00   -1.0        -1.  15.88  468.0 304166.
142 18 19 36 0.55 122.41 273.16  6.88 1668   15.27   506.4  543552. -10.05  -6.98  -7.32  -6.27  -21.45  1.77  1.16  0.56  -1.00   -1.0        -1.  14.35  519.0 270275.
142 18 22 18 0.55 122.41 273.14  6.88 1668   16.22   491.2  487681.  -9.57  -5.13  -8.68  -0.23  -19.58  1.89  4.18  0.95  -1.00   -1.0        -1.  19.75  503.5 444240.
142 18 25 00 0.55 122.41 273.12  6.88 1668   17.44   456.2  473521.  -1.94   1.17 -12.84   2.12   -9.31  3.68  3.15  0.79  -1.00   -1.0        -1.  14.34  467.9 391215.
142 18 27 42 0.55 122.41 273.09  6.88 1668   16.98   441.9  397368.   0.00   1.20 -20.93   3.13    1.94  0.66  1.46  0.99  -1.00   -1.0        -1.  15.54  434.4 167835.
142 18 30 24 0.55 122.42 273.07  6.87 1668   13.77   462.2  345733.   0.00   0.92 -15.63  12.20    2.34  2.02  2.74  4.04  -1.00   -1.0        -1.  13.68  452.5 272205.
142 18 33 06 0.55 122.42 273.05  6.87 1668   12.47   471.0  265789.   0.00   0.00 -18.32   7.77   -8.68  0.83  1.31  2.57  -1.00   -1.0        -1.  16.63  468.4 321773.
142 18 35 48 0.55 122.42 273.03  6.87 1668   16.43   452.5  359929.  -0.99  -4.21 -15.00   3.63  -14.20  3.33  1.00  3.84  -1.00   -1.0        -1.  15.08  454.1 355102.
142 18 38 30 0.55 122.42 273.00  6.87 1668   -1.00    -1.0      -1.  -1.00  -1.00 -18.79   5.51   -9.92  0.66  0.69  1.48  -1.00   -1.0        -1.  14.60  434.8 184863.
142 18 41 12 0.55 122.43 272.98  6.87 1668   -1.00    -1.0      -1.  -1.00  -1.00 -19.94   5.42   -1.80  0.99  2.97  1.05  -1.00   -1.0        -1.  14.14  420.2 133492.
142 18 43 54 0.55 122.43 272.96  6.87 1668   -1.00    -1.0      -1.  -1.00  -1.00 -17.98  11.03    1.02  0.69  0.99  0.69  -1.00   -1.0        -1.  15.11  448.2 223708.
142 18 46 36 0.55 122.43 272.94  6.87 1668   15.36   428.0  146405.  -4.47  -0.74 -21.34   4.74    0.69  0.24  0.31  1.61  -1.00   -1.0        -1.  15.19  426.8 141675.
142 18 49 18 0.55 122.43 272.92  6.87 1668   -1.00    -1.0      -1.  -1.00  -1.00 -15.41   7.90  -11.77  1.18  1.17  0.93  -1.00   -1.0        -1.  18.37  471.1 388259.
142 18 52 00 0.55 122.44 272.89  6.87 1668   -1.00    -1.0      -1.  -1.00  -1.00 -12.11   3.23  -17.00  1.33  0.63  0.90  -1.00   -1.0        -1.  15.52  479.1 332551.
142 18 54 42 0.55 122.44 272.87  6.87 1668   -1.00    -1.0      -1.  -1.00  -1.00 -15.21   5.49   -9.28  4.23  2.50  4.00  -1.00   -1.0        -1.  15.90  431.7 181319.
142 18 57 24 0.55 122.44 272.85  6.87 1668   14.69   481.3  372780.  -4.04  -7.42 -14.04   5.53  -12.60  2.83  0.37  3.17  -1.00   -1.0        -1.  16.60  475.0 319915.
142 19 00 06 0.55 122.44 272.83  6.87 1668   15.32   442.9  461564.   0.00  -1.86 -17.31   6.16   -8.42  1.04  1.99  1.71  -1.00   -1.0        -1.  16.64  439.5 269953.
142 19 02 48 0.55 122.44 272.80  6.87 1668   14.23   441.2  364181.  -2.58  -3.57 -16.05   7.31  -11.01  0.52  0.44  0.70  -1.00   -1.0        -1.  14.78  445.0 304283.
142 19 05 30 0.55 122.45 272.78  6.87 1668   11.25   432.0  187339.  -1.66  -7.54 -19.23   8.74    0.98  0.68  0.34  4.56  -1.00   -1.0        -1.  12.68  441.1 157017.
142 19 08 12 0.55 122.45 272.76  6.87 1668   14.92   444.1  324238.   0.00   4.44 -17.58  10.44    7.50  0.53  0.10  0.96  -1.00   -1.0        -1.  12.43  445.0 173192.
142 19 10 54 0.55 122.45 272.74  6.87 1668   12.73   452.3  273793.  -2.61   5.16 -17.78   7.80    9.79  0.29  0.36  0.34  -1.00   -1.0        -1.  12.07  448.8 144579.
142 19 13 36 0.55 122.45 272.71  6.87 1668   13.26   460.2  280729.  -1.68   5.54 -15.55   8.95   11.26  0.84  2.38  0.97  -1.00   -1.0        -1.  12.23  451.7 192364.
142 19 16 18 0.55 122.46 272.69  6.87 1668   14.23   477.6  382422.   3.15   0.00 -12.27  16.70   -0.86  0.54  0.23  0.99  -1.00   -1.0        -1.  12.66  467.8 305404.
142 19 19 00 0.55 122.46 272.67  6.87 1668   13.02   473.7  428140.   4.16   2.03 -11.85  16.10    3.38  2.06  2.36  3.31  -1.00   -1.0        -1.  12.51  471.3 351532.
142 19 21 42 0.55 122.46 272.64  6.87 1668   13.95   464.3  395042.  -0.52   3.06 -14.17  13.06    8.96  0.91  1.12  0.37  -1.00   -1.0        -1.  13.32  456.3 245691.
142 19 24 24 0.55 122.46 272.62  6.87 1668   11.61   447.8  253428.   0.10   0.00 -15.62   8.38   10.14  0.77  1.40  1.64  -1.00   -1.0        -1.  14.43  454.0 271120.
142 19 27 06 0.55 122.47 272.60  6.87 1668   14.95   448.3  434793.  -0.47   4.78 -16.55   7.17    8.81  0.09  2.94  2.05  -1.00   -1.0        -1.  13.52  455.3 294427.
142 19 29 48 0.55 122.47 272.58  6.87 1668   14.54   488.1  374693. -10.42   9.64 -13.12  -2.78   15.23  0.54  2.59  0.28  -1.00   -1.0        -1.  13.10  492.5 285725.
142 19 32 30 0.55 122.47 272.56  6.87 1668   12.70   468.9  324206.  -4.99  10.51 -12.15   0.84   16.09  0.33  0.53  0.16  -1.00   -1.0        -1.  13.85  472.6 340851.
142 19 35 12 0.55 122.47 272.54  6.87 1668   11.19   493.3  300320.   0.00   8.89 -11.69  -3.34   15.81  0.25  0.51  0.27  -1.00   -1.0        -1.  13.09  487.3 332057.
142 19 37 54 0.55 122.48 272.51  6.87 1668   -1.00    -1.0      -1.  -1.00  -1.00 -10.63  -0.42   15.97  1.10  1.44  0.73  -1.00   -1.0        -1.  10.52  493.8 237995.
142 19 40 36 0.55 122.48 272.49  6.87 1668   -1.00    -1.0      -1.  -1.00  -1.00 -18.68   5.58    1.24  0.20  0.97  1.14  -1.00   -1.0        -1.  11.63  438.5 106117.
142 19 43 18 0.55 122.48 272.47  6.87 1668   -1.00    -1.0      -1.  -1.00  -1.00  -8.20   8.01  -14.35  0.50  1.63  1.09  -1.00   -1.0        -1.  12.38  512.2 321071.
142 19 46 00 0.55 122.48 272.44  6.87 1668   -1.00    -1.0      -1.  -1.00  -1.00 -10.27   8.03  -13.37  0.49  0.43  0.43  -1.00   -1.0        -1.  13.40  492.3 309341.
142 19 48 42 0.55 122.49 272.42  6.87 1668   -1.00    -1.0      -1.  -1.00  -1.00 -10.43   8.82  -12.54  0.48  0.04  0.16  -1.00   -1.0        -1.  11.58  501.2 257499.
142 19 51 24 0.55 122.49 272.40  6.87 1668   -1.00    -1.0      -1.  -1.00  -1.00 -18.68   4.50   -1.46  0.18  0.30  0.30  -1.00   -1.0        -1.  11.19  440.5 103603.
142 19 54 06 0.55 122.49 272.38  6.87 1668   -1.00    -1.0      -1.  -1.00  -1.00 -15.12  10.37    1.05  0.45  0.65  0.29  -1.00   -1.0        -1.  10.11  467.9 190620.
142 19 56 48 0.55 122.49 272.36  6.87 1668   12.70   453.9  266510.  -0.73   2.05 -16.50   7.48    0.58  0.46  0.49  0.68  -1.00   -1.0        -1.  10.76  454.4 147470.
142 19 59 30 0.55 122.49 272.33  6.87 1668   12.56   455.3  312667.  -0.04   0.00 -16.56   7.38    1.40  0.55  0.84  2.12  -1.00   -1.0        -1.  10.36  447.6 125952.
142 20 02 12 0.55 122.50 272.31  6.87 1668    9.68   465.9  252636.  -3.05  -0.78 -15.99   5.09   -8.31  0.33  0.47  0.34  -1.00   -1.0        -1.  13.01  465.1 210182.
142 20 04 54 0.55 122.50 272.29  6.87 1668   13.47   530.9  376519.  -5.43   0.00 -12.70   3.80   -9.29  2.17  1.74  3.97  -1.00   -1.0        -1.   8.32  523.0 140389.
142 20 07 36 0.55 122.50 272.26  6.87 1668   11.31   487.2  289230.   1.25  -5.34 -13.71   8.31   -7.33  0.07  0.17  0.86  -1.00   -1.0        -1.  10.50  485.8 278854.
142 20 10 18 0.55 122.50 272.24  6.87 1668    9.55   460.7  375272.  -4.64   4.09 -15.43   2.67   -8.01  0.47  0.93  0.85  -1.00   -1.0        -1.  12.27  467.7 307938.
142 20 13 00 0.55 122.51 272.22  6.87 1668   12.06   470.5  378806.   1.18  -1.58 -14.09   6.06   -5.67  0.94  0.74  4.08  -1.00   -1.0        -1.  12.28  471.9 257362.
142 20 15 42 0.55 122.51 272.20  6.87 1668   10.96   482.2  398998.   1.51  -2.38 -12.56   0.83  -12.16  0.35  2.73  1.15  -1.00   -1.0        -1.  11.21  475.6 301473.
142 20 18 24 0.55 122.51 272.18  6.87 1668   11.81   475.9  288993.  -2.22  -1.14 -15.07   2.46   -9.71  0.37  0.35  0.39  -1.00   -1.0        -1.  11.41  470.8 214226.
142 20 21 06 0.55 122.51 272.15  6.87 1668   12.91   471.1  392476.  -0.35   1.07 -14.75   5.18   -7.64  1.51  1.82  0.94  -1.00   -1.0        -1.  10.48  458.4 169657.
142 20 23 48 0.55 122.52 272.13  6.87 1668   11.70   490.6  362716.  -0.74  -3.38 -11.64   6.18   -9.93  0.74  1.38  1.38  -1.00   -1.0        -1.  12.17  491.1 316452.
142 20 26 30 0.55 122.52 272.11  6.87 1668   15.25   533.0  363847.   5.15  -1.79  -4.55   9.98  -11.93  2.34  0.96  0.66  -1.00   -1.0        -1.   9.32  522.6 229153.
142 20 29 12 0.55 122.52 272.09  6.87 1668   11.49   552.8  301551.   3.12  -6.41  -1.86  11.45  -12.19  2.28  0.22  0.40  -1.00   -1.0        -1.   9.90  533.0 177652.
142 20 31 54 0.55 122.52 272.06  6.87 1668   12.41   525.6  301934.   2.90  -2.44  -5.69   8.72  -13.77  1.23  0.31  0.48  -1.00   -1.0        -1.  10.99  514.5 209347.
142 20 34 36 0.55 122.53 272.04  6.87 1668   12.63   535.7  315961.   1.79  -4.15  -3.36   7.88  -14.87  0.23  0.30  0.32  -1.00   -1.0        -1.  10.05  526.0 325973.
142 20 37 18 0.55 122.53 272.02  6.87 1668   -1.00    -1.0      -1.  -1.00  -1.00   2.31   3.91  -16.87  1.38  1.05  0.16  -1.00   -1.0        -1.  12.47  569.2 272760.
142 20 40 00 0.55 122.53 272.00  6.87 1668   -1.00    -1.0      -1.  -1.00  -1.00 -15.24   8.58   -2.18  0.42  0.59  0.87  -1.00   -1.0        -1.  11.60  470.8 199692.
142 20 42 42 0.55 122.53 271.97  6.87 1668   -1.00    -1.0      -1.  -1.00  -1.00 -14.77   9.00    1.33  0.22  0.36  0.47  -1.00   -1.0        -1.  10.68  465.8 176057.
142 20 45 24 0.55 122.54 271.95  6.87 1668   10.88   480.6  252879.   3.52  -0.82 -14.52   9.72   -2.39  0.94  1.25  0.77   0.21  558.0    346792.  11.25  475.1 228451.
142 20 48 06 0.55 122.54 271.93  6.87 1668   -1.00    -1.0      -1.  -1.00  -1.00 -13.33  10.21   -3.98  1.07  1.61  1.19  -1.00   -1.0        -1.  10.92  483.5 257846.
142 20 50 48 0.55 122.54 271.91  6.87 1668   -1.00    -1.0      -1.  -1.00  -1.00 -16.46   0.15   -5.45  0.15  2.49  0.54  -1.00   -1.0        -1.  11.22  458.2 131731.
142 20 53 30 0.55 122.54 271.89  6.87 1668   -1.00    -1.0      -1.  -1.00  -1.00 -15.12  -6.78   -7.36  0.43  2.44  0.99  -1.00   -1.0        -1.  10.43  486.4 249248.
142 20 56 12 0.55 122.55 271.86  6.87 1668   11.79   467.5  301502.  -0.40  -7.51 -13.51   3.87   -8.93  1.66  3.05  0.27  -1.00   -1.0        -1.  10.06  470.3 207570.
142 20 58 54 0.55 122.55 271.84  6.87 1668   11.54   491.9  209591.   4.17  -4.49  -8.97  10.51   -8.90  0.69  0.49  0.71  -1.00   -1.0        -1.   9.59  486.5 270217.
142 21 01 36 0.55 122.55 271.82  6.87 1668   12.28   477.7  345613.   0.00  -1.81 -13.45   7.40   -6.22  0.37  0.20  1.27  -1.00   -1.0        -1.  10.91  468.6 250034.
142 21 04 18 0.55 122.55 271.79  6.87 1668    9.30   491.8  276967.   1.83  -0.93 -11.68   9.20   -7.61  0.98  0.17  1.91  -1.00   -1.0        -1.  10.91  472.6 249923.
142 21 07 00 0.55 122.56 271.77  6.87 1668   11.52   500.1  258996.   3.04  -1.86  -7.81   8.58  -12.17  1.11  1.08  1.09  -1.00   -1.0        -1.  10.48  515.7 256349.
142 21 09 42 0.55 122.56 271.75  6.87 1668   11.16   544.0  302675.   2.16  -4.62  -4.78   9.38  -13.03  1.32  0.52  0.82  -1.00   -1.0        -1.   8.46  522.3 180270.
142 21 12 24 0.55 122.56 271.73  6.87 1668   11.97   513.6  353942.   2.24  -5.78  -5.86   6.09  -14.86  0.71  0.55  0.69  -1.00   -1.0        -1.  12.43  519.3 356076.
142 21 15 06 0.55 122.56 271.71  6.86 1668   12.07   555.8  332847.   0.36  -6.43  -0.93   5.79  -15.92  1.61  0.23  0.06  -1.00   -1.0        -1.  10.13  553.3 206647.
142 21 17 48 0.55 122.56 271.68  6.86 1668    9.31   502.9  290562.   0.00  -3.05  -5.95   3.47  -15.22  2.07  2.26  1.74  -1.00   -1.0        -1.  12.13  508.6 317560.
142 21 20 30 0.55 122.57 271.66  6.86 1668   11.25   524.4  291416.   1.24  -4.92  -4.08   6.61  -14.72  0.82  0.76  0.49  -1.00   -1.0        -1.  11.09  521.2 295873.
142 21 23 12 0.55 122.57 271.64  6.86 1668   10.14   548.6  231118.  -4.31  -4.28  -0.60   2.60  -16.30  0.74  2.36  0.66  -1.00   -1.0        -1.  11.33  553.8 289522.
142 21 25 54 0.55 122.57 271.61  6.86 1668   -1.00    -1.0      -1.  -1.00  -1.00   4.21   4.97  -15.33  0.85  0.51  0.05  -1.00   -1.0        -1.  12.04  577.7 290987.
142 21 28 36 0.55 122.57 271.59  6.86 1668   -1.00    -1.0      -1.  -1.00  -1.00  -6.96   5.53  -11.69  5.39  1.55  4.82  -1.00   -1.0        -1.   9.74  551.5 179110.
142 21 31 18 0.55 122.58 271.57  6.86 1668   -1.00    -1.0      -1.  -1.00  -1.00  -8.23   6.28  -12.78  2.32  0.89  2.52  -1.00   -1.0        -1.  13.17  504.0 435063.
142 21 34 00 0.55 122.58 271.55  6.86 1668   12.19   511.4  277798.  -0.45  -2.74  -8.68   5.87  -13.95  1.11  0.42  1.15  -1.00   -1.0        -1.  11.58  510.5 275788.
142 21 36 42 0.55 122.58 271.53  6.86 1668   -1.00    -1.0      -1.  -1.00  -1.00  -7.37   3.09  -15.43  0.44  0.58  0.38  -1.00   -1.0        -1.  10.37  524.3 236039.
142 21 39 24 0.55 122.58 271.51  6.86 1668   -1.00    -1.0      -1.  -1.00  -1.00  -7.18   0.16  -16.50  0.53  0.24  0.33  -1.00   -1.0        -1.  11.41  515.1 233837.
142 21 42 06 0.55 122.59 271.48  6.86 1668   -1.00    -1.0      -1.  -1.00  -1.00  -7.88  -0.02  -14.64  1.93  0.98  0.45  -1.00   -1.0        -1.  10.86  558.1 313801.
142 21 44 48 0.55 122.59 271.46  6.86 1668   11.04   531.8  303971.  -5.73  -4.05  -6.34  -3.85  -16.55  0.77  1.11  0.82  -1.00   -1.0        -1.  11.08  528.8 224748.
142 21 47 30 0.55 122.59 271.44  6.86 1668   11.88   501.4  264606.  -6.10  -3.48 -11.39  -1.74  -14.82  0.40  0.18  0.25  -1.00   -1.0        -1.  11.09  495.0 228906.
142 21 50 12 0.55 122.59 271.41  6.86 1668   11.92   523.2  282827.  -5.73  -4.74  -6.09   1.95  -17.52  1.38  1.97  0.33  -1.00   -1.0        -1.  11.47  526.1 242852.
142 21 52 54 0.55 122.59 271.39  6.86 1668   11.33   533.1  285952.   0.94  -2.44  -3.30  10.63  -14.10  1.13  0.28  0.28  -1.00   -1.0        -1.  10.94  529.4 296048.
142 21 55 36 0.55 122.60 271.37  6.86 1668   11.08   551.4  309416.   3.74  -0.07  -0.90  12.76  -11.87  1.29  0.30  0.27  -1.00   -1.0        -1.  11.02  546.8 254400.
142 21 58 18 0.55 122.60 271.35  6.86 1668   12.76   538.6  295174.   1.95  -2.91  -1.61  11.81  -12.30  1.55  0.62  1.29  -1.00   -1.0        -1.  11.06  531.1 281511.
142 22 01 00 0.55 122.60 271.33  6.86 1668    9.61   549.5  273361.   2.83  -4.78   0.46  11.49  -13.24  0.51  1.12  1.03  -1.00   -1.0        -1.  10.86  550.9 251957.
142 22 03 42 0.55 122.60 271.30  6.86 1668   11.13   525.7  305349.   0.00  -1.54  -1.79  11.82  -11.64  1.57  0.21  0.70  -1.00   -1.0        -1.  10.13  545.9 258428.
142 22 06 24 0.55 122.61 271.28  6.86 1668    8.53   553.5  177272.   1.72  -4.64  -2.19   5.63  -13.81  1.42  2.67  2.00  -1.00   -1.0        -1.   9.32  523.5 223091.
142 22 09 06 0.55 122.61 271.26  6.86 1668   10.92   532.1  443363.   0.00  -0.45  -3.30   4.35  -12.65  3.05  3.89  0.63  -1.00   -1.0        -1.  12.18  542.4 339236.
142 22 11 48 0.55 122.61 271.23  6.86 1668    8.31   522.6  436957. -16.83   4.43  -8.33 -14.33   -1.40  2.26  0.96  4.72  -1.00   -1.0        -1.  11.03  539.5 360569.
142 22 14 30 0.55 122.61 271.21  6.86 1668   12.77   517.7  358269.   4.18  -4.12  -7.92  13.09   -8.00  0.53  0.35  0.85  -1.00   -1.0        -1.   9.94  510.1 212745.
142 22 17 12 0.55 122.62 271.19  6.86 1668   11.77   520.1  254725.   5.54  -2.55  -4.81  15.17   -6.05  0.32  0.17  0.14  -1.00   -1.0        -1.  10.61  516.4 276736.
142 22 19 54 0.55 122.62 271.17  6.86 1668   11.11   524.6  323209.   5.95  -2.90  -5.25  15.13   -6.01  0.31  0.20  0.30  -1.00   -1.0        -1.  11.36  524.1 288018.
142 22 22 36 0.55 122.62 271.14  6.86 1668   10.74   520.8  349398.   5.91  -2.49  -5.70  14.01   -7.66  0.28  0.60  1.09  -1.00   -1.0        -1.  10.91  523.2 244203.
142 22 25 18 0.55 122.62 271.12  6.86 1668   -1.00    -1.0      -1.  -1.00  -1.00  -1.95  12.19  -11.76  1.62  0.27  0.57  -1.00   -1.0        -1.  10.44  534.7 245817.
142 22 28 00 0.55 122.63 271.10  6.86 1668   -1.00    -1.0      -1.  -1.00  -1.00  -7.52  -5.50   12.01  4.42  3.70  1.51  -1.00   -1.0        -1.  13.49  502.8 452280.
142 22 30 42 0.55 122.63 271.08  6.86 1668   -1.00    -1.0      -1.  -1.00  -1.00 -12.94  -2.55    9.96  0.51  0.45  0.71  -1.00   -1.0        -1.  11.07  479.4 293787.
142 22 33 24 0.55 122.63 271.06  6.86 1668   13.07   502.4  361596.  -5.25  11.22 -11.32  -4.11   11.72  0.86  1.20  0.96  -1.00   -1.0        -1.  12.33  503.0 339870.
142 22 36 06 0.55 122.63 271.03  6.86 1668   11.50   480.5  298744.  -0.45   7.31 -14.31   6.31    5.58  0.48  1.88  1.04  -1.00   -1.0        -1.  10.01  478.4 268904.
142 22 38 48 0.55 122.64 271.01  6.86 1668   11.44   509.3  326866.   0.00   0.00 -11.51 -11.16   -8.85  0.30  0.45  1.12  -1.00   -1.0        -1.  11.12  509.1 313268.
142 22 41 30 0.55 122.64 270.99  6.86 1668   11.87   534.1  323488. -13.35  -1.33  -5.82 -12.54  -12.67  1.73  0.89  0.23  -1.00   -1.0        -1.  11.17  540.3 330726.
142 22 44 12 0.55 122.64 270.96  6.86 1668   12.34   472.7  363746.  -1.71  -2.62 -16.11   2.83   -5.84  0.28  1.21  0.73  -1.00   -1.0        -1.  11.75  470.1 361082.
142 22 46 54 0.55 122.64 270.94  6.86 1668   10.87   461.1  213339.  -5.06  -2.62 -16.41  -1.01   -6.56  0.19  0.64  0.37  -1.00   -1.0        -1.  10.49  462.6 178256.
142 22 47 03 0.55 122.64 270.94  6.86 1668   13.81   486.0  384263.  -3.32   0.18 -16.27  -1.29   -6.56  0.27  1.17  0.37  -1.00   -1.0        -1.  14.15  487.3 355437.
142 22 49 33 0.55 122.64 270.92  6.86 1668   13.08   518.3  295321.   0.00  -3.93  -8.80  10.31   -7.92  0.87  1.05  0.46  -1.00   -1.0        -1.  12.10  517.8 273397.
142 22 52 15 0.55 122.65 270.90  6.86 1668   11.53   488.8  277688.  -1.17  -0.01 -11.99   3.82   -9.88  1.78  0.80  2.64  -1.00   -1.0        -1.  10.32  489.4 237865.
142 22 57 51 0.55 122.65 270.85  6.86 1668   13.18   561.9  357659. -10.95  -2.00  -1.60  -8.93   -9.74  5.10  7.16  1.38  -1.00   -1.0        -1.  13.03  565.5 369688.
142 23 08 39 0.55 122.66 270.76  6.86 1668   12.27   483.0  328403.   3.00  -0.22 -13.34  10.86   -0.67  0.80  0.73  1.57  -1.00   -1.0        -1.  11.25  480.4 301282.
142 23 19 27 0.55 122.67 270.67  6.86 1668   12.51   528.0  305579.   2.01  -0.51  -3.34   9.61  -15.01  0.45  0.05  0.20   0.18  600.4    497677.  11.55  521.0 314337.
142 23 30 15 0.55 122.68 270.58  6.86 1668   12.06   537.2  248715.   0.00   0.00  -8.80   6.46  -14.46  0.20  0.10  0.40   0.21  593.6    321065.  11.26  535.2 215477.
142 23 41 03 0.55 122.69 270.49  6.86 1668   11.44   571.8  212742.  -4.03  -5.92   0.62   2.17  -18.41  0.71  0.88  0.14  -1.00   -1.0        -1.  11.65  571.9 236878.
142 23 51 51 0.55 122.70 270.40  6.86 1668   -1.00    -1.0      -1.  -1.00  -1.00 -12.77  12.69   -1.26  0.06  0.20  0.80  -1.00   -1.0        -1.  11.36  489.1 288346.
