1978/081   rh    esh  clong  clat crot    np1     vp1     Tp1   vaz   vel     Bx     By     Bz  sBx  sBy  sBz   nal   val     Tal   np2   vp2     Tp2
hh:mm:ss [AU]  [deg]  [deg] [deg]    # [cm-3]  [km/s]     [K] [deg] [deg]   [nT]   [nT]   [nT] [nT] [nT] [nT][cm-3][km/s]     [K][cm-3][km/s]     [K]
 0:17:48 0.72 305.95 192.57 -5.62 1666   6.23   675.5 359721.  0.97  5.75   8.11  -6.00  -2.94 0.00 0.00 0.00 -1.00  -1.0     -1.  6.14 670.0 332278.
 1:01:00 0.72 305.96 192.18 -5.63 1666   6.37   708.6 393661.  0.00  0.00   0.00   0.00   0.00 0.00 0.00 0.00 -1.00  -1.0     -1.  6.16 707.0 347559.
 1:44:12 0.71 305.97 191.79 -5.63 1666   7.57   695.7 426198. -7.89  7.02   7.85  -4.31  -3.42 0.00 0.00 0.00  0.21 748.2 830774.  7.04 693.7 440543.
 2:27:24 0.71 305.98 191.41 -5.63 1666   7.00   655.1 299378. -0.73  3.74   0.00   0.00   0.00 0.00 0.00 0.00  0.22 749.71427242.  6.81 653.9 360553.
 3:10:36 0.71 305.99 191.02 -5.64 1666  -1.00    -1.0     -1. -1.00 -1.00  10.39  -3.92  -3.00 0.00 0.00 0.00 -1.00  -1.0     -1.  6.95 661.7 272091.
 3:53:48 0.71 306.00 190.64 -5.64 1666   6.86   657.5 281602. -0.02  1.50   0.00   0.00   0.00 0.00 0.00 0.00  0.20 752.61495434.  6.57 658.3 346727.
 4:37:00 0.71 306.01 190.25 -5.64 1666   6.41   690.6 332642.  2.07  2.71   7.98  -6.32  -2.45 0.00 0.00 0.00  0.17 782.11148654.  5.99 685.7 366738.
 5:20:12 0.71 306.02 189.86 -5.65 1666   5.93   658.1 260241. -7.21  3.58   0.00   0.00   0.00 0.00 0.00 0.00  0.23 748.41337429.  5.85 664.0 341374.
 6:03:24 0.71 306.03 189.48 -5.65 1666   5.60   656.9 179991.  0.00  0.00   0.00   0.00   0.00 0.00 0.00 0.00  0.22 737.71163208.  5.57 655.2 233889.
 6:46:36 0.71 306.04 189.09 -5.65 1666   5.61   659.7 267725.  1.00  0.22   9.34  -6.91   3.49 0.00 0.00 0.00  0.22 727.2 857801.  5.05 657.1 226145.
 7:29:48 0.71 306.05 188.71 -5.65 1666   4.93   720.6 241217.  0.00  0.00   3.96  -9.24   6.49 0.00 0.00 0.00  0.25 737.71279632.  4.88 716.5 311332.
 8:42:39 0.71 306.07 188.06 -5.66 1666   6.11   628.6 115125. -4.25  1.98  12.81  -3.16   0.92 0.12 0.24 0.19  0.22 735.71117677.  5.73 633.4 131494.
 8:42:59 0.71 306.07 188.06 -5.66 1666   6.11   630.5 115119.  0.00  0.00   0.00   0.00   0.00 0.00 0.00 0.00  0.22 737.71117261.  5.74 633.4 131871.
 8:43:18 0.71 306.07 188.05 -5.66 1666   5.84   631.6 133836. -4.12  1.51   0.00   0.00   0.00 0.00 0.00 0.00  0.24 731.2 801460.  5.84 630.3 126583.
 8:43:38 0.71 306.07 188.05 -5.66 1666   6.29   628.5 116629. -3.37  1.34   0.00   0.00   0.00 0.00 0.00 0.00  0.22 727.61019964.  5.84 633.9 135727.
 8:44:18 0.71 306.07 188.04 -5.66 1666   6.16   632.6 134548. -3.93  2.11   0.00   0.00   0.00 0.00 0.00 0.00  0.22 721.5 952188.  6.07 631.5 117402.
 8:44:59 0.71 306.07 188.04 -5.66 1666   6.07   629.1 115723. -4.48  1.94   0.00   0.00   0.00 0.00 0.00 0.00  0.16 784.8 779214.  5.67 633.6 129760.
 8:45:39 0.71 306.07 188.03 -5.66 1666   6.04   630.6 136536. -3.31  2.10   0.00   0.00   0.00 0.00 0.00 0.00  0.21 726.3 955723.  6.17 629.3 125420.
 8:46:20 0.71 306.07 188.02 -5.66 1666   6.07   628.8 121167. -4.14  1.24   0.00   0.00   0.00 0.00 0.00 0.00  0.21 757.01256763.  5.99 632.5 140249.
 8:47:00 0.71 306.07 188.02 -5.66 1666   5.92   629.9 122818. -3.74  1.70   0.00   0.00   0.00 0.00 0.00 0.00  0.26 736.81379217.  6.31 628.2 123474.
 8:47:41 0.71 306.07 188.01 -5.66 1666   6.16   627.3 112679. -3.69  1.68   0.00   0.00   0.00 0.00 0.00 0.00  0.19 715.1 771106.  5.69 632.7 132251.
 8:48:21 0.71 306.07 188.01 -5.66 1666   5.96   630.2 126404. -3.57  1.76   0.00   0.00   0.00 0.00 0.00 0.00  0.18 741.4 876928.  6.01 629.5 118299.
 8:48:42 0.71 306.07 188.00 -5.66 1666   6.06   608.2 115220.  0.00  0.00   0.00   0.00   0.00 0.00 0.00 0.00  0.27 711.51279009.  6.51 604.3 113082.
 8:50:03 0.71 306.07 187.99 -5.66 1666   6.23   637.8 151151.  0.00  0.00  12.47  -3.65  -0.31 0.28 0.42 0.85  0.23 743.31301878.  6.06 633.0 139996.
 8:51:24 0.71 306.07 187.98 -5.66 1666   6.31   627.1 114908.  0.00  0.00  12.74  -1.87   0.35 0.26 0.95 1.03  0.20 697.8 935140.  5.67 630.6 135688.
 8:52:45 0.71 306.07 187.97 -5.66 1666   5.80   630.6 136601. -2.95  2.49  12.67  -2.10  -0.76 0.19 0.68 0.39  0.19 681.2 877760.  6.17 627.5 130221.
 8:54:06 0.71 306.07 187.96 -5.66 1666   6.24   626.5 113625. -3.50  2.73  12.94  -1.27  -0.97 0.15 0.28 0.22  0.25 697.2 905410.  5.71 629.5 128392.
 8:55:27 0.71 306.07 187.95 -5.66 1666   5.96   629.6 131306. -2.47  1.41  12.84  -1.98  -0.31 0.16 0.27 0.31  0.20 721.7 770690.  6.06 625.6 118270.
 8:56:48 0.71 306.07 187.93 -5.66 1666   6.32   627.8 114047.  0.00  0.00  12.80  -2.65   0.29 0.19 0.36 0.23  0.23 719.51352398.  5.96 631.1 126024.
 9:16:51 0.71 306.07 187.75 -5.66 1666   5.65   629.3 125446. -1.84  1.52  12.58  -3.36  -0.05 0.15 0.46 0.47  0.22 736.51351150.  5.56 626.5 124552.
 9:18:12 0.71 306.08 187.74 -5.66 1666   5.99   626.9 121752. -2.08  2.35  12.66  -3.13  -0.55 0.14 0.25 0.33  0.20 692.41014351.  5.63 630.0 133476.
 9:19:33 0.71 306.08 187.73 -5.66 1666   5.64   630.1 124819.  0.00  0.00  12.68  -2.74  -0.74 0.16 0.48 0.26  0.19 737.9 972978.  5.86 626.2 127651.
 9:20:54 0.71 306.08 187.72 -5.66 1666   5.86   628.1 120398. -1.20  2.01  12.49  -3.74  -0.28 0.19 0.30 0.34  0.17 706.8 800212.  5.43 630.7 120618.
 9:22:15 0.71 306.08 187.71 -5.66 1666   6.36   633.8 147496.  0.00  0.00  11.12  -4.76   2.90 0.65 0.93 1.84  0.19 727.6 877967.  6.19 628.0 135487.
 9:23:36 0.71 306.08 187.69 -5.66 1666   6.57   627.2 119787. -0.56  1.15  11.75  -4.38   0.96 0.27 0.39 0.76  0.19 725.01338468.  5.73 629.0 139775.
 9:24:57 0.71 306.08 187.68 -5.66 1666   6.12   629.9 127752.  0.00  0.00  12.12  -4.30   0.08 0.20 0.40 0.45  0.15 753.21089403.  5.48 624.9 119949.
 9:26:18 0.71 306.08 187.67 -5.66 1666   6.47   629.0 125517. -1.46  4.05  11.31  -3.70  -3.62 0.38 0.43 0.77  0.26 680.71422461.  6.11 632.0 140574.
 9:27:39 0.71 306.08 187.66 -5.66 1666   5.84   634.5 124572. -1.05  3.09  11.70  -5.07  -1.57 0.44 0.64 0.92  0.20 740.01223499.  5.78 628.5 129890.
 9:29:00 0.71 306.08 187.64 -5.66 1666   6.30   627.9 132570.  0.00  0.00  10.29  -6.43  -1.15 1.31 2.10 0.78  0.21 729.71361338.  5.67 632.0 144251.
 9:30:21 0.71 306.08 187.63 -5.66 1666   5.96   634.3 148029.  0.00  0.00  11.31  -4.52  -2.38 0.27 1.01 0.91  0.23 703.41185869.  5.73 629.5 144917.
 9:31:42 0.71 306.08 187.62 -5.66 1666   5.54   630.8 128606. -0.92  3.00  11.47  -5.12  -1.48 0.50 0.69 0.97  0.20 722.81168197.  5.32 634.2 142383.
 9:33:03 0.71 306.08 187.61 -5.66 1666   6.00   632.6 137484. -1.87  4.22  12.20  -3.96  -1.84 0.35 0.46 0.66  0.17 724.6 956554.  5.72 630.6 139443.
 9:34:24 0.71 306.08 187.59 -5.66 1666   5.67   626.1 119384. -2.32  3.40  12.24  -3.80  -2.24 0.17 0.53 0.50  0.26 682.11164247.  5.53 631.1 126609.
 9:35:45 0.71 306.08 187.58 -5.66 1666   6.08   625.8 127158. -2.58  3.20  12.18  -2.66  -2.60 0.22 0.57 0.48  0.20 698.71506245.  6.15 623.6 110266.
 9:37:06 0.71 306.08 187.57 -5.66 1666   6.10   626.4 119611.  0.00  0.00  12.34  -0.80  -3.05 0.15 0.39 0.24  0.18 709.3 767780.  5.69 628.9 138725.
 9:38:27 0.71 306.08 187.56 -5.66 1666   5.81   629.7 131806.  0.00  0.00  12.52  -2.12  -2.31 0.27 0.93 0.56  0.18 683.9 925993.  5.37 626.3 122814.
 9:39:48 0.71 306.08 187.55 -5.66 1666   6.16   621.9 109960. -3.13  3.19  12.60  -1.93  -2.23 0.19 0.24 0.38  0.24 694.31174850.  5.69 627.7 130153.
 9:41:09 0.71 306.08 187.53 -5.66 1666   6.02   630.7 140590. -1.50  3.96  11.91  -3.29  -2.68 0.53 0.83 0.69  0.21 679.3 864870.  5.96 627.6 132082.
 9:42:30 0.71 306.08 187.52 -5.66 1666   6.46   622.7 113608. -2.67  3.19  12.28  -3.24  -1.42 0.30 0.87 0.41  0.14 697.2 935348.  5.49 625.4  91386.
 9:43:51 0.71 306.08 187.51 -5.66 1666   6.16   627.5 126024. -2.11  3.10  12.35  -2.62  -1.91 0.19 0.30 0.38  0.23 683.0 847198.  5.60 624.1 121223.
 9:45:12 0.71 306.08 187.50 -5.66 1666   6.23   621.5 119215. -2.83  3.12  12.11  -2.33  -2.32 0.17 0.36 0.58  0.16 735.7 909568.  6.17 623.9 135841.
 9:46:33 0.71 306.08 187.49 -5.66 1666   6.21   628.5 137942.  0.00  0.00  12.03  -2.65  -2.47 0.23 0.36 0.42  0.24 742.61207906.  5.97 624.6 141016.
 9:47:54 0.71 306.08 187.48 -5.66 1666   5.84   623.3 121755. -2.18  1.60  12.13  -3.28   1.48 0.19 0.49 0.89  0.22 726.61229320.  5.21 622.6  96713.
 9:49:15 0.71 306.08 187.46 -5.66 1666   6.37   627.6 145388.  0.00  0.00  12.21  -2.57  -0.76 0.20 0.42 0.78  0.25 742.51213520.  6.17 623.4 131247.
 9:50:36 0.71 306.08 187.45 -5.67 1666   5.95   623.7 129461.  0.00  0.00  11.54  -3.99   1.86 0.28 0.65 0.92  0.25 727.41290443.  5.53 625.8 158226.
 9:51:57 0.71 306.08 187.44 -5.67 1666   6.37   635.6 155958.  0.16  0.61  11.44  -4.53   2.04 0.30 0.61 0.47  0.21 735.01180048.  6.10 629.0 147061.
 9:53:18 0.71 306.08 187.43 -5.67 1666   5.81   627.7 137861. -0.03  1.00  11.19  -5.39   1.49 0.39 0.66 0.36  0.24 709.7 902084.  5.70 632.4 161205.
 9:54:39 0.71 306.08 187.42 -5.67 1666   6.05   629.5 142575. -0.65  1.79  11.40  -4.75   0.90 0.24 0.48 0.58  0.20 739.51154060.  6.09 624.4 134808.
 9:56:00 0.71 306.08 187.41 -5.67 1666   6.57   623.0 113131. -1.76  1.85  11.40  -4.89  -0.04 0.35 0.63 0.69  0.20 717.91211441.  5.63 622.6  96372.
 9:57:21 0.71 306.08 187.39 -5.67 1666   5.95   642.5 240841.  0.46  2.69  10.62  -5.80  -0.70 0.36 0.54 0.43  0.27 718.31079423.  5.77 638.2 213706.
 9:58:42 0.71 306.09 187.38 -5.67 1666   6.22   636.9 198078.  0.43  2.85  10.11  -6.63  -1.54 0.20 0.26 0.32  0.22 726.61141794.  5.78 633.2 190236.
10:00:03 0.71 306.09 187.37 -5.67 1666   5.71   641.3 246876.  0.69  2.90   9.97  -6.93  -1.06 0.78 0.97 0.37  0.23 721.4 842000.  5.25 630.1 148065.
10:01:24 0.71 306.09 187.36 -5.67 1666   6.36   629.7 143744. -0.04  3.38  10.78  -5.52  -1.16 0.30 0.51 0.71  0.19 703.8 859256.  6.00 632.6 183950.
10:02:45 0.71 306.09 187.34 -5.67 1666   6.07   631.8 160055.  0.22  2.30  10.42  -6.17  -1.45 0.36 0.43 0.58  0.26 709.41169445.  5.84 628.0 147639.
10:04:06 0.71 306.09 187.33 -5.67 1666   6.39   629.3 137530.  0.00  0.00  10.54  -5.60  -2.86 0.20 0.33 0.25  0.17 702.5 838882.  5.98 631.7 155773.
10:05:27 0.71 306.09 187.32 -5.67 1666   6.18   628.6 148097. -0.56  3.06  10.77  -5.40  -3.02 0.30 0.43 0.30  0.19 729.8 945327.  5.94 624.6 142562.
10:06:48 0.71 306.03 187.25 -5.58 1666  -1.00    -1.0     -1. -1.00 -1.00  11.02  -5.35  -2.34 0.33 0.51 0.34 -1.00  -1.0     -1. -1.00  -1.0     -1.
10:10:01 0.71 306.09 187.28 -5.67 1666   6.19   625.7 140658.  0.06  1.72  10.84  -6.22   0.00 0.20 0.38 0.73  0.15 706.2 838882.  5.67 629.6 149130.
10:10:51 0.71 306.09 187.27 -5.67 1666   5.87   630.8 149267.  0.56  1.82  10.93  -5.88   0.74 0.27 0.42 0.61  0.22 681.2 696262.  5.66 625.2 135548.
10:12:12 0.71 306.09 187.26 -5.67 1666   5.98   626.8 144576. -0.11  2.94  10.67  -5.76  -2.58 0.33 0.80 0.54  0.25 707.6 907282.  5.68 628.2 183447.
10:13:33 0.71 306.09 187.24 -5.67 1666   5.97   631.7 171882.  0.00  0.00  10.70  -6.25  -1.31 0.44 0.74 0.71  0.26 703.81013727.  5.65 626.6 162624.
10:14:54 0.71 306.09 187.23 -5.67 1666   5.53   628.1 144092.  0.00  0.00   9.95  -7.25  -0.99 0.54 0.75 1.30  0.25 706.3 761543.  5.38 632.4 160077.
10:16:15 0.71 306.09 187.22 -5.67 1666   5.75   636.4 173640.  0.00  2.87   9.81  -7.66  -0.38 0.45 0.55 0.50  0.26 709.3 986492.  5.47 630.8 153457.
10:17:36 0.71 306.09 187.21 -5.67 1666   6.23   635.3 203188.  0.64  3.32  10.22  -7.14  -1.12 0.33 0.34 0.91  0.25 716.91134933.  5.96 631.0 184350.
10:18:57 0.71 306.09 187.20 -5.67 1666   6.02   632.6 170827.  0.37  3.37   9.76  -7.40  -2.28 0.25 0.33 0.41  0.24 685.9 772354.  5.77 629.4 142669.
10:20:18 0.71 306.09 187.19 -5.67 1666   6.40   649.9 223387.  1.86  2.85   8.79  -8.47  -2.02 0.56 0.61 0.23  0.23 711.41090858.  5.66 646.0 178386.
10:21:39 0.71 306.09 187.17 -5.67 1666   5.93   635.4 170596.  0.71  2.87   8.94  -8.60  -1.10 0.79 1.04 0.52  0.21 705.21087324.  5.91 628.0 154708.
10:23:00 0.71 306.09 187.16 -5.67 1666   6.14   634.5 210042.  0.00  0.00  10.04  -7.46  -0.60 0.37 0.41 0.49  0.27 719.71152397.  5.61 633.3 159935.
10:24:21 0.71 306.09 187.15 -5.67 1666   5.48   637.0 165727.  0.50  2.50  10.05  -7.41  -0.66 0.29 0.41 0.30  0.25 715.61075681.  5.42 630.3 145794.
10:25:42 0.71 306.09 187.14 -5.67 1666   5.90   624.6 136835. -0.39  2.68  10.20  -7.31  -1.00 0.32 0.34 0.33  0.19 696.2 827239.  5.45 630.1 152775.
10:27:03 0.71 306.09 187.13 -5.67 1666   5.74   632.9 159415.  0.32  2.44   9.93  -7.48  -1.51 0.09 0.24 0.05  0.26 709.01057178.  6.09 634.4 227239.
10:28:24 0.71 306.09 187.12 -5.67 1666   6.31   636.7 211163.  0.23  2.91   0.00   0.00   0.00 0.00 0.00 0.00  0.23 704.3 638465.  5.78 636.3 169176.
10:29:45 0.71 306.09 187.10 -5.67 1666   5.86   634.9 164210.  0.20  3.63  10.26  -7.10  -1.60 0.35 0.40 0.70  0.24 711.81053228.  5.58 633.4 145385.
10:31:06 0.71 306.09 187.09 -5.67 1666   5.78   624.0 140116. -0.38  1.36  10.09  -6.52  -1.40 0.99 1.13 2.61  0.25 700.8 785867.  5.74 623.8 185204.
10:32:27 0.71 306.09 187.08 -5.67 1666   5.71   637.2 163709.  0.58  2.47  10.23  -6.87   0.63 0.39 0.58 1.44  0.27 710.21295849.  5.73 637.7 219852.
10:33:48 0.71 306.09 187.07 -5.67 1666  -1.00    -1.0     -1. -1.00 -1.00  10.56  -6.57   0.05 0.26 0.35 0.49 -1.00  -1.0     -1. -1.00  -1.0     -1.
10:35:09 0.71 306.04 187.00 -5.58 1666  -1.00    -1.0     -1. -1.00 -1.00  10.15  -6.24   0.35 0.24 0.23 0.43 -1.00  -1.0     -1. -1.00  -1.0     -1.
10:42:00 0.71 306.10 186.99 -5.67 1666   6.71   650.4 345500. -0.52  0.81  10.09  -5.35   1.67 0.57 0.78 0.61  0.30 706.8 788362.  6.45 651.9 315097.
10:43:15 0.71 306.10 186.98 -5.67 1666   6.12   644.6 304624.  0.00  0.00   9.76  -4.84   2.20 0.51 0.83 0.32  0.29 685.9 737634.  6.23 637.1 271652.
10:44:36 0.71 306.10 186.97 -5.67 1666   5.56   622.7 138800. -2.60 -0.13  11.18  -2.41   3.45 0.17 0.44 0.27  0.35 725.91449280.  5.83 627.0 188170.
10:45:57 0.71 306.04 186.90 -5.58 1666  -1.00    -1.0     -1. -1.00 -1.00   8.28   4.55   4.71 1.79 2.57 0.78 -1.00  -1.0     -1. -1.00  -1.0     -1.
10:48:39 0.71 306.04 186.88 -5.58 1666  -1.00    -1.0     -1. -1.00 -1.00   8.54  -5.68  -0.04 1.35 1.48 1.37 -1.00  -1.0     -1. -1.00  -1.0     -1.
10:50:00 0.71 306.10 186.92 -5.67 1666   6.48   677.2 307434.  1.02  4.16   6.57  -7.12  -3.24 0.95 1.20 0.88  0.33 707.4 760503.  5.78 669.3 304056.
10:51:21 0.71 306.10 186.91 -5.67 1666   6.57   656.0 325054. -1.60  4.12   8.57  -4.91  -4.32 0.42 0.75 0.57  0.35 725.9 761751.  6.87 657.3 369908.
10:52:42 0.71 306.10 186.90 -5.67 1666   6.82   653.2 381291. -5.47  4.13   9.83   2.23  -3.61 0.41 1.70 0.61  0.38 697.2 861543.  6.14 655.2 342517.
10:54:03 0.71 306.10 186.88 -5.67 1666   6.27   654.7 309305. -7.14  1.42  10.20   4.39   0.68 0.33 0.57 0.45  0.44 709.8 994392.  6.50 659.1 386333.
10:55:24 0.71 306.10 186.87 -5.67 1666   6.20   664.3 347143. -7.38  1.48   9.79   5.09   0.83 0.47 0.82 0.67  0.46 710.81049693.  5.93 663.2 293765.
10:56:45 0.71 306.10 186.86 -5.67 1666   6.12   674.2 269024. -8.01  0.54   8.06   7.07   3.79 0.50 0.54 0.48  0.40 708.3 898342.  6.09 679.1 286644.
10:58:06 0.71 306.10 186.85 -5.67 1666   6.84   662.9 331811. -7.50  0.64   8.60   5.69   4.56 0.45 0.57 0.99  0.42 718.21095224.  6.64 663.6 312632.
10:59:27 0.71 306.10 186.84 -5.67 1666   6.07   663.4 279419.  0.00  0.00   9.29   2.35   6.03 0.43 2.00 1.12  0.42 711.31104372.  6.35 664.2 358422.
11:00:48 0.71 306.10 186.83 -5.67 1666   7.31   646.3 318693. -3.21 -0.50  10.68  -0.56   4.22 0.72 0.87 1.39  0.38 698.3 803331.  6.50 649.1 306888.
11:02:09 0.71 306.10 186.81 -5.67 1666   6.12   657.7 295896. -5.48 -1.63   9.36   1.94   7.03 0.37 0.89 0.52  0.42 701.41169860.  6.14 659.2 359253.
11:03:30 0.71 306.10 186.80 -5.67 1666   6.74   651.0 342933.  0.00  0.00  10.05  -1.01   5.98 0.45 2.09 0.67  0.42 703.0 781917.  6.08 649.5 305462.
11:04:51 0.71 306.10 186.79 -5.67 1666   6.12   647.6 291569. -4.01 -1.31  10.22   0.47   6.10 0.40 1.10 0.50  0.32 722.0 890026.  6.14 649.6 344866.
11:06:12 0.71 306.10 186.78 -5.67 1666   6.65   645.6 337674. -4.72 -0.60  10.07   0.72   6.19 0.60 0.62 1.06  0.42 720.61210817.  6.24 647.1 300242.
11:07:33 0.71 306.10 186.77 -5.67 1666   6.53   645.0 315068. -2.47 -0.58   9.92  -1.16   6.49 0.43 0.60 0.71  0.34 688.0 776927.  6.47 646.7 387031.
11:08:54 0.71 306.10 186.75 -5.67 1666   6.90   642.4 378468. -1.62  1.62  10.99  -3.06   2.68 0.34 0.64 1.21  0.37 697.5 817468.  6.29 637.0 345012.
11:10:15 0.71 306.10 186.74 -5.67 1666   6.08   643.1 318368. -1.15  1.45  10.64  -4.30   2.97 0.28 0.31 0.67  0.45 709.51101461.  6.23 643.3 409494.
11:11:36 0.71 306.10 186.73 -5.67 1666   6.76   649.4 345759. -0.63  1.83   9.60  -5.72   2.93 0.55 0.73 1.19  0.43 700.9 812894.  6.35 647.4 322062.
11:12:57 0.71 306.10 186.72 -5.67 1666   6.23   645.8 320113.  0.00  0.00  10.51  -4.31  -0.59 0.42 0.83 1.03  0.43 697.91366951.  6.03 644.2 409104.
11:14:18 0.71 306.10 186.70 -5.67 1666   6.83   652.9 349774. -0.09  1.38   8.87  -6.80   0.72 0.73 0.78 0.53  0.31 697.4 875473.  6.30 652.9 310650.
11:15:39 0.71 306.10 186.69 -5.67 1666   6.26   676.1 264970.  0.00 -0.94   8.31  -6.31   1.15 2.08 1.62 2.73  0.41 707.81076721.  5.98 680.0 286280.
11:17:00 0.71 306.10 186.68 -5.67 1666   6.80   647.5 345477.  0.00  0.00   9.50  -5.00   1.49 0.37 0.61 0.96  0.43 722.11163208.  6.16 647.9 313778.
11:18:21 0.71 306.10 186.67 -5.67 1666   6.06   649.4 305634.  0.00  0.00   9.12  -5.12   1.78 0.23 0.48 0.33  0.37 734.81204788.  6.05 641.1 252610.
11:19:42 0.71 306.10 186.66 -5.67 1666   6.31   648.3 323521. -2.99 -0.60   9.14  -2.29   4.53 0.56 0.41 0.68  0.32 721.51188987.  5.89 650.5 277844.
11:21:03 0.71 306.10 186.64 -5.67 1666   6.34   645.7 286244.  0.00  0.00  10.34  -0.31   3.98 0.23 0.52 0.29  0.34 706.01012895.  6.48 639.0 255361.
11:22:24 0.71 306.11 186.63 -5.67 1666   6.60   645.4 327477. -2.62  0.04  10.68  -1.33   2.98 0.26 0.81 0.43  0.36 704.9 885244.  6.01 649.2 323728.
11:23:45 0.71 306.11 186.62 -5.67 1666   5.77   644.3 348845. -3.74  1.57  10.99  -0.76   2.18 0.20 1.03 0.47  0.42 704.01175682.  6.21 636.2 272146.
11:25:06 0.71 306.11 186.61 -5.67 1666   6.36   648.4 345155. -3.28 -0.16  10.75  -2.05   1.41 0.23 1.09 0.98  0.33 718.41318926.  6.05 650.6 308526.
11:26:27 0.71 306.11 186.59 -5.67 1666   6.07   641.9 285270. -3.50  1.81  11.33   0.47   1.28 0.24 0.73 0.68  0.36 710.01172771.  6.16 628.2 133733.
11:27:48 0.71 306.11 186.58 -5.67 1666   6.25   646.3 348374. -1.30  2.51  10.61  -3.65   0.02 0.54 0.95 0.89  0.36 718.61228073.  5.84 645.9 306862.
11:29:09 0.71 306.11 186.57 -5.67 1666   6.56   640.1 282252. -3.45  1.77  10.98   0.45   3.07 0.26 0.73 0.77  0.32 687.5 750108.  6.77 636.3 236485.
11:30:30 0.71 306.11 186.56 -5.67 1666   6.91   645.7 343268. -2.08  2.58  10.40  -3.75  -0.68 0.23 0.55 0.41  0.29 703.3 855514.  6.24 644.3 276148.
11:31:51 0.71 306.11 186.55 -5.67 1666   6.19   644.9 279890. -1.29  2.25  10.44  -3.90   0.44 0.29 0.77 0.52  0.35 704.81188156.  6.05 642.0 237206.
11:33:12 0.71 306.11 186.54 -5.67 1666   6.31   635.1 238872. -1.99  2.64  10.88  -2.64  -0.78 0.25 0.41 0.37  0.32 699.8 915182.  5.68 639.8 301509.
11:34:33 0.71 306.11 186.52 -5.67 1666   6.20   643.2 286751. -2.38  3.05  10.61  -1.70  -1.33 0.43 2.42 0.36  0.36 711.01043249.  6.12 638.7 243703.
11:35:54 0.71 306.11 186.51 -5.67 1666   6.28   637.6 245197. -2.44  4.16  10.05  -3.11  -2.61 0.38 1.05 0.62  0.31 699.2 774640.  5.94 646.9 284669.
11:37:15 0.71 306.11 186.50 -5.67 1666   6.40   651.3 282405. -0.49  3.61   9.65  -4.77  -1.92 0.54 1.14 0.48  0.32 703.41060712.  6.14 647.0 227197.
11:38:36 0.71 306.11 186.49 -5.67 1666   5.98   643.8 236780. -0.61  2.64   9.77  -5.27  -1.47 0.25 0.38 0.75  0.35 718.31180048.  6.03 648.5 292326.
11:39:57 0.71 306.11 186.48 -5.67 1666   6.66   656.9 251457.  0.00  1.69   7.50  -8.75  -0.45 0.61 0.50 0.43  0.26 717.2 952604.  6.36 654.0 246103.
11:41:18 0.71 306.11 186.47 -5.67 1666   6.36   659.1 226924.  1.40  1.14   7.72  -8.66   0.05 0.29 0.31 0.93  0.28 706.6 702707.  6.20 659.0 252496.
11:42:39 0.71 306.11 186.45 -5.67 1666   5.96   655.4 243504.  0.00  0.00   7.64  -8.69   0.14 0.27 0.28 0.73  0.24 713.9 888986.  5.81 650.5 213794.
11:44:00 0.71 306.11 186.44 -5.67 1666   5.98   655.6 225001.  0.96  2.00   7.71  -8.57  -0.35 0.32 0.30 0.70  0.19 700.6 811439.  5.94 656.5 249170.
11:45:21 0.71 306.11 186.43 -5.67 1666   7.17   675.7 272247.  0.00  2.65   8.00  -7.95   0.13 0.75 0.76 1.20  0.26 718.5 679214.  6.35 678.8 284409.
11:46:42 0.71 306.11 186.42 -5.67 1666   6.30   664.6 312788.  0.00  0.00   5.87  -9.49  -1.00 0.69 0.47 0.65  0.32 695.6 828071.  6.08 662.4 279419.
11:48:03 0.71 306.11 186.40 -5.67 1666   6.97   670.0 253016.  0.00  3.71   6.42  -8.72  -1.72 0.42 0.35 0.94  0.28 712.5 989818.  6.54 669.7 313983.
11:49:24 0.71 306.11 186.39 -5.67 1666   6.51   672.1 259253.  0.50  4.61   6.11  -8.06  -4.42 0.33 0.40 0.70  0.27 719.4 994392.  6.37 670.4 255147.
11:50:45 0.71 306.11 186.38 -5.67 1666   6.45   683.4 253224.  0.00  5.00   6.89  -8.42  -2.52 0.47 0.38 0.96  0.35 699.71096679.  6.04 685.9 244596.
11:52:06 0.71 306.11 186.37 -5.67 1666   6.42   673.2 305147.  1.61  3.26   5.82  -9.34  -0.61 0.64 0.39 1.14  0.30 702.9 724536.  6.02 672.4 261488.
11:53:27 0.71 306.11 186.35 -5.67 1666   6.59   667.1 270272.  0.00  2.08   6.64  -8.73  -0.53 0.73 0.55 0.86  0.31 706.0 937843.  6.53 662.8 249793.
11:54:48 0.71 306.11 186.34 -5.67 1666   6.52   662.7 296103.  0.64  1.22   7.09  -7.84   0.84 0.39 0.35 1.36  0.36 699.2 824121.  6.23 660.8 281654.
11:56:09 0.71 306.11 186.33 -5.67 1666   6.88   669.2 291374.  0.00  1.80   6.64  -7.99   0.45 0.25 0.21 0.35  0.39 698.0 920171.  6.36 667.2 321571.
11:57:30 0.71 306.11 186.32 -5.67 1666   6.25   663.9 291893.  0.95  0.69   7.29  -7.40   0.86 0.51 0.44 0.59  0.32 716.51134725.  6.03 662.5 277132.
11:58:51 0.71 306.11 186.31 -5.67 1666   6.50   662.6 250157.  0.00  1.78   6.42  -8.31   0.24 0.66 0.59 0.83  0.32 714.01027241.  6.27 660.3 237943.
12:00:12 0.71 306.11 186.29 -5.67 1666   6.39   673.6 258785.  1.68  2.24   3.43  -9.84   0.32 1.69 0.80 0.71  0.30 689.71007698.  6.21 669.2 267569.
12:01:33 0.71 306.11 186.28 -5.67 1666   7.15   672.9 264139.  0.00  1.35   6.31  -8.64   1.13 0.45 0.41 0.49  0.34 707.61206659.  6.78 670.2 327601.
12:02:54 0.71 306.11 186.27 -5.67 1666   6.20   666.6 326249. -0.37 -0.74   5.96  -8.12   2.25 1.32 1.51 1.35  0.34 704.6 831398.  6.50 666.4 305199.
12:04:15 0.71 306.12 186.26 -5.67 1666   6.74   655.9 271103.  0.69  1.08   7.59  -6.95   2.00 0.93 0.90 1.57  0.40 704.51038467.  6.52 649.1 252883.
12:05:36 0.71 306.12 186.25 -5.67 1666   6.27   677.4 266478.  0.00  0.00   6.62  -7.61  -2.63 0.44 0.24 0.72  0.33 707.8 709983.  6.01 676.4 263463.
12:06:57 0.71 306.12 186.23 -5.67 1666   6.58   669.5 268661.  0.94  4.60   6.34  -7.68  -2.54 0.48 0.61 0.81  0.35 699.41011440.  6.36 668.4 303276.
12:08:18 0.71 306.12 186.22 -5.68 1666   6.26   662.7 302860.  0.96  1.85   7.15  -7.54  -0.65 0.65 0.61 1.07  0.27 705.0 775056.  6.15 659.7 280199.
12:09:39 0.71 306.12 186.21 -5.68 1666   6.14   647.4 271672. -0.69  1.79   7.64  -6.60   1.53 0.87 1.24 2.25  0.36 706.21262792.  6.28 642.6 234201.
12:11:00 0.71 306.12 186.20 -5.68 1666   6.09   661.0 302704. -0.26  3.99   7.98  -5.72  -3.53 0.58 1.25 1.04  0.23 705.9 558007.  5.92 657.7 262995.
12:12:21 0.71 306.12 186.19 -5.68 1666   6.77   665.2 255615.  0.00  1.67   6.38  -7.72  -2.96 0.60 0.76 0.90  0.35 706.7 911024.  6.25 663.6 253847.
12:13:42 0.71 306.12 186.18 -5.68 1666   6.79   648.2 309221. -0.60  2.44   8.39  -6.24  -0.56 1.24 1.70 0.95  0.32 719.51389612.  6.14 648.7 290428.
12:15:03 0.71 306.12 186.16 -5.68 1666   6.63   651.5 268453.  0.37  0.75   8.07  -7.05   1.38 0.60 0.78 0.57  0.30 700.61065910.  6.38 646.9 252707.
12:16:24 0.71 306.12 186.15 -5.68 1666   6.65   645.7 226375. -0.02  1.56   9.24  -5.35   1.28 0.43 0.94 0.76  0.23 713.51046783.  6.34 650.1 263875.
12:17:45 0.71 306.12 186.14 -5.68 1666   6.84   643.4 253474. -0.90  1.36   7.74  -7.56   0.76 0.56 0.56 0.79  0.29 701.81062583.  6.49 639.4 241205.
12:19:06 0.71 306.12 186.13 -5.68 1666   6.69   650.6 236030.  0.40  0.82   8.26  -6.94   1.01 0.61 0.81 0.82  0.26 710.0 707072.  6.31 653.9 257070.
12:20:27 0.71 306.12 186.12 -5.68 1666   6.40   670.3 243089.  0.00  1.09   7.31  -7.62   0.84 1.66 1.19 1.50  0.33 709.51279840.  6.01 666.9 232538.
12:21:48 0.71 306.12 186.10 -5.68 1666   5.92   674.3 245531.  1.84  1.32   5.50  -9.26  -0.14 0.79 0.50 0.76  0.32 717.2 986908.  6.01 670.6 236124.
12:23:09 0.71 306.12 186.09 -5.68 1666   6.96   659.3 270584.  0.00  1.25   7.23  -8.01   0.87 0.39 0.34 0.74  0.27 701.81075473.  6.39 658.3 245064.
12:24:30 0.71 306.12 186.08 -5.68 1666   6.46   686.6 260604.  0.00  0.00   3.40  -7.00   6.93 0.75 0.95 1.37  0.34 706.6 672561.  6.37 686.3 232745.
12:25:51 0.71 306.12 186.07 -5.68 1666   6.91   689.7 207226.  0.94 -1.85   3.28  -6.35   7.57 0.59 1.10 0.91  0.36 702.21050733.  6.24 691.2 274014.
12:27:12 0.71 306.12 186.05 -5.68 1666   6.30   669.1 190022. -0.76 -1.66   4.48  -5.33   7.65 0.88 1.02 0.73  0.35 710.61293978.  6.23 669.8 245791.
12:28:33 0.71 306.12 186.04 -5.68 1666   7.47   674.3 301093. -0.80 -2.52   4.58  -7.75   3.57 1.20 1.59 2.55  0.33 698.81046783.  7.57 675.1 359046.
12:29:54 0.71 306.12 186.03 -5.68 1666   5.83   667.3 277132.  0.00  0.00   4.77  -5.40   6.78 0.84 0.84 1.14 -1.00  -1.0     -1.  5.85 661.9 273078.
12:31:15 0.71 306.12 186.02 -5.68 1666  -1.00    -1.0     -1. -1.00 -1.00   8.05  -6.31   0.49 0.54 0.69 1.08 -1.00  -1.0     -1. -1.00  -1.0     -1.
12:32:36 0.71 306.12 186.00 -5.68 1666   6.31   678.5 272663.  0.00  0.00   6.09  -7.65  -1.96 0.87 0.50 0.74  0.30 701.7 779006.  6.28 677.1 276977.
12:33:57 0.71 306.12 185.99 -5.68 1666   6.76   662.7 275729. -2.32 -2.44   5.77  -4.04   6.80 0.75 1.49 1.20  0.35 708.1 844080.  6.24 667.4 287632.
12:35:18 0.71 306.12 185.98 -5.68 1666   6.29   661.5 314919.  0.00  0.00   7.60  -4.75   4.69 0.66 0.95 0.65  0.28 705.5 800212.  6.30 658.0 277964.
12:36:39 0.71 306.12 185.97 -5.68 1666   6.57   664.0 270428.  0.00  1.54   6.95  -7.08  -0.14 0.79 0.70 0.83  0.40 700.81124538.  6.80 664.3 334045.
12:38:00 0.71 306.12 185.96 -5.68 1666   6.98   653.6 321312. -1.40 -0.34   7.43  -5.64   1.56 1.50 2.32 2.31  0.31 702.2 799173.  6.53 654.5 289243.
12:39:21 0.71 306.12 185.94 -5.68 1666   6.74   659.9 289035.  0.00  0.00   7.77  -6.13   0.21 0.77 0.96 1.16  0.39 707.41020588.  6.65 660.2 334773.
12:40:42 0.71 306.12 185.93 -5.68 1666   7.07   655.0 315334. -0.61  1.37   8.53  -4.37  -1.32 0.46 1.07 1.13  0.39 699.0 784828.  6.30 655.4 301769.
12:42:03 0.71 306.12 185.92 -5.68 1666   6.56   658.9 280095. -0.07  2.50   7.90  -4.79  -1.54 0.79 2.05 1.92  0.36 705.11146576.  6.59 651.7 270668.
12:43:24 0.71 306.12 185.91 -5.68 1666   6.99   656.2 304679. -0.33  0.76   8.17  -4.79  -0.26 1.01 1.23 2.70  0.29 700.2 720378.  6.50 654.4 286072.
12:44:45 0.71 306.13 185.90 -5.68 1666   7.14   686.9 255407.  0.00  3.23   4.91  -8.30  -2.48 0.93 0.53 0.63  0.31 702.21195017.  6.38 688.1 262839.
12:46:06 0.71 306.13 185.89 -5.68 1666   7.01   674.8 271831.  0.00  0.00   5.41  -7.72  -2.93 0.61 0.51 1.30  0.27 703.5 717883.  6.72 673.5 267153.
12:47:27 0.71 306.07 185.82 -5.59 1666  -1.00    -1.0     -1. -1.00 -1.00   6.57  -5.99  -3.63 0.74 1.01 2.32 -1.00  -1.0     -1. -1.00  -1.0     -1.
12:51:41 0.71 306.13 185.84 -5.68 1666   7.20   662.4 304004.  0.00  0.00   8.55  -5.34   0.44 0.57 0.71 0.67  0.34 700.8 804994.  6.85 658.7 270376.
12:52:51 0.71 306.13 185.83 -5.68 1666   6.98   672.8 257538.  0.31 -1.68   6.32  -7.07   3.23 0.73 0.73 1.81  0.39 700.8 969652.  6.56 671.3 206758.
12:54:12 0.71 306.13 185.81 -5.68 1666   6.55   656.1 195427. -0.87  3.63   6.31  -6.74   2.49 1.36 0.94 2.88  0.36 704.2 738881.  6.38 654.1 268141.
12:55:33 0.71 306.13 185.80 -5.68 1666   6.64   677.3 241062.  0.00  0.00   3.53  -7.01   6.37 0.62 1.19 1.54  0.33 698.5 948238.  6.11 678.2 260552.
12:56:54 0.71 306.13 185.79 -5.68 1666   6.39   675.2 249586.  0.41 -1.18   5.08  -7.58   4.63 0.79 0.53 0.65  0.33 702.3 653434.  6.56 668.1 243660.
12:58:15 0.71 306.13 185.78 -5.68 1666   6.90   674.7 243037.  0.31 -1.77   4.82  -6.88   5.52 0.63 0.53 0.52  0.38 705.31079215.  6.45 672.8 195427.
12:59:36 0.71 306.13 185.77 -5.68 1666   7.01   664.4 311852. -0.12  0.26   6.33  -6.51   3.63 0.47 0.37 0.93  0.31 699.4 770275.  7.23 663.7 263463.
13:00:57 0.71 306.13 185.75 -5.68 1666   7.02   659.2 261332.  0.00  0.00   7.77  -5.52   1.67 0.49 0.35 1.53  0.24 720.6 803123.  6.78 652.0 235630.
13:02:18 0.71 306.13 185.74 -5.68 1666   6.80   656.4 191009.  0.00  0.00   7.27  -4.92   4.57 0.41 0.40 0.44  0.34 722.9 843456.  6.59 657.9 245999.
13:03:39 0.71 306.13 185.73 -5.68 1666   6.17   641.9 157644.  0.00  0.00   7.88  -5.49   0.39 0.39 0.57 1.01 -1.00  -1.0     -1. -1.00  -1.0     -1.
13:05:00 0.71 306.13 185.72 -5.68 1666   6.98   636.6 212914. -3.39  1.95   8.92  -2.59  -0.66 0.70 1.26 1.09  0.26 693.3 918300.  6.54 646.3 254907.
13:06:21 0.71 306.13 185.70 -5.68 1666   6.41   658.4 242361. -0.34  2.78   8.05  -4.16  -2.08 1.05 1.20 0.89  0.21 731.6 623496.  5.95 656.2 225313.
13:07:42 0.71 306.13 185.69 -5.68 1666   6.35   667.0 284201. -0.31  2.09   7.41  -6.22  -0.04 0.43 0.44 0.40  0.31 701.6 875057.  6.42 661.4 284149.
13:09:03 0.71 306.13 185.68 -5.68 1666   6.56   670.3 275417.  1.35  1.95   6.43  -7.46  -0.04 0.27 0.20 0.38  0.28 720.3 831605.  6.20 672.5 290906.
13:10:24 0.71 306.13 185.67 -5.68 1666   6.53   678.0 293972. -0.19  2.82   6.26  -7.13  -1.64 0.58 0.49 0.76  0.33 721.51088155.  6.19 673.5 273754.
13:11:45 0.71 306.13 185.66 -5.68 1666   6.42   667.3 261852. -0.36  3.76   6.09  -5.89  -3.68 0.72 0.68 0.75  0.31 728.8 628902.  6.05 669.2 309045.
13:13:06 0.71 306.13 185.64 -5.68 1666   6.07   679.1 264399. -1.50  4.66   5.89  -6.34  -3.94 0.47 0.54 0.75  0.33 723.41227657.  5.74 674.3 242309.
13:14:27 0.71 306.13 185.63 -5.68 1666   6.58   686.1 279679.  0.35  4.18   5.95  -6.55  -3.39 0.51 0.52 0.59  0.31 704.91222875.  6.07 688.7 273182.
13:15:48 0.71 306.13 185.62 -5.68 1666   6.38   682.2 261436. -0.16  4.22   5.47  -6.73  -4.32 0.67 0.44 0.64  0.26 710.4 585450.  6.18 678.3 262319.
13:17:10 0.71 306.08 185.56 -5.59 1666  -1.00    -1.0     -1. -1.00 -1.00   4.75  -6.44  -5.07 0.54 0.70 0.60 -1.00  -1.0     -1. -1.00  -1.0     -1.
13:18:16 0.71 306.13 185.60 -5.68 1666   6.46   674.8 253951.  0.00  0.00   5.58  -5.74  -0.90 1.03 1.54 3.71  0.33 712.51060920.  6.01 674.1 311072.
13:18:30 0.71 306.13 185.60 -5.68 1666   6.49   687.6 270584.  0.00  0.00   4.57  -7.32  -0.19 1.76 1.83 1.92  0.27 707.0 727655.  6.14 686.3 256134.
13:19:51 0.71 306.13 185.58 -5.68 1666  -1.00    -1.0     -1. -1.00 -1.00   5.19  -7.48  -3.44 0.42 0.43 0.90 -1.00  -1.0     -1. -1.00  -1.0     -1.
13:21:12 0.71 306.13 185.57 -5.68 1666   6.66   652.4 338155.  0.00  0.00   9.70   0.08   0.06 0.19 0.55 0.35  0.29 707.3 761127.  6.25 651.0 295096.
13:38:49 0.71 306.14 185.42 -5.68 1666   6.54   649.7 291120. -5.00 -0.07   9.36   0.16  -0.48 0.17 0.48 0.93  0.31 700.31218925.  6.26 645.3 260114.
13:40:11 0.71 306.14 185.40 -5.68 1666   6.81   673.8 288099. -7.84 -0.09   7.10   5.48   2.07 0.80 1.04 1.35  0.32 716.21334310.  6.26 672.7 275313.
13:41:32 0.71 306.14 185.39 -5.68 1666   6.54   657.7 302860. -5.81  2.18   6.44   5.64  -1.74 1.38 1.62 1.45  0.35 702.11140754.  7.12 661.4 332174.
13:42:53 0.71 306.14 185.38 -5.68 1666   6.65   662.7 317985. -3.82  4.69   5.14   5.54  -0.95 2.56 3.02 3.76  0.31 727.11098966.  6.44 664.4 284513.
13:44:14 0.71 306.14 185.37 -5.68 1666   5.66   684.4 197610.  0.00  0.00   5.49  -1.85  -6.22 1.42 3.07 1.17  0.30 705.8 907489.  5.68 683.8 263515.
13:45:34 0.71 306.14 185.35 -5.68 1666   6.54   651.9 309409. -5.24  2.98   7.93   0.13  -4.32 1.42 1.70 1.90  0.27 723.51209985.  6.49 652.1 281362.
13:46:56 0.71 306.14 185.34 -5.68 1666   6.37   667.2 244440.  0.00  0.00   7.35  -3.10  -5.46 0.47 0.52 0.47  0.22 734.6 502082.  5.79 664.4 201456.
13:48:17 0.71 306.14 185.33 -5.68 1666   6.89   669.6 265282. -0.55  4.06   6.53  -4.50  -5.39 0.86 1.09 0.66  0.34 717.31068820.  6.74 665.9 274482.
13:49:38 0.71 306.14 185.32 -5.68 1666   6.69   648.2 253913. -5.04  3.33   6.31  -3.86  -5.61 1.41 2.09 1.08  0.19 723.6 865909.  6.49 646.8 225716.
13:50:59 0.71 306.14 185.31 -5.68 1666   6.41   652.7 304679. -3.02  3.89   8.25  -1.65  -4.08 0.58 2.66 0.57  0.29 699.0 812894.  6.21 652.6 268771.
13:52:20 0.71 306.14 185.29 -5.68 1666   6.71   657.0 269856. -1.18  3.36   8.25  -0.62  -3.59 0.53 2.52 0.52  0.23 723.7 895223.  6.10 659.1 316010.
13:53:41 0.71 306.14 185.28 -5.68 1666   6.90   650.4 288613. -1.58  2.84   8.12  -3.28  -3.31 0.60 1.53 0.48  0.27 701.4 729110.  6.40 652.0 267874.
13:55:02 0.71 306.14 185.27 -5.68 1666   6.41   654.1 272715. -2.86  3.94   8.10  -3.23  -3.35 0.50 1.10 1.04  0.20 739.01158010.  5.87 651.4 235607.
13:56:23 0.71 306.14 185.26 -5.68 1666   7.17   667.6 316218.  0.00  0.00   7.45   0.72  -5.29 0.69 2.05 0.80  0.29 726.51037636.  6.57 665.6 266685.
13:57:44 0.71 306.14 185.25 -5.68 1666   6.53   658.2 267413. -7.39 -0.69   7.67   5.39   3.08 0.71 0.83 1.53  0.26 710.91145328.  6.03 658.8 239035.
13:59:05 0.71 306.14 185.23 -5.68 1666   6.75   639.2 232879. -3.99  1.93   9.83   1.32   0.00 0.23 0.71 0.81  0.30 722.71010401.  6.24 647.5 272503.
14:00:26 0.71 306.14 185.22 -5.68 1666   6.92   644.1 250375. -4.24  1.81   9.89   0.48   0.16 0.19 0.52 0.59  0.35 700.61292522.  6.85 641.6 231631.
14:01:47 0.71 306.14 185.21 -5.68 1666   6.66   641.3 219031. -3.66  2.00   9.86  -0.16  -1.30 0.21 0.33 0.63  0.25 698.9 792520.  6.66 647.8 254676.
14:03:08 0.71 306.14 185.20 -5.68 1666   6.92   646.9 253653. -2.10  2.18   9.30  -3.08  -1.27 0.37 0.96 0.91  0.25 714.0 878799.  6.62 643.0 220044.
14:04:29 0.71 306.14 185.19 -5.68 1666   7.72   644.0 201762. -2.22  3.18   9.15  -2.23  -3.20 0.32 0.60 0.48  0.28 715.41245329.  6.56 650.1 256667.
14:05:50 0.71 306.14 185.18 -5.68 1666   7.02   654.8 261696. -3.78  4.08   8.90  -2.62  -3.68 0.68 0.75 1.14  0.27 722.0 845327.  7.30 657.4 304264.
14:07:11 0.71 306.15 185.16 -5.68 1666   7.65   656.0 296259. -5.71  3.26   8.14  -1.24  -3.44 0.65 3.88 0.49  0.28 721.61069444.  6.38 659.7 264035.
14:08:32 0.71 306.15 185.15 -5.68 1666   6.49   669.2 240958.  0.00  0.00   8.29  -1.09  -4.22 0.62 1.61 1.03  0.33 699.21229944.  6.10 671.6 262683.
14:09:53 0.71 306.15 185.14 -5.68 1666   6.23   667.2 272715. -5.28  3.80   8.87  -0.62  -3.60 0.37 1.01 0.64  0.27 704.0 671106.  6.53 665.4 276249.
14:11:14 0.71 306.15 185.13 -5.68 1666   7.03   665.1 267725. -3.85  3.96   8.41   1.62  -4.05 0.59 1.29 0.89  0.34 704.41046160.  6.75 665.6 242049.
14:12:35 0.71 306.15 185.12 -5.68 1666   6.49   671.4 267153. -0.54  4.02   6.38  -6.02  -3.93 0.39 0.52 0.58  0.26 704.7 827239.  6.54 668.9 269388.
14:13:56 0.71 306.15 185.10 -5.68 1666   7.73   666.6 264191.  0.00  0.00   7.47  -3.88  -4.30 0.59 1.34 1.12  0.32 703.61100213.  7.47 667.2 335657.
14:15:17 0.71 306.15 185.09 -5.68 1666   6.79   693.1 267777.  0.49  4.29   2.88  -8.00  -4.20 0.70 0.69 0.89  0.24 702.5 720586.  6.39 690.2 253120.
14:16:38 0.71 306.15 185.08 -5.68 1666   6.81   664.4 265698.  0.65  2.25   7.02  -6.30  -1.57 0.88 1.16 1.94  0.26 718.7 674224.  6.57 659.1 247143.
14:17:59 0.71 306.15 185.07 -5.68 1666   6.75   667.8 203068.  0.08  3.23   6.83  -5.82  -3.08 1.19 0.61 2.00  0.27 725.6 825576.  6.69 666.6 240438.
14:19:20 0.71 306.15 185.05 -5.68 1666   6.24   653.7 295012. -4.23  3.22   7.60  -5.59  -2.34 0.47 0.72 0.99  0.35 697.71182958.  6.05 650.2 242527.
14:20:41 0.71 306.15 185.04 -5.68 1666   6.55   662.7 262008. -1.72  3.85   8.44  -3.41  -3.47 0.48 0.77 0.69  0.26 731.2 821418.  6.40 661.2 264243.
14:22:02 0.71 306.15 185.03 -5.68 1666   6.79   682.6 241114.  0.00  3.69   3.55  -6.94  -5.15 0.68 0.64 0.69  0.22 725.6 739089.  6.43 683.3 270688.
14:23:23 0.71 306.15 185.02 -5.68 1666   6.40   694.9 247195.  0.01  4.15   3.41  -7.43  -4.23 1.10 0.95 1.11  0.22 732.11001253.  5.84 692.1 212839.
14:24:44 0.71 306.15 185.00 -5.68 1666   6.77   672.3 393141. -3.80  3.75   7.83  -2.48  -4.13 1.03 1.72 0.63  0.26 708.8 677758.  6.33 673.9 348547.
14:26:05 0.71 306.15 184.99 -5.69 1666   6.69   681.2 272819. -0.46  4.68   6.00  -5.36  -5.35 0.73 0.64 0.54  0.27 700.2 764453.  6.23 679.1 251873.
14:27:26 0.71 306.15 184.98 -5.69 1666   6.46   676.4 248078. -1.30  5.36   5.83  -4.50  -6.08 0.48 0.92 0.46  0.24 719.1 766116.  6.39 679.3 283837.
14:28:47 0.71 306.15 184.97 -5.69 1666   6.35   671.2 269440. -2.08  4.74   6.81  -5.32  -4.53 0.41 0.48 0.40  0.23 733.2 829734.  6.23 669.8 260033.
14:30:08 0.71 306.15 184.96 -5.69 1666   5.57   665.6 235344. -3.12  4.73   6.64  -1.82  -6.32 0.48 0.92 0.39  0.26 699.6 949070.  5.27 663.7 176924.
14:31:29 0.71 306.15 184.94 -5.69 1666   6.10   658.9 259721. -4.19  3.72   7.69  -1.88  -5.34 0.61 1.24 0.82  0.24 701.1 852188.  5.62 659.0 262008.
14:32:50 0.71 306.15 184.93 -5.69 1666   6.15   653.1 248338. -0.79  0.59   9.39  -3.44   0.21 0.64 1.62 1.03  0.23 714.7 660503.  6.04 646.9 228058.
14:34:11 0.71 306.15 184.92 -5.69 1666   6.33   663.5 272559. -6.82  2.46   8.54   1.37  -3.34 0.46 2.17 0.74  0.32 716.11016638.  6.48 660.0 269128.
14:35:32 0.71 306.15 184.91 -5.69 1666   6.54   682.3 241062.  0.00  2.86   8.31  -1.93  -2.83 1.31 2.52 1.59  0.30 727.3 544286.  6.15 681.8 254211.
14:36:53 0.71 306.15 184.90 -5.69 1666   5.93   663.2 285189. -0.23  0.11   5.57  -1.61  -6.00 2.13 2.17 2.85  0.27 728.71091066.  6.14 658.0 273650.
14:38:14 0.71 306.15 184.89 -5.69 1666   6.49   662.0 261852.  0.00  0.00   8.85   0.26  -2.83 0.55 2.29 0.88  0.22 717.9 939090.  6.47 659.2 321416.
14:39:35 0.71 306.15 184.87 -5.69 1666   6.57   668.4 278588.  0.00  0.00   6.54  -6.97   2.21 0.79 0.64 1.06  0.26 726.91062168.  6.52 664.1 248546.
14:40:56 0.71 306.15 184.86 -5.69 1666   6.31   657.0 257174. -1.06 -1.60   7.71  -5.95   2.66 0.45 0.61 0.91  0.21 719.1 800628.  6.24 652.3 239769.
14:42:17 0.71 306.15 184.85 -5.69 1666   6.23   673.6 261332.  0.44 -1.20   7.92  -4.68   3.31 0.81 1.25 2.08  0.27 728.61094600.  6.29 669.4 259877.
14:43:38 0.71 306.15 184.84 -5.69 1666   6.94   658.2 289243. -5.32 -1.18   8.03  -1.16   1.46 0.49 2.04 1.90  0.26 719.9 735347.  7.25 660.4 340646.
14:44:59 0.71 306.15 184.83 -5.69 1666   6.74   655.5 302237. -0.69  1.11   4.28  -5.68  -3.11 1.69 1.09 1.60  0.27 707.3 737010.  6.25 657.2 270480.
14:46:20 0.71 306.15 184.81 -5.69 1666   7.22   653.9 257122. -0.70 -0.17   7.51  -4.84  -1.07 1.09 1.61 0.98  0.24 721.2 706241.  6.69 649.6 224280.
14:47:41 0.71 306.16 184.80 -5.69 1666   6.13   670.8 301821. -1.21 -2.09   5.23  -2.98   2.67 1.43 4.76 3.08  0.26 707.0 697717.  5.80 667.6 282382.
14:49:02 0.71 306.10 184.73 -5.60 1666  -1.00    -1.0     -1. -1.00 -1.00   7.03  -4.99   1.86 1.42 1.63 1.99 -1.00  -1.0     -1. -1.00  -1.0     -1.
14:50:25 0.71 306.16 184.78 -5.69 1666   6.84   667.4 286072. -0.53  1.83   4.52  -7.26  -0.48 2.01 0.90 0.83  0.24 710.2 619338.  6.43 661.1 287528.
14:51:44 0.71 306.16 184.77 -5.69 1666   8.57   683.9 614348. -3.65  1.62   9.10   1.37  -0.41 0.32 0.59 0.97  0.30 715.3 769027.  7.94 692.0 695326.
14:53:05 0.71 306.16 184.75 -5.69 1666   6.55   712.1 268349.  1.21  3.18   0.07  -8.47  -3.68 0.91 0.35 0.50  0.32 719.81223291.  6.22 710.3 284669.
14:54:26 0.71 306.16 184.74 -5.69 1666   6.10   687.2 253432.  0.00  3.71   1.19  -7.53  -4.56 1.11 0.68 0.63  0.30 705.2 993976.  6.17 688.9 272663.
14:55:47 0.71 306.16 184.73 -5.69 1666   6.21   681.5 282590.  0.75  1.38   4.12  -6.98  -1.73 1.42 2.17 2.80  0.28 702.6 815389.  6.04 679.5 290230.
14:57:08 0.71 306.16 184.72 -5.69 1666   6.32   660.6 269804. -2.91 -2.71   7.77  -2.32   3.23 0.43 1.99 2.69  0.23 729.1 559878.  6.10 661.0 298182.
14:58:29 0.71 306.10 184.65 -5.60 1666  -1.00    -1.0     -1. -1.00 -1.00   7.73  -2.88   4.40 0.71 0.89 1.52 -1.00  -1.0     -1. -1.00  -1.0     -1.
14:59:54 0.71 306.16 184.69 -5.69 1666   6.79   681.9 288723.  0.00  1.92   5.35  -5.37   5.95 0.65 1.33 1.53  0.30 695.11165287.  6.11 684.2 300210.
15:01:11 0.71 306.16 184.68 -5.69 1666   6.59   674.8 296623. -1.66  4.58   5.73  -6.27  -2.36 0.98 0.99 1.11  0.27 719.81214143.  6.48 674.0 315074.
15:02:32 0.71 306.16 184.67 -5.69 1666  -1.00    -1.0     -1. -1.00 -1.00   5.88  -1.96  -5.12 0.63 2.37 1.40 -1.00  -1.0     -1. -1.00  -1.0     -1.
15:03:52 0.71 306.16 184.66 -5.69 1666   6.67   665.3 295168.  0.00  0.00   7.26  -4.85  -2.38 0.32 0.53 0.63  0.27 718.9 982126.  6.40 662.6 280355.
15:05:14 0.71 306.16 184.64 -5.69 1666   6.53   684.5 338723.  0.00  0.00   5.91  -4.84  -3.80 0.47 1.08 1.08  0.20 724.1 876096.  6.30 684.0 311540.
15:06:35 0.71 306.16 184.63 -5.69 1666   5.75   669.5 325314. -5.26 -3.27   5.49  -6.23  -3.23 1.26 1.04 1.88  0.27 710.5 987324.  5.24 672.1 294544.
15:07:56 0.71 306.16 184.62 -5.69 1666   5.84   667.6 293868.  0.34 -1.74   8.08  -3.25   2.04 0.76 1.24 2.38  0.24 712.7 906034.  5.92 670.5 340023.
15:09:17 0.71 306.16 184.61 -5.69 1666   5.88   668.5 266322.  0.00  0.00   7.78  -3.93   0.71 0.66 1.35 1.73 -1.00  -1.0     -1.  5.86 661.8 260656.
15:10:38 0.71 306.16 184.60 -5.69 1666   6.79   729.9 311488.  0.00  3.26   1.47  -4.47  -1.74 3.05 1.57 5.96  0.26 716.6 851772.  6.53 727.4 353484.
15:11:59 0.71 306.16 184.59 -5.69 1666   5.62   722.6 295376.  0.85 -2.08   0.12  -6.10   0.76 3.18 1.51 5.78  0.27 720.21121004.  6.21 718.5 289035.
15:13:20 0.71 306.16 184.57 -5.69 1666   6.29   691.5 310812.  0.00  2.29   2.71  -7.53  -2.53 1.25 1.50 1.83  0.24 715.1 754890.  6.03 689.3 280771.
15:14:41 0.71 306.16 184.56 -5.69 1666   6.30   715.5 275729.  0.46  4.54   1.06  -7.91  -3.00 1.50 1.13 2.25  0.29 720.01043249.  6.15 714.0 278328.
15:16:02 0.71 306.16 184.55 -5.69 1666   6.32   709.2 277964.  0.36  5.12   0.31  -3.07  -7.65 0.85 2.37 1.18  0.26 719.2 725368.  6.16 708.7 275573.
15:17:23 0.71 306.16 184.54 -5.69 1666   6.19   720.2 219232.  1.10  3.67  -1.83  -7.37  -4.38 1.30 0.89 1.17  0.26 719.21106035.  6.18 719.3 264243.
15:18:44 0.71 306.16 184.53 -5.69 1666   5.93   716.5 283525. -0.56  5.55   0.08  -4.88  -7.11 0.45 0.92 0.44  0.22 725.2 692935.  5.95 715.7 275573.
15:20:05 0.71 306.16 184.51 -5.69 1666   6.70   671.5 273806.  0.97 -0.35   5.30  -7.30  -0.40 1.00 0.54 2.37  0.23 702.8 655929.  6.02 665.4 270791.
15:21:26 0.71 306.16 184.50 -5.69 1666   6.04   694.6 209772.  0.00 -0.39   3.05  -8.36   3.58 1.44 0.51 0.94  0.29 710.2 928695.  6.10 694.0 279939.
15:22:47 0.71 306.16 184.49 -5.69 1666   6.36   722.5 229783.  1.34  3.51   0.42  -7.70  -3.29 1.10 1.69 2.56  0.25 732.41123290.  5.97 722.6 242205.
15:24:08 0.71 306.16 184.48 -5.69 1666   5.95   702.8 272559.  0.00  0.00   1.32   3.60  -6.56 1.65 2.94 2.27  0.22 715.1 689401.  5.87 699.5 261904.
15:25:29 0.71 306.16 184.47 -5.69 1666   6.54   689.0 274950.  1.67  1.11   6.26  -4.48  -1.44 1.08 2.92 3.43  0.26 727.5 912479.  5.70 682.7 239398.
15:26:50 0.71 306.16 184.45 -5.69 1666   6.43   712.1 300989.  0.00  0.00   2.71  -4.73  -6.26 1.34 1.67 1.16  0.25 722.5 770482.  6.22 709.1 291530.
15:28:11 0.71 306.17 184.44 -5.69 1666   6.29   702.2 250469.  0.00  0.00   1.62  -6.70  -5.44 0.89 1.08 0.80  0.25 718.0 990026.  5.73 698.9 224949.
15:29:32 0.71 306.17 184.43 -5.69 1666   6.85   665.5 265334. -1.67  4.31   6.15  -3.30  -5.17 0.81 0.82 0.89  0.18 718.9 818300.  6.31 669.1 331707.
15:30:53 0.71 306.17 184.42 -5.69 1666   9.61   709.1 485034. -2.07 -4.24   4.37  -3.37  -6.13 0.88 1.47 2.41  0.25 703.1 833684.  7.80 705.0 502550.
15:32:14 0.71 306.17 184.40 -5.69 1666   5.94   691.8 222299.  0.62 -3.87   3.32  -5.98   7.08 0.55 0.31 0.48  0.25 731.8 441790.  6.06 690.3 274950.
15:33:35 0.71 306.17 184.39 -5.69 1666   6.62   676.2 265646. -3.51 -4.16   4.89  -0.72   8.11 0.45 0.68 0.30  0.29 716.71156971.  6.46 674.2 267153.
15:34:56 0.71 306.17 184.38 -5.69 1666   6.57   689.8 318765. -5.96 -4.21   3.96  -0.64   8.38 0.67 2.97 0.59  0.28 705.2 746782.  6.28 693.0 293505.
15:36:17 0.71 306.17 184.37 -5.69 1666   6.21   693.0 280615. -2.54 -4.65   4.18  -0.47   8.28 1.12 1.82 0.98  0.27 718.31004995.  6.18 693.1 263931.
15:37:38 0.71 306.17 184.35 -5.69 1666   6.35   708.5 267777.  0.00  0.00   1.47  -4.91   8.71 0.66 1.06 0.57  0.30 683.8 833892.  6.08 705.7 254835.
15:38:59 0.71 306.17 184.34 -5.69 1666   6.44   689.0 261800. -1.00 -4.12   5.12  -4.90   7.28 1.11 1.15 1.13  0.22 719.01064455.  6.29 686.2 282330.
15:40:20 0.71 306.17 184.33 -5.69 1666   7.04   690.4 317517. -0.75 -4.34   3.73  -3.04   9.08 0.34 1.03 0.50  0.34 700.11040338.  7.14 692.4 314243.
15:41:41 0.71 306.17 184.32 -5.69 1666   5.52   700.7 232382.  0.00  0.00   5.33  -3.67   7.06 2.93 1.16 2.49  0.29 722.2 934725.  4.98 695.8 186851.
15:43:02 0.71 306.17 184.31 -5.69 1666   7.09   665.8 247922.  0.00  0.91   6.42  -7.40   0.08 0.75 0.53 0.93  0.30 700.21091690.  6.55 668.6 292153.
15:44:23 0.71 306.17 184.30 -5.69 1666   6.91   671.2 275001.  0.76  1.53   6.17  -7.38   0.62 0.74 0.59 0.85  0.25 724.11046575.  6.51 666.2 266270.
15:45:44 0.71 306.17 184.28 -5.69 1666   6.68   681.0 249534.  0.00  1.66   4.82  -8.38   0.11 0.84 0.39 0.99  0.28 706.71154684.  6.01 680.5 262735.
15:47:05 0.71 306.17 184.27 -5.69 1666   5.78   690.4 269648.  2.19 -0.50   3.37  -8.58  -0.14 1.46 0.48 2.61  0.25 706.4 701251.  5.68 686.1 271103.
15:48:26 0.71 306.17 184.26 -5.69 1666   6.92   684.2 279315.  0.00 -2.17   3.43  -8.81   2.38 0.85 0.47 1.84  0.32 702.71113935.  6.55 685.5 277392.
15:49:47 0.71 306.17 184.25 -5.69 1666   5.99   707.3 249482.  2.56  1.14   0.39  -9.59   1.55 1.08 0.29 1.29  0.25 722.71146783.  5.87 701.5 202184.
15:51:08 0.71 306.17 184.24 -5.69 1666  -1.00    -1.0     -1. -1.00 -1.00   2.43  -8.59  -3.22 0.65 0.47 1.22 -1.00  -1.0     -1. -1.00  -1.0     -1.
15:52:28 0.71 306.17 184.23 -5.69 1666   6.31   703.8 277704.  0.34  4.59   1.37  -6.60  -6.01 0.62 0.83 0.80  0.24 695.2 987531.  6.03 698.6 229055.
15:53:50 0.71 306.17 184.21 -5.69 1666   6.89   666.5 272039. -0.50  3.66   5.91  -6.07  -3.33 0.86 1.34 1.29  0.24 712.11032022.  6.61 664.9 323131.
15:55:11 0.71 306.17 184.20 -5.69 1666   6.40   679.6 247091. -2.72  5.24   4.95  -2.42  -6.58 1.06 1.60 0.55  0.23 716.6 807905.  5.86 676.2 256602.
15:56:32 0.71 306.17 184.19 -5.69 1666   6.64   695.1 312060.  0.00  0.00   1.15  -8.15  -3.73 1.38 0.79 1.30  0.29 706.01091482.  6.30 693.4 279471.
15:57:53 0.71 306.17 184.18 -5.69 1666   6.58   699.7 261956.  0.23  4.52   0.72  -6.53  -5.78 1.07 0.56 0.57  0.26 701.9 892728.  6.32 694.4 233109.
15:59:14 0.71 306.17 184.16 -5.69 1666   6.40   672.3 265022.  0.61  3.88   5.71  -5.10  -4.75 0.73 1.62 0.54  0.28 700.91047199.  6.41 670.7 306602.
16:00:35 0.71 306.17 184.15 -5.69 1666   6.60   665.6 307746.  0.47  1.84   6.65  -3.23  -4.97 0.36 0.43 0.36  0.23 700.4 759879.  6.61 662.5 276821.
16:01:56 0.71 306.17 184.14 -5.69 1666   6.93   702.6 275833.  0.00  1.06   3.64  -8.32  -1.22 1.03 0.60 0.87  0.19 721.7 689193.  6.26 699.2 280147.
16:03:17 0.71 306.17 184.13 -5.69 1666   6.47   674.4 337944.  0.00  0.00   0.41  -9.01   0.33 2.31 0.62 1.21  0.20 718.7 880462.  6.42 673.9 321519.
16:04:38 0.71 306.17 184.12 -5.69 1666   6.57   663.3 263047.  1.10 -1.32   6.92  -6.00   2.43 1.08 1.23 0.52  0.27 705.11006450.  6.52 664.9 320792.
16:05:59 0.71 306.17 184.10 -5.69 1666   5.97   680.5 257278.  1.14  2.86   4.03  -6.94  -2.27 0.55 1.27 3.28  0.21 706.7 656552.  6.06 677.2 269804.
16:07:20 0.71 306.17 184.09 -5.69 1666   6.18   670.1 254679.  1.00  2.99   5.56  -6.30  -2.99 1.23 1.10 0.92  0.27 698.81312481.  6.10 667.8 290906.
16:08:40 0.71 306.17 184.08 -5.69 1666   5.99   651.3 209824.  0.48 -0.04   6.79  -5.86  -1.28 1.23 0.98 1.39  0.21 708.3 604993.  6.18 654.2 274222.
16:10:02 0.71 306.18 184.07 -5.69 1666   6.88   684.1 260864.  0.00  1.53   4.65  -7.92   0.85 0.84 0.65 1.66  0.27 709.91195432.  6.24 685.2 272039.
16:11:23 0.71 306.18 184.05 -5.69 1666   7.08   670.0 269232.  0.60  2.45   6.18  -6.69  -1.82 0.51 0.49 0.94  0.25 718.7 928903.  6.84 665.1 263567.
16:12:44 0.71 306.18 184.04 -5.69 1666   6.63   660.0 256602.  0.64  1.62   6.64  -6.09  -1.58 0.56 0.43 0.58  0.36 707.5 971731.  6.35 656.3 249586.
16:14:05 0.71 306.18 184.03 -5.69 1666   6.51   662.6 294180.  0.22  1.01   7.15  -5.77  -0.81 0.97 1.19 0.73  0.29 699.0 713725.  6.49 660.7 275105.
16:15:26 0.71 306.18 184.02 -5.69 1666   6.92   653.4 260292.  0.00  0.00   3.11  -7.21   4.34 2.13 1.54 2.81  0.29 704.21005203.  6.79 648.5 222048.
16:16:47 0.71 306.18 184.01 -5.69 1666   6.27   643.8 235812.  0.00  0.00   8.06  -3.60  -1.64 0.54 0.63 1.89  0.26 694.6 859464.  5.88 646.9 239096.
16:18:08 0.71 306.18 183.99 -5.69 1666   6.55   647.6 236783. -0.73 -0.04   6.77  -5.72   3.13 1.18 0.99 1.89  0.27 710.2 974226.  6.26 643.4 213252.
16:19:29 0.71 306.18 183.98 -5.69 1666   6.92   647.5 205637. -1.07  2.32   8.07  -5.16  -0.81 0.35 0.53 0.52  0.28 696.7 808321.  6.57 648.6 244209.
16:20:50 0.71 306.18 183.97 -5.69 1666   6.61   643.8 235325. -1.98  1.87   9.19  -2.20  -1.26 0.28 0.39 0.57  0.31 693.31183166.  6.69 639.4 227649.
16:22:11 0.71 306.18 183.96 -5.69 1666   7.28   638.0 209919. -3.54  1.14   8.89  -0.76  -2.11 0.40 1.35 0.86  0.19 701.6 782749.  6.91 644.5 256797.
16:23:32 0.71 306.18 183.95 -5.69 1666   6.33   637.1 153262. -1.20 -0.16   9.13  -2.09   2.34 0.28 0.49 0.98  0.34 703.51001461.  6.58 638.1 211728.
16:24:53 0.71 306.18 183.94 -5.69 1666   6.90   643.0 222912. -2.02 -1.64   7.56  -4.32   0.71 0.98 1.25 2.76  0.33 712.01167781.  6.82 650.0 262336.
16:26:14 0.71 306.18 183.92 -5.69 1666   5.32   696.9 218504. -3.07 -6.01   5.06  -4.32  -0.38 2.14 1.91 5.44  0.33 698.0 983373.  5.87 701.4 251821.
16:27:35 0.71 306.18 183.91 -5.69 1666   6.24   686.2 289710. -2.88 -6.33   3.79  -2.34   7.95 1.65 1.56 1.41  0.27 697.5 847822.  6.60 687.5 273130.
16:28:56 0.71 306.18 183.90 -5.69 1666   6.36   681.5 279056.  0.00  0.00   2.64  -3.64   8.46 1.35 1.23 0.74  0.37 701.9 979215.  6.43 684.6 297663.
16:30:17 0.71 306.18 183.89 -5.69 1666   6.18   690.2 257902.  0.00  0.00   2.57  -4.09   8.07 0.89 1.34 1.13  0.26 704.1 801460.  6.14 692.8 224793.
16:31:37 0.71 306.18 183.88 -5.69 1666   6.28   659.9 240126.  0.00  0.00   4.70  -6.53   4.84 0.61 1.31 2.12  0.32 703.11061960.  6.09 653.2 211176.
16:32:59 0.71 306.18 183.86 -5.69 1666   6.42   691.2 293089. -2.14  0.00   3.79  -3.10   5.72 1.17 4.76 3.84  0.29 716.7 983581.  5.97 693.7 220427.
16:34:20 0.71 306.18 183.85 -5.69 1666   6.33   650.4 243829. -0.01  1.26   6.28  -4.29   4.31 2.11 1.56 3.92  0.33 703.7 969236.  5.91 648.7 230397.
16:35:41 0.71 306.18 183.84 -5.69 1666   6.12   661.2 220012.  0.79  2.06   6.85  -6.46  -1.54 0.55 0.51 1.43  0.29 716.31074642.  5.62 661.9 231706.
16:37:02 0.71 306.18 183.83 -5.69 1666   6.54   666.2 233733.  0.00  3.25   6.37  -6.29  -3.92 0.69 0.72 0.56  0.28 699.6 967781.  6.03 666.5 206498.
16:38:23 0.71 306.18 183.81 -5.69 1666   6.35   654.3 208317.  0.16  2.16   5.52  -6.86  -2.10 1.13 2.57 2.70  0.30 716.91004995.  6.31 656.2 263047.
16:39:44 0.71 306.18 183.80 -5.69 1666   6.51   663.3 246623.  0.00  0.80   5.88  -7.37  -2.42 0.58 0.93 1.48  0.27 698.6 976513.  5.77 662.5 223702.
16:42:46 0.71 306.13 183.72 -5.61 1666  -1.00    -1.0     -1. -1.00 -1.00   1.53  -7.98   5.86 0.52 0.65 0.73 -1.00  -1.0     -1. -1.00  -1.0     -1.
16:43:26 0.71 306.18 183.77 -5.70 1666   6.24   702.0 253847.  1.51 -2.95   0.12  -8.53   4.60 1.15 1.17 1.29  0.27 704.6 635347.  5.94 699.7 234773.
16:44:07 0.71 306.18 183.76 -5.70 1666   6.19   713.7 242465.  1.85 -2.33   2.14  -8.99   2.86 1.94 0.37 1.84  0.31 698.41279424.  6.01 708.5 245739.
16:44:08 0.71 306.18 183.76 -5.70 1666   6.59   693.4 253484.  2.14 -2.28   0.00   0.00   0.00 0.00 0.00 0.00  0.29 703.8 645742.  6.06 692.1 218556.
16:44:48 0.71 306.18 183.76 -5.70 1666   6.65   682.3 264243.  1.22  3.12   4.12  -8.66  -0.83 0.43 0.62 2.18  0.22 715.8 827032.  6.25 679.7 243141.
16:45:29 0.71 306.18 183.75 -5.70 1666   6.26   685.4 258161.  1.93 -0.95   3.46  -9.06   1.97 0.56 0.24 1.02  0.29 723.41148862.  6.02 684.9 248962.
16:46:09 0.71 306.18 183.75 -5.70 1666   6.49   672.6 247403.  1.85  0.23   4.44  -9.09   0.12 0.45 0.21 0.54  0.27 706.81006658.  6.25 674.4 267309.
16:46:50 0.71 306.18 183.74 -5.70 1666   6.10   672.5 251717.  1.59  1.29   4.63  -8.85  -1.03 0.60 0.41 0.75  0.27 701.4 765701.  6.21 668.8 254107.
16:47:30 0.71 306.18 183.73 -5.70 1666   6.44   665.4 241581.  1.43  0.28   5.36  -7.69  -2.49 0.42 0.65 1.34  0.30 697.5 750524.  5.64 664.0 233733.
16:48:11 0.71 306.18 183.73 -5.70 1666   6.29   656.4 220219.  0.11  2.77   6.53  -5.84  -4.18 0.39 0.54 1.07  0.29 716.81066326.  6.36 656.6 241373.
16:48:51 0.71 306.18 183.72 -5.70 1666   6.28   660.9 231758.  0.26  2.34   6.72  -6.38  -3.42 0.69 0.32 0.97  0.32 702.4 839714.  5.76 657.2 226509.
16:49:32 0.71 306.18 183.72 -5.70 1666   5.37   654.7 174637. -0.58  2.83   7.48  -5.79  -3.29 0.75 1.13 0.51  0.25 702.3 873394.  5.21 651.3 236059.
16:50:12 0.71 306.19 183.71 -5.70 1666   6.23   662.6 252912.  0.40  2.47   7.52  -5.93  -2.69 1.08 1.10 0.89  0.30 707.8 990234.  5.85 661.1 226249.
16:50:53 0.71 306.19 183.70 -5.70 1666   5.70   664.4 191893.  0.53  2.52   6.35  -6.88  -3.67 0.67 0.44 0.32  0.25 718.8 888778.  5.64 665.3 232797.
16:51:33 0.71 306.19 183.70 -5.70 1666   5.56   674.8 236955.  1.26  2.47   4.41  -8.24  -4.06 0.76 0.26 0.40  0.32 706.41044496.  5.40 673.1 209928.
16:52:14 0.71 306.19 183.69 -5.70 1666   5.69   684.2 249014.  0.94  3.55   4.09  -7.92  -4.65 0.66 0.34 0.55  0.25 705.6 691272.  5.65 681.5 220479.
16:52:54 0.71 306.19 183.69 -5.70 1666   5.25   667.8 193868.  0.51  3.18   5.60  -7.13  -4.40 1.26 0.70 0.79  0.23 698.6 965702.  4.89 666.2 186280.
16:53:35 0.71 306.19 183.68 -5.70 1666   5.77   654.1 207174.  0.04  2.76   7.17  -6.41  -3.53 0.47 0.38 0.44  0.29 704.9 700004.  5.68 655.3 244232.
16:54:15 0.71 306.19 183.67 -5.70 1666   5.88   650.8 246642. -0.38  1.54   7.81  -6.08  -2.68 0.46 0.70 0.60  0.28 696.21021627.  5.58 646.2 211634.
16:54:56 0.71 306.19 183.67 -5.70 1666   5.54   669.0 204367. -0.20  3.96   5.81  -6.10  -5.55 1.20 0.39 1.56  0.32 684.81204580.  5.72 668.5 244908.
16:55:36 0.71 306.19 183.66 -5.70 1666   6.15   661.9 234825.  0.04  3.28   6.28  -6.01  -4.71 0.57 0.50 0.88  0.29 698.81199798.  5.73 660.1 221779.
16:56:17 0.71 306.19 183.66 -5.70 1666   7.27   652.8 236839. -0.33  2.35   7.00  -5.90  -3.69 0.51 0.37 0.96  0.25 709.3 613725.  6.77 653.2 247663.
16:56:57 0.71 306.19 183.65 -5.70 1666   6.18   654.6 234929. -0.08  2.39   6.99  -5.59  -1.95 1.09 1.26 2.72  0.25 704.4 894807.  5.86 651.0 224118.
16:57:38 0.71 306.19 183.64 -5.70 1666   5.14   672.4 174377.  1.69  1.46   5.12  -7.93  -2.09 1.42 0.71 1.10  0.21 701.2 852811.  5.13 668.2 203431.
16:58:18 0.71 306.19 183.64 -5.70 1666   6.54   655.0 234253.  0.48 -1.58   6.81  -6.61  -1.23 1.00 0.87 1.80  0.23 702.91017053.  6.24 648.1 229156.
16:58:59 0.71 306.19 183.63 -5.70 1666   5.83   663.2 199169.  1.54  1.86   5.07  -7.80  -2.56 1.74 1.43 1.69  0.17 730.4 762790.  5.80 663.7 242153.
16:59:39 0.71 306.19 183.62 -5.70 1666   6.26   653.5 242777. -0.24  2.48   7.24  -5.60  -4.17 0.47 1.20 1.06  0.25 703.41106866.  5.82 649.5 236108.
17:00:20 0.71 306.19 183.62 -5.70 1666   6.35   659.3 246363. -1.11  3.77   6.62  -4.54  -6.05 0.48 0.63 0.40  0.32 680.51200214.  6.22 660.5 223598.
17:01:00 0.71 306.19 183.61 -5.70 1666   6.63   671.7 253224.  0.54  3.54   5.00  -6.04  -6.07 0.68 0.46 0.66  0.27 699.81051980.  5.73 671.6 206602.
17:01:41 0.71 306.19 183.61 -5.70 1666   5.58   721.1 228432.  1.90  1.95   2.15  -7.54  -4.67 3.21 1.20 1.08  0.28 702.3 742000.  6.04 722.4 276041.
17:02:21 0.71 306.19 183.60 -5.70 1666   6.19   648.8 236738. -1.27  3.26   7.85  -3.76  -4.49 0.98 0.94 1.04  0.29 701.3 911855.  6.42 642.9 229530.
17:03:02 0.71 306.19 183.59 -5.70 1666   6.94   645.8 233792. -1.73  3.14   3.55  -5.14  -6.17 3.82 1.71 1.23  0.30 700.1 643039.  6.25 655.6 294180.
17:03:42 0.71 306.19 183.59 -5.70 1666   6.53   674.3 238827. -1.42  4.90   4.12  -3.87  -8.20 0.61 0.90 0.36  0.25 692.9 891273.  5.73 672.3 207589.
17:04:22 0.71 306.19 183.58 -5.70 1666   5.68   654.3 212579. -1.04  3.51   6.32  -4.14  -6.33 1.05 0.83 0.69  0.24 693.1 725784.  5.32 654.6 242621.
17:05:03 0.71 306.19 183.58 -5.70 1666   6.86   650.3 252681. -0.82  3.27   7.17  -3.69  -5.68 0.56 0.38 0.78  0.27 705.51074642.  6.51 645.6 228029.
17:05:43 0.71 306.19 183.57 -5.70 1666   6.06   657.6 216061. -0.56  3.99   5.32  -3.76  -7.55 0.55 0.53 0.39  0.26 688.31027656.  5.97 658.6 252860.
17:06:24 0.71 306.19 183.56 -5.70 1666   6.78   669.4 258785. -1.20  4.48   4.34  -3.85  -8.06 0.40 0.37 0.22  0.27 698.51106035.  6.22 662.5 269024.
17:07:04 0.71 306.19 183.56 -5.70 1666   6.39   670.3 194596. -2.08  4.99   4.73  -2.56  -8.18 0.85 0.80 0.76  0.22 705.0 430148.  6.00 671.2 243816.
17:07:45 0.71 306.19 183.55 -5.70 1666   6.29   681.0 248962. -1.74  5.14   6.36  -2.94  -5.79 2.26 0.64 3.09  0.21 677.0 707488.  5.64 681.8 179471.
17:08:25 0.71 306.19 183.54 -5.70 1666   6.25   639.3 184818. -1.01  2.23   9.07  -3.14  -2.86 0.27 0.44 0.77  0.20 698.1 855514.  5.75 639.9 161923.
17:09:06 0.71 306.19 183.54 -5.70 1666   6.29   637.7 162319. -1.69  2.28   8.88  -2.87  -3.97 0.31 0.26 0.54  0.26 704.1 934725.  6.36 639.0 221980.
17:09:46 0.71 306.19 183.53 -5.70 1666   6.37   641.7 198984. -1.40  2.73   8.98  -2.89  -4.04 0.32 0.29 0.57  0.21 696.3 847198.  5.97 640.4 177525.
17:10:27 0.71 306.19 183.53 -5.70 1666   6.21   643.8 169852. -1.41  3.08   8.23  -3.28  -4.84 0.53 1.03 0.41  0.20 700.91079423.  5.85 644.5 213693.
17:11:07 0.71 306.19 183.52 -5.70 1666   6.03   651.7 211436. -0.34  3.19   7.64  -3.97  -5.15 0.53 1.67 0.63  0.23 690.9 681916.  5.78 646.4 185321.
17:11:48 0.71 306.19 183.52 -5.70 1666   6.43   652.1 225885. -4.37  3.49   7.88  -0.55  -6.11 0.31 1.74 0.20  0.28 697.61231399.  6.24 650.2 219476.
17:12:28 0.71 306.19 183.51 -5.70 1666   6.85   647.0 211367. -2.46  3.74   7.98  -1.22  -6.19 0.30 0.42 0.28  0.28 695.8 697301.  6.05 653.4 243972.
17:13:09 0.71 306.19 183.50 -5.70 1666   6.66   652.0 235130. -2.13  3.78   7.55  -0.27  -6.69 0.46 0.74 0.48  0.26 699.9 986700.  6.49 649.5 235257.
17:13:49 0.71 306.19 183.50 -5.70 1666   6.35   663.2 202860. -3.50  4.52   7.00   0.79  -7.17 0.64 0.42 0.45  0.23 705.1 509774.  6.12 663.6 246155.
17:14:30 0.71 306.19 183.49 -5.70 1666   6.61   664.3 257278. -4.32  4.68   6.09   1.90  -7.52 0.60 0.60 0.40  0.23 699.81156139.  6.40 662.6 242153.
17:15:10 0.71 306.19 183.49 -5.70 1666   6.53   654.1 235760. -3.81  4.17   6.38   2.36  -7.10 0.47 0.47 0.50  0.28 676.01202293.  5.84 656.6 237371.
17:15:51 0.71 306.19 183.48 -5.70 1666   6.20   662.5 252444. -4.76  4.68   6.22   2.33  -7.16 0.76 0.83 0.54  0.26 697.41081710.  5.68 664.4 236436.
17:16:31 0.71 306.19 183.47 -5.70 1666   6.19   656.5 236852. -4.03  4.39   6.82   1.15  -6.92 0.34 0.97 0.34  0.26 695.0 692519.  6.03 659.8 237423.
17:17:12 0.71 306.19 183.47 -5.70 1666   6.40   647.5 223172. -1.75  3.02   7.79  -1.50  -5.65 0.39 1.42 0.58  0.26 696.51072771.  6.23 644.2 225333.
17:17:52 0.71 306.19 183.46 -5.70 1666   6.72   650.9 208850. -2.91  3.87   7.70   0.93  -5.97 0.18 0.54 0.24  0.20 697.9 637218.  6.46 652.3 235633.
17:18:33 0.71 306.19 183.46 -5.70 1666   6.68   654.4 236748. -3.54  4.30   7.41   0.11  -6.41 0.60 0.97 0.58  0.21 700.8 938467.  6.25 655.1 219024.
17:19:13 0.71 306.19 183.45 -5.70 1666   6.81   667.7 249274. -2.91  4.62   5.53  -0.40  -8.08 0.54 0.88 0.39  0.26 685.21165079.  6.82 666.6 251665.
17:19:54 0.71 306.19 183.45 -5.70 1666   7.14   668.3 268089. -3.89  5.01   5.55   0.72  -7.76 1.35 1.15 1.18  0.27 689.5 982542.  6.36 665.5 241477.
17:20:34 0.71 306.19 183.44 -5.70 1666   6.77   638.0 197201. -1.75  2.13   8.99  -2.88  -2.92 0.26 0.66 0.67  0.19 683.21054267.  6.30 637.2 166483.
17:21:15 0.71 306.19 183.43 -5.70 1666   6.76   636.0 253974. -0.14  2.50   8.37  -3.64  -2.99 0.40 1.42 1.35  0.29 692.7 974226.  6.50 636.4 239109.
17:21:55 0.71 306.19 183.43 -5.70 1666   7.07   639.5 217894. -1.80  5.39   7.60  -4.17  -4.36 0.51 1.34 1.05  0.28 670.61301046.  6.11 638.7 186832.
17:22:36 0.71 306.19 183.42 -5.70 1666   6.54   642.1 234565.  0.28  3.27   8.15  -4.86  -2.89 0.48 1.12 0.86  0.27 673.4 707904.  6.24 637.0 224319.
17:23:16 0.71 306.19 183.42 -5.70 1666   6.36   633.5 209997.  0.00  4.37   8.38  -1.32  -5.12 0.38 0.99 0.61  0.26 689.5 945951.  6.36 628.3 207999.
17:23:57 0.71 306.19 183.41 -5.70 1666   6.04   642.9 231388. -4.16  5.45   8.36  -1.75  -4.89 0.39 1.18 1.09  0.24 678.2 712478.  5.54 641.0 218780.
17:24:37 0.71 306.19 183.40 -5.70 1666   7.08   636.5 222344. -2.67  5.15   8.23  -2.26  -5.30 0.36 0.42 0.63  0.23 663.9 656968.  6.23 639.2 189018.
17:25:18 0.71 306.19 183.40 -5.70 1666   7.17   644.7 231732.  1.05  3.13   7.58  -5.73  -2.55 0.59 2.14 2.19  0.25 695.41150318.  7.13 638.4 205968.
17:25:58 0.71 306.19 183.39 -5.70 1666   6.66   655.3 224897.  2.36  0.73   5.94  -8.38   0.27 1.12 0.78 1.61  0.23 700.1 775472.  6.81 653.4 238515.
17:26:39 0.71 306.19 183.39 -5.70 1666   6.45   660.6 226405.  2.10  0.14   5.41  -8.86   1.94 0.63 0.27 0.62  0.28 694.51058633.  6.49 656.5 211436.
17:27:19 0.71 306.19 183.38 -5.70 1666   6.40   652.8 205260.  2.31  1.46   5.03  -8.74   2.15 0.89 0.35 1.25  0.35 685.51056970.  6.55 651.2 236069.
17:28:00 0.71 306.19 183.37 -5.70 1666   6.43   665.3 215178.  2.32  0.09   4.23  -8.82   2.91 0.92 0.60 1.85  0.29 704.4 958425.  5.98 660.2 210760.
17:28:40 0.71 306.19 183.37 -5.70 1666   5.84   684.1 234669.  2.49 -1.50   3.03  -8.53   4.30 1.55 0.47 1.89  0.21 694.5 717052.  5.64 685.5 204107.
17:29:21 0.71 306.19 183.36 -5.70 1666   6.70   722.6 245739.  1.31 -2.68   2.43  -8.52   4.20 3.37 0.39 1.67  0.25 707.7 985660.  5.96 721.0 198182.
17:30:01 0.71 306.19 183.35 -5.70 1666   6.59   700.2 236332.  1.91 -2.67  -0.16  -7.91   6.90 0.54 0.48 0.61  0.23 703.0 905618.  6.18 697.9 198338.
17:30:42 0.71 306.19 183.35 -5.70 1666   6.75   719.2 248390.  0.36 -4.01  -1.08  -6.96   7.52 1.76 0.50 0.62  0.23 709.4 646781.  6.56 719.0 217933.
17:31:22 0.71 306.20 183.34 -5.70 1666   6.50   716.4 210968.  1.91 -2.99  -1.35  -7.85   6.71 0.67 0.22 0.30  0.20 709.4 685035.  6.24 711.9 221155.
17:32:03 0.71 306.20 183.34 -5.70 1666   6.23   693.9 208005.  1.38 -3.54   0.94  -7.65   7.03 0.89 0.41 0.48  0.26 709.71245952.  5.94 693.5 229211.
17:32:43 0.71 306.20 183.33 -5.70 1666   5.97   702.1 212319.  0.79 -4.18   0.48  -6.70   8.03 0.90 0.93 1.04  0.22 702.3 641168.  5.54 698.0 179835.
17:33:24 0.71 306.20 183.32 -5.70 1666   6.10   692.0 209201.  1.54 -3.36   1.58  -5.11   8.53 0.61 2.30 1.48  0.23 678.8 754266.  6.13 687.9 209876.
17:34:04 0.71 306.20 183.32 -5.70 1666   6.09   662.7 191165.  2.26 -1.45   4.04  -7.37   5.90 1.13 1.04 1.41  0.25 677.81118717.  6.13 653.3 177080.
17:34:45 0.71 306.20 183.31 -5.70 1666   6.32   660.5 218868.  1.01 -2.65   5.66  -6.74   5.74 0.31 0.43 0.47  0.21 708.9 890026.  5.99 656.3 196051.
17:35:25 0.71 306.20 183.31 -5.70 1666   6.15   663.7 195167.  0.51 -3.90   4.58  -5.82   7.57 0.46 0.33 0.43  0.24 711.31090442.  5.79 662.3 211644.
17:36:06 0.71 306.20 183.30 -5.70 1666   5.99   663.7 223494.  0.18 -3.52   4.83  -4.71   7.87 0.87 0.52 0.34  0.24 701.01104372.  5.79 664.4 196779.
17:36:46 0.71 306.20 183.29 -5.70 1666   6.05   680.6 218972.  0.87 -4.37   4.06  -5.45   7.81 0.88 0.88 0.33  0.24 693.2 694806.  5.91 679.1 208525.
17:37:27 0.71 306.20 183.29 -5.70 1666   6.29   664.8 213827.  0.12 -4.33   4.34  -5.32   7.65 0.35 0.41 0.36  0.29 696.11144912.  5.85 662.7 191893.
17:38:07 0.71 306.20 183.28 -5.70 1666   5.96   669.2 197558.  0.22 -4.48   3.53  -4.80   8.35 0.53 0.71 0.58  0.26 689.51150941.  5.97 667.9 223910.
17:38:48 0.71 306.20 183.27 -5.70 1666   5.99   703.3 188878. -0.13 -4.60   0.28  -4.33   9.27 0.83 0.53 0.29  0.25 695.91064455.  6.06 700.5 249897.
17:39:28 0.71 306.20 183.27 -5.70 1666   5.89   681.4 215750. -0.81 -5.23   1.75  -3.27   9.46 0.90 0.64 0.23  0.27 700.1 639297.  5.67 676.1 230667.
17:40:09 0.71 306.20 183.26 -5.70 1666   5.55   695.5 194804. -1.17 -5.15   1.73  -3.63   8.32 1.92 2.29 3.20  0.29 701.51130983.  5.96 695.9 233629.
17:40:49 0.71 306.20 183.26 -5.70 1666   6.11   683.9 217257. -0.60 -4.96   0.00   0.00   0.00 0.00 0.00 0.00  0.24 699.3 819339.  5.91 686.0 191581.
17:41:30 0.71 306.20 183.25 -5.70 1666   6.13   677.0 232849. -2.32 -5.35   0.00   0.00   0.00 0.00 0.00 0.00  0.25 700.8 909984.  6.35 679.4 236748.
17:42:10 0.71 306.20 183.24 -5.70 1666   6.33   681.8 224014. -1.96 -5.64   0.00   0.00   0.00 0.00 0.00 0.00  0.22 693.5 730773.  6.32 681.7 222247.
17:42:51 0.71 306.20 183.24 -5.70 1666   6.04   671.4 218556. -1.31 -5.38   0.00   0.00   0.00 0.00 0.00 0.00  0.24 696.9 971107.  5.86 669.8 190542.
17:43:31 0.71 306.20 183.23 -5.70 1666   6.66   696.4 251353.  0.64 -4.58   0.00   0.00   0.00 0.00 0.00 0.00  0.26 690.8 667571.  6.46 692.5 265074.
17:44:12 0.71 306.20 183.23 -5.70 1666   6.32   707.3 226924.  0.32 -4.56   0.00   0.00   0.00 0.00 0.00 0.00  0.23 715.4 596885.  5.97 707.9 230667.
17:44:52 0.71 306.20 183.22 -5.70 1666   6.53   704.4 238775. -0.55 -5.50   0.00   0.00   0.00 0.00 0.00 0.00  0.24 697.2 748445.  5.86 704.0 197038.
17:45:33 0.71 306.20 183.21 -5.70 1666   5.90   704.3 192205. -1.35 -6.17   0.00   0.00   0.00 0.00 0.00 0.00  0.29 697.11040546.  5.89 708.1 177652.
17:46:13 0.71 306.20 183.21 -5.70 1666   5.40   696.1 204107. -1.02 -0.65   0.00   0.00   0.00 0.00 0.00 0.00  0.24 695.6 632020.  5.25 694.8 182018.
17:46:54 0.71 306.20 183.20 -5.70 1666   5.77   706.2 238931. -0.25 -4.08   0.00   0.00   0.00 0.00 0.00 0.00  0.25 694.51066326.  5.67 705.3 220323.
17:47:34 0.71 306.20 183.20 -5.70 1666   6.08   690.7 233733. -1.95 -6.29   0.00   0.00   0.00 0.00 0.00 0.00  0.26 694.4 835348.  6.17 692.6 211072.
17:48:15 0.71 306.20 183.19 -5.70 1666   5.20   691.2 185448. -1.51 -0.85   0.00   0.00   0.00 0.00 0.00 0.00  0.26 694.41095640.  6.04 689.9 257330.
17:48:55 0.71 306.20 183.18 -5.70 1666   5.61   662.6 195895. -4.05 -4.67   0.00   0.00   0.00 0.00 0.00 0.00  0.26 704.2 461957.  5.72 664.7 255043.
17:49:36 0.71 306.20 183.18 -5.70 1666   6.64   659.4 231446. -1.68 -3.91   0.00   0.00   0.00 0.00 0.00 0.00  0.29 698.7 939922.  6.31 657.8 227912.
17:50:16 0.71 306.20 183.17 -5.70 1666   5.77   664.8 202340. -0.84 -4.28   0.00   0.00   0.00 0.00 0.00 0.00  0.25 684.3 934517.  5.68 663.8 226612.
17:50:57 0.71 306.20 183.17 -5.70 1666   6.08   662.8 223442. -0.23 -4.00   0.00   0.00   0.00 0.00 0.00 0.00  0.30 698.5 977760.  5.94 661.1 215957.
17:51:37 0.71 306.20 183.16 -5.70 1666   6.53   655.2 224118.  0.26 -3.24   0.00   0.00   0.00 0.00 0.00 0.00  0.34 685.61075473.  6.42 656.6 246623.
17:52:18 0.71 306.20 183.16 -5.70 1666   6.38   668.3 219648.  0.91 -3.40   0.00   0.00   0.00 0.00 0.00 0.00  0.30 706.61002292.  5.79 665.6 198806.
17:52:58 0.71 306.20 183.15 -5.70 1666   5.98   650.7 229059.  0.75 -2.17   0.00   0.00   0.00 0.00 0.00 0.00  0.35 687.0 982542.  5.62 646.2 188631.
17:53:39 0.71 306.20 183.14 -5.70 1666   5.81   653.4 214376.  1.17 -2.10   0.00   0.00   0.00 0.00 0.00 0.00  0.27 693.71007906.  5.25 651.0 216766.
17:54:19 0.71 306.20 183.14 -5.70 1666   6.52   656.0 220375.  1.61 -2.20   0.00   0.00   0.00 0.00 0.00 0.00  0.31 686.91164871.  5.88 656.2 245791.
17:55:00 0.71 306.20 183.13 -5.70 1666   5.23   662.5 206290.  0.77 -2.51   0.00   0.00   0.00 0.00 0.00 0.00  0.33 708.51041378.  5.09 660.0 178171.
17:55:40 0.71 306.20 183.13 -5.70 1666   4.70   656.1 140749. -0.10  1.13   0.00   0.00   0.00 0.00 0.00 0.00  0.26 698.4 607072.  4.76 651.1 121421.
17:56:21 0.71 306.20 183.12 -5.70 1666   5.07   655.3 122350. -0.58  1.42   0.00   0.00   0.00 0.00 0.00 0.00  0.32 696.9 930359.  4.93 657.8 142152.
17:57:01 0.71 306.20 183.11 -5.70 1666   4.95   662.7 144647.  0.25  1.73   0.00   0.00   0.00 0.00 0.00 0.00  0.35 683.8 943248.  4.76 662.1 113098.
17:57:42 0.71 306.20 183.11 -5.70 1666   4.99   655.7 115801.  0.06  1.38   0.00   0.00   0.00 0.00 0.00 0.00  0.34 693.31046160.  4.56 657.0 133940.
17:58:22 0.71 306.20 183.10 -5.70 1666   5.18   656.3 135136.  0.82  0.32   0.00   0.00   0.00 0.00 0.00 0.00  0.37 691.1 891065.  5.16 652.7 130075.
17:59:03 0.71 306.20 183.10 -5.70 1666   4.76   652.6 121785.  0.51  0.43   0.00   0.00   0.00 0.00 0.00 0.00  0.35 705.4 982958.  4.66 655.1 154679.
17:59:43 0.71 306.20 183.09 -5.70 1666   4.98   652.5 121885.  0.33  0.00   0.00   0.00   0.00 0.00 0.00 0.00  0.36 689.21057802.  4.64 647.8 115239.
18:00:24 0.71 306.20 183.09 -5.70 1666   5.06   654.7 114969.  0.84  0.21   0.00   0.00   0.00 0.00 0.00 0.00  0.35 705.4 800420.  4.70 652.2  94845.
18:01:04 0.71 306.20 183.08 -5.70 1666   5.06   658.0 136799.  0.37  0.48   0.00   0.00   0.00 0.00 0.00 0.00  0.31 701.7 581708.  5.05 655.5 127132.
18:01:45 0.71 306.20 183.07 -5.70 1666   5.20   660.7 124377.  0.83  1.21   0.00   0.00   0.00 0.00 0.00 0.00  0.34 696.9 864662.  4.96 662.4 138878.
18:02:25 0.71 306.20 183.07 -5.70 1666   4.92   669.5 150884.  0.30  2.38   0.00   0.00   0.00 0.00 0.00 0.00  0.29 692.01014351.  5.15 668.3 165749.
18:03:06 0.71 306.20 183.06 -5.70 1666   5.06   676.3 132693.  0.10  3.11   0.00   0.00   0.00 0.00 0.00 0.00  0.31 705.4 916637.  4.52 672.1 141581.
18:03:46 0.71 306.20 183.05 -5.70 1666   5.61   660.0 149481. -0.06  1.45   0.00   0.00   0.00 0.00 0.00 0.00  0.29 697.41014766.  5.06 656.8 131030.
18:04:27 0.71 306.20 183.05 -5.70 1666   5.63   669.1 206030. -0.51  1.81   0.00   0.00   0.00 0.00 0.00 0.00  0.45 705.8 911855.  5.23 666.1 180666.
18:05:07 0.71 306.20 183.04 -5.70 1666   5.95   677.0 231758. -0.98  2.76   0.00   0.00   0.00 0.00 0.00 0.00  0.42 713.0 812894.  5.84 671.6 238255.
18:05:48 0.71 306.20 183.04 -5.70 1666   5.62   669.5 202652. -1.08  2.67   0.00   0.00   0.00 0.00 0.00 0.00  0.53 707.2 865285.  5.24 668.8 179367.
18:06:28 0.71 306.20 183.03 -5.70 1666   5.56   679.5 219388. -0.41  3.04   0.00   0.00   0.00 0.00 0.00 0.00  0.42 713.5 895223.  5.19 677.7 232694.
18:07:09 0.71 306.20 183.02 -5.70 1666   5.21   685.6 185968. -0.61  3.03   0.00   0.00   0.00 0.00 0.00 0.00  0.46 709.7 883165.  4.89 683.0 245791.
18:07:49 0.71 306.20 183.02 -5.70 1666   5.91   679.5 214918.  0.18  2.46   0.00   0.00   0.00 0.00 0.00 0.00  0.33 721.8 874225.  5.37 679.2 214658.
18:08:30 0.71 306.20 183.01 -5.70 1666   5.28   664.4 184616. -1.64  2.81   0.00   0.00   0.00 0.00 0.00 0.00  0.38 705.4 858840.  4.87 664.5 161903.
18:09:10 0.71 306.20 183.01 -5.70 1666   5.08   676.0 163099. -0.66  3.66   0.00   0.00   0.00 0.00 0.00 0.00  0.38 703.7 583579.  4.73 678.4 165593.
18:09:51 0.71 306.20 183.00 -5.70 1666   5.37   665.2 180354.  0.33  1.81   0.00   0.00   0.00 0.00 0.00 0.00  0.34 704.9 785035.  5.23 666.3 162319.
18:10:31 0.71 306.20 182.99 -5.70 1666   5.44   683.6 209928.  0.85  1.42   0.00   0.00   0.00 0.00 0.00 0.00  0.44 719.2 891481.  5.47 679.4 215905.
18:11:12 0.71 306.21 182.99 -5.70 1666   5.22   673.8 183525. -2.34  3.48   0.00   0.00   0.00 0.00 0.00 0.00  0.44 700.4 957802.  5.12 668.8 174377.
18:11:52 0.71 306.21 182.98 -5.70 1666   6.07   667.3 185864. -1.24  2.42   0.00   0.00   0.00 0.00 0.00 0.00  0.38 721.11134309.  5.72 667.9 195739.
18:12:33 0.71 306.21 182.97 -5.70 1666   5.44   666.5 184304. -1.03  2.59   0.00   0.00   0.00 0.00 0.00 0.00  0.43 706.9 950109.  4.98 663.8 158213.
18:13:13 0.71 306.21 182.97 -5.70 1666   5.81   665.6 221051. -1.47  0.87   0.00   0.00   0.00 0.00 0.00 0.00  0.42 706.4 666740.  5.48 662.1 210968.
18:13:54 0.71 306.21 182.96 -5.70 1666   5.90   653.1 206966. -3.66  0.36   0.00   0.00   0.00 0.00 0.00 0.00  0.45 710.31089818.  5.60 660.3 273494.
18:14:34 0.71 306.21 182.96 -5.70 1666   5.21   668.1 251457. -4.37  2.06   0.00   0.00   0.00 0.00 0.00 0.00  0.43 712.0 792312.  5.21 662.9 216217.
18:15:15 0.71 306.21 182.95 -5.70 1666   5.80   688.2 205043.  0.90 -4.00   0.00   0.00   0.00 0.00 0.00 0.00  0.48 714.9 861543.  5.90 686.5 242985.
18:15:55 0.71 306.21 182.94 -5.70 1666   6.25   678.1 251197.  0.79 -2.18   0.00   0.00   0.00 0.00 0.00 0.00  0.45 717.7 826200.  6.36 677.1 247559.
18:16:36 0.71 306.21 182.94 -5.70 1666   6.39   669.2 212995. -0.80  2.04   0.00   0.00   0.00 0.00 0.00 0.00  0.47 707.2 858217.  5.81 668.6 202756.
18:17:16 0.71 306.21 182.93 -5.70 1666   6.61   670.1 201716. -4.13  3.15   0.00   0.00   0.00 0.00 0.00 0.00  0.47 720.7 841377.  6.17 671.2 213307.
18:17:57 0.71 306.21 182.93 -5.70 1666   5.80   691.2 215022.  0.00  1.13   0.00   0.00   0.00 0.00 0.00 0.00  0.48 716.4 874225.  5.35 691.7 248754.
18:18:37 0.71 306.21 182.92 -5.70 1666   5.65   765.6 201664.  0.00  4.67   0.00   0.00   0.00 0.00 0.00 0.00  0.52 739.3 911232.  5.28 761.2 204263.
18:19:18 0.71 306.21 182.91 -5.70 1666   6.13   742.7 223338. -6.37  4.24   0.00   0.00   0.00 0.00 0.00 0.00  0.44 728.4 649068.  5.85 746.2 286176.
18:19:58 0.71 306.21 182.91 -5.70 1666   6.43   702.1 248858. -4.96  4.82   0.00   0.00   0.00 0.00 0.00 0.00  0.60 715.7 872978.  5.90 699.9 227392.
18:20:39 0.71 306.21 182.90 -5.70 1666   5.12   727.2 155406. -8.61  2.09   0.00   0.00   0.00 0.00 0.00 0.00  0.48 725.8 588153.  4.65 723.0 164190.
18:21:19 0.71 306.21 182.90 -5.70 1666   5.62   675.4 275729. -0.58  0.09   0.00   0.00   0.00 0.00 0.00 0.00  0.49 720.0 932438.  5.18 671.7 250677.
18:22:00 0.71 306.21 182.89 -5.70 1666   5.79   707.9 241581.  0.25  3.45   0.00   0.00   0.00 0.00 0.00 0.00  0.51 714.31037844.  5.43 704.3 258213.
18:22:40 0.71 306.21 182.88 -5.70 1666   6.42   732.6 261280. -2.34  5.00   0.00   0.00   0.00 0.00 0.00 0.00  0.55 723.6 996055.  6.12 735.9 286904.
18:23:21 0.71 306.21 182.88 -5.70 1666   6.54   740.1 222922. -2.14  4.78   0.00   0.00   0.00 0.00 0.00 0.00  0.46 740.7 797717.  5.78 738.4 290906.
18:24:01 0.71 306.21 182.87 -5.70 1666   6.10   712.1 203016. -1.72  5.06   0.00   0.00   0.00 0.00 0.00 0.00  0.50 726.5 840753.  5.37 706.4 198338.
18:24:42 0.71 306.21 182.87 -5.70 1666   6.21   714.9 241114.  0.84  3.12   0.00   0.00   0.00 0.00 0.00 0.00  0.42 723.0 641584.  5.85 710.4 247818.
18:25:22 0.71 306.21 182.86 -5.70 1666   5.79   697.6 207745.  0.11  3.88   0.00   0.00   0.00 0.00 0.00 0.00  0.47 719.3 793767.  5.27 694.3 195011.
18:26:03 0.71 306.21 182.85 -5.70 1666   6.36   686.3 197402. -0.90  3.83   0.00   0.00   0.00 0.00 0.00 0.00  0.49 712.0 902292.  6.03 685.4 243193.
18:26:43 0.71 306.21 182.85 -5.70 1666   5.39   675.2 170063.  1.41 -1.05   0.00   0.00   0.00 0.00 0.00 0.00  0.47 720.1 810815.  5.20 674.6 203068.
18:27:24 0.71 306.21 182.84 -5.70 1666   5.75   719.0 163358.  2.35 -1.96   0.00   0.00   0.00 0.00 0.00 0.00  0.46 714.7 834932.  4.98 715.5 166113.
18:28:04 0.71 306.21 182.84 -5.70 1666   5.93   703.5 220012.  2.45 -1.23   0.00   0.00   0.00 0.00 0.00 0.00  0.42 722.2 691064.  5.88 700.6 200677.
18:28:45 0.71 306.21 182.83 -5.70 1666   6.33   710.7 233473.  2.42 -0.39   0.00   0.00   0.00 0.00 0.00 0.00  0.50 721.0 830566.  5.95 707.0 236748.
18:29:25 0.71 306.21 182.82 -5.70 1666   4.90   744.1 200001. -0.71  4.21   0.00   0.00   0.00 0.00 0.00 0.00  0.53 729.8 907697.  4.73 743.6 169544.
18:30:06 0.71 306.21 182.82 -5.70 1666   6.22   733.1 222610.  1.96  1.55   0.00   0.00   0.00 0.00 0.00 0.00  0.46 725.8 638257.  5.60 729.1 192257.
18:30:46 0.71 306.21 182.81 -5.70 1666   5.78   725.4 183733.  0.89  3.10   0.00   0.00   0.00 0.00 0.00 0.00  0.49 725.6 773393.  5.44 726.4 229315.
18:31:27 0.71 306.21 182.81 -5.70 1666   6.12   725.0 223338.  0.90  3.12   0.00   0.00   0.00 0.00 0.00 0.00  0.51 726.0 673393.  5.67 723.9 195219.
18:32:07 0.71 306.21 182.80 -5.70 1666   5.66   696.6 207693.  1.75  1.35   0.00   0.00   0.00 0.00 0.00 0.00  0.42 721.1 904787.  5.66 695.3 184824.
18:32:48 0.71 306.21 182.80 -5.70 1666   5.72   689.5 189918.  0.62  2.20   0.00   0.00   0.00 0.00 0.00 0.00  0.49 723.5 770067.  5.61 686.3 209305.
18:33:28 0.71 306.21 182.79 -5.70 1666   5.51   713.2 168816.  1.41  2.73   0.00   0.00   0.00 0.00 0.00 0.00  0.52 727.2 765285.  5.23 708.7 176976.
18:34:09 0.71 306.21 182.78 -5.70 1666   6.34   728.9 246467.  1.04  3.10   0.00   0.00   0.00 0.00 0.00 0.00  0.51 723.1 546781.  5.80 729.0 199741.
18:34:49 0.71 306.21 182.78 -5.70 1666   6.00   722.7 194284.  0.83  2.90   0.00   0.00   0.00 0.00 0.00 0.00  0.42 723.1 716844.  6.10 724.8 237787.
18:35:30 0.71 306.21 182.77 -5.70 1666   5.70   700.4 188099.  0.94  2.63   0.00   0.00   0.00 0.00 0.00 0.00  0.45 714.5 856138.  5.73 705.1 237163.
18:36:10 0.71 306.21 182.77 -5.70 1666   6.30   708.8 232849.  1.73  1.19   0.00   0.00   0.00 0.00 0.00 0.00  0.48 725.1 814973.  5.83 705.8 197558.
18:36:51 0.71 306.21 182.76 -5.70 1666   6.16   671.5 191685.  0.32 -3.09   0.00   0.00   0.00 0.00 0.00 0.00  0.37 709.3 898758.  5.79 671.0 162891.
18:37:31 0.71 306.21 182.75 -5.70 1666   6.04   662.9 157901. -0.07 -1.01   0.00   0.00   0.00 0.00 0.00 0.00  0.34 705.8 682956.  5.79 663.6 208837.
18:38:12 0.71 306.21 182.75 -5.70 1666   6.21   677.6 164242.  0.75 -0.90   0.00   0.00   0.00 0.00 0.00 0.00  0.43 707.1 955307.  5.94 672.0 179627.
18:38:52 0.71 306.21 182.74 -5.70 1666   5.44   656.0 152340.  0.00 -2.18   0.00   0.00   0.00 0.00 0.00 0.00  0.45 704.0 635970.  6.14 648.7 135613.
18:39:33 0.71 306.21 182.74 -5.70 1666   6.24   652.8 180094. -4.86 -0.16   0.00   0.00   0.00 0.00 0.00 0.00  0.43 702.21033686.  5.55 651.9 158284.
18:40:13 0.71 306.21 182.73 -5.70 1666   6.14   702.9 213671.  1.71 -1.05   0.00   0.00   0.00 0.00 0.00 0.00  0.41 720.0 791896.  5.95 700.5 201976.
18:40:54 0.71 306.21 182.72 -5.70 1666   5.95   692.8 192776.  2.05 -0.35   0.00   0.00   0.00 0.00 0.00 0.00  0.43 711.8 824329.  5.99 690.0 210812.
18:41:34 0.71 306.21 182.72 -5.70 1666   4.68   670.3 168036. -0.20  1.62   0.00   0.00   0.00 0.00 0.00 0.00  0.42 705.9 653226.  4.72 673.5 250001.
18:42:15 0.71 306.21 182.71 -5.70 1666   6.21   658.6 176040. -4.85  1.69   0.00   0.00   0.00 0.00 0.00 0.00  0.43 702.2 844703.  5.60 661.8 169232.
18:42:55 0.71 306.21 182.70 -5.70 1666   6.17   666.6 188670. -0.11  0.82   0.00   0.00   0.00 0.00 0.00 0.00  0.43 709.5 744287.  6.38 670.7 204887.
18:43:36 0.71 306.21 182.70 -5.70 1666   5.82   688.4 178691.  1.83 -1.46   0.00   0.00   0.00 0.00 0.00 0.00  0.50 706.1 874017.  5.80 684.0 225001.
18:44:16 0.71 306.21 182.69 -5.70 1666   5.27   666.2 174117.  0.33  1.17   0.00   0.00   0.00 0.00 0.00 0.00  0.44 705.4 595222.  5.41 668.3 198286.
18:44:57 0.71 306.21 182.69 -5.70 1666   6.31   673.7 197818. -0.41  2.58   0.00   0.00   0.00 0.00 0.00 0.00  0.41 704.9 837635.  5.79 672.2 164658.
18:45:37 0.71 306.21 182.68 -5.70 1666   5.73   682.2 175833.  1.07  2.33   0.00   0.00   0.00 0.00 0.00 0.00  0.46 708.11009777.  5.38 682.8 162267.
18:46:18 0.71 306.21 182.67 -5.70 1666   6.35   678.6 207953.  1.51 -0.67   0.00   0.00   0.00 0.00 0.00 0.00  0.45 713.9 759048.  5.97 676.0 182745.
18:46:58 0.71 306.21 182.67 -5.70 1666   5.54   711.3 170687.  0.62  3.58   0.00   0.00   0.00 0.00 0.00 0.00  0.49 720.0 746366.  5.60 704.6 171622.
18:47:39 0.71 306.21 182.66 -5.70 1666   5.92   692.7 188359.  1.14  2.91   0.00   0.00   0.00 0.00 0.00 0.00  0.37 708.3 972978.  5.78 691.7 227756.
18:48:19 0.71 306.21 182.66 -5.70 1666   6.12   701.3 225209. -0.26  4.40   0.00   0.00   0.00 0.00 0.00 0.00  0.42 718.5 918508.  5.65 697.3 190801.
18:49:00 0.71 306.21 182.65 -5.70 1666   5.54   679.1 202496.  1.01  1.51   0.00   0.00   0.00 0.00 0.00 0.00  0.47 706.2 841585.  5.64 674.9 172558.
18:49:40 0.71 306.21 182.64 -5.70 1666   6.10   678.4 204107. -1.30  3.64   0.00   0.00   0.00 0.00 0.00 0.00  0.43 715.7 875265.  6.08 676.5 218660.
18:50:21 0.71 306.21 182.64 -5.70 1666   5.75   668.8 209149.  0.78 -1.92   0.00   0.00   0.00 0.00 0.00 0.00  0.43 703.0 896055. -1.00  -1.0     -1.
18:51:01 0.71 306.21 182.63 -5.70 1666   5.89   673.0 168140.  1.24 -2.27   0.00   0.00   0.00 0.00 0.00 0.00  0.40 702.6 701459.  5.22 677.4 172298.
18:51:42 0.71 306.21 182.63 -5.70 1666   6.39   670.5 196467.  0.76 -2.25   0.00   0.00   0.00 0.00 0.00 0.00  0.51 704.0 896886.  5.69 670.4 178119.
18:52:22 0.71 306.22 182.62 -5.70 1666   5.45   659.7 156602. -0.04 -0.40   0.00   0.00   0.00 0.00 0.00 0.00  0.44 693.6 929111.  5.24 656.1 140801.
18:53:03 0.71 306.22 182.61 -5.70 1666   5.74   648.7 125826. -1.47 -1.75   0.00   0.00   0.00 0.00 0.00 0.00  0.39 683.6 651355.  5.54 652.5 146655.
18:53:43 0.71 306.22 182.61 -5.70 1666   5.78   655.3 160136. -2.65 -3.31   0.00   0.00   0.00 0.00 0.00 0.00  0.42 689.11000006.  5.68 653.0 135889.
18:54:24 0.71 306.22 182.60 -5.70 1666   6.06   649.2 130900. -3.18 -2.82   0.00   0.00   0.00 0.00 0.00 0.00  0.37 697.3 984413.  5.83 648.5 131900.
18:55:04 0.71 306.22 182.59 -5.70 1666   5.63   654.9 147766. -0.58 -1.25   0.00   0.00   0.00 0.00 0.00 0.00  0.37 694.4 781917.  5.33 654.2 139294.
18:55:45 0.71 306.22 182.59 -5.70 1666   5.95   647.5 130331. -1.73 -1.26   0.00   0.00   0.00 0.00 0.00 0.00  0.38 696.31013311.  5.65 649.1 139538.
18:56:25 0.71 306.22 182.58 -5.70 1666   5.72   653.5 159564. -1.74 -1.86   0.00   0.00   0.00 0.00 0.00 0.00  0.47 689.8 951357.  5.74 650.9 122379.
18:57:06 0.71 306.22 182.58 -5.70 1666   5.74   649.9 123383. -2.28 -2.73   0.00   0.00   0.00 0.00 0.00 0.00  0.41 701.5 931190.  5.52 650.8 150147.
18:57:46 0.71 306.22 182.57 -5.70 1666   5.91   651.1 150212. -2.84 -2.54   0.00   0.00   0.00 0.00 0.00 0.00  0.39 699.7 624536.  5.97 648.6 124140.
18:58:27 0.71 306.22 182.56 -5.70 1666   6.15   644.9 110067. -3.08 -1.92   0.00   0.00   0.00 0.00 0.00 0.00  0.47 697.1 877552.  5.64 646.1 142338.
18:59:07 0.71 306.22 182.56 -5.70 1666   5.64   651.0 132878. -2.27 -1.94   0.00   0.00   0.00 0.00 0.00 0.00  0.45 689.6 894392.  5.89 648.5 118897.
18:59:48 0.71 306.22 182.55 -5.70 1666   6.23   645.0 107716. -3.33 -1.33   0.00   0.00   0.00 0.00 0.00 0.00  0.38 693.4 845327.  5.68 648.7 130042.
19:00:28 0.71 306.22 182.55 -5.70 1666   5.76   649.8 142874. -5.02  0.00   0.00   0.00   0.00 0.00 0.00 0.00  0.43 687.3 783164.  5.75 649.4 121505.
19:01:09 0.71 306.22 182.54 -5.71 1666   5.67   652.3 140957. -6.55 -0.14   0.00   0.00   0.00 0.00 0.00 0.00  0.40 699.6 975473.  5.58 658.9 155718.
19:01:49 0.71 306.22 182.53 -5.71 1666   6.19   651.9 140177. -4.55 -0.05   0.00   0.00   0.00 0.00 0.00 0.00  0.36 694.4 595014.  5.99 649.3 112147.
19:02:30 0.71 306.22 182.53 -5.71 1666   6.71   648.1 113124. -4.23  0.36   0.00   0.00   0.00 0.00 0.00 0.00  0.34 698.3 995224.  6.16 650.3 135246.
19:03:10 0.71 306.22 182.52 -5.71 1666   5.81   649.9 136195. -3.75 -0.14   0.00   0.00   0.00 0.00 0.00 0.00  0.42 690.5 904163.  6.24 646.7 116473.
19:03:51 0.71 306.22 182.52 -5.71 1666   6.21   645.3 126700. -4.46  0.05   0.00   0.00   0.00 0.00 0.00 0.00  0.41 697.7 927240.  5.97 649.3 133745.
19:04:31 0.71 306.22 182.51 -5.71 1666   5.96   655.0 147870. -5.53 -2.21   0.00   0.00   0.00 0.00 0.00 0.00  0.34 699.8 575471.  5.83 653.0 131134.
19:05:12 0.71 306.22 182.51 -5.71 1666   5.93   659.0 178016. -6.67 -0.98   0.00   0.00   0.00 0.00 0.00 0.00  0.40 697.0 850732.  5.67 660.8 163047.
19:05:52 0.71 306.22 182.50 -5.71 1666   5.58   649.3 143696. -4.53 -1.05   0.00   0.00   0.00 0.00 0.00 0.00  0.44 687.7 876928.  6.10 648.0 121106.
19:06:33 0.71 306.22 182.49 -5.71 1666   6.46   646.3 126878. -4.64 -1.29   0.00   0.00   0.00 0.00 0.00 0.00  0.43 702.41041378.  5.98 651.3 160727.
19:07:13 0.71 306.22 182.49 -5.71 1666   6.01   653.0 137215. -5.51 -0.58   0.00   0.00   0.00 0.00 0.00 0.00  0.39 683.5 937219.  6.17 650.6 133833.
19:07:54 0.71 306.22 182.48 -5.71 1666   6.38   644.9 117688. -3.34 -1.30   0.00   0.00   0.00 0.00 0.00 0.00  0.39 700.7 898550.  5.93 647.9 139911.
19:08:34 0.71 306.22 182.48 -5.71 1666   5.88   650.0 140226. -2.34 -1.60   0.00   0.00   0.00 0.00 0.00 0.00  0.45 688.2 922458.  6.40 646.4 118679.
19:09:15 0.71 306.22 182.47 -5.71 1666   6.15   646.1 113384. -2.67 -1.85   0.00   0.00   0.00 0.00 0.00 0.00  0.42 702.0 949693.  5.84 648.2 148338.
19:09:55 0.71 306.22 182.46 -5.71 1666   5.76   650.6 142896. -3.12 -1.94   0.00   0.00   0.00 0.00 0.00 0.00  0.43 689.5 895223.  6.15 647.2 124880.
19:10:36 0.71 306.22 182.46 -5.71 1666   6.55   644.3 116831. -3.08 -1.40   0.00   0.00   0.00 0.00 0.00 0.00  0.41 707.4 901460.  5.74 643.8 100618.
19:11:16 0.71 306.22 182.45 -5.71 1666   6.31   652.8 149273. -1.67  0.02   0.00   0.00   0.00 0.00 0.00 0.00  0.45 692.2 919340.  6.67 650.3 117900.
19:11:57 0.71 306.22 182.45 -5.71 1666   6.00   647.6 125040. -1.38  0.48   0.00   0.00   0.00 0.00 0.00 0.00  0.42 702.1 865493.  5.88 650.0 148312.
19:12:37 0.71 306.22 182.44 -5.71 1666   5.94   654.6 138254. -0.54 -0.51   0.00   0.00   0.00 0.00 0.00 0.00  0.41 691.7 875473.  5.56 650.4 141841.
19:13:18 0.71 306.22 182.44 -5.71 1666   6.28   649.8 132673. -1.42  0.45   0.00   0.00   0.00 0.00 0.00 0.00  0.46 698.2 977552.  5.96 651.5 157833.
19:13:58 0.71 306.22 182.43 -5.71 1666   6.36   662.5 156706.  0.50 -0.66   0.00   0.00   0.00 0.00 0.00 0.00  0.44 684.1 997926.  5.92 658.2 139606.
19:14:39 0.71 306.22 182.42 -5.71 1666   6.38   649.6 127388. -1.45  0.71   0.00   0.00   0.00 0.00 0.00 0.00  0.41 696.2 963415.  6.09 649.3 138352.
19:15:19 0.71 306.22 182.42 -5.71 1666   6.13   650.7 145128. -1.66  0.03   0.00   0.00   0.00 0.00 0.00 0.00  0.42 685.7 953436.  6.00 649.8 125696.
19:16:00 0.71 306.22 182.41 -5.71 1666   6.48   652.5  91944. -1.99  0.06   0.00   0.00   0.00 0.00 0.00 0.00  0.42 701.1 980463.  6.03 650.4 124325.
19:16:40 0.71 306.22 182.40 -5.71 1666   6.22   659.5 158317. -0.50 -1.86   0.00   0.00   0.00 0.00 0.00 0.00  0.43 705.8 605825.  6.28 662.8 192984.
19:17:21 0.71 306.22 182.40 -5.71 1666   6.14   664.9 181134.  0.30  0.19   0.00   0.00   0.00 0.00 0.00 0.00  0.48 701.4 830150.  5.84 663.8 156654.
19:18:01 0.71 306.22 182.39 -5.71 1666   6.47   667.5 174793.  0.14 -2.29   0.00   0.00   0.00 0.00 0.00 0.00  0.42 715.8 976513.  6.32 667.2 212163.
19:18:42 0.71 306.22 182.39 -5.71 1666   6.05   674.4 184564.  1.45 -1.25   0.00   0.00   0.00 0.00 0.00 0.00  0.39 704.9 861127.  5.53 670.6 163566.
19:19:22 0.71 306.22 182.38 -5.71 1666   5.96   672.3 162475.  0.72 -1.51   0.00   0.00   0.00 0.00 0.00 0.00  0.47 703.8 688569.  6.06 670.6 192413.
19:20:03 0.71 306.22 182.37 -5.71 1666   6.77   661.9 189242. -0.76  1.15   0.00   0.00   0.00 0.00 0.00 0.00  0.48 706.9 908321.  6.19 662.4 175261.
19:20:43 0.71 306.22 182.37 -5.71 1666   6.23   666.4 170167.  0.34  0.34   0.00   0.00   0.00 0.00 0.00 0.00  0.37 710.3 431811.  6.42 663.3 197714.
19:21:24 0.71 306.22 182.36 -5.71 1666   6.24   677.1 213878.  0.09 -2.88   0.00   0.00   0.00 0.00 0.00 0.00  0.60 708.41034517.  6.05 675.2 193296.
19:22:04 0.71 306.22 182.36 -5.71 1666   5.69   669.6 156186. -0.06 -1.69   0.00   0.00   0.00 0.00 0.00 0.00  0.48 695.8 948654.  6.09 665.7 203379.
19:22:45 0.71 306.22 182.35 -5.71 1666   6.45   666.9 197870. -0.75 -3.05   0.00   0.00   0.00 0.00 0.00 0.00  0.53 706.9 940338.  6.15 666.1 171415.
19:23:25 0.71 306.22 182.34 -5.71 1666   6.28   669.2 172974.  0.07 -2.30   0.00   0.00   0.00 0.00 0.00 0.00  0.53 697.6 834100.  6.32 667.9 195011.
19:24:06 0.71 306.22 182.34 -5.71 1666   6.36   663.2 178068. -0.45 -1.76   0.00   0.00   0.00 0.00 0.00 0.00  0.49 705.4 879839.  5.94 661.8 167101.
19:24:46 0.71 306.22 182.33 -5.71 1666   6.33   667.7 167464. -0.10 -2.28   0.00   0.00   0.00 0.00 0.00 0.00  0.45 712.7 829111.  6.50 667.7 213307.
19:25:27 0.71 306.22 182.32 -5.71 1666   7.00   689.6 206862.  0.34 -3.80   0.00   0.00   0.00 0.00 0.00 0.00  0.54 709.6 866325.  7.25 686.1 227184.
19:26:07 0.71 306.22 182.32 -5.71 1666   6.31   685.5 224949.  0.69 -3.38   0.00   0.00   0.00 0.00 0.00 0.00  0.45 712.4 829319.  6.31 686.3 186955.
19:26:48 0.71 306.22 182.31 -5.71 1666   6.33   674.6 183473. -0.14 -3.71   0.00   0.00   0.00 0.00 0.00 0.00  0.44 704.41051773.  5.75 673.2 165645.
19:27:28 0.71 306.22 182.31 -5.71 1666   5.34   672.6 177964. -0.52 -3.79   0.00   0.00   0.00 0.00 0.00 0.00  0.46 702.1 657592.  5.92 671.9 245479.
19:28:09 0.71 306.22 182.30 -5.71 1666   6.39   687.9 192257.  1.62 -0.56   0.00   0.00   0.00 0.00 0.00 0.00  0.46 704.3 862375.  6.24 684.1 202340.
19:28:49 0.71 306.22 182.29 -5.71 1666   6.26   676.8 171778.  1.16 -1.44   0.00   0.00   0.00 0.00 0.00 0.00  0.42 713.0 851980.  6.01 679.5 170583.
19:29:30 0.71 306.22 182.29 -5.71 1666   6.87   681.3 216945.  0.11 -4.06   0.00   0.00   0.00 0.00 0.00 0.00  0.56 704.4 774848.  6.30 679.6 189346.
19:30:10 0.71 306.22 182.28 -5.71 1666   7.66   692.0 236592. -1.16 -5.65   0.00   0.00   0.00 0.00 0.00 0.00  0.47 720.3 923082.  6.63 691.1 200053.
19:30:51 0.71 306.22 182.28 -5.71 1666   5.68   708.9 147402. -1.51 -6.66   0.00   0.00   0.00 0.00 0.00 0.00  0.49 710.2 859464.  5.74 709.7 165022.
19:31:31 0.71 306.23 182.27 -5.71 1666   5.76   667.9 157849. -0.33  2.70   0.00   0.00   0.00 0.00 0.00 0.00  0.43 701.7 661126.  5.66 668.3 210292.
19:32:12 0.71 306.23 182.26 -5.71 1666   6.40   678.5 174741. -0.05  1.84   0.00   0.00   0.00 0.00 0.00 0.00  0.55 710.0 957594.  6.06 674.6 180146.
19:32:52 0.71 306.23 182.26 -5.71 1666   5.88   651.8 186065.  0.00 -0.87   0.00   0.00   0.00 0.00 0.00 0.00  0.50 695.7 910816.  6.44 655.6 194180.
19:33:33 0.71 306.23 182.25 -5.71 1666   6.49   657.6 190334. -2.92 -3.10   0.00   0.00   0.00 0.00 0.00 0.00  0.45 681.9 623496.  5.87 658.2 176820.
19:34:13 0.71 306.23 182.25 -5.71 1666   6.38   667.8 165853.  0.11 -0.25   0.00   0.00   0.00 0.00 0.00 0.00  0.49 688.4 854682.  7.02 665.2 170063.
19:34:54 0.71 306.23 182.24 -5.71 1666   7.15   653.4 171882. -2.72 -2.21   0.00   0.00   0.00 0.00 0.00 0.00  0.47 694.0 944288.  6.32 653.8 158940.
19:35:34 0.71 306.23 182.23 -5.71 1666   6.57   661.8 156914. -0.07 -1.26   0.00   0.00   0.00 0.00 0.00 0.00  0.46 694.1 896679.  6.26 662.4 183733.
19:36:15 0.71 306.23 182.23 -5.71 1666   6.07   665.2 185396. -0.18 -1.49   0.00   0.00   0.00 0.00 0.00 0.00  0.50 702.2 894392.  5.80 663.8 167464.
19:36:55 0.71 306.23 182.22 -5.71 1666   6.63   671.3 160292.  0.92 -1.26   0.00   0.00   0.00 0.00 0.00 0.00  0.50 714.5 901460.  6.37 669.1 186020.
19:37:36 0.71 306.23 182.22 -5.71 1666   6.53   669.2 173442. -0.83 -3.02   0.00   0.00   0.00 0.00 0.00 0.00  0.49 704.8 903124.  5.91 664.4 168348.
19:38:16 0.71 306.23 182.21 -5.71 1666   6.24   668.3 172558.  0.17 -2.34   0.00   0.00   0.00 0.00 0.00 0.00  0.47 697.6 786491.  6.10 670.5 197246.
19:38:57 0.71 306.23 182.20 -5.71 1666   6.47   668.0 186280. -0.14 -2.54   0.00   0.00   0.00 0.00 0.00 0.00  0.44 700.3 906034.  5.96 664.5 160916.
19:39:37 0.71 306.23 182.20 -5.71 1666   6.64   666.3 173650. -0.43 -3.01   0.00   0.00   0.00 0.00 0.00 0.00  0.45 688.5 865285.  5.90 668.2 192517.
19:40:18 0.71 306.23 182.19 -5.71 1666   6.69   662.9 180666. -1.34 -3.42   0.00   0.00   0.00 0.00 0.00 0.00  0.51 696.0 865909.  6.33 663.6 171155.
19:41:10 0.71 306.23 182.18 -5.71 1666   6.89   665.5 189606.  0.00  0.00   0.00   0.00   0.00 0.00 0.00 0.00  0.49 702.0 996887.  6.46 665.7 182018.
19:41:39 0.71 306.23 182.18 -5.71 1666   6.65   656.8 126560. -0.55 -2.19   0.00   0.00   0.00 0.00 0.00 0.00  0.40 694.1 870067.  6.25 658.7 150884.
19:42:19 0.71 306.23 182.17 -5.71 1666   6.15   658.4 156290. -0.97 -2.20   0.00   0.00   0.00 0.00 0.00 0.00  0.37 690.0 958633.  6.05 654.5 140905.
19:43:00 0.71 306.23 182.17 -5.71 1666   6.46   661.6 169699. -0.10 -1.63   0.00   0.00   0.00 0.00 0.00 0.00  0.45 700.4 976721.  6.19 661.3 161747.
19:43:40 0.71 306.23 182.16 -5.71 1666   5.88   660.0 171363. -1.31 -1.47   0.00   0.00   0.00 0.00 0.00 0.00  0.48 692.9 946991.  6.69 660.4 188514.
19:44:21 0.71 306.23 182.16 -5.71 1666   6.48   676.1 200625. -1.15 -4.46   0.00   0.00   0.00 0.00 0.00 0.00  0.53 702.2 941793.  6.07 674.2 187631.
19:45:01 0.71 306.23 182.15 -5.71 1666   6.68   659.3 164190. -1.81 -2.70   0.00   0.00   0.00 0.00 0.00 0.00  0.48 702.3 701459.  7.10 658.4 187735.
19:45:42 0.71 306.23 182.15 -5.71 1666   6.49   668.1 194388. -0.78 -3.77   0.00   0.00   0.00 0.00 0.00 0.00  0.47 705.1 888362.  6.14 669.3 175884.
19:46:22 0.71 306.23 182.14 -5.71 1666   6.55   658.5 178795. -1.80 -1.80   0.00   0.00   0.00 0.00 0.00 0.00  0.46 703.7 674432.  6.74 659.0 207537.
19:47:03 0.71 306.23 182.13 -5.71 1666   5.56   687.9 188670. -1.73 -4.87   0.00   0.00   0.00 0.00 0.00 0.00  0.56 706.6 887115.  5.95 690.0 202496.
19:47:43 0.71 306.23 182.13 -5.71 1666   7.41   709.6 244388. -4.77 -1.30   0.00   0.00   0.00 0.00 0.00 0.00  0.60 726.5 849277.  6.98 716.3 265386.
19:48:24 0.71 306.23 182.12 -5.71 1666   7.36   666.4 212215. -4.64  1.07   0.00   0.00   0.00 0.00 0.00 0.00  0.51 711.4 841169.  6.08 666.6 185344.
19:49:04 0.71 306.23 182.12 -5.71 1666   6.77   663.0 158525. -0.63 -1.42   0.00   0.00   0.00 0.00 0.00 0.00  0.45 703.9 691688.  6.80 663.4 180354.
19:49:45 0.71 306.23 182.11 -5.71 1666   7.45   670.7 196986. -1.04 -3.18   0.00   0.00   0.00 0.00 0.00 0.00  0.55 711.9 959881.  6.44 668.9 174377.
19:50:25 0.71 306.23 182.10 -5.71 1666   6.52   686.2 198234.  0.36 -3.73   0.00   0.00   0.00 0.00 0.00 0.00  0.54 721.5 932438.  6.27 686.3 190853.
20:24:22 0.71 306.24 181.80 -5.71 1666   7.24   712.4 204835.  1.15 -3.52   0.00   0.00   0.00 0.00 0.00 0.00  0.50 716.3 752395.  6.74 706.7 197454.
20:35:10 0.71 306.24 181.71 -5.71 1666   7.26   667.2 205978.  0.36 -1.16   5.55  -8.11   1.55 0.16 0.05 0.40  0.51 708.0 844080.  6.72 668.0 191945.
20:45:56 0.71 306.24 181.61 -5.71 1666   6.59   711.5 200157.  1.92 -1.33   0.64 -10.46   0.98 0.37 0.09 0.32  0.49 713.1 827447.  6.78 706.4 195011.
20:45:58 0.71 306.24 181.61 -5.71 1666   6.59   711.5 200053.  1.92 -1.33   0.00   0.00   0.00 0.00 0.00 0.00  0.49 713.0 820171.  6.77 706.4 194596.
20:56:44 0.71 306.25 181.51 -5.71 1666   7.85   684.8 164710.  1.90 -0.24   3.47  -9.52   0.22 0.15 0.05 0.20  0.49 703.6 889818.  6.59 678.7 182693.
20:56:46 0.71 306.25 181.51 -5.71 1666   7.85   684.8 164554.  1.90 -0.24   0.00   0.00   0.00 0.00 0.00 0.00  0.49 703.6 887531.  6.60 678.7 183005.
21:07:32 0.71 306.25 181.42 -5.71 1666   6.90   657.3 170219. -6.10 -3.28   8.10   3.58   3.85 0.42 0.81 0.72  0.48 684.6 978800.  6.90 661.0 203587.
21:18:20 0.71 306.25 181.32 -5.71 1666   7.63   659.5 179107. -5.88  2.51   7.52   4.21  -6.12 0.30 0.10 0.16  0.47 695.4 857801.  6.89 661.6 153535.
21:18:22 0.71 306.25 181.32 -5.71 1666   7.63   659.5 178691. -5.88  2.51   0.00   0.00   0.00 0.00 0.00 0.00  0.46 695.4 849901.  6.88 661.6 152911.
21:29:08 0.71 306.25 181.22 -5.72 1666   7.60   696.2 193868.  1.60 -2.66   3.69  -9.19   3.09 0.81 0.25 0.57  0.40 701.9 576303.  7.24 695.3 176976.
21:29:10 0.71 306.25 181.22 -5.72 1666   7.60   696.2 193556.  1.60 -2.66   0.00   0.00   0.00 0.00 0.00 0.00  0.40 701.9 574431.  7.22 695.3 176300.
21:39:56 0.71 306.26 181.13 -5.72 1666   7.28   643.5 139265. -4.08  1.84   9.18  -0.63  -3.33 0.09 0.15 0.41  0.49 691.8 899173.  7.20 646.6 165853.
21:39:58 0.71 306.26 181.13 -5.72 1666   7.28   643.5 139196. -4.08  1.84   0.00   0.00   0.00 0.00 0.00 0.00  0.49 691.8 896263.  7.19 646.6 165330.
21:50:44 0.71 306.26 181.03 -5.72 1666   7.01   648.2 166915. -0.40  1.65   8.46  -5.18  -3.79 0.25 0.45 0.19  0.53 683.4 896679.  6.48 647.3 148747.
21:50:46 0.71 306.26 181.03 -5.72 1666   7.01   648.2 166851. -0.40  1.65   0.00   0.00   0.00 0.00 0.00 0.00  0.53 683.4 895223.  6.47 647.4 148292.
22:01:32 0.71 306.26 180.93 -5.72 1666   7.65   679.6 153379. -1.55  5.34   5.17  -2.65  -9.13 0.10 0.25 0.05  0.47 699.1 735971.  6.66 676.5 161695.
22:01:34 0.71 306.26 180.93 -5.72 1666   7.65   679.6 153431. -1.55  5.34   5.14  -2.17  -9.28 0.09 0.71 0.22  0.47 699.1 734931.  6.65 676.5 161124.
22:12:20 0.71 306.27 180.84 -5.72 1666   7.41   667.4 146726. -2.37  5.44   2.96   2.67 -10.22 0.26 0.39 0.15  0.54 691.0 814557.  6.66 668.1 206290.
22:12:22 0.71 306.27 180.84 -5.72 1666   7.41   667.4 146674. -2.37  5.44   0.00   0.00   0.00 0.00 0.00 0.00  0.54 691.0 814765.  6.66 668.1 206082.
22:23:08 0.71 306.27 180.74 -5.72 1666   7.97   689.0 145791. -1.77  5.55   4.73  -2.60  -9.09 1.34 0.61 0.72  0.48 703.1 872354.  6.58 687.0 139294.
22:23:10 0.71 306.27 180.74 -5.72 1666  -1.00    -1.0     -1. -1.00 -1.00   5.48  -2.43  -8.74 1.52 0.55 0.76 -1.00  -1.0     -1. -1.00  -1.0     -1.
22:33:56 0.71 306.27 180.65 -5.72 1666   6.53   679.7 149013.  2.59 -1.28   4.37  -9.23   1.33 1.14 0.26 1.99  0.43 689.9 788570.  6.58 681.5 146934.
22:44:44 0.71 306.27 180.55 -5.72 1666   7.57   632.0 141587. -1.15  1.45   1.96 -10.67  -0.25 1.11 0.50 0.04  0.44 673.8 567986.  7.61 630.1 129834.
22:44:46 0.71 306.27 180.55 -5.72 1666  -1.00    -1.0     -1. -1.00 -1.00   1.19 -10.87  -0.07 1.41 0.50 0.24 -1.00  -1.0     -1. -1.00  -1.0     -1.
22:55:32 0.71 306.28 180.45 -5.72 1666   7.76   658.7 147506.  1.23  2.57   4.83 -10.01  -2.36 0.39 0.17 0.01  0.53 683.4 844703.  7.11 654.7 153951.
23:06:20 0.71 306.28 180.36 -5.72 1666   7.29   673.7 140697.  2.49  1.52   3.02 -10.48  -4.08 0.10 0.20 0.20  0.39 693.6 782333.  6.81 668.1 151820.
23:06:22 0.71 306.28 180.36 -5.72 1666  -1.00    -1.0     -1. -1.00 -1.00   3.16 -10.22  -4.58 0.21 0.41 0.73 -1.00  -1.0     -1. -1.00  -1.0     -1.
23:17:08 0.71 306.28 180.26 -5.72 1666   6.63   659.1 140749.  0.88 -2.79   3.85  -9.95   4.06 0.18 0.44 0.81  0.47 685.7 790233.  6.54 653.0 129393.
23:27:56 0.71 306.28 180.16 -5.72 1666   8.47   676.7 183005.  2.31 -2.61   4.12  -9.96   4.03 0.01 0.01 0.40  0.48 696.0 912895.  7.85 673.6 165282.
23:27:58 0.71 306.28 180.16 -5.72 1666  -1.00    -1.0     -1. -1.00 -1.00   4.21  -9.79   4.30 0.13 0.24 0.50 -1.00  -1.0     -1. -1.00  -1.0     -1.
23:38:44 0.71 306.29 180.07 -5.73 1666   8.25   652.6 173026. -3.06 -4.87   6.28  -6.50   6.46 0.30 0.35 0.21  0.48 674.0 866325.  7.75 655.4 160188.
23:46:01 0.71 306.24 179.95 -5.64 1666  -1.00    -1.0     -1. -1.00 -1.00   6.22  -7.72   4.29 0.74 1.29 0.48 -1.00  -1.0     -1. -1.00  -1.0     -1.
23:48:54 0.71 306.24 179.92 -5.64 1666  -1.00    -1.0     -1. -1.00 -1.00   5.89  -6.05   6.61 0.30 0.65 0.54 -1.00  -1.0     -1. -1.00  -1.0     -1.
23:49:32 0.71 306.29 179.97 -5.73 1666   8.01   648.7 154834.  1.38 -2.55   6.82  -4.88   6.66 0.49 0.60 0.35  0.48 683.3 750732.  8.87 645.6 170424.
23:57:54 0.71 306.29 179.90 -5.73 1666   8.01   648.7 154792.  1.38 -2.55   5.19  -9.89   1.65 0.24 0.09 0.56  0.48 683.3 750732.  8.90 645.6 171837.
