1978/338   rh    esh  clong  clat crot    np1     vp1     Tp1   vaz   vel     Bx     By     Bz  sBx  sBy  sBz   nal   val     Tal   np2   vp2     Tp2
hh:mm:ss [AU]  [deg]  [deg] [deg]    # [cm-3]  [km/s]     [K] [deg] [deg]   [nT]   [nT]   [nT] [nT] [nT] [nT][cm-3][km/s]     [K][cm-3][km/s]     [K]
 0:41:47 0.61 302.46  33.47  6.37 1675  13.20   388.2 131104. -7.75  0.23  11.62   0.03   0.54 0.00 0.00 0.00 -1.00  -1.0     -1. 11.89 391.2  98178.
 1:24:59 0.61 302.49  33.10  6.36 1675  11.91   389.8  94436. -7.90  2.27   0.00   0.00   0.00 0.00 0.00 0.00 -1.00  -1.0     -1. 11.40 390.4  86032.
 2:08:11 0.61 302.51  32.73  6.36 1675  12.89   409.5 101774. -1.08 -1.63   4.68  -9.98   5.06 0.00 0.00 0.00  0.59 435.1 330095. 12.87 409.3 133041.
 2:51:23 0.61 302.54  32.36  6.36 1675  13.52   391.7 105656. -0.95  2.08   0.00   0.00   0.00 0.00 0.00 0.00  0.56 408.8 259214. 13.37 392.6 115973.
 3:34:35 0.61 302.56  31.99  6.36 1675  10.55   404.2  55152.  1.67 -2.50   2.55 -11.77   5.79 0.00 0.00 0.00 -1.00  -1.0     -1. 10.39 403.1  66973.
 4:17:47 0.61 302.58  31.61  6.35 1675  10.79   407.4  67513.  1.41 -3.08   0.00   0.00   0.00 0.00 0.00 0.00  0.36 415.2 295090. 10.57 404.7  58869.
 5:00:59 0.61 302.61  31.24  6.35 1675  11.82   415.1  57079.  2.24 -0.94  -0.85 -13.73   3.37 0.00 0.00 0.00  0.36 416.3 253003. 10.55 413.7  50488.
 5:44:11 0.61 302.63  30.87  6.35 1675  10.97   371.6  70150. -4.39  1.99   0.00   0.00   0.00 0.00 0.00 0.00 -1.00  -1.0     -1. 10.25 373.8  54181.
 6:27:23 0.61 302.65  30.50  6.34 1675  11.13   382.8 112075. -7.91  0.40   8.96   2.09   1.06 0.00 0.00 0.00 -1.00  -1.0     -1. 10.03 386.5  98168.
 7:10:35 0.61 302.68  30.13  6.34 1675  11.79   385.4 104094. -5.64  4.58   0.00   0.00   0.00 0.00 0.00 0.00 -1.00  -1.0     -1. 12.17 389.0 113358.
 7:53:47 0.61 302.70  29.76  6.34 1675  10.17   392.0 176174.  0.00  0.00   7.97  -2.49  -2.25 0.00 0.00 0.00 -1.00  -1.0     -1. -1.00  -1.0     -1.
 8:36:59 0.61 302.72  29.39  6.33 1675  10.78   376.8 194151. -4.37  0.00   0.00   0.00   0.00 0.00 0.00 0.00 -1.00  -1.0     -1. 10.58 371.2 128077.
 9:20:11 0.62 302.75  29.02  6.33 1675  10.64   374.7 183444. -2.37 -0.23   8.12  -5.77   1.19 0.00 0.00 0.00 -1.00  -1.0     -1.  9.75 373.0 147197.
10:03:23 0.62 302.77  28.64  6.33 1675  12.04   391.7 130088.  0.00  5.34   0.00   0.00   0.00 0.00 0.00 0.00 -1.00  -1.0     -1. 11.34 392.8 118838.
10:46:35 0.62 302.79  28.27  6.32 1675  10.05   369.9 165616. -2.85  0.96   9.80  -2.27   2.45 0.00 0.00 0.00 -1.00  -1.0     -1.  9.34 371.4 149198.
11:29:47 0.62 302.82  27.90  6.32 1675   9.51   379.4 107712. -0.47 -2.30   0.00   0.00   0.00 0.00 0.00 0.00  0.28 407.5 190879.  8.90 378.7  93835.
11:43:08 0.62 302.78  27.74  6.25 1675  -1.00    -1.0     -1. -1.00 -1.00   7.07  -6.08   5.84 0.00 0.00 0.00 -1.00  -1.0     -1. -1.00  -1.0     -1.
12:12:59 0.62 302.84  27.53  6.32 1675  10.03   396.2  77424. -0.38 -4.66   2.84  -5.69   9.10 0.00 0.00 0.00  0.42 406.1 312437.  9.35 397.6  84859.
14:12:23 0.62 302.90  26.50  6.31 1675  -1.00    -1.0     -1. -1.00 -1.00   8.19  -5.34  -0.46 0.29 0.21 0.36 -1.00  -1.0     -1. -1.00  -1.0     -1.
14:13:04 0.62 302.90  26.49  6.31 1675  -1.00    -1.0     -1. -1.00 -1.00   8.11  -5.63  -0.55 0.29 0.29 0.39 -1.00  -1.0     -1. -1.00  -1.0     -1.
14:13:44 0.62 302.90  26.49  6.31 1675   9.91   360.1 159655. -2.06  1.09   8.21  -5.44  -0.93 0.21 0.41 0.32 -1.00  -1.0     -1.  8.91 353.6  85373.
14:14:25 0.62 302.90  26.48  6.31 1675  10.10   367.2 174241. -0.47 -0.63   8.35  -4.90  -0.86 0.18 0.24 0.26 -1.00  -1.0     -1.  8.94 353.8  62760.
14:14:35 0.62 302.90  26.48  6.31 1675  10.54   360.7 158512. -2.09 -0.05   8.29  -5.01  -0.83 0.19 0.30 0.24 -1.00  -1.0     -1.  9.56 363.9 198422.
14:14:45 0.62 302.90  26.48  6.31 1675   9.65   364.2 194881. -1.92  0.47   8.15  -5.28  -0.92 0.18 0.28 0.28 -1.00  -1.0     -1.  8.14 351.6  60847.
14:15:06 0.62 302.90  26.47  6.31 1675  10.13   361.8 154653. -1.75  0.96   8.11  -5.54  -0.97 0.16 0.25 0.23  2.02 324.8 153132.  8.48 355.8  80023.
14:15:47 0.62 302.90  26.47  6.31 1675  10.35   363.7 177863. -1.43  0.06   7.92  -5.70  -0.83 0.15 0.23 0.27 -1.00  -1.0     -1. 10.03 362.5 174608.
14:16:27 0.62 302.90  26.46  6.31 1675  10.33   365.2 160945. -0.94  0.57   7.57  -6.42  -0.96 0.19 0.23 0.23 -1.00  -1.0     -1. 10.07 363.2 135766.
14:17:08 0.62 302.90  26.46  6.31 1675  10.14   367.7 186705. -0.59  0.58   7.54  -6.49  -0.97 0.19 0.24 0.25 -1.00  -1.0     -1.  9.07 363.0 150810.
14:17:48 0.62 302.90  26.45  6.31 1675   9.40   364.5 168254. -1.03  0.52   7.81  -6.33  -0.98 0.18 0.24 0.28 -1.00  -1.0     -1.  8.27 355.7  77622.
14:18:29 0.62 302.91  26.44  6.31 1675   9.77   366.3 190386. -0.97  0.73   7.71  -6.35  -1.09 0.22 0.26 0.18 -1.00  -1.0     -1.  9.68 365.1 169917.
14:19:09 0.62 302.91  26.44  6.31 1675   9.75   365.6 150774. -0.51  0.67   7.62  -6.54  -1.12 0.27 0.33 0.37 -1.00  -1.0     -1.  8.88 356.6  76128.
14:19:50 0.62 302.91  26.43  6.31 1675  10.38   364.7 186517. -1.66  0.89   7.88  -6.27  -1.05 0.22 0.35 0.21 -1.00  -1.0     -1.  8.32 350.3  57131.
14:20:30 0.62 302.91  26.43  6.31 1675   9.65   362.8 158612. -1.23  0.64   7.67  -6.51  -0.75 0.23 0.19 0.25 -1.00  -1.0     -1.  8.54 356.7  77690.
14:21:11 0.62 302.91  26.42  6.31 1675  10.14   366.0 176612. -0.79  0.11   7.64  -6.42  -0.46 0.32 0.39 0.33 -1.00  -1.0     -1.  9.93 363.4 155150.
14:21:51 0.62 302.91  26.42  6.31 1675   9.74   362.3 157771. -1.80  1.04   8.06  -5.66  -1.25 0.19 0.19 0.22 -1.00  -1.0     -1.  9.79 370.0 204308.
14:22:32 0.62 302.91  26.41  6.31 1675   9.87   364.2 185403. -1.89  0.38   8.01  -5.52  -0.85 0.14 0.19 0.35 -1.00  -1.0     -1.  8.81 351.7  63381.
14:23:12 0.62 302.91  26.40  6.31 1675  10.63   362.0 167770. -1.51  0.70   8.12  -5.35  -0.63 0.18 0.26 0.27 -1.00  -1.0     -1.  9.31 363.1 134863.
14:23:53 0.62 302.91  26.40  6.31 1675  10.37   366.7 179630. -0.56  0.54   7.48  -6.60  -0.80 0.39 0.65 0.23 -1.00  -1.0     -1.  9.50 357.7  99299.
14:24:33 0.62 302.91  26.39  6.31 1675  10.29   360.5 150488. -1.58  0.50   8.06  -5.50  -0.95 0.22 0.48 0.31 -1.00  -1.0     -1.  9.21 356.9  81224.
14:25:14 0.62 302.91  26.39  6.31 1675  10.10   364.6 198182. -1.73  0.57   8.08  -5.45  -0.77 0.18 0.30 0.21 -1.00  -1.0     -1.  8.82 351.0  64518.
14:25:54 0.62 302.91  26.38  6.31 1675  10.31   359.9 155533. -1.58  0.84   8.08  -5.39  -0.89 0.13 0.21 0.27 -1.00  -1.0     -1.  8.61 355.6  79392.
14:26:35 0.62 302.91  26.38  6.31 1675   9.83   363.0 174195. -1.53  0.53   8.12  -5.15  -0.55 0.13 0.18 0.23 -1.00  -1.0     -1.  9.62 362.6 157995.
14:27:14 0.62 302.91  26.37  6.31 1675   9.98   362.2 167689. -1.98  0.10   8.12  -5.04  -0.50 0.19 0.25 0.25 -1.00  -1.0     -1. 10.13 367.2 201820.
14:27:55 0.62 302.91  26.36  6.31 1675  -1.00    -1.0     -1. -1.00 -1.00   8.44  -3.82   0.21 0.24 0.93 0.44 -1.00  -1.0     -1. -1.00  -1.0     -1.
14:28:35 0.62 302.91  26.36  6.31 1675   9.93   360.2 165473. -3.01 -0.37   8.55  -3.06   0.50 0.18 0.22 0.17 -1.00  -1.0     -1.  9.57 366.6 215431.
14:29:16 0.62 302.91  26.35  6.31 1675  10.13   364.5 194209. -3.28 -1.13   8.54  -3.73   0.22 0.23 0.68 0.41 -1.00  -1.0     -1.  9.55 356.5 104665.
14:29:57 0.62 302.91  26.35  6.31 1675   9.69   360.5 163001. -2.96 -1.11   8.69  -3.64   0.24 0.19 0.30 0.19 -1.00  -1.0     -1.  8.06 356.6  83865.
14:30:38 0.62 302.91  26.34  6.31 1675  10.42   364.1 182774. -1.77 -0.81   8.70  -3.58  -0.07 0.16 0.49 0.19 -1.00  -1.0     -1.  9.46 364.1 170067.
14:31:18 0.62 302.91  26.33  6.31 1675   9.74   361.3 162608. -2.83 -0.77   7.29  -6.69  -0.68 1.04 2.26 0.79 -1.00  -1.0     -1.  8.64 354.6  80279.
14:31:59 0.62 302.91  26.33  6.31 1675  10.25   364.4 186783. -1.99 -0.67   6.23  -8.72  -1.01 0.29 0.31 0.14 -1.00  -1.0     -1.  9.89 356.5  98136.
14:32:39 0.62 302.91  26.32  6.31 1675  10.00   373.3 127726.  1.05  0.58   0.00   0.00   0.00 0.00 0.00 0.00 -1.00  -1.0     -1.  9.44 365.1  70550.
14:33:20 0.62 302.91  26.32  6.31 1675  10.24   367.0  97262.  0.74  0.09   5.83  -9.40  -0.88 0.22 0.28 0.28 -1.00  -1.0     -1.  9.91 364.9  83242.
14:34:00 0.62 302.91  26.31  6.31 1675   9.57   364.4  78739.  0.27  0.35   5.65  -9.41  -0.84 0.25 0.25 0.24 -1.00  -1.0     -1.  9.03 363.4  70680.
14:34:41 0.62 302.91  26.31  6.31 1675   9.88   369.8 103652.  0.95  0.13   5.62  -9.36  -0.52 0.13 0.19 0.24  0.35 379.3 185344.  9.13 367.9  76517.
14:35:21 0.62 302.91  26.30  6.31 1675  10.04   368.1  81468.  0.38 -0.14   5.86  -9.10  -0.05 0.17 0.19 0.20 -1.00  -1.0     -1.  9.27 369.5  97727.
14:36:02 0.62 302.91  26.29  6.31 1675  10.55   368.7 102313.  0.88 -0.49   6.04  -8.80  -0.04 0.14 0.21 0.21 -1.00  -1.0     -1.  8.88 367.1  74822.
14:36:42 0.62 302.91  26.29  6.31 1675  10.73   370.7 114417.  0.57 -0.25   6.14  -8.88   0.22 0.15 0.15 0.32 -1.00  -1.0     -1.  9.54 367.6  97574.
14:37:23 0.62 302.92  26.28  6.31 1675  10.38   369.6  98808.  0.86 -0.75   5.88  -9.09   0.48 0.28 0.16 0.25 -1.00  -1.0     -1. 10.23 371.4 121752.
14:38:03 0.62 302.92  26.28  6.30 1675  10.08   374.6 112211.  0.75 -0.83   5.66  -9.27   0.34 0.16 0.15 0.49 -1.00  -1.0     -1.  9.04 371.1  90184.
14:38:44 0.62 302.92  26.27  6.30 1675  10.39   370.5 100134.  1.19 -0.33   5.77  -8.90   0.52 0.22 0.23 0.20 -1.00  -1.0     -1.  9.52 367.5  77222.
14:39:24 0.62 302.92  26.27  6.30 1675   9.87   374.2 123032.  0.32 -0.05   5.35  -9.23   0.61 0.37 0.32 0.27 -1.00  -1.0     -1.  9.74 369.8 109782.
14:40:05 0.62 302.92  26.26  6.30 1675   9.87   374.1 102385.  1.30 -0.55   4.94  -9.66   0.72 0.15 0.23 0.18 -1.00  -1.0     -1.  8.88 371.8  81803.
14:40:45 0.62 302.92  26.25  6.30 1675  10.04   375.0 112494.  0.59 -0.56   4.89  -9.66   0.99 0.16 0.16 0.22  0.31 395.8 156342.  9.25 373.1  86247.
14:41:26 0.62 302.92  26.25  6.30 1675   9.94   376.6  93292.  1.85 -1.09   5.27  -9.29   1.16 0.22 0.14 0.20  0.41 386.1 227639.  9.77 378.1 113209.
14:42:06 0.62 302.92  26.24  6.30 1675   9.90   375.6 102635.  0.84 -1.05   5.49  -9.16   1.02 0.21 0.19 0.20 -1.00  -1.0     -1.  9.25 374.9  91821.
14:42:47 0.62 302.92  26.24  6.30 1675  10.09   373.8 101134.  1.11 -1.39   5.23  -9.57   0.95 0.29 0.30 0.14  0.36 392.7 148091.  9.92 370.9  81920.
14:43:27 0.62 302.92  26.23  6.30 1675   9.55   370.8  77417.  0.53 -1.02   0.00   0.00   0.00 0.00 0.00 0.00 -1.00  -1.0     -1.  9.33 371.6  96434.
14:44:08 0.62 302.92  26.22  6.30 1675   9.90   375.6 103629.  1.52 -0.49   5.26  -9.35   0.87 0.22 0.33 0.17  0.33 391.3 142932.  9.17 371.2  80542.
14:44:48 0.62 302.92  26.22  6.30 1675   9.98   373.9 110782.  0.60 -0.59   5.45  -9.11   0.84 0.16 0.20 0.12 -1.00  -1.0     -1.  9.22 370.1  97759.
14:45:29 0.62 302.92  26.21  6.30 1675   9.53   372.3  97360.  0.98 -0.94   5.48  -9.13   0.78 0.15 0.18 0.14 -1.00  -1.0     -1.  9.13 368.6  82612.
14:46:09 0.62 302.92  26.21  6.30 1675   9.94   373.4 115245.  0.38 -1.05   5.54  -8.89   0.96 0.20 0.16 0.18 -1.00  -1.0     -1.  9.27 371.7 105653.
14:46:50 0.62 302.92  26.20  6.30 1675   9.47   372.4 108827.  0.86 -1.04   5.52  -8.80   1.09 0.19 0.20 0.19 -1.00  -1.0     -1.  9.20 368.8  81384.
14:47:30 0.62 302.92  26.20  6.30 1675  10.24   373.7 112234.  0.31 -1.34   5.71  -8.68   1.12 0.20 0.17 0.18 -1.00  -1.0     -1. 10.03 370.8 104311.
14:48:11 0.62 302.92  26.19  6.30 1675  10.16   369.3 105877.  0.58 -1.38   6.14  -8.40   0.55 0.23 0.26 0.29 -1.00  -1.0     -1.  8.75 369.0  79717.
14:48:51 0.62 302.92  26.18  6.30 1675  10.38   374.6 118442.  0.33 -1.39   6.16  -8.44   0.96 0.29 0.31 0.33  0.25 400.0 193179. 10.17 371.4 103480.
14:49:32 0.62 302.92  26.18  6.30 1675  10.06   373.2 139486.  0.65 -1.14   6.07  -8.71   0.86 0.18 0.17 0.19 -1.00  -1.0     -1.  8.98 366.7  75751.
14:50:12 0.62 302.92  26.17  6.30 1675  10.21   371.0 117588.  0.02 -1.09   6.05  -8.67   0.96 0.16 0.24 0.28 -1.00  -1.0     -1.  9.82 366.9 110675.
14:50:53 0.62 302.92  26.17  6.30 1675  10.28   367.6  99107.  0.51 -0.82   5.84  -8.83   1.15 0.21 0.28 0.18 -1.00  -1.0     -1.  9.62 365.3  83502.
14:51:33 0.62 302.92  26.16  6.30 1675  10.06   369.7 114274.  0.47 -0.82   5.95  -8.62   1.26 0.30 0.21 0.15 -1.00  -1.0     -1.  9.89 367.6 104526.
14:52:14 0.62 302.92  26.15  6.30 1675  10.31   369.1  98883.  0.95 -1.16   5.74  -8.57   1.46 0.17 0.20 0.20 -1.00  -1.0     -1. 10.32 369.0 117253.
14:52:54 0.62 302.92  26.15  6.30 1675   9.72   366.2 147902. -0.80 -0.12   7.51  -6.91  -0.10 0.26 0.40 0.41 -1.00  -1.0     -1.  8.91 357.2  77200.
14:53:35 0.62 302.92  26.14  6.30 1675  10.20   368.7 163264.  0.44 -0.52   7.20  -7.17   0.41 0.28 0.37 0.43 -1.00  -1.0     -1.  9.11 368.6 140655.
14:54:15 0.62 302.92  26.14  6.30 1675  10.72   371.8 147581. -0.17 -0.77   7.15  -7.16   0.58 0.24 0.34 0.21  0.07 444.8 196519.  9.93 368.2 118267.
14:54:56 0.62 302.92  26.13  6.30 1675  10.51   371.2 174640. -0.28 -0.66   6.93  -7.17   0.76 0.25 0.23 0.25 -1.00  -1.0     -1.  9.38 368.7 139944.
14:55:36 0.62 302.92  26.13  6.30 1675  10.21   371.9 137442.  0.26 -1.05   6.48  -7.63   1.47 0.17 0.17 0.26 -1.00  -1.0     -1.  9.68 367.4 112137.
14:56:17 0.62 302.93  26.12  6.30 1675  10.34   370.7 162228.  0.21 -1.22   6.64  -7.67   1.61 0.24 0.24 0.19 -1.00  -1.0     -1.  9.62 369.5 127135.
14:56:57 0.62 302.93  26.11  6.30 1675  10.71   370.5 132937.  0.02 -1.32   6.58  -7.76   1.78 0.22 0.27 0.19 -1.00  -1.0     -1. 10.24 366.9 114164.
14:57:38 0.62 302.93  26.11  6.30 1675   9.93   366.4 115408.  0.16 -0.93   6.38  -7.85   1.76 0.25 0.32 0.30 -1.00  -1.0     -1.  9.09 367.7 123779.
14:58:18 0.62 302.93  26.10  6.30 1675   9.64   369.5 138430. -0.02 -1.44   6.18  -8.12   2.28 0.44 0.17 0.61 -1.00  -1.0     -1.  9.07 360.1  74893.
14:58:59 0.62 302.93  26.10  6.30 1675  10.02   366.6 113904.  0.28 -1.44   7.02  -7.35   1.72 0.17 0.21 0.25 -1.00  -1.0     -1.  9.04 363.2  83882.
14:59:39 0.62 302.93  26.09  6.30 1675   9.48   369.7 132326. -0.10 -1.27   0.00   0.00   0.00 0.00 0.00 0.00 -1.00  -1.0     -1.  9.46 366.2 111422.
15:00:20 0.62 302.93  26.09  6.30 1675  10.05   368.7 103317.  0.69 -2.12   5.86  -8.13   2.67 0.50 0.33 0.66 -1.00  -1.0     -1. 10.84 372.0 120398.
15:01:00 0.62 302.93  26.08  6.30 1675  10.74   371.1  77115.  0.65 -2.61   5.36  -8.38   3.17 0.34 0.33 0.57  0.18 399.1 140944. 10.02 373.6  90963.
15:01:41 0.62 302.93  26.07  6.30 1675   9.25   368.6 120648.  0.37 -1.62   6.35  -7.95   1.87 0.55 0.42 0.78 -1.00  -1.0     -1.  7.99 365.9  87673.
15:02:21 0.62 302.93  26.07  6.30 1675  10.11   352.1 103333. -1.47  2.70   8.46  -5.33  -3.19 0.21 0.62 0.79 -1.00  -1.0     -1.  9.23 356.9 130081.
15:03:02 0.62 302.93  26.06  6.30 1675   9.72   357.6 115759. -1.49  1.81   8.64  -5.26  -2.98 0.16 0.18 0.12 -1.00  -1.0     -1.  9.17 350.6  57728.
15:03:42 0.62 302.93  26.06  6.30 1675  10.17   360.0 147577. -1.17  1.73   8.53  -5.46  -2.74 0.12 0.30 0.39 -1.00  -1.0     -1.  8.92 355.0  73984.
15:04:23 0.62 302.93  26.05  6.30 1675  10.07   361.8 169930. -1.57  1.55   8.57  -5.17  -2.51 0.14 0.19 0.22 -1.00  -1.0     -1.  8.79 351.3  53804.
15:05:03 0.62 302.93  26.04  6.30 1675  10.17   353.1  94758. -1.89  1.90   8.67  -5.23  -2.65 0.16 0.19 0.27 -1.00  -1.0     -1.  8.88 353.0  72389.
15:05:44 0.62 302.93  26.04  6.30 1675  10.20   357.0 119498. -1.98  1.75   8.54  -5.49  -2.73 0.23 0.41 0.35 -1.00  -1.0     -1.  8.67 350.5  53122.
15:06:24 0.62 302.93  26.03  6.30 1675  10.55   355.4  88062. -1.63  1.64   8.50  -5.80  -2.63 0.14 0.23 0.23 -1.00  -1.0     -1.  8.78 355.4  65197.
15:07:05 0.62 302.93  26.03  6.30 1675   9.30   353.9  70790. -0.96  1.24   8.48  -5.76  -2.55 0.15 0.24 0.20 -1.00  -1.0     -1.  8.52 350.9  49909.
15:07:45 0.62 302.93  26.02  6.30 1675   9.35   349.9  52696. -1.31  1.43   8.49  -5.67  -2.56 0.16 0.29 0.22  1.74 323.7 162592.  9.60 354.0  69195.
15:08:26 0.62 302.93  26.02  6.30 1675   9.09   353.0  69306. -1.42  1.75   8.54  -5.43  -2.62 0.18 0.16 0.22 -1.00  -1.0     -1.  8.99 351.5  54106.
15:09:06 0.62 302.93  26.01  6.30 1675   9.04   350.7  54311. -1.49  1.46   8.52  -5.35  -2.61 0.15 0.21 0.18 -1.00  -1.0     -1.  9.08 353.7  65544.
15:09:47 0.62 302.93  26.00  6.30 1675   9.39   354.3  68793. -1.43  1.13   8.59  -5.35  -2.61 0.12 0.10 0.06 -1.00  -1.0     -1.  8.83 351.0  51982.
15:10:27 0.62 302.93  26.00  6.30 1675   8.67   350.4  52956. -1.52  1.29   0.00   0.00   0.00 0.00 0.00 0.00 -1.00  -1.0     -1.  8.83 353.9  68400.
15:11:08 0.62 302.93  25.99  6.30 1675   9.47   354.2  66067. -1.12  1.29   8.48  -5.63  -2.46 0.17 0.27 0.26 -1.00  -1.0     -1.  8.85 352.1  54629.
15:11:48 0.62 302.93  25.99  6.30 1675   9.31   350.2  52784. -1.20  0.81   8.33  -5.88  -2.20 0.15 0.19 0.22 -1.00  -1.0     -1.  9.57 354.1  75225.
15:12:29 0.62 302.93  25.98  6.30 1675   9.22   353.5  69309. -1.06  1.09   8.36  -5.68  -2.19 0.22 0.27 0.32  1.14 337.7 125403.  9.35 350.2  57559.
15:13:08 0.62 302.93  25.98  6.30 1675   9.80   355.7  80416.  0.00  0.00   8.53  -5.44  -2.70 0.18 0.15 0.22 -1.00  -1.0     -1.  7.85 350.9  40167.
15:13:49 0.62 302.93  25.97  6.30 1675  -1.00    -1.0     -1. -1.00 -1.00   7.29  -7.39  -2.57 0.00 0.00 0.00 -1.00  -1.0     -1. -1.00  -1.0     -1.
15:48:32 0.62 302.95  25.67  6.30 1675  10.45   359.7 141548. -1.09  2.19   0.00   0.00   0.00 0.00 0.00 0.00 -1.00  -1.0     -1.  8.93 354.9  74724.
15:49:13 0.62 302.95  25.66  6.30 1675   9.55   358.8 123873. -0.89  1.64   7.33  -7.45  -2.65 0.15 0.19 0.19 -1.00  -1.0     -1.  8.78 351.5  58206.
15:49:53 0.62 302.95  25.66  6.30 1675  10.31   360.7 148087. -1.16  2.09   7.29  -7.43  -2.53 0.16 0.21 0.24 -1.00  -1.0     -1.  8.99 355.5  74094.
15:50:34 0.62 302.95  25.65  6.30 1675   9.68   360.6 128623. -0.65  1.97   7.28  -7.49  -2.48 0.13 0.22 0.18 -1.00  -1.0     -1.  9.00 352.1  60886.
15:51:15 0.62 302.95  25.65  6.30 1675  10.25   359.9 143468. -0.62  1.61   7.33  -7.39  -2.59 0.14 0.15 0.27 -1.00  -1.0     -1.  9.08 359.0 117006.
15:51:56 0.62 302.95  25.64  6.30 1675   9.50   358.6 125088. -0.54  2.21   7.41  -7.32  -2.46 0.22 0.20 0.28 -1.00  -1.0     -1.  9.00 350.5  61435.
15:52:36 0.62 302.95  25.63  6.30 1675  10.27   360.1 149309. -0.96  1.45   7.41  -7.50  -2.09 0.23 0.25 0.26 -1.00  -1.0     -1.  8.19 349.9  44767.
15:53:17 0.62 302.95  25.63  6.30 1675  10.70   359.5 121444. -0.33  2.07   7.61  -7.20  -2.50 0.14 0.16 0.26 -1.00  -1.0     -1.  9.95 361.5 144910.
15:53:57 0.62 302.95  25.62  6.30 1675  10.68   360.9 140977. -0.81  1.72   7.51  -7.29  -2.62 0.20 0.18 0.35 -1.00  -1.0     -1.  8.76 349.3  46047.
15:54:38 0.62 302.96  25.62  6.30 1675  10.49   359.2 117071. -0.38  1.61   7.69  -7.01  -2.96 0.17 0.28 0.28 -1.00  -1.0     -1.  9.06 351.3  60408.
15:55:18 0.62 302.96  25.61  6.30 1675  10.10   361.7 150326. -0.75  0.99   7.68  -7.05  -2.92 0.17 0.21 0.21 -1.00  -1.0     -1.  9.92 360.8 127249.
15:55:59 0.62 302.96  25.60  6.30 1675  10.26   359.5 122246. -0.95  1.57   7.69  -7.00  -2.91 0.13 0.22 0.26 -1.00  -1.0     -1.  9.12 350.7  62624.
15:56:39 0.62 302.96  25.60  6.30 1675  10.51   360.9 150069. -1.07  1.38   7.68  -6.98  -2.59 0.16 0.21 0.20  2.06 320.9 133356.  9.96 359.1 126687.
15:57:20 0.62 302.96  25.59  6.30 1675   9.77   359.9 127109. -0.83  1.33   7.59  -6.99  -2.61 0.14 0.22 0.19 -1.00  -1.0     -1.  8.70 351.8  61253.
15:58:00 0.62 302.96  25.59  6.30 1675  10.31   360.1 148883. -1.26  2.04   7.65  -7.08  -2.87 0.14 0.26 0.24 -1.00  -1.0     -1. 10.00 358.5 125413.
15:58:41 0.62 302.96  25.58  6.30 1675  10.30   359.6 122045. -0.78  1.63   7.64  -6.93  -2.97 0.14 0.21 0.20 -1.00  -1.0     -1.  9.05 351.8  57972.
15:59:21 0.62 302.96  25.57  6.30 1675  10.11   360.9 142490. -0.86  1.73   0.00   0.00   0.00 0.00 0.00 0.00 -1.00  -1.0     -1.  8.94 355.6  73776.
16:00:02 0.62 302.96  25.57  6.30 1675  10.18   360.1 123152. -0.89  1.89   7.58  -7.32  -3.03 0.20 0.21 0.20 -1.00  -1.0     -1.  9.06 351.8  60444.
16:00:42 0.62 302.96  25.56  6.30 1675  10.66   360.1 147145. -1.21  1.68   7.47  -7.30  -2.87 0.19 0.26 0.35 -1.00  -1.0     -1.  8.39 348.8  44215.
16:01:23 0.62 302.96  25.56  6.30 1675  10.04   360.6 129149. -0.64  1.92   7.48  -7.20  -2.78 0.18 0.23 0.27 -1.00  -1.0     -1.  9.89 362.2 160344.
16:02:03 0.62 302.96  25.55  6.30 1675  11.02   366.2 143345.  0.07 -0.15   7.12  -7.76  -1.37 0.24 0.25 0.84 -1.00  -1.0     -1. 10.48 364.7 112306.
16:02:44 0.62 302.96  25.55  6.30 1675  10.70   364.1 130867. -0.14  0.50   7.22  -7.57  -1.65 0.25 0.27 0.50 -1.00  -1.0     -1.  9.98 364.0 140090.
16:03:24 0.62 302.96  25.54  6.30 1675  10.51   363.1 162917. -0.67  1.28   7.29  -7.48  -2.15 0.19 0.27 0.34 -1.00  -1.0     -1.  9.45 361.4 139226.
16:04:05 0.62 302.96  25.53  6.30 1675  10.59   366.4 180185. -0.03  2.28   7.31  -7.46  -2.52 0.19 0.23 0.26 -1.00  -1.0     -1. 10.60 361.5 159974.
16:04:45 0.62 302.92  25.49  6.23 1675  -1.00    -1.0     -1. -1.00 -1.00   7.30  -7.38  -2.52 0.14 0.32 0.30 -1.00  -1.0     -1. -1.00  -1.0     -1.
16:05:20 0.62 302.96  25.52  6.30 1675  10.37   367.6 159555. -0.04  1.56   7.51  -7.09  -2.10 0.19 0.24 0.26 -1.00  -1.0     -1.  9.27 366.7 138332.
16:05:26 0.62 302.96  25.52  6.30 1675  10.35   366.7 192491. -0.73  0.96   7.55  -7.03  -2.08 0.19 0.25 0.26  0.13 433.9 228575. 10.28 360.6 159857.
16:06:06 0.62 302.96  25.52  6.30 1675  11.21   361.9 164002. -0.85  1.54   7.36  -7.22  -2.08 0.23 0.28 0.20 -1.00  -1.0     -1. 10.03 360.9 139518.
16:06:47 0.62 302.96  25.51  6.30 1675  10.32   367.1 183772. -0.27  1.44   7.33  -7.30  -2.09 0.16 0.33 0.26  3.10 312.3 130445. 10.18 362.4 166025.
16:07:27 0.62 302.96  25.51  6.30 1675  10.36   365.3 159808. -0.71  1.39   7.56  -7.16  -2.06 0.20 0.22 0.42 -1.00  -1.0     -1. 10.00 362.2 133875.
16:08:08 0.62 302.96  25.50  6.30 1675  10.05   361.8 135967. -0.51  2.21   7.66  -6.91  -2.65 0.21 0.32 0.41  0.09 443.4 181719. 10.34 364.3 171074.
16:08:48 0.62 302.96  25.49  6.30 1675  10.68   360.5 163199. -1.34  1.55   7.65  -6.80  -2.41 0.22 0.29 0.31 -1.00  -1.0     -1.  9.41 361.1 141717.
16:09:29 0.62 302.96  25.49  6.30 1675   9.74   363.0 142289. -0.16  2.09   7.45  -7.05  -2.54 0.19 0.32 0.43  3.15 309.5 129821. 10.25 365.3 173952.
16:10:09 0.62 302.96  25.48  6.30 1675  11.24   365.4 149877. -0.21  0.98   7.01  -7.91  -1.08 0.34 0.43 0.74 -1.00  -1.0     -1. 10.50 362.5 117951.
16:10:50 0.62 302.96  25.48  6.30 1675  10.42   362.8 131173. -0.09  0.16   7.25  -7.09  -1.85 0.26 0.45 0.60  0.20 410.9 223936. 10.68 363.8 155861.
16:11:30 0.62 302.96  25.47  6.30 1675  10.69   362.1 155111. -0.55  1.01   7.44  -6.27  -2.69 0.31 0.48 0.42 -1.00  -1.0     -1.  9.86 361.1 135652.
16:12:11 0.62 302.96  25.46  6.30 1675  10.42   363.3 145131.  0.11  0.81   7.57  -6.11  -2.82 0.35 0.60 0.53 -1.00  -1.0     -1.  9.86 363.9 165727.
16:12:51 0.62 302.96  25.46  6.30 1675  12.11   364.0 164798. -1.59  2.44   7.18  -7.02  -2.47 0.31 0.58 0.43  0.28 405.8 292894. 11.05 362.7 140980.
16:13:32 0.62 302.97  25.45  6.30 1675  11.15   358.7 149215. -2.88  2.72   7.19  -7.20  -2.36 0.30 0.49 0.33 -1.00  -1.0     -1. 10.92 359.9 160097.
16:14:12 0.62 302.97  25.45  6.30 1675  11.37   362.9 160870. -0.89  1.88   6.14  -7.26  -1.89 1.26 0.95 0.38 -1.00  -1.0     -1.  9.91 362.9 130084.
16:14:53 0.62 302.97  25.44  6.30 1675   9.98   364.0 150612.  0.00  0.00   0.00   0.00   0.00 0.00 0.00 0.00 -1.00  -1.0     -1.  9.97 362.2 153685.
16:16:08 0.62 302.97  25.43  6.30 1675  10.43   363.7 146889. -0.97  1.80   4.97  -6.16  -1.10 0.95 0.45 0.31  3.28 308.0 105861. 10.83 363.0 158219.
16:26:56 0.62 302.97  25.34  6.30 1675  11.91   370.1 143998. -1.87  1.82   7.37  -5.56  -0.97 0.15 0.05 0.20  0.06 450.3  77053. 10.83 369.0 136127.
16:37:44 0.62 302.98  25.25  6.30 1675  12.18   368.1 142075. -2.14  2.99   7.55  -4.87  -2.28 0.10 0.15 0.20 -1.00  -1.0     -1. 10.61 372.0 143598.
16:48:27 0.62 302.94  25.11  6.23 1675  -1.00    -1.0     -1. -1.00 -1.00   8.03  -4.38  -0.27 0.00 0.05 0.20 -1.00  -1.0     -1. -1.00  -1.0     -1.
16:59:20 0.62 302.99  25.06  6.29 1675  11.35   361.7 142529. -4.76  1.12   8.10  -3.74  -0.78 0.05 0.20 0.20 -1.00  -1.0     -1. 11.15 365.9 168007.
17:10:08 0.62 303.00  24.97  6.29 1675  11.68   375.3 134418. -3.52  2.45   6.92  -3.96  -3.29 0.17 0.25 0.36 -1.00  -1.0     -1. 11.52 374.8 131754.
17:20:56 0.62 303.00  24.88  6.29 1675  13.40   367.1 130305. -6.09  1.24   7.25  -2.65  -2.54 0.05 0.50 0.16 -1.00  -1.0     -1. 12.68 370.5 144501.
17:31:44 0.62 303.01  24.78  6.29 1675  12.51   364.7 148864. -4.32  2.38   8.10  -3.15  -2.88 0.00 0.01 0.20 -1.00  -1.0     -1. 11.47 365.6 138449.
17:42:32 0.62 303.01  24.69  6.29 1675  12.21   364.3 141714. -3.22  2.97   8.19  -3.26  -2.26 0.09 0.14 0.05 -1.00  -1.0     -1. 11.62 366.4 160838.
17:53:20 0.62 303.02  24.60  6.29 1675  11.69   371.3 139570. -1.59  2.65   7.54  -5.17  -2.71 0.20 0.10 0.20 -1.00  -1.0     -1. 11.81 368.0 130546.
18:04:08 0.62 303.02  24.50  6.29 1675  12.52   366.7 119699. -3.28  4.61   7.91  -4.13  -3.27 0.18 0.09 0.38 -1.00  -1.0     -1. 11.71 371.5 128145.
18:14:56 0.62 303.03  24.41  6.29 1675  14.24   374.8 122363. -2.86  2.44   6.96  -5.23  -1.92 0.10 0.15 0.20 -1.00  -1.0     -1. 13.67 374.2 109892.
18:25:44 0.62 303.03  24.32  6.29 1675  19.85   380.5  51868. -2.87  0.93   5.66  -3.41  -2.55 0.00 0.04 0.19  0.29 375.4 201755. 19.39 380.5  57624.
18:36:32 0.62 303.04  24.22  6.29 1675  21.43   384.1  45131. -3.61  1.60   5.88  -3.79  -2.33 0.00 0.00 0.00  0.42 382.9  78782. 20.68 384.9  47652.
18:47:20 0.62 303.05  24.13  6.29 1675  19.11   380.1  52976. -3.75  1.46   5.73  -4.14  -2.07 0.21 0.17 0.19  0.37 372.0 211410. 19.28 382.1  56052.
18:58:08 0.62 303.05  24.04  6.29 1675  21.58   381.9  43614. -3.76  1.10   5.75  -3.41  -1.83 0.05 0.00 0.20  0.35 376.4 159278. 19.51 381.1  46232.
19:08:56 0.62 303.06  23.94  6.28 1675  20.43   377.2  48912. -3.54  1.27   6.21  -3.59  -1.14 0.14 0.09 0.00  0.41 377.5  63579. 20.24 379.7  54561.
19:19:44 0.62 303.06  23.85  6.28 1675  21.56   378.0  39517. -3.78  1.16   5.83  -3.83  -1.16 0.20 0.10 0.01  0.37 372.2 135708. 19.84 378.0  42678.
19:30:32 0.62 303.07  23.76  6.28 1675  20.55   375.9  45641. -3.62  1.49   5.83  -4.23  -0.76 0.00 0.00 0.00  0.55 371.9 154198. 20.15 378.7  31354.
19:41:20 0.62 303.07  23.66  6.28 1675  21.38   374.9  45537. -3.81  1.68   5.54  -4.35  -0.37 0.00 0.00 0.00  0.53 368.9  92152. 19.62 376.3  39469.
19:52:08 0.62 303.08  23.57  6.28 1675  20.56   373.9  38858. -3.47  1.90   5.95  -4.26  -0.37 0.01 0.01 0.00  0.40 367.7 139450. 20.04 376.8  29619.
20:02:56 0.62 303.08  23.47  6.28 1675  20.46   373.8  30555. -3.54  2.54   5.67  -4.76  -0.67 0.00 0.00 0.00  0.36 368.7 112864. 20.68 375.0  38536.
20:13:44 0.62 303.09  23.38  6.28 1675  21.13   372.9  36048. -3.10  2.31   6.38  -3.15   0.08 0.00 0.00 0.19  0.41 363.7 126547. 20.45 373.3  37117.
20:24:32 0.62 303.10  23.29  6.28 1675  22.69   372.8  26069. -3.34  2.48   6.23  -3.20   0.35 0.15 0.05 0.00  0.37 362.9  51170. 22.08 373.6  30308.
20:35:20 0.62 303.10  23.20  6.28 1675  22.92   371.5  27992. -3.37  2.79   5.89  -3.77   0.72 0.00 0.05 0.19  0.30 366.8 110551. 20.06 371.2  26319.
21:08:47 0.62 303.12  22.91  6.28 1675  -1.00    -1.0     -1. -1.00 -1.00   4.66  -6.15  -2.05 0.20 0.05 0.18 -1.00  -1.0     -1. -1.00  -1.0     -1.
21:09:27 0.62 303.12  22.90  6.28 1675  -1.00    -1.0     -1. -1.00 -1.00   4.90  -5.67  -1.79 0.21 0.25 0.18 -1.00  -1.0     -1. -1.00  -1.0     -1.
21:10:08 0.62 303.12  22.90  6.28 1675  -1.00    -1.0     -1. -1.00 -1.00   4.89  -5.78  -1.85 0.15 0.27 0.17 -1.00  -1.0     -1. -1.00  -1.0     -1.
21:10:48 0.62 303.12  22.89  6.28 1675  22.28   363.2  23983. -5.34  1.45   5.00  -5.63  -1.68 0.23 0.23 0.35  0.40 352.8 149650. 20.58 365.6  24916.
21:10:58 0.62 303.12  22.89  6.28 1675  21.62   364.2  28223. -4.90  1.81   5.12  -5.50  -1.59 0.22 0.22 0.40  0.63 365.2  42529. 21.33 367.6  23538.
21:11:08 0.62 303.12  22.89  6.28 1675  21.02   364.0  24464. -5.09  1.84   5.24  -5.38  -1.31 0.16 0.20 0.35  0.32 358.5  86435. 20.82 366.8  28145.
21:11:18 0.62 303.12  22.89  6.28 1675  21.44   365.3  29454. -4.60  1.81   5.20  -5.38  -1.23 0.20 0.19 0.41  0.81 359.5  74948. 21.01 367.6  25263.
21:11:43 0.62 303.12  22.88  6.28 1675  21.90   364.4  23675. -4.82  2.56   5.10  -5.56  -0.75 0.23 0.28 0.25  0.19 361.2  83823. 21.27 366.8  28034.
21:12:24 0.62 303.12  22.88  6.27 1675  22.66   362.6  26332. -5.03  2.01   4.87  -6.04  -1.51 0.22 0.13 0.23  0.52 362.2  44218. 21.92 366.1  23418.
21:13:04 0.62 303.12  22.87  6.27 1675  21.76   364.8  23944. -4.86  2.49   5.05  -5.70  -1.14 0.19 0.26 0.16  0.38 352.9 143621. 21.01 366.5  27346.
21:13:45 0.62 303.12  22.87  6.27 1675  21.19   365.4  27456. -4.65  2.24   5.44  -5.42  -1.19 0.17 0.20 0.15  0.66 363.5  42022. 21.70 367.8  21755.
21:14:25 0.62 303.12  22.86  6.27 1675  22.29   367.8  27518. -4.16  2.05   5.71  -4.94  -1.04 0.21 0.25 0.28  0.29 362.9  76677. 19.93 368.6  27310.
21:15:06 0.62 303.12  22.86  6.27 1675  21.31   365.7  29863. -4.21  2.29   5.71  -5.09  -1.23 0.18 0.25 0.24  0.66 359.5  50286. 21.30 368.6  22713.
21:15:46 0.62 303.12  22.85  6.27 1675  21.41   366.7  22866. -3.86  2.31   5.93  -4.62  -1.44 0.26 0.36 0.38  0.28 361.8  98584. 20.69 367.9  26322.
21:16:27 0.62 303.12  22.84  6.27 1675  22.63   364.0  27641. -4.29  1.55   5.61  -4.90  -2.44 0.23 0.25 0.28  0.75 363.2  43854. 21.47 366.8  21927.
21:17:07 0.62 303.12  22.84  6.27 1675  22.39   365.3  22154. -4.25  1.54   5.44  -5.07  -2.56 0.38 0.52 0.94  0.41 356.8 134018. 21.59 366.7  26852.
21:17:48 0.62 303.12  22.83  6.27 1675  22.77   364.3  25179. -4.34  2.21   5.45  -5.08  -1.97 0.26 0.31 0.69  0.75 363.1  43672. 21.91 367.1  21141.
21:18:28 0.62 303.12  22.83  6.27 1675  21.87   365.1  21752. -4.33  1.78   5.32  -5.31  -1.85 0.14 0.17 0.38  0.42 356.0 148208. 20.70 367.1  23363.
21:19:09 0.62 303.12  22.82  6.27 1675  23.00   365.7  26049. -4.04  1.79   5.43  -5.22  -1.39 0.18 0.20 0.62  0.66 361.5  36500. 22.35 368.1  21657.
21:19:49 0.62 303.12  22.81  6.27 1675  21.74   364.6  22856. -4.46  2.25   5.41  -5.35  -1.69 0.23 0.12 0.26  0.22 361.3  84304. 21.28 367.4  25325.
21:20:30 0.62 303.12  22.81  6.27 1675  22.83   364.2  25406. -4.37  1.98   5.34  -5.32  -1.65 0.22 0.19 0.34  0.74 361.5  35252. 21.68 367.7  21836.
21:21:10 0.62 303.12  22.80  6.27 1675  22.09   364.9  21485. -4.19  2.28   5.57  -5.18  -1.53 0.19 0.16 0.24  0.32 357.0 136955. 20.93 366.5  24802.
21:21:51 0.62 303.12  22.80  6.27 1675  22.40   364.8  26754. -4.11  1.97   5.51  -5.18  -1.93 0.10 0.24 0.30  0.64 361.8  35824. 21.85 367.5  22648.
21:22:31 0.62 303.13  22.79  6.27 1675  21.66   365.4  21359. -4.11  2.05   5.57  -5.01  -1.66 0.19 0.21 0.19  0.32 360.6  70154. 21.21 366.7  25741.
21:23:12 0.62 303.13  22.79  6.27 1675  23.01   364.6  25598. -4.22  2.33   5.55  -5.15  -1.45 0.08 0.21 0.21  0.69 361.3  36201. 21.50 367.4  20738.
21:23:52 0.62 303.13  22.78  6.27 1675  21.14   365.0  21765. -4.24  2.27   5.70  -4.82  -1.08 0.15 0.17 0.23  0.26 352.6 160175. 21.43 366.3  25221.
21:24:33 0.62 303.13  22.77  6.27 1675  21.85   365.6  21307. -4.04  2.48   5.76  -4.75  -0.96 0.16 0.30 0.23  0.56 362.5  40658. 21.55 367.4  21102.
21:25:13 0.62 303.13  22.77  6.27 1675  20.91   365.1  21183. -4.03  2.40   5.69  -4.79  -1.10 0.14 0.16 0.12  0.24 359.7 100702. 21.50 366.7  24055.
21:25:54 0.62 303.13  22.76  6.27 1675  21.47   366.3  21196. -3.72  2.77   5.72  -4.77  -1.14 0.12 0.16 0.00  0.53 359.6  81237. 22.28 367.3  21255.
21:26:34 0.62 303.13  22.76  6.27 1675  22.18   365.0  21947. -4.04  2.47   5.75  -4.70  -0.82 0.07 0.05 0.16  0.26 352.2 128899. 21.96 367.2  24925.
21:27:15 0.62 303.13  22.75  6.27 1675  22.77   364.3  25250. -3.97  2.58   5.72  -4.71  -0.92 0.11 0.10 0.23  0.60 359.5  56172. 21.56 367.2  20891.
21:27:55 0.62 303.13  22.74  6.27 1675  21.77   364.6  20823. -3.88  2.59   5.75  -4.71  -1.17 0.08 0.06 0.11  0.28 354.8 133343. 21.54 366.5  22200.
21:28:36 0.62 303.13  22.74  6.27 1675  22.30   364.1  23642. -3.76  2.75   5.62  -4.79  -1.14 0.15 0.10 0.00  0.53 362.6  35967. 22.10 366.3  19877.
21:29:16 0.62 303.13  22.73  6.27 1675  20.69   364.6  21245. -3.86  2.59   5.84  -4.47  -0.26 0.13 0.23 0.30  0.13 361.6  92984. 21.41 367.2  24487.
21:29:57 0.62 303.13  22.73  6.27 1675  21.97   364.2  24808. -3.70  2.98   5.98  -4.31  -0.14 0.13 0.16 0.20  0.47 360.3  89385. 21.83 367.0  20563.
21:30:37 0.62 303.13  22.72  6.27 1675  20.49   364.7  21411. -3.80  2.92   5.89  -4.47  -0.52 0.17 0.21 0.46  0.20 352.9 186072. 21.17 367.6  20563.
21:31:18 0.62 303.13  22.72  6.27 1675  22.70   364.0  18555. -3.86  1.78   5.95  -4.78  -1.52 0.22 0.19 0.43  0.63 364.1  46739. 21.86 365.8  20163.
21:31:58 0.62 303.13  22.71  6.27 1675  21.56   365.0  20806. -3.60  2.29   6.16  -4.62  -1.12 0.04 0.11 0.09  0.29 360.2  69803. 21.72 366.1  23597.
21:32:39 0.62 303.13  22.70  6.27 1675  22.00   365.2  19673. -3.85  2.48   6.04  -4.82  -1.06 0.18 0.22 0.16  0.48 363.3  34707. 22.04 367.2  19770.
21:33:19 0.62 303.13  22.70  6.27 1675  20.47   364.8  19673. -3.90  2.43   5.95  -4.82  -1.04 0.20 0.19 0.17  0.23 361.7  81536. 20.66 367.2  19120.
21:34:00 0.62 303.13  22.69  6.27 1675  21.83   365.7  18019. -3.76  2.47   6.21  -4.69  -0.94 0.14 0.14 0.20  0.58 362.1  36383. 21.80 367.3  18581.
21:34:40 0.62 303.13  22.69  6.27 1675  21.13   365.5  19413. -3.79  2.41   5.89  -4.98  -0.94 0.12 0.20 0.20  0.26 355.3 164021. 20.74 367.7  19643.
21:35:21 0.62 303.13  22.68  6.27 1675  22.44   364.9  19140. -3.90  2.61   5.88  -4.88  -0.79 0.10 0.20 0.14  0.53 363.9  38839. 21.72 366.7  19783.
21:36:01 0.62 303.13  22.68  6.27 1675  20.48   364.6  19215. -4.07  2.69   6.01  -4.73  -0.87 0.19 0.19 0.19  0.27 351.6 171103. 20.74 366.7  18503.
21:36:42 0.62 303.13  22.67  6.27 1675  21.42   364.9  19280. -4.02  2.68   5.91  -4.94  -0.99 0.10 0.19 0.19  0.47 363.9  42685. 21.82 365.7  15749.
21:37:22 0.62 303.13  22.66  6.27 1675  20.13   364.7  19793. -3.87  2.66   5.85  -4.90  -1.03 0.14 0.21 0.17  0.21 359.2 116737. 20.98 367.2  18279.
21:38:03 0.62 303.13  22.66  6.27 1675  21.93   364.8  18851. -3.98  2.75   5.82  -5.12  -1.07 0.20 0.19 0.14  0.47 361.6  38501. 21.82 366.7  18653.
21:38:43 0.62 303.13  22.65  6.27 1675  21.01   364.6  19124. -3.97  2.72   5.93  -4.82  -1.06 0.18 0.19 0.15  0.20 360.4  79392. 21.02 367.0  18487.
21:39:24 0.62 303.13  22.65  6.27 1675  22.67   364.3  18441. -4.15  2.61   5.98  -5.08  -1.13 0.00 0.00 0.00  0.47 363.2  34914. 21.46 365.8  17097.
21:40:04 0.62 303.13  22.64  6.27 1675  21.01   364.0  19068. -4.13  2.66   5.88  -4.93  -0.93 0.12 0.21 0.20  0.20 354.1  40580. 21.16 366.5  17912.
21:40:45 0.62 303.13  22.63  6.27 1675  21.34   364.3  18779. -4.01  2.74   5.90  -5.00  -1.05 0.16 0.15 0.16  0.47 364.4  43672. 21.52 365.8  17785.
21:41:25 0.62 303.14  22.63  6.27 1675  20.40   363.4  19211. -4.31  2.57   5.84  -5.15  -1.11 0.19 0.10 0.09  0.28 359.0  68036. 20.71 366.0  17766.
21:42:06 0.62 303.14  22.62  6.27 1675  21.56   363.3  17948. -4.18  2.51   5.93  -5.08  -1.11 0.12 0.11 0.20  0.57 363.4  43581. 21.88 365.7  18338.
21:42:46 0.62 303.14  22.62  6.27 1675  20.71   363.3  18942. -4.11  2.48   5.78  -5.16  -1.15 0.20 0.12 0.09  0.27 346.7  93712. 21.22 365.7  17535.
21:43:27 0.62 303.14  22.61  6.27 1675  22.93   362.6  18026. -4.16  2.47   5.90  -5.04  -1.23 0.14 0.17 0.17  0.54 358.3  63176. 22.55 363.9  15333.
21:44:07 0.62 303.14  22.61  6.27 1675  21.55   362.4  19059. -4.08  2.40   5.80  -4.84  -1.15 0.15 0.19 0.24  0.30 355.1  39644. 21.52 364.8  17324.
21:44:48 0.62 303.14  22.60  6.27 1675  21.98   363.2  17269. -4.10  2.52   5.83  -4.94  -1.11 0.16 0.23 0.09  0.46 363.4  34460. 21.50 364.8  18126.
21:45:28 0.62 303.14  22.59  6.27 1675  21.03   363.4  18601. -4.13  2.50   5.79  -5.18  -1.11 0.20 0.10 0.08  0.20 352.3  35174. 21.11 365.4  17564.
21:46:09 0.62 303.14  22.59  6.27 1675  22.08   362.8  17681. -4.19  2.47   5.59  -5.28  -1.10 0.00 0.00 0.12  0.49 363.4  41424. 22.01 364.9  18744.
21:46:49 0.62 303.14  22.58  6.27 1675  20.76   362.1  18461. -4.33  2.50   5.60  -5.30  -1.14 0.04 0.07 0.00  0.35 355.2  68724. 21.48 365.0  17197.
21:47:30 0.62 303.14  22.58  6.27 1675  22.46   362.1  17298. -4.27  2.57   5.50  -5.31  -1.08 0.14 0.05 0.23  0.48 361.2  38852. 21.95 364.3  18373.
21:48:10 0.62 303.14  22.57  6.27 1675  21.16   361.2  19588. -4.33  2.66   5.65  -5.15  -0.90 0.11 0.24 0.20  0.34 348.6  74533. 22.39 363.3  19176.
21:48:51 0.62 303.14  22.56  6.27 1675  23.12   361.9  16934. -4.17  2.68   5.77  -5.14  -0.83 0.19 0.18 0.17  0.37 360.3  55809. 22.68 363.8  18169.
21:49:31 0.62 303.14  22.56  6.27 1675  20.10   361.3  18653. -4.11  2.73   5.76  -5.12  -0.87 0.18 0.21 0.19  0.34 346.6  67217. 22.23 363.1  19078.
21:50:12 0.62 303.14  22.55  6.27 1675  23.14   362.6  16427. -4.03  2.75   5.84  -5.08  -0.83 0.18 0.19 0.17  0.47 363.7  45387. 22.52 364.6  17805.
21:50:52 0.62 303.14  22.55  6.27 1675  21.14   361.9  18591. -4.08  2.58   5.80  -5.13  -1.03 0.20 0.15 0.17  0.31 358.3  72220. 21.58 364.4  16525.
21:51:33 0.62 303.14  22.54  6.27 1675  22.38   361.6  15969. -4.20  2.53   5.84  -5.13  -1.09 0.19 0.14 0.12  0.49 361.7  37526. 22.96 363.2  16103.
21:52:13 0.62 303.14  22.54  6.27 1675  20.82   361.6  18565. -4.07  2.40   5.81  -4.95  -1.13 0.20 0.20 0.00  0.34 353.9  35447. 22.18 363.9  16457.
21:52:54 0.62 303.14  22.53  6.27 1675  22.77   361.5  16746. -4.06  2.48   5.86  -4.99  -1.05 0.17 0.20 0.16  0.53 361.9  68257. 22.18 363.3  16340.
21:53:34 0.62 303.14  22.52  6.27 1675  21.43   361.2  18805. -4.05  2.50   5.75  -5.08  -0.99 0.20 0.19 0.19  0.31 352.3  31835. 21.97 363.7  16252.
21:54:15 0.62 303.14  22.52  6.27 1675  23.12   361.4  16177. -3.99  2.46   5.71  -5.19  -0.71 0.17 0.14 0.09  0.44 359.4  63839. 22.39 363.2  16642.
21:54:55 0.62 303.14  22.51  6.27 1675  21.17   361.2  18471. -4.11  2.55   5.67  -5.23  -0.69 0.15 0.07 0.14  0.34 349.8  36941. 21.97 363.7  16252.
21:55:36 0.62 303.14  22.51  6.27 1675  23.17   361.4  16668. -4.14  2.70   0.00   0.00   0.00 0.00 0.00 0.00  0.37 359.6  58368. 22.49 363.1  16275.
21:56:16 0.62 303.14  22.50  6.27 1675  20.39   361.0  17616. -4.21  2.74   5.60  -5.27  -0.76 0.00 0.00 0.09  0.26 351.6  45374. 21.92 363.8  16171.
21:56:57 0.62 303.14  22.49  6.27 1675  22.51   361.6  17022. -4.06  2.75   5.78  -5.11  -0.63 0.20 0.14 0.17  0.39 362.8  43023. 22.31 363.3  16528.
21:57:37 0.62 303.14  22.49  6.27 1675  21.36   361.8  18666. -4.15  2.58   5.76  -5.14  -0.71 0.18 0.18 0.09  0.31 357.3  65814. 21.60 364.3  16606.
21:58:18 0.62 303.14  22.48  6.27 1675  22.13   361.8  17480. -4.13  2.63   5.79  -4.98  -0.71 0.18 0.23 0.09  0.46 362.0  37565. 22.34 364.0  18532.
21:58:58 0.62 303.14  22.48  6.27 1675  21.00   362.0  17730. -4.06  2.58   5.88  -5.12  -0.65 0.18 0.08 0.16  0.29 347.3  59278. 21.66 364.2  16720.
21:59:39 0.62 303.14  22.47  6.27 1675  22.89   361.9  17123. -4.18  2.59   5.84  -5.03  -0.63 0.19 0.18 0.17  0.41 357.7  71141. 22.56 363.6  16197.
22:00:19 0.62 303.14  22.47  6.27 1675  20.95   361.2  19211. -4.08  2.62   5.51  -4.92  -0.45 0.03 0.11 0.19  0.31 347.4  57849. 21.98 363.7  16252.
22:01:00 0.62 303.15  22.46  6.27 1675  22.43   361.3  16804. -4.08  2.77   5.52  -5.01  -0.22 0.11 0.14 0.17  0.43 357.8  70609. 23.66 362.4  14426.
22:01:40 0.62 303.15  22.45  6.27 1675  20.96   361.3  18893. -4.07  2.60   5.61  -4.87  -0.18 0.17 0.20 0.19  0.28 356.1  75767. 22.79 363.1  19819.
22:02:21 0.62 303.15  22.45  6.27 1675  24.35   361.9  22385. -3.87  2.63   5.12  -5.47   0.53 0.08 0.05 0.20  0.53 361.4  38189. 23.15 364.1  19358.
22:03:01 0.62 303.15  22.44  6.27 1675  22.28   362.8  21095. -3.74  2.40   4.93  -5.44   0.53 0.25 0.18 0.40  0.28 353.1  41619. 22.66 363.9  23779.
22:03:42 0.62 303.15  22.44  6.27 1675  22.97   360.1  23431. -4.15  3.00   4.98  -5.49   0.19 0.22 0.18 0.32  0.36 358.0  74663. 21.50 363.3  20631.
22:04:22 0.62 303.15  22.43  6.27 1675  21.69   360.6  20274. -4.06  2.83   4.73  -5.84   0.31 0.15 0.25 0.12  0.23 352.2  46102. 22.63 362.4  20920.
22:05:03 0.62 303.15  22.42  6.27 1675  23.90   359.8  21381. -4.04  2.78   4.44  -6.06   0.22 0.19 0.19 0.12  0.28 357.6  77300. 21.99 360.7  18685.
22:05:43 0.62 303.15  22.42  6.27 1675  21.07   359.2  19124. -4.25  2.98   4.54  -6.00  -0.01 0.16 0.27 0.19  0.42 349.1  36643. 22.28 361.3  20423.
22:06:24 0.62 303.15  22.41  6.27 1675  23.52   358.0  21466. -4.32  3.09   0.00   0.00   0.00 0.00 0.00 0.00  0.29 352.3  94478. 21.57 359.4  18412.
22:07:04 0.62 303.15  22.41  6.27 1675  21.86   358.8  19877. -4.34  3.01   4.40  -6.19  -0.12 0.19 0.16 0.09  0.30 352.0  42503. 22.42 360.4  20521.
22:07:45 0.62 303.15  22.40  6.27 1675  22.85   357.7  21869. -4.38  2.99   4.23  -6.31  -0.30 0.13 0.04 0.19  0.20 355.7  81614. 21.78 359.8  19062.
22:08:25 0.62 303.15  22.39  6.27 1675  21.11   358.6  19890. -4.46  3.00   4.50  -6.18  -0.32 0.20 0.10 0.20  0.26 352.1  33264. 22.72 360.1  22219.
22:09:06 0.62 303.15  22.39  6.27 1675  23.35   357.6  21528. -4.35  2.97   4.70  -6.05  -0.37 0.05 0.10 0.20  0.33 351.7 174377. 21.86 360.0  19159.
22:09:46 0.62 303.15  22.38  6.27 1675  21.33   360.0  19403. -4.22  2.79   4.66  -5.81  -0.38 0.24 0.28 0.19  0.31 352.2  31809. 22.98 361.2  21316.
22:10:27 0.62 303.15  22.38  6.27 1675  23.36   359.1  21303. -3.99  3.03   4.81  -5.81  -0.41 0.29 0.24 0.22  0.30 357.8 123909. 21.56 360.6  19029.
22:11:07 0.62 303.15  22.37  6.27 1675  21.02   358.8  21069. -4.11  2.82   4.64  -6.09  -0.56 0.21 0.15 0.09  0.26 352.3  33264. 22.76 361.2  21021.
22:11:48 0.62 303.15  22.36  6.27 1675  23.51   359.5  21463. -4.03  3.01   4.72  -5.85  -0.50 0.20 0.20 0.12  0.24 358.0  90697. 21.37 361.2  19559.
22:12:28 0.62 303.15  22.36  6.27 1675  21.65   358.8  19624. -4.45  2.80   4.14  -6.39  -0.76 0.14 0.12 0.20  0.28 350.8  41996. 22.73 360.8  19764.
22:13:09 0.62 303.15  22.35  6.27 1675  23.28   357.5  21742. -4.61  2.99   4.51  -6.07  -0.66 0.61 0.52 0.23  0.33 356.1  76092. 20.63 359.3  17837.
22:13:49 0.62 303.15  22.35  6.27 1675  21.36   362.4  20891. -3.64  2.95   5.69  -4.67  -0.22 0.25 0.38 0.28  0.28 349.8  38982. 22.22 363.0  22548.
22:14:30 0.62 303.15  22.34  6.27 1675  22.84   360.8  21021. -3.68  3.10   6.01  -4.35   0.02 0.20 0.25 0.14  0.32 358.2  66087. 22.17 363.3  18753.
22:15:10 0.62 303.15  22.34  6.27 1675  20.69   361.4  19526. -3.72  3.08   5.98  -4.28   0.10 0.14 0.19 0.09  0.25 349.7  74663. 22.81 362.2  21066.
22:15:51 0.62 303.15  22.33  6.27 1675  22.39   361.3  16804. -3.88  2.84   5.71  -4.97  -0.30 0.16 0.28 0.20  0.31 362.7  39514. 22.09 362.5  18292.
22:16:31 0.62 303.15  22.32  6.27 1675  19.77   358.7  19595. -4.13  2.71   5.48  -5.64  -0.91 0.17 0.16 0.20  0.35 349.4  37591. 21.31 359.6  17340.
22:17:12 0.62 303.15  22.32  6.27 1675  23.03   357.6  20585. -4.08  2.72   5.35  -5.67  -0.72 0.10 0.18 0.12  0.38 351.0 157303. 21.20 359.5  19351.
22:17:52 0.62 303.15  22.31  6.27 1675  20.57   355.8  19120. -4.12  2.56   5.08  -6.03  -1.21 0.28 0.22 0.41  0.29 353.8  36617. 21.36 357.9  18701.
22:18:33 0.62 303.15  22.31  6.27 1675  22.20   355.5  21914. -3.96  2.56   5.07  -6.02  -1.03 0.15 0.14 0.28  0.31 343.2 131550. 20.52 356.8  17831.
22:19:13 0.62 303.15  22.30  6.27 1675  20.51   353.3  19985. -4.42  2.23   5.11  -5.98  -0.86 0.20 0.17 0.16  0.47 350.2  38449. 21.07 355.5  19500.
22:19:54 0.62 303.15  22.29  6.27 1675  21.82   354.1  19098. -4.12  2.30   5.23  -5.89  -0.81 0.14 0.12 0.17  0.40 347.3  71804. 20.50 356.8  17815.
22:20:34 0.62 303.15  22.29  6.27 1675  20.14   354.2  20046. -4.38  2.44   5.37  -5.82  -0.94 0.14 0.11 0.20  0.47 354.0  34109. 20.61 356.6  18471.
22:21:15 0.62 303.16  22.28  6.27 1675  21.06   354.6  18500. -4.15  2.68   5.18  -5.88  -0.56 0.11 0.13 0.17  0.41 348.6  66879. 20.64 357.2  18445.
22:21:55 0.62 303.16  22.28  6.27 1675  20.99   354.6  19094. -4.07  2.67   5.30  -5.80  -0.61 0.15 0.06 0.17  0.42 349.2  36630. 21.42 356.8  18812.
22:22:36 0.62 303.16  22.27  6.27 1675  21.35   353.7  19195. -4.02  2.43   5.28  -5.85  -0.83 0.15 0.10 0.10  0.41 347.3  83823. 20.95 356.4  18750.
22:23:16 0.62 303.16  22.27  6.27 1675  19.02   353.2  19962. -4.09  2.58   5.15  -5.96  -0.55 0.04 0.17 0.09  0.49 351.0  40151. 20.40 355.5  18146.
22:23:57 0.62 303.16  22.26  6.27 1675  21.33   352.7  18656. -4.25  2.70   5.07  -6.20  -0.53 0.12 0.26 0.00  0.36 343.1  71102. 19.97 355.3  19042.
22:24:37 0.62 303.16  22.25  6.27 1675  20.47   352.6  19312. -4.31  2.61   5.04  -6.07  -0.67 0.20 0.18 0.19  0.48 349.4  35070. 20.60 355.0  17659.
22:25:18 0.62 303.16  22.25  6.27 1675  21.36   353.8  19780. -4.08  2.50   5.38  -5.77  -0.70 0.11 0.04 0.14  0.52 347.7  57342. 21.33 356.8  19513.
22:25:58 0.62 303.16  22.24  6.27 1675  20.59   354.0  19897. -4.18  2.58   5.41  -5.64  -0.73 0.04 0.18 0.14  0.41 349.0  60109. 20.65 355.3  19445.
22:26:39 0.62 303.16  22.24  6.27 1675  22.21   353.4  19156. -4.11  2.51   5.43  -5.71  -0.78 0.03 0.12 0.14  0.37 347.3  67113. 20.35 356.1  19627.
22:27:19 0.62 303.16  22.23  6.27 1675  20.61   354.0  19832. -4.21  2.53   5.43  -5.64  -0.79 0.18 0.16 0.17  0.42 352.1  38735. 20.81 355.9  18224.
22:28:00 0.62 303.16  22.23  6.27 1675  22.17   353.5  19341. -4.10  2.59   5.64  -5.53  -0.77 0.18 0.19 0.14  0.36 340.4  45011. 20.90 356.1  18549.
22:28:40 0.62 303.16  22.22  6.27 1675  20.30   354.4  20027. -4.12  2.51   5.50  -5.62  -1.44 0.23 0.21 0.18  0.55 352.8  40931. 20.92 356.2  18640.
22:29:21 0.62 303.16  22.21  6.27 1675  22.79   354.9  22960. -4.07  2.36   4.28  -6.41   0.28 0.24 0.22 0.49  0.39 348.4  98792. 20.76 356.5  19211.
22:30:01 0.62 303.16  22.21  6.27 1675  20.79   353.8  20079. -4.28  2.29   4.91  -6.01   0.11 0.31 0.19 0.26  0.57 351.7  41476. 21.13 355.6  19741.
22:30:42 0.62 303.16  22.20  6.27 1675  21.58   349.9  18994. -4.55  3.46   5.10  -5.90  -0.16 0.13 0.11 0.17  0.28 339.9  30549. 21.51 351.8  21381.
22:31:22 0.62 303.16  22.20  6.27 1675  19.66   352.8  19400. -4.30  2.86   5.17  -5.83  -0.49 0.12 0.07 0.17  0.42 346.5  59447. 20.94 354.6  19315.
22:32:03 0.62 303.16  22.19  6.27 1675  21.81   352.7  19484. -4.23  2.72   5.22  -5.79  -0.53 0.15 0.13 0.15  0.36 344.6  76703. 20.52 355.6  19267.
22:32:43 0.62 303.16  22.18  6.27 1675  20.95   353.4  19218. -4.22  2.66   4.96  -5.95  -0.56 0.20 0.10 0.11  0.41 349.4  36123. 20.85 354.9  20433.
22:33:24 0.62 303.16  22.18  6.27 1675  20.71   353.1  19419. -4.18  2.66   4.83  -6.26  -0.53 0.10 0.20 0.00  0.42 347.0  66048. 20.53 355.9  19539.
22:34:04 0.62 303.16  22.17  6.27 1675  20.14   352.0  19065. -4.39  2.72   4.70  -6.20  -0.39 0.18 0.18 0.19  0.36 349.5  36604. 20.58 353.7  19322.
22:34:45 0.62 303.16  22.17  6.27 1675  21.37   351.7  19591. -4.42  2.67   4.73  -6.12  -0.63 0.21 0.17 0.17  0.43 345.4  53210. 21.23 353.5  21057.
22:35:25 0.62 303.16  22.16  6.27 1675  19.99   351.9  19468. -4.46  2.63   4.77  -6.04  -0.57 0.12 0.06 0.22  0.41 346.4  70959. 20.80 353.4  18692.
22:36:05 0.62 303.16  22.16  6.27 1675  20.67   354.3  19517.  0.00  0.00   4.82  -6.07  -0.75 0.15 0.15 0.20  0.64 348.1  77079. 20.92 354.6  18260.
22:36:45 0.62 303.16  22.15  6.27 1675  -1.00    -1.0     -1. -1.00 -1.00   3.25  -5.56  -0.05 0.09 0.19 0.19 -1.00  -1.0     -1. -1.00  -1.0     -1.
23:11:29 0.62 303.18  21.85  6.27 1675  21.12   340.8  25793. -3.82  2.65   0.00   0.00   0.00 0.00 0.00 0.00  0.75 332.9  65333. 20.44 343.5  25695.
23:12:09 0.62 303.18  21.85  6.27 1675  20.16   340.2  24919. -4.14  3.15   3.65  -6.13   0.24 0.33 0.46 0.25  0.29 332.6  73623. 19.62 341.6  23064.
23:12:50 0.62 303.18  21.84  6.27 1675  18.83   342.5  20326. -4.12  3.09   4.18  -6.31  -0.01 0.18 0.08 0.27  0.42 338.6  40333. 17.87 343.4  19712.
23:13:30 0.62 303.18  21.83  6.27 1675  18.86   341.9  23665. -4.12  3.30   4.17  -6.30  -0.07 0.15 0.06 0.12  0.27 331.7  81056. 18.23 343.8  18188.
23:14:12 0.62 303.18  21.83  6.27 1675  19.63   342.3  18367. -4.32  3.61   4.04  -6.29   0.24 0.15 0.13 0.33  0.50 340.0  26975. 19.52 344.6  17555.
23:14:52 0.62 303.18  21.82  6.27 1675  18.99   341.4  18367. -4.25  3.49   4.14  -6.30   0.01 0.17 0.08 0.37  0.22 335.2  68192. 19.51 344.8  19218.
23:15:33 0.62 303.18  21.82  6.27 1675  19.82   341.7  17850. -4.39  3.63   4.11  -6.28   0.41 0.12 0.08 0.22  0.38 337.9  33056. 19.22 343.4  18347.
23:16:13 0.62 303.18  21.81  6.27 1675  19.54   342.3  21225. -4.34  3.42   3.97  -6.36   0.18 0.17 0.14 0.27  0.30 333.5  82459. 19.41 344.1  18633.
23:16:54 0.62 303.18  21.80  6.27 1675  19.40   341.6  19221. -4.28  3.39   4.00  -6.31   0.01 0.16 0.19 0.20  0.47 335.8  73883. 18.71 343.5  19812.
23:17:34 0.62 303.18  21.80  6.27 1675  19.16   340.1  19517. -4.50  3.70   4.10  -6.83   0.61 0.22 0.18 0.23  0.24 331.3  61058. 19.38 342.4  22418.
23:18:15 0.62 303.18  21.79  6.27 1675  18.17   341.9  19569. -4.21  3.27   4.04  -7.05   0.80 0.19 0.14 0.16  0.50 336.1  55627. 18.09 343.1  20767.
23:18:55 0.62 303.18  21.79  6.27 1675  17.17   340.9  25760. -3.79  3.13   4.11  -7.05   0.71 0.16 0.15 0.19  0.29 335.7  68309. 17.72 341.5  23291.
23:19:36 0.62 303.18  21.78  6.27 1675  18.24   339.5  23714. -3.96  3.06   4.28  -7.09   0.76 0.19 0.07 0.17  0.44 334.3  82771. 16.59 341.0  21264.
23:20:16 0.62 303.19  21.78  6.27 1675  16.07   340.2  27359. -3.56  3.00   4.20  -7.02   0.80 0.17 0.17 0.26  0.27 329.9  37929. 16.98 341.0  23941.
23:20:57 0.62 303.19  21.77  6.27 1675  17.10   339.4  23402. -3.70  2.83   4.07  -7.08   0.48 0.17 0.13 0.18  0.64 332.4  92191. 16.03 341.8  20345.
23:21:37 0.62 303.19  21.76  6.27 1675  17.14   341.1  26608. -3.63  2.66   4.17  -7.12   0.51 0.17 0.10 0.13  0.30 331.5  87111. 17.04 342.3  24087.
23:22:17 0.62 303.19  21.76  6.27 1675  17.80   340.1  23701. -3.73  2.35   4.51  -7.35   0.11 0.15 0.18 0.25  0.64 334.7  75533. 16.33 341.8  21303.
23:22:57 0.62 303.19  21.75  6.27 1675  15.67   340.5  29025. -3.60  2.34   0.00   0.00   0.00 0.00 0.00 0.00  0.43 329.7  70128. 15.85 340.3  25335.
23:24:18 0.62 303.19  21.74  6.26 1675  -1.00    -1.0     -1. -1.00 -1.00   3.92  -7.27  -0.12 0.13 0.09 0.20 -1.00  -1.0     -1. -1.00  -1.0     -1.
23:24:38 0.62 303.19  21.73  6.26 1675  -1.00    -1.0     -1. -1.00 -1.00   4.03  -7.33  -0.14 0.25 0.18 0.21 -1.00  -1.0     -1. -1.00  -1.0     -1.
23:24:50 0.62 303.19  21.73  6.26 1675  15.47   337.6  26309. -3.51  2.51   3.98  -7.36  -0.16 0.28 0.18 0.20  0.54 330.9 110526. 15.37 337.8  21352.
23:25:30 0.62 303.19  21.73  6.26 1675  16.86   341.5  28294. -3.70  2.69   3.60  -7.46  -0.70 0.17 0.09 0.09  0.30 329.5  40307. 17.09 341.9  25010.
23:25:40 0.62 303.19  21.73  6.26 1675  17.19   341.3  26774. -3.47  2.86   3.68  -7.42  -0.70 0.09 0.04 0.09  0.40 332.5  94803. 15.85 344.3  26426.
23:25:50 0.62 303.19  21.73  6.26 1675  17.32   342.4  28141. -3.96  2.84   3.69  -7.44  -0.72 0.09 0.10 0.00  0.35 332.7  99299. 16.92 343.2  24510.
23:26:21 0.62 303.19  21.72  6.26 1675  17.34   340.7  26865. -3.88  2.93   3.68  -7.42  -0.92 0.10 0.13 0.20  0.36 336.3  65294. 15.73 343.3  25913.
23:27:01 0.62 303.19  21.72  6.26 1675  16.89   342.4  27784. -4.27  2.80   3.69  -7.42  -1.08 0.36 0.19 0.25  0.31 331.2  92373. 17.09 343.5  23961.
23:27:42 0.62 303.19  21.71  6.26 1675  17.39   340.4  25523. -4.25  2.84   3.88  -7.41  -0.80 0.20 0.16 0.16  0.28 335.2  60187. 16.25 343.3  27043.
23:28:22 0.62 303.19  21.71  6.26 1675  15.65   340.6  29710. -3.57  3.04   3.94  -6.89  -3.11 0.00 0.00 0.00  0.32 327.1 102456. 15.58 340.6  25117.
23:29:03 0.62 303.19  21.70  6.26 1675  15.30   336.9  28671. -3.31  2.73   0.00   0.00   0.00 0.00 0.00 0.00  0.37 329.7 159304. 14.16 337.8  22651.
23:29:43 0.62 303.19  21.69  6.26 1675  16.28   341.8  30263. -3.67  2.85   0.00   0.00   0.00 0.00 0.00 0.00  0.37 336.3  77872. 16.47 341.7  29723.
23:30:24 0.62 303.19  21.69  6.26 1675  18.29   342.2  31445. -4.15  2.81   0.00   0.00   0.00 0.00 0.00 0.00  0.29 333.0  82914. 17.19 345.9  30240.
23:31:04 0.62 303.19  21.68  6.26 1675  18.04   342.0  36704. -3.28  2.63   0.00   0.00   0.00 0.00 0.00 0.00  0.30 331.5  85084. 17.88 342.7  35392.
23:31:45 0.62 303.19  21.68  6.26 1675  17.18   339.0  28684. -3.96  3.28   0.00   0.00   0.00 0.00 0.00 0.00  0.30 326.2  95544. 16.58 342.4  29915.
23:32:25 0.62 303.19  21.67  6.26 1675  17.58   329.8  25377. -4.62  4.42   0.00   0.00   0.00 0.00 0.00 0.00  0.33 321.3  89047. 16.91 333.9  27365.
23:34:27 0.62 303.19  21.65  6.26 1675  15.74   334.2  33732.  0.05  2.61   0.00   0.00   0.00 0.00 0.00 0.00  0.35 325.3 104496. 15.10 333.6  27313.
23:35:07 0.62 303.19  21.65  6.26 1675  15.44   329.5  29977. -1.89  2.64   0.00   0.00   0.00 0.00 0.00 0.00  0.30 332.5  35148. 14.69 332.2  31224.
23:35:48 0.62 303.19  21.64  6.26 1675  15.14   331.6  31832. -2.27  3.06   0.00   0.00   0.00 0.00 0.00 0.00  0.35 325.0 108667. 14.93 331.1  28327.
23:36:28 0.62 303.19  21.64  6.26 1675  16.34   329.6  31036. -2.00  2.56   0.00   0.00   0.00 0.00 0.00 0.00  0.37 326.2  37045. 15.46 331.9  32832.
23:37:09 0.62 303.19  21.63  6.26 1675  16.52   332.8  37620. -1.87  2.48   0.00   0.00   0.00 0.00 0.00 0.00  0.37 319.1  85824. 16.37 331.0  33969.
23:37:49 0.62 303.19  21.62  6.26 1675  16.28   331.7  42162. -1.96  3.00   0.00   0.00   0.00 0.00 0.00 0.00  0.38 328.7  81341. 15.64 333.6  35272.
23:38:30 0.62 303.19  21.62  6.26 1675  15.73   331.5  32634. -1.92  2.57   0.00   0.00   0.00 0.00 0.00 0.00  0.34 319.1  79262. 15.30 330.9  31007.
23:39:10 0.62 303.20  21.61  6.26 1675  15.25   330.1  29285. -2.10  2.81   3.68  -7.55  -2.40 0.20 0.36 0.34  0.61 320.5 103977. 14.77 332.6  26969.
23:39:51 0.62 303.20  21.61  6.26 1675  14.53   332.4  28408. -2.78  2.61   3.50  -8.08  -1.98 0.19 0.15 0.26  0.28 325.1  74728. 14.05 332.3  25286.
23:40:31 0.62 303.20  21.60  6.26 1675  14.63   331.7  25344. -2.75  2.29   3.45  -8.16  -1.90 0.17 0.20 0.09  0.34 326.8  46102. 14.37 334.4  26069.
23:41:12 0.62 303.20  21.59  6.26 1675  15.03   331.1  30435. -2.16  2.19   3.06  -7.81  -1.12 0.09 0.23 0.90  0.38 323.4  71375. 15.01 330.9  27131.
23:41:52 0.62 303.20  21.59  6.26 1675  15.97   337.8  30175. -3.71  3.69   2.86  -7.50  -0.12 0.05 0.20 0.27  0.41 333.3  78483. 15.77 338.1  28632.
23:42:33 0.62 303.20  21.58  6.26 1675  17.02   337.2  28635. -4.17  3.85   2.91  -7.75  -0.56 0.13 0.27 0.19  0.34 332.5 195622. 16.38 339.3  26855.
23:43:13 0.62 303.20  21.58  6.26 1675  16.37   338.4  30841. -4.11  3.90   2.97  -7.55  -0.50 0.14 0.26 0.20  0.44 331.9  62098. 16.54 339.9  27579.
23:43:54 0.62 303.20  21.57  6.26 1675  15.38   334.6  28119. -3.66  3.83   2.97  -8.07  -0.49 0.25 0.15 0.24  0.37 322.4 120934. 15.31 335.6  26212.
23:44:34 0.62 303.20  21.56  6.26 1675  15.46   334.6  22044. -3.57  3.77   2.69  -7.95   0.00 0.25 0.14 0.33  0.27 330.7  73181. 15.99 338.0  27605.
23:45:15 0.62 303.20  21.56  6.26 1675  17.38   336.6  27375. -4.15  3.73   2.74  -7.76  -0.13 0.18 0.18 0.25  0.40 330.0 166633. 15.74 337.8  22294.
23:45:55 0.62 303.20  21.55  6.26 1675  15.33   337.5  28918. -3.62  3.86   2.41  -7.85   0.16 0.21 0.18 0.26  0.27 332.2  70777. 15.43 337.3  26930.
23:46:36 0.62 303.20  21.55  6.26 1675  16.54   338.1  29161. -4.16  3.77   2.04  -7.70   0.62 0.19 0.16 0.14  0.37 332.0 135941. 15.88 342.1  30243.
23:47:16 0.62 303.20  21.54  6.26 1675  16.62   339.3  29041. -4.03  3.96   1.94  -7.68   0.87 0.19 0.16 0.20  0.34 329.5  68919. 16.17 339.7  28044.
23:47:57 0.62 303.20  21.53  6.26 1675  17.72   336.1  28041. -4.50  4.34   1.46  -7.64   1.09 0.23 0.18 0.15  0.33 328.5 100299. 16.17 337.4  22544.
23:48:37 0.62 303.20  21.53  6.26 1675  16.92   338.0  28976. -4.19  4.28   1.55  -7.80   0.79 0.17 0.19 0.18  0.32 326.0  49688. 17.09 338.7  27547.
23:49:18 0.62 303.20  21.52  6.26 1675  17.06   335.3  26823. -4.61  4.57   1.13  -7.48   1.16 0.70 0.37 0.66  0.32 325.5  99273. 16.69 336.6  22827.
23:49:58 0.62 303.20  21.52  6.26 1675  17.31   336.6  27433. -4.59  4.53   0.90  -7.49   1.16 0.41 0.22 0.37  0.27 327.1  47207. 16.69 338.7  26546.
23:50:39 0.62 303.20  21.51  6.26 1675  17.59   337.3  26290. -5.07  4.18   0.45  -7.51   1.47 0.17 0.17 0.22  0.32 324.6  91035. 16.40 341.1  25491.
23:51:19 0.62 303.20  21.51  6.26 1675  17.22   335.4  22473. -4.89  4.61   0.32  -7.41   1.74 0.17 0.20 0.16  0.31 327.9  37227. 16.64 337.6  25172.
23:51:59 0.62 303.20  21.50  6.26 1675  18.79   337.1  25374.  0.00  0.00   0.41  -7.51   1.66 0.00 0.00 0.00  0.29 335.5 111903. 17.57 335.9  21261.
23:52:39 0.62 303.20  21.49  6.26 1675  -1.00    -1.0     -1. -1.00 -1.00   0.41  -7.51   1.66 0.00 0.00 0.00 -1.00  -1.0     -1. -1.00  -1.0     -1.
23:53:20 0.62 303.20  21.49  6.26 1675  -1.00    -1.0     -1. -1.00 -1.00   0.41  -7.51   1.64 0.00 0.00 0.09 -1.00  -1.0     -1. -1.00  -1.0     -1.
23:54:00 0.62 303.20  21.48  6.26 1675  -1.00    -1.0     -1. -1.00 -1.00   0.91  -7.96   1.03 0.34 0.27 0.36 -1.00  -1.0     -1. -1.00  -1.0     -1.
23:54:20 0.62 303.20  21.48  6.26 1675  17.45   332.2  21924. -5.14  5.14   0.89  -8.10   1.36 0.30 0.18 0.40  0.36 328.1  37123. 17.56 335.7  22362.
23:54:30 0.62 303.20  21.48  6.26 1675  18.26   332.6  26800. -5.10  5.10   0.71  -7.95   1.56 0.29 0.35 0.21  0.36 322.9 100910. 17.12 334.1  24753.
23:54:42 0.62 303.20  21.48  6.26 1675  17.19   330.8  28580. -4.89  4.96   0.40  -7.79   1.66 0.41 0.37 0.01  0.39 322.9 113137. 16.85 332.0  26751.
23:55:22 0.62 303.20  21.47  6.26 1675  18.52   329.9  24718. -5.22  5.36   0.51  -7.14   1.47 0.68 0.20 0.46  0.51 324.3  70297. 16.98 333.6  23646.
23:56:03 0.62 303.20  21.47  6.26 1675  18.02   340.8  26797. -4.04  3.39   3.22  -6.17  -0.64 0.19 0.18 0.29  0.51 333.0  71752. 17.09 343.5  26741.
23:56:43 0.62 303.20  21.46  6.26 1675  17.73   340.9  28219. -4.14  4.44   3.06  -6.07  -0.03 0.26 0.24 0.26  0.45 334.4  78717. 17.19 341.3  25575.
23:57:24 0.62 303.20  21.45  6.26 1675  18.14   339.3  27245. -4.33  4.52   2.63  -6.49   0.33 0.53 0.31 0.23  0.60 332.6  99533. 16.80 342.6  26524.
23:58:04 0.62 303.20  21.45  6.26 1675  17.17   339.3  33758. -4.99  4.58   1.74  -6.57   0.38 0.26 0.18 0.25  0.47 326.8  50065. 17.49 340.0  32173.
23:58:45 0.62 303.20  21.44  6.26 1675  18.36   336.2  30942. -5.25  4.74   1.61  -6.64   0.66 0.29 0.17 0.34  0.53 328.4 101638. 17.61 340.9  29392.
23:59:25 0.62 303.21  21.44  6.26 1675  18.03   332.5  32374. -5.53  5.29   0.80  -7.03   1.27 0.37 0.16 0.28  0.56 327.7  74974. 18.22 336.6  33037.
