1978/151   rh    esh  clong  clat crot    np1     vp1     Tp1   vaz   vel     Bx     By     Bz  sBx  sBy  sBz   nal   val     Tal   np2   vp2     Tp2
hh:mm:ss [AU]  [deg]  [deg] [deg]    # [cm-3]  [km/s]     [K] [deg] [deg]   [nT]   [nT]   [nT] [nT] [nT] [nT][cm-3][km/s]     [K][cm-3][km/s]     [K]
 3:55:27 0.65 130.19 169.80  6.07 1669  -1.00    -1.0     -1. -1.00 -1.00 -11.71   6.41  -3.03 0.00 0.00 0.00 -1.00  -1.0     -1. -1.00  -1.0     -1.
 4:06:15 0.65 130.24 169.76  6.00 1668  31.35   328.2  86955.  1.32  0.15   0.00   0.00   0.00 0.00 0.00 0.00 -1.00  -1.0     -1. 31.27 325.8  79594.
 4:17:03 0.65 130.25 169.66  6.00 1668  30.08   330.4  62481.  0.36 -1.23 -10.67   5.53  -6.62 0.00 0.00 0.00 -1.00  -1.0     -1. 30.23 329.0  73178.
 4:27:51 0.65 130.25 169.57  6.00 1668  31.61   315.5  69312.  0.00  0.00 -11.40   3.49  -7.41 0.10 0.24 0.24 -1.00  -1.0     -1. -1.00  -1.0     -1.
 4:36:53 0.65 130.26 169.49  6.00 1668  31.15   326.2  65437. -0.75 -2.84 -11.51   0.43  -7.96 0.05 0.20 0.00 -1.00  -1.0     -1. 29.84 326.2  53177.
 4:47:05 0.65 130.26 169.40  6.00 1668  28.75   335.2  41538. -1.03 -2.73 -10.08   3.63  -9.46 0.12 0.21 0.19 -1.00  -1.0     -1. 29.29 334.7  47876.
 4:57:53 0.65 130.27 169.31  6.00 1668  31.07   333.8  50371. -1.38 -4.01 -10.45   1.29  -9.64 0.10 0.25 0.00 -1.00  -1.0     -1. 32.23 333.1  48594.
 5:08:41 0.65 130.27 169.21  6.00 1668  36.17   367.4  51725. -4.94 -2.30  -0.84  -8.70 -10.80 0.29 0.25 0.00  0.47 363.5 151430. 35.07 370.5  41746.
 5:19:29 0.65 130.28 169.12  5.99 1668  36.68   372.2  47609. -3.52 -2.12  -0.31  -9.48  -9.65 0.44 1.31 1.25  0.49 364.0 215750. 36.62 373.8  53447.
 5:30:17 0.65 130.28 169.02  5.99 1668  35.00   364.4  46304.  1.10  0.61  -2.56   9.30  -5.33 0.57 0.45 0.66 -1.00  -1.0     -1. 34.62 363.5  56458.
 5:41:05 0.65 130.29 168.93  5.99 1668  34.34   355.6  67367. -1.63 -2.68  -6.05  -0.48 -10.96 0.51 1.10 0.35 -1.00  -1.0     -1. 33.15 355.4  64050.
 5:51:53 0.65 130.29 168.83  5.99 1668  29.26   339.2  84720. -1.25 -2.45 -11.60   1.51  -8.42 0.13 0.33 0.29 -1.00  -1.0     -1. 28.86 340.5  90200.
 6:02:39 0.65 130.30 168.74  5.99 1668  33.96   370.4  60165.  0.00  0.00  -0.19  -2.23 -11.72 0.56 0.26 0.25  0.49 364.6 184486. 31.77 369.9  57436.
 6:09:51 0.65 130.25 168.63  6.06 1669  -1.00    -1.0     -1. -1.00 -1.00  -7.17   2.35  -8.41 0.30 0.35 0.20 -1.00  -1.0     -1. -1.00  -1.0     -1.
 6:20:39 0.65 130.30 168.58  5.99 1668  36.02   345.8 130390. -2.38 -0.28   8.44  -8.92  -9.21 0.00 0.00 0.00 -1.00  -1.0     -1. 35.96 346.1 116451.
 6:31:27 0.65 130.31 168.49  5.99 1668  29.05   332.4  63615.  0.59 -2.28   0.00   0.00   0.00 0.00 0.00 0.00 -1.00  -1.0     -1. 29.00 333.0  72376.
 6:42:15 0.65 130.31 168.40  5.99 1668  31.68   348.8  76443.  2.22 -1.50   0.00   0.00   0.00 0.00 0.00 0.00 -1.00  -1.0     -1. 31.99 347.9  86445.
 7:07:29 0.65 130.32 168.17  5.99 1668  29.90   338.0  56358.  3.19  1.22   0.00   0.00   0.00 0.00 0.00 0.00 -1.00  -1.0     -1. 28.62 335.6  44644.
 7:18:17 0.65 130.33 168.08  5.99 1668  35.99   387.6  55948. -6.58  0.99   0.00   0.00   0.00 0.00 0.00 0.00  0.69 390.0 120037. 36.43 392.5  63563.
 7:29:05 0.65 130.33 167.99  5.98 1668  36.98   391.6  62741. -5.46 -0.72   0.00   0.00   0.00 0.00 0.00 0.00  0.57 382.8 158174. 34.91 395.1  62312.
 7:39:53 0.65 130.34 167.89  5.98 1668  28.66   391.2  76943. -5.47  0.48   8.37  -9.35  -8.74 0.09 0.33 0.37 -1.00  -1.0     -1. 27.05 392.6  76605.
 7:50:41 0.65 130.34 167.80  5.98 1668  28.12   398.7  61000. -5.15  0.51   8.61 -10.93  -5.91 0.00 0.00 0.00  0.20 403.5 132706. 27.66 400.7  72005.
 8:01:29 0.65 130.35 167.70  5.98 1668  30.12   398.2  68201.  0.00  0.00   8.87  -9.09  -6.60 0.16 0.05 0.20  0.34 398.4 148286. 31.09 397.3  67779.
 8:03:51 0.65 130.30 167.63  6.05 1669  -1.00    -1.0     -1. -1.00 -1.00  10.16  -6.54  -6.18 0.05 0.20 0.00 -1.00  -1.0     -1. -1.00  -1.0     -1.
 8:12:51 0.65 130.35 167.60  5.98 1668  29.45   412.1  58264.  0.00  0.00   9.50  -9.20  -4.40 0.20 0.05 0.01 -1.00  -1.0     -1. -1.00  -1.0     -1.
 8:23:39 0.65 130.36 167.51  5.98 1668  32.63   387.5  50325. -6.10  2.32   7.06 -11.58  -0.63 0.00 0.00 0.00  0.32 389.2 186630. 32.77 391.9  58817.
 8:34:27 0.65 130.36 167.41  5.98 1668  35.59   395.8  56361. -6.23  1.18   6.58 -10.92  -2.83 0.00 0.05 0.20  0.37 384.5 173195. 34.08 398.3  57910.
 8:45:15 0.65 130.37 167.32  5.98 1668  43.04   410.0  51335. -6.33 -0.05   5.51 -10.10  -3.04 0.19 0.09 0.00  0.56 403.8 141438. 42.34 412.9  64443.
 8:55:29 0.65 130.37 167.23  5.98 1668  40.01   406.8  65518. -5.55  0.19   7.68  -4.92  -2.69 0.10 0.25 0.20  0.53 407.2 151859. 39.53 412.4  56409.
 9:06:17 0.65 130.38 167.14  5.98 1668  39.08   407.0  56182. -6.06 -0.31   7.33  -6.62  -2.60 0.05 0.05 0.20  0.42 402.1 156459. 37.92 407.3  57397.
 9:17:05 0.65 130.38 167.04  5.98 1668  34.39   397.1  55987. -6.13  0.27   6.49 -10.33  -3.42 0.10 0.25 0.00  0.32 384.9 163086. 33.77 400.9  58667.
 9:27:53 0.65 130.39 166.95  5.98 1668  35.02   398.5  61678. -5.71  0.20   6.79  -9.84  -3.88 0.16 0.21 0.04  0.39 392.7 158837. 32.62 401.5  53184.
 9:38:39 0.65 130.39 166.85  5.97 1668  36.05   400.3  55214. -6.10  1.65   7.32  -9.66  -0.44 0.19 0.09 0.38  0.37 395.7 219414. 36.17 403.4  64190.
 9:49:27 0.65 130.40 166.76  5.97 1668  35.90   405.3  50838. -5.31  1.65   8.93  -7.62   2.42 0.00 0.00 0.00  0.34 397.2 163449. 34.65 405.9  52284.
 9:50:47 0.65 130.40 166.74  5.97 1668  19.10   392.6 103999. -4.68  2.09   9.16  -7.50  -0.48 0.00 0.00 0.00  0.18 393.2 215048. 18.87 393.4  88852.
10:12:23 0.65 130.41 166.55  5.97 1668  21.35   393.5 117351. -4.23  1.98  11.14 -12.74   1.31 0.00 0.00 0.00 -1.00  -1.0     -1. 19.86 394.5 122217.
10:33:59 0.65 130.42 166.37  5.97 1668  17.58   381.7 103454. -3.65  0.56   0.00   0.00   0.00 0.00 0.00 0.00 -1.00  -1.0     -1. 17.28 383.0  81897.
10:55:35 0.65 130.43 166.18  5.97 1668  14.71   372.6 150300. -0.84  1.05   0.00   0.00   0.00 0.00 0.00 0.00 -1.00  -1.0     -1. 14.03 369.2 123211.
11:17:11 0.65 130.43 165.99  5.97 1668  11.94   353.4  51657. -1.14  0.39   0.00   0.00   0.00 0.00 0.00 0.00 -1.00  -1.0     -1. 11.38 352.0  37263.
11:38:47 0.65 130.44 165.80  5.97 1668  13.79   371.2 171587. -0.96  1.14  11.04 -12.44   1.31 0.00 0.00 0.00 -1.00  -1.0     -1. 13.22 372.8 148997.
12:00:23 0.65 130.45 165.61  5.96 1668  21.82   378.1 120125. -6.80 -0.37  10.24  -9.64   2.02 0.00 0.00 0.00 -1.00  -1.0     -1. 20.81 380.8 113011.
12:21:59 0.65 130.46 165.42  5.96 1668  17.86   361.6 161936.  0.45 -2.37   8.30 -10.06   3.71 0.00 0.00 0.00 -1.00  -1.0     -1. 17.35 363.0 169550.
12:43:35 0.65 130.47 165.23  5.96 1668  17.20   364.2 214590. -4.08 -0.37   8.37  -6.88   6.83 0.00 0.00 0.00 -1.00  -1.0     -1. 16.70 365.9 171977.
13:05:11 0.65 130.48 165.04  5.96 1668  16.28   355.9 209288.  1.60 -0.38  10.08  -9.26   2.43 0.00 0.00 0.00  0.10 438.7 234773. 15.28 353.1 191727.
13:26:47 0.65 130.49 164.85  5.96 1668  19.67   368.9 271928. -5.16  0.64   8.96  -0.97   2.56 0.00 0.00 0.00 -1.00  -1.0     -1. 19.10 369.2 268147.
13:48:23 0.65 130.50 164.66  5.95 1668  17.28   367.7 242127.  0.00  0.00   9.84   1.23   4.38 0.00 0.00 0.00 -1.00  -1.0     -1. 17.59 364.9 220375.
13:53:53 0.65 130.46 164.57  6.02 1669  -1.00    -1.0     -1. -1.00 -1.00   8.48   3.72   4.98 0.36 0.30 0.20 -1.00  -1.0     -1. -1.00  -1.0     -1.
14:09:59 0.65 130.51 164.47  5.95 1668  19.01   364.1 210354.  0.00 -2.28   9.13   1.73   3.98 0.00 0.00 0.00  0.07 484.1 271584. 17.85 363.8 182352.
14:31:35 0.65 130.52 164.29  5.95 1668  18.67   358.2 252184. -6.17  1.77   8.87  -5.29   6.34 0.00 0.00 0.00 -1.00  -1.0     -1. 18.83 357.1 229510.
14:53:11 0.65 130.53 164.10  5.95 1668  18.13   370.4 167357.  0.53  0.00   6.47  -8.20   7.30 0.31 0.30 0.40 -1.00  -1.0     -1. 17.15 367.9 151118.
15:14:47 0.65 130.54 163.91  5.95 1668  19.03   360.8 252828. -1.95  0.36   9.42  -7.47  -0.47 0.00 0.00 0.00 -1.00  -1.0     -1. 18.13 360.6 232158.
15:36:23 0.65 130.55 163.72  5.95 1668  18.06   418.4 146707. -6.93  8.39  -3.11   1.28 -11.13 0.00 0.00 0.00 -1.00  -1.0     -1. 17.13 424.9 145258.
15:57:59 0.65 130.56 163.53  5.94 1668  19.08   409.8 168835. -8.84  6.38   0.09   4.88 -10.98 0.00 0.00 0.00 -1.00  -1.0     -1. 17.98 415.7 149224.
16:19:35 0.65 130.57 163.34  5.94 1668  13.59   393.8 166367. -5.78  4.23  10.63  -9.15  -6.85 0.00 0.00 0.00  0.12 476.7 266192. 12.71 396.8 140675.
16:41:11 0.65 130.58 163.15  5.94 1668  13.83   386.4 175904. -3.12  1.18   8.45 -13.57  -2.19 0.00 0.00 0.00 -1.00  -1.0     -1. 12.85 388.4 140899.
17:02:47 0.65 130.58 162.96  5.94 1668  13.78   385.4 169030. -6.15  1.70  11.28  -9.26  -4.45 0.00 0.00 0.00 -1.00  -1.0     -1. 12.27 381.4 121489.
17:24:23 0.66 130.59 162.77  5.94 1668  12.21   369.5 116639. -7.26  0.62  11.83  -8.48  -2.14 0.00 0.00 0.00  0.10 460.5 268907. 12.18 370.0 105637.
17:45:59 0.66 130.60 162.58  5.94 1668  12.65   375.6 156361. -2.83  3.90   7.94 -10.77  -4.68 0.00 0.00 0.00 -1.00  -1.0     -1. 12.45 379.7 169716.
18:07:35 0.66 130.61 162.40  5.93 1668  11.65   380.7 108297. -3.77  1.42   7.91 -12.09  -2.39 0.20 0.10 0.20  0.13 445.9 168751. 10.70 381.0  91239.
18:29:11 0.66 130.62 162.21  5.93 1668  12.16   376.6 112783. -5.94 -1.04  10.63  -7.18  -5.10 0.50 0.00 0.56 -1.00  -1.0     -1. 11.23 380.2  86558.
18:50:47 0.66 130.63 162.02  5.93 1668  11.43   379.6 105224.  0.00  0.00   9.32  -7.57  -7.25 0.00 0.00 0.00 -1.00  -1.0     -1. 10.51 379.0  87455.
20:06:59 0.66 130.66 161.35  5.93 1668   8.68   397.0  98536.  0.00  0.00  12.71 -11.22   0.35 0.00 0.00 0.00 -1.00  -1.0     -1. -1.00  -1.0     -1.
20:17:47 0.66 130.67 161.25  5.92 1668  12.05   387.3 139983. -5.44  4.14   0.00   0.00   0.00 0.00 0.00 0.00 -1.00  -1.0     -1. 11.62 389.4 130162.
20:28:35 0.66 130.67 161.16  5.92 1668  15.75   381.2 153740. -4.33  1.26  15.33 -10.02  -1.42 0.20 0.10 0.40 -1.00  -1.0     -1. 14.41 383.7 131780.
20:39:23 0.66 130.68 161.06  5.92 1668  14.15   375.6 153058. -3.61  1.61  18.33  -2.87  -4.30 0.05 0.19 0.19 -1.00  -1.0     -1. 13.32 375.5 121993.
20:49:01 0.66 130.68 160.98  5.92 1668  10.48   387.3  94998. -4.03  0.08  16.30  -1.79  -7.78 0.00 0.00 0.00 -1.00  -1.0     -1.  9.47 386.9  73516.
20:59:49 0.66 130.69 160.88  5.92 1668  12.54   377.3  86692. -4.68  1.19  12.46  -1.25  -9.89 0.09 0.19 0.19 -1.00  -1.0     -1. 12.53 381.3 111653.
21:10:37 0.66 130.69 160.79  5.92 1668  20.38   367.3  73337. -5.33  4.38   3.75   2.13 -11.89 0.00 0.00 0.00 -1.00  -1.0     -1. 19.41 368.5  72941.
21:21:25 0.66 130.69 160.70  5.92 1668  17.86   360.8  75998. -3.78  3.90   4.60  -1.04 -12.74 0.30 0.25 0.19 -1.00  -1.0     -1. 18.40 363.9  84073.
21:32:11 0.66 130.70 160.60  5.92 1668  16.18   381.3  68796.  0.00  0.00  -0.51   3.63 -14.14 0.20 0.40 0.00 -1.00  -1.0     -1. 16.48 381.3  63943.
