278  0 00 38 0.64 125.58 287.62 -6.33 1673   12.51   316.6   39524.   2.68   0.20  11.91  -6.33    1.20  0.04  0.16  0.16  -1.00   -1.0        -1.  12.41  313.2  31081.
278  0 03 20 0.64 125.58 287.60 -6.33 1673   13.38   313.3   33703.   2.11  -0.31  12.24  -5.97    1.53  0.08  0.12  0.00  -1.00   -1.0        -1.  12.03  314.5  34979.
278  0 06 02 0.64 125.58 287.57 -6.33 1673   12.95   312.7   37968.   1.84   0.20  12.09  -5.70    0.70  0.15  0.08  0.26   1.34  286.5    168400.  12.36  310.0  31591.
278  0 08 44 0.64 125.58 287.55 -6.33 1673   12.55   316.3   35775.   3.38   2.36  11.14  -7.02   -1.87  0.23  0.17  0.54  -1.00   -1.0        -1.  12.32  317.3  41093.
278  0 11 26 0.64 125.59 287.53 -6.33 1673   13.26   322.4   43406.   4.03   3.23  10.73  -7.87   -2.19  0.18  0.18  0.46  -1.00   -1.0        -1.  13.31  321.5  57036.
278  0 14 08 0.64 125.59 287.50 -6.33 1673   14.54   328.3   77827.   3.36   4.95   9.94  -7.79   -4.45  0.09  0.23  0.28   0.07  378.3    147402.  13.03  322.9  42149.
278  0 16 50 0.64 125.59 287.48 -6.33 1673   14.02   330.1   68887.   3.00   5.39  10.13  -6.77   -5.20  0.20  0.10  0.00  -1.00   -1.0        -1.  13.22  326.2  52433.
278  0 19 32 0.64 125.59 287.46 -6.33 1673   14.09   332.9   79987.   4.92   3.87   9.44  -8.59   -4.22  0.30  0.19  0.47  -1.00   -1.0        -1.  13.76  330.1  64878.
278  0 22 14 0.64 125.59 287.43 -6.33 1673   13.81   336.7   60421.   5.19   4.08   8.92  -9.27   -3.20  0.53  0.87  0.24   0.11  385.8    228471.  13.74  336.1  72255.
278  0 24 56 0.64 125.59 287.41 -6.33 1673   14.40   333.3   85597.   4.99   3.98   9.75  -8.53   -2.46  0.15  0.21  0.55  -1.00   -1.0        -1.  12.53  325.7  40320.
278  0 27 38 0.64 125.59 287.39 -6.33 1673   15.27   348.5   47655.   6.94   2.04   6.71 -11.66   -2.05  0.29  0.43  0.61   0.10  370.6    172181.  13.81  344.2  55867.
278  0 30 20 0.64 125.59 287.36 -6.33 1673   13.07   329.7   90064.   3.91   4.59  10.83  -5.69   -3.36  0.36  0.94  0.17  -1.00   -1.0        -1.  11.86  321.0  39839.
278  0 33 02 0.64 125.60 287.34 -6.33 1673   12.51   311.7   43877.   0.07   3.60  11.93  -3.92   -1.84  0.10  0.15  0.16   1.85  280.3    131290.  12.15  311.1  35398.
278  0 35 44 0.64 125.60 287.32 -6.33 1673   12.54   312.7   33829.   0.60   4.42  11.95  -4.68   -1.74  0.12  0.47  0.38   1.31  290.1    127495.  12.33  314.1  38160.
278  0 38 26 0.64 125.60 287.29 -6.33 1673   12.30   314.2   37562.   1.96   3.65  11.73  -5.42   -1.84  0.07  0.15  0.18   1.33  285.5    151950.  12.53  312.8  33729.
278  0 41 08 0.64 125.60 287.27 -6.33 1673   12.96   314.2   33527.   2.24   3.46  11.62  -5.15   -1.95  0.00  0.00  0.15   1.20  292.5    123623.  12.09  310.5  24386.
278  0 43 50 0.64 125.60 287.24 -6.33 1673   12.41   315.0   37361.   2.62   3.03  11.81  -5.44   -1.58  0.00  0.00  0.16  -1.00   -1.0        -1.  12.21  312.4  31400.
278  0 46 32 0.64 125.60 287.22 -6.33 1673   12.53   312.6   34369.   2.72   3.20  11.77  -5.36   -0.63  0.04  0.16  0.31  -1.00   -1.0        -1.  11.81  312.0  38689.
278  0 49 14 0.64 125.60 287.20 -6.33 1673   12.27   315.9   39852.   2.63   3.45  11.60  -5.84   -1.41  0.13  0.25  0.19  -1.00   -1.0        -1.  12.20  311.3  36302.
278  0 51 56 0.64 125.60 287.17 -6.33 1673   12.72   314.3   34681.   2.58   3.28  11.65  -5.88   -0.69  0.11  0.27  0.78  -1.00   -1.0        -1.  12.06  312.6  37987.
278  0 54 38 0.64 125.61 287.15 -6.33 1673   12.19   315.8   37364.   2.66   2.82  11.56  -5.76   -1.41  0.15  0.24  0.20  -1.00   -1.0        -1.  12.38  311.1  33790.
278  0 57 20 0.64 125.61 287.13 -6.33 1673   12.75   314.5   33170.   3.27   0.96  10.62  -8.02    1.50  0.57  0.82  0.36  -1.00   -1.0        -1.  12.08  313.3  37955.
278  1 00 02 0.64 125.61 287.10 -6.33 1673   13.34   320.0   42379.   3.44   2.96  10.85  -7.46   -0.86  0.32  0.64  0.37  -1.00   -1.0        -1.  12.96  314.7  36149.
278  1 02 44 0.64 125.61 287.08 -6.33 1673   11.86   312.4   31754.   2.10   3.61  11.79  -6.11   -0.35  0.01  0.39  0.52  -1.00   -1.0        -1.  11.26  310.2  23931.
278  1 05 26 0.64 125.61 287.06 -6.33 1673   12.91   313.2   37172.   2.58   2.56  11.94  -5.75   -0.45  0.08  0.16  0.00  -1.00   -1.0        -1.  12.00  311.7  31227.
278  1 08 08 0.64 125.61 287.03 -6.33 1673   12.54   313.4   35499.   2.69   2.55  11.90  -6.01   -0.37  0.10  0.26  0.16  -1.00   -1.0        -1.  12.15  312.6  38410.
278  1 10 50 0.64 125.61 287.01 -6.33 1673   12.41   312.0   39686.   2.15   2.04  12.26  -5.19   -0.15  0.16  0.08  0.00   1.11  286.7    161747.  12.19  311.1  31036.
278  1 13 32 0.64 125.61 286.98 -6.33 1673   13.43   312.3   34086.   2.89   2.13  12.05  -5.73   -0.14  0.16  0.06  0.15  -1.00   -1.0        -1.  11.50  309.9  24471.
278  1 16 14 0.64 125.62 286.96 -6.33 1673   12.18   316.5   40794.   3.12   2.40  11.81  -5.83   -0.06  0.23  0.36  0.34  -1.00   -1.0        -1.  11.86  312.8  33937.
278  1 18 56 0.64 125.62 286.94 -6.33 1673   12.53   313.2   34570.   3.09   3.15  11.65  -5.93   -0.61  0.16  0.06  0.32   1.42  292.2    130601.  12.10  312.9  42207.
278  1 21 38 0.64 125.62 286.91 -6.33 1673   11.88   315.8   38325.   2.80   2.45  11.65  -6.09   -0.37  0.10  0.20  0.16   1.47  284.1    152080.  11.87  311.9  34658.
278  1 24 20 0.64 125.62 286.89 -6.33 1673   12.53   313.2   33355.   2.47   2.43  11.73  -5.53   -0.20  0.08  0.20  0.20   1.27  292.7    146648.  11.45  310.1  26030.
278  1 27 02 0.64 125.62 286.87 -6.33 1673   13.00   312.8   38446.   1.89   1.89  12.02  -5.23    0.46  0.14  0.22  0.17   1.47  285.0    152781.  12.01  310.5  33245.
278  1 29 44 0.64 125.62 286.84 -6.33 1673   12.31   313.3   32761.   2.92   2.53  11.44  -6.01   -0.13  0.15  0.10  0.16   1.58  280.4    154159.  11.97  310.2  23642.
278  1 32 26 0.64 125.62 286.82 -6.33 1673   12.86   315.9   38059.   2.08   3.05  11.52  -5.57   -0.37  0.12  0.08  0.16  -1.00   -1.0        -1.  12.14  312.2  32004.
278  1 35 08 0.64 125.62 286.80 -6.33 1673   12.33   314.9   35405.   3.01   3.36  11.23  -6.13   -0.76  0.04  0.00  0.39  -1.00   -1.0        -1.  12.29  314.3  36656.
278  1 37 50 0.64 125.62 286.77 -6.33 1673   12.19   316.2   38130.   2.66   2.63  11.28  -6.19   -0.28  0.04  0.12  0.20   1.49  285.9    162254.  12.06  312.5  32075.
278  1 40 32 0.64 125.63 286.75 -6.33 1673   12.40   314.2   34619.   2.97   2.63  11.18  -6.33   -0.36  0.10  0.24  0.16  -1.00   -1.0        -1.  12.41  315.0  36337.
278  1 43 14 0.64 125.63 286.73 -6.33 1673   12.23   313.4   37627.   2.41   3.07  11.12  -6.87   -0.38  0.05  0.20  0.05   1.38  284.3    151014.  11.76  311.4  29928.
278  1 45 56 0.64 125.63 286.70 -6.33 1673   12.67   311.7   33112.   2.24   1.95  11.02  -6.57   -0.44  0.08  0.12  0.00  -1.00   -1.0        -1.  11.52  309.5  25510.
278  1 48 38 0.64 125.63 286.68 -6.33 1673   13.12   315.2   39170.   2.98   2.29  11.10  -6.21   -0.36  0.20  0.10  0.16   1.42  286.6    164502.  12.59  310.9  34453.
278  1 51 20 0.64 125.63 286.65 -6.33 1673   12.45   311.6   33972.   2.07   2.84  10.91  -6.18   -0.64  0.21  0.17  0.35   1.65  284.6    212761.  12.01  309.1  23460.
278  1 54 02 0.64 125.63 286.63 -6.33 1673   12.64   312.8   42496.   2.23   2.06  11.10  -5.83   -0.33  0.09  0.17  0.17  -1.00   -1.0        -1.  12.42  310.8  31812.
278  1 56 44 0.64 125.63 286.61 -6.33 1673   12.71   310.4   33050.   1.88   1.81  11.29  -5.31   -0.43  0.08  0.16  0.00  -1.00   -1.0        -1.  11.96  306.6  29970.
278  1 59 26 0.64 125.63 286.58 -6.33 1673   12.68   312.4   35538.   2.06   2.05  11.17  -5.79   -0.35  0.16  0.17  0.16   1.47  284.5    144777.  12.48  311.0  31731.
278  2 02 08 0.64 125.64 286.56 -6.33 1673   13.30   312.1   31224.   2.13   2.01  11.04  -6.15   -0.75  0.16  0.18  0.39   1.64  284.3    214710.  11.55  309.5  22775.
278  2 04 50 0.64 125.64 286.54 -6.34 1673   12.15   313.0   36864.   2.20   2.00  11.05  -6.22   -0.43  0.20  0.10  0.00   1.39  285.1    153405.  11.89  309.9  31046.
278  2 07 32 0.64 125.64 286.51 -6.34 1673   13.00   310.4   34119.   2.39   1.64  11.05  -5.92   -0.43  0.13  0.25  0.00   1.71  284.5    207239.  12.58  307.7  30233.
278  2 10 14 0.64 125.64 286.49 -6.34 1673   12.80   314.5   39024.   2.02   2.40  11.09  -5.70   -1.31  0.10  0.24  0.16   1.64  283.4    147584.  11.98  311.5  34430.
278  2 12 54 0.64 125.64 286.47 -6.34 1673   12.34   311.9   34502.   0.00   0.00  11.12  -5.97   -1.23  0.05  0.15  0.00  -1.00   -1.0        -1.  11.87  314.7  36799.
278  2 15 36 0.64 125.64 286.44 -6.34 1673   17.19   304.2   36360.   0.00   0.00  10.94  -6.02   -1.38  0.12  0.24  0.20  -1.00   -1.0        -1.  -1.00   -1.0     -1.
278  2 18 18 0.64 125.64 286.42 -6.34 1673   15.79   313.2   33654.   3.36   0.26  13.34  -6.02   -0.09  0.00  0.00  0.00  -1.00   -1.0        -1.  15.04  313.1  41389.
278  2 21 00 0.64 125.64 286.40 -6.34 1673   15.08   313.6   40066.   2.68  -0.19  13.63  -5.24    0.53  0.13  0.22  0.18  -1.00   -1.0        -1.  15.04  310.9  31744.
278  3 50 08 0.64 125.69 285.62 -6.34 1673   15.74   313.1   33241.   2.72  -0.11  12.69  -7.60   -0.34  0.00  0.00  0.00  -1.00   -1.0        -1.  14.84  309.9  24081.
278  3 52 50 0.64 125.69 285.60 -6.34 1673   15.75   313.1   38468.   2.64  -0.27   0.00   0.00    0.00  0.00  0.00  0.00  -1.00   -1.0        -1.  14.92  310.8  31442.
278  3 55 32 0.64 125.69 285.57 -6.34 1673   16.16   314.9   33433.   3.89   0.49   0.00   0.00    0.00  0.00  0.00  0.00  -1.00   -1.0        -1.  14.89  315.3  40102.
278  3 58 14 0.64 125.69 285.55 -6.34 1673   15.58   319.4   41148.   4.05   0.11   0.00   0.00    0.00  0.00  0.00  0.00  -1.00   -1.0        -1.  15.66  314.0  34469.
278  4 00 56 0.64 125.69 285.53 -6.34 1673   16.42   316.5   32468.   4.05   0.79   0.00   0.00    0.00  0.00  0.00  0.00  -1.00   -1.0        -1.  15.59  317.5  39888.
278  4 03 38 0.64 125.69 285.50 -6.34 1673   17.60   319.5   37630.   4.14   0.75  12.81  -7.62   -0.34  0.16  0.16  0.00  -1.00   -1.0        -1.  16.84  315.1  33112.
278  4 06 20 0.64 125.69 285.48 -6.34 1673   18.34   319.0   31072.   4.45   1.40  12.28  -7.91   -1.93  0.08  0.20  0.04  -1.00   -1.0        -1.  18.00  318.3  37497.
278  4 09 02 0.64 125.69 285.46 -6.34 1673   17.97   320.4   34054.   4.36   1.29  12.60  -7.97   -1.86  0.13  0.22  0.16  -1.00   -1.0        -1.  17.43  315.7  31156.
278  4 11 44 0.64 125.69 285.43 -6.34 1673   17.93   317.5   31478.   4.32   0.81  12.81  -8.00   -1.22  0.00  0.00  0.16  -1.00   -1.0        -1.  16.89  316.6  35626.
278  4 14 26 0.64 125.70 285.41 -6.34 1673   17.38   317.4   33774.   4.09   0.64  13.05  -7.44   -0.66  0.04  0.05  0.39  -1.00   -1.0        -1.  17.67  314.2  32143.
278  4 17 08 0.64 125.70 285.38 -6.34 1673   17.27   315.5   29892.   3.89   0.31  13.19  -6.94   -0.74  0.15  0.08  0.37  -1.00   -1.0        -1.  16.39  312.8  24292.
278  4 19 50 0.64 125.70 285.36 -6.34 1673   16.48   317.8   33777.   3.95   0.62  13.16  -7.30   -0.34  0.19  0.11  0.00   1.42  283.5    134265.  17.39  313.7  30643.
278  4 22 32 0.64 125.70 285.34 -6.34 1673   18.81   317.5   33300.   3.89   0.48  12.80  -6.94   -0.33  0.10  0.20  0.00  -1.00   -1.0        -1.  17.32  317.3  40050.
278  4 25 14 0.64 125.70 285.31 -6.34 1673   20.51   317.4   50361.   4.28   1.08  11.82  -6.02   -0.35  0.17  0.27  0.44  -1.00   -1.0        -1.  19.07  313.2  40849.
278  4 27 56 0.64 125.70 285.29 -6.34 1673   20.20   322.2   53876.   4.40   1.53  12.35  -5.70    0.48  0.36  0.23  0.43  -1.00   -1.0        -1.  18.94  319.9  43740.
278  4 30 38 0.64 125.70 285.27 -6.35 1673   19.67   324.1   42324.   4.32   1.29  12.24  -6.18   -0.59  0.16  0.20  0.32  -1.00   -1.0        -1.  18.98  318.6  37286.
278  4 33 20 0.64 125.70 285.24 -6.35 1673   20.29   321.0   56900.   3.31   0.34  10.02  -6.44   -1.58  1.67  0.61  0.29  -1.00   -1.0        -1.  19.13  318.2  44406.
278  4 36 02 0.64 125.71 285.22 -6.35 1673   34.94   349.4   52820.   0.51  -1.16   6.02  -5.26   -1.75  0.16  0.20  0.16   0.34  350.2     66152.  34.68  348.3  59457.
278  4 38 44 0.64 125.71 285.20 -6.35 1673   36.66   352.8   63085.   1.14  -0.93   6.15  -4.78   -1.59  0.17  0.16  0.20   0.42  346.4    158837.  34.10  350.5  54412.
278  4 41 26 0.64 125.71 285.17 -6.35 1673   35.47   351.5   52742.   0.80  -1.19   5.86  -4.96   -1.91  0.15  0.28  0.16   0.52  353.8    123870.  35.04  351.8  56643.
278  4 44 08 0.64 125.71 285.15 -6.35 1673   36.13   352.5   56913.   0.61  -1.37   3.03  -4.47   -3.01  2.20  1.10  0.89   0.47  345.7    118309.  33.85  350.5  50604.
278  4 46 50 0.64 125.71 285.13 -6.35 1673   38.72   334.6   58082.   1.81  -2.21   0.92  -3.60   -0.98  2.46  0.29  0.87   0.62  331.1    136448.  37.36  334.4  50825.
278  4 49 32 0.64 125.71 285.10 -6.35 1673   40.54   331.0   57995.   1.82  -2.38  -0.78  -3.14   -0.87  0.64  0.26  0.53   0.59  322.2    142204.  39.01  329.6  59629.
278  4 52 14 0.64 125.71 285.08 -6.35 1673   39.37   337.1   62127.   1.54  -1.51  -2.96  -3.33    0.22  0.59  0.34  0.18   0.48  330.3    141906.  37.18  335.6  54175.
278  4 54 56 0.64 125.71 285.06 -6.35 1673   38.72   331.8   59307.   2.07  -1.20  -5.20  -3.94   -0.21  0.26  0.32  0.39   0.47  323.5    126287.  37.66  331.1  55555.
278  4 57 38 0.64 125.72 285.03 -6.35 1673   39.21   342.4   57101.   1.85  -1.55  -3.59  -3.06    0.35  0.38  0.17  0.16   0.79  334.5    138930.  38.64  339.9  51108.
278  5 00 20 0.64 125.72 285.01 -6.35 1673   40.54   331.9   57202.   2.35  -1.80  -3.49  -3.38   -0.61  0.92  0.63  0.31   0.55  319.9    160448.  39.91  330.8  59502.
278  5 03 02 0.64 125.72 284.99 -6.35 1673   36.34   340.6   38510.   2.33  -1.50  -8.69   1.33    2.03  0.16  0.04  0.04   0.46  329.0     54379.  35.97  337.8  40063.
278  5 05 42 0.64 125.72 284.96 -6.35 1673   39.07   336.5   39615.   0.00   0.00  -6.90   1.53    2.92  0.19  0.20  0.22   0.63  325.8    110032.  39.29  337.3  41655.
278  5 08 24 0.64 125.72 284.94 -6.35 1673   -1.00    -1.0      -1.  -1.00  -1.00  -7.45   2.29    3.57  0.17  0.16  0.00  -1.00   -1.0        -1.  -1.00   -1.0     -1.
278  5 11 06 0.64 125.72 284.92 -6.35 1673   -1.00    -1.0      -1.  -1.00  -1.00  -8.71   2.22    3.95  0.00  0.00  0.00  -1.00   -1.0        -1.  -1.00   -1.0     -1.
278  5 13 48 0.64 125.72 284.89 -6.35 1673   33.34   342.5   37575.   1.36  -2.42   0.00   0.00    0.00  0.00  0.00  0.00   0.55  331.6    102028.  32.44  340.2  38913.
278  5 16 32 0.64 125.72 284.87 -6.35 1673   38.51   335.4   40141.   2.25  -1.49  -8.22   1.78    3.56  0.20  0.17  0.00   0.67  321.6    113696.  37.56  332.2  37721.
278  5 19 14 0.64 125.73 284.85 -6.35 1673   33.65   345.0   37380.   1.55  -1.92 -10.28   3.30    4.23  0.17  0.10  0.21   0.45  329.9    106420.  31.50  342.3  36805.
278  5 21 56 0.64 125.73 284.82 -6.35 1673   33.10   342.2   39401.   1.78  -2.04 -10.59   3.62    4.08  0.34  0.13  0.29   0.38  336.6     49688.  33.76  343.0  39007.
278  5 24 38 0.64 125.73 284.80 -6.35 1673   29.88   349.0   32351.   1.14  -2.64 -11.13   4.55    5.34  0.33  0.17  0.15   0.31  340.6    157043.  28.72  347.4  25893.
278  7 47 06 0.64 125.79 283.56 -6.36 1673   44.74   368.7   43049.   5.93   1.84 -11.80   5.35    5.58  0.00  0.00  0.00   0.35  369.5     54522.  43.53  367.4  41083.
278  7 49 48 0.64 125.79 283.53 -6.36 1673   38.16   372.8   55467.   5.63   1.16 -12.06   4.71    5.24  0.75  0.46  0.95   0.72  364.8    192309.  37.94  366.9  51618.
278  7 52 30 0.64 125.80 283.51 -6.36 1673   30.90   372.0   79616.   5.70   2.09  -0.46   3.69   13.97  0.50  0.44  0.22   1.02  372.4    206355.  29.57  367.8  79275.
278  7 55 12 0.64 125.80 283.49 -6.36 1673   27.66   370.7   72580.   5.24   2.65   1.48   3.47   15.52  0.39  0.42  0.41   1.06  362.8    169959.  25.31  365.7  60918.
278  7 57 56 0.64 125.80 283.46 -6.36 1673   26.08   373.8   69182.   4.94   2.90   3.46   1.88   16.59  0.27  0.25  0.16   1.16  364.8    243985.  26.49  370.7  70521.
278  8 00 38 0.64 125.80 283.44 -6.36 1673   27.14   373.0   70485.   4.72   3.03   1.08   2.82   16.17  0.56  0.31  0.15   1.00  366.0    188346.  25.05  371.5  71742.
278  8 03 20 0.64 125.80 283.42 -6.36 1673   24.44   389.7   62305.   3.27   3.28 -12.42   8.49    7.50  0.82  0.41  0.66   0.69  378.1    218881.  24.63  386.3  67201.
278  8 06 02 0.64 125.80 283.39 -6.36 1673   24.84   381.8   60204.   3.12   1.91  -9.27   7.62   11.17  0.34  0.20  0.41   0.53  388.0    168205.  24.65  381.1  69855.
278  8 08 44 0.64 125.80 283.37 -6.36 1673   22.82   388.7   60798.   4.60   4.65 -15.84   7.21   -0.97  0.54  0.81  1.28  -1.00   -1.0        -1.  21.80  383.5  54600.
278  8 11 26 0.64 125.81 283.35 -6.36 1673   25.67   399.6  122285.   3.04   7.24 -13.22   8.04    2.10  0.60  0.14  1.73  -1.00   -1.0        -1.  24.40  398.5 104516.
278  8 14 08 0.64 125.81 283.32 -6.36 1673   24.62   397.5   97460.   3.02   5.33 -12.57   8.58    6.83  0.35  0.23  0.70  -1.00   -1.0        -1.  23.73  392.7  93254.
278  8 16 50 0.64 125.81 283.30 -6.36 1673   24.27   392.0   84544.   0.00   0.00 -13.24   7.78    7.56  0.06  0.16  0.25  -1.00   -1.0        -1.  23.57  393.9  96255.
278  8 19 32 0.64 125.81 283.28 -6.36 1673   24.69   404.1  102067.   2.94   6.24 -14.13   7.25    4.21  0.08  0.20  0.20  -1.00   -1.0        -1.  24.05  403.1 123649.
278  8 22 14 0.64 125.81 283.25 -6.36 1673   25.27   394.9   96499.   3.07   7.05 -14.32   7.75    2.65  0.21  0.34  0.58  -1.00   -1.0        -1.  24.86  396.3 107956.
278  8 24 56 0.64 125.81 283.23 -6.36 1673   22.97   391.3  104620.   0.00   0.00 -15.16   9.28   -0.45  0.39  0.27  0.54  -1.00   -1.0        -1.  22.86  389.4  94585.
278  8 27 38 0.64 125.81 283.21 -6.36 1673   -1.00    -1.0      -1.  -1.00  -1.00 -15.96   8.18    0.02  0.16  0.08  0.00  -1.00   -1.0        -1.  -1.00   -1.0     -1.
278  8 27 48 0.64 125.81 283.20 -6.36 1673   -1.00    -1.0      -1.  -1.00  -1.00 -15.96   8.18    0.02  0.16  0.08  0.00  -1.00   -1.0        -1.  -1.00   -1.0     -1.
278  8 29 24 0.64 125.81 283.19 -6.36 1673   -1.00    -1.0      -1.  -1.00  -1.00 -15.17   8.80    1.49  0.72  0.56  0.73  -1.00   -1.0        -1.  -1.00   -1.0     -1.
278  8 30 20 0.64 125.76 283.12 -6.52 1673   -1.00    -1.0      -1.  -1.00  -1.00 -13.93   9.71    3.49  0.50  0.33  0.84  -1.00   -1.0        -1.  -1.00   -1.0     -1.
278  8 32 06 0.64 125.81 283.17 -6.36 1673   -1.00    -1.0      -1.  -1.00  -1.00 -15.19   8.84    1.76  0.20  0.18  0.20  -1.00   -1.0        -1.  -1.00   -1.0     -1.
278  8 33 02 0.64 125.76 283.10 -6.52 1673   -1.00    -1.0      -1.  -1.00  -1.00 -15.51   8.40    1.96  0.28  0.12  0.47  -1.00   -1.0        -1.  -1.00   -1.0     -1.
278  8 34 48 0.64 125.82 283.14 -6.36 1673   23.15   393.4   93283.   3.63   6.35 -16.47   8.18    1.73  0.11  0.21  0.20  -1.00   -1.0        -1.  22.19  393.1 106052.
278  8 34 58 0.64 125.81 283.14 -6.36 1673   24.35   392.8  101423.   3.80   4.92 -16.45   8.10    1.73  0.12  0.17  0.20  -1.00   -1.0        -1.  24.25  387.4  99822.
278  8 35 08 0.64 125.82 283.14 -6.36 1673   23.53   391.9   98734.   3.51   4.88 -16.39   8.12    1.63  0.04  0.16  0.00  -1.00   -1.0        -1.  22.35  393.4 113092.
278  8 35 44 0.64 125.82 283.14 -6.36 1673   22.74   392.5  102687.   4.49   4.78 -16.25   7.98    1.47  0.16  0.17  0.20  -1.00   -1.0        -1.  22.32  387.1  97441.
278  8 38 26 0.64 125.82 283.11 -6.36 1673   22.00   385.1   96499.   5.48   5.44 -17.89   5.93   -3.87  0.19  1.09  0.72  -1.00   -1.0        -1.  20.52  378.8  79230.
278  8 41 08 0.64 125.82 283.09 -6.36 1673   24.88   391.8  124432.   4.41   6.00 -16.24   5.90   -1.15  0.12  0.23  0.16  -1.00   -1.0        -1.  23.43  387.6 107628.
278  8 43 50 0.64 125.82 283.07 -6.36 1673   26.44   386.2   99624.   5.66   5.26 -14.85   6.25    1.47  0.25  0.34  1.14  -1.00   -1.0        -1.  25.50  379.7  95592.
278  8 46 32 0.64 125.82 283.04 -6.36 1673   27.61   387.3  175056.   5.73   2.50 -11.36   3.90    7.35  1.67  0.70  2.87  -1.00   -1.0        -1.  27.15  387.1 207005.
278  8 49 14 0.64 125.82 283.02 -6.36 1673   27.19   379.6   67509.   5.07   4.46  -2.14  -2.21   17.43  1.20  1.34  0.09   0.86  386.7    213775.  26.66  376.8  80656.
278  8 51 54 0.64 125.82 283.00 -6.36 1673   -1.00    -1.0      -1.  -1.00  -1.00   0.15  -3.03   17.03  0.61  0.68  0.19  -1.00   -1.0        -1.  26.96  376.7  67652.
278  8 54 36 0.64 125.83 282.97 -6.36 1673   -1.00    -1.0      -1.  -1.00  -1.00   3.90  -4.80   16.78  0.00  0.00  0.00  -1.00   -1.0        -1.  -1.00   -1.0     -1.
278  9 02 42 0.64 125.83 282.90 -6.36 1673   24.78   369.4   54291.   5.68   5.15   0.00   0.00    0.00  0.00  0.00  0.00   0.51  372.7    195674.  23.99  367.3  68351.
278  9 10 48 0.64 125.83 282.83 -6.36 1673   24.58   365.9   73126.   6.63   5.04   0.00   0.00    0.00  0.00  0.00  0.00   0.80  364.5    206121.  22.72  362.0  59525.
278  9 13 32 0.64 125.83 282.81 -6.36 1673   24.27   366.3   59713.   7.38   5.37   0.00   0.00    0.00  0.00  0.00  0.00   0.50  372.9    183265.  23.50  360.8  73526.
278  9 16 14 0.64 125.84 282.78 -6.36 1673   25.44   365.3   71843.   7.67   5.47   3.04  -4.48   16.82  0.55  0.20  0.04   0.78  364.4    196779.  25.70  359.6  71460.
278  9 18 56 0.64 125.84 282.76 -6.37 1673   23.98   372.2   80578.   5.92   3.40  -5.92   1.07   12.80  0.41  0.88  0.32   1.81  374.1    236995.  23.97  366.6  84343.
278  9 21 38 0.64 125.84 282.74 -6.37 1673   23.79   379.0  124789.   5.51   4.58   1.70  -1.61   14.16  0.56  0.39  0.19  -1.00   -1.0        -1.  23.41  372.8 120859.
278  9 24 20 0.64 125.84 282.71 -6.37 1673   25.02   385.9  119134.   5.41   5.12  -0.04  -3.63   13.83  1.09  1.73  1.10  -1.00   -1.0        -1.  23.17  379.0 117464.
278  9 27 02 0.64 125.84 282.69 -6.37 1673   23.30   385.2  129812.   4.25   4.59  -4.68   0.04   10.60  0.46  0.38  0.33  -1.00   -1.0        -1.  23.35  384.1 147288.
278  9 29 44 0.64 125.84 282.67 -6.37 1673   25.43   388.6  127440.   4.16   3.73  -6.62   0.78   10.43  0.77  0.45  0.65  -1.00   -1.0        -1.  23.77  385.6 112020.
278  9 32 26 0.64 125.84 282.64 -6.37 1673   23.23   404.5  131757.   1.42   6.47   1.75  -2.25   12.82  0.70  0.45  0.16  -1.00   -1.0        -1.  21.33  402.6 116191.
278  9 35 08 0.64 125.84 282.62 -6.37 1673   26.06   416.6  140450.   1.49   7.62  -0.29  -2.04   11.06  0.19  0.34  0.20  -1.00   -1.0        -1.  25.85  413.7 134788.
278  9 37 50 0.64 125.85 282.60 -6.37 1673   23.60   420.1  134623.   1.43   7.84  -5.09  -0.48   10.12  1.05  0.50  0.93  -1.00   -1.0        -1.  21.93  419.7 154659.
278  9 40 32 0.64 125.85 282.57 -6.37 1673   23.21   411.1  123097.   1.52   6.78   3.74  -3.42   10.78  0.19  0.18  0.00  -1.00   -1.0        -1.  23.28  410.2 147275.
278  9 43 14 0.64 125.85 282.55 -6.37 1673   21.40   401.5  144004.   2.15   6.99   5.48  -4.95   12.69  0.43  0.40  0.82  -1.00   -1.0        -1.  20.70  396.5 145875.
278  9 45 56 0.64 125.85 282.52 -6.37 1673   16.76   399.3  141032.   2.67   7.69   5.95  -7.35   13.72  0.24  0.15  0.27   0.67  410.8    228107.  16.33  402.1 160955.
278  9 48 38 0.64 125.85 282.50 -6.37 1673   14.63   393.4  115629.   3.65   4.96  10.82  -9.60    8.72  0.16  0.48  0.16  -1.00   -1.0        -1.  15.67  390.1 137579.
278  9 51 20 0.64 125.85 282.48 -6.37 1673   20.95   397.0  140181.   3.13   6.76   7.13  -7.44   10.85  0.24  0.20  0.25   0.85  404.7    284344.  20.15  395.9 119160.
278  9 54 02 0.64 125.85 282.45 -6.37 1673   15.38   385.7  142435.   3.59   4.76   8.86  -8.29   12.38  0.10  0.34  0.00  -1.00   -1.0        -1.  15.09  387.8 148328.
278  9 56 44 0.64 125.85 282.43 -6.37 1673   14.86   396.3  145602.   2.94   5.89   8.61  -6.89   12.11  0.23  0.63  0.22  -1.00   -1.0        -1.  16.30  394.7 187342.
278  9 59 26 0.64 125.86 282.41 -6.37 1673   19.18   408.3  153308.   1.88   5.91   6.88  -7.33   12.53  0.23  0.28  0.16  -1.00   -1.0        -1.  18.43  403.6 151934.
278 10 02 08 0.64 125.86 282.38 -6.37 1673   18.29   400.1  150485.   1.94   5.65   6.82  -8.50   11.37  0.18  0.31  0.29  -1.00   -1.0        -1.  17.89  401.3 156842.
278 10 04 50 0.64 125.86 282.36 -6.37 1673   22.72   403.0  144420.   1.63   5.99   5.18  -8.20    8.23  1.73  0.54  1.43  -1.00   -1.0        -1.  21.29  398.9 139070.
278 10 07 32 0.64 125.86 282.34 -6.37 1673   23.42   404.7  204088.   0.24   5.26   2.07  -7.55    7.70  0.38  0.54  0.46  -1.00   -1.0        -1.  21.98  404.9 178490.
278 10 10 14 0.64 125.86 282.31 -6.37 1673   20.84   403.2  226989.   0.51   5.76   1.47  -8.25    7.20  0.61  0.23  0.15  -1.00   -1.0        -1.  21.46  405.0 235312.
278 10 12 56 0.64 125.86 282.29 -6.37 1673   20.22   402.5  235757.   0.00   6.47   0.20  -9.49    7.73  0.44  0.40  0.83  -1.00   -1.0        -1.  20.54  398.1 230036.
278 10 15 38 0.64 125.86 282.27 -6.37 1673   17.29   406.7  217208.   3.17   5.40   3.41  -9.96   10.96  0.22  0.25  0.83  -1.00   -1.0        -1.  16.34  406.8 236121.
278 10 18 20 0.64 125.86 282.24 -6.37 1673   15.47   407.0  233496.   1.40   5.30   3.32  -8.59   12.13  0.86  1.02  0.70  -1.00   -1.0        -1.  15.11  402.2 235351.
278 10 21 02 0.64 125.87 282.22 -6.37 1673   15.80   409.2  268050.   1.72   4.50   0.91  -7.34   14.03  0.30  0.15  0.19  -1.00   -1.0        -1.  15.58  406.5 246054.
278 10 23 44 0.64 125.87 282.19 -6.37 1673   18.94   401.3  218728.   5.11   2.74   2.10  -7.60   12.69  0.31  0.17  0.72  -1.00   -1.0        -1.  17.72  397.6 207671.
278 10 26 26 0.64 125.87 282.17 -6.37 1673   16.94   409.3  262615.   4.20   3.60   1.37  -8.92   11.80  0.15  0.20  0.30  -1.00   -1.0        -1.  16.69  406.6 239441.
278 10 29 08 0.64 125.87 282.15 -6.37 1673   19.25   405.1  218225.   3.88   1.88   0.70  -8.19   11.47  0.07  0.16  0.44  -1.00   -1.0        -1.  19.67  400.2 223692.
278 10 31 50 0.64 125.87 282.12 -6.37 1673   18.30   400.6  205647.   3.88   1.44   1.47  -9.12   13.20  0.25  0.25  0.16  -1.00   -1.0        -1.  17.48  400.9 217939.
278 10 34 32 0.64 125.87 282.10 -6.37 1673   19.11   405.9  222656.   4.88   2.45   1.70  -6.26   13.61  0.35  2.16  0.20  -1.00   -1.0        -1.  19.57  399.6 229942.
278 10 37 14 0.64 125.87 282.08 -6.37 1673   19.92   402.7  213440.   2.92   2.91   0.02  -5.98   12.57  0.94  1.33  0.20  -1.00   -1.0        -1.  19.68  404.2 226876.
278 10 39 56 0.64 125.87 282.05 -6.37 1673   20.69   413.4  260432.   0.35   5.64  -1.85   1.49    3.20  0.58  0.95  0.90  -1.00   -1.0        -1.  20.66  414.4 296532.
278 10 42 38 0.64 125.88 282.03 -6.37 1673   21.07   409.4  292033.   3.11   5.59  -2.65  -1.64    7.39  0.29  0.15  1.48  -1.00   -1.0        -1.  21.10  408.1 261933.
278 10 45 20 0.64 125.88 282.01 -6.37 1673   21.72   406.3  246564.   2.57   8.61   0.84  -5.95    8.50  0.43  0.27  0.85  -1.00   -1.0        -1.  22.01  405.6 292264.
278 10 48 02 0.64 125.88 281.98 -6.37 1673   20.90   410.7  265821.   2.32   6.94   0.22  -6.53    9.77  0.22  0.39  0.30  -1.00   -1.0        -1.  21.03  409.0 246389.
278 10 50 44 0.64 125.88 281.96 -6.37 1673   20.48   432.5  171564.   0.17   4.31   8.05  -6.08   -0.22  0.74  0.42  0.57   1.03  439.2    331590.  20.54  436.4 180595.
278 10 53 26 0.64 125.88 281.94 -6.37 1673   23.78   437.5  170658.   0.92   3.91   7.28  -4.59   -2.30  0.47  0.54  1.10  -1.00   -1.0        -1.  23.02  435.5 177691.
278 10 56 08 0.64 125.88 281.91 -6.37 1673   26.11   426.1  179419.   1.45   4.95   8.31  -4.56    0.44  0.15  0.10  0.20   0.96  434.9    303250.  25.31  422.8 184009.
278 10 58 50 0.64 125.88 281.89 -6.37 1673   24.09   431.3  124897.   1.00   5.06   8.18  -4.66    1.97  0.45  0.14  0.63   1.32  424.2    295181.  23.55  429.9 146005.
278 11 01 32 0.64 125.88 281.87 -6.37 1673   23.51   435.4  155513.   1.22   3.65   8.11  -4.35   -1.41  0.47  0.76  0.80   1.21  437.1    335904.  22.68  433.6 133466.
278 11 04 14 0.64 125.89 281.84 -6.37 1673   26.08   421.0  184314.   2.49   4.27   5.89   0.29   -3.78  0.40  0.33  0.30  -1.00   -1.0        -1.  25.41  422.9 187140.
278 11 06 56 0.64 125.89 281.82 -6.37 1673   22.94   419.7  213901.   3.15   4.70   3.29   0.67   -4.48  2.33  1.31  0.91  -1.00   -1.0        -1.  22.81  420.2 225261.
278 11 09 38 0.64 125.89 281.80 -6.37 1673   20.32   442.8  182417.   0.97   4.48   9.40  -4.27   -2.50  0.28  0.40  0.32  -1.00   -1.0        -1.  19.52  440.5 182213.
278 11 12 20 0.64 125.89 281.77 -6.37 1673   19.91   440.6  226924.   1.55   4.80   8.33  -5.33   -2.11  0.20  0.25  0.00  -1.00   -1.0        -1.  18.72  441.0 194911.
278 11 15 02 0.64 125.89 281.75 -6.37 1673   18.79   432.0  223643.   1.02   4.17   9.42  -6.91   -2.96  0.06  0.12  0.16  -1.00   -1.0        -1.  17.78  430.8 202460.
278 11 17 44 0.64 125.89 281.73 -6.37 1673   20.07   437.9  176895.   0.19   3.93   9.62  -8.65   -2.45  0.18  0.19  0.16  -1.00   -1.0        -1.  19.50  440.3 187348.
278 11 20 26 0.64 125.89 281.70 -6.37 1673   19.03   437.6  158353.   0.11   3.70  10.40  -9.13   -1.66  0.29  0.26  0.16   0.46  455.0    298001.  19.06  435.2 174303.
278 11 23 08 0.64 125.89 281.68 -6.37 1673   18.69   435.2  157820.  -0.47   4.50   9.60 -10.25   -1.39  0.17  0.16  0.16  -1.00   -1.0        -1.  17.44  434.5 135607.
278 11 25 50 0.64 125.90 281.66 -6.37 1673   18.58   434.2  155815.  -1.28   4.14   8.80 -10.63   -1.47  0.13  0.21  0.25  -1.00   -1.0        -1.  18.00  431.4 169914.
278 11 28 32 0.64 125.90 281.63 -6.37 1673   17.88   433.2  174098.  -0.89   4.09   8.49 -10.96   -1.76  0.16  0.27  0.15  -1.00   -1.0        -1.  15.99  432.1 146385.
278 11 31 14 0.64 125.90 281.61 -6.37 1673   19.31   418.2  202804.  -0.92   5.54   4.64 -10.37    0.10  0.46  0.26  0.75  -1.00   -1.0        -1.  19.01  418.1 236121.
278 11 33 56 0.64 125.90 281.59 -6.37 1673   21.92   413.1  233408.   2.27   5.15   2.97  -7.07   -0.01  0.26  0.23  0.55  -1.00   -1.0        -1.  21.16  408.9 242341.
278 11 36 38 0.64 125.90 281.56 -6.37 1673   20.66   417.9  246977.   2.08   5.02   0.90  -5.55    0.52  0.24  0.32  0.30  -1.00   -1.0        -1.  20.58  413.7 251788.
278 11 39 20 0.64 125.90 281.54 -6.37 1673   20.67   432.4  257778.   0.05   4.62  -1.13  -4.61   -1.23  0.27  0.35  0.28  -1.00   -1.0        -1.  19.75  428.5 261468.
278 11 42 02 0.64 125.90 281.52 -6.37 1673   20.35   430.6  250024.   1.01   7.01  -2.72  -4.48   -3.83  0.21  0.42  0.30  -1.00   -1.0        -1.  19.50  433.0 275784.
278 11 44 44 0.64 125.90 281.49 -6.38 1673   20.39   427.5  285955.   1.31   6.19  -4.54  -1.36   -1.90  0.64  0.30  0.43  -1.00   -1.0        -1.  19.67  427.2 261313.
278 11 47 26 0.64 125.91 281.47 -6.38 1673   20.34   422.3  260176.   1.66   5.37  -5.89   2.67    0.12  0.23  0.36  0.49  -1.00   -1.0        -1.  20.19  422.6 295337.
278 11 50 08 0.64 125.91 281.45 -6.38 1673   17.66   421.9  288765.   1.80   5.52  -4.96   5.43   -1.49  0.32  0.47  0.18  -1.00   -1.0        -1.  17.14  420.3 276288.
278 11 52 50 0.64 125.91 281.42 -6.38 1673   19.53   422.0  264070.   2.52   5.34  -4.80   4.74   -2.75  1.11  1.00  2.51  -1.00   -1.0        -1.  19.35  421.5 330358.
278 11 55 32 0.64 125.91 281.40 -6.38 1673   15.46   430.3  261660.   0.14   3.91  -5.72   8.36   -3.03  0.73  1.35  1.06  -1.00   -1.0        -1.  15.43  425.5 274209.
278 11 58 14 0.64 125.91 281.38 -6.38 1673   14.21   426.5  258382.  -0.41   4.62  -8.82   8.96   -3.03  0.65  0.33  0.13  -1.00   -1.0        -1.  14.74  426.9 302038.
278 12 00 56 0.64 125.91 281.35 -6.38 1673   14.60   421.8  226197.   2.40   5.10  -8.57   8.55   -6.33  0.42  0.09  0.19  -1.00   -1.0        -1.  14.39  423.5 238245.
278 12 03 38 0.64 125.91 281.33 -6.38 1673   17.24   412.4  180436.   3.26   0.00  -4.27   2.42   -8.96  0.66  0.13  0.18  -1.00   -1.0        -1.  17.03  411.4 216783.
278 12 06 20 0.64 125.91 281.31 -6.38 1673   14.37   431.9  248770.   0.89   3.85 -10.29   8.92   -3.69  0.50  0.19  0.43  -1.00   -1.0        -1.  14.06  430.3 245158.
278 12 09 02 0.64 125.92 281.28 -6.38 1673   15.19   420.6  255910.   2.14   0.00  -2.17   2.22   -9.03  0.26  0.40  0.33  -1.00   -1.0        -1.  15.35  417.1 249884.
278 12 11 44 0.64 125.92 281.26 -6.38 1673   22.32   417.4  211319.   4.05   1.25  -3.70   2.96   -8.00  0.10  0.22  0.16  -1.00   -1.0        -1.  21.44  418.2 229569.
278 12 14 26 0.64 125.92 281.23 -6.38 1673   11.02   450.3  245034.  -1.36   8.20  -8.10   7.75  -10.64  0.33  0.65  0.74  -1.00   -1.0        -1.  10.60  447.7 238460.
278 12 17 08 0.64 125.92 281.21 -6.38 1673   18.37   429.6  287632.   4.69   0.07  -6.56   5.86   -9.21  2.03  1.11  0.28  -1.00   -1.0        -1.  16.83  426.9 252798.
278 12 19 50 0.64 125.92 281.19 -6.38 1673   13.79   436.7  236439.   2.54   4.78  -8.62   6.40  -10.46  0.22  0.21  0.57  -1.00   -1.0        -1.  13.73  436.7 241617.
278 12 22 32 0.64 125.92 281.16 -6.38 1673   16.14   431.2  244206.   3.48   2.79  -5.89   4.91   -9.61  0.41  0.29  0.32  -1.00   -1.0        -1.  16.11  426.2 258077.
278 12 25 14 0.64 125.92 281.14 -6.38 1673   15.80   431.0  229296.   3.08   3.57  -3.96   3.94  -11.60  0.42  0.37  0.46  -1.00   -1.0        -1.  15.78  428.9 282804.
278 12 27 56 0.64 125.92 281.12 -6.38 1673   18.80   422.7  212504.   4.06   1.69  -4.41  -1.92  -11.20  0.26  0.22  0.19  -1.00   -1.0        -1.  18.54  424.4 220564.
278 12 30 38 0.64 125.93 281.09 -6.38 1673   19.21   429.9  243755.   2.82   2.14  -5.59   1.21  -10.05  0.61  1.10  0.55  -1.00   -1.0        -1.  18.46  432.0 250115.
278 12 33 20 0.64 125.93 281.07 -6.38 1673   16.92   431.6  183350.   3.91   4.56  -5.83   4.47  -10.42  0.09  0.60  0.69  -1.00   -1.0        -1.  16.84  433.6 206501.
278 12 36 02 0.64 125.93 281.05 -6.38 1673   18.64   440.9  203253.   2.61   5.86  -5.92   1.41   -9.91  0.11  0.90  0.40  -1.00   -1.0        -1.  18.69  439.1 246519.
278 12 38 44 0.64 125.93 281.02 -6.38 1673   19.52   450.9  203548.   2.14   4.21  -3.88   0.05   -9.66  0.19  0.18  0.21  -1.00   -1.0        -1.  18.98  445.7 203035.
278 12 41 26 0.64 125.93 281.00 -6.38 1673   19.19   448.6  190038.   2.13   4.51  -0.29   3.61   -9.23  0.27  0.50  0.18  -1.00   -1.0        -1.  18.83  450.9 205913.
278 12 44 08 0.64 125.93 280.98 -6.38 1673   19.81   453.5  206803.   0.98   4.26  -2.28   2.81   -8.56  0.88  0.15  0.32  -1.00   -1.0        -1.  19.28  449.3 192897.
278 12 46 50 0.64 125.93 280.95 -6.38 1673   20.45   448.3  249167.   0.96   4.83  -3.55   2.84   -6.29  0.20  0.34  0.48  -1.00   -1.0        -1.  19.39  449.3 221516.
278 12 49 32 0.64 125.94 280.93 -6.38 1673   19.65   443.7  239213.   1.21   3.90  -3.30   3.25   -8.21  0.20  0.13  0.20  -1.00   -1.0        -1.  18.80  442.0 214051.
278 12 52 14 0.64 125.94 280.91 -6.38 1673   19.11   438.5  213291.   0.89   4.38  -5.00   3.25   -8.32  0.50  0.21  0.17  -1.00   -1.0        -1.  18.77  439.5 255059.
278 12 54 56 0.64 125.94 280.88 -6.38 1673   16.90   428.0  191357.   1.09   2.66  -4.12   1.75   -7.66  0.45  0.75  1.14  -1.00   -1.0        -1.  17.61  426.4 230589.
278 12 57 38 0.64 125.94 280.86 -6.38 1673   26.61   428.3  214132.   0.83   2.63   4.39   0.36    1.52  1.48  1.47  1.36  -1.00   -1.0        -1.  26.31  428.5 193446.
278 13 00 20 0.64 125.94 280.83 -6.38 1673   25.39   428.3  197357.   0.15   3.16   2.15  -0.46   -0.24  1.16  0.60  0.40  -1.00   -1.0        -1.  24.88  427.7 227603.
278 13 03 02 0.64 125.94 280.81 -6.38 1673   25.37   435.4  211962.   0.64   2.68   6.89   1.80    0.35  0.19  0.12  0.19   0.04  571.3    407643.  24.90  435.2 191110.
278 13 05 44 0.64 125.94 280.79 -6.38 1673   24.73   436.3  186247.   0.95   3.20   7.39   1.10    5.64  1.57  1.66  1.39  -1.00   -1.0        -1.  25.01  434.6 220827.
278 13 08 26 0.64 125.94 280.76 -6.38 1673   25.66   439.0  188947.  -0.13   4.17   7.78   0.79    3.70  0.25  0.30  0.61  -1.00   -1.0        -1.  25.18  436.5 195265.
278 13 11 08 0.64 125.95 280.74 -6.38 1673   25.44   449.9  190896.  -0.04   3.63   9.54   1.75    3.43  0.32  0.39  0.64  -1.00   -1.0        -1.  24.84  446.3 196405.
278 13 13 50 0.64 125.95 280.72 -6.38 1673   26.40   442.7  198497.  -0.94   4.19   8.30  -0.70    7.36  0.48  0.13  1.13  -1.00   -1.0        -1.  25.99  441.0 191672.
278 13 16 32 0.64 125.95 280.69 -6.38 1673   23.47   462.2  137309.  -0.37   4.30   9.86   1.30    6.91  0.08  0.20  0.17  -1.00   -1.0        -1.  22.82  458.3 135812.
278 13 19 14 0.64 125.95 280.67 -6.38 1673   26.33   463.7  144433.  -0.34   3.09  10.73   0.33    3.85  0.11  0.34  0.37   0.96  451.7    340062.  26.11  463.0 174897.
278 13 21 56 0.64 125.95 280.65 -6.38 1673   27.92   462.8  205017.  -1.14   2.77  10.69  -0.97    3.91  0.15  0.19  0.54   0.77  468.6    367907.  27.21  460.5 200823.
278 13 24 38 0.64 125.95 280.62 -6.38 1673   30.24   432.5  194625.  -0.14   1.70  -3.03   1.44   -2.02  1.05  0.85  0.53  -1.00   -1.0        -1.  29.43  429.6 191045.
278 13 27 20 0.64 125.95 280.60 -6.38 1673   29.68   428.0  196230.  -0.88   1.98  -3.53  -0.21   -0.59  0.32  0.64  0.43  -1.00   -1.0        -1.  29.98  429.9 229348.
278 13 30 02 0.64 125.95 280.58 -6.38 1673   31.96   431.1  201947.  -1.05   2.08  -4.98   0.83   -0.19  0.97  0.68  1.38  -1.00   -1.0        -1.  32.52  432.5 254559.
278 13 32 44 0.64 125.96 280.55 -6.38 1673   30.44   427.6  192997.  -0.90   1.48  -4.63   3.11   -1.11  0.70  0.71  0.18  -1.00   -1.0        -1.  30.56  427.7 233610.
278 13 35 26 0.64 125.96 280.53 -6.38 1673   31.46   422.8  222448.  -2.79   1.36  -7.11  -1.81    0.17  0.69  0.64  0.33  -1.00   -1.0        -1.  30.21  422.9 201849.
278 13 38 08 0.64 125.96 280.51 -6.38 1673   33.68   433.1  182427.  -0.02   0.64  -1.40   4.68   -1.77  0.29  0.26  0.53  -1.00   -1.0        -1.  32.90  436.1 197828.
278 13 40 50 0.64 125.96 280.48 -6.38 1673   35.66   447.0  175517.   0.99   1.64  -2.48   3.42   -7.42  0.26  0.74  1.13  -1.00   -1.0        -1.  34.96  448.9 189106.
278 13 43 32 0.64 125.96 280.46 -6.38 1673   36.81   446.3  179984.   0.70  -0.61  -2.60   2.81  -10.69  0.48  0.42  0.53  -1.00   -1.0        -1.  36.32  443.6 174475.
278 13 46 14 0.64 125.96 280.43 -6.38 1673   36.62   444.2  161757.   1.17   0.67  -3.27   6.00   -8.29  0.18  0.34  1.44  -1.00   -1.0        -1.  35.89  445.3 184149.
278 13 48 56 0.64 125.96 280.41 -6.38 1673   38.61   445.4  178093.   2.99   3.46  -1.68   5.64   -3.25  0.32  0.30  0.32  -1.00   -1.0        -1.  37.52  440.8 182914.
278 13 51 38 0.64 125.96 280.39 -6.38 1673   36.01   449.6  162196.   0.51   1.79   2.49  -0.18   -8.63  0.51  0.15  0.21   1.81  452.9    361488.  35.13  452.1 178945.
278 13 54 20 0.64 125.97 280.36 -6.38 1673   33.87   464.0  129483.  -2.34   3.00   7.88 -10.63   -6.10  0.51  0.92  0.73   2.23  458.2    513880.  33.26  463.6 134740.
278 13 57 02 0.64 125.97 280.34 -6.38 1673   34.42   460.7  140249.  -2.68   2.21   7.65 -12.59   -5.51  0.17  0.29  0.42   1.55  459.3    386151.  33.25  461.0 169414.
278 13 59 44 0.64 125.97 280.32 -6.38 1673   35.00   462.1  156975.  -2.11   2.49   8.08 -12.23   -5.15  0.43  0.22  0.75  -1.00   -1.0        -1.  33.64  463.0 142523.
278 14 02 26 0.64 125.97 280.29 -6.38 1673   36.00   460.8  147542.  -1.88   2.40   4.85 -10.10   -7.41  0.30  0.67  0.19  -1.00   -1.0        -1.  35.72  461.3 176472.
278 14 05 08 0.64 125.97 280.27 -6.38 1673   34.26   460.8  175868.  -2.25   0.42   3.57  -8.85  -10.17  0.33  0.09  0.27   1.60  467.4    381577.  32.12  462.0 155010.
278 14 07 50 0.64 125.97 280.25 -6.38 1673   32.17   456.7  149686.  -1.53  -1.60   0.82  -4.61  -15.19  0.67  0.77  0.54  -1.00   -1.0        -1.  32.33  456.7 176872.
278 14 10 32 0.64 125.97 280.22 -6.39 1673   30.95   444.5  131657.   0.00   0.00  -5.54   2.78  -15.23  2.01  1.04  0.49  -1.00   -1.0        -1.  30.24  444.2 155595.
278 14 13 14 0.64 125.97 280.20 -6.39 1673   -1.00    -1.0      -1.  -1.00  -1.00  -3.88   2.23  -16.02  0.00  0.00  0.00  -1.00   -1.0        -1.  -1.00   -1.0     -1.
278 14 15 56 0.64 125.92 280.12 -6.55 1673   -1.00    -1.0      -1.  -1.00  -1.00  -2.16   1.99  -17.67  0.11  0.46  0.16  -1.00   -1.0        -1.  -1.00   -1.0     -1.
278 14 16 30 0.64 125.98 280.17 -6.39 1673   -1.00    -1.0      -1.  -1.00  -1.00  -2.66   1.87  -17.74  0.44  0.51  0.18  -1.00   -1.0        -1.  -1.00   -1.0     -1.
278 14 19 12 0.64 125.98 280.15 -6.39 1673   32.42   451.4  134866.  -0.37  -1.95  -3.30   3.67  -17.72  0.23  0.46  0.20  -1.00   -1.0        -1.  30.77  449.8 129422.
278 14 19 22 0.64 125.98 280.15 -6.39 1673   30.75   465.4  130120.  -2.30  -2.15  -3.78   4.51  -17.85  0.48  0.78  0.23  -1.00   -1.0        -1.  29.64  464.6 130019.
278 14 19 32 0.64 125.98 280.15 -6.39 1673   26.28   463.7  125797.  -1.29  -2.18  -4.66   5.35  -17.62  1.61  1.46  0.60  -1.00   -1.0        -1.  26.20  465.9 133856.
278 14 21 20 0.64 125.98 280.13 -6.39 1673   18.67   485.8  229169.  -2.94   0.73  -9.60  10.78  -15.07  0.18  0.19  0.14  -1.00   -1.0        -1.  18.53  481.9 215392.
278 14 24 02 0.64 125.92 280.05 -6.55 1673   -1.00    -1.0      -1.  -1.00  -1.00  -9.63  12.49   13.88  0.27  0.53  0.61  -1.00   -1.0        -1.  -1.00   -1.0     -1.
278 14 25 51 0.64 125.98 280.09 -6.39 1673   16.53   490.9  310234.  -0.37   9.12  -9.47   6.60   18.40  0.19  1.66  0.66  -1.00   -1.0        -1.  15.59  490.8 280612.
278 14 26 44 0.64 125.98 280.08 -6.39 1673   20.25   491.5  347900.  -6.28  10.25 -10.83   1.10   16.92  0.75  2.06  0.73  -1.00   -1.0        -1.  20.26  492.0 331275.
278 14 29 26 0.64 125.98 280.06 -6.39 1673    9.31   520.4  350873.  -7.80   6.35 -13.22  14.67   14.46  0.29  1.09  1.54  -1.00   -1.0        -1.   9.04  521.2 348352.
278 14 32 08 0.64 125.98 280.04 -6.39 1673   12.60   516.6  357311.   0.00   0.00 -12.26  16.70   10.32  0.22  0.75  0.56  -1.00   -1.0        -1.  12.24  518.9 390676.
278 14 34 50 0.64 125.98 280.01 -6.39 1673   -1.00    -1.0      -1.  -1.00  -1.00 -11.20  12.42    5.45  0.00  0.00  0.00  -1.00   -1.0        -1.  -1.00   -1.0     -1.
278 14 36 39 0.64 125.99 280.00 -6.39 1673   14.86   511.7  329264.  -4.77  13.31 -13.99  14.62    5.04  0.86  0.21  0.69  -1.00   -1.0        -1.  13.95  513.1 275736.
278 14 47 27 0.64 125.99 279.90 -6.39 1673   13.85   552.1  534602. -12.08   6.09  -8.12   9.01  -16.16  0.42  0.95  1.13  -1.00   -1.0        -1.  13.12  556.7 498762.
278 14 58 15 0.64 126.00 279.81 -6.39 1673   11.01   550.2  439062. -11.59   3.96   0.03   3.18  -25.22  0.08  0.76  0.19  -1.00   -1.0        -1.  10.47  554.0 377377.
278 15 09 03 0.64 126.00 279.72 -6.39 1673    9.64   556.3  586184. -10.96   8.31  -2.35  -1.78  -22.33  0.19  0.99  0.33  -1.00   -1.0        -1.   9.57  564.0 623600.
278 15 19 51 0.64 126.01 279.62 -6.39 1673   10.06   589.7  802161.  -8.84  13.56  -4.93  15.89  -11.35  0.33  0.21  0.33  -1.00   -1.0        -1.  10.04  600.1 876584.
278 15 30 39 0.64 126.01 279.53 -6.39 1673   14.50   607.9  864866. -11.66   9.56  -6.51   6.72   15.62  0.42  2.15  2.06  -1.00   -1.0        -1.  13.88  609.6 844404.
278 15 41 27 0.64 126.02 279.43 -6.39 1673   12.78   601.0  711523. -11.50  14.88 -12.60  14.04   -0.85  0.46  0.42  1.43  -1.00   -1.0        -1.  13.18  599.7 680770.
278 15 52 15 0.64 126.02 279.34 -6.39 1673   11.32   622.3  789457. -13.59  10.44  -7.54   2.29  -18.03  0.15  0.35  0.20  -1.00   -1.0        -1.  10.98  629.8 763450.
278 16 03 03 0.64 126.03 279.25 -6.39 1673   11.50   641.3  834646. -13.05  14.39  -6.65   4.92  -14.58  0.97  1.07  0.66  -1.00   -1.0        -1.  11.43  649.2 794800.
278 16 13 51 0.64 126.03 279.15 -6.39 1673    9.85   629.6  650244. -15.58  17.08 -11.57   1.46   14.04  0.50  0.20  0.01  -1.00   -1.0        -1.  10.00  629.2 669046.
278 16 24 39 0.64 126.04 279.06 -6.39 1673   10.45   613.6  657845. -13.33  12.71  -6.24   8.53  -11.45  0.60  0.50  0.49  -1.00   -1.0        -1.  10.16  618.9 586350.
278 16 35 27 0.64 126.04 278.96 -6.39 1673   11.98   604.7  643292. -13.65  13.31  -7.95   8.78  -11.63  0.56  0.41  0.79  -1.00   -1.0        -1.  11.76  613.7 707293.
278 16 46 15 0.64 126.05 278.87 -6.40 1673   12.16   556.2  544204.  -8.19   9.42 -15.31  14.20   -4.71  0.31  0.16  0.39  -1.00   -1.0        -1.  11.14  561.4 484573.
278 16 57 03 0.64 126.05 278.78 -6.40 1673   15.29   541.7  563819.  -8.11   5.72  -8.26  14.08    2.16  0.15  0.35  0.41   0.13  666.1    599172.  15.22  542.7 557738.
278 17 07 51 0.64 126.06 278.68 -6.40 1673   14.99   524.8  457523.  -9.07   3.66 -13.84  12.44   -1.21  0.09  0.19  0.00   0.15  637.7    585905.  14.20  526.9 416293.
278 17 18 39 0.64 126.06 278.59 -6.40 1673   16.37   512.5  451679.  -8.19   1.34 -11.04  13.31   -3.32  0.10  0.30  0.05  -1.00   -1.0        -1.  15.98  515.7 414968.
278 17 29 27 0.64 126.07 278.50 -6.40 1673   16.04   518.9  384192.  -7.71   0.55 -11.94  11.81    4.92  0.09  0.17  0.21  -1.00   -1.0        -1.  15.64  523.7 397420.
278 17 40 15 0.64 126.07 278.40 -6.40 1673   16.27   517.6  351886.  -6.47   0.63 -13.36  11.53    0.22  0.05  0.20  0.20  -1.00   -1.0        -1.  16.06  516.5 349914.
278 17 51 03 0.64 126.08 278.31 -6.40 1673   21.56   514.6  300531.  -0.77   7.62 -12.49  16.19   -1.26  0.28  0.33  1.65  -1.00   -1.0        -1.  20.68  515.4 358087.
278 18 01 51 0.64 126.08 278.22 -6.40 1673   20.26   477.2  136045.   2.08   3.70 -16.72  16.20   -6.64  0.01  0.00  0.20   0.83  490.2    433708.  19.90  473.3 134152.
278 18 12 39 0.63 126.09 278.12 -6.40 1673   19.81   472.4  136835.   1.75   2.15 -14.88  15.12   -9.97  0.14  0.09  0.19   0.81  494.5    484696.  19.43  474.5 144186.
278 18 23 27 0.63 126.09 278.03 -6.40 1673   21.84   468.7  150134.   0.00   0.00 -13.91  14.64  -11.49  0.16  0.05  0.20   1.06  485.3    409020.  20.94  467.1 134031.
278 18 30 39 0.63 126.04 277.91 -6.56 1673   -1.00    -1.0      -1.  -1.00  -1.00 -13.11  13.24  -12.28  0.36  0.15  0.20  -1.00   -1.0        -1.  -1.00   -1.0     -1.
278 18 31 51 0.63 126.10 277.95 -6.40 1673   -1.00    -1.0      -1.  -1.00  -1.00 -13.45  12.99  -12.44  0.21  0.57  0.52  -1.00   -1.0        -1.  -1.00   -1.0     -1.
278 18 42 39 0.63 126.10 277.86 -6.40 1673   21.42   463.4  130292.   1.68   1.62 -17.66  12.32   -5.82  0.00  0.00  0.00   0.90  480.1    337905.  20.54  461.2 123195.
278 18 45 03 0.63 126.10 277.84 -6.40 1673   22.47   458.4  127437.   1.64   4.24 -17.45  12.37   -6.22  0.21  0.05  0.40   1.06  464.4    270012.  20.88  460.2 142503.
278 18 55 51 0.63 126.11 277.75 -6.40 1673   21.03   461.8  125592.   2.29   1.60 -14.61  13.47  -11.18  0.19  0.05  0.00   0.95  471.5    324092.  20.48  457.7 122194.
278 19 24 03 0.63 126.12 277.50 -6.41 1673   -1.00    -1.0      -1.  -1.00  -1.00 -13.78  16.49  -12.56  0.00  0.00  0.00  -1.00   -1.0        -1.  -1.00   -1.0     -1.
278 19 27 57 0.63 126.07 277.41 -6.57 1673   -1.00    -1.0      -1.  -1.00  -1.00 -13.80  16.19  -12.78  0.31  0.35  0.18  -1.00   -1.0        -1.  -1.00   -1.0     -1.
278 19 29 27 0.63 126.13 277.45 -6.41 1673   -1.00    -1.0      -1.  -1.00  -1.00 -14.84  15.35  -12.71  0.23  0.19  0.20  -1.00   -1.0        -1.  -1.00   -1.0     -1.
278 19 32 09 0.63 126.13 277.43 -6.41 1673   -1.00    -1.0      -1.  -1.00  -1.00 -14.51  15.00  -14.47  0.16  0.27  0.36  -1.00   -1.0        -1.  -1.00   -1.0     -1.
278 19 32 19 0.63 126.12 277.42 -6.41 1673   11.62   491.8  103665.   1.31  -0.37 -14.73  14.90  -14.47  0.20  0.20  0.36   0.50  511.0    479914.  11.59  490.7  97993.
278 19 32 29 0.63 126.12 277.43 -6.41 1673   16.30   491.2   81296.   3.29  -1.69 -14.84  14.94  -14.31  0.16  0.20  0.32   0.69  492.3    472599.  15.27  486.2  74075.
278 19 32 39 0.63 126.13 277.43 -6.41 1673   14.34   488.0   68250.   3.01  -2.63 -14.80  15.06  -14.23  0.20  0.10  0.20   0.52  491.5    284838.  13.93  488.6  78291.
278 19 33 21 0.63 126.13 277.42 -6.41 1673   15.34   489.1   78752.   2.95  -2.63 -15.89  14.53  -13.19  0.31  0.12  0.25   0.49  482.2    341634.  14.09  484.9  73987.
278 19 36 05 0.63 126.13 277.40 -6.41 1673   14.33   489.6   59424.   2.55  -3.43 -15.91  14.61  -13.26  0.12  0.04  0.30   0.47  491.5    279237.  14.26  487.5  77466.
278 19 38 47 0.63 126.13 277.37 -6.41 1673   14.50   489.3   77986.   3.88  -1.14 -15.92  16.33  -11.28  0.16  0.12  0.00   0.37  483.6    267036.  14.45  484.5  71515.
278 19 41 29 0.63 126.13 277.35 -6.41 1673   18.63   482.3   77021.   4.03  -1.58 -16.55  15.93  -10.31  0.20  0.16  0.16   0.52  485.8    280745.  17.59  482.2  88676.
278 19 44 11 0.63 126.13 277.33 -6.41 1673   20.36   482.2   64436.   5.23  -1.85 -17.42  16.40   -8.48  0.12  0.30  0.46   0.53  492.9    388542.  19.88  475.8  63631.
278 19 46 53 0.63 126.13 277.30 -6.41 1673   21.11   480.1   58034.   4.95  -1.70 -17.08  16.49   -9.04  0.08  0.16  0.20   0.34  487.3    257213.  19.28  474.9  49097.
278 19 49 35 0.63 126.14 277.28 -6.41 1673   18.38   485.5   82326.   4.57  -1.84 -17.44  15.57   -8.78  0.22  0.29  0.23   0.57  487.6    235344.  18.50  480.0  70394.
278 19 52 17 0.63 126.14 277.26 -6.41 1673   16.15   487.4   57563.   6.23  -1.39 -17.67  15.97   -9.44  0.15  0.22  0.19   0.29  490.5    342608.  16.11  485.2  77053.
278 19 54 59 0.63 126.14 277.23 -6.41 1673   22.96   487.3   66174.   6.43  -1.91 -16.61  13.07  -11.08  1.10  0.72  1.68   0.48  485.0    251327.  21.77  480.1  61919.
278 19 57 41 0.63 126.14 277.21 -6.41 1673   30.89   480.0   59671.   7.00  -2.76 -16.71  12.49   -9.78  0.30  0.67  1.15   1.12  472.7    196597.  28.18  476.4  53330.
278 20 00 23 0.63 126.14 277.19 -6.41 1673   25.04   489.9   60766.   6.80  -3.77 -18.41  15.34    3.05  0.44  0.29  2.67   0.85  486.8    223949.  24.30  483.5  56952.
278 20 03 05 0.63 126.14 277.16 -6.41 1673   10.79   515.6  256986.   3.30  -5.12 -15.94   9.22   14.41  0.46  0.96  1.35  -1.00   -1.0        -1.  10.39  514.1 280858.
278 20 05 47 0.63 126.14 277.14 -6.41 1673   16.85   534.2  268537.   0.82  -0.89 -10.32   4.08   18.53  0.67  1.04  0.45  -1.00   -1.0        -1.  16.22  535.7 287177.
278 20 08 29 0.63 126.14 277.12 -6.41 1673   17.42   543.7  329611.   0.01  -1.73  -8.91   2.68   17.65  0.10  0.20  0.16  -1.00   -1.0        -1.  16.70  542.4 380102.
278 20 11 11 0.63 126.15 277.09 -6.41 1673   15.13   555.7  374606.  -1.29  -1.59  -9.42   3.88   18.35  0.33  1.01  0.36  -1.00   -1.0        -1.  14.93  560.0 401750.
278 20 13 53 0.63 126.15 277.07 -6.41 1673   10.75   591.4  359533.  -2.60  -4.64 -11.84   5.64   17.47  0.17  0.96  0.51  -1.00   -1.0        -1.  10.70  593.9 421715.
278 20 16 35 0.63 126.15 277.05 -6.41 1673   13.07   610.8  590320.  -3.25  -4.79 -11.36   3.30   17.17  1.01  0.90  0.13  -1.00   -1.0        -1.  12.35  611.1 553277.
278 20 19 17 0.63 126.15 277.02 -6.41 1673   15.96   596.3  675644.  -4.63  -7.52 -15.89   3.97    5.90  0.41  0.40  0.72  -1.00   -1.0        -1.  15.54  602.0 729419.
278 20 21 59 0.63 126.15 277.00 -6.41 1673   19.17   604.5  642493.  -2.28  -4.49 -14.41   5.81    0.05  0.18  0.24  0.82  -1.00   -1.0        -1.  18.57  604.0 650806.
278 20 24 41 0.63 126.15 276.98 -6.41 1673   12.48   626.1  746379.  -4.05  -6.16 -16.22   7.95   -5.69  0.51  0.49  1.69  -1.00   -1.0        -1.  12.27  621.3 773656.
278 20 27 23 0.63 126.15 276.95 -6.41 1673    8.77   681.3  602498.  -6.58  -4.82 -15.57   6.26  -12.28  0.35  0.26  0.42  -1.00   -1.0        -1.   8.69  675.5 570481.
278 20 30 05 0.63 126.16 276.93 -6.41 1673    9.14   672.4  549015.   0.00   0.00 -16.08   9.38  -11.86  0.18  0.31  0.30  -1.00   -1.0        -1.   8.47  673.2 481863.
278 20 32 47 0.63 126.16 276.91 -6.41 1673    8.50   666.3  625055.  -7.00  -1.99 -15.92  12.18   -7.09  0.87  1.21  3.27  -1.00   -1.0        -1.   8.04  662.0 602030.
278 20 35 29 0.63 126.16 276.88 -6.41 1673    9.11   666.1  590128.  -7.27  -4.03 -15.29  13.66   -5.72  0.43  0.57  0.57  -1.00   -1.0        -1.   8.91  670.3 715233.
278 20 38 11 0.63 126.16 276.86 -6.41 1673   11.13   694.4 1082958.  -7.76  -2.96 -14.40  10.12    0.38  0.13  0.23  0.32  -1.00   -1.0        -1.  10.70  705.1 247720.
278 20 40 51 0.63 126.16 276.84 -6.41 1673   11.53   693.7  981710.  -9.01  -2.73 -15.94   6.43   -2.97  1.52  0.78  2.51  -1.00   -1.0        -1.  11.21  696.9 145120.
278 20 43 33 0.63 126.16 276.81 -6.41 1673   -1.00    -1.0      -1.  -1.00  -1.00 -17.05   7.14   -9.13  0.28  0.40  0.30  -1.00   -1.0        -1.  -1.00   -1.0     -1.
278 20 46 15 0.63 126.16 276.79 -6.41 1673   11.45   710.9 1099798.  -8.38  -1.95 -15.84   9.24   -4.98  0.00  0.00  0.00  -1.00   -1.0        -1.  10.53  715.0 025837.
278 20 48 57 0.63 126.16 276.77 -6.41 1673   12.28   705.4 1034049.  -8.87   0.30 -14.07   7.62   -1.09  1.11  0.87  0.18   0.10  868.2   1065910.  11.93  710.2 156087.
278 20 51 41 0.63 126.17 276.74 -6.41 1673   13.45   740.4 1030463. -10.27  -2.67  -9.79   2.16    0.25  1.22  0.51  0.54  -1.00   -1.0        -1.  13.27  739.3 057490.
278 20 54 23 0.63 126.17 276.72 -6.41 1673   12.91   736.4  990806. -10.01  -3.64 -11.71   4.20    2.16  0.08  0.37  0.33  -1.00   -1.0        -1.  12.28  745.3 070276.
278 20 57 05 0.63 126.17 276.70 -6.41 1673   12.78   716.6 1083997.  -8.33  -4.07 -12.83   9.51    3.19  0.23  0.37  1.38  -1.00   -1.0        -1.  12.19  718.9 054475.
278 20 59 47 0.63 126.17 276.67 -6.41 1673   12.28   716.7 1099434.  -8.85  -5.36 -12.14   7.56    6.53  1.19  0.46  1.23  -1.00   -1.0        -1.  11.81  720.0 235297.
278 21 02 29 0.63 126.17 276.65 -6.41 1673   11.17   740.0  998342.  -9.12  -5.68  -2.50   9.80   10.07  0.78  0.64  1.15  -1.00   -1.0        -1.  11.02  738.6 964610.
278 21 05 11 0.63 126.17 276.63 -6.41 1673   12.42   722.8  845483.   0.00  -4.73  -0.69  13.58    4.80  0.99  0.11  1.01  -1.00   -1.0        -1.  11.57  721.8 780254.
278 21 07 53 0.63 126.17 276.60 -6.41 1673   11.27   709.3 1275007.  -9.60  -5.41 -11.73   6.67    8.25  0.75  0.67  0.35  -1.00   -1.0        -1.  11.84  718.5 493719.
278 21 10 35 0.63 126.17 276.58 -6.41 1673   11.32   698.4 1039559.  -8.24  -6.82 -17.02   7.14    1.25  0.34  0.36  1.37  -1.00   -1.0        -1.  11.25  693.6 000058.
278 21 13 17 0.63 126.18 276.56 -6.41 1673   11.73   702.4 1166482.  -7.37  -1.35 -16.16   8.10    0.14  0.12  0.29  0.32  -1.00   -1.0        -1.  11.53  698.6 172979.
278 21 15 59 0.63 126.18 276.53 -6.41 1673   12.07   724.2 1535195.  -8.83  -0.28 -12.26   6.06    0.04  1.11  0.87  1.58  -1.00   -1.0        -1.  12.54  737.7 750165.
278 21 18 41 0.63 126.18 276.51 -6.41 1673   11.30   703.2 1243561.  -9.16  -1.03 -11.73   3.69    3.50  2.88  1.75  5.00  -1.00   -1.0        -1.  11.18  703.1 282855.
278 21 21 23 0.63 126.18 276.48 -6.41 1673   11.82   689.5 1168873.  -9.34  -1.45 -17.29   3.01    2.43  0.74  0.93  1.97  -1.00   -1.0        -1.  12.22  697.0 384986.
278 21 24 05 0.63 126.18 276.46 -6.41 1673   11.11   692.1  957022.  -6.71  -5.51 -12.80   5.06    6.41  0.65  1.06  1.36  -1.00   -1.0        -1.  11.42  695.5 158114.
278 21 26 47 0.63 126.18 276.44 -6.41 1673   11.50   688.0 1198031.  -7.84  -1.00 -14.78   4.43    3.38  0.55  0.38  1.92  -1.00   -1.0        -1.  11.82  698.4 412533.
278 21 29 29 0.63 126.18 276.41 -6.42 1673   11.57   684.5  989818.  -6.20  -6.76 -16.64   7.44    0.97  0.11  0.22  1.46   0.32  810.9   1058841.  11.73  689.9 159985.
278 21 32 11 0.63 126.19 276.39 -6.42 1673   11.40   686.3 1171368.  -7.14  -7.34 -16.43   5.54   -4.34  0.39  0.17  0.46  -1.00   -1.0        -1.  11.51  679.7 165546.
278 21 34 53 0.63 126.19 276.37 -6.42 1673   10.98   702.1  902240.  -6.25  -4.09 -10.91   7.83   -8.69  0.85  1.03  2.06  -1.00   -1.0        -1.  10.99  710.6 940702.
278 21 37 35 0.63 126.19 276.34 -6.42 1673   12.94   699.0 1107750.  -5.60   1.00  -8.14   5.95    7.35  2.75  0.71  3.96  -1.00   -1.0        -1.  12.61  700.2 023031.
278 21 40 17 0.63 126.19 276.32 -6.42 1673   12.34   695.7  918196.   0.00  -0.35 -10.05  13.29   -0.74  0.72  1.48  1.65  -1.00   -1.0        -1.  12.63  693.2 123342.
278 21 42 59 0.63 126.19 276.30 -6.42 1673   -1.00    -1.0      -1.  -1.00  -1.00 -12.28  10.42   -6.90  0.34  0.98  0.79  -1.00   -1.0        -1.  -1.00   -1.0     -1.
278 23 56 49 0.63 126.20 275.08 -6.58 1673   -1.00    -1.0      -1.  -1.00  -1.00 -14.87  15.53    9.36  0.00  0.00  0.00  -1.00   -1.0        -1.  -1.00   -1.0     -1.
