173  0 07 38 0.85 135.74 246.26  3.59 1669    6.64   423.2   65950.   4.40   0.26  -1.80   5.78   -5.54  0.00  0.00  0.00   0.24  425.1    274014.   6.47  421.4  73678.
173  0 17 16 0.85 135.74 246.17  3.59 1669    5.90   422.7   70404.   3.74   0.22  -2.21   6.28   -4.76  0.10  0.30  0.00   0.24  421.6    381837.   6.38  421.5  62478.
173  0 28 04 0.85 135.74 246.07  3.59 1669    6.18   390.7   93861.   2.70   0.70  -6.86   3.80   -3.86  0.24  0.09  0.18   0.21  418.6    347546.   6.15  389.4  82225.
173  0 38 52 0.85 135.74 245.97  3.59 1669    6.01   403.1   73136.   3.69   0.30  -4.54   5.92   -2.65  0.20  0.05  0.05   0.21  415.2    255745.   5.57  401.4  71609.
173  0 49 40 0.85 135.74 245.87  3.59 1669    6.39   421.2   63212.   2.60  -2.53  -2.44   3.69   -6.91  0.35  0.30  0.20   0.20  425.9    271779.   6.30  416.3  61899.
173  1 00 28 0.85 135.74 245.77  3.58 1669    6.65   398.3   84642.   3.59   2.67  -6.36   4.66   -0.95  0.00  0.00  0.00   0.19  415.9    337476.   6.77  400.1  95141.
173  1 11 16 0.85 135.74 245.67  3.58 1669    7.23   386.7   99744.   2.22   2.66  -4.92   3.38   -4.55  1.57  0.21  1.24   0.24  414.4    273897.   6.93  384.6  80240.
173  1 22 04 0.85 135.74 245.58  3.58 1669    6.87   401.3   71395.   2.65  -0.31  -4.66   3.38   -5.60  0.06  0.20  0.15   0.24  413.2    306031.   7.07  399.9  77888.
173  1 32 52 0.85 135.74 245.47  3.58 1669    8.15   401.2   85529.   2.24  -1.14  -5.11   2.48   -5.38  0.00  0.00  0.00   0.27  408.4    230264.   8.15  400.6  81296.
173  1 43 38 0.85 135.74 245.38  3.58 1669    7.94   387.5   87952.   2.25   0.10  -6.13   3.42   -3.59  0.00  0.45  0.20   0.18  417.3    261722.   8.25  386.3  84613.
173  1 54 26 0.85 135.74 245.27  3.58 1669    7.71   395.8   89297.   4.19   5.14  -6.06   4.45    1.94  0.29  0.16  0.19   0.19  409.2    212787.   7.42  393.9  76881.
173  2 05 14 0.85 135.69 245.13  3.59 1670   -1.00    -1.0      -1.  -1.00  -1.00  -4.11   4.74    3.27  0.69  0.10  0.76  -1.00   -1.0        -1.  -1.00   -1.0     -1.
173  2 26 50 0.85 135.74 244.98  3.58 1669    8.15   425.2   81296.   2.92  -1.25  -1.90   3.97   -6.38  0.00  0.00  0.00   0.23  423.4    216867.   7.67  423.0  58463.
173  2 59 14 0.85 135.74 244.68  3.58 1669    7.66   406.1   75813.   4.96   1.08  -3.36   5.89   -3.48  0.24  0.09  0.19   0.24  419.0    319635.   7.46  405.0  59950.
173  3 10 04 0.85 135.74 244.58  3.57 1669    7.72   402.4   66990.   4.50   0.10  -4.78   4.72   -4.14  0.46  0.05  0.20   0.16  412.1    190425.   7.17  398.1  50328.
173  3 20 52 0.85 135.74 244.48  3.57 1669    7.67   399.0   79435.   2.63  -1.18  -4.49   2.77   -6.26  0.00  0.00  0.00   0.18  410.2    275391.   7.55  395.7  71300.
173  3 31 40 0.85 135.74 244.38  3.57 1669    7.67   409.5   63576.   1.52  -2.61  -2.57   1.38   -8.15  0.01  0.00  0.20   0.21  423.7    193647.   7.58  409.1  63566.
173  3 42 28 0.85 135.74 244.28  3.57 1669    8.38   421.1   66450.  -0.75  -2.62  -0.66   0.03   -8.35  0.20  0.35  0.00   0.26  421.8    323222.   8.33  423.3  76118.
173  3 53 16 0.85 135.74 244.18  3.57 1669    8.66   420.5   78021.   0.37  -2.42  -0.27   0.55   -8.11  0.16  0.21  0.17  -1.00   -1.0        -1.   7.99  421.9  61331.
173  4 04 04 0.85 135.74 244.08  3.57 1669    8.19   424.5   62991.   1.93  -1.94   0.13   2.18   -7.51  0.00  0.00  0.19   0.18  413.1    255498.   7.96  423.9  64056.
173  4 14 52 0.85 135.74 243.98  3.57 1669    8.77   407.2   68614.  -4.31  -0.65  -4.16  -6.53   -5.39  0.26  0.30  0.65   0.23  416.4    212631.   9.24  409.2  77817.
173  4 25 40 0.85 135.74 243.89  3.57 1669    8.66   397.2   99643.   1.66  -0.63  -5.37   1.67   -5.59  0.39  0.37  0.17  -1.00   -1.0        -1.   8.85  395.8  89498.
173  4 36 28 0.85 135.74 243.79  3.57 1669    9.32   396.7   86419.   4.11   4.96  -4.57   5.75   -0.04  0.10  0.20  0.05  -1.00   -1.0        -1.   9.66  395.6  96944.
173  4 47 16 0.85 135.74 243.69  3.57 1669    8.82   402.2   91184.   2.56  -0.78  -4.18   2.97   -5.67  0.33  0.14  0.23   0.21  409.2    280381.   8.78  401.3  97070.
173  4 58 04 0.85 135.74 243.59  3.57 1669    8.48   393.0   87744.   4.35   1.71  -5.20   4.56   -2.42  0.25  0.10  0.01   0.18  423.4    171428.   8.72  393.0 103967.
173  5 08 52 0.85 135.74 243.49  3.57 1669    8.34   401.7  119920.   1.79   7.76  -5.29   1.33    3.76  0.19  0.08  0.33   0.13  432.5    242270.   8.96  400.0 131537.
173  5 19 40 0.85 135.74 243.39  3.57 1669    9.06   384.2   99396.   0.77   4.52  -8.50  -0.41    1.12  0.10  0.25  0.01  -1.00   -1.0        -1.   9.52  382.7 123116.
173  5 30 28 0.85 135.74 243.29  3.56 1669    8.62   381.3  115736.  -1.83   5.36  -8.46  -3.09    0.93  0.09  0.17  0.19  -1.00   -1.0        -1.   8.96  381.5 118436.
173  5 41 16 0.85 135.74 243.19  3.56 1669    9.24   380.1  113764.   1.74   3.82  -5.49   0.04   -0.21  1.21  1.21  0.53  -1.00   -1.0        -1.   9.70  382.5 129003.
173  5 52 04 0.85 135.74 243.09  3.56 1669    7.86   409.4  100130.   3.00  -1.58  -3.02   2.56   -6.43  0.00  0.00  0.00   0.17  415.0    257512.   7.41  405.9  89128.
173  6 02 52 0.85 135.74 242.99  3.56 1669    8.44   409.4  107644.   4.87  -0.27  -3.52   3.69   -5.79  0.16  0.45  0.33  -1.00   -1.0        -1.   8.46  407.2  91980.
173  6 13 40 0.85 135.74 242.89  3.56 1669    8.28   391.6  117289.   2.98   3.27  -7.83   3.14   -0.42  0.05  0.00  0.19  -1.00   -1.0        -1.   7.99  388.0  98256.
173  6 24 28 0.85 135.74 242.79  3.56 1669    8.81   402.4  122295.   4.54   4.38  -6.20   4.34   -0.57  0.01  0.00  0.20  -1.00   -1.0        -1.   8.49  399.9 115379.
173  6 35 16 0.85 135.74 242.69  3.56 1669    8.05   387.6  125975.   0.67   4.53  -8.78   0.86    1.07  0.26  0.09  0.33   0.07  459.9    249845.   8.25  384.9  98747.
173  6 46 04 0.85 135.74 242.59  3.56 1669    8.01   417.7   97480.   0.00   0.00  -3.96   6.28    0.46  0.35  0.15  0.20   0.17  433.1    229926.   8.57  415.0  96801.
173  6 56 52 0.85 135.74 242.50  3.56 1669    9.03   388.1  119761.   2.82   0.82  -8.74  -0.08   -2.97  0.09  1.38  0.29  -1.00   -1.0        -1.   8.95  384.4 110538.
173  7 07 40 0.85 135.74 242.39  3.56 1669   10.44   414.9  128902.   7.08   2.63  -4.87   5.84   -0.13  0.95  0.40  0.37  -1.00   -1.0        -1.   9.92  411.9 112263.
173  7 18 28 0.85 135.74 242.30  3.56 1669    8.66   415.0  103642.   5.90   4.28  -4.44   6.53    1.83  0.00  0.00  0.00   0.17  415.2    255290.   8.59  410.6 111585.
173  7 29 16 0.85 135.74 242.19  3.56 1669    8.33   405.5  116782.   5.17   3.82  -5.52   6.00    0.71  0.00  0.05  0.33   0.15  435.9    199702.   8.32  402.8  97379.
173  7 40 04 0.85 135.74 242.10  3.56 1669    7.54   420.2   85941.   4.83   0.23  -2.30   6.32   -4.25  0.48  0.23  0.32   0.19  438.9    330199.   7.61  417.4  88010.
173  7 50 52 0.85 135.74 242.00  3.55 1669    7.75   401.4   91538.   4.04   4.23  -6.64   5.53    1.59  0.00  0.00  0.00   0.18  421.2    186306.   7.65  399.8 105900.
173  8 01 40 0.85 135.74 241.90  3.55 1669    8.60   401.2  114937.   4.74   1.49  -5.90   5.34   -2.31  0.01  0.01  0.20   0.19  414.8    197207.   8.29  399.2  95196.
173  8 12 26 0.85 135.74 241.80  3.55 1669    7.05   421.0   94494.   0.00   0.00  -0.45   5.22   -6.28  0.16  0.25  0.29   0.15  414.9    199936.   7.38  420.9  86081.
173  9 46 02 0.85 135.69 240.89  3.56 1670   -1.00    -1.0      -1.  -1.00  -1.00  -7.07   4.42    1.51  0.00  0.00  0.00  -1.00   -1.0        -1.  -1.00   -1.0     -1.
173  9 56 50 0.85 135.74 240.84  3.55 1669    6.72   437.5  124854.   1.40  -0.82   0.00   0.00    0.00  0.00  0.00  0.00   0.17  466.0    326262.   7.33  437.3 137020.
173 10 07 38 0.85 135.74 240.74  3.54 1669    7.04   438.2  135266.   1.30  -0.16  -6.92   4.52    0.72  0.16  0.10  0.40   0.13  506.4    264801.   6.95  437.2 128519.
173 10 18 26 0.85 135.74 240.64  3.54 1669    7.50   439.7  148321.   0.78   0.99  -8.29   3.91    1.79  0.20  0.10  0.21   0.13  465.8    319895.   7.37  438.9 141159.
173 10 22 04 0.85 135.74 240.61  3.54 1669    7.44   431.9  136062.  -0.30   1.78  -7.89   3.80    2.39  0.22  0.16  0.00   0.13  480.1    287320.   7.17  431.2 119650.
173 10 32 52 0.85 135.74 240.51  3.54 1669    7.75   445.9  134655.   1.03  -0.35  -7.53   4.34    0.10  0.09  0.19  0.22  -1.00   -1.0        -1.   7.43  443.8 119657.
173 10 43 40 0.85 135.74 240.41  3.54 1669    6.65   427.4  150884.   0.04   2.54  -9.05   3.10    2.66  0.05  0.00  0.20   0.14  479.4    421715.   6.67  427.0 143397.
173 10 54 28 0.85 135.74 240.31  3.54 1669    7.37   421.3  149237.   0.00   0.00  -7.71   4.58    1.51  0.19  0.05  0.04   0.19  461.0    428900.   7.39  424.0 160971.
173 13 26 32 0.85 135.73 238.91  3.53 1669    8.22   419.4  183479.   2.55  -0.32  -8.54  -1.04    3.00  0.00  0.00  0.00   0.11  445.7    246779.   8.27  416.9 157693.
173 13 29 14 0.85 135.73 238.88  3.53 1669    6.80   420.3  173224.   0.00   6.87  -8.92  -0.52    3.26  0.21  1.11  0.43  -1.00   -1.0        -1.   6.14  422.9 181381.
173 13 31 56 0.85 135.73 238.86  3.53 1669    7.10   415.1  218962.   0.03   1.58  -8.06   2.96   -0.43  0.18  0.24  0.92  -1.00   -1.0        -1.   7.01  414.7 186016.
173 13 34 38 0.85 135.73 238.84  3.53 1669    6.60   479.1  121970.   1.37  -3.89   1.25   4.30   -6.12  0.20  0.18  0.32  -1.00   -1.0        -1.   6.56  478.7 109522.
173 13 37 22 0.85 135.73 238.81  3.53 1669    6.13   475.4  147821.   3.00  -4.08  -1.86   6.68   -5.18  0.51  0.10  0.20   0.08  492.4    228717.   6.52  474.1 128704.
173 13 40 04 0.85 135.73 238.78  3.53 1669    6.46   461.0  142780.   3.92  -3.73  -3.26   6.42   -5.37  0.37  0.15  0.19  -1.00   -1.0        -1.   6.55  459.8 114775.
173 13 42 46 0.85 135.73 238.76  3.53 1669    7.37   490.8  124731.   1.18  -2.67   3.11   4.83   -4.58  0.42  0.14  0.20  -1.00   -1.0        -1.   7.01  490.5 104366.
173 13 45 28 0.85 135.73 238.73  3.53 1669    7.93   450.9  143910.   3.99  -3.03  -4.15   6.75   -4.30  0.47  0.18  0.32  -1.00   -1.0        -1.   7.97  444.4 148799.
173 13 48 10 0.85 135.73 238.71  3.53 1669    7.33   448.7  117893.   3.74  -2.59  -2.83   6.25   -5.24  1.06  1.08  1.44  -1.00   -1.0        -1.   7.39  445.4 112257.
173 13 50 52 0.85 135.73 238.68  3.53 1669    7.90   470.1  110993.  -0.07  -5.23  -1.66   3.22   -8.18  0.80  0.21  0.20  -1.00   -1.0        -1.   7.81  471.1  95599.
173 13 53 34 0.85 135.73 238.66  3.53 1669    7.50   456.3  162741.   0.29   0.00  -5.55   4.35   -5.58  0.74  1.07  1.48   0.12  478.0    301431.   7.62  453.3 167896.
173 13 56 16 0.85 135.73 238.64  3.53 1669    6.22   464.4  129126.   2.23  -4.96  -5.08   5.02   -4.60  2.07  0.63  0.81  -1.00   -1.0        -1.   6.98  457.1 127512.
173 13 58 58 0.85 135.73 238.61  3.53 1669    6.40   481.2  135500.  -1.17  -3.39   0.89   3.80   -8.64  0.37  0.17  0.16   0.13  478.3    327925.   6.42  479.6 123094.
173 14 01 40 0.85 135.73 238.59  3.53 1669    7.45   460.4  178308.   0.89  -2.87  -2.30   4.86   -7.81  0.56  0.20  0.23  -1.00   -1.0        -1.   7.16  462.8 163089.
173 14 04 22 0.85 135.73 238.56  3.53 1669    7.90   438.3  187082.  -2.47   5.40  -6.66   2.12    5.28  0.41  0.79  0.44  -1.00   -1.0        -1.   7.82  440.1 214031.
173 14 07 04 0.85 135.73 238.53  3.53 1669    7.37   450.8  186445.   0.93   2.97  -7.15   2.78    4.96  0.50  1.09  0.53  -1.00   -1.0        -1.   7.19  445.6 183038.
173 14 09 46 0.85 135.73 238.51  3.53 1669    7.53   439.4  220054.  -2.27   4.09  -8.14   3.19    3.62  0.46  0.48  0.19   0.09  476.8    271337.   7.50  439.8 225034.
173 14 12 28 0.85 135.73 238.49  3.53 1669    7.24   454.2  169823.   2.30   2.16  -5.66   6.12    2.36  1.08  0.82  0.15  -1.00   -1.0        -1.   7.55  453.4 199332.
173 14 15 10 0.85 135.73 238.46  3.53 1669    7.76   441.8  229806.   0.38  -0.07  -6.53   6.18   -0.61  0.52  0.43  0.22  -1.00   -1.0        -1.   7.34  443.1 204419.
173 14 17 52 0.85 135.73 238.44  3.53 1669    7.26   446.1  189002.   1.04  -2.15  -6.87   5.45   -3.38  0.13  0.22  0.18   0.09  502.1    321247.   7.82  443.6 178821.
173 14 20 34 0.85 135.73 238.41  3.53 1669    6.82   446.5  179643.   1.37   1.09  -6.02   5.10    3.55  0.51  0.58  1.74   0.07  490.2    266127.   7.22  446.9 190278.
173 14 23 16 0.85 135.73 238.39  3.53 1669    7.05   432.3  242598.   0.11   0.78  -8.29   4.68   -0.98  0.23  0.10  0.52  -1.00   -1.0        -1.   7.46  433.1 208015.
173 14 25 58 0.85 135.73 238.36  3.53 1669    8.36   456.1  248855.   1.79   1.51  -6.07   6.05   -0.07  0.99  0.30  0.45  -1.00   -1.0        -1.   7.93  454.8 231946.
173 14 28 40 0.85 135.73 238.33  3.53 1669    6.63   440.1  220382.   0.65  -0.33  -8.24   4.04   -1.46  0.34  0.31  0.85  -1.00   -1.0        -1.   6.25  439.5 187131.
173 14 31 22 0.85 135.73 238.31  3.53 1669    7.03   449.9  174696.  -0.52  -0.02  -5.94   3.72   -5.25  0.49  0.54  0.89   0.10  488.4    230342.   6.82  452.0 170869.
173 14 34 04 0.85 135.73 238.29  3.53 1669    7.79   446.3  231410.   2.03   0.00  -5.28   5.83    0.85  0.37  0.27  1.68  -1.00   -1.0        -1.   7.59  443.2 197302.
173 14 36 46 0.85 135.73 238.26  3.53 1669    7.10   447.2  173390.   1.05   3.44  -6.44   5.57    1.32  0.52  0.44  0.17  -1.00   -1.0        -1.   7.22  447.8 205000.
173 14 39 28 0.85 135.73 238.24  3.53 1669    6.93   489.5  173146.   1.50  -2.07   0.09   4.65   -6.18  0.72  1.16  0.96   0.05  528.3    251509.   6.36  490.8 137813.
173 14 42 10 0.85 135.73 238.21  3.53 1669    7.01   466.4  162407.   2.56   1.58  -2.84   7.44    0.10  0.11  0.17  0.89   0.07  516.6    258006.   7.04  465.4 143653.
173 14 44 52 0.85 135.73 238.19  3.53 1669    6.96   461.5  162842.   1.80   6.31  -3.49   6.39    2.46  0.45  0.29  1.06  -1.00   -1.0        -1.   6.95  460.4 174439.
173 14 47 34 0.85 135.73 238.16  3.52 1669    7.41   468.3  172617.  -0.52  -4.21  -2.51   5.21   -5.84  0.99  0.74  0.93  -1.00   -1.0        -1.   7.58  466.7 177363.
173 14 48 26 0.85 135.69 238.11  3.53 1670   -1.00    -1.0      -1.  -1.00  -1.00  -4.69   5.69   -4.74  0.16  0.22  0.17  -1.00   -1.0        -1.  -1.00   -1.0     -1.
173 14 50 16 0.85 135.73 238.14  3.52 1669    7.21   453.9  167338.   0.41  -3.71  -4.87   4.89   -5.97  0.31  0.34  0.30   0.10  501.5    393583.   7.17  450.0 162621.
173 14 59 14 0.85 135.73 238.06  3.52 1669    7.10   467.6  170560.   2.20  -1.97  -4.06   5.56   -5.72  0.00  0.00  0.00   0.09  497.5    263450.   7.36  469.7 182995.
173 15 10 02 0.85 135.73 237.96  3.52 1669    7.96   449.4  200891.   2.47  -0.92  -5.16   6.94   -1.13  0.15  0.10  0.20  -1.00   -1.0        -1.   7.98  450.2 180127.
173 15 20 50 0.85 135.73 237.86  3.52 1669    6.83   448.0  156884.   0.57   4.56  -6.06   6.92    2.38  0.08  0.14  0.33  -1.00   -1.0        -1.   6.90  442.8 156647.
173 15 28 02 0.85 135.73 237.79  3.52 1669    7.21   452.4  166912.   2.45   1.78  -5.91   6.15    3.44  0.23  0.09  0.38   0.11  498.1    505616.   7.42  450.8 172366.
173 15 38 50 0.85 135.68 237.64  3.53 1670   -1.00    -1.0      -1.  -1.00  -1.00  -7.72   4.01    4.69  0.09  0.15  0.19  -1.00   -1.0        -1.  -1.00   -1.0     -1.
173 15 48 02 0.85 135.73 237.61  3.52 1669    7.88   444.7  159704.   0.00   0.00  -7.74   3.38    3.76  0.17  0.47  0.33  -1.00   -1.0        -1.   6.88  443.9 188713.
173 15 57 44 0.85 135.68 237.47  3.53 1670   -1.00    -1.0      -1.  -1.00  -1.00  -7.22   4.53    3.69  0.24  0.33  0.00  -1.00   -1.0        -1.  -1.00   -1.0     -1.
173 16 08 32 0.85 135.68 237.37  3.53 1670   -1.00    -1.0      -1.  -1.00  -1.00  -6.20   4.15    4.51  0.10  0.25  0.01  -1.00   -1.0        -1.  -1.00   -1.0     -1.
173 16 19 20 0.85 135.68 237.27  3.53 1670   -1.00    -1.0      -1.  -1.00  -1.00  -3.87   1.86    2.64  0.53  3.91  2.68  -1.00   -1.0        -1.  -1.00   -1.0     -1.
173 16 31 14 0.85 135.73 237.21  3.52 1669    6.31   464.7  215607.  -5.47   4.13  -6.11   3.38    5.12  0.10  0.20  0.20  -1.00   -1.0        -1.   6.18  466.7 194638.
173 16 42 02 0.85 135.73 237.11  3.52 1669    5.92   458.4  186406.  -3.50   5.68  -6.57  -0.26    7.12  0.09  0.19  0.00  -1.00   -1.0        -1.   5.28  457.3 159444.
173 16 52 50 0.85 135.73 237.01  3.52 1669    6.29   471.8  200287.  -4.60   5.80  -5.60  -2.29    7.79  0.35  0.15  0.16  -1.00   -1.0        -1.   6.30  472.1 189154.
173 17 03 38 0.85 135.73 236.91  3.52 1669    6.56   447.6  259233.  -1.79   1.79  -7.76   2.91    3.16  0.09  0.19  0.19  -1.00   -1.0        -1.   6.68  446.5 219001.
173 17 14 26 0.85 135.73 236.81  3.51 1669    6.48   468.7  232953.   0.98  -3.80  -5.66   4.70   -3.72  0.25  0.10  0.20  -1.00   -1.0        -1.   6.52  468.1 203750.
173 17 25 14 0.85 135.73 236.71  3.51 1669    6.41   464.3  196951.   1.16  -0.74  -6.01   5.19   -1.87  0.29  0.16  0.04   0.13  491.3    313398.   5.88  461.1 190012.
173 17 36 02 0.85 135.73 236.61  3.51 1669    6.58   517.0  193764.  -7.41  -1.73  -0.07  -0.83   -7.86  0.60  0.35  0.01  -1.00   -1.0        -1.   6.66  518.0 203847.
173 17 46 50 0.85 135.73 236.51  3.51 1669    5.76   480.2  166799.   0.35  -5.22  -4.81   4.53   -4.68  0.29  0.29  0.00   0.05  522.7    249936.   5.78  478.3 144599.
173 17 57 38 0.85 135.73 236.41  3.51 1669    6.20   442.9  177278.  -1.38   0.73  -8.68   2.06    0.79  0.10  0.30  0.01   0.07  548.6    305095.   6.05  446.7 219134.
173 18 08 26 0.85 135.73 236.31  3.51 1669    5.90   444.6  138202.  -4.29   4.61  -9.09  -0.62    4.20  0.05  0.40  0.19  -1.00   -1.0        -1.   5.83  441.2 120527.
173 18 19 14 0.85 135.73 236.21  3.51 1669    5.70   482.1  154458.  -0.71   5.59  -5.60  -0.61    6.38  0.15  1.25  0.05   0.11  511.1    464257.   5.47  481.3 151063.
173 18 30 02 0.85 135.73 236.11  3.51 1669    6.42   486.1  152021.  -6.44   5.71  -4.73  -4.90    7.85  0.31  0.29  0.20   0.08  524.3    301444.   6.36  488.1 170658.
173 18 40 50 0.85 135.73 236.02  3.51 1669    5.53   462.6  136409.  -3.78   4.99  -7.07  -1.28    7.32  0.00  0.00  0.00  -1.00   -1.0        -1.   5.56  466.0 144946.
173 18 51 38 0.85 135.73 235.92  3.51 1669    6.55   468.5  172009.   0.87   2.34  -6.82   2.62    5.56  0.25  0.16  0.00   0.06  553.0    401405.   6.14  467.1 145352.
173 19 02 26 0.85 135.73 235.82  3.51 1669    6.45   460.0  157391.  -4.62   3.89  -9.06  -5.17    2.51  0.05  0.20  0.20   0.07  533.2    436437.   6.51  463.0 179260.
173 19 13 14 0.85 135.73 235.72  3.51 1669    5.90   459.9  161845.   0.00   0.00  -6.78   0.72    6.06  0.05  0.42  0.00  -1.00   -1.0        -1.   6.14  459.2 161325.
173 19 24 02 0.85 135.73 235.62  3.51 1669    6.25   456.7  170989.  -1.88   3.98  -6.76  -1.19    5.68  0.89  0.91  0.81  -1.00   -1.0        -1.   6.43  460.0 191149.
173 19 34 50 0.85 135.73 235.52  3.50 1669    6.26   467.1  174549.  -2.66   4.21  -7.06  -0.12    5.85  0.16  0.63  0.17   0.09  528.1    324547.   6.21  466.2 160769.
173 19 45 38 0.85 135.73 235.42  3.50 1669    6.15   454.2  152252.  -1.39   1.96  -7.70  -0.09    5.08  0.05  0.21  0.20   0.05  544.0    368479.   6.31  459.4 180078.
173 19 56 26 0.85 135.73 235.32  3.50 1669    6.06   449.4  120407.  -0.37  -0.13  -8.65   2.96   -0.77  0.09  0.24  0.05   0.08  526.9    371143.   6.41  452.9 151300.
173 20 07 14 0.85 135.73 235.22  3.50 1669    6.25   448.7  139784.  -1.77   0.49  -8.05  -2.20    4.98  0.00  0.00  0.00  -1.00   -1.0        -1.   5.98  442.2  71336.
173 20 18 02 0.85 135.73 235.12  3.50 1669    6.16   458.5  174663.  -5.69   3.56  -7.36  -4.07    5.36  0.14  0.09  0.19   0.07  545.9    364555.   6.30  460.0 169066.
173 20 53 08 0.85 135.68 234.75  3.51 1670   -1.00    -1.0      -1.  -1.00  -1.00  -8.16  -5.46   -0.40  0.00  0.00  0.00  -1.00   -1.0        -1.  -1.00   -1.0     -1.
173 21 03 56 0.85 135.73 234.70  3.50 1669    5.81   459.6  186663.  -6.04   0.33   0.00   0.00    0.00  0.00  0.00  0.00   0.06  526.0    475834.   5.79  458.9 155419.
173 21 11 46 0.85 135.73 234.63  3.50 1669    6.07   458.3  223936.   0.00   0.00  -8.28  -4.17    1.10  0.01  0.00  0.40   0.05  542.1    246948.   5.87  455.0 206534.
173 21 22 34 0.85 135.73 234.52  3.50 1669    6.06   452.8  184067.  -3.74   1.11  -8.70  -3.20    0.57  0.09  0.19  0.19  -1.00   -1.0        -1.   6.13  452.7 169742.
173 21 33 22 0.85 135.73 234.43  3.50 1669    6.05   461.8  231719.   0.41  -0.34  -8.27   0.63    0.73  0.00  0.00  0.20  -1.00   -1.0        -1.   6.23  459.6 207693.
173 21 44 10 0.85 135.73 234.33  3.50 1669    5.70   456.0  221831.   0.00   0.00  -8.43  -3.37    1.39  0.19  0.08  0.19  -1.00   -1.0        -1.   6.01  455.6 258857.
173 21 54 58 0.85 135.73 234.23  3.49 1669    6.10   456.1  220557.  -2.79   3.33  -7.70  -0.58    3.80  0.11  0.30  0.05  -1.00   -1.0        -1.   5.90  456.9 208164.
173 22 05 46 0.85 135.73 234.13  3.49 1669    6.02   463.0  302022.  -1.59  -0.30  -7.31  -2.34   -2.15  0.52  2.57  1.10  -1.00   -1.0        -1.   6.29  463.3 263249.
173 22 16 34 0.85 135.73 234.03  3.49 1669    5.27   468.0  162124.  -8.40  -0.41  -8.23  -5.55   -1.17  0.00  0.00  0.00  -1.00   -1.0        -1.   5.48  468.3 165697.
173 22 27 22 0.85 135.73 233.93  3.49 1669    5.70   457.1  181111.  -6.20   1.67  -8.38  -4.79    0.83  0.09  0.19  0.00  -1.00   -1.0        -1.   5.61  457.4 165272.
173 22 38 10 0.85 135.73 233.83  3.49 1669    5.64   461.7  200034.  -6.03  -1.05  -8.33  -4.70   -1.17  0.20  0.05  0.00   0.07  537.4    444870.   5.80  459.9 170372.
173 22 48 58 0.85 135.73 233.73  3.49 1669    5.40   442.8  119787.  -4.53  -1.29  -8.86  -2.85   -0.19  0.09  0.14  0.38  -1.00   -1.0        -1.   5.79  448.0 166870.
173 22 59 46 0.85 135.73 233.63  3.49 1669    5.31   454.3  119101.  -3.84   0.54  -9.22  -1.95    0.35  0.00  0.00  0.00   0.07  542.4    534099.   4.84  450.6  88946.
173 23 10 34 0.85 135.73 233.53  3.49 1669    5.23   452.7   96638.  -5.84   2.00  -9.04  -4.25    1.64  0.10  0.20  0.00   0.62  410.7    225950.   5.40  455.6  87380.
173 23 21 20 0.85 135.73 233.43  3.49 1669    5.18   452.4  132293.  -5.71   0.16  -9.02  -3.21   -0.05  0.15  0.05  0.33   0.09  508.5    324651.   5.38  451.7 112374.
173 23 32 08 0.85 135.73 233.33  3.49 1669    5.11   456.9   95235.   0.00   0.00  -9.25  -3.45    1.22  0.04  0.42  0.62  -1.00   -1.0        -1.   5.12  453.0  83596.
173 23 35 08 0.85 135.68 233.26  3.49 1670   -1.00    -1.0      -1.  -1.00  -1.00  -9.16  -2.95    1.69  0.09  0.14  0.38  -1.00   -1.0        -1.  -1.00   -1.0     -1.
173 23 45 56 0.85 135.68 233.16  3.49 1670   -1.00    -1.0      -1.  -1.00  -1.00  -8.45  -4.26    3.27  0.00  0.00  0.00  -1.00   -1.0        -1.  -1.00   -1.0     -1.
173 23 56 44 0.85 135.73 233.11  3.49 1669    5.55   464.3  151027.  -6.84   3.87  -8.25  -2.76    4.38  0.00  0.00  0.00  -1.00   -1.0        -1.   5.69  467.0 132898.
