282  0:00:24 0.60 128.67 237.93 -6.71 1673   6.74   727.8 453017. -5.60  5.71  -6.30  -3.39  12.39 1.24 0.88 0.49  0.25 748.1 955099.  6.41 726.1 398079.
282  0:03:06 0.60 128.67 237.91 -6.71 1673   6.71   721.7 370948. -4.91  5.72  -6.86  -2.44  12.19 0.37 0.75 0.25  0.28 750.21414768.  6.43 723.4 446728.
282  0:05:48 0.60 128.67 237.89 -6.71 1673   7.15   699.5 409618. -6.38  4.09 -10.16  -4.45   9.19 0.40 1.14 0.14  0.25 770.71448032.  6.53 698.5 394701.
282  0:08:30 0.60 128.67 237.86 -6.71 1673   6.81   691.8 415387. -4.63  4.19 -10.61  -2.33   8.95 0.54 0.49 0.60  0.32 755.21329529.  6.19 692.5 365958.
282  0:11:12 0.60 128.68 237.84 -6.71 1673   6.96   680.3 318765. -4.23  3.53 -12.22  -0.77   7.18 0.08 0.20 0.32  0.24 774.31396473.  6.31 677.4 297507.
282  0:13:54 0.60 128.68 237.82 -6.71 1673   6.87   704.5 388048. -1.46  4.73  -9.66   1.77   9.05 0.30 0.49 0.30  0.24 751.01286077.  5.98 703.5 336956.
282  0:16:36 0.60 128.68 237.79 -6.71 1673   6.65   686.9 312164. -3.71  3.86 -11.03  -1.63   8.52 0.19 0.54 0.20  0.25 768.41478178.  6.25 688.0 381447.
282  0:19:18 0.60 128.68 237.77 -6.71 1673   7.06   683.1 344700. -4.01  3.29 -12.23   3.04   5.47 0.75 1.71 0.27  0.17 779.8 880462.  6.40 682.8 301561.
282  0:22:00 0.60 128.68 237.75 -6.71 1673   7.10   681.7 324378. -2.38  3.06 -10.88   3.60   6.18 0.97 1.11 0.56  0.16 757.3 853227.  6.63 683.3 378952.
282  0:24:42 0.60 128.69 237.72 -6.71 1673   6.00   720.9 427029.  1.89  0.38  -9.65   3.70   3.34 2.79 3.98 0.68  0.27 752.11362793.  6.02 719.6 458630.
282  0:27:24 0.60 128.69 237.70 -6.71 1673   7.06   684.5 333994. -0.79  2.07 -10.35   4.85   4.88 1.29 1.80 0.20  0.29 769.31461546.  6.40 686.3 374586.
282  0:30:06 0.60 128.69 237.68 -6.71 1673   6.95   679.3 352289. -0.89  1.54 -12.17   1.41   4.67 0.13 1.06 0.47  0.30 752.81656350.  6.07 678.8 307382.
282  0:32:48 0.60 128.69 237.65 -6.71 1673   6.78   694.3 326925. -7.38  2.96 -11.53  -6.95   5.10 0.68 0.17 0.76  0.24 777.91418095.  6.37 695.5 381395.
282  0:35:30 0.60 128.69 237.63 -6.71 1673   7.16   683.8 379472. -6.93  0.67 -11.06  -7.01   4.04 1.74 0.41 2.80  0.27 765.41115182.  6.98 684.8 330095.
282  0:38:12 0.60 128.69 237.61 -6.71 1673   6.84   680.4 275469. -4.86  2.90 -12.56  -2.89   5.35 0.36 0.41 0.66  0.22 753.5 999798.  6.34 683.5 354160.
282  0:40:54 0.60 128.70 237.59 -6.71 1673   6.62   670.7 244596. -4.57  1.54 -12.91  -2.23   4.70 0.36 0.48 0.68  0.24 767.01018093.  6.15 675.8 291374.
282  0:43:34 0.60 128.70 237.56 -6.71 1673   6.61   676.8 276873. -6.00  1.42 -12.29  -5.48   3.20 0.55 1.74 0.40  0.19 759.41068613.  6.10 675.8 247039.
282  0:46:16 0.60 128.70 237.54 -6.71 1673  -1.00    -1.0     -1. -1.00 -1.00 -12.78  -4.77   1.61 0.40 0.64 1.57 -1.00  -1.0     -1. -1.00  -1.0     -1.
282  0:51:40 0.60 128.70 237.50 -6.71 1673  -1.00    -1.0     -1. -1.00 -1.00 -12.58  -3.94  -2.42 0.19 0.43 0.16 -1.00  -1.0     -1. -1.00  -1.0     -1.
282  0:51:50 0.60 128.70 237.49 -6.71 1673  -1.00    -1.0     -1. -1.00 -1.00 -12.56  -4.20  -2.32 0.19 0.59 0.22 -1.00  -1.0     -1. -1.00  -1.0     -1.
282  0:52:00 0.60 128.70 237.49 -6.71 1673   6.84   683.8 369908. -7.42  2.06 -12.57  -4.54  -1.98 0.18 0.99 0.82  0.24 769.61076513.  6.40 686.4 323858.
282  0:52:10 0.60 128.70 237.49 -6.71 1673   6.86   677.8 286748. -4.04  2.82 -12.22  -5.23  -1.39 0.68 1.35 1.20  0.25 779.61531193.  6.46 674.5 280719.
282  0:54:04 0.60 128.70 237.48 -6.71 1673   6.76   679.7 360865. -6.68 -0.96 -10.91  -1.35  -2.09 1.15 2.71 2.44  0.23 737.2 806241.  6.22 680.7 326093.
282  0:54:24 0.60 128.70 237.47 -6.71 1673   5.86   726.4 360761.  0.56  0.00  -9.47   1.18   1.51 1.92 3.43 3.66  0.33 772.61501463.  5.81 717.6 377445.
282  0:57:06 0.60 128.71 237.45 -6.71 1673   7.08   675.2 352809. -2.22  0.48 -12.24   0.98   1.52 0.09 1.23 1.07  0.21 776.8 876512.  6.49 675.7 315126.
282  0:59:48 0.60 128.71 237.43 -6.71 1673   6.77   684.0 333578. -1.11  1.33 -10.37   4.58   2.26 0.53 0.89 0.89  0.25 781.91396889.  6.40 687.2 412840.
282  1:02:30 0.60 128.71 237.40 -6.71 1673   6.06   696.2 361852. -4.29  4.84 -11.21   0.71   4.94 0.41 1.46 0.88  0.23 793.51363001.  5.29 694.1 292621.
282  1:05:12 0.60 128.71 237.38 -6.71 1673   6.94   701.6 422144. -4.59  4.65  -9.36   0.47   7.84 0.59 0.36 0.83  0.25 781.01442419.  6.35 698.8 421624.
282  1:07:54 0.60 128.71 237.36 -6.71 1673   6.22   705.6 358006.-10.19 -0.73  -9.64  -9.25   1.49 0.54 0.55 0.65  0.25 772.6 916429.  5.80 704.6 341166.
282  1:10:36 0.60 128.71 237.34 -6.71 1673   6.74   673.0 260708. -4.04 -1.83 -12.48  -1.89  -2.69 0.60 1.04 1.42  0.24 767.31470070.  6.05 668.9 245843.
282  1:13:18 0.60 128.72 237.31 -6.71 1673   6.66   690.1 372455.  0.00  0.00 -11.27  -4.45  -3.40 0.25 0.57 1.03  0.25 771.61101669.  5.88 685.1 338152.
282  3:53:46 0.60 128.82 235.94 -6.72 1673  -1.00    -1.0     -1. -1.00 -1.00 -11.36   2.12  -4.55 0.00 0.00 0.00 -1.00  -1.0     -1. -1.00  -1.0     -1.
282  3:58:00 0.60 128.76 235.85 -6.85 1673  -1.00    -1.0     -1. -1.00 -1.00  -8.08   3.73  -7.87 0.50 0.75 0.63 -1.00  -1.0     -1. -1.00  -1.0     -1.
282  3:59:10 0.60 128.82 235.90 -6.72 1673  -1.00    -1.0     -1. -1.00 -1.00  -5.46   4.18  -9.39 0.57 0.35 0.56 -1.00  -1.0     -1. -1.00  -1.0     -1.
282  4:01:52 0.60 128.82 235.87 -6.72 1673   6.14   671.4 359461. -2.57 -2.90 -11.19   3.00  -3.71 0.28 0.45 0.33  0.24 752.61405621.  5.51 671.9 326821.
282  4:02:02 0.60 128.82 235.87 -6.72 1673   6.64   706.4 401094. -1.96 -5.18 -10.95   3.20  -3.96 0.53 0.61 0.63  0.22 750.3 930359.  5.92 703.5 338307.
282  4:02:12 0.60 128.82 235.87 -6.72 1673   6.28   693.1 384410. -1.54  0.55 -10.28   3.74  -4.97 0.52 0.29 0.88  0.20 787.8 828695.  5.53 698.5 444857.
282  4:03:24 0.60 128.82 235.86 -6.72 1673   6.05   706.0 406499. -1.08 -4.71  -9.21   3.42  -7.15 0.39 0.68 0.56  0.23 769.31453438.  5.64 700.8 425418.
282  4:06:06 0.60 128.83 235.84 -6.72 1673   5.93   687.0 366842. -1.20 -3.46  -9.28   5.66  -5.24 0.43 0.49 0.21  0.27 757.41387949.  5.42 685.4 323027.
282  4:08:48 0.60 128.83 235.82 -6.72 1673   5.64   689.7 315126.  1.38 -0.11  -8.89   6.56  -1.46 0.58 0.89 2.49  0.21 774.11196472.  5.43 686.9 358474.
282  4:11:30 0.60 128.83 235.79 -6.72 1673   6.26   684.7 403381. -0.17 -0.37  -8.79   6.93   0.66 0.65 0.49 0.77  0.25 768.01097303.  6.05 680.9 353484.
282  4:14:12 0.60 128.83 235.77 -6.72 1673   5.63   667.5 330303. -4.80  1.38 -10.07   3.85   1.50 2.21 2.30 1.07  0.23 767.01657805.  5.23 661.4 277080.
282  4:16:54 0.60 128.83 235.75 -6.72 1673   6.20   677.7 360345. -0.69  0.15 -10.81   4.45   0.60 0.76 1.45 0.24  0.19 775.0 973394.  5.70 675.0 335865.
282  4:19:36 0.59 128.83 235.73 -6.72 1673   6.17   676.2 315646. -0.60  1.35  -8.51   6.49   1.89 2.05 1.70 0.38  0.28 765.61451359.  5.79 675.9 403277.
282  4:22:18 0.59 128.84 235.70 -6.72 1673   6.12   658.4 258109. -3.61  1.92 -12.08   1.17   2.19 0.13 0.54 0.61  0.16 814.51052812.  5.45 655.6 237111.
282  4:25:00 0.59 128.84 235.68 -6.72 1673   6.25   673.8 306187. -0.21 -0.31 -10.95   4.29   0.65 0.17 0.19 0.47  0.18 756.9 986908.  6.09 674.0 398703.
282  4:27:42 0.59 128.84 235.66 -6.72 1673   5.74   685.3 358578. -7.37  4.26  -8.99   0.54   3.89 0.51 4.78 2.78  0.22 756.61352606.  4.90 687.9 324378.
282  4:30:24 0.59 128.84 235.63 -6.72 1673   5.97   667.3 312216.  0.00  0.98 -11.09   2.93   1.04 1.34 2.06 0.72  0.20 783.01563002.  5.39 660.3 269856.
282  4:33:06 0.59 128.84 235.61 -6.72 1673   5.77   654.2 222091. -3.80  0.98 -12.28   0.34   3.04 0.39 0.41 0.82  0.18 749.41418718.  5.27 664.1 284045.
282  4:35:48 0.59 128.84 235.59 -6.72 1673   5.04   673.0 334045. -0.97  0.39 -11.69   3.69  -0.27 0.38 0.58 0.44  0.22 764.71136180.  5.25 670.9 432747.
282  4:38:30 0.59 128.85 235.56 -6.72 1673   5.98   665.0 219284. -4.68  2.74 -12.36  -0.65   3.26 0.73 0.80 1.89  0.18 729.7 827239.  5.53 666.0 199117.
282  4:41:12 0.59 128.85 235.54 -6.72 1673   6.03   653.5 186436. -6.83 -0.10 -13.01  -3.96   0.80 0.19 0.32 0.56  0.19 734.01269445.  6.19 659.2 241114.
282  4:43:54 0.59 128.85 235.52 -6.72 1673   5.97   685.0 337944. -3.27  3.38 -10.49   0.92   6.72 0.15 0.48 0.26  0.25 760.41571942.  5.20 684.6 292309.
282  4:46:36 0.59 128.85 235.49 -6.72 1673   6.47   678.3 295896. -3.24  2.41 -10.99   2.31   5.73 0.28 0.23 0.48  0.18 776.61070484.  6.46 676.5 300469.
282  4:49:18 0.59 128.85 235.47 -6.73 1673   5.81   675.5 349950. -0.28  0.00 -11.07   2.14   2.75 1.28 1.24 2.42  0.17 771.11214143.  5.32 672.8 308785.
282  4:52:00 0.59 128.86 235.45 -6.73 1673   5.46   674.6 282486. -5.41  3.29 -11.12  -0.11   6.11 0.33 0.59 0.16  0.21 754.6 911024.  5.10 674.8 267153.
282  4:54:42 0.59 128.86 235.42 -6.73 1673   7.55   695.5 446520. -6.33  3.41 -10.62  -0.45   4.57 0.65 3.33 0.85  0.24 739.91557804.  6.78 696.0 370116.
282  4:57:24 0.59 128.86 235.40 -6.73 1673   5.79   688.6 318349.  0.00  4.38 -10.32   1.14   6.55 0.33 0.30 0.48  0.21 754.1 726407.  5.49 679.5 312216.
282  5:00:06 0.59 128.86 235.38 -6.73 1673   9.02   711.3 586958.  0.30  1.99  -9.02   5.42   3.44 1.76 1.01 1.33  0.23 769.0 964247.  8.75 702.7 598236.
282  5:02:48 0.59 128.86 235.35 -6.73 1673   5.46   678.0 284357. -5.61  3.85 -11.17  -1.92   6.25 0.59 1.17 0.90  0.19 754.9 877967.  4.93 677.5 273910.
282  5:05:30 0.59 128.86 235.33 -6.73 1673   5.47   673.7 271259. -4.19  4.65 -11.51   0.25   6.24 0.15 0.51 0.65  0.17 721.0 704786.  5.15 678.0 301509.
282  5:08:12 0.59 128.87 235.31 -6.73 1673   5.47   664.3 172090.  0.00  0.98 -11.52   2.08   4.02 0.58 0.89 1.43  0.27 729.41551775.  5.48 662.5 237995.
282  5:10:54 0.59 128.87 235.29 -6.73 1673   5.45   677.0 316062. -2.33  3.43 -10.91   1.92   5.91 0.38 0.24 0.44  0.23 752.71234726.  5.22 677.7 301041.
282  5:13:36 0.59 128.87 235.26 -6.73 1673   5.82   693.1 316634. -2.11  5.04  -9.19   3.17   7.17 0.84 0.88 0.98  0.22 750.0 839090.  5.50 693.3 374638.
282  5:16:18 0.59 128.87 235.24 -6.73 1673   6.04   682.2 339659. -0.20  2.77  -9.88   5.58   3.93 0.93 1.64 1.20  0.20 736.5 809776.  5.25 681.4 312112.
282  5:19:00 0.59 128.87 235.22 -6.73 1673   5.63   664.5 270947. -1.31  3.07 -11.54   4.40   4.29 0.08 0.24 0.15  0.19 757.71135972.  5.01 661.3 253276.
282  5:21:42 0.59 128.87 235.19 -6.73 1673   5.28   675.8 297715.  0.00  0.00 -10.58   4.70  -1.75 1.26 1.55 3.96  0.19 709.81322460.  4.97 678.1 282278.
282  5:24:24 0.59 128.88 235.17 -6.73 1673   4.45   659.0 189190.  0.00  0.00 -11.08   4.14   2.29 1.58 2.48 2.30  0.20 715.31296888.  4.60 656.4 259305.
282  5:27:06 0.59 128.88 235.15 -6.73 1673   5.39   659.9 265126. -7.13  5.89 -12.69  -1.19   5.97 0.49 0.93 0.55  0.20 718.6 677135.  4.93 659.6 251717.
282  5:29:48 0.59 128.88 235.13 -6.73 1673   5.24   650.7 228951. -0.15  3.97 -11.87   3.41   5.96 0.32 0.45 0.18  0.18 715.21286493.  4.87 653.3 263359.
282  5:32:30 0.59 128.88 235.10 -6.73 1673   4.92   629.9 150111. -1.38  0.84 -11.69   1.24   7.04 0.93 0.55 1.57  0.07 801.7 733476.  4.27 629.4 130887.
282  5:35:12 0.59 128.88 235.08 -6.73 1673   4.94   634.8 200592. -2.70  2.89 -13.22   1.43   4.90 0.30 0.28 0.77  0.17 697.5 797094.  4.47 634.9 160204.
282  5:37:54 0.59 128.88 235.06 -6.73 1673   5.03   650.0 239139.  0.00  0.64 -12.09   6.24   1.04 0.38 0.48 0.66  0.13 728.8 828279.  4.62 646.4 229724.
282  5:40:36 0.59 128.89 235.04 -6.73 1673   5.13   622.2 126966. -2.08  0.96 -14.00   1.80   2.19 0.21 0.53 0.21  0.10 773.6 718091.  4.44 624.8 132514.
282  5:43:18 0.59 128.89 235.01 -6.73 1673   5.18   627.1 142913. -2.24 -3.08 -14.13  -1.73  -1.98 0.17 1.69 0.19  0.18 682.1 821003.  4.62 625.2 127427.
282  5:46:00 0.59 128.89 234.99 -6.73 1673   5.24   618.1 121453. -4.32  0.52 -14.31  -1.36   1.24 0.10 0.33 0.54  0.11 784.51032854.  4.73 618.6 167910.
282  5:48:42 0.59 128.89 234.97 -6.73 1673   4.93   622.4 146778. -6.41  0.97 -14.10  -2.14   1.44 0.18 1.00 1.26  0.16 734.31295641.  4.82 621.9 142195.
282  5:51:24 0.59 128.89 234.94 -6.73 1673   4.83   620.3 128850. -2.09  0.98 -13.89   1.85   2.44 0.11 0.22 0.49  0.15 696.21051149.  5.03 622.6 181420.
282  5:54:06 0.59 128.90 234.92 -6.73 1673   4.75   624.7 138755. -5.06  0.38 -14.37  -0.85   2.44 0.12 0.29 0.20  0.16 680.6 722249.  4.58 622.8 124260.
282  5:56:48 0.59 128.90 234.90 -6.73 1673   4.72   638.4 218638. -1.33 -4.83 -11.90  -0.65  -5.06 1.24 3.00 0.83  0.17 695.1 953643.  4.46 636.4 172941.
282  5:59:30 0.59 128.90 234.87 -6.73 1673   5.44   649.0 228016. -2.05 -3.93 -10.50   3.19  -4.00 1.23 1.64 0.42  0.13 758.2 839921.  5.02 645.7 217153.
282  6:02:12 0.59 128.90 234.85 -6.73 1673   5.89   645.0 230221. -1.39  2.10 -11.26   4.59   1.49 0.27 0.38 0.72  0.12 691.2 987531.  5.34 640.3 177311.
282  6:04:54 0.59 128.90 234.83 -6.73 1673   4.83   686.7 218660.  2.07 -4.42  -7.61   7.49  -4.67 0.88 0.45 0.78  0.19 702.41365080.  4.98 682.3 277236.
282  6:07:36 0.59 128.90 234.80 -6.73 1673   4.99   631.2 190051. -2.00  3.21 -12.15   1.57   6.76 0.60 0.44 1.00  0.14 728.61283375.  4.71 631.3 164414.
282  6:10:18 0.59 128.91 234.78 -6.73 1673   5.37   646.0 245272. -1.76  4.70 -11.11   1.95   7.89 0.34 1.30 0.51  0.18 718.0 750108.  4.75 644.2 205478.
282  6:13:00 0.59 128.91 234.76 -6.73 1673   5.79   639.4 205994. -0.36 -0.55 -12.27   4.32   1.62 0.20 0.22 0.40  0.13 735.01290651.  5.28 639.2 169505.
282  6:15:42 0.59 128.91 234.73 -6.73 1673   5.97   678.6 288463. -1.37 -4.86  -9.02   4.43  -5.23 0.12 0.29 0.60  0.10 749.61011024.  5.56 678.2 279575.
282  6:18:24 0.59 128.91 234.71 -6.73 1673   6.36   682.9 317102. -2.74  5.66  -7.12  -0.23  10.23 1.17 1.14 0.41  0.16 730.51374643.  5.97 686.5 392570.
282  6:21:06 0.59 128.91 234.69 -6.73 1673   6.58   700.9 375678. -1.84  5.86  -5.36   1.99  10.84 0.30 1.15 0.21  0.14 719.3 767988.  6.23 702.1 344233.
282  6:23:48 0.59 128.91 234.66 -6.73 1673   6.05   680.5 310501. -2.22  4.97  -7.71   2.55   9.13 0.40 1.06 0.73  0.14 750.0 606032.  6.00 683.2 349690.
282  6:26:30 0.59 128.92 234.64 -6.73 1673   4.84   707.3 223806.  2.77  1.07  -5.03   5.49   4.85 3.34 3.58 1.22  0.13 777.11029735.  4.51 705.5 255979.
282  6:29:12 0.59 128.92 234.62 -6.73 1673   5.59   672.5 283941. -4.48  5.29  -9.06  -0.02   8.39 0.61 0.89 0.45  0.14 742.7 848653.  5.33 670.8 279211.
282  6:31:54 0.59 128.92 234.60 -6.73 1673   5.96   666.4 277600.  0.89  1.12  -8.84   5.65   4.34 0.99 0.59 1.34  0.15 729.9 877967.  5.59 660.6 249378.
282  6:34:36 0.59 128.92 234.57 -6.73 1673   6.68   650.0 268297. -2.22 -0.90 -11.38   2.55   0.60 0.55 1.14 0.68  0.16 739.6 950525.  6.05 650.8 231706.
282  6:37:18 0.59 128.92 234.55 -6.73 1673   5.98   658.8 280563. -6.61 -4.02 -11.15  -3.36  -3.87 0.24 0.92 0.30  0.16 747.71440132.  5.88 667.1 361229.
282  6:40:00 0.59 128.93 234.53 -6.73 1673   6.18   644.9 210731. -5.07  0.63 -12.65  -2.16   0.70 0.19 0.39 0.13 -1.00  -1.0     -1.  6.10 648.8 240626.
282  6:42:42 0.59 128.93 234.50 -6.73 1673   6.25   655.5 239242. -0.40  1.28 -10.68   4.21   2.41 0.48 0.38 0.58  0.14 748.31125370.  6.02 658.3 306810.
282  6:45:24 0.59 128.93 234.48 -6.73 1673   6.18   667.1 280719.  0.00  3.55 -10.71   3.00   4.81 0.37 0.64 0.34  0.13 713.7 757800.  5.98 661.7 283110.
282  6:48:06 0.59 128.93 234.46 -6.73 1673   5.86   665.2 263203.  0.98 -1.13 -10.29   5.98  -1.11 0.42 0.33 0.59  0.19 728.9 699796.  5.60 666.1 300573.
282  6:50:48 0.59 128.93 234.44 -6.73 1673   5.98   673.1 266166.  0.85 -2.62  -9.53   5.27  -4.30 0.16 0.23 0.30  0.16 737.91094184.  5.46 671.6 244440.
282  6:53:30 0.59 128.93 234.41 -6.73 1673   6.97   673.4 382694. -0.86 -2.08 -10.08   4.78  -1.00 0.19 0.47 0.63  0.19 741.71211857.  6.48 674.7 332018.
282  6:56:12 0.59 128.94 234.39 -6.73 1673   6.15   675.3 349222. -3.36  0.60 -10.17  -1.16  -5.92 0.38 1.27 0.62  0.19 749.8 870483.  6.14 675.2 394493.
282  6:58:54 0.59 128.94 234.37 -6.73 1673   6.09   716.8 319284.  2.68  1.31  -5.24   7.23   1.76 2.01 1.45 1.37  0.16 724.21089195.  5.49 711.1 304160.
282  7:01:36 0.59 128.94 234.35 -6.73 1673   6.15   674.5 330199.  0.82 -0.72  -9.80   5.10   0.43 0.34 0.51 0.53  0.16 774.41487326.  5.84 666.5 316010.
282  7:03:17 0.59 128.94 234.33 -6.73 1673   6.13   654.7 400990. -2.94  1.07 -10.72  -1.62  -2.43 0.80 2.14 1.99 -1.00  -1.0     -1.  5.81 662.7 483215.
282  7:04:18 0.59 128.88 234.26 -6.86 1673  -1.00    -1.0     -1. -1.00 -1.00 -10.82  -2.36  -0.78 0.72 3.05 2.74 -1.00  -1.0     -1. -1.00  -1.0     -1.
282  7:07:00 0.59 128.94 234.30 -6.73 1673   5.89   659.8 391270. -5.65 -3.67 -10.52  -2.96  -5.12 0.28 0.22 0.42  0.23 694.7 968612.  5.79 660.6 331862.
282  7:09:42 0.59 128.94 234.28 -6.73 1673   6.17   657.6 295220. -1.50 -0.29 -10.61   0.53  -1.96 1.08 1.07 2.90 -1.00  -1.0     -1.  5.94 656.3 340386.
282  7:12:24 0.59 128.95 234.25 -6.73 1673   6.25   662.9 369805. -1.92  2.23  -9.56   2.43   4.55 0.23 0.32 0.32  0.25 714.21409986.  6.00 659.9 324742.
282  7:15:06 0.59 128.95 234.23 -6.73 1673   5.89   681.2 376509. -0.04 -0.28  -7.38   1.99   3.36 1.67 4.31 1.90  0.20 751.61463625.  5.31 676.8 315282.
282  7:17:48 0.59 128.95 234.21 -6.73 1673   6.54   671.8 351457. -3.10  2.59  -9.42  -2.13   5.74 1.19 3.45 0.45  0.19 750.2 896886.  6.54 667.4 314503.
282  7:20:30 0.59 128.95 234.18 -6.73 1673   6.81   687.6 372923. -9.37  2.79  -7.89  -8.51   5.34 0.42 0.37 0.33  0.21 737.41427450.  6.12 698.0 433578.
282  7:23:12 0.59 128.95 234.16 -6.73 1673   6.38   689.0 330927. -7.64  3.84  -8.48  -7.48   5.89 0.41 0.97 1.05  0.15 744.2 880046.  5.96 690.6 375574.
282  7:25:54 0.59 128.95 234.14 -6.73 1673   6.01   707.2 341010. -6.25  5.38  -6.08  -5.29   8.55 1.52 0.76 1.21  0.18 723.9 753642.  5.78 705.8 340906.
282  7:28:36 0.59 128.96 234.11 -6.73 1673   5.68   715.2 235552. -5.09  5.35  -3.12  -3.63   9.91 2.47 0.41 0.73  0.17 745.9 478589.  5.24 717.4 267309.
282  7:31:18 0.59 128.96 234.09 -6.73 1673   6.90   697.9 359617. -4.26  5.27  -5.50  -2.15   9.93 0.40 0.45 0.29  0.20 716.51043665.  5.79 699.3 316946.
282  7:34:00 0.59 128.96 234.07 -6.74 1673   5.97   704.1 299638. -4.71  5.59  -4.29  -3.18  10.58 0.50 0.48 0.28  0.20 735.9 916429.  5.46 709.0 339451.
282  7:36:42 0.59 128.96 234.04 -6.74 1673   6.34   669.3 274950. -0.08  0.62  -9.39   3.91   1.95 0.44 0.76 3.30  0.15 741.91353229.  5.69 674.0 291062.
282  7:39:24 0.59 128.96 234.02 -6.74 1673   5.87   649.6 346572. -2.66 -0.70 -11.83   1.78   0.50 0.20 0.37 0.32 -1.00  -1.0     -1.  5.90 650.9 285345.
282  7:42:06 0.59 128.91 233.94 -6.86 1673  -1.00    -1.0     -1. -1.00 -1.00 -11.33   2.85   1.58 0.10 0.24 0.26 -1.00  -1.0     -1. -1.00  -1.0     -1.
282  7:46:29 0.59 128.97 233.96 -6.74 1673   6.09   653.9 281654. -2.37  0.84  -8.79   0.63  -0.02 0.00 0.00 0.00  0.13 767.7 831190.  5.69 657.9 379316.
282  8:29:41 0.59 129.00 233.59 -6.74 1673   5.91   633.6 216208. -2.19  2.85 -11.76   0.85   4.53 0.00 0.00 0.00 -1.00  -1.0     -1.  5.26 639.2 267744.
282  9:12:53 0.59 129.02 233.23 -6.74 1673  -1.00    -1.0     -1. -1.00 -1.00  -3.75   7.19  -4.44 0.00 0.00 0.00 -1.00  -1.0     -1.  5.38 676.0 347767.
282  9:56:05 0.59 129.05 232.86 -6.74 1673   5.95   677.8 384306. -1.46 -4.49  -8.94  -1.71  -5.08 0.00 0.00 0.00  0.19 727.41203541.  5.27 677.2 320740.
282 10:39:17 0.59 129.08 232.49 -6.75 1673   6.64   637.0 326395. -0.11 -0.40  -9.32   4.38  -0.46 0.00 0.00 0.00 -1.00  -1.0     -1.  6.06 633.3 278042.
282 11:22:29 0.59 129.11 232.12 -6.75 1673   6.70   630.1 257804. -2.94  2.40   0.00   0.00   0.00 0.00 0.00 0.00  0.10 751.4 717883.  6.22 630.8 345454.
282 12:05:41 0.59 129.14 231.75 -6.75 1673   6.72   650.6 319492. -5.69  4.53  -9.79  -3.62   4.79 0.00 0.00 0.00 -1.00  -1.0     -1.  6.40 654.2 372923.
282 12:48:53 0.59 129.17 231.39 -6.75 1673   7.17   666.8 387580. -0.78 -2.74   0.00   0.00   0.00 0.00 0.00 0.00 -1.00  -1.0     -1.  6.71 661.2 402393.
282 13:32:05 0.59 129.19 231.02 -6.76 1673   6.56   674.3 358214.  0.81  4.54  -6.40   5.30   2.52 0.00 0.00 0.00  0.13 717.3 874017.  6.32 669.9 337684.
282 14:15:17 0.59 129.22 230.65 -6.76 1673   6.19   681.5 313931.  0.65  4.17   0.00   0.00   0.00 0.00 0.00 0.00  0.15 700.8 898342.  6.23 678.1 383110.
282 14:58:29 0.59 129.25 230.29 -6.76 1673   6.11   712.3 337840.  2.04  0.62   0.79   8.92   0.43 0.00 0.00 0.00  0.11 706.1 794807.  5.75 705.1 328276.
282 15:41:42 0.59 129.28 229.92 -6.76 1673   5.47   727.4 283525.  2.25 -1.96   0.00   0.00   0.00 0.00 0.00 0.00 -1.00  -1.0     -1.  5.15 722.5 287735.
282 16:19:00 0.59 129.25 229.55 -6.89 1673  -1.00    -1.0     -1. -1.00 -1.00   2.12   8.54  -4.44 0.00 0.00 0.00 -1.00  -1.0     -1. -1.00  -1.0     -1.
282 16:24:54 0.59 129.31 229.55 -6.77 1673   6.94   700.9 406603.  1.47 -2.20  -0.98   8.44  -4.38 0.00 0.00 0.00  0.16 703.0 776304.  6.40 700.2 359461.
282 17:02:12 0.59 129.28 229.18 -6.89 1673  -1.00    -1.0     -1. -1.00 -1.00  -8.46   2.08  -1.84 0.00 0.00 0.00 -1.00  -1.0     -1. -1.00  -1.0     -1.
282 17:08:06 0.59 129.34 229.19 -6.77 1673   5.99   686.1 326249.  2.67  2.08   0.00   0.00   0.00 0.00 0.00 0.00  0.17 686.2 783996.  5.79 687.6 395948.
282 17:22:43 0.59 129.29 229.01 -6.89 1673  -1.00    -1.0     -1. -1.00 -1.00  -0.35   5.50   4.86 0.00 0.00 0.00 -1.00  -1.0     -1. -1.00  -1.0     -1.
282 17:45:24 0.59 129.31 228.81 -6.90 1673  -1.00    -1.0     -1. -1.00 -1.00  -5.52   4.81  -0.19 0.00 0.00 0.00 -1.00  -1.0     -1. -1.00  -1.0     -1.
282 17:51:18 0.59 129.37 228.82 -6.77 1673  -1.00    -1.0     -1. -1.00 -1.00   2.68   8.01  -0.19 0.00 0.00 0.00 -1.00  -1.0     -1.  5.37 702.2 280719.
282 18:28:36 0.59 129.34 228.45 -6.90 1673  -1.00    -1.0     -1. -1.00 -1.00  -7.33   5.71  -0.12 0.00 0.00 0.00 -1.00  -1.0     -1. -1.00  -1.0     -1.
282 18:34:30 0.59 129.40 228.45 -6.78 1673   6.51   639.2 293287.  0.84 -2.38   0.00   0.00   0.00 0.00 0.00 0.00  0.12 705.4 529525.  6.36 639.3 330355.
282 19:17:42 0.59 129.43 228.09 -6.78 1673   7.80   665.6 328224.  0.00  0.00  -4.22   4.57   4.14 0.00 0.00 0.00  0.17 671.5 681709.  7.29 663.7 383370.
282 19:51:01 0.59 129.45 227.80 -6.78 1673  -1.00    -1.0     -1. -1.00 -1.00   1.15   5.55  -0.89 0.00 0.00 0.00 -1.00  -1.0     -1. -1.00  -1.0     -1.
282 20:00:54 0.59 129.45 227.72 -6.78 1673   6.95   665.9 437840.  0.00  0.00   0.00   0.00   0.00 0.00 0.00 0.00 -1.00  -1.0     -1.  6.64 667.0 495741.
282 20:34:13 0.59 129.42 227.38 -6.90 1673  -1.00    -1.0     -1. -1.00 -1.00  -7.98  -2.83   3.40 0.00 0.00 0.00 -1.00  -1.0     -1. -1.00  -1.0     -1.
282 20:43:48 0.59 129.43 227.30 -6.90 1673  -1.00    -1.0     -1. -1.00 -1.00 -10.22   1.75  -0.76 0.00 0.00 0.00 -1.00  -1.0     -1. -1.00  -1.0     -1.
282 21:07:22 0.59 129.50 227.16 -6.78 1673  -1.00    -1.0     -1. -1.00 -1.00  -3.56   4.86   2.43 0.00 0.00 0.00 -1.00  -1.0     -1. -1.00  -1.0     -1.
282 21:12:46 0.59 129.50 227.11 -6.78 1673   8.58   624.5 399661.  0.63  0.26  -7.05   1.63   5.96 0.33 0.33 0.26 -1.00  -1.0     -1.  7.86 619.4 405609.
282 21:15:28 0.59 129.51 227.09 -6.78 1673   8.76   638.4 446445.  2.16  0.25  -4.88   7.19   0.57 0.23 0.10 1.15 -1.00  -1.0     -1.  7.86 636.4 416469.
282 21:15:38 0.59 129.50 227.09 -6.78 1673   7.95   626.1 382357. -0.11  4.07  -4.87   7.08  -0.15 0.24 0.28 0.86 -1.00  -1.0     -1.  7.33 621.5 376061.
282 21:17:00 0.59 129.51 227.07 -6.78 1673   7.50   620.2 342271.  2.27  1.57  -6.02   6.01   2.31 0.51 0.30 0.94  0.24 678.3 983373.  6.89 622.5 375700.
282 21:19:42 0.59 129.51 227.05 -6.78 1673   7.90   635.0 329137.  2.32  0.41  -3.88   7.95  -0.08 0.76 0.16 0.75 -1.00  -1.0     -1.  7.37 632.2 289831.
282 21:22:24 0.59 129.51 227.03 -6.79 1673   7.80   644.3 284240.  2.60  2.61  -2.17   7.64   3.35 0.50 0.37 1.18 -1.00  -1.0     -1.  7.45 643.3 345155.
282 21:25:06 0.59 129.51 227.00 -6.79 1673   8.52   654.8 342569.  2.72  1.79  -2.19   7.38   4.37 0.78 0.22 0.50 -1.00  -1.0     -1.  7.72 650.8 299274.
282 21:27:48 0.59 129.51 226.98 -6.79 1673   8.21   629.3 351688.  2.54  2.21  -5.17   7.14   2.65 0.28 0.23 0.41 -1.00  -1.0     -1.  7.72 628.4 342154.
282 21:30:30 0.59 129.52 226.96 -6.79 1673   9.07   615.7 358815. -4.76 -2.45  -5.38  -1.05  -8.08 0.77 3.34 0.33  0.20 654.1 706241.  8.61 612.5 353497.
282 21:33:12 0.59 129.52 226.94 -6.79 1673   8.33   615.3 370230.  1.80 -0.85  -7.90   5.58  -1.82 0.08 0.30 0.51 -1.00  -1.0     -1.  7.48 612.7 301960.
282 21:35:54 0.59 129.52 226.91 -6.79 1673   8.41   605.7 429287. -0.10 -0.50 -10.26   1.40  -2.18 0.34 0.96 0.20 -1.00  -1.0     -1.  7.92 605.3 398131.
282 21:38:36 0.59 129.52 226.89 -6.79 1673   8.45   602.0 368151. -2.67  0.95 -11.01  -3.17  -0.29 0.20 0.16 0.19 -1.00  -1.0     -1.  8.21 605.8 456662.
282 21:41:18 0.59 129.52 226.87 -6.79 1673   8.40   601.1 284269. -3.00  0.95 -10.75  -2.73   1.40 0.19 0.43 0.30 -1.00  -1.0     -1.  8.44 601.6 360254.
282 21:44:00 0.59 129.53 226.85 -6.79 1673   8.42   606.0 362573. -0.54  3.09  -9.40   1.17   5.04 0.27 0.24 0.41 -1.00  -1.0     -1.  7.51 601.3 328689.
282 21:46:42 0.59 129.53 226.82 -6.79 1673   6.82   635.3 342180.  0.52  4.99  -8.15   0.43   5.74 1.41 1.47 1.39 -1.00  -1.0     -1.  6.46 629.8 270957.
282 21:49:24 0.59 129.53 226.80 -6.79 1673   8.47   617.5 350021.  1.08  3.92  -7.64   2.54   4.91 1.06 1.76 0.57 -1.00  -1.0     -1.  7.81 612.7 292712.
282 21:52:06 0.59 129.53 226.78 -6.79 1673   8.19   619.1 391725. -4.56  3.24  -8.99  -4.08   4.30 0.46 1.14 0.53 -1.00  -1.0     -1.  7.62 615.3 372293.
282 21:54:48 0.59 129.53 226.75 -6.79 1673   8.65   600.0 372783. -0.48  3.20  -9.90  -0.17   3.83 0.16 0.45 0.26 -1.00  -1.0     -1.  7.90 598.4 342907.
282 21:57:30 0.59 129.53 226.73 -6.79 1673   8.95   610.3 404540. -2.83  0.67  -9.50  -2.45  -0.74 0.32 0.16 0.31 -1.00  -1.0     -1.  8.13 606.4 390627.
282 22:00:12 0.59 129.54 226.71 -6.79 1673   9.13   604.1 357954. -1.17  1.24  -8.26  -1.46   1.07 0.10 0.17 0.20 -1.00  -1.0     -1.  8.18 601.9 345769.
282 22:02:54 0.59 129.54 226.69 -6.79 1673   8.35   606.3 429635. -3.92 -1.28  -8.65  -6.13  -1.05 1.21 1.75 1.10 -1.00  -1.0     -1.  7.73 604.7 396357.
282 22:05:36 0.59 129.54 226.66 -6.79 1673   8.50   611.8 395646. -2.92  4.28  -8.44  -3.70   4.85 0.17 1.10 0.55  0.14 682.1 825368.  8.28 613.3 434725.
282 22:08:16 0.59 129.54 226.64 -6.79 1673   7.20   643.6 348797.  0.25  4.89  -3.55   3.81   8.40 0.14 0.32 0.32  0.13 668.9 810399.  6.58 641.6 306304.
282 22:10:58 0.59 129.54 226.62 -6.79 1673   7.19   625.0 322461.  0.00  0.00  -6.14   2.89   8.19 0.18 0.50 0.19  0.12 699.2 744495.  6.93 625.4 361576.
282 22:13:40 0.59 129.54 226.59 -6.79 1673  -1.00    -1.0     -1. -1.00 -1.00  -3.18   5.92   7.14 0.16 0.52 0.36 -1.00  -1.0     -1. -1.00  -1.0     -1.
282 22:16:22 0.59 129.55 226.57 -6.79 1673   7.52   645.8 307665.  3.12  2.71   0.00   0.00   0.00 0.00 0.00 0.00 -1.00  -1.0     -1.  6.97 642.5 344382.
282 22:19:06 0.59 129.55 226.55 -6.79 1673   7.28   629.6 326483.  2.23  2.06  -4.80   6.63   3.96 0.27 0.34 0.30 -1.00  -1.0     -1.  6.73 624.3 327175.
282 22:21:48 0.59 129.55 226.52 -6.79 1673   7.01   641.7 301402.  1.14  4.39  -3.33   4.43   7.65 0.09 0.28 0.34  0.17 649.8 707124.  6.87 639.9 357145.
282 22:24:30 0.59 129.55 226.50 -6.79 1673   7.93   653.1 411697.  1.74 -1.56  -3.63   3.92   1.50 0.40 0.44 1.84 -1.00  -1.0     -1.  7.50 655.1 429784.
282 22:27:12 0.59 129.55 226.48 -6.79 1673   8.24   649.1 448154.  2.72 -0.73  -4.24   4.58   0.53 0.98 1.94 2.57 -1.00  -1.0     -1.  7.37 646.6 407707.
282 22:29:54 0.59 129.56 226.45 -6.79 1673   8.05   681.9 391634.  1.74 -0.92  -0.07   5.90  -2.71 0.33 0.67 1.39 -1.00  -1.0     -1.  7.51 675.6 416842.
282 22:32:36 0.59 129.56 226.43 -6.79 1673   8.18   667.0 365958.  2.91  1.94  -0.48   7.14   3.56 0.54 0.20 0.30  0.18 677.3 743663.  7.41 666.4 325210.
282 22:35:18 0.59 129.56 226.41 -6.79 1673   8.65   651.0 394181.  2.31  2.42  -1.86   6.22   2.45 0.25 0.93 0.45  0.22 668.2 679214.  7.87 651.8 399534.
282 22:38:00 0.59 129.56 226.39 -6.79 1673   8.41   658.2 394701.  2.80  2.32  -2.13   6.52   3.99 2.35 1.79 0.85 -1.00  -1.0     -1.  8.03 650.7 398807.
282 22:40:42 0.59 129.56 226.36 -6.79 1673   8.67   632.5 454589.  1.67  1.09  -6.95   4.89   0.37 1.13 1.09 0.84  0.22 670.6 847614.  8.36 633.3 499931.
282 22:43:24 0.59 129.57 226.34 -6.79 1673   8.98   617.5 372939. -0.56  3.21  -9.65   1.33   4.65 0.55 0.77 0.59  0.13 696.7 586906.  8.44 619.9 396159.
282 22:46:06 0.59 129.57 226.32 -6.79 1673   7.59   645.6 350652.  1.01  2.75  -7.03  -0.30   4.09 1.18 5.05 0.83 -1.00  -1.0     -1.  7.24 643.9 412554.
282 22:48:48 0.59 129.57 226.30 -6.79 1673   9.60   620.1 374544.  0.29 -3.04  -6.20   4.79  -3.00 2.42 1.95 3.65  0.21 682.9 872978.  9.04 621.8 395061.
282 22:51:30 0.59 129.57 226.27 -6.79 1673   8.81   622.8 401594.  0.08  0.11  -9.37   3.03   0.08 0.25 1.07 1.87  0.14 719.8 698964.  8.10 618.0 361404.
282 22:54:12 0.59 129.57 226.25 -6.79 1673   8.87   613.4 488617. -4.81 -0.05 -10.27  -3.81   0.10 0.28 0.84 0.37 -1.00  -1.0     -1.  8.21 615.7 436655.
282 22:56:54 0.59 129.57 226.23 -6.79 1673   8.41   615.1 439815.  0.00  0.20  -9.70  -0.30  -1.44 0.51 0.88 0.87 -1.00  -1.0     -1.  7.96 611.2 415627.
282 22:59:36 0.59 129.58 226.21 -6.79 1673   8.39   608.9 391790. -3.67  2.41  -9.28  -1.48   3.57 0.56 0.25 0.71 -1.00  -1.0     -1.  8.07 610.5 452829.
282 23:02:18 0.59 129.58 226.18 -6.79 1673   8.48   679.2 386177. -1.18  4.48   1.42  -0.02   8.11 0.23 0.62 0.34 -1.00  -1.0     -1.  8.18 674.5 407279.
282 23:05:00 0.59 129.58 226.16 -6.79 1673   8.87   608.8 375356. -0.72  1.22  -8.99   2.76   1.60 0.61 0.54 0.64 -1.00  -1.0     -1.  8.09 613.9 397702.
282 23:07:42 0.59 129.58 226.14 -6.79 1673   8.52   616.8 366926. -1.39  3.96  -8.91   1.42   4.54 0.27 0.85 0.27  0.15 678.1 839714.  7.78 613.4 328448.
282 23:10:24 0.59 129.58 226.11 -6.79 1673   8.26   610.7 336612.  0.84  0.22  -9.03   3.86   0.49 0.13 0.21 0.44 -1.00  -1.0     -1.  7.87 603.8 313025.
282 23:13:06 0.59 129.59 226.09 -6.79 1673   8.24   616.4 410475.  0.92  1.67  -7.67   4.96   1.75 0.71 0.50 0.54  0.17 668.4 777135.  7.58 614.2 363792.
282 23:15:48 0.59 129.59 226.07 -6.79 1673   8.87   659.4 360969.  1.60 -4.19  -2.36   4.45  -6.50 0.85 1.60 1.52 -1.00  -1.0     -1.  8.67 652.6 360761.
282 23:18:30 0.59 129.59 226.04 -6.79 1673   8.24   653.8 356707.  1.47  3.03  -1.62   7.37   2.32 0.63 0.17 0.45  0.22 667.9 711854.  7.67 653.0 371364.
282 23:21:12 0.59 129.59 226.02 -6.79 1673   7.94   658.9 376509.  1.60  3.42  -1.01   6.65   4.41 0.47 0.22 0.27  0.21 681.7 824329.  7.33 654.4 383110.
282 23:23:54 0.59 129.59 226.00 -6.79 1673   8.71   635.4 379001.  0.00  4.23  -2.89   6.23   3.50 0.38 0.73 0.52  0.16 666.6 859880.  7.97 631.8 356895.
282 23:26:36 0.59 129.59 225.97 -6.79 1673   8.34   658.1 370896.  2.13  3.24  -1.65   6.53   4.43 0.52 0.43 0.19  0.20 683.9 774433.  7.79 652.0 353900.
282 23:29:18 0.59 129.60 225.95 -6.79 1673   8.67   623.4 362473.  1.14  2.30  -6.83   5.55   3.00 0.77 0.79 0.07  0.20 690.41034933.  8.12 617.6 359559.
282 23:32:00 0.59 129.60 225.93 -6.79 1673   9.01   623.0 334653.  1.12  2.99  -6.61   4.21   4.20 0.57 0.85 0.60 -1.00  -1.0     -1.  8.18 622.8 382571.
282 23:34:42 0.59 129.60 225.90 -6.79 1673   8.27   603.8 284149.  0.41  2.72  -8.42   4.23   3.37 0.23 0.30 0.20  0.14 686.5 713725.  7.27 600.1 251281.
282 23:37:24 0.59 129.60 225.88 -6.79 1673   8.36   600.6 330687. -0.78  2.19  -9.12   2.41   2.59 0.39 0.88 0.25 -1.00  -1.0     -1.  7.86 596.8 320288.
282 23:40:06 0.59 129.60 225.86 -6.79 1673   8.24   597.2 303552. -0.07  1.63  -9.40   3.17   2.34 0.08 0.14 0.16  0.11 692.3 560918.  7.56 592.7 262475.
282 23:42:48 0.59 129.61 225.84 -6.79 1673   8.45   604.1 342459. -0.06  2.02  -8.05   3.77   3.22 0.22 0.10 0.16  0.12 689.8 461749.  8.00 602.4 310439.
282 23:45:30 0.59 129.61 225.81 -6.79 1673   8.58   641.7 360442.  1.44  2.76  -4.94   5.57   4.05 0.62 0.38 0.58 -1.00  -1.0     -1.  7.44 639.6 309036.
282 23:48:12 0.59 129.61 225.79 -6.79 1673   8.99   603.0 375957. -4.68 -0.49  -9.62  -3.59   0.90 0.38 0.50 1.02  0.18 689.4 772561.  8.64 607.5 438571.
282 23:50:54 0.59 129.61 225.77 -6.79 1673   8.16   642.4 369171. -8.50 -1.69  -5.13  -8.37  -0.08 2.69 1.71 1.53 -1.00  -1.0     -1.  7.28 645.8 324872.
282 23:53:36 0.59 129.61 225.75 -6.79 1673   7.98   597.5 337823. -4.51 -0.98 -10.01  -4.36  -1.25 0.36 0.53 1.21  0.14 694.9 558423.  7.68 598.2 296341.
282 23:56:18 0.59 129.62 225.72 -6.79 1673   8.11   602.2 434130. -4.13 -1.25 -10.11  -3.22  -1.65 0.17 0.20 0.44 -1.00  -1.0     -1.  7.66 600.9 372231.
282 23:59:00 0.59 129.62 225.70 -6.79 1673   8.13   608.1 385745. -4.69 -2.49  -9.53  -5.68  -1.63 0.18 0.32 0.48 -1.00  -1.0     -1.  8.01 610.7 398784.
