1979/178   rh    esh  clong  clat crot    np1     vp1     Tp1   vaz   vel     Bx     By     Bz  sBx  sBy  sBz   nal   val     Tal   np2   vp2     Tp2
hh:mm:ss [AU]  [deg]  [deg] [deg]    # [cm-3]  [km/s]     [K] [deg] [deg]   [nT]   [nT]   [nT] [nT] [nT] [nT][cm-3][km/s]     [K][cm-3][km/s]     [K]
 0:01:13 0.76 120.44  27.29  4.70 1682   3.26   414.6  37724.  0.41  5.11   0.00   0.00   0.00 0.00 0.00 0.00 -1.00  -1.0     -1.  3.21 416.4  32134.
 0:03:55 0.76 120.44  27.26  4.70 1682   3.34   423.7  33014.  1.00  6.43   0.00   0.00   0.00 0.00 0.00 0.00  0.10 433.5 244271.  3.10 420.9  29025.
 0:06:37 0.76 120.44  27.24  4.70 1682   3.09   427.3  32082.  1.19  6.99   0.00   0.00   0.00 0.00 0.00 0.00  0.08 428.0 142646.  3.50 426.8  43831.
 0:09:19 0.76 120.44  27.21  4.70 1682   3.48   422.8  31939.  1.88  6.19   8.83  -2.45  -2.49 0.15 0.24 0.41  0.06 427.9 390699.  3.04 420.8  30116.
 0:12:01 0.76 120.44  27.19  4.70 1682  -1.00    -1.0     -1. -1.00 -1.00   8.87  -2.73  -2.25 0.00 0.00 0.00 -1.00  -1.0     -1.  3.13 421.7  27638.
 0:14:43 0.76 120.44  27.16  4.70 1682  -1.00    -1.0     -1. -1.00 -1.00   7.48  -1.20   5.78 0.00 0.00 0.00 -1.00  -1.0     -1. -1.00  -1.0     -1.
 2:48:38 0.76 120.46  25.77  4.69 1682   3.81   437.2  33583.  3.58  0.33   7.26  -1.18   5.98 0.23 0.11 0.20  0.12 440.4 381486.  3.99 437.9  40778.
 2:51:20 0.76 120.46  25.75  4.69 1682   2.82   431.5  31572. -1.26 -6.47   6.72  -2.66   5.87 0.21 0.27 0.49  0.12 431.8 213840.  3.37 430.0  37283.
 2:54:02 0.76 120.46  25.72  4.68 1682   3.89   430.5  39456.  2.11  0.18   2.25   5.26   7.21 0.32 0.22 0.20 -1.00  -1.0     -1.  3.33 430.9  35587.
 2:54:22 0.76 120.46  25.72  4.68 1682   3.53   495.6  62637. -7.27 -7.73   2.05   5.66   7.05 0.18 0.29 0.00  0.11 516.2 412190.  3.88 497.2  42327.
 2:57:04 0.77 120.46  25.69  4.68 1682   3.51   509.8  34525. -8.05 -4.63   1.17   6.10   7.13 0.00 0.00 0.16  0.09 527.3 465816.  4.30 510.9  21381.
 2:59:46 0.77 120.46  25.67  4.68 1682   3.48   510.3  29545. -7.10 -5.14   0.76   5.00   7.84 0.00 0.00 0.00  0.08 499.4 287177.  3.75 517.3  42314.
 3:02:28 0.77 120.46  25.64  4.68 1682   3.62   495.9  34378. -8.24 -4.46   2.05   5.04   7.61 0.10 0.20 0.20  0.11 492.5 464543.  4.49 504.7  34180.
 3:05:10 0.77 120.46  25.62  4.68 1682   3.21   513.6  34148. -6.58 -5.11   0.32   4.37   8.29 0.20 0.10 0.05  0.09 516.6 284760.  3.63 520.9  35333.
 3:07:52 0.77 120.46  25.60  4.68 1682   2.99   514.4  38134. -6.99 -4.72   0.06   4.69   8.33 0.00 0.00 0.00  0.11 516.6 627108.  4.52 515.4  34343.
 3:10:34 0.77 120.46  25.57  4.68 1682   3.35   514.3  37166. -6.72 -4.60  -0.26   4.37   8.41 0.10 0.15 0.16  0.10 514.6 371676.  3.88 522.7  33950.
 3:13:16 0.77 120.46  25.55  4.68 1682   3.19   517.1  32978. -7.23 -5.30   0.16   4.58   8.07 0.11 0.24 0.22  0.09 510.2 271883.  4.03 516.1  30058.
 3:15:58 0.77 120.46  25.53  4.68 1682   3.33   520.2  45910. -6.65 -5.45  -0.90   4.19   8.40 0.44 0.36 0.16 -1.00  -1.0     -1.  4.42 527.4  25965.
 3:18:40 0.77 120.46  25.50  4.68 1682   2.32   531.2  44121. -6.87 -5.53  -0.63   5.65   7.38 0.66 0.50 0.37  0.09 524.7 493090.  3.29 538.3  29977.
 3:21:22 0.77 120.46  25.48  4.68 1682   4.49   506.3  23785. -7.67 -4.01   0.81   5.84   7.20 0.08 0.12 0.20  0.10 512.6 445974.  3.17 513.2  39888.
 3:24:04 0.77 120.46  25.45  4.68 1682   3.76   502.6  39105. -7.98 -3.17   0.04   6.54   6.40 0.15 0.26 0.20  0.10 506.2 552498.  4.66 508.9  22726.
 3:26:46 0.77 120.46  25.43  4.68 1682   4.58   504.3  23373. -8.45 -4.24   1.17   5.42   7.36 0.18 0.20 0.16  0.09 516.7 451796.  3.68 506.6  31143.
 3:29:28 0.77 120.46  25.40  4.68 1682   3.69   494.3  29077. -8.07 -5.09   1.25   5.28   7.52 0.27 0.20 0.16  0.08 505.6 367453.  3.88 501.4  40109.
 3:32:10 0.77 120.46  25.38  4.68 1682   3.78   500.6  32962. -7.05 -3.99   1.79   5.66   7.13 0.10 0.20 0.16  0.11 512.8 397066.  4.49 498.2  31708.
 3:34:52 0.77 120.47  25.35  4.68 1682   3.52   494.5  36682. -8.08 -5.26   2.29   5.06   7.29 0.25 0.27 0.19  0.11 495.5 373625.  3.77 502.6  31062.
 3:37:34 0.77 120.47  25.33  4.68 1682   2.83   493.9  42821. -7.37 -4.73   2.45   5.69   6.81 0.56 0.11 0.21  0.11 496.3 291842.  4.65 493.2  23876.
 3:40:16 0.77 120.47  25.30  4.68 1682   5.12   488.8  20719. -8.86 -4.60   2.75   5.51   6.75 0.16 0.04 0.16  0.08 494.8 410007.  3.47 492.7  38475.
 3:42:58 0.77 120.47  25.28  4.68 1682   2.71   493.2  45293. -7.60 -3.85   2.85   5.01   7.23 0.16 0.12 0.20  0.11 487.8 425418.  4.13 492.8  23980.
 3:45:40 0.77 120.47  25.26  4.68 1682   3.75   487.8  22369. -8.19 -5.19   2.71   4.87   7.23 0.15 0.23 0.20  0.08 491.4 323365.  3.48 491.0  34479.
 3:48:22 0.77 120.47  25.23  4.68 1682   2.79   492.5  47041. -6.11 -6.78   3.11   3.99   7.63 0.08 0.20 0.20  0.10 509.0 351405.  4.64 492.7  23957.
 3:51:04 0.77 120.47  25.21  4.68 1682   4.40   490.4  37744. -7.90 -3.96   3.27   4.23   7.07 0.30 0.15 0.00  0.08 497.8 411307.  4.17 490.9  43091.
 3:53:46 0.77 120.47  25.18  4.68 1682   5.43   477.2  39310. -6.77 -3.28   3.48   3.17   7.61 0.53 0.64 0.50  0.13 490.8 402705.  4.25 484.7  64631.
 3:56:28 0.77 120.47  25.16  4.68 1682   4.02   477.5  63238. -7.29  0.59   3.97   3.49   7.14 0.36 0.23 0.17  0.11 492.9 493454.  5.22 479.5  38595.
 3:59:10 0.77 120.47  25.13  4.68 1682   5.01   474.8  35873. -6.60 -3.89   4.35   3.25   6.96 0.20 0.15 0.19  0.12 480.6 393830.  3.94 478.2  61159.
 4:01:52 0.77 120.47  25.11  4.68 1682   2.89   482.1  87773. -5.80 -0.97   5.00   1.87   6.78 0.17 0.37 0.20  0.07 504.9 309461.  4.36 479.1  43107.
 4:04:34 0.77 120.47  25.08  4.68 1682   4.40   473.8  54581. -5.20 -5.74   4.53   2.97   6.78 0.15 0.27 0.21  0.08 490.9 348651.  3.70 478.2  65210.
 4:07:16 0.77 120.47  25.06  4.68 1682   3.67   481.4  82167. -6.11 -4.89   3.97   3.51   7.08 0.24 0.24 0.00  0.08 508.1 381148.  5.18 479.4  59590.
 4:09:58 0.77 120.47  25.03  4.68 1682   4.10   480.1  62218. -6.63 -0.45   5.06   2.65   6.59 0.19 0.15 0.01  0.13 493.3 205809.  4.86 488.3  58177.
 4:12:40 0.77 120.47  25.01  4.68 1682   3.98   473.7 118358. -6.51 -0.77   5.42   1.49   6.60 0.23 0.18 0.00  0.07 501.6 432981.  4.50 479.1 127671.
 4:15:22 0.77 120.47  24.99  4.68 1682   5.97   484.6 127291. -4.08 -1.39   4.93   0.73   5.41 0.14 0.08 0.30 -1.00  -1.0     -1.  5.50 486.1 136864.
 4:18:04 0.77 120.47  24.96  4.68 1682   7.39   492.8 113495. -4.00 -0.85   4.99   0.49   5.01 0.13 0.26 0.16  0.07 497.5 436671.  6.35 488.5  86445.
 4:20:46 0.77 120.47  24.94  4.68 1682   5.44   485.5 110438. -2.78 -2.29   5.44  -0.09   4.69 0.17 0.19 0.25 -1.00  -1.0     -1.  5.45 482.6 126690.
 4:23:28 0.77 120.47  24.91  4.68 1682   6.64   483.2 105523. -3.21 -1.27   5.34  -1.03   4.36 0.15 0.23 0.16 -1.00  -1.0     -1.  7.34 486.6  82530.
 4:26:10 0.77 120.47  24.89  4.68 1682   7.22   486.6  88192. -3.69 -0.42   5.56  -0.77   4.05 0.12 0.08 0.20 -1.00  -1.0     -1.  5.74 484.2 117182.
 4:28:52 0.77 120.47  24.86  4.68 1682   4.87   477.5 183278. -3.44  2.08   6.12  -0.45   4.22 0.16 0.08 0.04 -1.00  -1.0     -1.  5.20 477.2 205666.
 4:31:34 0.77 120.47  24.84  4.68 1682   5.34   476.6 177765. -3.68 -0.40   6.12  -0.29   3.88 0.10 0.15 0.16 -1.00  -1.0     -1.  5.41 480.0 153496.
 4:34:16 0.77 120.47  24.81  4.68 1682   5.33   476.3 147331. -3.63 -1.47   6.40  -0.17   3.96 0.41 0.12 0.20 -1.00  -1.0     -1.  6.14 478.8 169862.
 4:36:58 0.77 120.47  24.79  4.68 1682   5.53   477.2 179256. -3.82 -1.51   6.28  -0.39   3.80 0.16 0.04 0.00 -1.00  -1.0     -1.  5.39 479.7 155854.
 4:39:40 0.77 120.47  24.77  4.68 1682   5.93   479.8 124016. -3.47 -1.20   6.00  -0.61   3.69 0.18 0.22 0.21 -1.00  -1.0     -1.  5.96 484.5  97392.
 4:42:22 0.77 120.47  24.74  4.68 1682   7.37   483.6  90184. -3.52 -0.83   5.80  -0.79   3.89 0.13 0.22 0.00  0.08 461.4 289230.  6.50 480.4 119066.
 4:45:04 0.77 120.48  24.72  4.68 1682   6.31   479.8 103905. -3.30 -1.01   5.66  -0.85   3.81 0.12 0.22 0.16 -1.00  -1.0     -1.  7.05 484.5  85620.
 4:47:46 0.77 120.48  24.69  4.68 1682   5.85   477.1 153009. -3.74 -0.72   6.12  -0.65   4.13 0.10 0.29 0.16 -1.00  -1.0     -1.  5.27 480.4 128961.
 4:50:28 0.77 120.48  24.67  4.68 1682   7.25   476.7  85191. -3.11 -0.98   5.94  -1.66   3.48 0.11 0.26 0.04  0.09 494.5 408825.  6.92 483.2  92727.
 4:53:10 0.77 120.48  24.64  4.68 1682   6.92   481.7  90980. -3.02 -1.20   5.83  -1.59   3.42 0.04 0.16 0.16 -1.00  -1.0     -1.  6.84 478.4  90749.
 4:55:52 0.77 120.48  24.62  4.68 1682   7.19   479.1  92669. -3.28 -1.05   6.01  -1.01   3.50 0.00 0.00 0.00 -1.00  -1.0     -1.  6.85 484.2  87088.
 4:58:34 0.77 120.48  24.59  4.68 1682   6.60   480.4  99646. -3.13 -1.28   6.11  -1.51   3.08 0.13 0.25 0.04  0.09 483.2 430850.  6.34 478.1  95482.
 5:01:16 0.77 120.48  24.57  4.68 1682   6.08   475.0 115596. -3.17 -1.20   6.36  -1.79   2.68 0.08 0.16 0.04  0.07 473.5 279588.  6.47 478.0 127005.
 5:03:58 0.77 120.48  24.54  4.68 1682   7.01   481.1 104032. -2.77 -0.47   6.11  -2.30   1.42 0.04 0.00 0.16 -1.00  -1.0     -1.  7.24 478.9 101254.
 5:06:40 0.77 120.48  24.52  4.67 1682   7.23   478.0 102892. -3.02 -0.37   6.23  -2.61   1.40 0.00 0.00 0.17  0.11 487.5 424898.  6.88 481.5 106653.
 5:09:22 0.77 120.48  24.50  4.67 1682   6.23   476.1 121577. -2.88 -1.17   6.32  -2.59   0.86 0.16 0.04 0.20 -1.00  -1.0     -1.  7.00 477.5 100485.
 5:12:04 0.77 120.48  24.47  4.67 1682   7.57   477.1 102287. -2.71 -0.56   6.08  -3.09   0.30 0.08 0.24 0.00 -1.00  -1.0     -1.  6.37 477.9 138365.
 5:14:46 0.77 120.48  24.45  4.67 1682   6.44   473.2 118107. -2.69  0.26   5.92  -2.97   0.30 0.10 0.20 0.00 -1.00  -1.0     -1.  7.58 478.7  97369.
 5:17:28 0.77 120.48  24.42  4.67 1682   7.22   473.8 110048. -2.40 -0.78   5.44  -3.33   2.05 0.30 0.24 0.41 -1.00  -1.0     -1.  6.52 472.8 130188.
 5:20:10 0.77 120.48  24.40  4.67 1682   6.84   489.4  81621. -2.90 -3.96   4.60  -2.34   4.20 0.64 0.54 0.81  0.10 490.5 220077.  7.12 489.5  71414.
 5:22:52 0.77 120.48  24.37  4.67 1682   7.29   475.7 113979. -2.42 -1.49   5.60  -3.55   1.97 0.24 0.15 0.64  0.08 468.0 251859.  6.90 472.1 118101.
 5:25:34 0.77 120.48  24.35  4.67 1682   6.76   474.6  76781. -3.33 -2.45   3.89  -2.47   5.08 0.12 0.19 0.25  0.10 473.4 385540.  7.63 475.1  72730.
 5:28:16 0.77 120.48  24.32  4.67 1682   6.63   467.3  75160. -1.90 -2.31   4.42  -3.26   4.45 0.10 0.20 0.20 -1.00  -1.0     -1.  6.96 468.3  67604.
 5:30:58 0.77 120.48  24.30  4.67 1682   6.10   469.3  79477. -2.96 -1.90   5.06  -1.94   4.54 0.17 0.52 0.41 -1.00  -1.0     -1.  6.97 471.4  78518.
 5:33:40 0.77 120.48  24.27  4.67 1682   7.44   472.6  91106. -3.29 -2.26   5.75  -2.86   3.27 0.20 0.05 0.20  0.08 477.1 347026.  7.17 472.0  83417.
 5:36:22 0.77 120.48  24.25  4.67 1682   6.24   469.0 100273. -3.26 -1.16   5.94  -3.48   2.38 0.19 0.23 0.16 -1.00  -1.0     -1.  7.50 474.1  89297.
 5:39:04 0.77 120.48  24.23  4.67 1682   7.23   471.1  75952. -2.76 -1.36   6.12  -3.40   2.63 0.11 0.24 0.16 -1.00  -1.0     -1.  6.84 468.8  87046.
 5:41:46 0.77 120.48  24.20  4.67 1682   5.91   465.4  94111. -2.22 -1.04   6.46  -3.59   1.99 0.15 0.27 0.16  0.09 471.7 384825.  6.96 472.4  86208.
 5:44:28 0.77 120.48  24.18  4.67 1682   6.17   468.7  78921. -2.09 -0.02   6.42  -4.07   0.31 0.10 0.20 0.00  0.12 461.5 518519.  7.16 465.7  84340.
 5:47:08 0.77 120.48  24.16  4.67 1682   6.45   464.0  81299.  0.00  0.00   6.06  -4.18   0.14 0.04 0.12 0.32  0.08 473.8 293972.  6.76 467.0  84226.
 5:49:50 0.77 120.48  24.13  4.67 1682  -1.00    -1.0     -1. -1.00 -1.00   6.68  -3.57   1.31 0.05 0.15 0.20 -1.00  -1.0     -1. -1.00  -1.0     -1.
 5:52:32 0.77 120.48  24.11  4.67 1682   6.13   460.9  88800. -1.07 -0.11   6.74  -4.19   0.31 0.14 0.09 0.00 -1.00  -1.0     -1.  5.38 459.1  87393.
 5:55:14 0.77 120.48  24.08  4.67 1682   5.96   466.6 101553. -1.09  0.20   6.65  -4.62  -0.17 0.00 0.00 0.39  0.06 477.1 234526.  5.94 461.8 103165.
 5:57:58 0.77 120.49  24.06  4.67 1682   6.47   463.3  84626. -0.93  0.46   6.32  -4.10  -0.09 0.10 0.22 0.67 -1.00  -1.0     -1.  5.76 463.1  80305.
 6:00:40 0.77 120.49  24.03  4.67 1682   6.61   454.0  60038. -1.39 -0.02   6.23  -4.06  -0.17 0.16 0.20 0.40  0.08 463.4 400262.  6.75 456.6  69072.
 6:03:22 0.77 120.49  24.01  4.67 1682   6.89   456.4  60467. -0.66 -0.17   6.03  -4.24  -0.82 0.10 0.15 0.16 -1.00  -1.0     -1.  7.53 454.3  56988.
 6:06:04 0.77 120.49  23.98  4.67 1682   6.60   455.1  60603. -1.48 -0.14   5.93  -3.96   0.86 0.09 0.20 0.86 -1.00  -1.0     -1.  7.15 458.6  82254.
 6:08:46 0.77 120.49  23.96  4.67 1682   8.46   454.6  76079. -1.18 -1.71   5.57  -3.20   1.59 0.23 0.16 0.16  0.09 451.6 277665.  8.96 453.9  66480.
 6:11:28 0.77 120.49  23.94  4.67 1682   7.07   449.3  63764. -0.88 -2.69   6.49  -3.96   1.28 0.22 0.08 0.20  0.08 445.4 194180.  7.50 446.4  68721.
 6:14:10 0.77 120.49  23.91  4.67 1682   6.69   443.4  60967. -0.76 -2.19   6.93  -4.12   1.12 0.00 0.00 0.00 -1.00  -1.0     -1.  7.07 448.7  57784.
 6:16:52 0.77 120.49  23.89  4.67 1682   7.88   450.8  56582. -1.13 -2.24   6.67  -3.76   1.44 0.12 0.08 0.30 -1.00  -1.0     -1.  7.89 448.8  65193.
 6:19:34 0.77 120.49  23.86  4.67 1682   6.10   444.7  62234. -0.27 -1.90   7.00  -4.36   0.80 0.05 0.20 0.16 -1.00  -1.0     -1.  6.98 450.0  61929.
 6:22:16 0.77 120.49  23.84  4.67 1682   5.69   441.8 121889. -0.59 -3.64   7.50  -4.01   2.55 0.20 0.20 0.47 -1.00  -1.0     -1.  6.79 437.1 123146.
 6:24:33 0.77 120.49  23.82  4.67 1682   5.36   432.4  89570.  1.60 -2.49   7.58  -5.10   0.27 0.20 0.10 0.04  0.07 405.9 113306.  6.51 430.1  71265.
 6:24:58 0.77 120.49  23.81  4.67 1682   5.18   431.2  73279.  1.41 -2.35   7.34  -5.22   0.32 0.00 0.00 0.00 -1.00  -1.0     -1.  5.32 431.5  96096.
 6:27:40 0.77 120.49  23.79  4.67 1682   5.17   431.4  85633.  1.31 -2.03   7.42  -5.48   0.64 0.12 0.22 0.16 -1.00  -1.0     -1.  5.99 429.8  71141.
 6:30:20 0.77 120.49  23.76  4.67 1682   5.64   429.8  71619.  0.00  0.00   7.39  -5.33   1.04 0.08 0.20 0.16 -1.00  -1.0     -1.  5.46 431.0  84531.
 6:33:02 0.77 120.49  23.74  4.67 1682  -1.00    -1.0     -1. -1.00 -1.00  -1.64  -7.53  -1.86 0.00 0.00 0.00 -1.00  -1.0     -1. -1.00  -1.0     -1.
 6:35:21 0.77 120.49  23.72  4.67 1682   5.63   430.8  73051.  1.69 -1.89   0.00   0.00   0.00 0.00 0.00 0.00 -1.00  -1.0     -1.  6.37 431.9  99497.
 6:46:09 0.77 120.49  23.62  4.67 1682   7.65   417.9  66398.  3.06 -1.44   0.00   0.00   0.00 0.00 0.00 0.00  0.13 409.8 183447.  8.21 419.7  74867.
 6:56:57 0.77 120.49  23.52  4.67 1682   9.89   418.6  37045.  3.15 -2.02   0.00   0.00   0.00 0.00 0.00 0.00 -1.00  -1.0     -1. 10.31 417.6  54136.
 7:07:45 0.77 120.49  23.42  4.67 1682   8.83   401.7  39183.  4.38 -0.60   0.00   0.00   0.00 0.00 0.00 0.00  0.15 401.4 152574.  9.17 400.1  46258.
 7:18:33 0.77 120.50  23.33  4.66 1682   9.41   401.7  48051.  4.45 -1.93  -1.85  -7.14  -0.96 0.00 0.00 0.00  0.33 391.9 137046. 10.28 399.3  39124.
 7:29:21 0.77 120.50  23.23  4.66 1682   8.23   395.3  20936.  4.68 -1.66  -1.47  -7.49   1.55 0.20 0.05 0.21  0.17 374.4 141620. 10.51 391.8  27362.
 7:40:09 0.77 120.50  23.13  4.66 1682  11.07   392.2  31932.  4.25 -4.58  -2.16  -7.34   0.24 0.00 0.00 0.00  0.15 394.8 132056.  9.70 393.6  49312.
 7:50:57 0.77 120.50  23.03  4.66 1682  10.27   403.3  38712.  3.89 -4.79  -1.79  -7.25   2.84 0.01 0.00 0.20  0.20 403.0 196090. 11.24 401.3  47944.
 8:01:45 0.77 120.50  22.94  4.66 1682   8.94   411.2  50604.  3.53  0.11   0.37   3.04   4.01 0.82 1.29 1.64  0.32 404.7 143127. 10.51 406.7  34836.
 8:12:33 0.77 120.50  22.84  4.66 1682  15.43   447.7  37425. -1.57 -3.24  -3.38   5.95   1.98 0.10 0.20 0.00  0.55 437.3 262138. 12.82 446.2  53655.
 8:23:21 0.77 120.51  22.74  4.66 1682  13.70   415.1  48655.  0.67  2.69   3.12   3.77  -6.86 0.00 0.00 0.00  0.31 413.4 230628. 12.59 418.0  47298.
 8:34:09 0.77 120.51  22.64  4.66 1682  10.38   409.8  31822.  4.92 -0.43   4.96  -6.74  -1.98 0.00 0.00 0.00  0.34 404.8 159993. 11.14 406.4  44049.
 8:44:57 0.77 120.51  22.54  4.66 1682  10.02   411.9  38348.  3.73  0.86   4.88  -4.21  -6.46 0.19 0.09 0.00  0.29 414.4 236891. 10.01 408.7  30120.
 8:55:45 0.77 120.51  22.45  4.66 1682  10.57   399.3  40885.  4.57 -0.41   6.14  -6.28  -2.72 0.17 0.09 0.50  0.13 397.8  76962. 10.04 395.3  32199.
 9:06:33 0.77 120.51  22.35  4.66 1682   9.34   404.4  28863.  5.51 -0.65   7.42  -5.00  -2.84 0.05 0.25 0.01  0.21 393.9 183213.  9.68 403.1  30428.
 9:17:21 0.77 120.51  22.25  4.66 1682   9.51   417.8  65879.  4.71 -1.25   4.26  -6.26  -0.96 0.39 0.71 1.40  0.22 409.0 251600.  9.85 413.8  57485.
 9:28:09 0.77 120.51  22.15  4.65 1682  10.38   437.3  75800. -0.12  2.89   3.58  -1.12  -6.59 0.36 0.09 0.19  0.46 437.1 225027. 10.84 436.6  88062.
 9:38:57 0.77 120.52  22.05  4.65 1682  11.05   426.6 101885. -0.12  1.28   6.29  -2.22  -4.85 0.17 0.45 0.04  0.44 438.4 294427. 11.07 424.4 100420.
 9:49:45 0.77 120.52  21.96  4.65 1682   9.81   436.5  75432.  1.61  1.42   4.57  -0.35  -7.03 0.05 0.90 0.20  0.44 443.8 315425. 10.71 434.5  87835.
10:00:33 0.77 120.52  21.86  4.65 1682  10.83   434.0 103701.  2.84 -0.67   3.54  -6.39  -2.49 0.09 0.24 0.19  0.43 448.4 298170. 11.21 431.1  93575.
10:11:21 0.77 120.52  21.76  4.65 1682  11.03   449.1  82514. -6.22 -1.79   2.21   8.03  -1.72 0.05 0.20 0.00  0.41 453.8 310722. 10.49 452.5  69530.
10:22:09 0.77 120.52  21.67  4.65 1682  10.21   435.6  92649. -5.39 -1.64   5.00   6.70  -1.96 0.05 0.19 0.19  0.36 445.9 271922. 10.04 437.5  78645.
10:32:57 0.77 120.52  21.57  4.65 1682  10.97   434.9 126069.  0.00  0.00   6.38   5.27   1.12 0.15 0.05 0.00 -1.00  -1.0     -1. 10.57 432.4 114921.
10:43:45 0.77 120.52  21.47  4.65 1682  11.15   430.9  99081. -5.10 -2.81   6.55   6.21  -0.58 0.00 0.00 0.00  0.39 441.3 278796. 10.89 430.6  96772.
10:54:33 0.77 120.53  21.37  4.65 1682  10.21   435.7  76170. -6.23 -1.48   4.08   7.71  -0.50 0.45 0.16 0.57  0.49 429.2 269531. 11.35 438.0  92812.
11:57:51 0.77 120.53  20.80  4.64 1682  -1.00    -1.0     -1. -1.00 -1.00   1.63   7.50   1.99 0.00 0.00 0.00 -1.00  -1.0     -1. -1.00  -1.0     -1.
12:00:33 0.77 120.53  20.77  4.64 1682  13.53   447.1 109886. -4.75 -3.18   3.90   6.23  -2.33 0.04 0.16 0.20  0.46 448.8 228406. 13.87 447.7 111344.
12:03:15 0.77 120.53  20.75  4.64 1682  11.41   438.2 121369. -3.88 -0.49   7.21   2.71  -3.42 0.41 1.16 0.65 -1.00  -1.0     -1. 11.98 439.0 141064.
12:05:57 0.77 120.54  20.72  4.64 1682  13.05   431.7 152944. -1.91 -0.16   5.89   4.16  -5.43 0.33 0.46 0.20 -1.00  -1.0     -1. 12.35 433.5 131550.
12:07:12 0.77 120.54  20.71  4.64 1682  12.47   435.6 127564. -3.15 -0.09   6.57   3.66  -5.19 0.14 0.19 0.16 -1.00  -1.0     -1. 13.22 436.9 143387.
12:09:54 0.77 120.54  20.69  4.64 1682  13.17   437.0 143007. -3.73 -0.28   5.17   5.86  -3.83 0.49 0.15 0.54  0.41 453.9 315646. 12.82 437.3 123523.
12:12:36 0.77 120.54  20.66  4.64 1682  12.27   438.2 121512. -4.97 -1.85   4.00   5.05   5.51 0.15 0.52 1.66 -1.00  -1.0     -1. 12.81 442.2 146132.
12:15:18 0.77 120.54  20.64  4.64 1682  11.89   448.7 113563. -2.64 -3.56   4.46   6.08   5.20 0.24 0.33 0.46  0.45 452.1 294128. 11.70 450.2 112595.
12:18:00 0.77 120.54  20.61  4.64 1682  11.02   445.0 115846. -3.01 -2.45   4.99   6.95   4.65 0.24 0.08 0.16  0.47 446.4 267231. 11.90 446.5 131767.
12:20:42 0.77 120.54  20.59  4.64 1682  13.61   445.0 127833. -4.05 -3.81   4.98   6.49   3.03 0.17 0.20 0.33  0.53 451.6 281680. 13.46 445.7 117682.
12:23:24 0.77 120.54  20.56  4.64 1682  11.75   441.3 111214. -2.78 -3.53   5.36   4.36   5.84 0.24 0.24 0.47  0.31 472.5 268972. 12.29 444.6 125995.
12:26:06 0.77 120.54  20.54  4.64 1682  11.38   437.6 128259. -2.96  0.84   5.82   1.24   7.52 0.15 0.22 0.00 -1.00  -1.0     -1. 11.83 439.8 119745.
12:28:48 0.77 120.54  20.51  4.64 1682  10.93   439.6 125780. -2.15 -0.13   4.84   1.14   7.39 1.39 0.62 0.68  0.48 454.2 421871. 11.81 441.0 136334.
12:31:30 0.77 120.54  20.49  4.64 1682  11.28   436.9 137192. -2.45 -1.25   4.65   0.11   7.90 0.44 0.46 0.32 -1.00  -1.0     -1. 12.29 434.9 127125.
12:34:12 0.77 120.54  20.47  4.64 1682  11.45   429.4 147577. -3.42 -2.92   8.15   2.98  -0.95 0.15 0.08 0.62 -1.00  -1.0     -1. 12.12 431.8 160461.
12:36:54 0.77 120.54  20.44  4.64 1682  12.39   427.4 164443. -3.79 -1.56   8.49   2.73  -1.19 0.20 0.23 0.48 -1.00  -1.0     -1. 12.85 426.8 155497.
12:39:36 0.77 120.54  20.42  4.64 1682  12.62   421.1 166552. -2.95 -1.75   8.61   2.68  -1.59 0.15 0.28 0.41 -1.00  -1.0     -1. 12.12 427.9 184233.
12:42:18 0.77 120.54  20.40  4.64 1682  11.69   429.8 153876. -2.79 -1.39   8.55   1.77  -3.19 0.12 0.30 0.20 -1.00  -1.0     -1. 11.72 428.5 148724.
12:45:00 0.77 120.54  20.37  4.64 1682  11.26   427.9 146122. -3.61 -0.60   9.15   1.79  -2.79 0.26 0.36 0.41  0.46 443.9 277120. 11.41 429.3 162777.
12:47:42 0.77 120.54  20.35  4.64 1682  12.08   427.7 188771. -1.87 -1.32   8.96  -0.33  -2.63 0.32 0.32 0.58 -1.00  -1.0     -1. 12.20 425.8 163810.
12:50:24 0.77 120.54  20.32  4.64 1682  11.94   434.5 130474. -2.09  1.83   7.82  -0.04  -5.43 0.43 0.64 0.41 -1.00  -1.0     -1. 11.90 437.6 155218.
12:53:06 0.77 120.54  20.30  4.64 1682  12.12   436.8 155686. -0.74  0.43   6.56  -1.55  -5.34 0.74 1.09 1.00 -1.00  -1.0     -1. 11.43 436.0 133755.
12:55:48 0.77 120.54  20.27  4.64 1682  12.63   429.7 149903.  1.37 -1.86   7.43  -4.64  -1.90 0.19 0.31 0.16 -1.00  -1.0     -1. 12.60 430.4 171087.
12:58:30 0.77 120.54  20.25  4.64 1682  12.91   427.5 166204.  1.11  0.30   7.30  -4.58  -1.82 0.20 0.23 0.32 -1.00  -1.0     -1. 12.63 425.1 153733.
13:01:12 0.77 120.54  20.22  4.64 1682  11.86   426.9 147584.  2.17 -0.75   6.92  -5.78  -1.19 0.21 0.15 0.36 -1.00  -1.0     -1. 12.48 426.7 165090.
13:03:54 0.77 120.54  20.20  4.64 1682  12.99   430.0 167952.  0.82  0.57   4.66  -7.46  -1.52 0.55 0.41 0.29 -1.00  -1.0     -1. 12.91 427.5 165441.
13:06:36 0.77 120.54  20.18  4.64 1682  12.80   435.9 139784.  2.28  0.86   4.82  -7.29  -2.96 0.17 0.33 0.54 -1.00  -1.0     -1. 13.12 436.9 156075.
13:09:18 0.77 120.54  20.15  4.64 1682  13.44   443.5 141116.  1.96  0.99   4.97  -7.56   1.74 0.53 0.28 0.33  0.44 454.8 340244. 13.43 441.7 124478.
13:12:00 0.77 120.54  20.13  4.64 1682  13.05   444.2 117965.  1.73  1.48   5.53  -5.28  -4.70 0.81 1.20 0.88  0.55 447.8 309084. 13.57 443.6 135246.
13:14:42 0.77 120.54  20.10  4.64 1682  13.13   440.2 145018.  0.68  1.77   3.84  -6.03  -5.14 0.55 0.64 0.65  0.42 452.0 311111. 13.45 438.2 140346.
13:17:24 0.77 120.54  20.08  4.64 1682  13.62   447.7 129600.  0.00  0.00   4.12  -3.39  -7.29 0.10 0.22 0.30 -1.00  -1.0     -1. 13.47 446.2 145687.
13:20:06 0.77 120.54  20.05  4.64 1682  13.03   450.0 134869.  1.20  1.44   3.58  -6.19  -5.21 0.17 0.31 0.16  0.43 456.5 309552. 13.50 450.7 145420.
13:22:48 0.77 120.55  20.03  4.64 1682  12.60   451.7 146073.  3.19 -2.56   3.33  -8.55  -0.64 0.58 0.26 0.40  0.29 472.7 283305. 13.08 446.6 142978.
13:25:30 0.77 120.55  20.00  4.64 1682  13.81   444.1 140853.  2.54 -0.59   4.40  -7.63  -1.70 0.76 0.86 0.77  0.38 458.3 361527. 12.95 442.8 130000.
13:28:12 0.77 120.55  19.98  4.64 1682  13.33   461.5 138599.  3.91 -1.29   2.04  -8.82  -0.89 0.34 0.13 0.20  0.49 469.7 320142. 13.36 457.8 125618.
13:30:54 0.77 120.55  19.95  4.64 1682  13.20   434.7 159025.  1.17 -3.01   7.44  -5.43   2.27 0.42 0.40 0.15 -1.00  -1.0     -1. 13.22 433.0 145749.
13:33:36 0.77 120.55  19.93  4.64 1682  13.27   445.6 152405.  2.17 -1.78   5.88  -6.97  -1.33 0.43 0.55 0.97  0.30 477.6 273936. 13.67 442.0 144790.
13:36:18 0.77 120.55  19.91  4.64 1682  12.44   447.3 137670.  2.49  0.85   3.96  -8.19   2.47 0.08 0.28 0.72  0.40 456.2 335943. 12.37 446.0 123204.
13:39:00 0.77 120.55  19.88  4.64 1682  12.36   456.0 135328.  2.05 -4.79   3.13  -7.49   3.52 0.58 0.31 0.41  0.58 456.0 472586. 12.27 455.6 121664.
13:41:42 0.77 120.55  19.86  4.64 1682  13.13   448.4 148653.  1.69  0.33   3.11  -3.62   1.25 0.96 3.74 4.15 -1.00  -1.0     -1. 12.65 448.3 126752.
13:44:24 0.77 120.55  19.83  4.63 1682  12.68   443.2 118549.  3.04 -2.16   5.29  -8.33   0.40 0.23 0.10 0.39 -1.00  -1.0     -1. 12.83 440.2 132618.
13:47:06 0.77 120.55  19.81  4.63 1682  12.10   435.9 152742.  1.67 -1.81   5.59  -7.68  -1.65 1.14 0.59 0.37 -1.00  -1.0     -1. 12.66 432.3 142211.
13:49:48 0.77 120.55  19.78  4.63 1682  12.10   430.5 140648.  1.73 -1.06   6.72  -6.57  -2.56 0.32 0.17 0.20 -1.00  -1.0     -1. 12.15 429.9 154740.
13:52:30 0.77 120.55  19.76  4.63 1682  12.63   440.0 153032.  2.22 -0.84   5.37  -7.77  -1.83 0.16 0.16 0.47 -1.00  -1.0     -1. 12.62 435.6 147694.
13:55:12 0.77 120.55  19.73  4.63 1682  13.04   439.2 184447.  1.52 -3.11   5.45  -6.02   0.95 0.24 0.27 0.41 -1.00  -1.0     -1. 12.70 437.7 171353.
13:57:54 0.77 120.55  19.71  4.63 1682  12.56   455.9 119546.  2.87  0.58   2.22  -8.00  -4.53 0.64 0.33 0.59  0.41 459.6 317517. 12.51 452.9 117136.
14:00:36 0.77 120.55  19.68  4.63 1682  12.07   456.8 135529.  3.25  0.45   1.26  -8.16  -4.26 0.83 0.24 0.85  0.49 458.3 506526. 12.26 455.3 121252.
14:03:18 0.77 120.55  19.66  4.63 1682  12.54   451.4 133443.  3.00 -2.03   0.92  -9.34  -0.59 0.29 0.08 0.30  0.44 460.6 303198. 13.00 452.7 142780.
14:06:00 0.77 120.55  19.64  4.63 1682  12.47   457.2 146762.  4.45 -2.64   1.14  -9.26  -0.59 0.31 0.14 0.59 -1.00  -1.0     -1. 12.48 456.6 123480.
14:08:42 0.77 120.55  19.61  4.63 1682  12.52   454.7 117191.  2.56  1.13   1.60  -8.53   1.02 0.26 0.12 0.69  0.40 461.7 310579. 12.62 450.7 118585.
14:11:24 0.77 120.55  19.59  4.63 1682  12.55   455.9 145749.  0.00  0.00   1.15  -7.59  -5.14 0.16 0.45 0.46  0.39 472.6 360865. 13.01 456.6 120670.
14:14:06 0.77 120.55  19.56  4.63 1682  -1.00    -1.0     -1. -1.00 -1.00   5.83   1.25  -2.48 0.00 0.00 0.00 -1.00  -1.0     -1. -1.00  -1.0     -1.
16:32:58 0.77 120.57  18.30  4.62 1682  13.77   454.9 219320. -2.41 -3.70   0.00   0.00   0.00 0.00 0.00 0.00 -1.00  -1.0     -1. 14.21 453.4 199296.
16:35:40 0.77 120.57  18.28  4.62 1682  13.88   454.5 204143. -3.05 -0.31   3.36  -0.84  -5.66 0.85 0.72 0.29 -1.00  -1.0     -1. 14.04 458.1 240132.
16:38:22 0.77 120.57  18.25  4.62 1682  13.49   456.5 213115. -0.65 -0.46   5.28   0.20  -5.29 0.47 0.34 0.27 -1.00  -1.0     -1. 13.46 456.1 194449.
16:41:04 0.77 120.57  18.23  4.62 1682  13.13   457.0 194349. -3.19  0.12   5.93  -0.73  -2.67 0.38 0.18 0.37 -1.00  -1.0     -1. 13.75 461.2 210848.
16:43:48 0.77 120.57  18.20  4.62 1682  11.61   454.9 226859. -2.92 -3.74   6.36   1.50  -1.52 0.21 0.25 1.15 -1.00  -1.0     -1. 12.57 452.5 199699.
16:46:30 0.77 120.57  18.18  4.62 1682  12.70   457.4 199416. -5.69 -4.16   6.29   2.86   3.05 0.27 0.56 0.16 -1.00  -1.0     -1. 13.73 459.8 224287.
16:49:12 0.77 120.57  18.16  4.62 1682  13.89   469.9 189846.  0.51  0.02   4.93  -3.39   7.20 0.24 0.10 0.25  0.39 485.6 369012. 14.16 466.3 189226.
16:51:54 0.77 120.57  18.13  4.62 1682  12.69   464.8 163125. -0.90 -1.52  -1.21   6.96   4.92 0.71 0.29 0.31  0.39 479.3 308617. 12.99 466.1 176476.
16:54:36 0.77 120.57  18.11  4.62 1682  12.22   480.2 157807.  2.18  3.41   2.41  -5.47   1.86 1.24 1.23 3.68  0.39 491.6 363684. 11.88 478.2 139862.
16:57:18 0.77 120.57  18.09  4.62 1682  12.72   497.0 160659.  0.00 -1.70   0.07   6.14   6.77 0.30 0.50 0.91  0.39 496.0 474197. 12.95 496.5 140584.
17:00:00 0.77 120.57  18.06  4.62 1682  13.31   463.3 172396.  1.28 -2.87   4.94  -7.64   0.24 0.35 0.50 1.54  0.38 489.0 394103. 13.44 460.6 165545.
17:02:42 0.77 120.57  18.04  4.62 1682  11.42   461.3 152557.  2.27 -1.94   5.29  -7.75  -2.40 0.20 0.10 0.30  0.42 478.2 291777. 11.72 458.7 134022.
17:05:22 0.77 120.57  18.01  4.62 1682  11.47   479.8 134509.  1.11 -7.00   2.43  -9.24   1.17 0.60 0.22 1.57  0.38 489.3 369818. 11.51 480.5 127986.
17:08:04 0.77 120.57  17.98  4.62 1682  12.06   479.7 122639.  2.95 -1.29   2.75  -9.00  -3.01 0.69 0.26 0.38  0.47 492.7 445000. 12.49 478.5 145736.
17:10:46 0.77 120.58  17.96  4.62 1682  -1.00    -1.0     -1. -1.00 -1.00   4.25  -8.68  -3.21 0.27 0.15 0.30 -1.00  -1.0     -1. -1.00  -1.0     -1.
17:13:28 0.77 120.58  17.94  4.62 1682  -1.00    -1.0     -1. -1.00 -1.00   5.70  -7.42  -3.97 0.23 0.30 0.05 -1.00  -1.0     -1. -1.00  -1.0     -1.
17:16:10 0.77 120.58  17.91  4.62 1682  12.49   465.2 130491.  1.85 -1.35   4.79  -7.72   2.62 0.29 0.89 1.63  0.46 477.2 561957. 12.65 463.7 151492.
17:16:12 0.77 120.52  17.86  4.62 1683  -1.00    -1.0     -1. -1.00 -1.00   4.67  -7.68   2.46 0.37 0.84 1.86 -1.00  -1.0     -1. -1.00  -1.0     -1.
17:18:52 0.77 120.58  17.89  4.62 1682  12.34   457.5 153142.  1.54 -0.97   6.30  -6.53   4.53 0.09 0.28 0.19  0.47 473.6 332746. 12.05 456.1 131871.
17:18:54 0.77 120.58  17.89  4.62 1682  12.53   462.0 159870.  2.23 -1.70   6.14  -6.58   4.70 0.29 0.26 0.33  0.49 476.6 382292. 12.70 458.8 142844.
17:21:36 0.77 120.58  17.86  4.62 1682  13.13   462.0 172776.  1.11 -4.56   7.32  -6.15   2.97 0.08 0.37 0.32 -1.00  -1.0     -1. 14.32 459.3 166665.
17:24:18 0.77 120.58  17.84  4.62 1682  11.84   462.9 145839.  1.21 -0.83   3.83  -8.59   2.55 0.29 0.15 0.30  0.51 476.6 370259. 12.29 460.0 129042.
17:27:00 0.77 120.58  17.82  4.62 1682  12.79   468.4 163683.  2.05 -2.44   3.41  -9.29  -1.72 0.28 0.30 0.34  0.37 487.1 323754. 12.98 464.4 158054.
17:29:42 0.77 120.58  17.79  4.62 1682  11.94   460.7 142084.  1.78 -0.87   4.99  -8.60  -1.60 0.27 0.24 0.30  0.40 473.2 378082. 11.64 457.8 132615.
17:32:24 0.77 120.58  17.77  4.62 1682  12.50   465.1 132141.  0.88  0.58   5.66  -8.02  -2.65 0.19 0.30 0.88  0.29 486.4 347858. 12.60 464.0 153305.
17:35:06 0.77 120.58  17.74  4.62 1682  12.50   452.7 160214.  0.45 -4.91   8.39  -6.27   0.28 0.24 0.24 0.57 -1.00  -1.0     -1. 12.77 451.1 140457.
17:37:48 0.77 120.58  17.72  4.62 1682  12.94   453.6 138358.  0.62 -1.99   7.95  -6.26  -3.27 0.29 0.15 0.40 -1.00  -1.0     -1. 13.31 454.2 156904.
17:40:30 0.77 120.58  17.69  4.62 1682  12.80   452.9 155361. -0.56 -0.07   7.90  -5.08  -4.58 0.33 0.13 0.66 -1.00  -1.0     -1. 13.09 450.7 137806.
17:43:12 0.77 120.58  17.67  4.62 1682  13.69   448.2 136386. -2.12  0.03   9.54  -2.85  -4.22 0.07 0.34 0.19 -1.00  -1.0     -1. 14.17 447.9 164080.
17:45:54 0.77 120.58  17.64  4.62 1682  14.68   444.9 144660. -3.00 -1.87  10.72  -1.23  -2.14 0.19 0.15 0.00 -1.00  -1.0     -1. 14.56 447.2 128827.
17:48:36 0.77 120.58  17.62  4.62 1682  14.87   444.8 124020. -3.38 -1.87  11.19  -0.37  -1.33 0.12 0.27 0.00  0.04 591.9 151898. 15.36 443.0 111305.
17:51:18 0.77 120.58  17.59  4.62 1682  15.38   445.2 135253. -4.79 -1.29  11.28   2.47  -2.66 0.15 0.29 0.31 -1.00  -1.0     -1. 14.96 447.3 120385.
17:54:00 0.77 120.58  17.57  4.62 1682  14.73   446.7 133125. -5.68 -1.22  10.59   4.17  -3.80 0.19 0.14 0.16  0.42 477.0 481941. 15.29 447.0 147285.
17:56:42 0.77 120.58  17.55  4.62 1682  15.07   448.7 148308. -5.79  0.30   9.75   4.30  -4.77 0.15 0.34 0.20 -1.00  -1.0     -1. 14.90 448.7 145112.
17:59:24 0.77 120.58  17.52  4.62 1682  14.98   457.9 154870. -7.96 -3.05   8.21   8.53   0.91 0.36 0.37 0.41  0.39 463.7 267257. 15.26 461.3 153330.
18:02:06 0.77 120.58  17.50  4.62 1682  13.57   449.0 153171. -7.65 -1.50   8.99   7.16  -2.69 0.23 0.37 0.54  0.44 478.8 474158. 13.59 452.6 135870.
18:04:48 0.77 120.58  17.47  4.61 1682  13.53   452.9 134444. -8.22 -1.31   7.89   8.14  -2.14 0.33 0.31 0.57  0.50 457.6 387957. 13.95 455.9 146389.
18:07:30 0.77 120.58  17.45  4.61 1682  13.54   461.1 168644. -8.91 -1.51   5.58   9.23  -1.52 0.36 0.42 0.20  0.48 469.8 356369. 13.73 468.1 166025.
18:10:12 0.77 120.58  17.42  4.61 1682  15.33   446.2 167776. -7.71 -2.45   8.50   6.40   0.50 0.15 0.34 0.70 -1.00  -1.0     -1. 14.83 453.1 183034.
18:12:54 0.77 120.58  17.40  4.61 1682  13.04   447.1 150254. -7.10 -2.58   8.63   6.84   1.14 0.30 0.32 0.64  0.46 466.5 343895. 13.63 448.5 147818.
18:15:36 0.77 120.58  17.37  4.61 1682  12.82   451.2 140785. -8.21 -2.28   7.46   8.07   0.09 0.43 0.48 0.55  0.40 484.3 308474. 13.40 456.4 159538.
18:18:18 0.77 120.58  17.35  4.61 1682  13.44   448.3 151255. -7.64 -1.65   8.08   7.29   0.58 0.08 0.12 0.30  0.41 472.0 367310. 13.81 448.9 154350.
18:21:00 0.77 120.58  17.33  4.61 1682  12.01   445.6 137475. -6.88 -0.93   9.27   4.76  -2.38 0.30 0.77 0.54 -1.00  -1.0     -1. 12.59 447.0 160669.
18:23:42 0.77 120.58  17.30  4.61 1682  12.30   447.3 150589. -6.25  0.33   8.33   6.07  -2.84 0.28 0.39 0.17 -1.00  -1.0     -1. 12.89 449.4 144001.
18:26:24 0.77 120.58  17.28  4.61 1682  12.79   448.5 137881. -6.91 -1.08   7.98   5.71  -4.87 0.33 0.41 1.09  0.26 486.0 347364. 13.51 450.9 163963.
18:29:06 0.77 120.59  17.25  4.61 1682  12.34   442.3 153691. -2.57  1.02   7.48   1.76  -7.35 0.75 0.69 0.74 -1.00  -1.0     -1. 12.13 443.6 142861.
18:31:48 0.77 120.59  17.23  4.61 1682  12.55   443.4 140609. -4.03  2.28   7.92   2.99  -6.76 0.27 0.12 0.17 -1.00  -1.0     -1. 12.38 442.4 119397.
18:34:30 0.77 120.59  17.20  4.61 1682  11.42   451.3 142663. -3.81  2.41   7.55   1.19  -7.91 0.08 0.16 0.20  0.31 473.0 398586. 11.48 451.4 131566.
18:37:12 0.77 120.59  17.18  4.61 1682  12.20   440.2 149393. -4.33  0.79   6.18  -4.30  -7.60 0.43 0.34 0.01 -1.00  -1.0     -1. 12.54 444.1 166734.
18:39:54 0.77 120.59  17.15  4.61 1682  11.65   456.3 129350. -1.74  3.06   6.59  -3.43  -7.67 0.19 0.44 0.39  0.37 476.1 325950. 11.88 456.5 120427.
18:42:36 0.77 120.59  17.13  4.61 1682  12.26   453.4 130533. -0.22  1.87   6.37  -5.27  -6.56 0.46 0.27 0.55 -1.00  -1.0     -1. 12.47 454.0 150300.
18:45:18 0.77 120.59  17.10  4.61 1682  12.43   445.7 159688. -0.79  1.72   5.01  -8.24   2.08 0.00 0.00 0.00  0.29 473.8 318934. 12.76 444.2 159548.
18:48:00 0.77 120.59  17.08  4.61 1682  11.46   463.6 126881.  0.72  1.52   0.00   0.00   0.00 0.00 0.00 0.00  0.26 487.1 325768. 12.09 463.3 145749.
18:56:06 0.77 120.59  17.01  4.61 1682  11.27   474.7 127973. -0.84  3.53   0.00   0.00   0.00 0.00 0.00 0.00 -1.00  -1.0     -1. 11.82 474.3 146242.
18:58:48 0.77 120.59  16.98  4.61 1682  12.82   456.1 131433.  0.57  1.83   0.00   0.00   0.00 0.00 0.00 0.00 -1.00  -1.0     -1. 12.89 456.0 163027.
19:01:30 0.77 120.59  16.96  4.61 1682  12.17   452.0 165496.  1.61 -1.67   0.00   0.00   0.00 0.00 0.00 0.00  0.43 476.3 341088. 12.90 448.8 153814.
19:04:12 0.77 120.59  16.93  4.61 1682  12.13   452.8 128922.  1.40 -3.88   0.00   0.00   0.00 0.00 0.00 0.00  0.45 476.9 548613. 12.86 452.3 152665.
19:06:54 0.77 120.59  16.91  4.61 1682  12.54   454.1 148939.  2.52 -2.81   4.15  -8.18   2.47 0.31 0.13 0.57  0.41 474.4 361099. 12.82 449.5 144319.
19:09:36 0.77 120.59  16.88  4.61 1682  10.93   462.1 121570. -0.12  0.00   2.48  -7.70   3.65 1.04 1.27 1.27 -1.00  -1.0     -1. 11.56 461.7 144547.
19:12:18 0.77 120.59  16.86  4.61 1682  12.30   459.7 158814.  0.28  0.08   3.36  -7.46   3.90 0.25 0.47 0.70  0.44 473.2 371052. 12.22 458.3 139265.
19:15:00 0.77 120.59  16.83  4.61 1682  14.07   480.7 155046.  2.39 -1.16   1.52  -9.36   1.50 0.84 0.20 0.55 -1.00  -1.0     -1. 13.55 480.5 137975.
19:17:42 0.77 120.59  16.81  4.61 1682  11.42   472.0 121882.  2.58 -2.84   0.83  -9.17   2.29 0.36 0.26 0.82  0.45 478.5 315178. 12.21 469.8 122668.
19:20:24 0.77 120.59  16.79  4.61 1682  12.83   478.8 154506.  2.17 -2.21   3.36  -8.22   1.76 0.41 0.33 0.76  0.43 488.3 414555. 13.35 476.5 147032.
19:23:06 0.77 120.59  16.76  4.61 1682  12.87   498.2 122100.  0.44  2.35  -6.12  -5.47  -4.45 0.23 0.56 0.77  0.39 485.4 271987. 12.19 495.0 130081.
19:25:48 0.77 120.59  16.74  4.61 1682  11.83   510.9 155702. -7.45  2.65  -3.65  -1.67  -3.59 0.37 5.72 2.19  0.35 484.5 364516. 11.44 514.9 131118.
19:28:30 0.77 120.59  16.71  4.61 1682  12.01   496.2 123253.  2.25 -0.08  -3.52  -8.56  -2.05 0.35 0.14 0.40  0.45 478.3 285500. 12.27 492.3 125822.
19:31:12 0.77 120.59  16.69  4.61 1682  12.45   495.0 127086. -0.07  2.54  -4.17  -5.27  -6.85 0.18 0.48 0.32  0.39 486.1 326938. 12.46 497.9 130166.
19:33:54 0.77 120.59  16.66  4.61 1682  11.84   504.2 123964.  0.30  0.16  -5.96  -6.76  -3.97 0.35 0.38 0.74  0.37 481.8 312814. 11.68 502.1 125748.
19:36:36 0.77 120.59  16.64  4.61 1682  11.65   494.4 118692. -0.32  1.66  -5.10  -6.73  -4.16 0.42 0.48 0.92  0.46 486.0 315412. 11.18 492.3  97977.
19:39:18 0.77 120.59  16.61  4.61 1682  12.44   458.7 149013.  1.26  0.00   0.72  -8.59  -1.79 0.94 0.41 1.09  0.38 484.6 475444. 12.43 457.2 140639.
19:42:00 0.77 120.59  16.59  4.61 1682  13.55   480.6 162027.  0.00  0.00  -2.83  -6.65   3.72 0.95 0.90 4.08  0.40 486.0 282798. 14.39 482.2 142689.
19:44:42 0.77 120.59  16.57  4.61 1682  11.52   491.1 141578.  0.67 -5.54  -2.34  -6.07   4.25 2.24 0.93 3.41  0.37 477.5 321857. 11.39 490.2 129922.
19:47:24 0.77 120.60  16.54  4.61 1682  -1.00    -1.0     -1. -1.00 -1.00   3.38  -8.58  -1.98 0.97 0.56 0.55 -1.00  -1.0     -1. 11.93 464.4 142744.
19:50:06 0.77 120.60  16.52  4.61 1682  11.81   449.5 163813. -3.66 -1.77   5.61  -2.67   7.60 0.32 0.12 0.00  0.30 476.4 308785. 11.99 448.7 157495.
19:52:48 0.77 120.60  16.49  4.61 1682  10.70   447.2 146457.  0.54 -3.10   5.72  -7.87   0.92 0.35 0.15 0.82 -1.00  -1.0     -1. 11.24 448.4 162049.
19:55:30 0.77 120.60  16.47  4.61 1682  10.29   458.4 136974. -1.67  3.32   3.46  -4.59  -7.08 0.59 2.04 1.15  0.38 470.0 320467. 11.20 456.6 118072.
19:58:12 0.77 120.60  16.44  4.61 1682  12.55   455.1 135815.  0.94  0.34   3.81  -8.04  -2.58 0.48 0.23 0.55 -1.00  -1.0     -1. 12.72 454.8 154097.
20:00:54 0.77 120.60  16.42  4.61 1682  11.89   472.6 129503. -3.04  4.06  -0.32  -2.52  -9.10 0.43 0.86 0.28  0.49 476.4 363632. 11.45 469.2 126355.
20:03:36 0.77 120.60  16.39  4.61 1682  10.51   472.8 161783. -1.47 -0.87   1.05  -4.69   7.36 0.52 1.52 1.14  0.30 484.4 378354. 10.92 470.3 166613.
20:06:18 0.77 120.60  16.37  4.61 1682  10.94   480.7 130049.  2.26 -1.75  -1.64  -7.62  -3.26 0.27 1.00 2.21  0.43 489.4 500860. 11.35 479.1 148490.
20:09:00 0.77 120.60  16.34  4.61 1682  12.36   436.7 160987. -0.65 -0.76   7.09  -4.61  -0.66 0.54 0.63 0.22  0.33 488.4 375236. 11.76 438.9 193949.
20:11:42 0.77 120.60  16.32  4.61 1682  13.01   434.7 218166.  0.00  0.51  -4.99  -8.23  -0.24 0.26 0.29 0.60 -1.00  -1.0     -1. 13.75 441.4 276366.
20:14:24 0.77 120.60  16.30  4.60 1682  10.48   491.1 117987.  0.51  1.47   0.29  -8.61  -3.56 0.12 0.22 0.47  0.29 487.2 336631. 10.23 490.7  97723.
20:17:06 0.77 120.60  16.27  4.60 1682  10.58   478.5 109590.  1.60  1.99  -0.75  -8.61  -3.53 0.86 0.61 0.60  0.39 488.3 422118. 10.97 478.9 118111.
20:19:48 0.77 120.60  16.25  4.60 1682  10.32   497.2 124559. -0.83  1.33  -2.97  -7.32  -5.02 0.74 0.36 0.25  0.41 486.9 324807. 10.52 499.6 126969.
20:22:30 0.77 120.60  16.22  4.60 1682   9.60   455.2 140129.  2.29 -1.14   3.88  -8.75  -0.59 0.16 0.08 0.20 -1.00  -1.0     -1.  9.63 451.5 125764.
20:25:12 0.77 120.60  16.20  4.60 1682  11.44   450.9 141214.  1.17 -0.53   3.22  -8.87   1.12 0.59 0.10 0.54  0.35 483.5 340257. 11.10 451.3 149835.
20:27:54 0.77 120.60  16.17  4.60 1682  10.93   452.7 141646.  1.86 -1.58   3.05  -8.42  -2.96 0.48 0.12 0.17  0.33 476.9 377094. 11.22 449.4 141038.
20:30:36 0.77 120.60  16.15  4.60 1682  10.62   458.0 123594.  1.11  0.87   3.14  -6.29  -6.20 0.16 0.38 0.41 -1.00  -1.0     -1. 11.08 458.0 147964.
20:33:18 0.77 120.60  16.12  4.60 1682  10.66   464.6 139190.  1.13 -0.88   2.18  -8.37  -2.54 0.41 0.33 0.69  0.38 479.4 363256. 10.66 463.7 123727.
20:36:00 0.77 120.60  16.10  4.60 1682  11.51   474.3 149413.  2.41 -0.74  -0.28  -9.48  -0.01 0.39 0.08 0.50  0.44 475.5 449067. 11.09 472.5 126940.
20:38:42 0.77 120.60  16.07  4.60 1682  10.63   469.3 123721.  1.13  2.44   0.34  -7.98  -4.30 1.05 0.42 1.05  0.44 472.0 392154. 10.83 466.2 121512.
20:41:24 0.77 120.60  16.05  4.60 1682  10.46   480.2 115054.  1.39  1.09  -0.55  -8.02  -5.11 0.26 0.19 0.25  0.46 479.9 478979. 10.83 477.9 124760.
20:44:06 0.77 120.60  16.03  4.60 1682  10.59   462.6 139979.  1.84  1.39   1.65  -8.36  -4.04 0.46 0.27 0.70  0.40 476.7 324183. 10.67 461.3 125196.
20:46:48 0.77 120.60  16.00  4.60 1682   9.96   475.1  88121.  1.84 -0.07   0.81  -8.56  -2.13 0.68 0.12 0.42  0.54 472.1 446988. 10.39 473.1 106663.
20:49:30 0.77 120.60  15.98  4.60 1682  11.29   456.8 155081.  0.54 -4.67   3.75  -6.94   3.24 0.45 0.54 0.43  0.36 477.9 334838. 10.98 456.2 144245.
20:52:12 0.77 120.60  15.96  4.60 1682  11.20   447.4 154964. -0.49 -4.02   5.48  -6.08   4.03 0.29 0.15 0.46  0.42 462.0 350470. 11.31 449.3 160042.
20:54:54 0.77 120.60  15.93  4.60 1682  10.44   451.1 154571.  0.82 -3.80   6.67  -6.42   1.86 0.19 0.19 0.33  0.40 472.7 289399. 10.25 449.6 126511.
20:57:36 0.77 120.60  15.90  4.60 1682  10.50   456.8 123120.  1.80 -2.33   6.22  -6.92   0.43 0.23 0.20 0.16  0.47 475.4 462308. 11.34 456.2 144037.
21:00:18 0.77 120.60  15.88  4.60 1682  11.35   440.0 166038. -0.67  0.54   6.31  -5.99  -2.84 0.32 0.14 0.44  0.34 480.3 330862. 11.16 439.3 156020.
21:03:00 0.77 120.60  15.85  4.60 1682  11.61   439.2 164106. -0.88 -0.73   5.25  -5.72  -2.48 0.90 1.49 1.98 -1.00  -1.0     -1. 11.50 441.4 171996.
21:05:42 0.77 120.61  15.83  4.60 1682  10.87   438.9 173838. -0.47 -0.36   7.04  -5.54  -1.88 0.59 0.34 0.79 -1.00  -1.0     -1. 11.33 435.7 164041.
21:08:24 0.77 120.61  15.81  4.60 1682  12.28   434.8 181888. -3.20 -3.17   1.16  -1.32  -8.95 1.09 0.52 0.20  0.44 465.5 310799. 12.00 438.3 214220.
21:11:06 0.77 120.61  15.78  4.60 1682  10.93   455.0 152372. -4.39  4.14   1.83   2.48  -8.29 1.42 1.68 0.77  0.49 483.7 474561. 10.50 457.3 135379.
21:13:48 0.77 120.61  15.76  4.60 1682  10.55   481.0 113612. -7.23  3.98  -1.19   3.08  -9.26 0.97 0.95 0.17  0.51 471.4 459423. 10.93 483.3 118208.
21:16:30 0.77 120.61  15.74  4.60 1682  10.53   504.4 133693. -0.98  1.67  -5.75  -4.80  -6.05 0.37 0.16 0.52  0.47 480.6 315230. 11.18 502.4 137530.
21:19:12 0.77 120.61  15.71  4.60 1682  11.52   483.8 113303. -3.67  4.46  -0.99  -1.27  -9.47 0.62 0.46 0.18  0.52 474.6 504187. 11.92 483.0 116428.
21:21:54 0.77 120.61  15.69  4.60 1682  12.16   459.9 144319. -2.29  4.13  -0.01   0.09  -8.88 1.09 1.68 0.30  0.46 475.3 315360. 12.55 460.0 131650.
21:24:36 0.77 120.61  15.66  4.60 1682  11.15   462.3 113745. -5.18  4.90   1.93   1.49  -9.14 1.13 0.40 0.14  0.63 470.2 440647. 12.23 466.0 135194.
21:27:18 0.77 120.61  15.64  4.60 1682  11.87   478.9 125595. -0.52  2.94   0.09  -5.31  -7.14 0.94 0.91 0.69  0.49 476.3 293882. 12.57 478.2 139323.
21:30:00 0.77 120.61  15.61  4.60 1682  11.07   481.8 117383. -0.94  3.15  -1.35  -6.71  -5.74 0.63 1.00 1.31  0.61 472.8 458643. 11.11 481.0 116165.
21:32:42 0.77 120.61  15.59  4.60 1682  12.21   483.9 129743. -1.13  3.64  -1.84  -6.37  -6.07 0.41 0.70 0.58  0.50 470.9 265646. 12.52 485.1 129113.
21:35:24 0.77 120.61  15.56  4.60 1682  12.08   464.7 128278.  1.00  1.25   1.39  -7.85  -4.16 0.16 0.19 0.32  0.56 474.3 455681. 12.32 464.1 139934.
21:38:06 0.77 120.61  15.54  4.60 1682  11.60   457.2 137452.  1.07  1.12   2.91  -8.03  -3.42 0.41 0.20 0.38  0.46 470.6 304562. 11.52 455.5 123679.
21:40:48 0.77 120.61  15.51  4.60 1682  11.63   474.6 141714.  1.65  0.48  -0.89  -8.35  -3.48 0.46 0.38 0.89  0.48 465.2 314529. 11.77 474.3 128272.
21:43:30 0.77 120.61  15.49  4.60 1682  10.33   461.5 115626.  0.87  1.46   3.31  -7.91  -2.79 0.82 0.08 0.41  0.52 471.8 305056. 10.23 456.4 108297.
21:46:12 0.77 120.61  15.47  4.60 1682  10.82   457.5 116730. -1.61 -5.98   2.96  -7.85   2.03 0.66 0.64 2.09  0.56 472.7 429212. 11.57 458.2 131118.
21:48:54 0.77 120.61  15.44  4.60 1682  11.56   449.0 150797.  0.00  3.91   4.42  -2.18  -7.10 0.89 2.36 1.38  0.46 469.4 246467. 11.60 448.4 146704.
21:51:36 0.77 120.61  15.42  4.60 1682  10.99   457.9 122870. -3.98  4.39   3.38  -0.80  -8.90 0.18 0.19 0.00  0.60 469.5 433435. 11.37 459.2 134811.
21:54:18 0.77 120.61  15.39  4.60 1682  11.34   448.1 151372. -4.23  4.17   6.98  -1.69  -5.42 1.22 0.39 1.20 -1.00  -1.0     -1. 11.19 445.9 139313.
21:57:00 0.77 120.61  15.37  4.60 1682  12.16   431.9 160123. -1.47 -1.44   7.76  -4.87  -1.78 0.19 0.65 1.31 -1.00  -1.0     -1. 11.98 430.9 155799.
21:59:42 0.77 120.61  15.34  4.60 1682  11.08   436.1 163885. -0.52 -1.24   8.01  -4.77  -2.31 0.24 0.26 0.59  0.45 470.6 376704. 11.38 435.1 158863.
22:02:24 0.77 120.61  15.32  4.60 1682  12.31   429.2 161608. -1.75 -1.21   7.94  -4.25  -1.80 0.76 0.84 1.49  0.43 457.9 371935. 11.77 427.0 144579.
22:05:06 0.77 120.61  15.29  4.60 1682  11.90   446.4 140077.  0.08 -3.55   4.92  -8.00   0.08 0.56 0.36 1.74  0.47 471.1 308357. 12.09 444.5 145671.
22:07:48 0.77 120.61  15.27  4.60 1682  11.49   438.4 146580. -1.01  1.38   7.05  -6.19   2.08 0.57 0.53 0.42  0.55 457.5 318349. 11.75 436.9 139076.
22:10:30 0.77 120.61  15.24  4.60 1682  11.64   431.4 141483. -1.99  0.72   7.11  -4.40   4.78 0.26 0.42 0.31 -1.00  -1.0     -1. 11.87 434.9 159298.
22:13:12 0.77 120.61  15.22  4.60 1682  10.87   438.5 152902. -1.28 -3.84   5.27  -3.99   6.39 0.16 0.89 1.12  0.47 462.3 294505. 11.12 438.2 129396.
22:15:54 0.77 120.61  15.20  4.60 1682  10.46   437.8 131777. -1.66  1.03   6.51  -4.96  -1.85 0.31 0.26 0.41  0.39 467.7 324066. 11.36 439.2 151784.
22:18:36 0.77 120.61  15.17  4.60 1682  11.72   439.6 160711. -2.00  1.99   5.39  -3.60  -3.69 0.70 1.68 2.17 -1.00  -1.0     -1. 11.65 443.4 175949.
22:21:18 0.77 120.61  15.15  4.60 1682  11.60   441.5 187157. -3.73  2.61   4.92  -2.26  -4.91 0.16 0.08 0.00  0.55 462.3 503173. 11.60 442.7 174380.
22:24:00 0.77 120.62  15.12  4.60 1682  11.90   437.5 176586.  0.00  2.06   5.01  -1.50  -5.30 0.70 0.81 0.88  0.55 471.1 542921. 11.90 439.2 202207.
22:26:42 0.77 120.62  15.10  4.59 1682  11.04   434.0 190168. -2.25  0.67   6.90  -3.91  -2.41 0.40 0.70 0.47  0.43 467.6 335826. 11.32 434.9 182862.
22:29:24 0.77 120.62  15.07  4.59 1682  10.85   444.0 174627. -0.09  1.56   3.61  -4.12   0.62 0.26 0.97 0.97  0.50 471.3 505668. 10.89 446.1 184724.
22:32:06 0.77 120.62  15.05  4.59 1682  10.48   452.5 160055. -1.70  0.22   3.20  -5.92   5.17 0.16 0.58 0.26 -1.00  -1.0     -1. 11.09 449.9 159590.
22:34:48 0.77 120.62  15.02  4.59 1682  12.59   449.7  98802. -3.90  4.22   2.25  -0.22  -8.87 0.15 0.34 0.04  0.54 466.2 369389. 12.01 450.5  92000.
22:37:30 0.77 120.62  15.00  4.59 1682  11.51   440.7 101625.  0.15  0.76   4.10  -7.36  -3.87 0.08 0.12 0.20  0.61 457.1 392193. 12.07 440.5 117968.
22:40:10 0.77 120.62  14.98  4.59 1682  14.40   460.3  89518.  0.00  0.00   1.34  -0.10  -8.68 0.23 0.18 0.20  0.69 455.8 287657. 13.35 460.0  78421.
22:41:58 0.77 120.56  14.90  4.59 1683  -1.00    -1.0     -1. -1.00 -1.00   4.26  -1.25  -7.39 0.60 0.23 0.16 -1.00  -1.0     -1. -1.00  -1.0     -1.
22:42:52 0.77 120.62  14.95  4.59 1682  -1.00    -1.0     -1. -1.00 -1.00   2.05  -0.95  -8.06 0.59 0.97 0.34 -1.00  -1.0     -1. -1.00  -1.0     -1.
22:44:40 0.77 120.56  14.88  4.59 1683  -1.00    -1.0     -1. -1.00 -1.00  -1.97   0.69  -8.50 0.94 0.34 0.34 -1.00  -1.0     -1. -1.00  -1.0     -1.
22:45:34 0.77 120.62  14.93  4.59 1682  -1.00    -1.0     -1. -1.00 -1.00  -2.91   2.87  -8.00 0.72 0.34 0.38 -1.00  -1.0     -1. -1.00  -1.0     -1.
22:47:22 0.77 120.57  14.86  4.59 1683  -1.00    -1.0     -1. -1.00 -1.00  -7.29  -1.89  -4.42 0.72 0.84 0.77 -1.00  -1.0     -1. -1.00  -1.0     -1.
22:48:16 0.77 120.62  14.90  4.59 1682  -1.00    -1.0     -1. -1.00 -1.00  -4.35  -1.28  -6.95 0.44 1.03 0.48 -1.00  -1.0     -1. -1.00  -1.0     -1.
22:50:04 0.77 120.62  14.88  4.59 1682  14.18   488.7 138790. -3.87  0.38  -6.44   0.54  -5.76 0.25 0.31 0.32  0.70 473.1 296948. 14.21 493.7 126372.
22:51:00 0.77 120.62  14.88  4.59 1682  13.22   486.8 127437. -4.22  1.28  -6.66   0.00  -6.09 0.16 0.04 0.19  0.64 468.4 342206. 14.36 486.2 132267.
22:53:42 0.77 120.62  14.85  4.59 1682  12.48   476.9 101141. -4.16  2.31   0.38   0.96  -9.34 0.39 0.16 0.16  0.83 461.9 452094. 12.30 477.7  90749.
22:56:24 0.77 120.62  14.83  4.59 1682  13.01   465.7  73409. -4.61  3.72  -1.28   1.44  -9.28 0.29 0.32 0.00  0.81 453.6 225443. 12.92 464.8  76076.
22:59:06 0.77 120.62  14.80  4.59 1682  13.26   460.9  71190. -4.33  3.73   0.20   0.60  -9.10 0.41 0.41 0.20  0.65 457.0 383903. 13.36 464.1  86763.
23:01:48 0.77 120.62  14.78  4.59 1682  12.99   446.8  85516. -4.97  3.75   2.14   1.34  -9.10 0.12 0.08 0.20  0.60 455.2 287346. 13.14 447.2  87985.
23:04:30 0.77 120.62  14.75  4.59 1682  13.17   449.4  73675. -4.93  4.34  -2.03  -2.26  -5.50 2.90 2.90 3.33  1.02 457.3 438815. 12.52 448.4  72756.
23:07:12 0.77 120.62  14.73  4.59 1682  13.48   446.5  93111. -3.24  3.92   0.87  -1.99  -8.70 0.69 0.40 0.20  0.89 445.4 407799. 12.89 447.9  91629.
23:09:54 0.77 120.62  14.71  4.59 1682  13.01   458.4  74075. -3.88  4.00  -0.37  -0.73  -9.09 0.48 0.19 0.22  0.66 458.5 336086. 12.89 461.2  89856.
23:12:36 0.77 120.62  14.68  4.59 1682  13.64   448.2  91252. -3.73  3.79   0.08  -3.10  -8.04 1.07 0.98 0.54  0.76 444.7 427484. 13.38 449.2  87604.
23:15:18 0.77 120.62  14.66  4.59 1682  12.74   419.6 124393. -5.93  2.07   8.10   1.26  -4.51 0.08 0.16 0.47  0.64 437.6 317517. 12.05 420.4 105900.
23:18:00 0.77 120.62  14.63  4.59 1682  11.27   429.2  95235. -4.92  3.68   6.33   0.97  -7.09 0.52 0.32 0.30  0.61 447.8 373274. 11.39 432.6 100335.
23:20:42 0.77 120.62  14.61  4.59 1682  13.18   419.9 117003. -7.06  1.61   7.63   1.85  -5.64 0.21 0.40 0.20  0.49 436.5 310514. 12.68 420.4 102242.
23:23:24 0.77 120.62  14.58  4.59 1682  12.79   419.4 101648. -5.32  2.83   6.81  -0.08  -7.17 0.57 0.25 0.66  0.49 443.7 354836. 13.53 423.9 120599.
23:26:06 0.77 120.62  14.56  4.59 1682  11.67   431.5 102817. -4.87  4.18   4.11  -0.47  -8.86 0.34 0.24 0.30  0.48 442.4 270116. 11.85 433.0  96258.
23:28:48 0.77 120.62  14.53  4.59 1682  13.14   439.9 128431. -4.53  4.42   1.03  -1.81  -9.59 0.42 0.51 0.16  0.54 450.5 378497. 12.66 444.5 112247.
23:31:30 0.77 120.62  14.51  4.59 1682  11.19   430.1 103590. -3.41  2.94   4.81  -2.36  -7.83 0.53 0.22 0.30  0.47 438.8 331330. 11.51 429.3 102642.
23:34:12 0.77 120.62  14.48  4.59 1682  11.66   424.0 113040. -4.23  3.20   4.58  -2.01  -8.15 0.35 0.37 0.26  0.49 427.1 329199. 11.87 428.8 123285.
23:36:54 0.77 120.62  14.46  4.59 1682  11.01   451.9  80679. -4.81  4.00   1.01  -1.99  -9.28 0.41 0.29 0.01  0.48 444.9 278094. 11.67 451.6  91077.
23:39:36 0.77 120.62  14.44  4.59 1682  11.02   467.7  74987. -4.85  4.05  -1.94  -2.68  -9.14 0.40 0.69 0.16  0.41 457.2 317608. 11.28 465.7  78054.
23:42:18 0.77 120.62  14.41  4.59 1682  10.81   455.0  73266. -0.87  2.58   1.62  -1.96  -8.88 1.40 2.45 0.31  0.40 446.8 300950. 11.03 453.3  83654.
23:44:22 0.77 120.63  14.39  4.59 1682  -1.00    -1.0     -1. -1.00 -1.00   1.43  -0.84  -9.92 0.51 0.52 0.20 -1.00  -1.0     -1. -1.00  -1.0     -1.
23:44:58 0.77 120.57  14.33  4.59 1683  -1.00    -1.0     -1. -1.00 -1.00   0.61  -0.76 -10.01 0.42 0.19 0.16 -1.00  -1.0     -1. -1.00  -1.0     -1.
23:47:04 0.77 120.63  14.37  4.59 1682  -1.00    -1.0     -1. -1.00 -1.00   3.28  -8.41  -4.10 0.00 0.00 0.00 -1.00  -1.0     -1. -1.00  -1.0     -1.
23:53:04 0.77 120.63  14.31  4.59 1682  12.62   456.6  81098. -4.58  4.00   0.00   0.00   0.00 0.00 0.00 0.00  0.57 454.1 361203. 12.83 458.1  95462.
23:55:48 0.77 120.63  14.29  4.59 1682  12.01   442.5  98285. -3.73  3.82   0.00   0.00   0.00 0.00 0.00 0.00  0.53 434.5 269414. 12.09 442.6  93504.
23:58:30 0.77 120.63  14.26  4.59 1682  11.68   450.7  94374. -1.08  2.05   0.00   0.00   0.00 0.00 0.00 0.00  0.45 447.8 266244. 11.72 451.2  91944.
