183  1:05:34 0.81 121.16 321.23  4.15 1683   6.80   603.9 217202. -2.64 -1.78   0.00   0.00   0.00 0.00 0.00 0.00  0.22 598.2 517557.  6.86 601.8 209789.
183  1:48:46 0.81 121.16 320.83  4.14 1683   7.10   542.4 244658. -5.19  7.79  -4.39   3.47  -1.72 0.00 0.00 0.00  0.23 595.4 722158.  6.60 540.7 225095.
183  2:31:58 0.81 121.16 320.44  4.14 1683   6.60   609.4 202145. -1.99 -1.87   0.00   0.00   0.00 0.00 0.00 0.00  0.18 597.3 486034.  6.46 610.0 164567.
183  3:15:10 0.81 121.17 320.04  4.14 1683   6.67   601.6 228938. -0.52  0.01  -6.35   2.85   3.48 0.00 0.00 0.00 -1.00  -1.0     -1.  6.59 602.4 212586.
183  3:58:22 0.81 121.17 319.65  4.13 1683   6.22   572.3 189882.  0.00  0.00   0.00   0.00   0.00 0.00 0.00 0.00  0.24 565.1 464426.  6.31 569.9 206547.
183  4:56:11 0.81 121.17 319.12  4.13 1683  -1.00    -1.0     -1. -1.00 -1.00   7.68  -4.76   0.42 0.00 0.00 0.00 -1.00  -1.0     -1. -1.00  -1.0     -1.
183  6:22:47 0.81 121.18 318.33  4.12 1683   6.85   532.1 139144.  0.00  0.00   8.81  -1.58  -2.38 0.00 0.00 0.00  0.22 582.7 560970.  6.79 531.4 110334.
183  6:45:59 0.81 121.18 318.12  4.12 1683   6.65   535.4 154867.  0.00  0.00   9.50   0.91  -0.86 0.01 0.00 0.40  0.18 606.4 709710.  6.52 534.1 136780.
183  7:05:59 0.81 121.18 317.93  4.12 1683  -1.00    -1.0     -1. -1.00 -1.00   7.70   1.78  -1.20 0.00 0.00 0.00 -1.00  -1.0     -1. -1.00  -1.0     -1.
183  9:15:36 0.81 121.19 316.75  4.11 1683   6.17   484.4 168007. -3.64  3.67   0.00   0.00   0.00 0.00 0.00 0.00  0.11 561.4 421650.  6.48 483.0 140275.
183  9:58:48 0.81 121.19 316.35  4.11 1683   6.22   498.7 188583. -1.86  7.29   5.93  -2.11  -3.93 0.00 0.00 0.00  0.21 530.0 444376.  6.25 499.6 170255.
183 10:42:00 0.81 121.19 315.96  4.10 1683   5.81   485.1 159548. -7.59  2.31   0.00   0.00   0.00 0.00 0.00 0.00  0.14 563.6 377367.  5.98 485.2 139040.
183 11:25:12 0.81 121.20 315.57  4.10 1683   5.75   501.8 165330.  0.93  1.96   4.66  -5.76   3.72 0.00 0.00 0.00 -1.00  -1.0     -1.  5.92 501.0 155442.
183 12:08:24 0.81 121.20 315.17  4.10 1683  -1.00    -1.0     -1. -1.00 -1.00   0.00   0.00   0.00 0.00 0.00 0.00 -1.00  -1.0     -1.  5.85 546.2 113618.
183 12:51:49 0.81 121.15 314.72  4.07 1684  -1.00    -1.0     -1. -1.00 -1.00   5.94  -0.84   5.13 0.00 0.00 0.00 -1.00  -1.0     -1. -1.00  -1.0     -1.
183 13:02:37 0.81 121.20 314.68  4.09 1683   5.84   472.9 171496. -2.49  1.10   0.00   0.00   0.00 0.00 0.00 0.00  0.22 523.7 629317.  5.39 475.3 156222.
183 13:13:25 0.81 121.20 314.58  4.09 1683   5.93   541.5 101128. -5.01 -2.95   0.00   0.00   0.00 0.00 0.00 0.00  0.17 516.8 389633.  5.85 538.6  93790.
183 14:50:37 0.81 121.21 313.69  4.09 1683   6.86   484.3 131040. -1.06 -0.17   0.00   0.00   0.00 0.00 0.00 0.00  0.22 537.4 626316.  7.50 484.8 173952.
183 15:01:25 0.81 121.21 313.59  4.08 1683   6.73   491.7 141279. -4.06 -2.30   5.69  -0.74   5.58 0.26 0.10 0.45  0.21 516.5 336189.  6.94 491.0 145083.
183 15:12:13 0.81 121.21 313.49  4.08 1683   6.70   482.2 144878. -5.30 -1.13   6.40   2.02   4.55 0.15 0.36 0.20  0.22 526.6 335410.  7.08 486.5 168303.
183 15:23:01 0.81 121.21 313.39  4.08 1683   6.37   480.9 155211. -5.87 -1.43   6.95   1.31   4.14 0.00 0.45 0.20  0.22 525.7 597197.  6.25 484.3 140990.
183 15:33:52 0.81 121.21 313.29  4.08 1683   6.40   474.6 151060. -3.11 -0.45   6.25  -2.24   3.99 0.00 0.42 0.04  0.34 497.0 333669.  6.61 470.8 148614.
183 15:44:40 0.81 121.21 313.19  4.08 1683   6.24   490.4 155731.  1.79  1.08   3.33  -7.35   1.48 0.15 0.11 0.20  0.23 510.7 243881.  6.35 488.5 133512.
183 15:55:28 0.81 121.21 313.10  4.08 1683   8.04   534.9 164713.  2.00  0.95   3.13  -2.81   6.49 0.10 0.25 0.00 -1.00  -1.0     -1.  8.41 537.6 174121.
183 16:05:01 0.81 121.21 313.01  4.08 1683  -1.00    -1.0     -1. -1.00 -1.00   3.42   8.99   3.13 0.16 0.05 0.40 -1.00  -1.0     -1. -1.00  -1.0     -1.
183 16:15:49 0.81 121.21 312.91  4.08 1683  11.97   535.0 123276. -9.83  3.27   7.56   4.24   3.46 0.00 0.00 0.00  0.39 553.7 640674. 11.82 538.2 125072.
183 16:17:04 0.81 121.21 312.90  4.08 1683  11.06   541.0 182700. -8.09 -1.33   7.91   4.39   3.27 0.35 0.15 0.20  0.53 542.3 644676. 10.87 544.8 171187.
183 16:27:52 0.81 121.21 312.80  4.08 1683  10.73   530.5 193650. -7.59 -0.12   6.07  -0.87  -6.49 0.00 0.00 0.00  0.41 541.4 431434. 10.74 530.7 166522.
183 16:38:40 0.81 121.21 312.70  4.08 1683  10.23   537.5 221503. -1.58  3.30   0.00   0.00   0.00 0.00 0.00 0.00  0.37 553.4 405849. 10.43 533.9 219099.
183 16:49:28 0.81 121.21 312.60  4.08 1683  11.73   507.3 301460. -4.28  2.49   0.00   0.00   0.00 0.00 0.00 0.00  0.41 543.3 448027. 11.71 506.6 270389.
183 17:21:49 0.81 121.21 312.31  4.07 1683  10.57   513.9 316543. -3.93  2.71   0.00   0.00   0.00 0.00 0.00 0.00 -1.00  -1.0     -1. 11.13 511.7 305232.
183 17:32:37 0.81 121.21 312.21  4.07 1683  10.96   517.7 241676. -7.35  2.23   0.00   0.00   0.00 0.00 0.00 0.00 -1.00  -1.0     -1. 11.01 518.5 223094.
183 17:43:28 0.81 121.22 312.11  4.07 1683  11.26   513.7 292810. -6.16  3.99   0.00   0.00   0.00 0.00 0.00 0.00 -1.00  -1.0     -1. 11.32 513.9 287781.
183 17:54:16 0.81 121.22 312.01  4.07 1683  10.29   513.4 228727. -4.20  6.53   6.13  -1.27  -6.32 0.09 0.57 0.24 -1.00  -1.0     -1. 10.28 512.0 232931.
183 18:05:04 0.81 121.22 311.91  4.07 1683  11.35   502.0 234061. -5.41  2.65   8.41   0.16  -0.71 0.20 0.55 0.56  0.33 555.1 439737. 11.05 506.7 267991.
183 18:15:52 0.81 121.22 311.81  4.07 1683  11.34   505.6 248871. -5.01  4.48   9.05   0.64  -1.89 0.09 0.19 0.19  0.37 541.6 503290. 11.35 503.9 232726.
183 18:26:40 0.81 121.22 311.71  4.07 1683  10.52   498.0 250833. -4.50  2.84   8.51  -1.10  -1.47 0.00 0.00 0.20 -1.00  -1.0     -1. 10.97 499.9 309601.
183 18:37:28 0.81 121.22 311.62  4.07 1683  10.03   499.3 294538. -4.60  3.03   8.48   0.07  -1.27 0.09 0.19 0.00 -1.00  -1.0     -1. 10.49 499.0 257096.
183 18:48:16 0.81 121.22 311.52  4.07 1683  10.03   496.9 244206. -4.57  1.23   8.28   0.58   2.13 0.01 0.00 0.20 -1.00  -1.0     -1. 10.12 501.4 278351.
183 18:59:04 0.81 121.22 311.42  4.07 1683   9.16   520.2 202840. -2.03 -0.95   3.27  -3.63   6.07 0.21 0.29 0.56  0.28 542.5 394142.  9.40 521.2 178327.
183 19:09:52 0.81 121.22 311.32  4.07 1683  10.92   515.8 206076. -2.34 -0.28   3.40  -6.04   4.46 0.55 0.70 0.41  0.36 549.0 694754. 11.29 520.3 210386.
183 19:20:40 0.81 121.22 311.22  4.07 1683  10.25   520.0 138436.  1.16  0.23   2.06  -8.45   0.27 0.19 0.05 0.19  0.33 516.8 446767. 10.48 520.1 154610.
183 19:31:28 0.81 121.22 311.12  4.06 1683  10.85   528.7 164957. -0.13  2.22  -0.34  -8.43   3.11 0.10 0.20 0.20  0.37 531.2 469623. 11.36 528.2 173909.
183 19:42:16 0.81 121.22 311.02  4.06 1683  10.33   516.8 198721. -1.34 -1.21   3.87  -7.17   2.05 0.17 0.29 0.33  0.31 537.6 380355. 10.23 514.8 199631.
183 19:53:01 0.81 121.22 310.92  4.06 1683   9.46   523.5 163053. -0.67 -0.93   1.44  -6.55   5.33 0.00 0.00 0.00  0.35 519.0 403835. 10.00 524.1 203409.
183 20:03:49 0.81 121.22 310.82  4.06 1683   9.36   530.0 111159.  0.77  2.29  -3.17  -8.93  -0.36 0.05 0.28 0.50 -1.00  -1.0     -1.  9.29 529.9 138371.
183 20:14:37 0.81 121.22 310.73  4.06 1683   9.05   529.9 156118. -0.40  0.39   0.00   0.00   0.00 0.00 0.00 0.00  0.32 522.3 416777.  9.16 528.9 124257.
183 20:25:25 0.81 121.22 310.63  4.06 1683   9.05   537.8 154636.  0.54  0.97  -0.42  -5.45   1.72 2.70 2.37 0.24  0.29 536.2 456590.  9.28 534.9 158028.
183 20:36:16 0.81 121.22 310.53  4.06 1683   9.64   504.6 222701. -3.23  0.53   6.18  -3.90   2.21 0.20 0.10 0.20  0.36 526.6 431941. 10.24 506.5 254549.
183 20:47:04 0.81 121.22 310.43  4.06 1683   9.24   532.9 160519. -6.77  2.25   1.55   7.25  -1.63 1.29 0.36 0.83  0.35 533.8 421910.  9.60 533.5 154948.
183 20:57:52 0.81 121.22 310.33  4.06 1683   9.85   519.5 135149. -6.71  0.69   2.44   8.09   0.52 0.35 0.25 0.21  0.29 530.4 392622.  9.60 521.6 126073.
183 21:08:40 0.81 121.23 310.23  4.06 1683   9.36   529.9 143981.  0.00  0.00   3.65   6.87  -1.53 0.47 0.43 1.05  0.36 533.4 449470.  9.27 529.0 139879.
183 21:19:28 0.81 121.23 310.13  4.06 1683   9.39   517.4 152671. -7.38  2.02   3.00   7.93  -0.26 0.20 0.05 0.20  0.34 527.3 364776.  9.49 519.5 151112.
183 21:30:16 0.81 121.23 310.03  4.06 1683  10.90   517.6 190811. -5.75  0.01   5.82   3.21   0.89 0.52 1.24 1.64  0.38 544.2 401626. 10.41 518.6 171912.
183 21:41:04 0.81 121.23 309.93  4.06 1683   9.69   515.6 182024.  0.00  5.33   4.76   0.37  -5.36 0.01 0.05 0.20  0.34 528.7 424963.  9.69 514.3 170668.
183 21:51:52 0.81 121.23 309.84  4.05 1683   9.55   523.2 184386.  2.91  1.52   3.35  -6.83  -2.02 0.19 0.10 0.19  0.47 532.9 559190.  9.07 520.8 170115.
183 22:02:40 0.81 121.23 309.74  4.05 1683   9.48   521.9 162975. -1.32  5.14   2.58  -0.80  -7.97 0.10 0.15 0.00  0.34 525.9 440894.  9.59 523.6 188005.
183 22:13:28 0.81 121.23 309.64  4.05 1683   8.05   517.3 134184. -4.91  3.95   4.64   2.99  -4.00 1.17 0.80 1.61  0.29 541.1 406655.  8.23 521.7 161111.
183 22:24:16 0.81 121.23 309.54  4.05 1683   9.39   498.9 188066. -4.67  1.49   5.85   1.96  -1.44 0.82 1.09 1.61  0.32 538.0 546807.  9.52 501.2 167776.
183 22:35:04 0.81 121.23 309.44  4.05 1683   9.93   504.2 224871.  0.00  0.00   6.58  -2.68   2.25 0.41 0.65 0.25  0.24 518.8 339503. 10.26 500.9 215279.
183 22:45:52 0.81 121.23 309.34  4.05 1683   9.29   509.1 173939. -6.23  1.93   4.40   5.38  -0.40 0.10 0.20 0.00  0.32 528.7 373118.  9.19 511.2 159113.
183 22:56:40 0.81 121.23 309.25  4.05 1683   9.53   519.0 190499. -6.58  2.21   0.07   6.74  -0.57 1.71 0.29 1.04  0.33 525.8 551471.  9.94 523.2 162696.
183 23:07:28 0.81 121.23 309.15  4.05 1683   8.82   527.4 152444. -6.75  2.78   0.49   6.52  -3.74 0.36 0.30 0.60  0.27 522.0 301353.  8.44 528.7 125946.
183 23:18:16 0.81 121.23 309.05  4.05 1683   8.28   511.8 136416. -5.39  4.64   2.86   7.12  -2.76 0.57 0.09 0.33  0.32 518.9 509462.  7.86 514.6 135090.
183 23:29:01 0.81 121.23 308.95  4.05 1683   8.41   508.5 150205.  0.00  0.00   4.66   6.19  -1.38 0.35 0.25 0.20  0.37 512.7 538023.  8.22 506.4 135808.
183 23:36:13 0.81 121.23 308.88  4.05 1683  -1.00    -1.0     -1. -1.00 -1.00   1.08   7.46   1.70 0.30 0.11 0.41 -1.00  -1.0     -1. -1.00  -1.0     -1.
183 23:47:01 0.81 121.23 308.78  4.05 1683   7.58   495.7 148416. -5.41  1.95   1.11  -7.72  -1.34 0.00 0.00 0.00  0.28 520.0 526497.  8.05 493.2 146285.
183 23:57:49 0.81 121.23 308.69  4.05 1683   8.49   519.9 141295.  2.50  1.25   4.00  -5.78  -3.13 0.24 0.33 0.19  0.24 525.5 339789.  8.05 516.7 126696.
