286  0:06:19 0.72 107.28  26.17 -5.57 1686   7.99   306.9 179451. -5.72  1.18   0.00   0.00   0.00 0.00 0.00 0.00 -1.00  -1.0     -1.  7.96 312.6 173279.
286  0:49:31 0.72 107.29  25.79 -5.57 1686   7.49   309.8 147789. -4.96  0.93   0.00   0.00   0.00 0.00 0.00 0.00 -1.00  -1.0     -1.  7.40 309.2  99614.
286  1:32:43 0.72 107.30  25.40 -5.58 1686   6.95   330.9 155621. -4.48  5.35  -2.42  11.83   5.07 0.00 0.00 0.00 -1.00  -1.0     -1.  6.79 329.7 148341.
286  3:05:16 0.72 107.32  24.57 -5.58 1686  -1.00    -1.0     -1. -1.00 -1.00  -0.21  22.00  -1.87 0.00 0.00 0.00 -1.00  -1.0     -1. -1.00  -1.0     -1.
286  3:07:04 0.72 107.26  24.50 -5.79 1686  -1.00    -1.0     -1. -1.00 -1.00   0.21  22.32  -2.04 0.16 0.16 0.36 -1.00  -1.0     -1. -1.00  -1.0     -1.
286  3:07:58 0.72 107.32  24.55 -5.58 1686  -1.00    -1.0     -1. -1.00 -1.00   0.59  22.24  -3.48 0.10 0.20 0.46 -1.00  -1.0     -1. -1.00  -1.0     -1.
286  3:09:46 0.72 107.26  24.47 -5.79 1686  -1.00    -1.0     -1. -1.00 -1.00   0.26  22.22  -3.64 0.14 0.04 0.76 -1.00  -1.0     -1. -1.00  -1.0     -1.
286  3:10:40 0.72 107.32  24.53 -5.58 1686  -1.00    -1.0     -1. -1.00 -1.00   0.17  22.20  -3.48 0.30 0.22 0.38 -1.00  -1.0     -1. -1.00  -1.0     -1.
286  3:12:28 0.72 107.26  24.45 -5.79 1686  -1.00    -1.0     -1. -1.00 -1.00  -0.45  22.24  -3.07 0.20 0.15 0.36 -1.00  -1.0     -1. -1.00  -1.0     -1.
286  3:13:22 0.72 107.32  24.50 -5.58 1686  -1.00    -1.0     -1. -1.00 -1.00  -1.02  22.12  -2.60 0.16 0.04 0.64 -1.00  -1.0     -1. -1.00  -1.0     -1.
286  3:15:10 0.72 107.32  24.48 -5.58 1686   6.51   393.1 225592. -6.30  3.22  -3.46  21.96  -2.14 0.89 0.10 0.58 -1.00  -1.0     -1.  6.89 391.9 226772.
286  3:17:54 0.72 107.32  24.46 -5.58 1686  13.85   411.2 228373. -2.77  6.22   5.54  14.79  11.02 0.26 0.64 0.82 -1.00  -1.0     -1. 13.47 412.4 201619.
286  3:20:36 0.72 107.32  24.44 -5.58 1686  16.93   405.0 158089. -0.14  3.67   4.46  15.68   8.20 0.30 0.50 0.47  0.07 480.5 110798. 17.54 403.4 157004.
286  3:23:18 0.72 107.32  24.41 -5.58 1686  15.59   404.1 143514.  1.02 -0.10   8.42  16.57   2.39 0.62 0.16 1.25 -1.00  -1.0     -1. 16.11 406.0 155370.
286  3:26:00 0.72 107.32  24.39 -5.58 1686  11.88   407.6 203211. -1.19  3.31   7.77  11.42  14.89 0.52 0.26 0.29 -1.00  -1.0     -1. 12.14 406.6 168826.
286  3:28:42 0.72 107.32  24.36 -5.58 1686  15.85   395.5 122659. -2.75  6.96   5.42  10.10  16.86 0.16 0.19 0.21 -1.00  -1.0     -1. 16.49 396.4 108557.
286  3:31:24 0.72 107.32  24.34 -5.58 1686  16.16   407.7 143056. -2.58  7.12   5.48   7.58  15.79 0.29 1.54 0.59 -1.00  -1.0     -1. 16.47 405.1 150033.
286  3:34:06 0.72 107.32  24.32 -5.58 1686   9.25   399.4 139382. -3.75  4.12   6.24  14.62  14.00 0.15 0.55 0.41  0.07 436.3 171506.  9.70 399.6 119995.
286  3:36:48 0.72 107.33  24.29 -5.59 1686  11.03   404.9 156813. -2.95  5.10  -0.23  19.74   7.44 0.32 0.56 1.22 -1.00  -1.0     -1. 11.24 403.9 155400.
286  3:39:30 0.72 107.33  24.27 -5.59 1686  10.43   403.9 157765. -1.42  5.43   0.57  17.21  10.34 0.26 0.66 0.41  0.15 450.4 250638. 11.00 407.2 159275.
286  3:42:12 0.72 107.33  24.24 -5.59 1686  11.14   411.5 175011. -0.76  6.68  -1.83  18.70   6.67 1.34 1.10 1.82 -1.00  -1.0     -1. 12.05 413.3 201577.
286  3:44:54 0.72 107.33  24.22 -5.59 1686   9.35   386.5 257369. -1.70  1.06  -7.25  18.98  -2.44 1.27 0.51 1.41 -1.00  -1.0     -1.  9.53 383.4 164401.
286  3:47:36 0.72 107.33  24.19 -5.59 1686   9.92   402.4 229923. -3.70  0.71  -5.92  19.03  -5.88 0.55 0.24 0.19 -1.00  -1.0     -1. 10.33 406.2 243966.
286  3:50:18 0.72 107.33  24.17 -5.59 1686   9.33   412.2 219833. -1.89  2.09  -4.67  20.31  -3.63 0.29 0.10 0.20 -1.00  -1.0     -1.  9.80 410.3 204763.
286  3:53:00 0.72 107.33  24.15 -5.59 1686   9.73   405.7 165619. -1.36  3.04  -5.86  20.76  -3.15 0.23 0.32 0.87 -1.00  -1.0     -1. 10.45 406.5 194596.
286  3:55:42 0.72 107.33  24.12 -5.59 1686   7.77   412.4 205293. -1.99  3.31  -6.24  21.14  -1.36 0.44 0.17 0.28 -1.00  -1.0     -1.  8.18 409.4 206657.
286  3:58:24 0.72 107.33  24.10 -5.59 1686   8.43   412.3 190860. -3.09  3.73  -5.14  21.19   1.24 0.35 0.21 0.89 -1.00  -1.0     -1.  8.85 415.0 219245.
286  4:01:06 0.72 107.33  24.07 -5.59 1686   8.97   408.6 211078. -1.59  4.38  -2.84  21.60  -0.12 0.48 0.13 0.40 -1.00  -1.0     -1.  9.18 407.2 214229.
286  4:03:48 0.72 107.33  24.05 -5.59 1686   8.23   395.3 212680. -3.64  6.93  -6.29  20.64   4.99 0.23 0.35 0.52  0.06 459.9 264087.  8.36 398.5 169686.
286  4:06:30 0.72 107.33  24.03 -5.59 1686   9.11   410.9 227178. -1.75  5.78  -6.45  19.62   6.77 0.08 0.20 0.30 -1.00  -1.0     -1.  9.15 410.9 182774.
286  4:09:12 0.72 107.33  24.00 -5.59 1686  10.73   410.7 166685. -0.54 -1.12  -3.03  19.99  -5.69 0.62 0.22 1.16 -1.00  -1.0     -1. 10.92 410.0 190844.
286  4:11:54 0.72 107.33  23.98 -5.59 1686   7.81   405.2 205329. -1.71  4.84  -5.97  21.21   0.63 0.25 0.11 0.26  0.04 494.7 151144.  8.36 407.5 182352.
286  4:14:36 0.72 107.33  23.95 -5.59 1686  10.47   386.1 222133. -3.46  7.07  -2.84  21.21   2.35 0.73 0.09 0.30 -1.00  -1.0     -1. 10.93 384.0 217494.
286  4:17:18 0.72 107.33  23.93 -5.59 1686   9.55   418.9 173360. -0.05  7.41  -2.43  21.47   3.23 0.75 0.14 0.21 -1.00  -1.0     -1. 10.34 415.4 178314.
286  4:20:00 0.72 107.34  23.91 -5.59 1686   9.61   402.3 206011. -0.55  7.37  -3.67  21.05   3.34 0.20 0.08 0.16 -1.00  -1.0     -1. 10.57 400.7 188069.
286  4:22:42 0.72 107.34  23.88 -5.59 1686  10.60   405.6 208947.  0.23  6.12  -3.16  21.21   4.55 0.04 0.00 0.30  0.10 459.8 246311. 11.11 403.3 205988.
286  4:25:24 0.72 107.34  23.86 -5.59 1686   9.81   414.8 180397. -0.53  6.54  -3.47  21.04   5.58 0.23 0.10 0.41 -1.00  -1.0     -1. 10.52 417.6 182745.
286  4:28:06 0.72 107.34  23.83 -5.59 1686  10.81   418.3 166977.  0.68  4.95  -3.12  21.11   3.91 0.08 0.15 0.64 -1.00  -1.0     -1. 11.06 414.2 174004.
286  4:30:48 0.72 107.34  23.81 -5.59 1686  10.16   420.8 176193.  0.77  6.39  -2.78  20.42   5.23 0.00 0.00 0.20 -1.00  -1.0     -1. 10.98 420.7 210809.
286  4:33:30 0.72 107.34  23.78 -5.59 1686  10.87   424.8 172967.  0.57  5.37  -2.62  20.99   3.65 0.40 0.18 0.19 -1.00  -1.0     -1. 11.32 419.9 175982.
286  4:36:12 0.72 107.34  23.76 -5.59 1686  11.18   422.3 206254.  1.29  5.22  -2.79  20.86   3.18 0.28 0.14 0.20 -1.00  -1.0     -1. 11.34 422.6 177892.
286  4:38:54 0.72 107.34  23.74 -5.59 1686  11.25   415.6 212108.  1.53  5.97  -2.15  21.06   2.61 0.15 0.20 0.39 -1.00  -1.0     -1. 11.96 419.0 223575.
286  4:41:36 0.72 107.34  23.71 -5.59 1686  10.52   423.3 207070.  1.39  5.35  -1.81  20.96   4.06 0.15 0.17 0.16 -1.00  -1.0     -1. 10.83 422.1 173793.
286  4:44:18 0.72 107.34  23.69 -5.59 1686  12.48   419.5 202977.  2.06  6.34  -3.06  19.89   5.50 0.16 0.04 0.39  0.08 474.7 348820. 12.69 415.9 180929.
286  4:47:00 0.72 107.34  23.67 -5.59 1686  11.16   415.1 169599.  1.59  5.06  -3.33  20.21   5.32 0.15 0.10 0.33 -1.00  -1.0     -1. 12.15 414.9 194436.
286  4:49:42 0.72 107.34  23.64 -5.59 1686  11.61   417.0 203116.  2.80  5.15  -3.47  20.12   3.17 0.16 0.04 0.41  0.06 476.8 242946. 12.10 413.2 185302.
286  4:52:24 0.72 107.34  23.62 -5.59 1686  11.11   415.2 171317.  2.09  6.29  -3.84  20.09   5.01 0.09 0.21 0.62 -1.00  -1.0     -1. 11.86 417.6 169852.
286  4:55:06 0.72 107.34  23.59 -5.59 1686  11.60   418.4 159811.  1.84  7.71  -4.36  19.64   7.40 0.17 0.20 0.28 -1.00  -1.0     -1. 11.76 414.4 159691.
286  4:57:48 0.72 107.34  23.57 -5.59 1686  10.95   415.1 141753.  0.67  6.58  -4.39  18.59   8.70 0.61 0.51 0.40 -1.00  -1.0     -1. 11.36 413.5 124988.
286  5:00:30 0.72 107.34  23.54 -5.59 1686  10.49   409.9 118127.  0.23  8.52  -4.53  18.81   8.63 0.96 0.41 0.28 -1.00  -1.0     -1. 11.16 409.1 141233.
286  5:03:12 0.72 107.34  23.52 -5.59 1686   9.60   415.6 132826.  1.21  5.71  -3.69  19.89   7.32 0.19 0.16 0.16 -1.00  -1.0     -1.  9.84 415.1 113488.
286  5:05:54 0.72 107.35  23.50 -5.59 1686  11.21   420.4 148620.  1.64  6.37  -3.11  19.69   7.41 0.52 0.12 0.01 -1.00  -1.0     -1. 11.07 418.3 149611.
286  5:08:36 0.72 107.35  23.47 -5.59 1686  10.69   418.0 142572.  1.43  6.01   0.43  18.42  10.22 2.73 0.98 2.03 -1.00  -1.0     -1. 10.81 417.1 124419.
286  5:11:18 0.72 107.35  23.45 -5.59 1686  10.34   436.9 101092.  0.47  7.55  -0.77  19.36   9.34 0.18 0.13 0.36 -1.00  -1.0     -1. 10.77 432.4 102791.
286  5:14:00 0.72 107.35  23.43 -5.59 1686  11.74   423.0 106683.  1.02  5.26  -2.76  19.79   7.58 0.30 0.18 0.54 -1.00  -1.0     -1. 11.25 420.3 109330.
286  5:16:42 0.72 107.35  23.40 -5.59 1686   9.09   424.5  72077.  0.86  6.52  -2.93  17.46  12.46 0.94 0.15 0.49  0.12 438.5 235643.  9.32 422.7  82761.
286  5:19:24 0.72 107.35  23.38 -5.59 1686  11.44   417.7  99250.  0.15  7.25  -5.30  19.13   6.98 0.76 0.18 0.62 -1.00  -1.0     -1. 11.55 415.9 101449.
286  5:22:06 0.72 107.35  23.35 -5.59 1686  10.50   394.8 116753.  0.79  6.44  -3.58  18.53   9.01 0.26 0.30 0.51 -1.00  -1.0     -1. 10.78 393.9 108317.
286  5:24:48 0.72 107.35  23.33 -5.59 1686  10.67   418.7 111500.  1.93  4.35  -4.49  19.93   5.07 0.38 0.25 0.30 -1.00  -1.0     -1. 10.67 416.4 108661.
286  5:30:01 0.72 107.35  23.28 -5.59 1686  -1.00    -1.0     -1. -1.00 -1.00  -4.58  19.61   5.58 0.01 0.00 0.20 -1.00  -1.0     -1. -1.00  -1.0     -1.
286  5:32:43 0.72 107.35  23.26 -5.59 1686  -1.00    -1.0     -1. -1.00 -1.00  -4.34  19.80   5.11 0.23 0.11 0.26 -1.00  -1.0     -1. -1.00  -1.0     -1.
286  5:32:52 0.72 107.29  23.19 -5.80 1686  -1.00    -1.0     -1. -1.00 -1.00  -4.44  19.75   5.27 0.18 0.13 0.19 -1.00  -1.0     -1. -1.00  -1.0     -1.
286  5:34:04 0.72 107.35  23.24 -5.59 1686  -1.00    -1.0     -1. -1.00 -1.00  -4.26  19.89   5.15 0.07 0.16 0.27 -1.00  -1.0     -1. -1.00  -1.0     -1.
286  5:34:13 0.72 107.35  23.24 -5.59 1686  10.69   407.5 120186.  1.69  4.78  -4.26  19.89   4.95 0.07 0.16 0.38 -1.00  -1.0     -1. 10.91 406.2 111500.
286  5:34:15 0.72 107.35  23.24 -5.59 1686  10.49   410.5  99237.  1.87  4.58   0.00   0.00   0.00 0.00 0.00 0.00 -1.00  -1.0     -1. 10.83 406.8  95089.
286  5:35:36 0.72 107.35  23.23 -5.59 1686  11.14   409.0  96863.  2.44  4.00  -4.15  19.75   4.87 0.20 0.20 0.26 -1.00  -1.0     -1. 11.79 408.8  98678.
286  5:36:57 0.72 107.35  23.22 -5.59 1686  11.55   407.5  94741.  2.82  4.86  -4.24  19.58   5.27 0.17 0.20 0.18  0.07 424.9 117269. 12.01 404.6  94693.
286  5:38:18 0.72 107.35  23.21 -5.59 1686  11.76   409.0  76332.  2.34  4.24  -3.40  19.62   4.36 0.23 0.18 0.27 -1.00  -1.0     -1. 12.72 406.9  90184.
286  5:39:39 0.72 107.35  23.19 -5.59 1686  12.12   405.2  91954.  1.96  4.49  -4.62  19.62   4.06 0.12 0.06 0.18 -1.00  -1.0     -1. 12.22 405.0  72054.
286  5:41:00 0.72 107.35  23.18 -5.59 1686  11.72   412.9  74052.  1.96  4.72  -1.77  17.02   7.35 0.36 0.21 0.35  0.13 429.0 232876. 12.64 410.5  91746.
286  5:42:21 0.72 107.35  23.17 -5.59 1686  17.40   410.7  90483.  5.25  4.28  -2.01  16.45   8.18 0.39 0.30 0.49 -1.00  -1.0     -1. 17.81 407.8  74867.
286  5:43:42 0.72 107.35  23.16 -5.59 1686  16.30   410.7  68767.  5.03  4.63  -1.89  16.88   8.14 0.53 0.13 0.24 -1.00  -1.0     -1. 17.26 407.0  84898.
286  5:45:03 0.72 107.35  23.15 -5.59 1686  16.03   406.1  95839.  5.13  3.71  -1.77  17.00   7.97 0.81 0.15 1.11 -1.00  -1.0     -1. 16.75 403.5  91434.
286  5:46:24 0.72 107.35  23.14 -5.59 1686  13.34   404.4  92373.  3.50  2.79  -3.58  17.01   5.37 0.40 0.21 0.21 -1.00  -1.0     -1. 14.02 404.5  99302.
286  5:47:45 0.72 107.35  23.12 -5.59 1686  18.51   408.3  96424.  5.78  3.90  -2.10  18.19   5.02 0.17 0.13 0.00 -1.00  -1.0     -1. 18.96 404.8  92594.
286  5:49:06 0.72 107.35  23.11 -5.59 1686  15.79   402.5  80965.  4.59  4.09  -4.30  18.02   4.21 0.35 0.19 0.26 -1.00  -1.0     -1. 15.69 399.7  69348.
286  5:50:27 0.72 107.36  23.10 -5.59 1686  16.11   406.5  85915.  5.51  4.28  -3.22  18.74   3.72 0.33 0.49 0.24 -1.00  -1.0     -1. 16.43 402.3  82946.
286  5:51:48 0.72 107.36  23.09 -5.59 1686  15.35   406.3  69075.  5.13  3.82  -3.41  17.64   4.02 0.50 0.26 0.29 -1.00  -1.0     -1. 16.38 401.1  65700.
286  5:53:09 0.72 107.36  23.07 -5.60 1686  17.42   418.1  93367.  5.45  3.65  -3.96  17.25   4.00 0.00 0.05 0.20 -1.00  -1.0     -1. 17.40 413.9  78782.
286  5:54:30 0.72 107.36  23.06 -5.60 1686  15.96   411.3  79594.  4.60  4.73  -4.21  17.58   3.01 0.21 0.11 0.84 -1.00  -1.0     -1. 17.21 408.1  94027.
286  5:55:51 0.72 107.36  23.05 -5.60 1686  14.76   409.0  99439.  4.17  4.20  -4.52  16.82   4.77 0.19 0.15 0.24 -1.00  -1.0     -1. 15.61 405.1 101212.
286  5:57:12 0.72 107.36  23.04 -5.60 1686  16.32   412.1 120099.  5.96  3.31  -4.56  17.04   4.33 0.20 0.13 0.38 -1.00  -1.0     -1. 16.66 407.4 100793.
286  5:58:33 0.72 107.36  23.02 -5.60 1686  16.72   412.0 100329.  5.57  3.90  -4.95  16.14   3.56 0.48 0.95 2.63 -1.00  -1.0     -1. 16.18 408.7  80182.
286  5:59:54 0.72 107.36  23.01 -5.60 1686  19.09   408.8  94959.  5.54  3.82  -4.57  15.75   3.35 0.33 0.30 2.43 -1.00  -1.0     -1. 20.65 407.5 102417.
286  6:01:15 0.72 107.36  23.00 -5.60 1686  20.74   417.7 105036.  4.47  6.95  -4.44  15.83  -4.22 0.55 0.41 0.48 -1.00  -1.0     -1. 21.80 416.3 102560.
286  6:02:36 0.72 107.36  22.99 -5.60 1686  20.81   420.8 102398.  5.54  2.61  -1.65  14.20  -7.90 0.57 0.67 0.84 -1.00  -1.0     -1. 22.35 416.0 104347.
286  6:03:57 0.72 107.36  22.98 -5.60 1686  23.30   421.8  74367.  4.08 -0.19  -3.90  15.20  -4.07 0.23 0.24 1.40 -1.00  -1.0     -1. 24.97 419.3  86672.
286  6:05:18 0.72 107.36  22.96 -5.60 1686  22.91   417.1  91659.  4.18  1.71  -4.89  15.33  -3.73 0.31 0.20 0.31 -1.00  -1.0     -1. 24.13 413.0  89057.
286  6:06:39 0.72 107.36  22.95 -5.60 1686  25.30   416.0 103187.  5.07  1.41  -2.55  16.49   0.47 1.23 0.31 0.98 -1.00  -1.0     -1. 25.80 411.7  83401.
286  6:08:00 0.72 107.36  22.94 -5.60 1686  21.24   415.0  75130.  4.45  2.82  -1.88  16.28   1.34 0.29 0.13 0.43 -1.00  -1.0     -1. 23.15 413.9  91915.
286  6:09:21 0.72 107.36  22.93 -5.60 1686  22.90   415.2  81364.  5.24  3.22  -0.86  16.05   4.05 0.32 0.18 0.56 -1.00  -1.0     -1. 23.14 410.9  70667.
286  6:10:42 0.72 107.36  22.92 -5.60 1686  21.80   417.5  91194.  3.89  3.85   0.65  15.87   2.51 0.34 0.18 0.52 -1.00  -1.0     -1. 22.22 414.6  94274.
286  6:12:01 0.72 107.36  22.90 -5.60 1686  23.24   420.9  71096.  0.00  0.00  -0.46   5.99   3.98 1.3213.15 0.21 -1.00  -1.0     -1. 23.27 417.4  70992.
286  7:22:40 0.72 107.38  22.27 -5.60 1686  33.18   416.8  51638.  1.53  1.97   0.00   0.00   0.00 0.00 0.00 0.00  0.75 406.2 206563. 34.80 412.7  50582.
286  7:24:01 0.72 107.38  22.26 -5.60 1686  26.59   413.7  57436.  3.67  1.92  -2.15 -12.54   3.09 0.36 0.41 0.73  0.71 405.1 200053. 27.38 414.2  55994.
286  7:25:22 0.72 107.38  22.25 -5.60 1686  29.34   418.9  56601.  3.28  2.36  -1.17 -12.46   4.77 0.35 0.30 0.44  0.71 408.9 216841. 30.59 415.1  58063.
286  7:26:43 0.72 107.38  22.24 -5.60 1686  31.91   411.4  52209.  2.13  3.43  -3.69 -10.25   5.82 0.60 0.33 0.65  0.71 403.7 181355. 33.81 407.2  49464.
286  7:28:06 0.72 107.38  22.22 -5.60 1686  33.64   405.4  51183.  1.88  3.55  -3.21  -8.69   7.96 0.29 0.54 0.37  0.74 405.5 164190. 34.26 406.8  55188.
286  7:29:27 0.72 107.38  22.21 -5.60 1686  32.36   409.4  55178.  2.63  3.82  -2.20  -9.50   7.06 0.52 0.74 0.43  0.76 403.4 273962. 33.06 405.7  53210.
286  7:30:48 0.72 107.38  22.20 -5.60 1686  27.02   409.5  80734.  2.96  0.64  -1.68 -12.67   1.61 0.28 0.14 0.49  0.60 405.0 267296. 28.13 408.7  69673.
286  7:32:09 0.72 107.38  22.19 -5.60 1686  28.33   412.3  68409.  0.00  0.00  -1.18 -13.05   2.76 0.19 0.18 0.54  0.45 415.6 264619. 30.56 413.0  77830.
286  7:32:34 0.72 107.38  22.19 -5.60 1686  -1.00    -1.0     -1. -1.00 -1.00  -0.67 -13.08   3.41 0.52 0.20 0.22 -1.00  -1.0     -1. -1.00  -1.0     -1.
286  7:33:28 0.72 107.32  22.11 -5.81 1686  -1.00    -1.0     -1. -1.00 -1.00   1.01  -5.91   6.22 1.41 6.15 4.60 -1.00  -1.0     -1. -1.00  -1.0     -1.
286  7:37:31 0.72 107.38  22.14 -5.60 1686  27.26   415.1  54853.  2.25  2.81   0.00   0.00   0.00 0.00 0.00 0.00  0.75 405.9 347884. 27.72 415.4  57046.
286  7:38:54 0.72 107.38  22.13 -5.60 1686  29.48   419.1  57462.  3.30  3.27   0.00   0.00   0.00 0.00 0.00 0.00  0.61 406.0 208005. 28.71 414.5  60340.
286  7:40:15 0.72 107.38  22.12 -5.60 1686  23.60   410.7  52908.  1.61  3.44   0.00   0.00   0.00 0.00 0.00 0.00  0.65 401.1 335267. 23.71 407.4  50835.
286  7:41:36 0.72 107.38  22.10 -5.60 1686  22.42   415.4  56773.  2.37  3.06   0.00   0.00   0.00 0.00 0.00 0.00  0.63 405.2 230667. 23.81 412.1  56471.
286  7:42:57 0.72 107.38  22.09 -5.60 1686  21.69   413.2  52852.  2.42  2.70   0.00   0.00   0.00 0.00 0.00 0.00  0.31 415.2 227613. 21.75 412.7  42513.
286  7:44:18 0.72 107.38  22.08 -5.60 1686  21.23   415.8  51530.  2.52  2.82   0.00   0.00   0.00 0.00 0.00 0.00  0.48 405.3 212709. 22.52 411.8  52615.
286  7:48:21 0.72 107.38  22.05 -5.60 1686  23.39   412.6  49422.  2.78  2.29   0.00   0.00   0.00 0.00 0.00 0.00  0.53 403.6 352237. 22.55 411.7  40992.
286  7:49:42 0.72 107.38  22.03 -5.60 1686  21.84   416.2  52856.  3.53  2.32   0.00   0.00   0.00 0.00 0.00 0.00  0.52 404.7 184928. 22.51 412.6  54327.
286  7:51:03 0.72 107.38  22.02 -5.60 1686  21.16   413.3  52963.  2.88  2.70   0.00   0.00   0.00 0.00 0.00 0.00  0.55 401.8 191009. 21.06 411.8  43114.
286  7:52:24 0.72 107.38  22.01 -5.60 1686  22.35   417.9  52417.  2.92  2.53   0.00   0.00   0.00 0.00 0.00 0.00  0.53 408.4 209655. 22.41 413.2  53262.
286  7:53:45 0.72 107.38  22.00 -5.60 1686  21.65   415.0  51813.  3.60  2.38   0.00   0.00   0.00 0.00 0.00 0.00  0.06 477.4 285929. 20.73 413.0  43114.
286  7:55:06 0.72 107.38  21.98 -5.60 1686  23.23   419.9  57001.  3.97  2.62   0.00   0.00   0.00 0.00 0.00 0.00  0.46 409.4 176209. 23.04 414.9  55510.
286  7:56:27 0.72 107.38  21.97 -5.60 1686  22.64   416.5  51858.  4.12  2.25   3.14   4.52  14.83 0.19 0.19 0.20  0.63 407.4 309409. 21.22 413.5  42467.
286  7:57:48 0.72 107.38  21.96 -5.60 1686  21.49   419.4  54431.  4.00  2.44   3.65   5.36  14.40 0.22 0.57 0.19  0.44 408.3 196961. 22.88 414.2  53889.
286  7:59:09 0.72 107.38  21.95 -5.60 1686  24.51   417.9  55938.  3.56  3.34   3.05   5.25  13.39 0.19 0.75 0.30  0.44 413.1 108953. 25.85 417.9  57602.
286  8:00:30 0.72 107.38  21.94 -5.60 1686  25.68   419.4  54980.  3.75  2.79   3.23   3.41  13.88 0.29 0.21 0.00  0.59 408.6 202925. 25.86 414.9  53739.
286  8:01:51 0.72 107.38  21.92 -5.60 1686  27.78   408.0  51992.  2.01  2.90   1.44   0.81  14.20 0.16 0.28 0.19  0.61 397.3 207408. 28.12 404.7  52362.
286  8:03:12 0.72 107.38  21.91 -5.60 1686  29.89   414.8  60542.  2.30  4.08   2.55   1.48  12.55 0.49 0.56 0.51  0.92 403.4 169297. 31.00 411.4  61298.
286  8:04:33 0.72 107.39  21.90 -5.60 1686  30.86   415.9  57202.  2.49  3.48   3.67   1.07  12.08 0.63 1.41 0.22  0.77 416.8 193777. 31.00 416.9  62461.
286  8:05:54 0.72 107.39  21.89 -5.60 1686  30.31   415.8  57650.  1.80  3.34   2.45  -2.02  11.74 0.29 1.05 0.20  1.63 407.4 168114. 31.34 411.7  57049.
286  8:07:15 0.72 107.39  21.87 -5.60 1686  31.03   412.4  60035.  1.42  3.12   2.16  -3.18  11.05 0.46 1.03 0.22  1.42 404.8 242270. 31.15 412.0  67919.
286  8:08:36 0.72 107.39  21.86 -5.60 1686  34.72   411.6  71807.  0.00  0.00   1.64  -5.16   9.63 0.37 0.39 0.20  1.97 406.8 167958. 35.42 410.9  61604.
286  8:09:57 0.72 107.39  21.85 -5.60 1686  -1.00    -1.0     -1. -1.00 -1.00   0.88  -4.37  10.10 0.31 0.97 0.37 -1.00  -1.0     -1. -1.00  -1.0     -1.
286  8:10:49 0.72 107.39  21.84 -5.60 1686  -1.00    -1.0     -1. -1.00 -1.00   1.57  -4.35  10.74 0.61 3.54 1.46 -1.00  -1.0     -1. -1.00  -1.0     -1.
286  8:11:18 0.72 107.33  21.78 -5.82 1686  -1.00    -1.0     -1. -1.00 -1.00   1.78  -0.25  12.24 0.43 0.96 0.18 -1.00  -1.0     -1. -1.00  -1.0     -1.
286  8:12:10 0.72 107.39  21.83 -5.61 1686  -1.00    -1.0     -1. -1.00 -1.00   2.32  10.30   9.00 0.36 0.72 0.38 -1.00  -1.0     -1. -1.00  -1.0     -1.
286  8:12:39 0.72 107.33  21.77 -5.82 1686  -1.00    -1.0     -1. -1.00 -1.00   2.65   9.48   9.86 0.24 0.20 0.23 -1.00  -1.0     -1. -1.00  -1.0     -1.
286  8:13:31 0.72 107.39  21.82 -5.61 1686  34.76   411.4  60983.  0.87  2.03   3.15   8.89  10.75 0.21 0.50 0.41  1.57 404.2 174572. 34.36 409.9  64368.
286  8:14:00 0.72 107.39  21.81 -5.61 1686  23.88   413.9  76365.  2.17  2.72   3.50   8.34  11.08 0.13 0.21 0.18  0.63 411.8 215113. 24.73 411.8  66532.
286  8:15:21 0.72 107.39  21.80 -5.61 1686  23.72   415.2  63790.  1.96  2.53   3.95   6.23  11.57 0.32 0.53 0.31  0.76 407.4 337281. 24.84 413.9  76615.
286  8:16:42 0.72 107.39  21.79 -5.61 1686  25.21   418.5  68299.  1.25  3.78   3.67   5.00  12.14 0.41 0.37 0.21  0.74 410.7 273299. 26.19 415.0  65281.
286  8:18:03 0.72 107.39  21.78 -5.61 1686  27.48   417.9  82560.  0.91  2.93   2.38   4.13  12.41 0.47 0.30 0.20  0.66 416.8 263086. 28.71 417.0  81364.
286  8:19:24 0.72 107.39  21.77 -5.61 1686  28.55   420.1  71307.  0.92  2.74   4.67   5.21  10.03 0.41 0.32 0.20  0.78 409.3 257239. 30.05 416.6  70128.
286  8:20:45 0.72 107.39  21.76 -5.61 1686  30.21   419.5  79493.  0.27  3.38   4.11   4.92  10.58 0.52 0.38 0.37  0.94 417.3 202483. 30.32 419.6  68913.
286  8:22:06 0.72 107.39  21.74 -5.61 1686  30.03   413.7  83355.  0.20  3.56   2.47   1.49  11.35 0.44 1.14 0.45  0.86 408.4 245687. 31.73 411.9  73266.
286  8:23:27 0.72 107.39  21.73 -5.61 1686  30.60   417.3  84661.  1.72  4.21   3.32  -6.67   9.06 0.47 1.52 0.92 -1.00  -1.0     -1. 31.21 415.2  83053.
286  8:24:16 0.72 107.39  21.72 -5.61 1686  20.32   415.1  61331.  0.00  0.00   3.22  -4.01  10.58 0.21 0.35 0.20  0.54 410.0 339087. 21.73 417.2  62328.
286  8:24:48 0.72 107.39  21.72 -5.61 1686  29.92   416.4  87237. -0.09  2.49   3.58  -1.08  11.18 0.62 1.74 0.46  0.77 409.2 253731. 31.29 414.9  72048.
286  8:26:09 0.72 107.39  21.71 -5.61 1686  30.90   409.3  71918.  1.56  3.62   3.82   1.76  10.81 1.22 1.67 0.36  0.80 397.4 247649. 32.52 407.7  83433.
286  8:27:30 0.72 107.39  21.70 -5.61 1686  23.91   416.3  65226.  0.41  3.84   2.24   9.14  10.04 0.25 0.31 0.20  0.49 411.2 238346. 25.91 413.1  67123.
286  8:28:51 0.72 107.39  21.68 -5.61 1686  26.65   414.4  68637.  0.34  4.22   2.86   9.87   9.47 0.17 0.23 0.18  0.61 417.1 230043. 27.26 415.2  75689.
286  8:30:12 0.72 107.39  21.67 -5.61 1686  24.98   417.2  67253.  0.83  3.92   3.55  10.11   7.67 0.22 0.30 0.16  0.49 409.2 330251. 25.67 414.2  64131.
286  8:31:33 0.72 107.39  21.66 -5.61 1686  27.02   415.4  66217.  0.33  3.44   2.73   9.91   9.24 0.24 0.35 0.60  0.60 415.8 198767. 26.61 418.3  65239.
286  8:32:54 0.72 107.39  21.65 -5.61 1686  24.99   415.8  79454.  1.21  4.18   2.78   9.74   9.34 0.35 0.52 0.26  0.51 413.6 249768. 25.26 413.2  69325.
286  8:34:15 0.72 107.39  21.63 -5.61 1686  23.06   413.0  69225.  1.06  4.58   2.24   7.83  10.86 0.35 2.24 1.40  0.54 399.5 293687. 24.74 413.1  81504.
286  8:35:36 0.72 107.39  21.62 -5.61 1686  25.41   417.1  67344.  1.13  4.17   2.53  11.31   7.86 0.16 0.25 0.36  0.47 412.5 294284. 26.02 414.0  68780.
286  8:36:57 0.72 107.39  21.61 -5.61 1686  23.51   414.2  61298.  0.80  5.19   2.18  10.44   9.85 0.19 0.36 0.26  0.59 409.4 381954. 24.19 416.1  61458.
286  8:38:18 0.72 107.39  21.60 -5.61 1686  21.92   417.2  64482.  1.41  4.50   1.50  11.81   8.65 0.26 0.58 0.90  0.53 410.0 281368. 22.88 413.5  64716.
286  8:39:39 0.72 107.39  21.58 -5.61 1686  22.80   418.7  58956.  1.02  5.36   0.96  12.93   6.44 0.30 0.33 0.48  0.46 420.4 240100. 23.73 419.8  62390.
286  8:41:00 0.72 107.39  21.57 -5.61 1686  24.12   421.5  62478.  0.88  5.35   0.45  13.47   5.58 0.18 0.19 0.61  0.43 417.0 264308. 24.25 418.1  62783.
286  8:42:21 0.72 107.39  21.56 -5.61 1686  23.80   418.0  61675.  1.59  3.84   0.08  14.75   3.44 0.34 0.15 0.41  0.52 414.4 394974. 24.58 419.5  64778.
286  8:43:40 0.72 107.39  21.55 -5.61 1686  21.64   417.2  60529.  0.00  0.00   0.24  14.23   4.92 0.07 0.89 1.74  0.46 410.6 237735. 22.85 414.7  62572.
286  8:45:52 0.72 107.39  21.53 -5.61 1686  21.70   417.9  60753.  2.80  2.99   0.00   0.00   0.00 0.00 0.00 0.00  0.51 416.2 236150. 22.45 413.7  61935.
286  9:07:28 0.72 107.40  21.34 -5.61 1686  26.54   418.2  86029.  1.99  4.43   0.75   8.19  11.00 0.16 0.70 0.40  0.71 412.2 421130. 28.43 417.0  84145.
286  9:29:04 0.72 107.40  21.14 -5.61 1686  25.39   414.4  60148.  0.76  4.47   0.21  11.29  10.58 0.00 0.00 0.00  0.53 408.0 245311. 26.23 411.4  60395.
286  9:50:40 0.72 107.41  20.95 -5.61 1686  30.76   415.5  62406. -1.71  5.34   0.08  11.59  12.17 0.00 0.00 0.00  0.88 406.7 419844. 31.16 418.8  64823.
286 10:12:16 0.72 107.41  20.76 -5.61 1686  22.28   414.9  48685.  1.69  6.28  -0.01  13.78  12.16 0.00 0.00 0.00  0.40 411.1 229666. 22.59 411.6  50299.
286 10:33:52 0.72 107.42  20.56 -5.62 1686  20.56   414.8  51371.  2.40  5.92   0.42  15.68  10.46 0.00 0.00 0.00  0.43 410.6 262501. 20.64 413.8  42327.
286 10:55:28 0.72 107.42  20.37 -5.62 1686  19.34   419.9  57478.  3.53  4.16   0.29  17.77   6.03 0.00 0.00 0.00  0.41 412.3 256576. 21.60 416.5  52671.
286 11:17:04 0.72 107.43  20.18 -5.62 1686  13.46   417.1  96466.  1.35  5.44  -1.37  19.26   2.40 0.00 0.00 0.00 -1.00  -1.0     -1. 14.32 416.2  94923.
286 11:38:40 0.72 107.43  19.98 -5.62 1686  16.60   425.3  84859.  0.20  7.91  -1.50  18.77   4.89 0.00 0.00 0.00  0.36 437.1 290906. 17.31 424.5  99624.
286 12:00:16 0.72 107.44  19.79 -5.62 1686  18.78   418.7  89969.  0.79  5.09  -0.12  19.34   0.00 0.00 0.00 0.00  0.52 424.4 303757. 20.09 418.3  90658.
286 12:21:52 0.72 107.44  19.60 -5.62 1686  17.38   425.6  88264.  1.09  3.62   0.01  19.84  -1.98 0.00 0.00 0.00  0.53 424.5 481954. 17.66 423.9 104240.
286 12:43:28 0.72 107.45  19.41 -5.62 1686  19.10   406.7  75098.  1.82  5.43  -4.74  18.95   1.66 0.00 0.00 0.00  0.51 401.5 271389. 19.45 405.5  87803.
286 13:05:04 0.72 107.45  19.22 -5.63 1686  23.23   408.5  70660.  0.00  0.00  -5.19  19.64  -1.95 0.00 0.00 0.00  0.53 406.2 290828. 23.97 408.0  63657.
286 13:26:40 0.72 107.46  19.02 -5.63 1686  23.31   412.4  60597.  2.31  3.00  -5.26  22.73  -3.15 0.00 0.00 0.00  0.56 408.3 280654. 25.02 412.3  61675.
286 13:48:16 0.71 107.46  18.83 -5.63 1686  21.82   417.9  58004.  2.23  3.48  -8.02  22.92  -6.48 0.10 0.20 0.21  0.43 411.2 186708. 21.91 414.0  59379.
286 14:09:52 0.71 107.47  18.64 -5.63 1686  21.58   418.5  62897.  2.50  3.62  -6.64  23.82  -5.16 0.00 0.00 0.00  0.42 417.1 349859. 22.22 419.3  62793.
286 14:31:28 0.71 107.47  18.44 -5.63 1686  14.28   425.8  51436.  1.10  6.27  -6.77  19.69 -17.04 0.00 0.00 0.00  0.32 422.9 174533. 14.10 424.5  42448.
286 14:53:04 0.71 107.48  18.25 -5.63 1686  12.76   419.6  49481.  0.76  6.49  -7.36  19.88 -17.04 0.00 0.00 0.00  0.45 415.4 248780. 13.60 420.9  53525.
286 15:14:40 0.71 107.48  18.06 -5.64 1686  15.79   419.9  67639. -0.07  3.94  -5.82  17.38 -19.81 0.00 0.00 0.00  0.37 423.2 366712. 16.31 417.0  67529.
286 15:36:16 0.71 107.49  17.86 -5.64 1686  28.11   440.3 139927. -1.60  7.36  -4.41   7.48 -20.46 0.00 0.00 0.00 -1.00  -1.0     -1. 29.60 439.1 128038.
286 15:57:52 0.71 107.49  17.67 -5.64 1686  14.05   433.8 115207.  1.68  3.66  -4.06   9.37 -23.75 0.00 0.00 0.00 -1.00  -1.0     -1. 14.52 431.0 110652.
286 16:19:28 0.71 107.50  17.48 -5.64 1686  12.75   417.9 114102. -1.45  2.90  -4.47   9.41 -23.15 0.11 0.15 0.20 -1.00  -1.0     -1. 13.18 417.8 110464.
286 16:41:04 0.71 107.50  17.29 -5.64 1686  13.64   424.4 140791.  0.58  3.22  -2.86   3.76 -23.61 0.00 0.00 0.00 -1.00  -1.0     -1. 13.69 423.4 124708.
286 17:02:40 0.71 107.51  17.10 -5.64 1686  16.62   426.8 119923.  0.00  3.42  -1.76  -7.14 -22.26 0.00 0.00 0.00  0.14 463.2 296402. 16.93 426.2 138664.
286 17:24:16 0.71 107.51  16.90 -5.65 1686  22.79   433.2 120008. -5.26  8.84  -3.52 -22.79  -2.04 0.00 0.00 0.00 -1.00  -1.0     -1. 24.10 432.1 117711.
286 20:18:25 0.71 107.56  15.35 -5.66 1686  -1.00    -1.0     -1. -1.00 -1.00  -3.95   1.96 -13.14 0.00 0.00 0.00 -1.00  -1.0     -1. -1.00  -1.0     -1.
286 20:23:49 0.71 107.56  15.30 -5.66 1686  -1.00    -1.0     -1. -1.00 -1.00  -1.97   4.93 -11.63 0.23 0.72 0.56 -1.00  -1.0     -1. -1.00  -1.0     -1.
286 20:24:07 0.71 107.50  15.23 -5.87 1686  -1.00    -1.0     -1. -1.00 -1.00  -2.21   5.45 -11.23 0.19 0.10 0.25 -1.00  -1.0     -1. -1.00  -1.0     -1.
286 20:25:03 0.71 107.50  15.23 -5.87 1686  -1.00    -1.0     -1. -1.00 -1.00  -2.06   4.99 -10.43 0.16 0.17 0.25 -1.00  -1.0     -1. -1.00  -1.0     -1.
286 20:26:31 0.71 107.56  15.28 -5.66 1686  -1.00    -1.0     -1. -1.00 -1.00  -2.31   5.15 -10.15 0.51 0.45 0.19 -1.00  -1.0     -1. -1.00  -1.0     -1.
286 20:26:49 0.71 107.56  15.27 -5.66 1686  34.60   449.1 103389. -3.68  1.89  -1.89   5.79  -9.87 0.18 0.20 0.20  0.92 439.5 299235. 36.24 451.0 103941.
286 20:27:46 0.71 107.56  15.26 -5.66 1686  43.65   447.9  78765. -4.11 -0.73  -2.29   6.29  -9.87 0.13 0.22 0.20  0.93 442.3 252691. 45.74 446.0  79347.
286 20:30:28 0.71 107.56  15.24 -5.66 1686  43.24   449.3  92370. -4.72 -1.11  -4.49   6.71  -8.68 0.47 0.27 0.39  1.08 448.7 230667. 44.78 450.9  92214.
286 20:33:10 0.71 107.56  15.22 -5.66 1686  42.41   443.6 115918. -3.38 -1.38  -1.22   1.88  -7.55 0.99 1.32 0.43  1.15 433.3 272390. 44.19 440.9 112793.
286 20:35:52 0.71 107.56  15.19 -5.66 1686  47.91   451.3 101173. -3.77 -3.03  -4.96   3.93  -0.50 0.33 0.19 0.55  1.32 447.7 248559. 49.17 452.0 104142.
286 20:38:34 0.71 107.56  15.17 -5.66 1686  43.00   448.6 106553. -4.02 -2.60  -4.57   6.43  -3.56 0.54 0.79 0.90  1.19 443.1 260020. 44.61 451.2 104915.
286 20:41:16 0.71 107.56  15.14 -5.66 1686  38.80   437.9 107550. -3.07  1.04  -3.51   3.55  -9.05 0.28 0.16 0.39  0.98 434.1 362151. 39.17 441.9 112419.
286 20:43:58 0.71 107.56  15.12 -5.66 1686  38.90   441.6 118780. -3.35  1.23  -4.90   6.46  -5.56 0.30 0.18 0.25  1.02 436.8 307252. 39.61 439.9 117623.
286 20:46:40 0.71 107.56  15.09 -5.66 1686  35.41   428.2 104383. -2.64  2.90  -0.20   3.17  -9.99 0.51 1.87 1.70  0.82 419.4 273754. 38.61 429.7 110574.
286 20:49:22 0.71 107.56  15.07 -5.66 1686  26.79   431.0 149202. -0.75  1.33  -1.17   2.05 -10.28 0.78 0.34 0.33 -1.00  -1.0     -1. 28.55 430.4 126661.
286 20:52:04 0.71 107.56  15.05 -5.66 1686  34.62   433.4  63998. -1.33  1.50   3.98  -8.06 -11.42 0.08 0.41 0.30  0.84 425.5 249066. 35.42 431.6  65720.
286 20:54:46 0.71 107.56  15.02 -5.66 1686  30.73   435.0  57209. -2.54  1.18   4.12  -6.27 -13.91 0.12 0.04 0.25  0.69 432.3 160331. 32.29 438.0  60431.
286 20:57:28 0.71 107.56  15.00 -5.66 1686  38.32   432.9  51404. -2.55  1.63   4.96  -7.87 -12.61 0.24 0.20 0.30  1.08 426.3 124364. 38.91 431.8  48766.
286 21:00:10 0.71 107.57  14.98 -5.66 1686  37.80   432.4  38845. -2.63  1.60   4.29  -8.78 -12.46 0.20 0.05 0.20  1.35 429.6  77859. 37.05 432.5  38660.
286 21:02:52 0.71 107.57  14.95 -5.66 1686  30.95   432.6  35320. -2.93  1.85   5.04  -9.11 -13.17 0.10 0.20 0.16  0.78 427.9 150612. 32.38 434.6  36636.
286 21:05:34 0.71 107.57  14.93 -5.66 1686  34.70   433.3  37455. -2.58  2.53   3.54  -9.38 -12.63 0.54 0.41 0.04  1.10 429.7  76975. 34.48 433.5  38816.
286 21:08:16 0.71 107.57  14.90 -5.66 1686  30.41   429.2  35515. -3.27  2.06   4.66  -9.03 -13.09 0.33 0.10 0.00  0.87 426.4 105055. 32.09 429.2  42012.
286 21:10:58 0.71 107.57  14.88 -5.66 1686  32.85   425.7  45163. -4.10  1.76   1.67  -3.51  -4.52 2.18 7.05 8.09  1.03 424.0 147896. 30.51 427.6  41996.
286 21:13:40 0.71 107.57  14.85 -5.66 1686  26.91   421.9  94189. -1.04  5.16   3.15  -5.34 -10.47 1.00 0.55 0.53 -1.00  -1.0     -1. 26.02 422.9  80659.
286 21:16:22 0.71 107.57  14.83 -5.66 1686  25.97   433.2  35282. -2.27  2.75   7.16  -6.72 -12.27 0.49 0.12 0.17  0.43 423.2 140139. 27.32 433.5  34986.
286 21:19:04 0.71 107.57  14.81 -5.66 1686  30.12   420.4 102447. -1.76  4.62  -2.50  -7.23  -6.82 0.92 0.14 0.21  0.67 421.0 241477. 30.64 418.6 100852.
286 21:21:46 0.71 107.57  14.78 -5.66 1686  31.41   434.4  74490.  1.00  4.62   3.76  -7.54 -11.60 0.29 0.10 0.96  0.77 423.1 374248. 35.82 437.1  65759.
286 21:24:28 0.71 107.57  14.76 -5.66 1686  25.17   430.0  32602. -1.55  1.82   5.21  -7.81 -13.00 0.12 0.22 0.16  0.47 428.4 111006. 26.20 430.5  32930.
286 21:27:10 0.71 107.57  14.74 -5.66 1686  25.36   429.7  30747. -0.92  0.99   6.94  -7.01 -13.16 0.17 0.23 0.00  0.61 424.0 114034. 24.83 429.6  32082.
286 21:29:52 0.71 107.57  14.71 -5.66 1686  25.94   434.3  35522. -1.49  2.37   4.40  -8.94 -11.87 2.02 0.75 0.71  0.32 426.1 168686. 26.67 435.6  35808.
286 21:32:34 0.71 107.57  14.69 -5.66 1686  29.41   433.5  65252. -1.86  2.92   2.27  -8.98  -9.66 0.17 0.23 0.20  0.44 434.5 158135. 30.95 436.6  65512.
286 21:35:16 0.71 107.57  14.66 -5.66 1686  26.79   431.0  61545. -2.66  2.29   6.71  -6.82 -10.98 1.08 0.48 0.39  0.51 425.4 196142. 27.84 430.0  63858.
286 21:37:58 0.71 107.57  14.64 -5.66 1686  24.89   448.8  62949.  0.46  3.93   7.29  -6.66 -11.39 0.41 0.31 0.20  0.47 443.1 192179. 26.26 445.6  59154.
286 21:40:40 0.71 107.58  14.61 -5.66 1686  27.03   431.5  52115. -0.26  3.70   5.67  -7.74 -11.14 0.35 0.20 0.16  0.60 425.4 151872. 27.88 429.7  55571.
286 21:43:22 0.71 107.58  14.59 -5.66 1686  28.13   436.1  92071. -1.05  2.79   6.01  -8.08  -9.94 0.49 0.21 0.17  0.45 430.9 178574. 28.21 436.9  76020.
286 21:46:04 0.71 107.58  14.56 -5.66 1686  24.79   436.0  71213. -1.99  2.37   7.82  -9.61  -7.73 0.52 0.04 0.44  0.36 438.6 290217. 25.19 433.6  70703.
286 21:48:46 0.71 107.58  14.54 -5.66 1686  22.24   451.9  58495. -0.67  3.03   7.52 -10.02  -8.51 0.65 0.19 0.63  0.34 448.0 194505. 22.71 449.8  60343.
286 21:51:28 0.71 107.58  14.52 -5.66 1686  22.67   426.3  42526.  0.71  0.11   3.15  -6.43 -12.54 0.50 0.68 0.41  0.47 420.6 132797. 24.62 424.8  52060.
286 21:54:10 0.71 107.58  14.49 -5.66 1686  26.25   431.2  33423.  0.70  0.76   3.21  -8.93 -12.83 0.08 0.16 0.20  0.73 430.6  79366. 25.42 430.7  35597.
286 21:56:52 0.71 107.58  14.47 -5.67 1686  26.64   435.0  31952.  0.53  1.40   2.96  -8.35 -13.48 0.19 0.43 0.30  0.42 430.1 121973. 27.28 435.0  34021.
286 21:59:34 0.71 107.58  14.45 -5.67 1686  27.94   436.1  32202.  0.55  1.56   4.25  -9.19 -12.84 0.26 0.55 0.20  1.21 435.7  52755. 28.29 435.8  32036.
286 22:02:16 0.71 107.58  14.42 -5.67 1686  29.54   437.4  27079.  0.23  1.83   3.89  -8.55 -13.97 0.00 0.00 0.16  0.47 439.2 142529. 26.98 436.5  28824.
286 22:04:58 0.71 107.58  14.40 -5.67 1686  26.02   442.2  35031.  0.18  1.10   2.90  -6.35 -14.69 0.00 0.00 0.00  0.68 437.0  61266. 26.27 440.9  38533.
286 22:07:40 0.71 107.58  14.37 -5.67 1686  28.35   443.0  37169.  0.57  1.32   2.74  -7.49 -14.77 0.29 0.26 0.19  0.72 441.1 120336. 26.53 443.6  35779.
286 22:10:22 0.71 107.58  14.35 -5.67 1686  30.65   445.5  32517.  0.80  1.58   2.94  -7.07 -15.21 0.37 0.37 0.23  0.77 438.6 114424. 29.46 445.0  33144.
286 22:13:04 0.71 107.58  14.33 -5.67 1686  32.16   445.0  32481.  1.09  1.77   2.75  -8.29 -14.11 0.25 0.27 0.16  0.99 441.2  78002. 31.53 444.6  36237.
286 22:15:46 0.71 107.58  14.30 -5.67 1686  35.06   447.1  32774.  1.24  1.72   1.14  -9.39 -14.13 0.28 0.15 0.16  1.03 440.7  82589. 32.39 445.5  31276.
286 22:18:28 0.71 107.58  14.28 -5.67 1686  34.25   444.6  32319.  1.20  2.03   1.02  -9.35 -14.01 0.62 0.13 0.24  1.33 441.2 106030. 33.87 443.5  34970.
286 22:21:10 0.71 107.59  14.25 -5.67 1686  29.53   449.5  37770.  1.41  1.10   2.22 -10.21 -14.04 0.70 0.33 0.19  1.17 445.8 102651. 26.33 449.0  37796.
286 22:23:52 0.71 107.59  14.23 -5.67 1686  27.22   449.7  38416.  0.83  0.65   0.50 -12.58 -12.27 0.21 0.27 0.32  0.78 444.5 137709. 25.83 448.7  38787.
286 22:26:34 0.71 107.59  14.20 -5.67 1686  25.71   448.8  38790. -0.03  0.13   3.09  -8.86 -14.61 0.33 0.62 0.38  0.60 444.4 142802. 26.52 449.1  39293.
286 22:29:16 0.71 107.59  14.18 -5.67 1686  24.57   449.6  36061. -0.08  0.25   3.13  -7.52 -16.17 1.02 0.57 0.15  0.73 442.0 159187. 22.83 450.1  37344.
286 22:31:58 0.71 107.59  14.16 -5.67 1686  21.32   442.8  35486.  0.72  1.28   1.34 -11.58 -14.06 0.89 0.32 0.33  0.54 442.3 144413. 21.92 442.1  38601.
286 22:34:40 0.71 107.59  14.13 -5.67 1686  19.21   445.5  46515.  0.65  0.31   1.43 -12.32 -13.17 0.50 0.19 0.19  0.49 444.0 301769. 17.64 446.0  42789.
286 22:37:22 0.71 107.59  14.11 -5.67 1686  19.94   450.4  26946.  1.73  1.30   4.24  -9.30 -14.04 0.56 1.98 1.09  0.34 449.7 155484. 15.76 448.7  26800.
286 22:40:04 0.71 107.59  14.09 -5.67 1686  61.95   451.4  61052.  0.73  1.87  -1.14   5.74   0.76 0.42 0.89 0.29  5.59 450.0  80211. 62.27 453.4  62526.
286 22:42:46 0.71 107.59  14.06 -5.67 1686  61.68   462.0  64306.  1.47  0.37  -3.89   3.50   3.07 0.48 0.38 0.31  3.79 460.2 140671. 61.00 461.3  53730.
286 22:45:28 0.71 107.59  14.04 -5.67 1686  68.20   466.1  62744.  1.15  0.16  -3.39   1.10   2.86 0.50 0.54 0.72  3.20 459.9 147584. 69.43 463.4  64492.
286 22:48:10 0.71 107.59  14.01 -5.67 1686  67.61   466.9  59037.  2.50  0.73  -3.53  -0.56   3.06 0.67 2.11 0.28  4.17 462.7 145206. 68.18 465.8  60710.
286 22:50:52 0.71 107.59  13.99 -5.67 1686  74.12   464.8  58346.  2.86  1.10  -1.56  -0.52   0.95 0.20 0.50 0.25  5.31 459.7 133252. 75.10 461.4  60009.
286 22:53:34 0.71 107.59  13.96 -5.67 1686  74.60   460.6  56939.  2.32  1.46   0.24  -3.53  -2.30 0.20 1.26 0.53  5.37 456.8 128041. 68.36 457.9  50351.
286 22:56:16 0.71 107.59  13.94 -5.67 1686  68.15   461.4  49760.  1.96  1.63  -1.98   3.58   2.67 0.30 0.30 0.18  5.11 456.4 121700. 73.02 458.9  57517.
286 22:58:58 0.71 107.59  13.91 -5.67 1686  69.04   459.0  52895.  1.73  1.35  -2.54   6.69   6.34 0.04 0.00 1.14  5.74 460.8 101027. 64.27 456.8  46706.
286 23:01:40 0.71 107.59  13.89 -5.67 1686  55.99   459.4  40999.  1.62  1.38  -4.05   6.57   8.58 0.26 0.23 0.16  3.19 452.4  67139. 58.88 457.0  45183.
286 23:04:22 0.71 107.60  13.87 -5.67 1686  59.66   476.0  50608.  0.00  0.00  -1.46   8.07   7.23 0.16 0.04 0.00  3.62 475.4 121791. -1.00  -1.0     -1.
286 23:07:01 0.71 107.60  13.84 -5.67 1686  58.67   459.2  44582.  0.75  0.66  -1.78   7.41   9.22 0.16 0.74 0.51  5.35 451.7  75819. 59.99 457.8  50874.
286 23:09:43 0.71 107.60  13.82 -5.67 1686  66.32   457.9  50624.  1.58  1.40   1.87   6.62   7.79 0.30 0.40 0.20  4.12 457.1 130159. 65.22 455.4  44328.
286 23:12:25 0.71 107.60  13.80 -5.67 1686  61.22   455.8  42425.  1.61  1.77   4.56   5.87   7.64 1.09 0.20 0.72  5.60 451.4  67854. 61.62 455.5  51586.
286 23:15:07 0.71 107.60  13.77 -5.67 1686  47.46   460.5  49321.  1.30  0.50  -3.19   4.44  12.60 0.86 0.33 0.17  5.94 458.2 110448. 46.75 457.9  42003.
286 23:17:49 0.71 107.60  13.75 -5.67 1686  56.86   450.6  48769.  1.83  2.15  -4.31   3.30  11.07 0.26 0.28 0.32  4.60 447.4  73818. 54.83 449.6  43442.
286 23:20:31 0.71 107.60  13.72 -5.67 1686  48.74   454.9  50195.  0.00  0.00  -2.55   2.23   8.62 0.81 1.83 0.28  4.74 454.9 124403. 49.90 454.9  42539.
286 23:23:13 0.71 107.60  13.70 -5.67 1686  -1.00    -1.0     -1. -1.00 -1.00   2.58  -4.76  -0.60 0.00 0.00 0.00 -1.00  -1.0     -1. -1.00  -1.0     -1.
