129  0:11:50 0.33 352.63 187.78 -4.18 1681  57.18   426.4 173484. -3.50  1.58 -41.22  22.65  -3.76 0.00 0.00 0.00 -1.00  -1.0     -1. 48.36 425.8 150319.
129  0:45:26 0.33 352.75 187.59 -4.16 1681  48.66   433.6 126985.  0.93  4.54   0.00   0.00   0.00 0.00 0.00 0.00 -1.00  -1.0     -1. -1.00  -1.0     -1.
129  1:28:38 0.33 352.91 187.35 -4.15 1681  51.69   433.8 178519. -6.15  0.00 -45.78   0.24  -8.47 0.00 0.00 0.00 -1.00  -1.0     -1. 43.69 440.9 209249.
129  2:11:50 0.33 353.06 187.11 -4.13 1681  54.12   433.2 123860.  1.72 -0.09 -48.40  14.56  -5.63 0.00 0.00 0.00 -1.00  -1.0     -1. 44.71 426.6 119982.
129  2:55:02 0.33 353.22 186.87 -4.11 1681  47.22   477.1 208567.  6.38 -2.91 -35.29  30.20 -22.28 0.00 0.00 0.00  1.19 521.6 312580. 37.04 465.9 205793.
129  3:38:15 0.33 353.37 186.62 -4.09 1681  46.90   483.6 372767.  0.00-11.19 -41.68  22.50 -23.89 0.00 0.00 0.00  1.29 552.2 599925. 39.35 485.1 306167.
129  4:21:27 0.33 353.53 186.38 -4.07 1681  38.63   479.3 179455.  4.46 -1.51 -41.94  28.75 -13.18 0.00 0.00 0.00  1.15 504.6 523665. 31.52 470.9 176956.
129  5:04:38 0.33 353.68 186.14 -4.05 1681  38.36   497.6 208145.  4.43  0.00 -38.64  30.27 -12.75 0.00 0.00 0.00 -1.00  -1.0     -1. 30.72 486.5 185857.
129  5:47:50 0.33 353.84 185.90 -4.03 1681  46.85   492.8 206722.  3.64 -5.13   0.00   0.00   0.00 0.00 0.00 0.00 -1.00  -1.0     -1. 39.13 488.0 207914.
129  6:31:03 0.33 353.99 185.66 -4.01 1681  52.59   490.7 240630.  2.45 -2.31   0.00   0.00   0.00 0.00 0.00 0.00 -1.00  -1.0     -1. 41.94 484.2 232135.
129  7:14:15 0.33 354.15 185.42 -3.99 1681  47.59   537.5 306498.  0.00  0.00 -38.40  39.06 -18.43 0.00 0.00 0.00 -1.00  -1.0     -1. 35.90 535.8 281365.
129  7:57:27 0.33 354.31 185.18 -3.97 1681  53.57   470.4 147854. -7.34 -1.35 -57.78  -9.59  -5.93 0.00 0.00 0.00  1.30 594.1 665245. 44.22 478.7 183298.
129  8:40:39 0.33 354.46 184.94 -3.95 1681  47.81   478.5 156049. -7.95  2.18   0.00   0.00   0.00 0.00 0.00 0.00 -1.00  -1.0     -1. 39.17 480.9 149052.
129  9:23:51 0.33 354.62 184.70 -3.93 1681  49.42   481.3 138729.  3.44  3.95   0.00   0.00   0.00 0.00 0.00 0.00 -1.00  -1.0     -1. 37.09 473.3 131907.
129 10:07:03 0.33 354.78 184.46 -3.91 1681  46.55   487.4 153957.  4.06  2.14 -47.71  28.66   1.52 0.00 0.00 0.00 -1.00  -1.0     -1. 38.34 478.2 148770.
129 10:50:15 0.33 354.94 184.22 -3.89 1681  51.39   487.2 127330.  0.62  2.51 -54.37  13.14  -5.61 0.00 0.00 0.00 -1.00  -1.0     -1. 42.08 485.7 135717.
129 11:33:27 0.33 355.09 183.98 -3.87 1681  77.88   509.4 349875.-12.28 -0.23 -48.31 -14.32   0.49 0.00 0.00 0.00 42.89 401.8 205472. 56.48 516.1 399882.
129 12:16:39 0.33 355.25 183.75 -3.85 1681  65.45   515.3 295873.-10.55 -2.90   0.00   0.00   0.00 0.00 0.00 0.00  1.46 615.5 922471. 52.36 523.7 357509.
129 12:59:51 0.33 355.41 183.50 -3.83 1681  58.75   497.0 156995.  3.89  0.00 -49.08  22.46 -10.27 0.00 0.00 0.00 -1.00  -1.0     -1. 48.19 491.3 183476.
129 13:43:03 0.33 355.57 183.27 -3.81 1681  51.59   547.0 269252.  9.84  4.03   0.00   0.00   0.00 0.00 0.00 0.00  1.21 617.1 541687. 40.81 531.5 265415.
129 14:53:33 0.33 355.76 182.82 -3.92 1681  -1.00    -1.0     -1. -1.00 -1.00 -43.46  27.04  17.62 0.99 0.26 1.31 -1.00  -1.0     -1. -1.00  -1.0     -1.
129 15:08:31 0.33 355.88 182.80 -3.77 1681  53.94   483.1 176593.  0.45  9.27   0.00   0.00   0.00 0.00 0.00 0.00 -1.00  -1.0     -1. 41.35 479.0 158060.
129 15:08:52 0.33 355.88 182.80 -3.77 1681  56.57   497.6 222938.  2.03  9.88   0.00   0.00   0.00 0.00 0.00 0.00  1.24 574.3 469428. 42.74 490.1 198422.
129 15:09:33 0.33 355.89 182.79 -3.77 1681  52.87   501.1 192582.  2.82 10.24   0.00   0.00   0.00 0.00 0.00 0.00  1.43 563.71003969. 41.24 495.9 199296.
129 15:10:13 0.33 355.89 182.79 -3.77 1681  50.87   500.4 193858.  4.05  8.84   0.00   0.00   0.00 0.00 0.00 0.00 -1.00  -1.0     -1. 39.23 492.4 168013.
129 15:10:54 0.33 355.89 182.78 -3.77 1681  52.61   490.3 177275.  3.21  8.57   0.00   0.00   0.00 0.00 0.00 0.00 -1.00  -1.0     -1. 41.22 486.5 201320.
129 15:11:34 0.33 355.89 182.78 -3.77 1681  54.11   498.7 199345.  5.29  7.11   0.00   0.00   0.00 0.00 0.00 0.00  1.27 593.9 888531. 39.56 490.5 181222.
129 15:12:15 0.33 355.90 182.78 -3.77 1681  50.04   467.8 115931.  0.81  6.28   0.00   0.00   0.00 0.00 0.00 0.00 -1.00  -1.0     -1. 39.33 467.0 133339.
129 15:12:35 0.33 355.90 182.77 -3.77 1681  52.10   467.9 167669.  0.00  0.00   0.00   0.00   0.00 0.00 0.00 0.00 -1.00  -1.0     -1. 42.81 467.7 186770.
129 15:13:56 0.33 355.90 182.77 -3.77 1681  42.55   483.9 153337. -4.62 10.37   0.00   0.00   0.00 0.00 0.00 0.00 -1.00  -1.0     -1. 34.87 483.4 141324.
129 15:15:17 0.33 355.91 182.76 -3.77 1681  38.31   511.0 275047.-11.25  0.90   0.00   0.00   0.00 0.00 0.00 0.00  1.41 593.8 686243. 34.05 525.1 354803.
129 15:16:38 0.33 355.91 182.75 -3.77 1681  68.73   511.8 283473.-13.02 -1.44   0.00   0.00   0.00 0.00 0.00 0.00  5.45 480.9 285929. 60.36 532.2 468259.
129 15:17:58 0.33 355.91 182.74 -3.77 1681  24.02   504.6 157069.  0.00  0.00   0.00   0.00   0.00 0.00 0.00 0.00 -1.00  -1.0     -1. 18.60 507.7 242312.
129 15:19:20 0.33 355.92 182.74 -3.77 1681  -1.00    -1.0     -1. -1.00 -1.00   0.00   0.00   0.00 0.00 0.00 0.00 -1.00  -1.0     -1. 40.06 466.0 100439.
129 15:20:40 0.33 355.93 182.73 -3.77 1681  -1.00    -1.0     -1. -1.00 -1.00   0.00   0.00   0.00 0.00 0.00 0.00 -1.00  -1.0     -1. 45.19 460.1 100628.
129 15:22:02 0.33 355.93 182.73 -3.77 1681  65.82   488.1 171863.  0.00  0.00   0.00   0.00   0.00 0.00 0.00 0.00 -1.00  -1.0     -1. 49.77 482.2 169751.
129 15:23:23 0.33 355.94 182.72 -3.77 1681  51.49   468.7  91080.  3.38  4.43   0.00   0.00   0.00 0.00 0.00 0.00  1.31 559.8 674861. 38.24 463.5 107137.
129 15:24:43 0.33 355.94 182.71 -3.77 1681  46.35   512.2 240181.  0.00  0.00   0.00   0.00   0.00 0.00 0.00 0.00  1.26 582.8 653993. 36.62 513.9 285182.
129 15:26:05 0.33 355.95 182.70 -3.77 1681  62.61   499.4 243742.  0.00  0.00   0.00   0.00   0.00 0.00 0.00 0.00  1.26 571.8 454693. 48.51 500.9 239983.
129 15:27:26 0.33 355.95 182.69 -3.77 1681  53.97   484.3 174514.  0.00  0.00 -42.91  26.12  19.86 1.74 2.36 3.57 -1.00  -1.0     -1. 42.68 481.9 150371.
129 15:28:47 0.33 355.96 182.69 -3.76 1681  48.01   552.7 216474.  0.00  0.00 -26.97  22.62  38.93 6.79 5.69 5.82  1.72 585.6 833840. 41.42 552.4 251827.
129 15:30:08 0.33 355.96 182.68 -3.76 1681  56.69   487.8 198841.  0.00  0.00 -45.23  22.58  20.52 2.72 2.62 4.93  1.63 558.4 991274. 48.48 487.8 227324.
129 15:31:29 0.33 355.97 182.67 -3.76 1681  59.18   482.5 164629.  0.00  0.00 -41.26  13.36  30.16 6.1610.94 6.45 -1.00  -1.0     -1. 45.34 480.9 188248.
129 15:32:50 0.33 355.97 182.66 -3.76 1681  52.59   514.8 223033.  0.00  0.00 -49.34  15.29  13.26 3.24 8.58 6.21  1.33 588.4 513997. 38.98 513.5 185649.
129 15:34:11 0.33 355.91 182.59 -3.90 1681  -1.00    -1.0     -1. -1.00 -1.00 -48.05  19.03  15.82 1.04 2.99 5.26 -1.00  -1.0     -1. -1.00  -1.0     -1.
129 15:35:31 0.33 355.98 182.65 -3.76 1681  51.77   460.6 106520.  0.00  0.00 -50.41  18.94   9.38 0.92 1.88 2.08 -1.00  -1.0     -1. 40.83 459.8  91889.
129 15:36:45 0.33 355.92 182.58 -3.90 1681  -1.00    -1.0     -1. -1.00 -1.00 -51.29   8.42  13.91 2.15 5.19 7.49 -1.00  -1.0     -1. -1.00  -1.0     -1.
129 15:55:44 0.33 356.05 182.54 -3.75 1681  46.25   460.4  97678.  0.00  0.00 -51.22  -1.36  -4.76 2.20 4.5916.58 -1.00  -1.0     -1. 40.28 460.3 122301.
129 15:57:06 0.33 356.06 182.53 -3.75 1681  51.91   461.1 126076.  0.00  0.00 -52.98  -1.16  -4.66 1.33 5.94 8.53 -1.00  -1.0     -1. 41.70 459.2  96356.
129 15:58:27 0.33 356.07 182.52 -3.75 1681  51.61   454.7  90726. -5.58  1.77 -53.08  -1.97   8.68 1.00 3.53 4.57 -1.00  -1.0     -1. 43.00 458.6 114407.
129 15:59:48 0.33 356.07 182.51 -3.75 1681  50.61   475.8 128925.  0.00  0.00 -50.68 -12.92 -12.69 1.04 2.31 2.84 -1.00  -1.0     -1. 42.33 474.9 130409.
129 16:01:09 0.33 356.08 182.51 -3.75 1681  52.01   456.1  91058. -4.65 -2.33 -52.71  -4.79  -9.51 0.72 5.69 2.03 -1.00  -1.0     -1. 41.54 458.2 105789.
129 16:02:30 0.33 356.08 182.50 -3.75 1681  53.30   464.8 178867.  0.00  0.00   0.00   0.00   0.00 0.00 0.00 0.00 -1.00  -1.0     -1. 43.29 464.1 149725.
129 16:03:51 0.33 356.08 182.49 -3.75 1681  49.99   454.4  83352.  0.00  0.00 -53.29  11.67  -2.31 1.02 4.08 3.06 -1.00  -1.0     -1. 43.13 449.4  73714.
129 16:05:12 0.33 356.09 182.49 -3.75 1681  57.65   456.5 100238.  0.14  2.70 -54.06   6.71   4.81 0.67 3.69 3.53 -1.00  -1.0     -1. 42.03 454.6  85454.
129 16:06:32 0.33 356.10 182.48 -3.75 1681  56.85   493.4 240977.  0.00  0.00 -49.68 -17.46   6.86 3.03 8.42 9.16 -1.00  -1.0     -1. 48.21 491.1 199920.
129 16:08:11 0.33 356.10 182.47 -3.75 1681  -1.00    -1.0     -1. -1.00 -1.00 -47.41 -14.21 -18.92 2.0910.19 4.36 -1.00  -1.0     -1. 29.18 535.3 138111.
129 16:09:15 0.33 356.11 182.47 -3.75 1681  51.72   471.8 148328. -3.55  0.00 -45.94 -10.25 -25.58 2.64 6.07 4.20 -1.00  -1.0     -1. 41.99 471.7 140022.
129 16:10:36 0.33 356.11 182.46 -3.75 1681  53.69   468.1 172292. -5.01 -5.41 -50.50 -15.02 -14.39 0.79 1.84 1.99 -1.00  -1.0     -1. 44.46 471.4 161023.
129 16:11:57 0.33 356.11 182.45 -3.74 1681  55.02   478.3 159369.  0.00  0.00 -51.23  -7.16   6.59 4.37 9.1714.52 -1.00  -1.0     -1. 46.39 479.4 184298.
129 16:13:18 0.33 356.12 182.44 -3.74 1681  55.26   465.3 130367. -4.54  7.74   0.00   0.00   0.00 0.00 0.00 0.00 -1.00  -1.0     -1. 43.62 469.2 143488.
129 16:14:39 0.33 356.12 182.43 -3.74 1681  -1.00    -1.0     -1. -1.00 -1.00 -51.54  -2.10  19.23 1.57 1.80 3.80 -1.00  -1.0     -1. 46.17 471.7 141867.
129 16:16:00 0.33 356.13 182.43 -3.74 1681  38.95   475.1  98376. -3.86  9.81 -45.51   0.95  28.70 5.68 3.91 8.62 -1.00  -1.0     -1. 32.73 475.2 121954.
129 16:17:21 0.33 356.14 182.42 -3.74 1681  51.35   454.7  81338. -0.78  2.81 -51.47  15.01   8.71 4.53 8.68 4.63 -1.00  -1.0     -1. 42.47 450.1  70641.
129 16:18:42 0.33 356.14 182.41 -3.74 1681  52.03   449.4  73480.  0.00  0.00 -54.24   7.22   8.50 0.44 4.80 1.90 -1.00  -1.0     -1. 41.12 449.4  95053.
129 16:19:57 0.33 356.08 182.34 -3.88 1681  -1.00    -1.0     -1. -1.00 -1.00 -29.01 -18.69  39.98 5.23 5.99 2.86 -1.00  -1.0     -1. -1.00  -1.0     -1.
129 16:20:03 0.33 356.15 182.40 -3.74 1681  50.77   456.7  89839.  0.00  0.00   0.00   0.00   0.00 0.00 0.00 0.00 -1.00  -1.0     -1. 41.20 451.9  78678.
129 16:21:24 0.33 356.15 182.40 -3.74 1681  44.21   480.0 103785.  0.00  0.00   0.00   0.00   0.00 0.00 0.00 0.00  1.11 546.0 458228. 36.35 477.7 118832.
129 16:22:45 0.33 356.09 182.32 -3.88 1681  -1.00    -1.0     -1. -1.00 -1.00 -52.95 -11.52   7.73 0.71 2.99 4.17 -1.00  -1.0     -1. -1.00  -1.0     -1.
129 16:24:05 0.33 356.16 182.38 -3.74 1681  52.42   454.3 102970.  0.00  0.00 -53.39  10.92   9.54 1.05 6.40 2.72 -1.00  -1.0     -1. -1.00  -1.0     -1.
129 16:25:26 0.33 356.17 182.38 -3.74 1681  51.29   459.3  90093.  3.04 -1.32 -51.24  20.65  -0.81 1.46 3.37 4.38 -1.00  -1.0     -1. 42.80 455.8 117822.
129 16:26:48 0.33 356.17 182.37 -3.74 1681  49.87   447.4  74607. -4.11  1.72 -51.77   4.24  14.28 2.42 6.37 8.72 10.80 394.6 187319. 47.61 464.3 182407.
129 16:28:09 0.33 356.18 182.36 -3.74 1681  51.32   496.9 204955.-10.82  9.23 -14.68  12.41  48.33 7.4710.01 3.60  1.18 561.5 429186. 40.68 504.6 173539.
129 16:29:30 0.33 356.18 182.35 -3.74 1681  -1.00    -1.0     -1. -1.00 -1.00 -32.46  14.07  41.57 0.59 0.05 0.60 -1.00  -1.0     -1. 34.02 554.7 204406.
129 16:30:50 0.33 356.18 182.34 -3.74 1681  59.59   490.7 229955.  0.00  0.00 -42.74  15.42  30.36 2.88 7.27 5.51 -1.00  -1.0     -1. 45.71 487.0 200160.
129 16:32:11 0.33 356.19 182.34 -3.73 1681  23.19   547.4 127206.  0.69  0.00 -22.75  21.29  38.83 4.7917.80 9.29 -1.00  -1.0     -1. 20.66 538.6 112358.
129 16:33:33 0.33 356.20 182.33 -3.73 1681  52.96   507.9 231739.  0.00  0.00 -32.50  41.77  12.01 3.05 3.00 7.14  1.21 563.5 586996. 42.58 503.8 186211.
129 16:34:54 0.33 356.20 182.32 -3.73 1681  54.45   536.4 246951.  0.00  0.00 -20.36  45.78  20.76 4.48 2.82 4.62  1.58 564.2 960114. 40.24 537.9 251041.
129 16:36:15 0.33 356.21 182.32 -3.73 1681  48.40   505.1 169628.  0.00  5.13 -33.46  42.37  -5.61 4.96 3.80 5.71 -1.00  -1.0     -1. 38.81 498.9 163202.
129 16:37:35 0.33 356.21 182.31 -3.73 1681  47.07   510.4 224803.  0.00  0.00 -46.88  24.53  14.30 2.18 5.30 3.86  1.22 582.1 589063. 34.94 509.0 207814.
129 16:38:57 0.33 356.21 182.30 -3.73 1681  53.46   465.4 136172.  0.00  0.00 -45.24  29.61  -4.10 3.87 5.83 7.68 -1.00  -1.0     -1. 45.15 460.2 129013.
129 16:40:17 0.33 356.22 182.30 -3.73 1681  55.66   476.3 175300.  5.05 -2.37   0.00   0.00   0.00 0.00 0.00 0.00  1.54 565.1 896847. 46.42 468.4 145450.
129 16:41:39 0.33 356.22 182.29 -3.73 1681  49.92   479.2 157953.  0.00  0.00 -44.83  21.42 -20.23 3.80 5.88 8.47 -1.00  -1.0     -1. 42.59 480.8 178659.
129 16:43:00 0.33 356.23 182.28 -3.73 1681  50.56   466.9 119946.  5.05  0.44 -49.30  22.26  -1.32 1.05 2.8011.22 -1.00  -1.0     -1. 38.08 459.1  98802.
129 16:44:21 0.33 356.24 182.27 -3.73 1681  59.67   464.4 161049.  0.00  0.00 -50.84  20.17  -4.53 2.05 3.98 5.33 -1.00  -1.0     -1. 50.16 463.4 151433.
129 16:45:42 0.33 356.24 182.26 -3.73 1681  51.72   468.0 122983.  5.24 -0.74 -46.82  27.45  -8.02 4.12 4.08 6.64 -1.00  -1.0     -1. 40.09 465.1 141230.
129 16:47:02 0.33 356.18 182.19 -3.86 1681  -1.00    -1.0     -1. -1.00 -1.00 -53.17  18.15   5.26 0.73 1.78 3.04 -1.00  -1.0     -1. -1.00  -1.0     -1.
129 16:48:23 0.33 356.25 182.25 -3.73 1681  53.35   454.6 102414.  0.00  0.00   0.00   0.00   0.00 0.00 0.00 0.00 -1.00  -1.0     -1. 40.60 453.8  86149.
129 16:49:45 0.33 356.25 182.24 -3.73 1681  57.78   471.4 162273.  0.00  0.00 -49.78  10.20  21.61 1.75 7.13 4.48 -1.00  -1.0     -1. 47.96 471.5 188245.
129 16:51:06 0.33 356.26 182.23 -3.73 1681  49.19   468.6 118406.  0.00  0.00 -52.95 -10.45   9.85 1.47 8.55 7.90 -1.00  -1.0     -1. 40.83 468.1 137666.
129 16:52:27 0.33 356.20 182.16 -3.86 1681  -1.00    -1.0     -1. -1.00 -1.00 -52.29 -17.18   4.98 2.56 8.40 5.33 -1.00  -1.0     -1. -1.00  -1.0     -1.
129 16:53:49 0.33 356.21 182.15 -3.86 1681  -1.00    -1.0     -1. -1.00 -1.00 -54.81  -2.47  -1.48 2.4111.53 7.25 -1.00  -1.0     -1. -1.00  -1.0     -1.
129 16:55:09 0.33 356.28 182.21 -3.72 1681  50.56   455.7  89820.  0.00  0.00 -45.25  25.79  -2.94 5.10 8.7117.81 -1.00  -1.0     -1. 38.83 451.0  80607.
129 16:56:30 0.33 356.28 182.21 -3.72 1681  48.40   459.9 111623.  0.00  0.00   0.00   0.00   0.00 0.00 0.00 0.00 -1.00  -1.0     -1. 38.47 457.3  90707.
129 16:57:51 0.33 356.28 182.20 -3.72 1681  55.04   454.3  92143.  0.00  0.00 -55.03   2.79  -0.93 1.02 2.9110.61 -1.00  -1.0     -1. 49.13 454.1 119878.
129 16:59:12 0.33 356.29 182.19 -3.72 1681  48.02   469.3 121629.  2.79 -5.90 -51.86   9.37 -15.91 1.94 7.91 5.20 -1.00  -1.0     -1. 39.89 462.1  88868.
129 17:00:33 0.33 356.29 182.18 -3.72 1681  51.85   452.3  87868.  0.00  0.00 -55.06   7.36  -1.70 1.64 6.89 5.40 -1.00  -1.0     -1. 41.71 447.5  79847.
129 17:01:54 0.33 356.30 182.17 -3.72 1681  97.16   519.1 698825.  0.00  0.00 -48.90  11.58  -4.5710.8814.7214.87 67.50 411.7 414594. 77.77 521.4 725066.
129 17:03:09 0.33 356.24 182.10 -3.86 1681  -1.00    -1.0     -1. -1.00 -1.00 -28.26  43.93  -6.08 6.66 4.5616.34 -1.00  -1.0     -1. -1.00  -1.0     -1.
129 17:03:15 0.33 356.31 182.17 -3.72 1681  41.66   572.2 190412.  0.00  0.00   0.00   0.00   0.00 0.00 0.00 0.00  1.53 579.7 922965. 34.55 566.4 132859.
129 17:04:36 0.33 356.31 182.16 -3.72 1681  52.13   519.7 248621.  0.00  0.00 -30.64  38.24  21.40 3.73 9.9015.26 -1.00  -1.0     -1. -1.00  -1.0     -1.
129 17:05:56 0.33 356.31 182.15 -3.72 1681  47.17   507.6 167572.  0.00 -0.61 -29.34  43.91  15.11 8.05 6.34 5.90  1.10 570.8 545845. 38.43 506.9 212608.
129 17:07:18 0.33 356.32 182.15 -3.72 1681  60.28   550.8 298511.  0.00  4.03   0.00   0.00   0.00 0.00 0.00 0.00  1.53 592.4 780423. 52.16 547.5 301320.
129 17:08:39 0.33 356.32 182.14 -3.72 1681  64.93   517.5 348560.  0.00  0.00 -39.48  37.59  16.19 3.69 3.74 6.01  1.46 577.8 932464. 51.92 519.0 315503.
129 17:10:00 0.33 356.26 182.07 -3.85 1681  -1.00    -1.0     -1. -1.00 -1.00 -40.92  37.84  -1.39 4.81 4.06 7.81 -1.00  -1.0     -1. -1.00  -1.0     -1.
129 17:11:20 0.33 356.27 182.06 -3.85 1681  -1.00    -1.0     -1. -1.00 -1.00 -44.98  31.83  -8.94 2.38 3.16 5.17 -1.00  -1.0     -1. -1.00  -1.0     -1.
129 17:12:42 0.33 356.34 182.12 -3.72 1681  48.76   464.1 131007.  0.00  0.00 -48.08  26.24   9.72 2.20 5.22 2.99 -1.00  -1.0     -1. 37.70 460.5  93757.
129 17:14:03 0.33 356.35 182.11 -3.71 1681  50.61   452.2  82836.  1.11  0.87   0.00   0.00   0.00 0.00 0.00 0.00 -1.00  -1.0     -1. 39.28 446.9  75627.
129 17:15:24 0.33 356.35 182.10 -3.71 1681  51.83   446.7  74396.  0.00  0.00   0.00   0.00   0.00 0.00 0.00 0.00 -1.00  -1.0     -1. 41.63 446.4  90265.
129 17:16:45 0.33 356.35 182.09 -3.71 1681  47.07   452.2  85119.  0.00  0.00   0.00   0.00   0.00 0.00 0.00 0.00 -1.00  -1.0     -1. 40.13 447.2  78483.
129 17:18:06 0.33 356.36 182.09 -3.71 1681  42.68   448.6  77690.  0.00  0.00   0.00   0.00   0.00 0.00 0.00 0.00 -1.00  -1.0     -1. 34.89 449.3  97087.
129 17:19:27 0.33 356.37 182.08 -3.71 1681  56.21   465.7 155994.  0.00  0.00 -49.42  21.37  -6.44 4.49 9.14 7.38 -1.00  -1.0     -1. 43.61 462.3 143208.
129 17:20:48 0.33 356.37 182.07 -3.71 1681  52.34   457.3 125865.  0.00  0.00 -48.02  27.43   2.52 2.30 4.16 7.66 -1.00  -1.0     -1. 41.33 455.2 112150.
129 17:22:09 0.33 356.38 182.06 -3.71 1681  47.33   450.1  95531.  0.00  0.00 -49.51  13.78  21.27 1.56 3.24 2.96 -1.00  -1.0     -1. 37.70 446.7  75397.
129 17:23:30 0.33 356.38 182.06 -3.71 1681  47.58   446.8  81702.  0.00  0.00   0.00   0.00   0.00 0.00 0.00 0.00 -1.00  -1.0     -1. 38.57 447.1  97808.
129 17:27:33 0.33 356.39 182.04 -3.71 1681  55.78   461.1 204065.  0.00  0.00 -51.42   3.94  -7.09 7.4414.5614.73 18.68 375.7 148377. 46.24 461.6 182359.
129 17:28:54 0.33 356.40 182.03 -3.71 1681  51.19   454.5 115889.  0.00  0.00 -50.98  18.89 -14.29 1.48 3.04 6.67 -1.00  -1.0     -1. 40.14 452.5 107193.
129 17:30:15 0.33 356.41 182.02 -3.71 1681  80.25   481.0 230189.  0.00 -6.07 -49.24  18.04  21.11 1.59 3.71 3.08 -1.00  -1.0     -1. 63.37 476.1 226762.
129 17:31:35 0.33 356.41 182.01 -3.71 1681  52.75   457.0 118565.  0.00  0.00 -48.24  23.96  -0.68 4.08 6.3815.24 -1.00  -1.0     -1. 42.13 453.6 107069.
129 17:32:57 0.33 356.35 181.94 -3.84 1681  -1.00    -1.0     -1. -1.00 -1.00 -53.18  19.88  -1.24 1.13 2.96 2.12 -1.00  -1.0     -1. -1.00  -1.0     -1.
129 17:34:17 0.33 356.42 182.00 -3.71 1681  52.23   449.9  84785.  2.77 -2.02   0.00   0.00   0.00 0.00 0.00 0.00  1.39 504.9 479901. 44.21 446.6 106121.
129 17:35:39 0.33 356.42 181.99 -3.71 1681  54.75   448.1 107303. -5.64 -3.13 -55.66  -1.62  -8.31 1.14 8.10 3.30  2.79 466.5 407435. 43.66 453.6 112309.
129 17:37:00 0.33 356.43 181.99 -3.70 1681  52.11   448.8  81825.  0.00  0.00 -55.72   1.04 -12.22 0.59 5.20 1.49 -1.00  -1.0     -1. 45.32 454.3 141438.
129 17:38:20 0.33 356.44 181.97 -3.70 1681  49.22   456.7  98133.  0.00  0.00 -53.99   2.67 -18.03 1.75 6.09 4.55 -1.00  -1.0     -1. 37.54 451.3  86662.
129 17:39:42 0.33 356.44 181.97 -3.70 1681  57.13   448.5  81897.  0.00  0.00 -54.27  10.57  -0.76 1.8212.58 9.40 -1.00  -1.0     -1. 47.21 448.5 103301.
129 17:41:03 0.33 356.45 181.96 -3.70 1681  53.75   449.6 100491.  0.00  0.00 -54.03  22.39   0.20 1.01 2.32 2.77 -1.00  -1.0     -1. 43.64 451.7 117666.
129 17:42:24 0.33 356.45 181.95 -3.70 1681  50.31   447.8  80081.  0.00  0.00   0.00   0.00   0.00 0.00 0.00 0.00 -1.00  -1.0     -1. 44.67 446.6 100615.
129 17:43:44 0.33 356.45 181.95 -3.70 1681  50.00   453.2 108589.  0.00  0.00 -53.01  22.34   8.15 1.56 2.67 6.14 -1.00  -1.0     -1. 42.77 453.0 120359.
129 17:45:06 0.33 356.46 181.94 -3.70 1681  55.76   455.0 122944.  0.00  0.00 -52.67  23.66   4.70 1.87 4.89 6.28 -1.00  -1.0     -1. 43.90 452.3 111162.
129 17:46:27 0.33 356.47 181.93 -3.70 1681  51.57   471.1 149988.  0.00  0.00 -51.46  10.90  20.44 4.1615.84 2.33 -1.00  -1.0     -1. 41.70 468.2 135282.
129 17:47:48 0.33 356.47 181.92 -3.70 1681  50.04   446.9  80896.  0.00  0.00 -57.34   3.68  13.19 0.66 1.82 2.81 -1.00  -1.0     -1. 40.76 447.3  92760.
129 17:49:09 0.33 356.48 181.92 -3.70 1681  -1.00    -1.0     -1. -1.00 -1.00 -54.69  13.72  12.33 2.47 6.19 6.38 -1.00  -1.0     -1. 39.04 450.2  80958.
129 17:50:30 0.33 356.48 181.91 -3.70 1681  60.09   479.7 227594.  0.00  0.00   0.00   0.00   0.00 0.00 0.00 0.00 -1.00  -1.0     -1. 47.82 479.0 187888.
129 17:51:51 0.33 356.48 181.90 -3.70 1681  56.66   467.6 178532.  0.00  0.00 -50.52   1.03  27.51 1.32 3.50 2.54 -1.00  -1.0     -1. 46.70 471.0 203142.
129 17:53:12 0.33 356.49 181.89 -3.70 1681  45.53   512.9 210016.  0.00  0.00 -28.45  46.18  17.47 4.17 2.52 6.81  1.29 582.9 532240. 35.77 510.5 175836.
129 17:54:33 0.33 356.43 181.82 -3.83 1681  -1.00    -1.0     -1. -1.00 -1.00 -39.41  29.15  30.01 3.35 7.06 4.27 -1.00  -1.0     -1. -1.00  -1.0     -1.
129 17:55:53 0.33 356.43 181.81 -3.83 1681  -1.00    -1.0     -1. -1.00 -1.00 -37.74  34.21  27.85 3.62 2.04 3.49 -1.00  -1.0     -1. -1.00  -1.0     -1.
129 17:57:14 0.33 356.51 181.87 -3.69 1681  49.99   495.4 207057.  0.00  0.00 -43.63  24.77  26.36 3.1110.67 3.94  1.45 557.3 700680. 40.84 492.1 181680.
129 17:58:36 0.33 356.51 181.86 -3.69 1681  54.75   467.4 139021.  0.00  0.00 -47.43   4.12  30.24 2.19 9.78 2.57 -1.00  -1.0     -1. 42.76 461.1 120716.
129 17:59:57 0.33 356.51 181.86 -3.69 1681  53.38   478.8 164093. -5.77 10.44 -44.67   8.36  33.63 1.58 3.41 2.15 -1.00  -1.0     -1. 40.82 483.2 190688.
129 18:01:18 0.33 356.52 181.85 -3.69 1681  57.36   477.1 200635.  0.00  0.00   0.00   0.00   0.00 0.00 0.00 0.00 -1.00  -1.0     -1. 46.30 471.1 200787.
129 18:02:39 0.33 356.52 181.84 -3.69 1681  45.40   497.9 216929.  0.00  0.00 -43.89   4.59  31.60 7.60 7.2311.42  1.64 580.0 902864. 36.09 499.8 238414.
129 18:04:00 0.33 356.53 181.84 -3.69 1681  42.10   499.7 141331.  0.00  0.00 -38.51  17.38  35.17 5.18 4.45 4.95 -1.00  -1.0     -1. 31.65 491.5 136062.
129 18:05:21 0.33 356.54 181.83 -3.69 1681  55.91   529.3 332814.  0.00  0.00 -33.62  39.54  13.24 6.77 8.09 9.39  1.73 579.11008958. 45.02 529.1 278734.
129 18:06:41 0.33 356.48 181.76 -3.83 1681  -1.00    -1.0     -1. -1.00 -1.00 -32.62  39.29  17.71 4.63 4.08 3.64 -1.00  -1.0     -1. -1.00  -1.0     -1.
129 18:08:13 0.33 356.48 181.75 -3.83 1681  -1.00    -1.0     -1. -1.00 -1.00 -36.22  36.37  18.96 2.20 4.15 5.12 -1.00  -1.0     -1. -1.00  -1.0     -1.
129 18:10:44 0.33 356.55 181.80 -3.69 1681  67.44   536.1 655701.  5.05 12.50 -39.36  31.04  21.83 2.54 1.84 3.99  1.18 597.9 616817. 58.94 534.0 577560.
129 18:12:06 0.33 356.56 181.79 -3.69 1681  44.49   498.7 164775.  0.00  0.00 -34.03  30.15  29.00 3.65 2.94 5.71  1.14 582.9 596326. 32.54 493.4 148568.
129 18:13:27 0.33 356.50 181.72 -3.82 1681  -1.00    -1.0     -1. -1.00 -1.00 -35.02  29.74  28.56 3.05 5.02 3.84 -1.00  -1.0     -1. -1.00  -1.0     -1.
129 18:29:27 0.33 356.56 181.63 -3.82 1681  -1.00    -1.0     -1. -1.00 -1.00 -51.55  17.18  17.93 0.09 0.40 0.81 -1.00  -1.0     -1. -1.00  -1.0     -1.
129 19:26:09 0.33 356.84 181.39 -3.65 1681  54.55   464.2 140005.  0.00  0.00 -53.07  18.94  -5.72 1.32 3.62 3.84 -1.00  -1.0     -1. 43.51 460.9 130711.
129 19:27:30 0.33 356.84 181.38 -3.65 1681  51.45   457.5 118276.  4.26  0.94 -49.64  27.59   6.61 0.38 0.65 1.64 -1.00  -1.0     -1. 41.61 449.4 104578.
129 19:27:40 0.33 356.84 181.38 -3.65 1681  61.30   469.4 168813.  3.32  2.30 -49.75  26.91   8.19 0.44 1.13 0.91 -1.00  -1.0     -1. 46.69 463.8 151323.
129 19:28:43 0.33 356.84 181.37 -3.65 1681  54.53   478.3 173270.  4.70  3.42 -50.83  24.56   8.35 0.76 1.63 0.49 -1.00  -1.0     -1. 43.09 471.5 155159.
129 19:30:04 0.33 356.85 181.37 -3.65 1681  53.02   471.6 134879.  3.31  3.07 -48.62  27.61   9.90 0.54 0.39 2.01  1.33 526.0 511112. 42.39 464.0 136413.
129 19:31:25 0.33 356.85 181.36 -3.65 1681  50.18   475.9 138446.  4.43  4.41 -41.72  31.16  20.07 1.35 2.18 1.42  1.38 539.1 564738. 40.75 470.9 146483.
129 19:32:46 0.33 356.86 181.35 -3.65 1681  53.99   491.0 206631.  5.34  6.83 -42.21  30.72  17.99 2.08 0.98 2.88 -1.00  -1.0     -1. 42.41 479.6 197714.
129 19:34:07 0.33 356.87 181.34 -3.65 1681  57.04   490.5 201573.  6.40  5.37 -40.51  34.23  14.33 1.18 3.09 6.15 -1.00  -1.0     -1. 46.39 479.1 170947.
129 19:35:28 0.33 356.87 181.33 -3.65 1681  48.34   488.6 164190.  6.77  3.18 -43.78  30.48  13.13 2.60 3.66 1.18 -1.00  -1.0     -1. 38.10 474.7 150836.
129 19:36:49 0.33 356.87 181.33 -3.65 1681  53.74   459.8 141314.  2.51  3.99 -48.84  22.87  12.72 1.02 2.56 1.60 -1.00  -1.0     -1. 42.78 458.5 167955.
129 19:38:10 0.33 356.88 181.32 -3.65 1681  51.35   467.1 156884.  4.55  4.27 -48.22  23.93  12.74 0.62 1.71 1.56 -1.00  -1.0     -1. 39.80 459.5 141539.
129 19:39:31 0.33 356.88 181.31 -3.65 1681  52.18   456.5 129263.  2.84  4.30 -48.27  21.85  15.77 0.82 1.23 1.34 -1.00  -1.0     -1. 40.88 450.2 115317.
129 19:40:52 0.33 356.89 181.30 -3.65 1681  51.56   451.8 113878.  0.67  3.42 -51.45  16.45  11.08 1.07 3.12 1.42 -1.00  -1.0     -1. 41.27 450.3 118267.
129 19:42:13 0.33 356.90 181.30 -3.64 1681  50.16   454.9 124406.  0.81  5.74 -50.40  16.35  15.07 0.56 1.13 1.12 -1.00  -1.0     -1. 38.78 449.5 113683.
129 19:43:34 0.33 356.90 181.29 -3.64 1681  48.62   459.6  96905.  0.71  2.71 -50.08  17.46  13.00 1.74 1.80 3.34 -1.00  -1.0     -1. 41.06 455.0 108443.
129 19:44:55 0.33 356.90 181.28 -3.64 1681  49.41   465.2 129607.  0.00  0.00 -48.37   1.43  23.77 1.60 1.67 3.07 -1.00  -1.0     -1. 39.06 459.7 119527.
129 19:46:16 0.33 356.91 181.28 -3.64 1681  57.77   472.9 183414. -4.93  8.81 -51.61   5.25 -12.70 1.27 2.33 8.99 -1.00  -1.0     -1. 45.16 475.1 199793.
129 19:47:37 0.33 356.91 181.27 -3.64 1681  52.46   446.8 118773. -2.70  0.00 -52.77  -1.94 -12.20 0.36 0.88 1.55 -1.00  -1.0     -1. 43.89 445.8 104272.
129 19:48:58 0.33 356.92 181.26 -3.64 1681  51.72   454.7 158197. -5.31 -3.93 -51.00  -1.20 -17.75 1.30 2.77 3.01 -1.00  -1.0     -1. 42.61 457.3 140577.
129 19:50:19 0.33 356.93 181.25 -3.64 1681  54.11   471.1 202860. -3.73 -8.68 -46.86 -24.99   8.76 1.52 3.07 3.42 -1.00  -1.0     -1. 42.22 473.1 186877.
129 19:51:40 0.33 356.93 181.25 -3.64 1681  49.34   503.9 235757.  0.00  2.19 -46.57 -16.49 -11.84 3.10 8.2111.69 -1.00  -1.0     -1. 39.63 502.6 184850.
129 19:53:01 0.33 356.94 181.24 -3.64 1681  57.66   493.2 320652. -8.76 -8.00 -29.18 -35.97 -24.18 3.05 3.08 1.92 -1.00  -1.0     -1. 49.10 500.6 285088.
129 19:54:22 0.33 356.94 181.23 -3.64 1681  54.28   554.4 319924.-14.28 -7.59 -39.20 -18.55 -27.98 6.79 5.75 3.72  1.44 583.0 687751. 44.89 566.3 322734.
129 19:55:43 0.33 356.94 181.22 -3.64 1681  57.11   499.0 329676. -9.57 -5.06 -50.61  -6.58 -16.66 1.26 2.73 4.00  1.24 573.9 614271. 47.84 512.2 344473.
129 19:57:04 0.33 356.95 181.22 -3.64 1681  47.08   481.3 245067. -8.71 -6.45 -51.54  -1.65 -13.91 1.63 5.14 4.92 -1.00  -1.0     -1. 39.32 486.0 215954.
129 19:58:25 0.33 356.96 181.21 -3.64 1681  57.40   485.6 212469.  0.00 -3.34 -53.45  -1.33  -8.39 0.75 5.33 1.25 -1.00  -1.0     -1. 48.22 481.1 184821.
129 19:59:46 0.33 356.96 181.20 -3.64 1681  46.98   456.0  96385. -2.78  1.38 -45.29 -24.63 -11.99 4.79 6.00 1.80 -1.00  -1.0     -1. 39.47 456.0 112900.
129 20:01:07 0.33 356.97 181.20 -3.64 1681  51.03   488.4 225378.-12.80 -4.84 -46.04 -25.35 -12.06 1.95 3.49 1.06 -1.00  -1.0     -1. 40.76 497.7 224387.
129 20:02:28 0.33 356.97 181.19 -3.64 1681  54.26   491.1 257554.-12.81 -5.02 -46.99 -23.22 -14.37 1.50 1.96 1.30  1.58 567.7 918911. 46.44 504.8 296545.
129 20:03:49 0.33 356.97 181.18 -3.63 1681  49.40   475.1 214363.-11.35 -5.80 -49.87 -17.61 -11.63 0.59 1.23 0.90 -1.00  -1.0     -1. 41.48 487.3 227892.
129 20:05:10 0.33 356.98 181.17 -3.63 1681  51.20   469.3 226973. -9.45  0.55 -52.61 -11.27  -9.20 0.08 0.37 0.29 -1.00  -1.0     -1. 42.37 476.5 226973.
129 20:06:31 0.33 356.99 181.16 -3.63 1681  50.82   460.0 186747. -7.70 -4.05 -52.93 -10.13  -7.79 0.65 2.56 1.63 -1.00  -1.0     -1. 41.90 464.2 185640.
129 20:07:52 0.33 356.99 181.16 -3.63 1681  51.13   453.5 114404.  0.00  0.00 -54.01  -4.73  -5.95 0.92 4.98 1.36 -1.00  -1.0     -1. 42.69 453.5 122740.
129 20:09:13 0.33 357.00 181.15 -3.63 1681  48.13   458.4 139219. -9.39 -3.12 -53.41  -8.94  -7.56 1.23 5.38 2.26 -1.00  -1.0     -1. 40.53 466.3 168329.
129 20:10:34 0.33 357.00 181.14 -3.63 1681  48.42   455.7 135682. -7.79 -1.52 -54.79  -5.22  -3.61 0.34 2.98 0.45 -1.00  -1.0     -1. 39.65 459.9 135214.
129 20:11:55 0.33 357.00 181.13 -3.63 1681  50.81   448.8 133603. -7.88 -2.23 -54.07  -7.97  -3.38 0.21 0.78 0.34 -1.00  -1.0     -1. 39.68 453.2 122486.
129 20:13:16 0.33 357.01 181.13 -3.63 1681  49.04   446.9 113027. -6.25 -1.15 -54.33  -4.48  -1.17 0.21 1.10 0.88 -1.00  -1.0     -1. 40.81 453.3 127905.
129 20:14:37 0.33 357.01 181.12 -3.63 1681  48.70   442.7 118150. -6.12  0.85 -54.39  -2.42   1.14 0.18 1.36 1.23 -1.00  -1.0     -1. 39.11 444.6 106036.
129 20:15:58 0.33 357.02 181.11 -3.63 1681  48.90   443.4 109827. -5.87 -0.28 -54.28  -2.58  -0.39 0.13 1.36 0.38 -1.00  -1.0     -1. 38.49 446.4  85558.
129 20:17:19 0.33 357.03 181.11 -3.63 1681  47.72   445.4  84392.  0.00 -0.92 -54.41   0.89   0.28 0.18 1.53 1.81 -1.00  -1.0     -1. 39.79 443.9 103782.
129 20:18:40 0.33 357.03 181.10 -3.63 1681  48.79   444.0 100462. -3.34  0.77 -53.95   1.24   2.63 0.21 2.62 1.16 -1.00  -1.0     -1. 38.94 443.7  82121.
129 20:20:01 0.33 357.04 181.09 -3.63 1681  47.18   444.8 119225. -5.80  1.03 -53.33  -5.54   3.63 0.29 1.79 0.72 -1.00  -1.0     -1. 37.37 446.6 110568.
129 20:21:22 0.33 357.04 181.08 -3.63 1681  48.75   444.3 117195. -5.10  0.89 -53.60  -2.36   3.88 0.18 0.57 0.84 -1.00  -1.0     -1. 40.74 449.4 121479.
129 20:22:43 0.33 357.04 181.08 -3.63 1681  50.56   446.5 122158. -5.08 -1.88 -53.79   1.73  -3.14 0.23 1.42 1.27 -1.00  -1.0     -1. 39.55 447.9 111292.
129 20:24:04 0.33 357.05 181.07 -3.62 1681  50.37   442.0 102944. -1.04  0.74 -52.78  11.04   2.41 0.41 1.98 0.80 -1.00  -1.0     -1. 38.37 441.5  85305.
129 20:25:25 0.33 357.06 181.06 -3.62 1681  50.33   450.0 114541.  1.40  0.90 -52.31  10.67   4.37 0.60 3.37 1.00 -1.00  -1.0     -1. 40.51 443.2 105490.
129 20:31:06 0.33 357.08 181.03 -3.62 1681  49.82   426.7  86438.  0.00  0.00 -36.34 -36.26  -6.26 0.00 0.00 0.00 -1.00  -1.0     -1. -1.00  -1.0     -1.
129 20:34:06 0.33 357.09 181.02 -3.62 1681  53.63   490.1 233178.-14.04 -0.43 -42.76 -31.72  -3.23 0.29 0.61 2.88 -1.00  -1.0     -1. 40.79 500.3 201515.
129 20:36:48 0.33 357.10 181.00 -3.62 1681  52.78   494.5 228519.-15.53  2.01 -47.04 -20.88   3.50 4.24 5.32 8.51  1.71 551.3 747834. 42.50 506.6 227171.
129 20:36:58 0.33 357.10 181.00 -3.62 1681  48.95   456.0 174186. -6.36 -4.38 -44.66 -23.10   9.32 5.04 5.0310.15 -1.00  -1.0     -1. 39.18 459.5 145810.
129 20:38:56 0.33 357.10 180.99 -3.62 1681  49.75   461.0 202512.-12.17  7.37 -47.28 -21.47  10.02 0.41 1.53 5.20 -1.00  -1.0     -1. 39.20 470.5 201080.
129 20:41:38 0.33 357.12 180.98 -3.62 1681  53.62   446.0 173474. -8.19 -2.71 -50.79 -16.63  -3.18 0.77 1.37 4.29 -1.00  -1.0     -1. 41.79 451.5 147522.
129 20:44:20 0.33 357.13 180.96 -3.61 1681  56.25   458.2 194248.  0.00  0.00 -49.20 -23.88  -1.52 1.23 2.71 1.33 -1.00  -1.0     -1. -1.00  -1.0     -1.
129 20:47:00 0.33 357.14 180.95 -3.61 1681  56.59   456.1 202268. -9.21  0.62 -50.47 -12.90 -16.19 1.38 3.06 1.20 -1.00  -1.0     -1. 44.79 468.1 218618.
129 20:49:42 0.33 357.15 180.93 -3.61 1681  55.50   452.2 204806.-10.14 -1.09 -50.06 -21.16   1.25 0.33 0.84 3.49  1.06 572.8 549067. 44.87 459.4 187306.
129 20:52:24 0.33 357.16 180.91 -3.61 1681  49.30   453.4 161318.-10.53 -0.47 -28.38 -40.60 -16.45 1.65 1.93 2.47 -1.00  -1.0     -1. 37.14 459.3 131748.
129 20:55:06 0.33 357.17 180.90 -3.61 1681  55.04   470.4 181881.-11.86 -3.65 -37.39 -37.89 -10.56 1.73 2.16 2.07 -1.00  -1.0     -1. 41.79 476.3 163950.
129 20:57:50 0.33 357.18 180.88 -3.61 1681  58.14   485.3 255829.-12.62 -3.54 -51.55 -19.48  -1.21 1.18 2.58 2.24 -1.00  -1.0     -1. 48.77 496.4 279786.
129 21:00:32 0.33 357.19 180.87 -3.61 1681  55.73   453.9 235718.-10.33 -1.87 -49.22 -26.00   2.83 0.51 0.93 1.01 -1.00  -1.0     -1. 46.57 464.8 206894.
129 21:03:14 0.33 357.20 180.86 -3.61 1681  52.77   471.8 212167.-12.81 -0.47 -47.56 -30.64  -2.97 1.08 1.34 2.30 -1.00  -1.0     -1. 42.47 480.5 197250.
129 21:05:56 0.33 357.21 180.84 -3.60 1681  53.14   444.2 135204. -8.50  2.90 -51.29 -12.13  24.26 1.85 0.83 3.27 -1.00  -1.0     -1. 41.42 447.9 126014.
129 21:08:38 0.33 357.22 180.83 -3.60 1681  51.22   440.5 126404. -5.52  4.63 -54.13  -3.67  20.23 0.66 2.20 1.68 -1.00  -1.0     -1. 44.09 445.2 140986.
129 21:11:20 0.33 357.23 180.81 -3.60 1681  48.65   436.1 108583. -2.93  6.67 -54.98   2.99  18.72 0.60 2.24 1.77 -1.00  -1.0     -1. 38.73 439.1 118078.
129 21:14:02 0.33 357.24 180.80 -3.60 1681  49.54   461.3 126596.  7.81 -2.93 -48.99  28.62  -4.13 3.81 6.27 3.43 -1.00  -1.0     -1. 41.75 452.3 136987.
129 21:16:44 0.33 357.25 180.78 -3.60 1681  54.23   430.6  99978. -5.22  2.32 -54.90  -0.86  15.51 0.92 1.59 2.89 -1.00  -1.0     -1. 42.12 432.0  83609.
129 21:19:26 0.33 357.26 180.77 -3.60 1681  51.11   430.9  74555.  2.27  1.60 -55.24  16.30   0.84 0.46 1.68 3.00 -1.00  -1.0     -1. 42.89 426.1  92022.
129 21:22:08 0.33 357.27 180.75 -3.60 1681  61.72   450.3 161474.  5.55  3.81 -51.82  22.40   6.10 2.23 3.82 3.17 -1.00  -1.0     -1. 45.71 441.9 151268.
129 21:24:50 0.33 357.28 180.74 -3.60 1681  52.12   428.2  73438.  0.00  2.65 -53.82  15.22   3.61 0.61 3.40 5.88 -1.00  -1.0     -1. 44.46 428.1  92672.
129 21:27:32 0.33 357.29 180.73 -3.59 1681  52.74   446.9 148198. -5.92 -6.44 -52.39 -11.92 -13.63 0.87 1.05 1.02 -1.00  -1.0     -1. 43.22 448.2 140512.
129 21:32:18 0.33 357.24 180.63 -3.73 1681  -1.00    -1.0     -1. -1.00 -1.00 -32.03   7.70  41.28 0.00 0.00 0.00 -1.00  -1.0     -1. -1.00  -1.0     -1.
129 21:43:42 0.33 357.35 180.64 -3.59 1681  50.74   502.3 213749. -6.42 -7.30   0.00   0.00   0.00 0.00 0.00 0.00  1.27 554.3 603395. 41.00 505.4 185630.
129 21:49:06 0.33 357.37 180.61 -3.58 1681  56.92   454.2 165749.  0.00 -7.22   0.00   0.00   0.00 0.00 0.00 0.00 -1.00  -1.0     -1. 46.10 451.6 143199.
129 21:49:08 0.33 357.37 180.61 -3.58 1681  48.33   426.3  78749. -2.36 -3.46   0.00   0.00   0.00 0.00 0.00 0.00 -1.00  -1.0     -1. 39.83 427.3  98510.
129 21:54:34 0.33 357.39 180.58 -3.58 1681  50.60   424.0  97710. -3.95  0.00   0.00   0.00   0.00 0.00 0.00 0.00 -1.00  -1.0     -1. 39.89 426.6  80386.
129 21:59:58 0.33 357.41 180.54 -3.58 1681  45.09   447.1 120511.  0.00  0.00   0.00   0.00   0.00 0.00 0.00 0.00 -1.00  -1.0     -1. 37.22 444.0  96184.
129 22:05:22 0.33 357.43 180.52 -3.58 1681  51.51   430.1  99260. -2.52  4.43   0.00   0.00   0.00 0.00 0.00 0.00 -1.00  -1.0     -1. 41.43 429.0  79285.
129 22:10:46 0.33 357.45 180.49 -3.57 1681  51.32   425.1  71989. -1.77  0.55   0.00   0.00   0.00 0.00 0.00 0.00 -1.00  -1.0     -1. 41.95 425.4  90236.
129 22:16:10 0.33 357.47 180.46 -3.57 1681  48.76   462.7 159275.  0.00  8.80   0.00   0.00   0.00 0.00 0.00 0.00 -1.00  -1.0     -1. 39.72 461.7 176109.
129 22:21:34 0.33 357.49 180.43 -3.57 1681  51.51   442.8 111607.  4.61  0.00   0.00   0.00   0.00 0.00 0.00 0.00 -1.00  -1.0     -1. 41.19 434.4 104185.
129 22:26:58 0.33 357.51 180.40 -3.57 1681  48.87   524.2 210526. -3.65 16.02   0.00   0.00   0.00 0.00 0.00 0.00  1.80 556.9 870600. 34.93 525.6 173796.
129 22:32:22 0.33 357.53 180.37 -3.56 1681  53.07   456.6 185675.  1.34 10.06   0.00   0.00   0.00 0.00 0.00 0.00 -1.00  -1.0     -1. 43.46 451.1 181751.
129 22:37:46 0.33 357.55 180.34 -3.56 1681  50.23   444.7 164866. -1.55 -4.31   0.00   0.00   0.00 0.00 0.00 0.00 -1.00  -1.0     -1. 43.78 448.4 190535.
129 22:43:10 0.33 357.57 180.31 -3.56 1681  49.69   470.9 191081.  0.76 -3.91   0.00   0.00   0.00 0.00 0.00 0.00  1.24 552.6 613686. 40.16 470.2 190948.
129 22:48:34 0.33 357.59 180.28 -3.56 1681  48.29   433.8 100130.  0.75  1.64   0.00   0.00   0.00 0.00 0.00 0.00 -1.00  -1.0     -1. 40.18 433.7 114752.
129 22:53:58 0.33 357.61 180.25 -3.55 1681  49.83   437.8 120203.  2.89 -3.76   0.00   0.00   0.00 0.00 0.00 0.00 -1.00  -1.0     -1. 40.54 431.5 108606.
129 22:59:22 0.33 357.63 180.23 -3.55 1681  49.55   431.0 107709.  0.00  0.00   0.00   0.00   0.00 0.00 0.00 0.00 -1.00  -1.0     -1. 41.08 432.1 118029.
129 23:04:46 0.33 357.65 180.19 -3.55 1681  53.41   432.3 113371. -0.37  6.28   0.00   0.00   0.00 0.00 0.00 0.00 -1.00  -1.0     -1. 41.78 426.0 105903.
129 23:10:10 0.33 357.67 180.16 -3.54 1681  51.06   431.3 114154.  0.00  0.00   0.00   0.00   0.00 0.00 0.00 0.00 -1.00  -1.0     -1. 40.74 427.8  92123.
129 23:15:34 0.33 357.69 180.14 -3.54 1681  48.56   422.7  88147. -4.16  5.05   0.00   0.00   0.00 0.00 0.00 0.00 -1.00  -1.0     -1. 41.04 425.7 112403.
129 23:20:58 0.33 357.71 180.10 -3.54 1681  48.32   438.8 112735.  4.75 -0.12   0.00   0.00   0.00 0.00 0.00 0.00 -1.00  -1.0     -1. 36.58 430.5  93682.
129 23:26:22 0.33 357.73 180.08 -3.54 1681  50.20   428.2 125699. -3.75 -4.52   0.00   0.00   0.00 0.00 0.00 0.00 -1.00  -1.0     -1. 40.30 428.4 114940.
129 23:31:46 0.33 357.75 180.05 -3.53 1681  46.94   432.4 108726.  0.33  0.09   0.00   0.00   0.00 0.00 0.00 0.00 -1.00  -1.0     -1. 36.49 427.5  85727.
129 23:37:06 0.33 357.77 180.02 -3.53 1681  48.79   452.6 178938. -0.41 -2.87   0.00   0.00   0.00 0.00 0.00 0.00 -1.00  -1.0     -1. 40.82 448.1 168774.
129 23:42:30 0.33 357.79 179.99 -3.53 1681  48.13   428.2 117591. -7.95  0.37   0.00   0.00   0.00 0.00 0.00 0.00 -1.00  -1.0     -1. 39.97 435.9 122295.
129 23:47:54 0.33 357.81 179.96 -3.53 1681  -1.00    -1.0     -1. -1.00 -1.00   0.00   0.00   0.00 0.00 0.00 0.00 -1.00  -1.0     -1. 38.75 418.4  66519.
