088  0 00 21 0.79 289.34 306.21 -4.75 1680    6.95   362.3   79987.   3.69   0.34   0.00   0.00    0.00  0.00  0.00  0.00  -1.00   -1.0        -1.   6.84  360.3  69345.
088  0 01 42 0.79 289.34 306.20 -4.75 1680    7.30   354.9  102369.   4.83   1.94   0.00   0.00    0.00  0.00  0.00  0.00  -1.00   -1.0        -1.   7.48  352.3  90268.
088  0 03 03 0.79 289.34 306.19 -4.76 1680    7.35   355.5   85191.   4.83   1.93   0.00   0.00    0.00  0.00  0.00  0.00  -1.00   -1.0        -1.   6.91  351.2  80185.
088  0 04 24 0.79 289.34 306.18 -4.76 1680    6.95   349.4  111152.   2.46   0.25   0.00   0.00    0.00  0.00  0.00  0.00  -1.00   -1.0        -1.   6.90  348.8  91691.
088  0 05 44 0.79 289.34 306.16 -4.76 1680    7.30   344.2  107677.   0.00   0.00   0.00   0.00    0.00  0.00  0.00  0.00  -1.00   -1.0        -1.   7.97  345.9 121356.
088  0 09 20 0.79 289.34 306.13 -4.76 1680    6.97   363.6  107729.   3.80   5.05   0.00   0.00    0.00  0.00  0.00  0.00  -1.00   -1.0        -1.   7.06  360.5  78886.
088  0 13 41 0.79 289.34 306.09 -4.76 1680    7.24   358.2  101362.   3.98   2.40   0.00   0.00    0.00  0.00  0.00  0.00  -1.00   -1.0        -1.   6.91  353.9  90414.
088  0 13 51 0.79 289.34 306.09 -4.76 1680    7.25   354.9   91691.   4.68   0.45   0.00   0.00    0.00  0.00  0.00  0.00  -1.00   -1.0        -1.   7.61  355.6 101589.
088  0 13 52 0.79 289.34 306.09 -4.76 1680    7.02   350.1  107946.   4.11   4.36   0.00   0.00    0.00  0.00  0.00  0.00  -1.00   -1.0        -1.   6.32  347.6  76472.
088  0 17 54 0.79 289.34 306.05 -4.76 1680    7.11   340.7  137955.   3.01   2.00   0.00   0.00    0.00  0.00  0.00  0.00  -1.00   -1.0        -1.   7.35  338.3 106322.
088  0 19 15 0.79 289.34 306.04 -4.76 1680    6.76   345.6  114758.   3.81   4.18   0.00   0.00    0.00  0.00  0.00  0.00  -1.00   -1.0        -1.   6.89  346.3 138128.
088  0 20 36 0.79 289.34 306.03 -4.76 1680    6.92   352.8  110626.   3.96   4.05   0.00   0.00    0.00  0.00  0.00  0.00  -1.00   -1.0        -1.   6.58  353.4  77255.
088  0 21 57 0.79 289.34 306.02 -4.76 1680    7.10   349.3  103788.   4.64   3.82   0.00   0.00    0.00  0.00  0.00  0.00  -1.00   -1.0        -1.   6.46  348.6  74718.
088  0 23 18 0.79 289.34 306.01 -4.76 1680    7.16   360.2  100634.   4.19   3.09   0.00   0.00    0.00  0.00  0.00  0.00  -1.00   -1.0        -1.   6.62  360.8  82439.
088  0 24 39 0.79 289.34 305.99 -4.76 1680    7.08   354.0   87656.   5.04   4.10   0.00   0.00    0.00  0.00  0.00  0.00  -1.00   -1.0        -1.   7.49  349.9  75202.
088  0 26 00 0.79 289.34 305.98 -4.76 1680    6.65   361.5   91970.   3.72   5.23   0.00   0.00    0.00  0.00  0.00  0.00  -1.00   -1.0        -1.   7.02  356.7  76982.
088  0 27 21 0.79 289.35 305.97 -4.76 1680    6.81   349.8  106020.   3.26   5.24   0.00   0.00    0.00  0.00  0.00  0.00  -1.00   -1.0        -1.   6.22  345.5  74451.
088  0 28 42 0.79 289.35 305.95 -4.76 1680    6.82   354.0  101501.   4.87   3.73   0.00   0.00    0.00  0.00  0.00  0.00  -1.00   -1.0        -1.   7.37  346.8  96086.
088  0 30 03 0.79 289.35 305.94 -4.76 1680    7.05   352.1   89268.   4.82   2.61   0.00   0.00    0.00  0.00  0.00  0.00  -1.00   -1.0        -1.   6.70  347.7  77222.
088  0 31 24 0.79 289.35 305.93 -4.76 1680    7.22   345.4  135237.   3.45   3.40   0.00   0.00    0.00  0.00  0.00  0.00  -1.00   -1.0        -1.   6.37  343.4 132800.
088  0 32 45 0.79 289.35 305.92 -4.76 1680    7.06   355.4  124539.   5.01   3.15   0.00   0.00    0.00  0.00  0.00  0.00  -1.00   -1.0        -1.   7.05  352.0 109996.
088  0 34 06 0.79 289.35 305.90 -4.76 1680    6.69   338.9  149527.   2.05   1.15   0.00   0.00    0.00  0.00  0.00  0.00  -1.00   -1.0        -1.   7.20  333.9 146840.
088  0 35 27 0.79 289.35 305.89 -4.76 1680    7.02   339.8  128876.   2.67   2.57   0.00   0.00    0.00  0.00  0.00  0.00  -1.00   -1.0        -1.   5.91  337.7  84830.
088  0 36 48 0.79 289.35 305.88 -4.76 1680    7.42   338.0  138488.   2.72   2.02   0.00   0.00    0.00  0.00  0.00  0.00  -1.00   -1.0        -1.   7.66  337.8 136208.
088  0 38 09 0.79 289.35 305.87 -4.76 1680    6.80   344.4  140099.   3.70   2.13   0.00   0.00    0.00  0.00  0.00  0.00  -1.00   -1.0        -1.   6.70  333.7 103168.
088  0 39 30 0.79 289.35 305.86 -4.76 1680    7.28   334.7  161988.   0.89   1.40   0.00   0.00    0.00  0.00  0.00  0.00  -1.00   -1.0        -1.   7.04  334.6 155341.
088  0 40 51 0.79 289.35 305.85 -4.76 1680    7.22   338.8  162088.   2.24   2.97   0.00   0.00    0.00  0.00  0.00  0.00  -1.00   -1.0        -1.   6.90  339.8 177567.
088  0 42 12 0.79 289.35 305.83 -4.76 1680    7.12   338.5  154523.   2.29   3.57   0.00   0.00    0.00  0.00  0.00  0.00  -1.00   -1.0        -1.   6.73  329.2 120453.
088  0 43 33 0.79 289.35 305.82 -4.76 1680    6.35   339.1  160000.   2.32   3.25   0.00   0.00    0.00  0.00  0.00  0.00  -1.00   -1.0        -1.   7.09  338.5 155231.
088  0 44 54 0.79 289.35 305.81 -4.76 1680    7.11   337.4  152954.   1.91   3.34   0.00   0.00    0.00  0.00  0.00  0.00  -1.00   -1.0        -1.   6.55  332.5 115691.
088  0 46 15 0.79 289.35 305.80 -4.76 1680    6.33   337.9  135818.   2.79   2.23   0.00   0.00    0.00  0.00  0.00  0.00  -1.00   -1.0        -1.   6.07  342.6 119420.
088  0 47 36 0.79 289.35 305.78 -4.76 1680    6.85   335.7  149445.   1.28   1.27   0.00   0.00    0.00  0.00  0.00  0.00  -1.00   -1.0        -1.   6.76  331.0 159321.
088  0 48 57 0.79 289.35 305.77 -4.76 1680    6.53   337.3  134119.   2.16   2.90   0.00   0.00    0.00  0.00  0.00  0.00  -1.00   -1.0        -1.   7.05  329.6 113829.
088  0 50 18 0.79 289.35 305.76 -4.76 1680    6.92   341.0  139411.   3.21   3.44   0.00   0.00    0.00  0.00  0.00  0.00  -1.00   -1.0        -1.   7.65  337.6 128321.
088  0 51 39 0.79 289.35 305.75 -4.76 1680    7.00   338.8  166321.   2.32   2.56   0.00   0.00    0.00  0.00  0.00  0.00  -1.00   -1.0        -1.   7.07  331.4 131403.
088  0 53 00 0.79 289.35 305.73 -4.76 1680    6.71   337.5  146548.   3.41   3.58   0.00   0.00    0.00  0.00  0.00  0.00  -1.00   -1.0        -1.   6.44  335.3 112874.
088  0 54 20 0.79 289.35 305.72 -4.76 1680    6.91   340.6  121924.   4.22   3.47   0.00   0.00    0.00  0.00  0.00  0.00  -1.00   -1.0        -1.   7.04  345.5 146541.
088  0 55 41 0.79 289.35 305.71 -4.76 1680    6.88   328.3  137394.   0.00   0.00   0.00   0.00    0.00  0.00  0.00  0.00  -1.00   -1.0        -1.  -1.00   -1.0     -1.
088  0 57 02 0.79 289.35 305.70 -4.76 1680    6.93   343.7  115486.   4.63   3.42   0.00   0.00    0.00  0.00  0.00  0.00  -1.00   -1.0        -1.   6.77  337.6  99335.
088  0 58 23 0.79 289.35 305.68 -4.76 1680    7.45   336.3  154208.   2.22   4.36   0.00   0.00    0.00  0.00  0.00  0.00  -1.00   -1.0        -1.   7.73  335.6 141139.
088  0 59 45 0.79 289.35 305.67 -4.76 1680    6.92   341.6  114128.   3.87   1.69   0.00   0.00    0.00  0.00  0.00  0.00  -1.00   -1.0        -1.   7.27  337.1 111178.
088  1 01 06 0.79 289.35 305.66 -4.76 1680    6.62   354.3   90044.   4.48   1.33   0.00   0.00    0.00  0.00  0.00  0.00  -1.00   -1.0        -1.   6.29  356.5  76394.
088  1 02 27 0.79 289.35 305.65 -4.76 1680    6.27   345.2   99884.   4.28   2.22   0.00   0.00    0.00  0.00  0.00  0.00  -1.00   -1.0        -1.   6.99  343.2  82722.
088  1 03 48 0.79 289.35 305.64 -4.76 1680    6.76   339.3  118757.   3.57   1.91   0.00   0.00    0.00  0.00  0.00  0.00  -1.00   -1.0        -1.   7.07  335.9  73467.
088  1 05 09 0.79 289.35 305.63 -4.76 1680    6.90   338.4  116009.   4.06   3.21   0.00   0.00    0.00  0.00  0.00  0.00  -1.00   -1.0        -1.   7.06  339.0  94075.
088  1 06 30 0.79 289.35 305.61 -4.76 1680    6.99   341.0  112114.   3.54   2.78   0.00   0.00    0.00  0.00  0.00  0.00  -1.00   -1.0        -1.   6.78  338.6 102021.
088  1 07 51 0.79 289.35 305.60 -4.76 1680    6.77   345.5  101761.   4.93   3.82   0.00   0.00    0.00  0.00  0.00  0.00  -1.00   -1.0        -1.   6.40  343.6  75186.
088  1 09 12 0.79 289.35 305.59 -4.76 1680    6.89   352.8   91288.   4.97   3.48   0.00   0.00    0.00  0.00  0.00  0.00  -1.00   -1.0        -1.   6.67  350.3  81754.
088  1 10 33 0.79 289.35 305.57 -4.76 1680    6.78   354.2   88254.   5.00   3.54   0.00   0.00    0.00  0.00  0.00  0.00  -1.00   -1.0        -1.   7.14  352.0  94202.
088  1 11 54 0.79 289.35 305.56 -4.76 1680    6.66   348.8  107745.   2.94  -0.35   0.00   0.00    0.00  0.00  0.00  0.00  -1.00   -1.0        -1.   6.43  347.1  75371.
088  1 13 15 0.79 289.35 305.55 -4.76 1680    6.65   346.5   95774.   4.78   3.28   0.00   0.00    0.00  0.00  0.00  0.00  -1.00   -1.0        -1.   7.02  340.9  83264.
088  1 14 36 0.79 289.35 305.54 -4.76 1680    6.91   346.8   98168.   4.08   0.82   0.00   0.00    0.00  0.00  0.00  0.00  -1.00   -1.0        -1.   6.35  346.1  76160.
088  1 15 57 0.79 289.35 305.52 -4.76 1680    6.53   353.4   88881.   5.06   6.22   0.00   0.00    0.00  0.00  0.00  0.00  -1.00   -1.0        -1.   6.99  348.3  83112.
088  1 17 18 0.79 289.35 305.51 -4.76 1680    6.42   341.2  127375.   4.11   0.00   0.00   0.00    0.00  0.00  0.00  0.00  -1.00   -1.0        -1.   6.61  337.6 107300.
088  1 18 39 0.79 289.35 305.50 -4.76 1680    7.15   341.8  106400.   4.71   3.27   0.00   0.00    0.00  0.00  0.00  0.00  -1.00   -1.0        -1.   6.52  336.7  91382.
088  1 20 00 0.79 289.35 305.49 -4.76 1680    6.89   333.7  150322.   2.50   2.69   0.00   0.00    0.00  0.00  0.00  0.00  -1.00   -1.0        -1.   6.76  330.5 123032.
088  1 21 21 0.79 289.35 305.48 -4.76 1680    6.99   325.8  152869.   0.13   2.54   0.00   0.00    0.00  0.00  0.00  0.00  -1.00   -1.0        -1.   7.06  322.8 118052.
088  1 22 42 0.79 289.35 305.46 -4.76 1680    7.85   329.4  143514.   1.58   3.56   0.00   0.00    0.00  0.00  0.00  0.00  -1.00   -1.0        -1.   8.05  329.0 124049.
088  1 24 03 0.79 289.35 305.45 -4.76 1680    6.65   336.4  124390.   3.57   2.20   0.00   0.00    0.00  0.00  0.00  0.00  -1.00   -1.0        -1.   7.13  334.5 151778.
088  1 25 24 0.79 289.35 305.44 -4.76 1680    6.51   329.9  151505.   1.55   1.74   0.00   0.00    0.00  0.00  0.00  0.00  -1.00   -1.0        -1.   6.60  324.9 143403.
088  1 26 45 0.79 289.35 305.43 -4.76 1680    7.11   328.6  141912.   1.94   1.57   0.00   0.00    0.00  0.00  0.00  0.00  -1.00   -1.0        -1.   7.12  325.9 105127.
088  1 28 06 0.79 289.35 305.42 -4.76 1680    6.77   332.2  143952.   1.70   0.17   0.00   0.00    0.00  0.00  0.00  0.00  -1.00   -1.0        -1.   6.41  331.6 123029.
088  1 29 27 0.79 289.35 305.40 -4.76 1680    6.91   332.3  133911.   1.47  -0.47   0.00   0.00    0.00  0.00  0.00  0.00  -1.00   -1.0        -1.   7.33  333.8 140827.
088  1 30 48 0.79 289.35 305.39 -4.76 1680    6.91   335.9  130192.   0.92  -1.09   0.00   0.00    0.00  0.00  0.00  0.00  -1.00   -1.0        -1.   7.65  331.0 145521.
088  1 32 09 0.79 289.35 305.38 -4.76 1680    6.35   349.9   99214.   5.21   0.34   0.00   0.00    0.00  0.00  0.00  0.00  -1.00   -1.0        -1.   6.53  345.3  78613.
088  1 33 30 0.79 289.35 305.36 -4.76 1680    6.76   357.3   90963.   4.54   0.84   0.00   0.00    0.00  0.00  0.00  0.00  -1.00   -1.0        -1.   6.85  354.4  73116.
088  1 34 51 0.79 289.35 305.35 -4.76 1680    6.62   355.8   86536.   5.02   1.30   0.00   0.00    0.00  0.00  0.00  0.00  -1.00   -1.0        -1.   7.16  356.8 103983.
088  1 36 12 0.79 289.35 305.34 -4.76 1680    6.76   333.6  137689.   3.32   1.24   0.00   0.00    0.00  0.00  0.00  0.00  -1.00   -1.0        -1.   6.00  327.1 110503.
088  1 37 33 0.79 289.35 305.33 -4.76 1680    6.35   337.2  109866.   4.46   1.43   0.00   0.00    0.00  0.00  0.00  0.00  -1.00   -1.0        -1.   6.08  335.9  94062.
088  1 38 54 0.79 289.35 305.31 -4.76 1680    6.97   334.0  109281.   3.53   3.09   0.00   0.00    0.00  0.00  0.00  0.00  -1.00   -1.0        -1.   6.32  334.2  98263.
088  1 40 15 0.79 289.35 305.30 -4.76 1680    6.66   333.7  120290.   3.72   3.18   0.00   0.00    0.00  0.00  0.00  0.00  -1.00   -1.0        -1.   6.07  333.6  93845.
088  1 41 36 0.79 289.35 305.29 -4.76 1680    6.53   336.7  122106.   4.70   2.33   0.00   0.00    0.00  0.00  0.00  0.00  -1.00   -1.0        -1.   6.84  336.7  98110.
088  1 42 57 0.79 289.35 305.28 -4.76 1680    6.36   338.8  113244.   4.37   2.21   0.00   0.00    0.00  0.00  0.00  0.00  -1.00   -1.0        -1.   6.07  336.6  92961.
088  1 44 18 0.79 289.35 305.27 -4.76 1680    6.20   338.8   96768.   4.08   3.47   0.00   0.00    0.00  0.00  0.00  0.00  -1.00   -1.0        -1.   6.75  334.9 103200.
088  1 45 39 0.79 289.35 305.26 -4.76 1680    6.37   342.4   99328.   4.47   4.22   0.00   0.00    0.00  0.00  0.00  0.00  -1.00   -1.0        -1.   6.25  339.2  94767.
088  1 47 00 0.79 289.35 305.24 -4.76 1680    6.26   338.7   96518.   3.66   4.83   0.00   0.00    0.00  0.00  0.00  0.00  -1.00   -1.0        -1.   6.13  336.1  72356.
088  1 48 21 0.79 289.35 305.23 -4.76 1680    6.25   345.8   92396.   4.09   5.54   0.00   0.00    0.00  0.00  0.00  0.00  -1.00   -1.0        -1.   6.68  345.2  75111.
088  1 49 42 0.79 289.35 305.22 -4.76 1680    6.02   345.7   76920.   3.81   5.71   0.00   0.00    0.00  0.00  0.00  0.00  -1.00   -1.0        -1.   6.64  340.7  64229.
088  1 51 03 0.79 289.35 305.21 -4.76 1680    6.54   336.3  111341.   3.17   5.49   0.00   0.00    0.00  0.00  0.00  0.00  -1.00   -1.0        -1.   5.96  336.6  91967.
088  1 52 24 0.79 289.35 305.19 -4.76 1680    6.20   331.8  137709.   1.14   5.52   0.00   0.00    0.00  0.00  0.00  0.00  -1.00   -1.0        -1.   7.62  323.8 141568.
088  1 53 45 0.79 289.35 305.18 -4.76 1680    6.13   335.1  112371.   3.46   1.49   0.00   0.00    0.00  0.00  0.00  0.00  -1.00   -1.0        -1.   5.62  334.4  97119.
088  1 55 06 0.79 289.35 305.17 -4.76 1680    6.38   331.7  145768.   1.95   1.59   0.00   0.00    0.00  0.00  0.00  0.00  -1.00   -1.0        -1.   6.29  329.3 119787.
088  1 56 27 0.79 289.35 305.16 -4.76 1680    6.55   332.3  130526.   3.44   4.55   0.00   0.00    0.00  0.00  0.00  0.00  -1.00   -1.0        -1.   6.26  334.9  98448.
088  1 57 48 0.79 289.35 305.14 -4.76 1680    6.57   330.8  140814.   0.01   6.67   0.00   0.00    0.00  0.00  0.00  0.00  -1.00   -1.0        -1.   6.20  332.4 114953.
088  1 59 09 0.79 289.35 305.13 -4.76 1680    6.80   352.9   79870.   5.09   4.05   0.00   0.00    0.00  0.00  0.00  0.00  -1.00   -1.0        -1.   7.07  352.4  90138.
088  2 00 30 0.79 289.35 305.12 -4.76 1680    6.07   352.1   94088.   2.97   7.05   0.00   0.00    0.00  0.00  0.00  0.00  -1.00   -1.0        -1.   5.79  348.9  73022.
088  2 01 51 0.79 289.35 305.11 -4.76 1680    6.17   351.2   80510.   4.10   5.50   0.00   0.00    0.00  0.00  0.00  0.00  -1.00   -1.0        -1.   6.23  346.0  71102.
088  2 03 12 0.79 289.35 305.09 -4.76 1680    6.49   351.5   92146.   3.57   5.78   0.00   0.00    0.00  0.00  0.00  0.00  -1.00   -1.0        -1.   6.18  350.4  75127.
088  2 04 33 0.79 289.35 305.08 -4.76 1680    6.22   352.4   85110.   3.88   6.59   0.00   0.00    0.00  0.00  0.00  0.00  -1.00   -1.0        -1.   6.56  349.8  76176.
088  2 05 54 0.79 289.35 305.07 -4.76 1680    6.33   338.3   99533.   4.29   3.89   0.00   0.00    0.00  0.00  0.00  0.00  -1.00   -1.0        -1.   6.25  339.3  98035.
088  2 07 15 0.79 289.35 305.06 -4.76 1680    6.41   354.5   78288.   3.45   6.86   0.00   0.00    0.00  0.00  0.00  0.00  -1.00   -1.0        -1.   6.20  352.2  69208.
088  2 08 36 0.79 289.35 305.05 -4.76 1680    6.21   335.9   95735.   3.93   3.57   0.00   0.00    0.00  0.00  0.00  0.00  -1.00   -1.0        -1.   5.97  331.8  83800.
088  2 09 57 0.79 289.35 305.04 -4.76 1680    6.38   347.7   92565.   3.49   7.09   0.00   0.00    0.00  0.00  0.00  0.00  -1.00   -1.0        -1.   6.36  346.8  71810.
088  2 11 18 0.79 289.35 305.02 -4.76 1680    6.36   346.6   81783.   2.70   7.87   0.00   0.00    0.00  0.00  0.00  0.00  -1.00   -1.0        -1.   6.18  343.5  90385.
088  2 12 39 0.79 289.35 305.01 -4.76 1680    6.24   348.4   81088.   3.48   7.39   0.00   0.00    0.00  0.00  0.00  0.00  -1.00   -1.0        -1.   6.02  347.3  75644.
088  2 14 00 0.79 289.35 305.00 -4.76 1680    5.90   347.2   78252.   3.54   6.70   0.00   0.00    0.00  0.00  0.00  0.00  -1.00   -1.0        -1.   5.60  344.0  58430.
088  2 15 21 0.79 289.35 304.99 -4.76 1680    6.54   355.5   79022.   3.02   7.22   0.00   0.00    0.00  0.00  0.00  0.00  -1.00   -1.0        -1.   6.49  355.5  69813.
088  2 16 42 0.79 289.35 304.97 -4.76 1680    5.92   366.3   83320.   3.40   5.36   0.00   0.00    0.00  0.00  0.00  0.00  -1.00   -1.0        -1.   6.17  362.1  71655.
088  2 18 03 0.79 289.35 304.96 -4.76 1680    6.32   359.8   77680.   4.66   5.13   0.00   0.00    0.00  0.00  0.00  0.00  -1.00   -1.0        -1.   6.34  360.5  85798.
088  2 19 24 0.79 289.35 304.95 -4.76 1680    6.56   338.1  118734.   2.03   5.60   0.00   0.00    0.00  0.00  0.00  0.00  -1.00   -1.0        -1.   7.05  333.5 110431.
088  2 20 45 0.79 289.35 304.93 -4.76 1680    6.01   338.4  119550.   2.78   6.40   0.00   0.00    0.00  0.00  0.00  0.00  -1.00   -1.0        -1.   6.41  334.8 108375.
088  2 22 06 0.79 289.35 304.92 -4.76 1680    6.18   355.2   87111.   6.89   3.50   0.00   0.00    0.00  0.00  0.00  0.00   0.07  365.0    153509.   6.18  350.9  76556.
088  2 23 27 0.79 289.35 304.91 -4.77 1680    6.46   348.7  105555.   5.29   5.19   0.00   0.00    0.00  0.00  0.00  0.00  -1.00   -1.0        -1.   6.15  344.6  71934.
088  2 24 48 0.79 289.35 304.90 -4.77 1680    5.99   340.5   91577.   2.34   6.61   0.00   0.00    0.00  0.00  0.00  0.00  -1.00   -1.0        -1.   5.92  340.4 113082.
088  2 26 09 0.79 289.35 304.89 -4.77 1680    6.31   332.5  115324.   3.42   5.57   0.00   0.00    0.00  0.00  0.00  0.00  -1.00   -1.0        -1.   5.92  331.7 118478.
088  2 27 30 0.79 289.35 304.87 -4.77 1680    6.10   331.7  105617.   3.64   5.43   0.00   0.00    0.00  0.00  0.00  0.00  -1.00   -1.0        -1.   6.38  336.1 109181.
088  2 28 51 0.79 289.35 304.86 -4.77 1680    6.15   326.7  123958.   3.37   3.77   0.00   0.00    0.00  0.00  0.00  0.00  -1.00   -1.0        -1.   5.78  323.4  98493.
088  2 30 12 0.79 289.35 304.85 -4.77 1680    5.58   338.7  139427.   3.44   2.68   0.00   0.00    0.00  0.00  0.00  0.00  -1.00   -1.0        -1.   5.35  336.7 128652.
088  2 31 33 0.79 289.35 304.84 -4.77 1680    6.84   335.1  113690.   3.94   3.30   0.00   0.00    0.00  0.00  0.00  0.00  -1.00   -1.0        -1.   6.58  331.6  90775.
088  2 32 54 0.79 289.35 304.83 -4.77 1680    6.31   338.7  123523.   3.89   5.44   0.00   0.00    0.00  0.00  0.00  0.00  -1.00   -1.0        -1.   6.90  336.6  92961.
088  2 34 15 0.79 289.35 304.81 -4.77 1680    6.47   337.6  117938.   4.29   3.22   0.00   0.00    0.00  0.00  0.00  0.00  -1.00   -1.0        -1.   6.64  337.6  96554.
088  2 35 36 0.79 289.35 304.80 -4.77 1680    6.24   335.7  133557.   3.06   1.92   0.00   0.00    0.00  0.00  0.00  0.00  -1.00   -1.0        -1.   7.35  329.7 130253.
088  2 36 57 0.79 289.35 304.79 -4.77 1680    6.28   327.7  126229.   3.47   3.52   0.00   0.00    0.00  0.00  0.00  0.00  -1.00   -1.0        -1.   6.41  326.0 108372.
088  2 38 18 0.79 289.35 304.78 -4.77 1680    6.18   326.1  121902.   2.33   3.68   0.00   0.00    0.00  0.00  0.00  0.00  -1.00   -1.0        -1.   5.71  324.9 100738.
088  2 39 39 0.79 289.35 304.76 -4.77 1680    6.53   325.1  149650.   2.24   3.26   0.00   0.00    0.00  0.00  0.00  0.00  -1.00   -1.0        -1.   5.95  325.5 135545.
088  2 41 00 0.79 289.35 304.75 -4.77 1680    6.41   328.6  149734.   2.89   3.62   0.00   0.00    0.00  0.00  0.00  0.00  -1.00   -1.0        -1.   5.69  325.1  91623.
088  2 42 21 0.79 289.35 304.74 -4.77 1680    6.38   326.2  138881.   2.35   3.20   0.00   0.00    0.00  0.00  0.00  0.00  -1.00   -1.0        -1.   5.88  322.1 111848.
088  2 43 42 0.79 289.35 304.73 -4.77 1680    5.69   324.3  119823.   0.88   0.65   0.00   0.00    0.00  0.00  0.00  0.00  -1.00   -1.0        -1.   5.76  324.3  90846.
088  2 45 03 0.79 289.35 304.71 -4.77 1680    6.24   327.5  131878.   1.40   0.50   0.00   0.00    0.00  0.00  0.00  0.00  -1.00   -1.0        -1.   6.19  324.4 106104.
088  2 46 24 0.79 289.35 304.70 -4.77 1680    6.18   329.4  115700.   2.35   1.53   0.00   0.00    0.00  0.00  0.00  0.00  -1.00   -1.0        -1.   5.84  324.6  90707.
088  2 47 45 0.79 289.35 304.69 -4.77 1680    6.11   361.9   98691.   2.47   6.33   0.00   0.00    0.00  0.00  0.00  0.00  -1.00   -1.0        -1.   5.69  361.6  79668.
088  2 49 06 0.79 289.35 304.68 -4.77 1680    5.91   358.9   81816.   2.15   6.23   0.00   0.00    0.00  0.00  0.00  0.00  -1.00   -1.0        -1.   6.02  358.7  65499.
088  2 50 27 0.79 289.35 304.67 -4.77 1680    5.65   356.3   78583.   3.36   5.63   0.00   0.00    0.00  0.00  0.00  0.00  -1.00   -1.0        -1.   5.49  352.8  56569.
088  2 51 48 0.79 289.35 304.65 -4.77 1680    5.35   343.6   77469.   2.31   5.95   0.00   0.00    0.00  0.00  0.00  0.00  -1.00   -1.0        -1.   5.18  348.8  85834.
088  2 53 09 0.79 289.35 304.64 -4.77 1680    6.10   338.4   98298.   4.16   4.46   0.00   0.00    0.00  0.00  0.00  0.00  -1.00   -1.0        -1.   6.29  336.8  81959.
088  2 54 30 0.79 289.35 304.63 -4.77 1680    5.82   338.7   76063.   3.72   4.50   0.00   0.00    0.00  0.00  0.00  0.00  -1.00   -1.0        -1.   5.76  335.5  69816.
088  2 55 51 0.79 289.35 304.62 -4.77 1680    6.04   338.9   83450.   3.83   5.42   0.00   0.00    0.00  0.00  0.00  0.00  -1.00   -1.0        -1.   5.38  339.5  72376.
088  2 57 12 0.79 289.35 304.60 -4.77 1680    5.85   332.5   92425.   2.29   5.36   0.00   0.00    0.00  0.00  0.00  0.00  -1.00   -1.0        -1.   5.70  328.9  69244.
088  2 58 33 0.79 289.35 304.59 -4.77 1680    4.98   330.9   89472.   2.29   6.09   0.00   0.00    0.00  0.00  0.00  0.00  -1.00   -1.0        -1.   5.12  332.2  90437.
088  2 59 54 0.79 289.35 304.58 -4.77 1680    6.03   335.9   89031.   3.32   4.96   0.00   0.00    0.00  0.00  0.00  0.00  -1.00   -1.0        -1.   6.05  332.4  74312.
088  3 01 15 0.79 289.36 304.57 -4.77 1680    5.72   336.5  101043.   3.41   5.49   0.00   0.00    0.00  0.00  0.00  0.00  -1.00   -1.0        -1.   5.03  334.8  68975.
088  3 02 36 0.79 289.36 304.55 -4.77 1680    5.70   339.2   81767.   3.39   5.59   0.00   0.00    0.00  0.00  0.00  0.00  -1.00   -1.0        -1.   5.58  334.2  80861.
088  3 03 57 0.79 289.36 304.54 -4.77 1680    5.96   333.1  105159.   2.95   6.31   0.00   0.00    0.00  0.00  0.00  0.00  -1.00   -1.0        -1.   6.04  334.9  86133.
088  3 05 18 0.79 289.36 304.53 -4.77 1680    5.75   330.9   99910.   2.19   6.43   0.00   0.00    0.00  0.00  0.00  0.00  -1.00   -1.0        -1.   5.87  328.9  83898.
088  3 06 39 0.79 289.36 304.52 -4.77 1680    5.58   335.4   93026.   1.84   7.61   0.00   0.00    0.00  0.00  0.00  0.00   0.06  345.9    129042.   5.49  337.7  82592.
088  3 08 00 0.79 289.36 304.50 -4.77 1680    5.74   335.0   76293.   0.00   0.00   0.00   0.00    0.00  0.00  0.00  0.00  -1.00   -1.0        -1.   6.42  333.5  69114.
088  3 12 57 0.79 289.36 304.46 -4.77 1680    6.17   334.6   79389.   3.32   7.32   0.00   0.00    0.00  0.00  0.00  0.00  -1.00   -1.0        -1.   6.43  335.3  73747.
088  3 13 14 0.79 289.36 304.46 -4.77 1680    6.86   347.9   68656.   3.39   6.86   0.00   0.00    0.00  0.00  0.00  0.00  -1.00   -1.0        -1.   6.22  347.1  62809.
088  3 14 35 0.79 289.36 304.45 -4.77 1680    6.46   345.9   69572.   2.29   6.74   0.00   0.00    0.00  0.00  0.00  0.00  -1.00   -1.0        -1.   6.48  345.1  49848.
088  3 14 45 0.79 289.36 304.45 -4.77 1680    6.50   348.8   72743.   3.10   7.81   0.00   0.00    0.00  0.00  0.00  0.00  -1.00   -1.0        -1.   6.79  347.0  66512.
088  3 16 06 0.79 289.36 304.43 -4.77 1680    6.58   343.5   68276.   2.28   7.09   0.00   0.00    0.00  0.00  0.00  0.00  -1.00   -1.0        -1.   6.51  343.3  55510.
088  3 17 27 0.79 289.36 304.42 -4.77 1680    6.25   341.6   54067.   3.35   7.08   0.00   0.00    0.00  0.00  0.00  0.00  -1.00   -1.0        -1.   6.17  340.0  51521.
088  3 18 48 0.79 289.36 304.41 -4.77 1680    6.30   338.3   74767.   2.27   6.25   0.00   0.00    0.00  0.00  0.00  0.00  -1.00   -1.0        -1.   5.96  338.5  53132.
088  3 20 09 0.79 289.36 304.40 -4.77 1680    6.06   360.3   86133.   3.61   4.57   0.00   0.00    0.00  0.00  0.00  0.00  -1.00   -1.0        -1.   5.76  359.9  72223.
088  3 21 30 0.79 289.36 304.38 -4.77 1680    5.89   354.5   71161.   4.07   4.95   0.00   0.00    0.00  0.00  0.00  0.00  -1.00   -1.0        -1.   5.68  352.8  73925.
088  3 22 51 0.79 289.36 304.37 -4.77 1680    6.16   357.3   71762.   3.85   4.71   0.00   0.00    0.00  0.00  0.00  0.00  -1.00   -1.0        -1.   5.72  355.8  57670.
088  3 24 12 0.79 289.36 304.36 -4.77 1680    5.44   360.5   71479.   3.52   5.03   0.00   0.00    0.00  0.00  0.00  0.00  -1.00   -1.0        -1.   5.22  357.7  59109.
088  3 25 33 0.79 289.36 304.34 -4.77 1680    6.65   354.1   69998.   3.69   5.11   0.00   0.00    0.00  0.00  0.00  0.00  -1.00   -1.0        -1.   6.01  355.9  56189.
088  3 26 54 0.79 289.36 304.33 -4.77 1680    6.22   355.1   83625.   3.93   4.25   0.00   0.00    0.00  0.00  0.00  0.00  -1.00   -1.0        -1.   6.17  351.1  94449.
088  3 28 15 0.79 289.36 304.32 -4.77 1680    5.87   354.3   65986.   4.34   4.27   0.00   0.00    0.00  0.00  0.00  0.00  -1.00   -1.0        -1.   5.78  354.0  58833.
088  3 29 36 0.79 289.36 304.31 -4.77 1680    5.86   348.7   68955.   4.39   5.20   0.00   0.00    0.00  0.00  0.00  0.00  -1.00   -1.0        -1.   6.37  344.1  57199.
088  3 30 57 0.79 289.36 304.30 -4.77 1680    5.95   355.1   80919.   4.14   5.10   0.00   0.00    0.00  0.00  0.00  0.00  -1.00   -1.0        -1.   5.86  353.4  62153.
088  3 32 18 0.79 289.36 304.28 -4.77 1680    6.16   350.1   71671.   3.64   5.53   0.00   0.00    0.00  0.00  0.00  0.00  -1.00   -1.0        -1.   5.77  347.3  49217.
088  3 33 39 0.79 289.36 304.27 -4.77 1680    6.40   352.8   70098.   4.43   4.77   0.00   0.00    0.00  0.00  0.00  0.00  -1.00   -1.0        -1.   5.93  347.1  63774.
088  3 35 00 0.79 289.36 304.26 -4.77 1680    5.88   349.4   70865.   3.18   4.64   0.00   0.00    0.00  0.00  0.00  0.00  -1.00   -1.0        -1.   5.81  350.7  65086.
088  3 36 21 0.79 289.36 304.25 -4.77 1680    6.06   355.6   74867.   4.00   5.13   0.00   0.00    0.00  0.00  0.00  0.00  -1.00   -1.0        -1.   5.53  355.0  51839.
088  3 37 42 0.79 289.36 304.24 -4.77 1680    6.15   350.6   86799.   3.15   5.73   0.00   0.00    0.00  0.00  0.00  0.00  -1.00   -1.0        -1.   6.25  352.9  71843.
088  3 39 03 0.79 289.36 304.22 -4.77 1680    6.23   348.6   74831.   3.33   5.77   0.00   0.00    0.00  0.00  0.00  0.00  -1.00   -1.0        -1.   6.62  348.5  91928.
088  3 40 24 0.79 289.36 304.21 -4.77 1680    5.83   348.7   72843.   2.53   6.77   0.00   0.00    0.00  0.00  0.00  0.00  -1.00   -1.0        -1.   5.81  347.2  68620.
088  3 41 45 0.79 289.36 304.20 -4.77 1680    6.23   346.8   87068.   2.79   6.76   0.00   0.00    0.00  0.00  0.00  0.00  -1.00   -1.0        -1.   6.52  345.9  77040.
088  3 43 06 0.79 289.36 304.19 -4.77 1680    6.46   347.8   77427.   2.60   7.01   0.00   0.00    0.00  0.00  0.00  0.00  -1.00   -1.0        -1.   6.36  349.0  67701.
088  3 44 27 0.79 289.36 304.17 -4.77 1680    6.11   345.5   84710.   3.20   5.91   0.00   0.00    0.00  0.00  0.00  0.00  -1.00   -1.0        -1.   6.09  344.0  79360.
088  3 45 48 0.79 289.36 304.16 -4.77 1680    6.37   343.8   72756.   2.95   5.73   0.00   0.00    0.00  0.00  0.00  0.00  -1.00   -1.0        -1.   6.38  340.7  59846.
088  3 47 09 0.79 289.36 304.15 -4.77 1680    6.18   343.2   85269.   3.72   5.81   0.00   0.00    0.00  0.00  0.00  0.00  -1.00   -1.0        -1.   6.42  339.6  68698.
088  3 48 30 0.79 289.36 304.14 -4.77 1680    6.53   336.1   84171.   4.43   4.94   0.00   0.00    0.00  0.00  0.00  0.00  -1.00   -1.0        -1.   6.99  332.2  79655.
088  3 49 51 0.79 289.36 304.12 -4.77 1680    6.21   339.8   62695.   4.64   5.34   0.00   0.00    0.00  0.00  0.00  0.00  -1.00   -1.0        -1.   5.92  337.6  71567.
088  3 51 12 0.79 289.36 304.11 -4.77 1680    6.46   343.2   69364.   4.24   5.99   0.00   0.00    0.00  0.00  0.00  0.00  -1.00   -1.0        -1.   6.12  340.8  53457.
088  3 52 33 0.79 289.36 304.10 -4.77 1680    5.75   345.7   67698.   3.53   6.03   0.00   0.00    0.00  0.00  0.00  0.00  -1.00   -1.0        -1.   5.71  345.0  54678.
088  3 53 54 0.79 289.36 304.09 -4.77 1680    6.03   348.9   67597.   4.06   5.70   0.00   0.00    0.00  0.00  0.00  0.00  -1.00   -1.0        -1.   5.73  350.8  68962.
088  3 55 15 0.79 289.36 304.07 -4.77 1680    5.60   333.4   75056.   3.90   5.25   0.00   0.00    0.00  0.00  0.00  0.00  -1.00   -1.0        -1.   6.30  331.7  70209.
088  3 56 36 0.79 289.36 304.06 -4.77 1680    6.17   331.5   80481.   3.75   5.24   0.00   0.00    0.00  0.00  0.00  0.00  -1.00   -1.0        -1.   5.87  330.1  65255.
088  3 57 57 0.79 289.36 304.05 -4.77 1680    6.07   331.8   72895.   4.09   5.76   0.00   0.00    0.00  0.00  0.00  0.00  -1.00   -1.0        -1.   6.38  329.5  62078.
088  3 59 18 0.79 289.36 304.04 -4.77 1680    6.04   335.4   74286.   3.47   5.92   0.00   0.00    0.00  0.00  0.00  0.00  -1.00   -1.0        -1.   6.11  332.8  64661.
088  4 00 39 0.79 289.36 304.03 -4.77 1680    5.87   334.5   72493.   3.97   5.80   0.00   0.00    0.00  0.00  0.00  0.00  -1.00   -1.0        -1.   5.71  330.8  54863.
088  4 02 00 0.79 289.36 304.02 -4.77 1680    6.16   331.9   80611.   3.56   4.98   0.00   0.00    0.00  0.00  0.00  0.00  -1.00   -1.0        -1.   5.77  328.1  62945.
088  4 03 21 0.79 289.36 304.00 -4.77 1680    6.29   334.3   72853.   3.81   4.86   0.00   0.00    0.00  0.00  0.00  0.00  -1.00   -1.0        -1.   5.71  332.4  66792.
088  4 04 42 0.79 289.36 303.99 -4.77 1680    6.33   331.2   97710.   3.69   3.56   0.00   0.00    0.00  0.00  0.00  0.00  -1.00   -1.0        -1.   6.01  328.8  75728.
088  4 06 03 0.79 289.36 303.98 -4.77 1680    5.89   334.1   71674.   3.81   5.17   0.00   0.00    0.00  0.00  0.00  0.00  -1.00   -1.0        -1.   5.39  328.7  57017.
088  4 07 24 0.79 289.36 303.96 -4.77 1680    5.94   330.3   90561.   3.46   4.44   0.00   0.00    0.00  0.00  0.00  0.00  -1.00   -1.0        -1.   6.29  328.6  83342.
088  4 08 45 0.79 289.36 303.95 -4.77 1680    5.43   328.6   72853.   4.43   4.68   0.00   0.00    0.00  0.00  0.00  0.00  -1.00   -1.0        -1.   5.22  326.3  51761.
088  4 10 06 0.79 289.36 303.94 -4.77 1680    6.22   328.4   86104.   3.67   2.83   0.00   0.00    0.00  0.00  0.00  0.00  -1.00   -1.0        -1.   6.01  328.6  69943.
088  4 11 27 0.79 289.36 303.93 -4.77 1680    5.98   331.1   77983.   3.94   2.26   0.00   0.00    0.00  0.00  0.00  0.00  -1.00   -1.0        -1.   6.28  325.1  67081.
088  4 12 48 0.79 289.36 303.91 -4.77 1680    5.73   339.0   67457.   3.26   6.31   0.00   0.00    0.00  0.00  0.00  0.00  -1.00   -1.0        -1.   5.88  337.1  48415.
088  4 14 09 0.79 289.36 303.90 -4.77 1680    5.90   340.1   53012.   3.60   6.50   0.00   0.00    0.00  0.00  0.00  0.00  -1.00   -1.0        -1.   5.24  335.8  46485.
088  4 15 30 0.79 289.36 303.89 -4.77 1680    6.01   332.0   77690.   4.13   5.61   0.00   0.00    0.00  0.00  0.00  0.00  -1.00   -1.0        -1.   5.54  328.6  59327.
088  4 16 51 0.79 289.36 303.88 -4.77 1680    5.97   332.4   69884.   4.75   5.21   0.00   0.00    0.00  0.00  0.00  0.00  -1.00   -1.0        -1.   6.30  330.2  81341.
088  4 18 12 0.79 289.36 303.87 -4.77 1680    6.22   338.5   67328.   4.42   5.45   0.00   0.00    0.00  0.00  0.00  0.00  -1.00   -1.0        -1.   6.23  332.2  58424.
088  4 19 33 0.79 289.36 303.85 -4.77 1680    6.36   337.8   63001.   4.85   5.22   0.00   0.00    0.00  0.00  0.00  0.00  -1.00   -1.0        -1.   5.63  335.5  46547.
088  4 20 54 0.79 289.36 303.84 -4.77 1680    5.79   336.7   67948.   4.75   5.11   0.00   0.00    0.00  0.00  0.00  0.00  -1.00   -1.0        -1.   5.46  334.7  44644.
088  4 22 15 0.79 289.36 303.83 -4.77 1680    6.18   332.9   65417.   4.90   4.54   0.00   0.00    0.00  0.00  0.00  0.00  -1.00   -1.0        -1.   5.84  329.3  48181.
088  4 23 36 0.79 289.36 303.82 -4.77 1680    5.14   331.7   49065.   5.20   3.48   0.00   0.00    0.00  0.00  0.00  0.00  -1.00   -1.0        -1.   6.04  328.9  71599.
088  4 24 57 0.79 289.36 303.81 -4.77 1680    5.51   338.6   62205.   5.02   0.96   0.00   0.00    0.00  0.00  0.00  0.00  -1.00   -1.0        -1.   5.72  334.6  41096.
088  4 26 18 0.79 289.36 303.79 -4.77 1680    5.38   337.0   69033.   4.57   3.25   0.00   0.00    0.00  0.00  0.00  0.00  -1.00   -1.0        -1.   5.53  337.1  56312.
088  4 27 39 0.79 289.36 303.78 -4.77 1680    5.68   327.0   72285.   4.18   4.39   0.00   0.00    0.00  0.00  0.00  0.00  -1.00   -1.0        -1.   5.44  325.9  49412.
088  4 29 00 0.79 289.36 303.77 -4.77 1680    5.97   328.4   89018.   4.59   4.09   0.00   0.00    0.00  0.00  0.00  0.00  -1.00   -1.0        -1.   5.76  327.1  69358.
088  4 30 21 0.79 289.36 303.76 -4.77 1680    5.88   335.8   62936.   4.84   4.81   0.00   0.00    0.00  0.00  0.00  0.00  -1.00   -1.0        -1.   5.86  330.0  66116.
088  4 31 42 0.79 289.36 303.74 -4.77 1680    6.00   333.7   72532.   4.16   4.88   0.00   0.00    0.00  0.00  0.00  0.00  -1.00   -1.0        -1.   6.54  333.4  65050.
088  4 33 03 0.79 289.36 303.73 -4.77 1680    6.03   335.2   58583.   5.33   4.21   0.00   0.00    0.00  0.00  0.00  0.00  -1.00   -1.0        -1.   5.55  330.5  49666.
088  4 34 24 0.79 289.36 303.72 -4.77 1680    6.30   336.2   62692.   4.45   4.42   0.00   0.00    0.00  0.00  0.00  0.00  -1.00   -1.0        -1.   5.97  333.4  56874.
088  4 35 45 0.79 289.36 303.71 -4.77 1680    5.76   333.6   68893.   4.39   4.34   0.00   0.00    0.00  0.00  0.00  0.00  -1.00   -1.0        -1.   5.90  331.4  50936.
088  4 37 06 0.79 289.36 303.69 -4.77 1680    5.99   330.7   78034.   3.88   5.28   0.00   0.00    0.00  0.00  0.00  0.00  -1.00   -1.0        -1.   5.43  327.4  60912.
088  4 38 27 0.79 289.36 303.68 -4.77 1680    6.08   330.1   70215.   4.17   5.10   0.00   0.00    0.00  0.00  0.00  0.00  -1.00   -1.0        -1.   5.93  328.4  52381.
088  4 39 48 0.79 289.36 303.67 -4.77 1680    6.89   329.2   84401.   2.68   6.27   0.00   0.00    0.00  0.00  0.00  0.00  -1.00   -1.0        -1.   6.61  330.2  67172.
088  4 41 09 0.79 289.36 303.66 -4.77 1680    6.05   326.5   79259.   3.89   4.74   0.00   0.00    0.00  0.00  0.00  0.00  -1.00   -1.0        -1.   6.45  322.9  75611.
088  4 42 30 0.79 289.36 303.65 -4.77 1680    5.69   320.0  102505.   2.78   3.40   0.00   0.00    0.00  0.00  0.00  0.00  -1.00   -1.0        -1.   5.45  312.2  89157.
088  4 43 51 0.79 289.36 303.63 -4.78 1680    7.05   322.6   84372.   3.46   5.97   0.00   0.00    0.00  0.00  0.00  0.00  -1.00   -1.0        -1.   6.46  322.6  61786.
088  4 45 12 0.79 289.36 303.62 -4.78 1680    5.81   318.9   96749.   1.34   4.53   0.00   0.00    0.00  0.00  0.00  0.00  -1.00   -1.0        -1.   5.81  319.6  93169.
088  4 46 33 0.79 289.36 303.61 -4.78 1680    5.75   311.1  100949.  -0.33   4.81   0.00   0.00    0.00  0.00  0.00  0.00  -1.00   -1.0        -1.   5.46  312.7  79483.
088  4 49 12 0.79 289.36 303.58 -4.78 1680    5.44   313.1  100952.   1.48   3.64   0.00   0.00    0.00  0.00  0.00  0.00  -1.00   -1.0        -1.   6.38  310.7  98000.
088  4 49 15 0.79 289.36 303.58 -4.78 1680    5.77   308.7  107517.  -0.24   4.35   0.00   0.00    0.00  0.00  0.00  0.00  -1.00   -1.0        -1.   5.25  303.1  42600.
088  4 50 36 0.79 289.36 303.57 -4.78 1680    6.08   310.3  132368.  -0.31   3.60   0.00   0.00    0.00  0.00  0.00  0.00  -1.00   -1.0        -1.   5.52  304.4  71927.
088  4 51 56 0.79 289.36 303.56 -4.78 1680    5.89   308.4  105351.   0.77   2.60   0.00   0.00    0.00  0.00  0.00  0.00  -1.00   -1.0        -1.   5.51  305.7  80133.
088  4 53 17 0.79 289.36 303.55 -4.78 1680    5.69   311.8  106920.   0.00   0.00   0.00   0.00    0.00  0.00  0.00  0.00  -1.00   -1.0        -1.   5.81  311.8 104802.
088  4 56 26 0.79 289.36 303.52 -4.78 1680    6.06   309.9   88745.   1.44   4.94   0.00   0.00    0.00  0.00  0.00  0.00  -1.00   -1.0        -1.   4.76  306.0  41700.
088  4 57 47 0.79 289.36 303.51 -4.78 1680    5.59   307.8  110792.   0.98   2.60   0.00   0.00    0.00  0.00  0.00  0.00  -1.00   -1.0        -1.   6.16  305.1 101131.
088  5 00 00 0.79 289.36 303.49 -4.78 1680    5.86   310.0   99315.   0.77   2.62   0.00   0.00    0.00  0.00  0.00  0.00  -1.00   -1.0        -1.   6.24  310.2  88186.
088  5 10 48 0.79 289.36 303.39 -4.78 1680    5.38   314.2  103795.   1.40   3.61   0.00   0.00    0.00  0.00  0.00  0.00  -1.00   -1.0        -1.   5.52  304.3  67318.
088  5 21 36 0.79 289.36 303.29 -4.78 1680    5.20   312.1   82647.   2.38   3.90   0.00   0.00    0.00  0.00  0.00  0.00  -1.00   -1.0        -1.   5.26  310.7  69465.
088  5 32 24 0.79 289.37 303.19 -4.78 1680    5.71   313.8   96495.   2.57   1.88   0.00   0.00    0.00  0.00  0.00  0.00  -1.00   -1.0        -1.   5.51  310.8  79022.
088  5 43 12 0.79 289.37 303.09 -4.78 1680    5.35   316.5   81734.   2.61   2.72   0.00   0.00    0.00  0.00  0.00  0.00  -1.00   -1.0        -1.   5.16  313.6  62591.
088  5 54 00 0.79 289.37 303.00 -4.78 1680    5.65   311.2   75683.   3.31   3.06   0.00   0.00    0.00  0.00  0.00  0.00  -1.00   -1.0        -1.   5.46  307.3  55883.
088  6 04 48 0.79 289.37 302.90 -4.78 1680    5.44   311.2   81926.   3.38   3.63   0.00   0.00    0.00  0.00  0.00  0.00  -1.00   -1.0        -1.   5.63  310.9  68685.
088  6 15 36 0.79 289.37 302.80 -4.78 1680    5.06   314.5   68130.   3.05   2.31   0.00   0.00    0.00  0.00  0.00  0.00  -1.00   -1.0        -1.   4.22  311.1  43633.
088  6 26 24 0.79 289.37 302.70 -4.78 1680    6.06   326.4   65187.   3.60   5.82   0.00   0.00    0.00  0.00  0.00  0.00  -1.00   -1.0        -1.   6.06  327.7  52138.
088  6 37 12 0.79 289.37 302.60 -4.78 1680    5.76   313.5   70820.   3.20   1.61   0.00   0.00    0.00  0.00  0.00  0.00  -1.00   -1.0        -1.   5.33  309.6  57676.
088  6 48 00 0.79 289.37 302.50 -4.78 1680    5.87   320.6   71157.   3.57   4.35   0.00   0.00    0.00  0.00  0.00  0.00  -1.00   -1.0        -1.   6.25  314.3  68585.
088  6 58 48 0.79 289.37 302.41 -4.78 1680    5.48   323.8   75416.   3.55   4.72   0.00   0.00    0.00  0.00  0.00  0.00  -1.00   -1.0        -1.   5.21  317.5  39940.
088  7 09 36 0.79 289.37 302.31 -4.79 1680    6.10   323.4   86162.   3.56  -0.22   0.00   0.00    0.00  0.00  0.00  0.00  -1.00   -1.0        -1.   5.82  317.1  62500.
088  7 20 24 0.79 289.37 302.21 -4.79 1680    6.06   327.4   94212.   4.09   0.83   0.00   0.00    0.00  0.00  0.00  0.00  -1.00   -1.0        -1.   7.26  331.0 124169.
088  7 31 12 0.79 289.37 302.11 -4.79 1680    6.67   322.5   78548.   4.40   0.30   0.00   0.00    0.00  0.00  0.00  0.00  -1.00   -1.0        -1.   6.63  321.1  98818.
088  7 42 00 0.79 289.37 302.01 -4.79 1680    6.06   333.9   70976.   5.26   2.45   0.00   0.00    0.00  0.00  0.00  0.00  -1.00   -1.0        -1.   6.56  325.8  61792.
088  7 52 48 0.79 289.37 301.91 -4.79 1680    6.50   322.2   86191.   5.96   2.69   0.00   0.00    0.00  0.00  0.00  0.00  -1.00   -1.0        -1.   6.39  321.2  66623.
088  8 03 36 0.79 289.38 301.82 -4.79 1680    6.54   323.7   60863.   5.53   2.46   0.00   0.00    0.00  0.00  0.00  0.00  -1.00   -1.0        -1.   5.36  320.0  45699.
088  8 14 24 0.79 289.38 301.72 -4.79 1680    6.34   323.9   68494.   0.00   0.00   0.00   0.00    0.00  0.00  0.00  0.00  -1.00   -1.0        -1.   5.44  323.0  45235.
088  8 25 12 0.79 289.38 301.62 -4.79 1680    6.77   336.0   41840.   5.06   2.30   0.00   0.00    0.00  0.00  0.00  0.00  -1.00   -1.0        -1.   7.44  331.4  53859.
088  8 36 00 0.79 289.38 301.52 -4.79 1680    7.27   330.3   52313.   5.02   2.54   0.00   0.00    0.00  0.00  0.00  0.00  -1.00   -1.0        -1.   6.41  327.8  42639.
088  8 46 48 0.79 289.38 301.43 -4.79 1680    6.54   323.5   80458.   4.54   6.46   0.00   0.00    0.00  0.00  0.00  0.00  -1.00   -1.0        -1.   6.44  319.8  55867.
088  9 08 24 0.79 289.38 301.23 -4.79 1680    6.88   324.7   58732.   4.60   5.38   0.00   0.00    0.00  0.00  0.00  0.00  -1.00   -1.0        -1.   6.68  325.9  63858.
088  9 19 12 0.79 289.38 301.13 -4.79 1680    7.76   329.6   47301.   4.79   4.32   0.00   0.00    0.00  0.00  0.00  0.00  -1.00   -1.0        -1.   7.47  325.7  40177.
088  9 42 09 0.79 289.38 300.92 -4.80 1680    7.60   327.3   44056.   4.19   4.56   0.00   0.00    0.00  0.00  0.00  0.00  -1.00   -1.0        -1.   7.64  322.8  34356.
088  9 43 30 0.79 289.38 300.91 -4.80 1680    8.32   329.3   48308.   4.44   4.32   0.00   0.00    0.00  0.00  0.00  0.00  -1.00   -1.0        -1.   8.27  326.1  44627.
088  9 43 40 0.79 289.38 300.91 -4.80 1680    8.27   328.8   40336.   4.18   4.47   0.00   0.00    0.00  0.00  0.00  0.00  -1.00   -1.0        -1.   7.85  323.5  39729.
088  9 44 16 0.79 289.38 300.90 -4.80 1680    8.17   329.0   51020.   4.43   4.34   0.00   0.00    0.00  0.00  0.00  0.00  -1.00   -1.0        -1.   8.62  326.1  47869.
088  9 45 37 0.79 289.38 300.89 -4.80 1680    8.18   327.0   43279.   4.16   4.78   0.00   0.00    0.00  0.00  0.00  0.00  -1.00   -1.0        -1.   7.82  324.3  35031.
088  9 46 58 0.79 289.38 300.88 -4.80 1680    7.79   329.1   48305.   4.50   4.63   0.00   0.00    0.00  0.00  0.00  0.00  -1.00   -1.0        -1.   8.27  326.0  45784.
088  9 48 18 0.79 289.38 300.86 -4.80 1680    7.62   327.4   42519.   4.35   4.51   0.00   0.00    0.00  0.00  0.00  0.00  -1.00   -1.0        -1.   8.19  323.2  37273.
088 10 59 42 0.79 289.39 300.22 -4.80 1680    9.49   323.6   36961.   4.48   5.62   0.00   0.00    0.00  0.00  0.00  0.00  -1.00   -1.0        -1.   9.48  324.7  37513.
088 11 01 03 0.79 289.39 300.20 -4.80 1680    9.50   325.5   38033.   4.37   5.73   0.00   0.00    0.00  0.00  0.00  0.00   0.10  313.2    149520.   9.66  321.9  36237.
088 11 02 24 0.79 289.39 300.19 -4.80 1680    9.17   325.1   37149.   4.55   5.58   0.00   0.00    0.00  0.00  0.00  0.00  -1.00   -1.0        -1.   9.48  324.1  34570.
088 11 03 45 0.79 289.39 300.18 -4.80 1680    9.70   328.0   38819.   4.62   5.55   0.00   0.00    0.00  0.00  0.00  0.00  -1.00   -1.0        -1.   9.89  323.2  34008.
088 11 05 07 0.79 289.39 300.17 -4.80 1680    9.29   326.1   35226.   4.64   5.54   0.00   0.00    0.00  0.00  0.00  0.00  -1.00   -1.0        -1.   9.53  326.6  37425.
088 11 06 28 0.79 289.39 300.15 -4.80 1680    8.44   325.9   41171.   4.31   4.35   0.00   0.00    0.00  0.00  0.00  0.00  -1.00   -1.0        -1.   8.51  323.0  31994.
088 11 07 49 0.79 289.39 300.14 -4.80 1680    9.39   324.7   36857.   4.78   4.92   0.00   0.00    0.00  0.00  0.00  0.00  -1.00   -1.0        -1.   9.76  324.0  37227.
088 11 09 10 0.79 289.39 300.13 -4.80 1680    9.61   327.1   40765.   4.60   4.92   0.00   0.00    0.00  0.00  0.00  0.00  -1.00   -1.0        -1.   9.39  322.5  35853.
088 11 10 31 0.79 289.39 300.12 -4.80 1680    8.86   327.6   44465.   4.93   4.57   0.00   0.00    0.00  0.00  0.00  0.00  -1.00   -1.0        -1.   9.64  326.9  39170.
088 11 11 52 0.79 289.39 300.10 -4.80 1680    9.21   326.8   38754.   5.15   4.06   0.00   0.00    0.00  0.00  0.00  0.00  -1.00   -1.0        -1.   9.40  324.1  35788.
088 11 13 13 0.79 289.39 300.09 -4.80 1680    9.38   324.4   39433.   5.11   4.02   0.00   0.00    0.00  0.00  0.00  0.00  -1.00   -1.0        -1.   9.80  323.6  38822.
088 11 14 34 0.79 289.39 300.08 -4.80 1680   -1.00    -1.0      -1.  -1.00  -1.00   0.00   0.00    0.00  0.00  0.00  0.00  -1.00   -1.0        -1.   9.52  321.9  40395.
088 11 18 45 0.79 289.39 300.04 -4.80 1680    9.78   309.0   46469.   0.00   0.00   0.00   0.00    0.00  0.00  0.00  0.00  -1.00   -1.0        -1.  -1.00   -1.0     -1.
088 11 18 55 0.79 289.39 300.04 -4.80 1680    9.08   319.1   45501.   4.86   4.46   0.00   0.00    0.00  0.00  0.00  0.00  -1.00   -1.0        -1.   9.80  318.7  50049.
088 11 18 56 0.79 289.39 300.04 -4.80 1680    9.27   320.5   45517.   4.73   4.62   0.00   0.00    0.00  0.00  0.00  0.00  -1.00   -1.0        -1.   9.42  319.5  47492.
088 11 19 57 0.79 289.39 300.03 -4.80 1680    9.15   322.0   48529.   4.57   4.90   0.00   0.00    0.00  0.00  0.00  0.00  -1.00   -1.0        -1.   9.19  316.7  41548.
088 11 21 19 0.79 289.39 300.02 -4.80 1680    8.72   321.2   41687.   5.17   5.06   0.00   0.00    0.00  0.00  0.00  0.00  -1.00   -1.0        -1.  10.03  320.4  47697.
088 11 22 40 0.79 289.39 300.01 -4.80 1680    9.97   322.8   45602.   5.23   5.29   0.00   0.00    0.00  0.00  0.00  0.00  -1.00   -1.0        -1.   9.00  320.4  32053.
088 11 24 01 0.79 289.39 300.00 -4.80 1680    8.79   323.7   38660.   5.40   4.95   0.00   0.00    0.00  0.00  0.00  0.00  -1.00   -1.0        -1.   9.34  322.2  36766.
088 11 25 22 0.79 289.39 299.98 -4.80 1680    8.91   327.8   41369.   4.54   3.61   0.00   0.00    0.00  0.00  0.00  0.00  -1.00   -1.0        -1.   8.71  324.0  31770.
088 11 26 43 0.79 289.39 299.97 -4.80 1680    9.17   327.3   48038.   4.45   3.82   0.00   0.00    0.00  0.00  0.00  0.00  -1.00   -1.0        -1.   9.54  326.2  38030.
088 11 28 04 0.79 289.39 299.96 -4.80 1680    9.78   326.8   37549.   5.13   5.31   0.00   0.00    0.00  0.00  0.00  0.00  -1.00   -1.0        -1.   9.45  323.1  33017.
088 11 29 25 0.79 289.39 299.94 -4.80 1680    9.60   326.7   45407.   5.06   6.15   0.00   0.00    0.00  0.00  0.00  0.00  -1.00   -1.0        -1.  10.05  324.0  40261.
088 11 30 46 0.79 289.39 299.93 -4.80 1680    9.17   326.0   37926.   4.22   3.90   0.00   0.00    0.00  0.00  0.00  0.00  -1.00   -1.0        -1.   9.25  320.9  37484.
088 11 32 07 0.79 289.39 299.92 -4.80 1680    9.83   327.3   49256.   4.81   4.45   0.00   0.00    0.00  0.00  0.00  0.00  -1.00   -1.0        -1.   9.95  325.6  42500.
088 11 33 28 0.79 289.39 299.91 -4.80 1680   10.36   328.0   45628.   5.26   3.92   0.00   0.00    0.00  0.00  0.00  0.00  -1.00   -1.0        -1.   9.62  322.9  38624.
088 11 34 49 0.79 289.39 299.89 -4.80 1680   11.08   329.8   49273.   6.02   3.85   0.00   0.00    0.00  0.00  0.00  0.00  -1.00   -1.0        -1.  10.97  327.7  43929.
088 11 36 10 0.79 289.39 299.88 -4.80 1680   10.00   329.4   36919.   5.74   4.39   0.00   0.00    0.00  0.00  0.00  0.00   0.10  331.8    147935.  10.70  323.5  40927.
088 11 37 31 0.79 289.39 299.87 -4.80 1680    9.88   330.9   49256.   6.00   4.90   0.00   0.00    0.00  0.00  0.00  0.00  -1.00   -1.0        -1.   9.99  325.6  43533.
088 11 38 52 0.79 289.39 299.86 -4.80 1680    9.31   331.3   44527.   5.99   4.81   0.00   0.00    0.00  0.00  0.00  0.00  -1.00   -1.0        -1.   9.33  327.3  38790.
088 11 40 13 0.79 289.39 299.85 -4.80 1680   10.31   329.9   52963.   6.22   4.73   0.00   0.00    0.00  0.00  0.00  0.00  -1.00   -1.0        -1.  10.20  326.5  41931.
088 11 41 34 0.79 289.39 299.83 -4.80 1680   10.04   331.1   45007.   6.24   4.81   0.00   0.00    0.00  0.00  0.00  0.00   0.16  326.4    192374.   9.97  326.5  39245.
088 11 42 55 0.79 289.39 299.82 -4.80 1680   10.42   332.9   47350.   6.04   5.19   0.00   0.00    0.00  0.00  0.00  0.00   0.09  324.6    150884.   9.83  329.7  41801.
088 11 44 16 0.79 289.39 299.81 -4.81 1680    9.94   332.3   44699.   6.07   5.35   0.00   0.00    0.00  0.00  0.00  0.00   0.09  337.3    150365.  10.40  329.1  42597.
088 11 45 37 0.79 289.39 299.80 -4.81 1680   10.56   333.5   51745.   6.14   5.60   0.00   0.00    0.00  0.00  0.00  0.00  -1.00   -1.0        -1.  10.67  329.7  42639.
088 11 46 58 0.79 289.39 299.79 -4.81 1680    9.75   332.6   44088.   5.88   5.59   0.00   0.00    0.00  0.00  0.00  0.00   0.20  314.8    173935.  10.31  330.9  48542.
088 11 48 19 0.79 289.39 299.77 -4.81 1680   10.72   332.9   51625.   5.95   5.39   0.00   0.00    0.00  0.00  0.00  0.00  -1.00   -1.0        -1.  10.65  329.3  42353.
088 11 49 40 0.79 289.39 299.76 -4.81 1680   10.16   332.1   45124.   6.04   5.45   0.00   0.00    0.00  0.00  0.00  0.00  -1.00   -1.0        -1.  10.81  330.6  53528.
088 11 51 01 0.79 289.39 299.75 -4.81 1680   10.50   332.2   50413.   6.09   5.32   0.00   0.00    0.00  0.00  0.00  0.00  -1.00   -1.0        -1.  10.36  329.4  42945.
088 11 52 22 0.79 289.39 299.74 -4.81 1680    9.86   330.1   44117.   6.43   5.61   0.00   0.00    0.00  0.00  0.00  0.00   0.12  325.9    243543.  10.66  326.5  41135.
088 11 53 43 0.79 289.39 299.72 -4.81 1680   10.60   332.5   46333.   6.17   5.55   0.00   0.00    0.00  0.00  0.00  0.00  -1.00   -1.0        -1.  10.75  329.2  38956.
088 11 55 04 0.79 289.39 299.71 -4.81 1680   10.10   330.3   41668.   6.58   5.46   0.00   0.00    0.00  0.00  0.00  0.00   0.11  312.3    151105.  10.45  324.9  37422.
088 11 56 25 0.79 289.39 299.70 -4.81 1680    9.96   331.1   46745.   6.50   6.10   0.00   0.00    0.00  0.00  0.00  0.00  -1.00   -1.0        -1.  10.51  328.6  44075.
088 11 57 46 0.79 289.39 299.69 -4.81 1680    9.72   330.7   40973.   6.47   6.31   0.00   0.00    0.00  0.00  0.00  0.00  -1.00   -1.0        -1.  10.38  329.7  44429.
088 11 59 07 0.79 289.39 299.67 -4.81 1680    9.79   331.0   47580.   6.20   6.56   0.00   0.00    0.00  0.00  0.00  0.00   0.12  320.9    134174.  10.09  327.8  39436.
088 12 00 28 0.79 289.39 299.66 -4.81 1680    9.71   331.4   42539.   6.50   6.18   0.00   0.00    0.00  0.00  0.00  0.00  -1.00   -1.0        -1.  10.24  326.4  40083.
088 12 01 49 0.79 289.39 299.65 -4.81 1680   10.01   332.4   48048.   6.25   6.20   0.00   0.00    0.00  0.00  0.00  0.00  -1.00   -1.0        -1.  10.11  328.2  36490.
088 12 03 10 0.79 289.39 299.64 -4.81 1680   10.22   329.2   42889.   6.70   5.45   0.00   0.00    0.00  0.00  0.00  0.00   0.09  328.8     74870.  10.08  323.8  36740.
088 12 04 31 0.79 289.39 299.63 -4.81 1680   10.05   332.6   48649.   6.36   6.01   0.00   0.00    0.00  0.00  0.00  0.00  -1.00   -1.0        -1.  10.58  328.1  46248.
088 12 05 52 0.79 289.39 299.61 -4.81 1680    9.64   331.2   42500.   6.10   6.03   0.00   0.00    0.00  0.00  0.00  0.00   0.16  324.2    229536.   9.26  329.9  31088.
088 12 07 13 0.79 289.39 299.60 -4.81 1680    9.46   331.9   47122.   5.98   5.27   0.00   0.00    0.00  0.00  0.00  0.00  -1.00   -1.0        -1.   9.61  326.7  41986.
088 12 08 34 0.79 289.39 299.59 -4.81 1680    9.51   331.3   42620.   5.72   5.55   0.00   0.00    0.00  0.00  0.00  0.00  -1.00   -1.0        -1.   9.99  331.8  36860.
088 12 09 55 0.79 289.39 299.58 -4.81 1680   10.33   333.0   43783.   5.93   5.40   0.00   0.00    0.00  0.00  0.00  0.00  -1.00   -1.0        -1.  10.41  329.7  39813.
088 12 11 16 0.79 289.39 299.56 -4.81 1680    9.50   334.1   35947.   5.14   5.34   0.00   0.00    0.00  0.00  0.00  0.00  -1.00   -1.0        -1.   9.33  332.2  28885.
088 12 12 37 0.79 289.39 299.55 -4.81 1680   11.86   332.4   45628.   5.52   6.23   0.00   0.00    0.00  0.00  0.00  0.00  -1.00   -1.0        -1.  10.53  328.2  36630.
088 12 13 58 0.79 289.39 299.54 -4.81 1680    9.95   332.1   37581.   4.98   5.92   0.00   0.00    0.00  0.00  0.00  0.00  -1.00   -1.0        -1.   9.75  330.8  28236.
088 12 15 19 0.79 289.39 299.53 -4.81 1680   12.09   331.0   43624.   5.96   6.30   0.00   0.00    0.00  0.00  0.00  0.00  -1.00   -1.0        -1.  11.79  329.3  37023.
088 12 16 40 0.79 289.39 299.51 -4.81 1680   11.67   332.2   41298.   5.85   6.74   0.00   0.00    0.00  0.00  0.00  0.00  -1.00   -1.0        -1.  12.14  328.1  36016.
088 12 18 01 0.79 289.39 299.50 -4.81 1680   11.48   334.0   35022.   5.55   6.41   0.00   0.00    0.00  0.00  0.00  0.00  -1.00   -1.0        -1.  11.80  331.1  38523.
088 12 19 22 0.79 289.39 299.49 -4.81 1680   11.26   332.5   40313.   5.75   6.49   0.00   0.00    0.00  0.00  0.00  0.00  -1.00   -1.0        -1.  10.88  330.7  30253.
088 12 20 43 0.79 289.39 299.48 -4.81 1680   11.38   336.3   39121.   5.50   6.26   0.00   0.00    0.00  0.00  0.00  0.00   0.11  327.4    150689.  11.77  331.6  34307.
088 12 22 04 0.79 289.39 299.46 -4.81 1680   10.86   336.0   36341.   5.09   6.01   0.00   0.00    0.00  0.00  0.00  0.00   0.08  346.5    161721.  10.90  334.0  27248.
088 12 23 25 0.79 289.39 299.45 -4.81 1680   11.81   336.2   37526.   5.59   5.37   0.00   0.00    0.00  0.00  0.00  0.00  -1.00   -1.0        -1.  12.12  332.8  37796.
088 12 24 46 0.79 289.39 299.44 -4.81 1680   12.27   335.5   42181.   4.65   6.36   0.00   0.00    0.00  0.00  0.00  0.00   0.08  338.1    160435.  12.51  336.7  41915.
088 12 26 07 0.79 289.39 299.43 -4.81 1680   14.92   346.1   36107.   3.10   5.33   0.00   0.00    0.00  0.00  0.00  0.00  -1.00   -1.0        -1.  14.59  346.6  36042.
088 12 27 28 0.79 289.39 299.42 -4.81 1680   15.18   350.8   37640.   2.39   5.90   0.00   0.00    0.00  0.00  0.00  0.00   0.14  339.7    157914.  16.20  347.5  33738.
088 12 28 49 0.79 289.39 299.41 -4.81 1680   15.74   348.5   34158.   1.93   5.54   0.00   0.00    0.00  0.00  0.00  0.00   0.28  340.3    125715.  15.98  349.2  34784.
088 12 30 10 0.79 289.39 299.39 -4.81 1680   15.36   348.1   35441.   2.39   5.22   0.00   0.00    0.00  0.00  0.00  0.00   0.19  340.2     92282.  16.73  345.9  32316.
088 12 31 31 0.79 289.39 299.38 -4.81 1680   13.12   346.1   30841.   1.92   5.86   0.00   0.00    0.00  0.00  0.00  0.00   0.32  346.5     50481.  12.79  345.1  27998.
088 12 32 52 0.79 289.39 299.37 -4.81 1680   10.89   346.8   27160.   2.71   4.61   0.00   0.00    0.00  0.00  0.00  0.00   0.09  345.2    116789.  11.69  345.4  29821.
088 12 34 13 0.79 289.39 299.36 -4.81 1680   14.14   353.0   29184.   2.12   3.60   0.00   0.00    0.00  0.00  0.00  0.00   0.16  342.7     57667.  13.81  352.3  28401.
088 12 35 34 0.79 289.39 299.34 -4.81 1680   11.59   351.4   33254.   2.70   4.85   0.00   0.00    0.00  0.00  0.00  0.00   0.08  341.5    119101.  12.01  349.2  31110.
088 12 36 55 0.79 289.39 299.33 -4.81 1680   10.83   347.3   32738.   3.19   4.53   0.00   0.00    0.00  0.00  0.00  0.00   0.16  343.0    112488.  11.21  346.1  28557.
088 12 38 16 0.79 289.40 299.32 -4.81 1680   10.86   348.6   33638.   2.80   4.76   0.00   0.00    0.00  0.00  0.00  0.00   0.08  341.8    138488.  12.11  344.9  31465.
088 12 39 11 0.79 289.40 299.31 -4.81 1680   15.61   351.1   37585.   1.99   3.73   0.00   0.00    0.00  0.00  0.00  0.00   0.20  338.0    174195.  16.29  349.0  33151.
088 12 39 37 0.79 289.40 299.31 -4.81 1680   11.31   346.2   31033.   2.65   4.51   0.00   0.00    0.00  0.00  0.00  0.00   0.07  345.1    124871.  11.37  344.9  25033.
088 12 40 58 0.79 289.40 299.29 -4.81 1680   10.73   346.2   26218.   2.64   4.72   0.00   0.00    0.00  0.00  0.00  0.00   0.13  340.4    148403.  11.33  344.8  25497.
088 12 42 18 0.79 289.40 299.28 -4.81 1680   12.30   347.2   33498.   2.72   4.19   0.00   0.00    0.00  0.00  0.00  0.00   0.14  344.5     53794.  12.81  348.4  32179.
088 12 46 12 0.79 289.40 299.25 -4.81 1680   15.06   351.2   34570.   2.29   3.25   0.00   0.00    0.00  0.00  0.00  0.00   0.25  346.9     62552.  15.60  351.1  36825.
088 12 47 33 0.79 289.40 299.24 -4.81 1680   14.26   352.2   37637.   2.34   3.55   0.00   0.00    0.00  0.00  0.00  0.00   0.18  343.2    142127.  15.01  350.0  33076.
088 12 47 42 0.79 289.40 299.23 -4.81 1680   15.75   349.8   37127.   0.00   0.00   0.00   0.00    0.00  0.00  0.00  0.00   0.24  354.3    110435.  16.72  351.8  39332.
088 12 49 59 0.79 289.40 299.21 -4.81 1680   16.30   349.7   34765.   2.79   4.17   0.00   0.00    0.00  0.00  0.00  0.00   0.16  345.4     46375.  16.97  349.8  33937.
088 13 00 47 0.79 289.40 299.12 -4.81 1680   12.28   351.0   39261.   1.41   5.99   0.00   0.00    0.00  0.00  0.00  0.00   0.28  339.8    144530.  12.06  348.8  40239.
088 13 11 35 0.79 289.40 299.01 -4.81 1680   11.17   345.8   36509.   2.25   5.47   0.00   0.00    0.00  0.00  0.00  0.00   0.13  347.1    112124.  11.24  345.3  35161.
088 13 22 23 0.79 289.40 298.92 -4.81 1680   16.75   345.0   37097.   4.63   6.64   0.00   0.00    0.00  0.00  0.00  0.00   0.21  335.9    124559.  17.21  340.7  33492.
088 13 33 11 0.79 289.40 298.82 -4.81 1680   18.45   344.3   38611.   3.82   6.84   0.00   0.00    0.00  0.00  0.00  0.00   0.54  338.6    166477.  18.87  343.5  35564.
088 13 43 59 0.79 289.40 298.72 -4.81 1680   19.49   343.8   48048.   3.18   7.18   0.00   0.00    0.00  0.00  0.00  0.00   0.36  338.3     83070.  19.38  342.5  39940.
088 13 54 47 0.79 289.40 298.62 -4.81 1680   17.29   342.4   39443.   2.96   6.63   0.00   0.00    0.00  0.00  0.00  0.00   0.47  336.9    174091.  18.51  338.8  36113.
088 14 05 35 0.79 289.40 298.53 -4.82 1680   19.42   346.0   36938.   4.47   7.53   0.00   0.00    0.00  0.00  0.00  0.00   0.50  336.7    110019.  20.80  341.8  36081.
088 14 16 23 0.79 289.40 298.43 -4.82 1680   15.06   349.3   39735.   2.71   5.40   0.00   0.00    0.00  0.00  0.00  0.00   0.15  347.5    148416.  15.95  349.3  41444.
088 14 27 11 0.79 289.40 298.33 -4.82 1680   11.09   355.0   41655.   1.57   4.47   0.00   0.00    0.00  0.00  0.00  0.00   0.18  346.2    152483.  11.54  357.2  45387.
088 14 37 59 0.79 289.40 298.23 -4.82 1680   10.62   358.1   45962.   1.07   5.27   0.00   0.00    0.00  0.00  0.00  0.00   0.17  346.7    153028.  11.05  356.3  35567.
088 14 48 47 0.79 289.40 298.13 -4.82 1680    9.95   355.6   41752.   1.18   4.85   0.00   0.00    0.00  0.00  0.00  0.00   0.16  351.4    184551.  10.55  353.5  47148.
088 14 59 35 0.79 289.41 298.03 -4.82 1680    8.51   360.2   46567.   0.80   4.39   0.00   0.00    0.00  0.00  0.00  0.00   0.18  350.9    147935.   9.18  359.0  40859.
088 15 10 23 0.79 289.41 297.94 -4.82 1680   10.13   357.6   42068.   1.55   5.43   0.00   0.00    0.00  0.00  0.00  0.00   0.17  355.7     81328.  10.02  357.3  37175.
088 15 21 11 0.79 289.41 297.84 -4.82 1680    9.78   360.1   38465.   1.62   5.00   0.00   0.00    0.00  0.00  0.00  0.00   0.33  350.1    110487.  10.16  357.7  34336.
088 15 31 59 0.79 289.41 297.74 -4.82 1680   10.98   356.0   42854.   1.94   3.45   0.00   0.00    0.00  0.00  0.00  0.00   0.18  356.2    243193.  11.48  355.7  40983.
088 15 42 47 0.79 289.41 297.64 -4.82 1680    9.47   356.3   28544.   2.34   5.49   0.00   0.00    0.00  0.00  0.00  0.00   0.25  346.6     49961.   9.68  355.7  30425.
088 15 53 35 0.79 289.41 297.54 -4.82 1680    9.39   353.0   38234.   2.27   7.27   0.00   0.00    0.00  0.00  0.00  0.00   0.20  351.3    211553.  10.46  350.6  35905.
088 16 04 23 0.79 289.41 297.45 -4.82 1680    8.71   345.1   36912.   1.49   6.78   0.00   0.00    0.00  0.00  0.00  0.00   0.20  353.6    185409.   8.59  346.7  39349.
088 16 15 11 0.79 289.41 297.35 -4.82 1680    8.34   356.0   37029.   2.60   7.50   0.00   0.00    0.00  0.00  0.00  0.00   0.21  354.4    180354.   8.22  353.5  30013.
088 16 25 59 0.79 289.41 297.25 -4.83 1680    8.44   353.4   40606.   1.12   8.32   0.00   0.00    0.00  0.00  0.00  0.00   0.22  355.7    151027.   8.66  352.7  36311.
088 16 36 47 0.79 289.41 297.15 -4.83 1680    8.96   353.1   39212.   2.60   7.33   0.00   0.00    0.00  0.00  0.00  0.00   0.17  360.7    257785.   8.94  350.1  37965.
088 16 47 35 0.79 289.41 297.05 -4.83 1680    8.43   361.4   40690.   2.34   7.28   0.00   0.00    0.00  0.00  0.00  0.00   0.27  360.5    137839.   8.80  358.4  37974.
088 16 58 23 0.79 289.41 296.95 -4.83 1680    8.91   348.1   66502.   2.23   5.43   0.00   0.00    0.00  0.00  0.00  0.00   0.34  354.1    218829.  10.35  345.7  57023.
088 17 09 11 0.79 289.41 296.86 -4.83 1680   10.29   351.3   58333.   1.42   6.25   0.00   0.00    0.00  0.00  0.00  0.00   0.28  350.9    207602.   9.95  350.9  50221.
088 17 34 41 0.79 289.42 296.62 -4.83 1680   11.61   369.0   53401.   2.19   8.27   0.00   0.00    0.00  0.00  0.00  0.00   0.38  369.9    151885.  11.95  367.0  47346.
088 17 36 02 0.78 289.42 296.61 -4.83 1680   10.43   361.6   49507.   2.24   8.01   0.00   0.00    0.00  0.00  0.00  0.00   0.39  357.5    168777.  12.81  362.4  69673.
088 17 37 23 0.78 289.42 296.60 -4.83 1680   10.74   360.5   47285.   2.29   8.48   0.00   0.00    0.00  0.00  0.00  0.00   0.46  357.3    241607.  10.20  360.8  44744.
088 17 38 44 0.78 289.42 296.59 -4.83 1680   10.29   364.4   53038.   2.26   9.73   0.00   0.00    0.00  0.00  0.00  0.00   0.41  364.9    240737.  10.18  362.4  44790.
088 17 40 07 0.78 289.42 296.57 -4.83 1680   10.61   359.3   69231.   3.53   7.52   0.00   0.00    0.00  0.00  0.00  0.00   0.46  358.2    298338.  10.07  357.7  55107.
088 17 41 28 0.78 289.42 296.56 -4.83 1680   10.76   359.5   67987.   4.02   7.59   0.00   0.00    0.00  0.00  0.00  0.00   0.36  358.9    206992.  11.27  359.9  71518.
088 17 42 49 0.78 289.42 296.55 -4.83 1680   10.25   359.9   69423.   3.79   7.63   0.00   0.00    0.00  0.00  0.00  0.00   0.35  368.7    190165.  10.57  358.1  73604.
088 17 44 10 0.78 289.42 296.54 -4.83 1680   11.41   357.6   73951.   3.41   5.43   0.00   0.00    0.00  0.00  0.00  0.00   0.43  356.7    224650.  12.15  354.5  93695.
088 17 45 31 0.78 289.42 296.53 -4.83 1680   10.98   373.1   65671.  -0.74  10.09   0.00   0.00    0.00  0.00  0.00  0.00   0.48  367.4    186461.  11.47  372.7  55451.
088 17 46 52 0.78 289.42 296.51 -4.83 1680   10.06   364.6   53080.   1.46   9.22   0.00   0.00    0.00  0.00  0.00  0.00   0.47  354.0    195960.   9.83  361.5  44845.
088 17 48 13 0.78 289.42 296.50 -4.83 1680    9.80   364.8   61805.   2.01   9.40   0.00   0.00    0.00  0.00  0.00  0.00   0.38  361.1    298416.  10.17  366.3  54223.
088 17 49 34 0.78 289.42 296.49 -4.83 1680   11.24   361.0   61201.   1.18   9.25   0.00   0.00    0.00  0.00  0.00  0.00   0.42  362.1    239242.  10.83  360.1  48847.
088 17 50 55 0.78 289.42 296.48 -4.83 1680   11.08   366.7   62400.   1.81   8.13   0.00   0.00    0.00  0.00  0.00  0.00   0.42  364.5    156368.  11.19  367.9  55373.
088 17 52 16 0.78 289.42 296.47 -4.83 1680   11.31   369.4   59398.   1.49   8.18   0.00   0.00    0.00  0.00  0.00  0.00   0.55  368.4    263008.  11.58  367.3  67587.
088 17 53 37 0.78 289.42 296.45 -4.83 1680   11.03   365.4   67682.   1.91   9.00   0.00   0.00    0.00  0.00  0.00  0.00   0.56  359.9    298234.  11.08  363.0  66269.
088 17 54 58 0.78 289.42 296.44 -4.83 1680   11.23   366.5   54801.   1.85   8.69   0.00   0.00    0.00  0.00  0.00  0.00   0.33  367.5    231888.  10.56  362.4  46482.
088 17 56 19 0.78 289.42 296.43 -4.83 1680   11.43   367.8   64199.   1.73   8.56   0.00   0.00    0.00  0.00  0.00  0.00   0.47  367.4    203665.  10.86  367.4  45979.
088 17 57 40 0.78 289.42 296.41 -4.83 1680   10.65   365.3   57186.   0.45   9.02   0.00   0.00    0.00  0.00  0.00  0.00   0.49  358.8    186241.  11.19  363.6  64573.
088 17 59 01 0.78 289.42 296.40 -4.83 1680   10.31   362.5   65349.   1.10   9.42   0.00   0.00    0.00  0.00  0.00  0.00   0.34  367.1    191126.  11.36  360.4  69618.
088 18 00 22 0.78 289.42 296.39 -4.83 1680   11.17   356.9   64868.   4.10   6.87   0.00   0.00    0.00  0.00  0.00  0.00   0.47  354.1    181264.  10.70  355.1  53288.
088 18 01 43 0.78 289.42 296.38 -4.83 1680   11.45   362.6   64248.   1.77  10.32   0.00   0.00    0.00  0.00  0.00  0.00   0.34  365.0    176755.  11.19  362.0  63848.
088 18 03 04 0.78 289.42 296.36 -4.83 1680   10.49   360.4   63826.   1.96   9.74   0.00   0.00    0.00  0.00  0.00  0.00   0.34  368.9    215685.  10.47  358.6  52086.
088 18 04 25 0.78 289.42 296.35 -4.83 1680   11.20   361.3   58209.   2.20  10.00   0.00   0.00    0.00  0.00  0.00  0.00   0.37  360.4    202886.  11.02  361.5  53288.
088 18 05 46 0.78 289.42 296.34 -4.83 1680   11.71   361.6   63166.   2.02  10.53   0.00   0.00    0.00  0.00  0.00  0.00   0.48  365.1    177158.  10.76  360.5  47518.
088 18 07 05 0.78 289.42 296.33 -4.83 1680   11.58   364.8   73578.   1.38  10.37   0.00   0.00    0.00  0.00  0.00  0.00   0.46  366.9    165295.  11.44  364.2  58657.
088 18 08 26 0.78 289.42 296.32 -4.83 1680   11.79   364.9   60993.   0.64  11.36   0.00   0.00    0.00  0.00  0.00  0.00   0.45  367.7    233655.  12.99  364.0  76576.
088 19 19 41 0.78 289.43 295.67 -4.84 1680   12.19   376.4   51313.  -2.19   5.48   0.00   0.00    0.00  0.00  0.00  0.00   0.30  370.9    196675.  12.66  376.2  48558.
088 19 21 02 0.78 289.43 295.66 -4.84 1680   12.88   380.9   60840.  -2.68   5.15   0.00   0.00    0.00  0.00  0.00  0.00   0.33  380.5    154679.  12.52  380.7  52973.
088 19 22 23 0.78 289.43 295.64 -4.84 1680   12.71   376.9   47886.  -2.97   5.26   0.00   0.00    0.00  0.00  0.00  0.00   0.40  377.2    218790.  12.71  376.2  46700.
088 19 23 44 0.78 289.43 295.63 -4.84 1680   12.08   374.9   44998.  -2.33   5.50   0.00   0.00    0.00  0.00  0.00  0.00   0.36  373.9    285397.  12.25  377.9  43766.
088 19 25 07 0.78 289.43 295.62 -4.84 1680   11.52   377.4   46505.  -2.55   5.46   0.00   0.00    0.00  0.00  0.00  0.00   0.36  373.9    200911.  11.25  376.9  42262.
088 19 26 28 0.78 289.43 295.61 -4.84 1680   11.26   373.7   46534.  -3.21   5.61   0.00   0.00    0.00  0.00  0.00  0.00   0.43  371.6    261826.  11.51  377.0  47947.
088 19 27 49 0.78 289.43 295.60 -4.84 1680   12.16   374.8   49058.  -3.54   5.65   0.00   0.00    0.00  0.00  0.00  0.00   0.35  370.6    178587.  12.91  374.3  51735.
088 19 29 10 0.78 289.43 295.58 -4.84 1680   11.97   372.7   47028.  -3.34   5.69   0.00   0.00    0.00  0.00  0.00  0.00   0.28  373.8    143426.  12.11  375.0  44663.
088 19 30 31 0.78 289.43 295.57 -4.84 1680   11.84   375.6   49035.  -3.50   5.81   0.00   0.00    0.00  0.00  0.00  0.00   0.38  368.2    172311.  11.67  375.1  44150.
088 19 31 52 0.78 289.43 295.56 -4.84 1680   11.95   370.9   46031.  -3.39   5.62   0.00   0.00    0.00  0.00  0.00  0.00   0.46  364.0    239502.  11.89  374.7  43052.
088 19 33 13 0.78 289.43 295.55 -4.84 1680   11.09   376.1   46294.  -3.26   6.11   0.00   0.00    0.00  0.00  0.00  0.00   0.32  375.5    252886.  12.36  374.9  53057.
088 19 34 34 0.78 289.43 295.54 -4.84 1680   12.30   374.8   37932.  -1.53   5.26   0.00   0.00    0.00  0.00  0.00  0.00   0.26  369.6    203990.  12.41  375.9  43763.
088 19 35 55 0.78 289.43 295.52 -4.84 1680   12.10   375.2   41112.  -1.45   5.18   0.00   0.00    0.00  0.00  0.00  0.00   0.26  369.7    145739.  12.14  375.6  37861.
088 19 37 16 0.78 289.43 295.51 -4.84 1680   11.41   375.3   40362.  -1.84   5.42   0.00   0.00    0.00  0.00  0.00  0.00   0.33  369.2    197090.  12.22  377.7  49396.
088 19 38 37 0.78 289.43 295.50 -4.84 1680   11.75   379.2   43926.  -1.26   5.91   0.00   0.00    0.00  0.00  0.00  0.00   0.29  377.6    226560.  12.74  377.9  41970.
088 19 39 58 0.78 289.43 295.49 -4.84 1680   10.99   375.8   41993.  -2.01   5.43   0.00   0.00    0.00  0.00  0.00  0.00   0.26  379.2    138436.  12.44  379.4  46619.
088 19 41 17 0.78 289.43 295.47 -4.84 1680   10.73   377.5   44754.  -2.45   5.61   0.00   0.00    0.00  0.00  0.00  0.00   0.27  376.4    207577.  11.64  376.2  45907.
088 19 42 38 0.78 289.43 295.46 -4.84 1680   11.60   377.7   51030.  -3.23   5.92   0.00   0.00    0.00  0.00  0.00  0.00   0.28  376.5    168413.  11.21  380.1  38241.
088 19 45 20 0.78 289.43 295.44 -4.84 1680   10.26   387.1   69173.  -1.04   7.00   0.00   0.00    0.00  0.00  0.00  0.00   0.29  393.6    237371.  11.15  388.3  54633.
088 19 46 43 0.78 289.43 295.42 -4.84 1680   11.08   387.9   53207.  -1.13   7.11   0.00   0.00    0.00  0.00  0.00  0.00   0.34  381.9    234967.  11.95  390.2  53424.
088 19 48 04 0.78 289.43 295.41 -4.84 1680   10.39   387.1   48428.  -1.32   7.13   0.00   0.00    0.00  0.00  0.00  0.00   0.35  376.0    276808.  10.66  386.4  42828.
088 19 49 25 0.78 289.43 295.40 -4.84 1680   11.34   380.5   45082.  -1.03   5.91   0.00   0.00    0.00  0.00  0.00  0.00   0.30  383.4    198936.  10.58  381.6  35668.
088 19 50 46 0.78 289.43 295.39 -4.84 1680   11.04   382.7   51241.  -0.85   5.97   0.00   0.00    0.00  0.00  0.00  0.00   0.27  371.5    258720.  11.51  382.1  48958.
088 19 52 07 0.78 289.43 295.38 -4.84 1680   10.71   382.7   46732.  -0.76   6.26   0.00   0.00    0.00  0.00  0.00  0.00   0.36  377.5    265984.  10.91  383.7  37019.
088 19 53 28 0.78 289.43 295.36 -4.84 1680   10.76   384.5   42363.  -0.87   6.24   0.00   0.00    0.00  0.00  0.00  0.00   0.36  374.7    236306.  11.62  382.1  47889.
088 19 54 49 0.78 289.43 295.35 -4.84 1680   11.33   384.0   50267.  -1.32   5.89   0.00   0.00    0.00  0.00  0.00  0.00   0.25  379.1    137488.  11.68  386.9  45962.
088 19 56 10 0.78 289.43 295.34 -4.84 1680   10.74   382.0   36610.  -1.26   5.97   0.00   0.00    0.00  0.00  0.00  0.00   0.33  381.5    107797.  11.33  381.0  38982.
088 19 57 31 0.78 289.43 295.33 -4.84 1680   10.94   382.5   46599.  -0.98   5.93   0.00   0.00    0.00  0.00  0.00  0.00   0.35  377.7    223650.  11.34  379.0  48152.
088 19 58 52 0.78 289.43 295.31 -4.84 1680   10.88   383.4   45732.  -1.04   5.90   0.00   0.00    0.00  0.00  0.00  0.00   0.31  382.9    183044.  11.48  380.8  42295.
088 20 00 13 0.78 289.43 295.30 -4.84 1680   10.82   374.2   45813.  -1.45   5.63   0.00   0.00    0.00  0.00  0.00  0.00   0.23  369.8    177808.  11.02  372.1  46206.
088 20 01 34 0.78 289.43 295.29 -4.84 1680   10.14   373.5   45605.  -2.00   5.96   0.00   0.00    0.00  0.00  0.00  0.00   0.35  363.9    223182.  10.95  376.2  49718.
088 20 02 55 0.78 289.43 295.28 -4.84 1680   10.25   377.3   44751.  -2.06   5.84   0.00   0.00    0.00  0.00  0.00  0.00   0.23  372.7    188099.   9.57  377.2  39537.
088 20 04 16 0.78 289.43 295.26 -4.84 1680    9.95   375.4   44023.  -1.89   5.82   0.00   0.00    0.00  0.00  0.00  0.00   0.35  371.7    209266.  10.58  377.1  46859.
088 20 05 37 0.78 289.43 295.25 -4.84 1680    9.76   373.8   48896.  -2.64   5.50   0.00   0.00    0.00  0.00  0.00  0.00   0.20  364.8    185409.   9.67  373.9  42967.
088 20 06 58 0.78 289.43 295.24 -4.84 1680    9.69   373.8   45852.  -2.50   5.07   0.00   0.00    0.00  0.00  0.00  0.00   0.19  380.6    247688.   9.99  375.0  42941.
088 20 08 19 0.78 289.43 295.23 -4.84 1680   10.03   374.3   47382.  -3.05   5.40   0.00   0.00    0.00  0.00  0.00  0.00   0.25  371.4    205913.  10.81  372.7  52489.
088 20 09 40 0.78 289.43 295.21 -4.84 1680   10.05   373.6   49789.  -2.01   5.52   0.00   0.00    0.00  0.00  0.00  0.00   0.35  366.5    288788.  11.26  375.9  57787.
088 20 11 01 0.78 289.43 295.20 -4.84 1680   10.26   375.5   46599.  -2.63   5.49   0.00   0.00    0.00  0.00  0.00  0.00   0.28  366.8    232330.  10.05  373.3  42389.
088 20 12 22 0.78 289.43 295.19 -4.84 1680   10.87   372.9   44189.  -1.90   5.61   0.00   0.00    0.00  0.00  0.00  0.00   0.26  376.7    149078.  11.52  376.4  44588.
088 20 13 43 0.78 289.43 295.18 -4.84 1680   10.75   374.0   43088.  -2.03   5.32   0.00   0.00    0.00  0.00  0.00  0.00   0.22  368.1    221246.  10.96  371.6  41921.
088 20 15 04 0.78 289.43 295.17 -4.84 1680   10.99   380.6   65414.  -1.24   6.66   0.00   0.00    0.00  0.00  0.00  0.00   0.31  378.9    126144.  10.21  381.3  46031.
088 20 16 25 0.78 289.43 295.16 -4.84 1680   10.19   376.7   50975.  -1.53   6.36   0.00   0.00    0.00  0.00  0.00  0.00   0.32  374.2    283954.  10.27  374.2  48074.
088 20 17 46 0.78 289.43 295.14 -4.84 1680   15.00   377.6   27047.   0.98   7.16   0.00   0.00    0.00  0.00  0.00  0.00   0.48  375.1     54522.  14.19  375.6  25299.
088 20 19 07 0.78 289.43 295.13 -4.84 1680   15.15   376.4   30633.   0.96   7.25   0.00   0.00    0.00  0.00  0.00  0.00   0.48  370.3    118244.  14.62  375.5  23529.
088 20 20 28 0.78 289.43 295.12 -4.84 1680   15.39   376.7   27242.   0.76   7.35   0.00   0.00    0.00  0.00  0.00  0.00   0.76  376.5     49740.  15.75  375.6  23860.
088 20 21 49 0.78 289.43 295.11 -4.84 1680   15.17   377.1   31250.   0.75   7.36   0.00   0.00    0.00  0.00  0.00  0.00   0.54  374.1     97285.  15.43  376.2  27277.
088 20 23 10 0.78 289.43 295.09 -4.84 1680   14.21   377.6   27024.   1.21   7.09   0.00   0.00    0.00  0.00  0.00  0.00   0.66  378.2     94946.  15.30  376.5  34427.
088 20 24 31 0.78 289.43 295.08 -4.84 1680   12.97   376.3   34141.   0.28   6.92   0.00   0.00    0.00  0.00  0.00  0.00   0.40  369.7     90593.  12.74  375.3  25653.
088 20 25 52 0.78 289.43 295.07 -4.84 1680   14.53   376.6   25669.   0.61   6.83   0.00   0.00    0.00  0.00  0.00  0.00   0.54  376.3     49662.  14.14  375.2  23035.
088 20 27 13 0.78 289.43 295.06 -4.84 1680   12.50   376.2   33992.   0.57   6.74   0.00   0.00    0.00  0.00  0.00  0.00   0.30  373.5    116853.  12.60  376.0  30259.
088 20 28 34 0.78 289.43 295.04 -4.84 1680   11.39   375.3   35678.   0.37   7.07   0.00   0.00    0.00  0.00  0.00  0.00   0.33  379.2    116009.  11.67  374.9  38754.
088 20 29 55 0.78 289.43 295.03 -4.84 1680   11.31   376.4   35168.   0.65   7.11   0.00   0.00    0.00  0.00  0.00  0.00   0.31  369.1    101989.  11.82  373.8  40466.
088 20 31 16 0.78 289.43 295.02 -4.84 1680   10.06   376.7   30224.   0.99   7.35   0.00   0.00    0.00  0.00  0.00  0.00   0.43  375.7    147597.  11.46  376.6  42649.
088 20 32 37 0.78 289.43 295.01 -4.84 1680   11.09   371.9   29983.   0.21   7.76   0.00   0.00    0.00  0.00  0.00  0.00   0.33  369.6    116191.  12.78  370.6  37257.
088 20 33 58 0.78 289.43 294.99 -4.84 1680   13.69   375.9   28424.   0.31   7.17   0.00   0.00    0.00  0.00  0.00  0.00   0.39  373.1     60122.  13.63  372.8  27940.
088 20 35 19 0.78 289.43 294.98 -4.84 1680   13.00   375.7   32741.   0.19   6.95   0.00   0.00    0.00  0.00  0.00  0.00   0.32  371.2    126313.  12.93  373.9  32699.
088 20 36 40 0.78 289.43 294.97 -4.84 1680   14.44   375.3   26862.   0.62   7.59   0.00   0.00    0.00  0.00  0.00  0.00   0.52  374.8     55601.  14.10  374.4  23626.
088 20 38 01 0.78 289.43 294.96 -4.84 1680   13.74   374.7   25601.   0.39   7.51   0.00   0.00    0.00  0.00  0.00  0.00   0.29  369.4    107342.  14.18  375.6  26183.
088 20 39 22 0.78 289.43 294.95 -4.84 1680   12.33   376.9   29870.   0.03   7.06   0.00   0.00    0.00  0.00  0.00  0.00   0.28  370.4     99442.  13.06  376.9  33099.
088 20 40 43 0.78 289.43 294.94 -4.84 1680   12.53   377.6   32312.   0.42   6.85   0.00   0.00    0.00  0.00  0.00  0.00   0.29  380.0    189411.  12.87  377.2  28002.
088 20 42 04 0.78 289.43 294.92 -4.84 1680   12.60   377.1   28492.   0.36   6.73   0.00   0.00    0.00  0.00  0.00  0.00   0.34  377.8     90528.  14.02  376.2  37208.
088 20 43 25 0.78 289.43 294.91 -4.84 1680   12.02   377.4   34580.   0.43   6.71   0.00   0.00    0.00  0.00  0.00  0.00   0.33  375.7    101937.  11.57  376.6  27882.
088 20 44 46 0.78 289.43 294.90 -4.84 1680   11.91   376.4   29899.   0.11   6.70   0.00   0.00    0.00  0.00  0.00  0.00   0.33  366.8    108563.  12.20  376.7  30259.
088 20 46 07 0.78 289.43 294.88 -4.84 1680   12.38   376.2   36107.   0.39   6.75   0.00   0.00    0.00  0.00  0.00  0.00   0.27  370.8    107758.  12.99  374.8  34882.
088 20 47 28 0.78 289.43 294.87 -4.84 1680   12.46   375.5   34807.   0.46   6.91   0.00   0.00    0.00  0.00  0.00  0.00   0.32  373.1    162748.  12.77  376.9  32650.
088 20 48 49 0.78 289.43 294.86 -4.84 1680   12.39   376.4   35184.   0.36   6.89   0.00   0.00    0.00  0.00  0.00  0.00   0.33  370.1    145076.  11.85  374.2  31575.
088 20 50 10 0.78 289.43 294.85 -4.84 1680   11.94   375.3   35649.   0.35   6.90   0.00   0.00    0.00  0.00  0.00  0.00   0.38  373.1    142841.  12.54  376.5  39972.
088 20 51 31 0.78 289.43 294.83 -4.84 1680   11.09   377.2   35986.   0.70   7.07   0.00   0.00    0.00  0.00  0.00  0.00   0.31  374.2    111409.  11.49  373.6  32075.
088 20 52 52 0.78 289.43 294.82 -4.84 1680   11.39   375.5   35473.   0.73   6.80   0.00   0.00    0.00  0.00  0.00  0.00   0.33  370.7    161137.  10.80  377.3  32631.
088 20 54 13 0.78 289.43 294.81 -4.84 1680   11.37   377.0   37611.   0.64   6.93   0.00   0.00    0.00  0.00  0.00  0.00   0.33  371.9    134499.  10.94  376.0  25932.
088 20 55 34 0.78 289.43 294.80 -4.84 1680   10.78   376.3   36620.   1.04   6.93   0.00   0.00    0.00  0.00  0.00  0.00   0.29  374.0     66489.  11.74  377.6  36256.
088 20 56 55 0.78 289.43 294.79 -4.84 1680   11.15   378.9   38124.   0.94   6.76   0.00   0.00    0.00  0.00  0.00  0.00   0.26  383.1    188034.  11.11  376.4  34749.
088 20 58 16 0.78 289.43 294.77 -4.84 1680   10.73   376.9   30185.   0.95   7.14   0.00   0.00    0.00  0.00  0.00  0.00   0.28  378.4    116035.  11.27  375.8  35152.
088 20 59 37 0.78 289.43 294.76 -4.84 1680   10.85   376.6   40593.   0.62   6.90   0.00   0.00    0.00  0.00  0.00  0.00   0.27  371.4    122441.  11.00  374.2  37403.
088 21 00 58 0.78 289.43 294.75 -4.84 1680   10.52   373.9   37828.   0.69   7.04   0.00   0.00    0.00  0.00  0.00  0.00   0.20  376.4     52040.  10.67  377.1  34609.
088 21 02 19 0.78 289.43 294.74 -4.84 1680   10.91   376.7   38140.   0.86   7.16   0.00   0.00    0.00  0.00  0.00  0.00   0.25  370.4    143530.  11.37  375.4  40063.
088 21 03 40 0.78 289.43 294.73 -4.85 1680   10.59   374.7   40170.   1.06   7.27   0.00   0.00    0.00  0.00  0.00  0.00   0.30  376.9    167646.  10.29  376.6  36974.
088 21 05 01 0.78 289.43 294.71 -4.85 1680   10.93   378.2   38920.   1.08   7.16   0.00   0.00    0.00  0.00  0.00  0.00   0.27  372.5    106173.  10.88  377.7  31081.
088 21 06 22 0.78 289.43 294.70 -4.85 1680   10.98   375.3   37802.   1.24   7.31   0.00   0.00    0.00  0.00  0.00  0.00   0.34  370.5    191386.  11.33  376.9  35031.
088 21 07 43 0.78 289.43 294.69 -4.85 1680   11.13   376.0   38455.   0.83   7.08   0.00   0.00    0.00  0.00  0.00  0.00   0.30  373.9    101066.  11.55  375.1  37185.
088 21 09 04 0.78 289.43 294.68 -4.85 1680   11.76   375.4   36253.   1.38   7.54   0.00   0.00    0.00  0.00  0.00  0.00   0.25  377.5     90346.  11.95  375.9  35483.
088 21 10 25 0.78 289.43 294.66 -4.85 1680   12.06   376.8   36993.   1.09   7.45   0.00   0.00    0.00  0.00  0.00  0.00   0.31  374.7    115619.  11.91  374.5  33700.
088 21 11 46 0.78 289.43 294.65 -4.85 1680   11.68   375.3   35230.   1.34   7.26   0.00   0.00    0.00  0.00  0.00  0.00   0.31  380.8    120557.  11.90  375.9  37455.
088 21 13 07 0.78 289.43 294.64 -4.85 1680   11.42   377.5   38920.   1.03   7.27   0.00   0.00    0.00  0.00  0.00  0.00   0.27  375.0    115112.  11.24  376.7  32501.
088 21 14 28 0.78 289.43 294.63 -4.85 1680   11.50   375.1   35184.   1.08   7.13   0.00   0.00    0.00  0.00  0.00  0.00   0.31  368.8     81406.  11.86  375.4  36250.
088 21 15 49 0.78 289.43 294.61 -4.85 1680   10.97   376.6   38939.   1.10   7.15   0.00   0.00    0.00  0.00  0.00  0.00   0.23  374.7    131653.  11.33  374.0  34229.
088 21 17 10 0.78 289.43 294.60 -4.85 1680   12.34   377.5   28970.   0.79   6.89   0.00   0.00    0.00  0.00  0.00  0.00   0.34  378.5     79145.  12.67  377.6  33683.
088 21 18 30 0.78 289.43 294.59 -4.85 1680   12.67   377.4   31851.   0.00   0.00   0.00   0.00    0.00  0.00  0.00  0.00   0.31  374.5    112436.  13.40  375.9  26066.
088 23 24 30 0.78 289.44 293.44 -4.86 1680   18.73   404.5   59310.   1.51  10.01   0.00   0.00    0.00  0.00  0.00  0.00   0.50  399.7    328627.  19.45  404.8  56816.
088 23 25 51 0.78 289.44 293.43 -4.86 1680   19.48   403.6   55997.   2.06   9.32   0.00   0.00    0.00  0.00  0.00  0.00   0.51  395.3    237488.  20.99  401.2  60668.
088 23 27 12 0.78 289.44 293.42 -4.86 1680   21.07   398.3   59284.   2.37   9.05   0.00   0.00    0.00  0.00  0.00  0.00   0.54  400.4    317478.  22.35  394.9  64511.
088 23 28 07 0.78 289.44 293.41 -4.86 1680   22.33   399.8   63923.   2.45   9.04   0.00   0.00    0.00  0.00  0.00  0.00   0.49  397.3    220025.  21.74  398.3  57339.
088 23 29 28 0.78 289.44 293.40 -4.86 1680   21.94   391.4   60301.   2.64   9.52   0.00   0.00    0.00  0.00  0.00  0.00   0.52  382.1    285916.  22.97  386.3  60636.
088 23 30 49 0.78 289.44 293.39 -4.86 1680   23.37   391.5   66970.   2.42   9.17   0.00   0.00    0.00  0.00  0.00  0.00   0.49  392.0    216906.  23.45  391.0  57348.
088 23 32 10 0.78 289.44 293.37 -4.86 1680   21.86   395.6   59557.   2.71   8.77   0.00   0.00    0.00  0.00  0.00  0.00   0.52  388.5    232278.  23.38  393.9  65141.
088 23 33 31 0.78 289.44 293.36 -4.86 1680   23.07   398.9   72889.   2.30   9.03   0.00   0.00    0.00  0.00  0.00  0.00   0.50  395.0    253796.  23.13  396.2  61789.
088 23 34 52 0.78 289.44 293.35 -4.86 1680   23.35   397.2   61263.   2.72   8.72   0.00   0.00    0.00  0.00  0.00  0.00   0.63  392.1    273442.  23.10  393.4  72561.
088 23 36 13 0.78 289.45 293.34 -4.86 1680   22.39   398.4   75657.   3.49   7.54   0.00   0.00    0.00  0.00  0.00  0.00   0.64  394.3    235786.  22.36  395.5  66282.
088 23 37 34 0.78 289.45 293.33 -4.86 1680   21.62   398.3   67980.   3.09   8.27   0.00   0.00    0.00  0.00  0.00  0.00   0.45  387.4    233655.  22.27  398.0  71109.
088 23 38 55 0.78 289.45 293.31 -4.86 1680   22.14   396.5   68348.   2.92   8.36   0.00   0.00    0.00  0.00  0.00  0.00   0.43  391.8    209824.  22.73  396.3  65141.
088 23 40 16 0.78 289.45 293.30 -4.86 1680   21.77   399.8   62565.   2.87   8.76   0.00   0.00    0.00  0.00  0.00  0.00   0.60  398.3    324651.  23.07  398.7  77817.
088 23 41 37 0.78 289.45 293.29 -4.86 1680   23.03   401.9   73925.   2.50   8.89   0.00   0.00    0.00  0.00  0.00  0.00   0.44  394.8    213775.  23.26  398.7  63546.
088 23 42 58 0.78 289.45 293.28 -4.86 1680   22.45   399.3   65333.   3.19   8.78   0.00   0.00    0.00  0.00  0.00  0.00   0.36  408.4    181719.  24.15  398.0  77320.
088 23 44 19 0.78 289.45 293.27 -4.86 1680   23.27   401.9   73977.   3.38   9.16   0.00   0.00    0.00  0.00  0.00  0.00   0.42  396.4    215464.  24.14  400.2  65034.
088 23 45 40 0.78 289.45 293.25 -4.86 1680   22.16   398.5   63770.   3.55   8.51   0.00   0.00    0.00  0.00  0.00  0.00   0.59  399.2    331824.  22.75  396.9  68815.
088 23 47 01 0.78 289.45 293.24 -4.86 1680   22.52   400.9   78018.   3.74   8.65   0.00   0.00    0.00  0.00  0.00  0.00   0.45  400.3    242920.  22.86  398.3  64560.
088 23 48 22 0.78 289.45 293.23 -4.86 1680   21.45   398.9   65145.   3.27   8.95   0.00   0.00    0.00  0.00  0.00  0.00   0.50  397.6    324443.  23.13  396.7  71093.
088 23 49 42 0.78 289.45 293.22 -4.86 1680   21.81   397.8   75764.   0.00   0.00   0.00   0.00    0.00  0.00  0.00  0.00   0.43  395.1    249521.  22.45  397.6  61571.
088 23 52 42 0.78 289.45 293.19 -4.86 1680   21.93   400.0   76599.   3.10   8.94   0.00   0.00    0.00  0.00  0.00  0.00   0.46  397.3    227730.  21.67  397.8  62312.
088 23 54 03 0.78 289.45 293.18 -4.86 1680   21.69   398.6   64030.   3.86   8.64   0.00   0.00    0.00  0.00  0.00  0.00   0.60  393.3    297533.  22.10  395.8  71365.
088 23 55 07 0.78 289.45 293.17 -4.86 1680   23.07   399.6   78018.   3.64   9.20   0.00   0.00    0.00  0.00  0.00  0.00   0.35  397.1    235526.  22.96  397.6  64105.
088 23 56 28 0.78 289.45 293.15 -4.86 1680   22.33   399.7   63959.   3.56   9.39   0.00   0.00    0.00  0.00  0.00  0.00   0.50  400.9    347546.  23.72  397.8  81432.
088 23 57 49 0.78 289.45 293.14 -4.86 1680   21.39   400.3   77953.   3.37   9.00   0.00   0.00    0.00  0.00  0.00  0.00   0.42  393.4    204536.  22.77  397.7  69839.
088 23 59 10 0.78 289.45 293.13 -4.86 1680   21.49   399.7   67162.   3.70   8.74   0.00   0.00    0.00  0.00  0.00  0.00   0.51  394.6    345974.  23.14  398.4  79461.
