166  0:01:03 0.64 115.48 181.19  6.06 1682  14.04   463.2 228721.  0.20 -1.05  -7.01  15.09  -4.88 0.82 0.26 0.38 -1.00  -1.0     -1. 13.10 463.5 197977.
166  0:03:45 0.64 115.48 181.16  6.06 1682  13.14   461.5 238427.  0.12  2.35  -9.52  14.39   1.47 0.43 0.33 0.20 -1.00  -1.0     -1. 12.80 459.9 237245.
166  0:06:27 0.64 115.49 181.14  6.06 1682  14.33   453.0 226450.  0.99  0.00 -11.09  12.29   1.83 0.20 0.30 1.39 -1.00  -1.0     -1. 13.53 450.3 213502.
166  0:09:09 0.64 115.49 181.12  6.06 1682  14.44   529.5 212511.  0.00  3.18   0.05  -9.86  10.97 0.35 0.96 0.47 -1.00  -1.0     -1. 13.33 532.2 178425.
166  0:11:51 0.64 115.49 181.09  6.06 1682  17.65   526.9 263203.-12.40  6.13   0.64  -8.30  12.80 1.25 0.93 0.63 -1.00  -1.0     -1. 16.10 534.0 248734.
166  0:14:33 0.64 115.49 181.07  6.06 1682  15.34   514.5 209863.-12.91  6.30  -2.99 -10.34  11.76 0.16 0.16 0.00  0.36 542.2 362840. 14.94 518.3 200449.
166  0:17:15 0.64 115.49 181.05  6.06 1682  15.93   533.9 221058.-11.89  6.52   2.13  -9.11  12.70 0.36 0.45 0.34 -1.00  -1.0     -1. 14.95 538.7 225066.
166  0:19:57 0.64 115.49 181.02  6.06 1682  14.03   509.9 172042.-10.07  8.71  -8.58  -1.79  13.13 0.86 0.66 0.34  0.76 520.8 614465. 14.20 514.0 196340.
166  0:22:39 0.64 115.49 181.00  6.06 1682  17.31   481.2 281914.-11.18  6.69  -3.27  -3.80  10.78 5.32 4.35 1.49 -1.00  -1.0     -1. 17.24 487.0 263736.
166  0:25:21 0.64 115.49 180.98  6.06 1682  16.20   535.5 223816. -9.07  7.26  -0.19  -4.88  14.33 0.92 0.79 0.17 -1.00  -1.0     -1. 16.11 542.7 245918.
166  0:28:03 0.64 115.50 180.95  6.06 1682  15.23   514.1 207989.-11.47  7.03  -6.42  -7.17  11.93 0.89 1.64 0.59 -1.00  -1.0     -1. 14.65 523.6 220470.
166  0:30:45 0.64 115.50 180.93  6.06 1682  15.16   498.7 208775.-11.26  8.52  -4.39  -5.33  13.72 2.01 0.38 0.35 -1.00  -1.0     -1. 15.16 508.9 214639.
166  0:33:27 0.64 115.50 180.90  6.06 1682  14.91   511.5 196580.-10.92  8.25  -0.46  -3.59  14.75 0.31 0.56 0.30  0.58 521.9 442635. 14.01 518.3 174436.
166  0:36:09 0.64 115.50 180.88  6.06 1682  16.00   489.9 217094. -6.01  8.56   1.27  -4.02  13.28 2.24 1.08 0.75 -1.00  -1.0     -1. 16.53 489.6 267436.
166  0:38:51 0.64 115.50 180.86  6.06 1682  14.69   532.0 185753. -8.44  8.00   4.99  -5.68  12.28 1.39 0.71 0.56 -1.00  -1.0     -1. 15.20 533.6 208080.
166  0:41:33 0.64 115.50 180.83  6.06 1682  17.38   487.7 306612. -7.59  8.25  -4.63  -1.78  13.31 2.18 2.21 0.30 -1.00  -1.0     -1. 17.41 495.2 347384.
166  0:44:15 0.64 115.50 180.81  6.05 1682  15.90   505.7 222451. -8.63  8.61  -2.19  -1.71  14.32 0.93 0.49 0.20  0.57 521.1 433409. 15.63 507.5 224465.
166  0:46:57 0.64 115.50 180.79  6.05 1682  14.67   496.7 211777. -8.22  8.71  -5.09  -0.93  14.23 0.17 0.19 0.00 -1.00  -1.0     -1. 14.89 501.9 253896.
166  0:49:39 0.64 115.51 180.76  6.05 1682  16.03   493.9 243079. -8.96  8.47  -4.65  -2.73  13.91 0.36 0.25 0.16 -1.00  -1.0     -1. 15.27 499.2 229614.
166  0:52:21 0.64 115.51 180.74  6.05 1682  15.77   492.6 212128. -9.56  8.40  -5.16  -3.50  13.67 0.70 0.38 0.20  0.46 518.1 295155. 15.57 499.0 249923.
166  0:55:03 0.64 115.51 180.72  6.05 1682  16.31   484.2 254341.-10.00  7.97  -7.11  -2.97  12.84 0.76 0.66 0.30 -1.00  -1.0     -1. 16.11 489.0 243407.
166  0:57:45 0.64 115.51 180.69  6.05 1682  -1.00    -1.0     -1. -1.00 -1.00  -2.59   1.35  12.15 0.56 0.78 1.22 -1.00  -1.0     -1. 14.84 506.3 228412.
166  1:00:27 0.64 115.51 180.67  6.05 1682  14.82   477.8 210227. -9.31  8.10  -7.81  -2.29  11.93 0.00 0.00 0.00 -1.00  -1.0     -1. 15.15 484.6 250053.
166  1:03:09 0.64 115.51 180.65  6.05 1682  15.13   478.3 243193.-11.41  7.56  -7.88  -5.47  10.72 0.30 0.32 0.25 -1.00  -1.0     -1. 14.13 484.5 216484.
166  1:05:51 0.64 115.51 180.62  6.05 1682  15.01   471.8 271626. -8.92  7.22 -10.54  -2.16   8.91 0.51 0.33 0.57 -1.00  -1.0     -1. 14.73 474.6 293411.
166  1:08:33 0.64 115.51 180.60  6.05 1682  14.74   474.3 249660. -9.05  7.16  -9.84  -2.29   9.78 0.37 1.24 0.68 -1.00  -1.0     -1. 14.34 479.2 227009.
166  1:11:15 0.64 115.52 180.57  6.05 1682  15.63   491.5 256619.-12.25  6.13  -4.12 -10.43   7.77 0.95 0.78 0.96 -1.00  -1.0     -1. 15.08 497.5 236498.
166  1:13:57 0.64 115.52 180.55  6.05 1682  13.98   499.1 194625.-13.02  5.70  -2.79  -9.71   8.66 0.71 0.50 0.62 -1.00  -1.0     -1. 14.13 509.3 219677.
166  1:16:39 0.64 115.52 180.53  6.05 1682  13.77   487.7 218530.-12.41  6.48  -5.32  -9.27   7.93 0.87 0.28 0.03 -1.00  -1.0     -1. 13.61 495.0 195359.
166  1:19:21 0.64 115.52 180.50  6.05 1682  13.44   463.7 273774.-12.03  3.47 -10.90  -6.47   4.25 0.74 0.19 1.36  0.43 534.4 438269. 13.11 467.7 267783.
166  1:22:03 0.64 115.52 180.48  6.05 1682  14.01   456.8 244742.-11.76  3.85  -8.32  -1.89   7.91 1.80 2.12 1.68 -1.00  -1.0     -1. 14.25 465.6 295912.
166  1:24:45 0.64 115.52 180.46  6.05 1682  11.91   495.3 179942.-16.22  4.13  -2.76 -10.40   6.69 0.97 0.11 0.01 -1.00  -1.0     -1. 11.19 505.0 148675.
166  1:27:27 0.64 115.52 180.43  6.05 1682  14.50   502.9 206339.-13.54  8.04  -3.22  -8.36   8.86 0.54 0.43 0.32 -1.00  -1.0     -1. 14.41 508.8 210750.
166  1:30:09 0.64 115.53 180.41  6.05 1682  13.03   494.4 200076.  0.00  3.73  -4.90   9.44   3.29 0.99 0.71 1.40 -1.00  -1.0     -1. 12.44 494.5 249732.
166  1:32:51 0.64 115.53 180.39  6.05 1682  15.79   468.6 275983.  0.00  9.82  -7.63  -2.01  10.96 0.52 0.59 0.52  0.38 499.6 313463. 15.38 462.4 249040.
166  1:35:33 0.64 115.53 180.36  6.05 1682  11.81   515.5 155793. -6.48 10.54  -4.81  12.92   3.18 0.77 0.63 0.95 -1.00  -1.0     -1. 11.65 519.4 153291.
166  1:38:15 0.64 115.53 180.34  6.05 1682  12.14   478.8 175059.  1.46  1.34  -7.98  14.39   1.55 0.78 0.67 0.80  0.34 493.4 417193. 12.18 474.2 176570.
166  1:40:57 0.64 115.53 180.32  6.05 1682  10.37   452.6 122366.  2.41  1.27  -9.02  13.82  -4.34 0.48 0.21 0.93  0.28 483.2 385774. 10.61 452.4 149656.
166  1:43:39 0.64 115.53 180.29  6.05 1682  12.23   455.5 166617.  0.27 -3.53  -6.12  14.42  -5.20 0.19 0.16 0.32 -1.00  -1.0     -1. 11.80 455.5 161812.
166  1:46:21 0.64 115.53 180.27  6.05 1682  12.27   467.2 169745.  1.46 -2.83  -4.22  12.57  -9.14 0.14 1.25 1.66  0.24 482.6 328731. 11.81 469.0 176222.
166  1:49:03 0.64 115.53 180.25  6.05 1682  10.84   482.8 153084.  2.81 -0.90  -0.86  15.87  -4.68 0.71 0.12 0.30 -1.00  -1.0     -1. 10.48 480.0 138833.
166  1:51:45 0.64 115.54 180.22  6.05 1682  12.80   452.7 182333.  2.21  0.67  -6.67  15.02  -2.76 1.25 0.51 0.31 -1.00  -1.0     -1. 11.95 449.7 156946.
166  1:54:27 0.64 115.54 180.20  6.05 1682  13.12   469.8 133713.  3.39  0.64  -4.67  16.00  -0.42 0.76 0.26 0.78  0.27 469.8 342868. 11.94 466.1 149176.
166  1:57:09 0.64 115.54 180.17  6.05 1682  12.76   435.8 159119.  2.26 -0.21 -10.63  12.48  -3.94 0.99 1.04 1.12 -1.00  -1.0     -1. 13.07 435.4 187888.
166  1:59:51 0.64 115.54 180.15  6.05 1682  13.61   412.8 203526. -2.48 -0.40 -13.52  10.03  -1.57 0.78 1.24 0.51 -1.00  -1.0     -1. 13.31 412.0 190685.
166  2:02:33 0.64 115.54 180.13  6.05 1682  13.06   502.5 170966.  0.44  7.23   3.03  12.69   7.07 1.05 0.67 0.53 -1.00  -1.0     -1. 13.00 500.9 157999.
166  2:05:13 0.64 115.54 180.10  6.05 1682  14.16   454.3 190110.  2.68  2.07  -6.14  15.13   1.40 0.63 0.31 0.75 -1.00  -1.0     -1. 14.36 454.5 224910.
166  2:07:55 0.64 115.54 180.08  6.05 1682  15.47   412.0 156585.  0.00  3.72 -10.55   9.29   0.42 2.79 3.86 1.23  0.30 478.5 375808. 15.20 410.9 193868.
166  2:10:37 0.64 115.54 180.06  6.05 1682  -1.00    -1.0     -1. -1.00 -1.00  -7.28   7.55  -9.25 0.00 0.00 0.00 -1.00  -1.0     -1. -1.00  -1.0     -1.
166  2:48:25 0.64 115.56 179.73  6.05 1682  14.08   458.3 212855.  0.52 -1.65   0.00   0.00   0.00 0.00 0.00 0.00 -1.00  -1.0     -1. 13.24 458.1 195352.
166  2:51:07 0.64 115.56 179.70  6.04 1682  12.43   445.1 165561. -2.15  2.01  -6.68   8.73  -9.18 0.97 0.66 0.83 -1.00  -1.0     -1. 12.35 442.3 157901.
166  2:53:49 0.64 115.56 179.68  6.04 1682  13.51   491.7 182784. -1.95 -1.80  -0.60   8.32 -12.91 0.58 0.34 0.16  0.25 511.9 536840. 12.94 494.0 189616.
166  2:56:31 0.64 115.57 179.66  6.04 1682  13.83   498.7 183655. -0.84 -5.27   0.22   9.64 -11.54 0.46 0.20 0.20 -1.00  -1.0     -1. 13.14 498.2 166454.
166  2:59:15 0.64 115.57 179.63  6.04 1682  13.51   479.2 190493. -0.36 -0.48  -2.31  11.49  -9.63 0.48 0.35 0.41  0.20 492.3 337099. 13.98 476.1 181491.
166  3:01:57 0.64 115.57 179.61  6.04 1682  13.87   477.9 212219.  1.03 -3.58  -2.90  12.46  -7.93 2.64 0.64 1.14  0.16 498.9 264567. 13.16 477.3 190665.
166  3:04:39 0.64 115.57 179.59  6.04 1682  15.23   459.5 211199.  2.16 -0.50  -6.14  14.25  -2.99 0.42 0.20 0.30 -1.00  -1.0     -1. 14.54 455.6 214833.
166  3:07:21 0.64 115.57 179.56  6.04 1682  14.46   460.2 186851.  2.38  1.48  -5.28  14.64  -0.67 0.69 0.33 0.49 -1.00  -1.0     -1. 13.94 456.3 183661.
166  3:10:03 0.64 115.57 179.54  6.04 1682  14.08   452.3 172782.  2.59  1.42  -6.36  14.35   0.14 0.16 0.23 0.32  0.09 524.4 376925. 13.41 452.8 177288.
166  3:12:45 0.64 115.57 179.52  6.04 1682  13.63   455.4 163190.  2.69  3.02  -6.02  14.30   1.62 0.29 0.13 0.17 -1.00  -1.0     -1. 13.12 450.8 166289.
166  3:15:27 0.64 115.57 179.49  6.04 1682  13.62   455.5 171753.  2.66  4.22  -5.84  13.94  -1.84 0.22 0.34 1.06 -1.00  -1.0     -1. 12.80 454.6 163914.
166  3:18:09 0.64 115.58 179.47  6.04 1682  14.24   452.0 197574.  2.47  3.85  -5.36  14.10   2.64 0.25 0.10 0.59 -1.00  -1.0     -1. 13.73 449.9 182787.
166  3:20:51 0.64 115.58 179.45  6.04 1682  13.47   450.4 174955.  2.86  2.78  -5.49  14.27   0.57 0.42 0.23 0.32 -1.00  -1.0     -1. 13.26 444.8 167260.
166  3:23:33 0.64 115.58 179.42  6.04 1682  14.80   441.7 192790.  2.25  1.93  -6.96  13.47   1.80 0.73 0.32 0.93  0.10 535.0 360124. 14.46 439.6 192913.
166  3:26:15 0.64 115.58 179.40  6.04 1682  14.44   456.4 177811.  1.35  6.76  -6.25  13.51   3.20 0.36 0.37 0.92 -1.00  -1.0     -1. 13.73 457.5 185783.
166  3:28:57 0.64 115.58 179.37  6.04 1682  15.90   454.0 205907.  1.89  4.05  -5.37   8.35  10.39 0.96 1.86 1.81 -1.00  -1.0     -1. 15.38 449.9 184227.
166  3:31:39 0.65 115.58 179.35  6.04 1682  14.39   469.6 176368.  0.77  8.22  -6.00  12.11   7.53 0.19 0.24 0.62  0.20 494.2 378108. 14.01 465.1 193040.
166  3:34:21 0.65 115.58 179.33  6.04 1682  13.94   460.7 173984.  0.69  6.61  -5.81  11.95   7.32 0.72 1.85 0.85  0.24 482.5 398001. 13.92 455.5 177912.
166  3:37:03 0.65 115.58 179.30  6.04 1682  13.58   454.2 162806.  0.70  7.10  -6.99  12.21   7.43 0.62 0.82 0.73 -1.00  -1.0     -1. 13.43 455.8 163102.
166  3:39:45 0.65 115.59 179.28  6.04 1682  14.32   469.6 179497.  2.32  6.71  -4.60  14.33   4.58 0.26 0.34 1.40 -1.00  -1.0     -1. 13.81 469.5 181501.
166  3:42:27 0.65 115.59 179.26  6.04 1682  12.28   468.1 163914.  1.03  7.49  -5.23  12.46   8.09 1.06 0.93 1.15 -1.00  -1.0     -1. 12.81 465.4 163586.
166  3:45:09 0.65 115.59 179.23  6.04 1682  13.82   480.9 211877.  0.31  0.00  -4.20   9.23  11.50 0.91 0.33 0.13 -1.00  -1.0     -1. 13.71 479.0 193553.
166  3:47:51 0.65 115.59 179.21  6.04 1682  14.08   465.0 165879.  1.79  5.87  -6.50  13.31   5.65 0.84 0.25 0.44  0.20 490.1 337021. 14.01 462.0 175868.
166  3:50:33 0.65 115.59 179.19  6.04 1682  14.90   439.9 155556.  1.47  2.99  -8.23  13.48   1.78 0.83 0.37 0.56 -1.00  -1.0     -1. 15.16 441.3 165077.
166  3:56:22 0.65 115.59 179.14  6.04 1682  -1.00    -1.0     -1. -1.00 -1.00  -7.44  12.84   6.47 0.00 0.00 0.00 -1.00  -1.0     -1. -1.00  -1.0     -1.
166  3:57:43 0.65 115.59 179.13  6.04 1682  -1.00    -1.0     -1. -1.00 -1.00  -7.60  13.13   6.07 0.64 0.30 0.39 -1.00  -1.0     -1. -1.00  -1.0     -1.
166  3:59:04 0.65 115.59 179.11  6.04 1682  -1.00    -1.0     -1. -1.00 -1.00  -9.32  12.53   4.21 0.26 0.19 0.48 -1.00  -1.0     -1. -1.00  -1.0     -1.
166  4:00:00 0.65 115.54 179.05  6.07 1683  -1.00    -1.0     -1. -1.00 -1.00  -9.93  12.23   3.63 0.26 0.38 0.68 -1.00  -1.0     -1. -1.00  -1.0     -1.
166  4:00:25 0.65 115.60 179.10  6.04 1682  -1.00    -1.0     -1. -1.00 -1.00 -10.09  12.30   2.65 0.57 0.51 0.93 -1.00  -1.0     -1. -1.00  -1.0     -1.
166  4:00:34 0.65 115.60 179.10  6.04 1682  13.58   456.3 165639.  1.75  6.26  -9.80  12.51   2.17 0.84 0.72 1.18  0.20 478.7 389126. 13.19 453.5 161328.
166  4:01:21 0.65 115.60 179.09  6.04 1682  14.67   439.0 150199.  1.22  3.26  -8.25  13.75   0.49 0.53 0.25 0.36  0.09 541.2 425132. 14.24 438.9 160220.
166  4:02:42 0.65 115.60 179.08  6.04 1682  15.54   445.3 169505.  1.38  2.41  -9.11  13.33   1.10 0.20 0.15 0.60  0.22 502.7 463906. 15.69 444.3 196275.
166  4:04:03 0.65 115.60 179.07  6.04 1682  14.52   438.0 145476.  1.16  2.21  -7.44  14.57  -1.65 0.62 0.29 0.52 -1.00  -1.0     -1. 14.44 438.5 156894.
166  4:05:24 0.65 115.60 179.06  6.04 1682  13.41   446.5 171483.  2.05  1.00  -6.21  14.74  -3.54 0.45 0.20 0.50 -1.00  -1.0     -1. 13.41 444.6 192085.
166  4:06:45 0.65 115.60 179.05  6.04 1682  13.74   450.2 191581.  2.14 -0.41  -7.23  13.96  -5.15 0.48 0.15 0.48 -1.00  -1.0     -1. 13.47 447.9 177577.
166  4:08:06 0.65 115.60 179.03  6.04 1682  13.83   451.0 167068.  1.45 -2.20  -7.04  13.33  -5.83 0.32 0.19 0.40 -1.00  -1.0     -1. 13.97 450.6 182385.
166  4:09:27 0.65 115.60 179.02  6.04 1682  14.84   450.9 196230.  0.87 -1.65  -5.23  13.64  -6.86 0.84 0.27 0.88  0.25 478.2 357291. 14.20 448.8 173978.
166  4:10:48 0.65 115.60 179.01  6.04 1682  14.01   462.9 188008.  0.89 -2.47  -8.05  11.75  -7.79 0.50 0.38 0.32  0.17 489.9 296922. 13.54 460.6 167127.
166  4:12:09 0.65 115.60 179.00  6.04 1682  14.04   448.6 193842. -0.51 -2.25  -9.41  10.47  -8.37 0.35 0.38 0.30  0.20 468.5 267413. 13.84 447.5 168361.
166  4:13:30 0.65 115.60 178.99  6.04 1682  13.66   438.6 143306. -1.36 -3.25  -7.34  10.31  -8.60 0.72 0.71 1.16  0.15 491.0 212462. 13.15 436.3 146804.
166  4:14:51 0.65 115.60 178.97  6.04 1682  15.15   447.4 178233. -1.45 -4.47  -8.54   8.15 -10.29 0.24 0.20 0.14 -1.00  -1.0     -1. 14.47 447.9 158366.
166  4:16:12 0.65 115.60 178.96  6.04 1682  13.89   444.4 156228. -2.41 -5.10  -8.45   6.34 -10.67 0.30 0.35 0.00 -1.00  -1.0     -1. 13.63 443.1 150267.
166  4:17:33 0.65 115.60 178.95  6.04 1682  14.46   441.7 172893. -3.34 -4.34  -7.92   7.89  -9.76 1.23 2.00 0.72 -1.00  -1.0     -1. 14.29 444.1 154682.
166  4:18:54 0.65 115.60 178.94  6.04 1682  14.53   445.1 151703. -1.43 -4.05  -7.88   6.68 -10.84 0.73 0.74 0.43  0.21 486.1 471221. 14.56 442.2 147607.
166  4:20:15 0.65 115.60 178.93  6.04 1682  14.24   439.5 152742. -4.12 -4.69  -8.86   5.21 -10.61 0.47 0.98 0.45  0.18 481.2 261345. 14.85 442.4 160717.
166  4:21:36 0.65 115.61 178.92  6.04 1682  12.89   469.3 167529.  0.00  0.48  -3.40  14.66  -0.82 1.45 0.43 2.08  0.17 495.2 349157. 13.32 464.9 173877.
166  4:22:57 0.65 115.61 178.90  6.04 1682  13.03   462.1 176161.  1.85 -1.83  -4.86  13.61  -3.98 0.46 0.61 1.36 -1.00  -1.0     -1. 13.47 459.4 200258.
166  4:24:18 0.65 115.61 178.89  6.04 1682  14.31   466.1 196447.  2.88  0.23  -3.89  14.62  -2.36 0.45 0.26 0.73  0.15 496.0 317179. 13.49 464.6 184415.
166  4:25:39 0.65 115.61 178.88  6.04 1682  14.74   473.2 196678.  3.07  0.23  -3.91  14.21  -3.67 0.99 0.37 1.00 -1.00  -1.0     -1. 13.93 471.0 205569.
166  4:26:58 0.65 115.61 178.87  6.04 1682  13.45   466.2 190564.  0.00  0.00  -4.22  13.75  -5.16 0.57 0.23 0.92 -1.00  -1.0     -1. 12.70 466.2 174783.
166  4:28:19 0.65 115.61 178.86  6.04 1682  -1.00    -1.0     -1. -1.00 -1.00  -3.42  14.32  -3.06 1.50 0.45 0.23 -1.00  -1.0     -1. -1.00  -1.0     -1.
166  5:37:55 0.65 115.64 178.25  6.03 1682  13.14   467.6 154718.  4.08  0.11   0.00   0.00   0.00 0.00 0.00 0.00  0.17 505.4 289646. 12.42 464.1 138193.
166  5:39:16 0.65 115.64 178.24  6.03 1682  12.61   475.6 153707.  3.79 -1.49  -4.62  13.97  -3.56 0.55 0.20 0.45  0.21 491.1 352965. 12.23 470.6 151274.
166  5:40:37 0.65 115.64 178.23  6.03 1682  12.54   458.9 151219.  3.41 -0.93  -6.17  13.10  -3.92 0.35 0.41 0.90  0.16 490.3 279939. 12.26 454.0 139466.
166  5:41:58 0.65 115.64 178.21  6.03 1682  12.42   457.2 136893.  3.94  1.12  -6.08  13.74  -1.12 0.33 0.19 0.95  0.13 507.2 531695. 12.13 456.3 137364.
166  5:43:21 0.65 115.64 178.20  6.03 1682  13.24   466.7 169391.  4.09  0.06  -5.70  14.05  -1.15 0.51 0.23 1.31  0.16 499.7 254289. 12.96 464.4 140129.
166  5:44:42 0.65 115.64 178.19  6.03 1682  13.06   453.3 148841.  3.35 -0.49  -6.22  13.81  -1.12 0.53 0.34 1.37  0.12 517.6 320571. 13.29 454.3 154448.
166  5:46:03 0.65 115.64 178.18  6.03 1682  13.19   460.9 160516.  3.61  0.11  -6.39  13.79  -1.76 0.18 0.18 0.40  0.26 476.7 381707. 13.64 456.3 154737.
166  5:47:24 0.65 115.64 178.17  6.03 1682  11.73   458.0 121541.  4.50  0.92  -6.30  13.86  -1.74 0.29 0.23 0.33  0.17 488.9 309994. 11.58 455.6 145521.
166  5:48:45 0.65 115.65 178.15  6.03 1682  13.05   463.1 148510.  4.12 -0.67  -6.40  13.28  -3.60 0.31 0.23 0.52  0.19 478.6 372390. 12.07 459.3 126524.
166  5:50:06 0.65 115.65 178.14  6.03 1682  12.02   445.3 157748.  4.10  3.04  -9.27  11.57   4.11 0.90 0.39 1.19  0.22 485.6 468882. 12.19 440.2 157027.
166  5:51:27 0.65 115.65 178.13  6.03 1682  12.44   434.9 130257.  3.00  3.44 -10.95  10.14   4.60 0.92 1.08 0.33 -1.00  -1.0     -1. 11.86 434.3 138365.
166  5:52:48 0.65 115.65 178.12  6.03 1682  11.13   428.8 108625.  2.73  2.24 -11.09  10.27   4.07 0.77 0.46 0.86  0.17 494.7 338191. 11.30 428.8 136458.
166  5:54:09 0.65 115.65 178.11  6.03 1682  13.20   441.1 156274.  3.83  0.98  -9.57  12.08   1.21 0.44 0.35 1.28 -1.00  -1.0     -1. 13.33 442.1 163141.
166  5:55:30 0.65 115.65 178.10  6.03 1682  12.38   451.3 148864.  4.17 -1.97  -8.18  12.93  -2.64 0.25 0.19 0.31  0.19 493.1 335826. 12.35 446.8 127336.
166  5:56:51 0.65 115.65 178.08  6.03 1682  12.59   459.0 145576.  4.16 -2.93  -7.54  12.57  -4.31 0.78 0.41 1.48  0.19 506.5 312827. 12.23 454.7 148344.
166  5:58:12 0.65 115.65 178.07  6.03 1682  13.10   449.8 143838.  3.65 -1.04  -8.19  12.87  -1.37 0.41 0.39 1.19  0.26 466.6 416855. 12.67 447.5 131192.
166  5:59:33 0.65 115.65 178.06  6.03 1682  12.44   450.1 117851.  4.16  2.64  -7.94  12.85   4.07 0.45 0.22 0.75  0.23 489.5 427510. 12.51 447.2 138706.
166  6:00:54 0.65 115.65 178.05  6.03 1682  13.05   495.8 163677.  4.15  0.00  -4.04  13.71   3.50 0.40 0.21 1.42  0.28 495.9 409579. 13.41 493.5 187095.
166  6:02:15 0.65 115.65 178.04  6.03 1682  13.91   476.9 182606.  4.86  3.68  -3.49  11.35   8.71 1.55 1.21 1.97  0.20 540.3 423846. 14.00 477.6 187520.
166  6:03:36 0.65 115.65 178.03  6.03 1682  13.70   484.5 202194.  1.50  7.19  -5.28  12.44   5.14 0.61 0.56 0.64  0.35 493.4 402952. 12.28 481.2 194774.
166  6:04:57 0.65 115.65 178.01  6.03 1682  12.65   469.5 180634.  3.96  4.03  -6.79   6.34  11.45 0.33 1.21 0.91 -1.00  -1.0     -1. 12.64 469.1 213632.
166  6:06:18 0.65 115.65 178.00  6.03 1682  13.12   467.1 182294. -0.79  0.00  -7.14   9.75   8.19 1.24 2.21 2.03 -1.00  -1.0     -1. 12.68 464.0 177847.
166  6:07:39 0.65 115.65 177.99  6.03 1682  12.10   457.1 178766.  0.03  8.53  -7.33   6.09  11.88 0.37 1.27 1.02 -1.00  -1.0     -1. 12.19 454.4 163443.
166  6:09:00 0.65 115.66 177.98  6.03 1682  12.10   465.1 164323. -1.29  9.83  -9.14   8.91   7.78 1.02 0.36 0.84  0.28 490.9 342842. 11.69 462.5 153538.
166  6:10:21 0.65 115.66 177.97  6.03 1682  13.51   463.0 185805.  1.13  7.50 -10.51   1.99   9.02 1.29 1.48 1.49 -1.00  -1.0     -1. 13.00 458.5 170827.
166  6:11:42 0.65 115.66 177.95  6.03 1682  15.61   451.9 240727. -4.60  8.47  -6.95   0.19  12.67 0.47 0.95 0.32 -1.00  -1.0     -1. 14.60 455.3 228955.
166  6:13:03 0.65 115.66 177.94  6.03 1682  13.80   465.9 169397. -3.93  9.30  -5.69   4.31  12.59 0.28 0.71 0.28 -1.00  -1.0     -1. 13.78 469.6 190395.
166  6:14:24 0.65 115.66 177.93  6.03 1682  14.66   472.8 187508. -1.59  8.98  -4.86   8.04  10.94 0.79 0.18 0.38 -1.00  -1.0     -1. 13.73 470.2 177944.
166  6:15:45 0.65 115.66 177.92  6.03 1682  12.07   473.3 150829.  0.81  8.00 -10.51   0.41   9.01 0.68 1.57 1.17 -1.00  -1.0     -1. 12.27 474.5 165200.
166  6:17:06 0.65 115.66 177.91  6.03 1682  14.17   454.0 236536. -4.68  8.31  -9.07   2.04  10.35 0.47 1.23 0.54 -1.00  -1.0     -1. 13.49 454.6 205877.
166  6:18:27 0.65 115.66 177.90  6.03 1682  13.98   460.4 251200. -2.49  7.98  -7.99  -2.32   9.96 0.76 2.49 0.37 -1.00  -1.0     -1. 13.88 458.2 238297.
166  6:19:48 0.65 115.66 177.88  6.03 1682  14.69   461.6 228701. -5.84  8.06  -8.94   0.95  10.09 0.54 0.73 0.37 -1.00  -1.0     -1. 15.09 465.7 257973.
166  6:21:09 0.65 115.66 177.87  6.03 1682  16.32   459.5 244862. -5.09  8.37  -9.03   1.00   9.93 0.19 0.05 0.19 -1.00  -1.0     -1. 15.12 457.5 255114.
166  6:22:30 0.65 115.66 177.86  6.03 1682  14.65   466.0 235780. -5.03  9.05  -7.71   0.17  10.88 0.65 1.03 0.59 -1.00  -1.0     -1. 13.44 467.1 196272.
166  6:23:51 0.65 115.66 177.85  6.03 1682  13.92   494.5 200628. -3.58  9.09  -3.43   2.68  12.43 1.80 1.17 0.29  0.35 514.4 420389. 12.84 495.0 194355.
166  6:25:12 0.65 115.66 177.84  6.03 1682  15.05   447.7 227340. -6.39  8.52 -10.55  -0.12   9.91 0.69 0.94 0.44  0.28 492.2 312359. 13.90 449.2 212326.
166  6:26:33 0.65 115.66 177.83  6.03 1682  14.11   442.5 208973. -6.32  9.30 -10.13   0.93  10.26 0.60 2.31 0.37 -1.00  -1.0     -1. 13.30 448.6 219716.
166  6:27:54 0.65 115.66 177.81  6.03 1682  13.26   448.7 220593. -3.55  8.94 -11.17   0.60   9.25 0.45 0.98 0.61 -1.00  -1.0     -1. 13.12 446.1 209188.
166  6:29:15 0.65 115.66 177.80  6.03 1682  14.36   443.3 216074. -2.15  7.78 -10.51   5.95   7.98 0.59 1.46 0.81 -1.00  -1.0     -1. 13.89 447.0 246084.
166  6:30:36 0.65 115.66 177.79  6.03 1682  13.56   442.8 238235. -0.45  6.79 -11.20   6.72   7.14 0.17 0.39 0.35  0.26 518.7 389802. 13.62 440.8 226564.
166  6:31:57 0.65 115.67 177.78  6.03 1682  14.12   445.4 202317.  0.26  6.50 -10.64   7.33   5.63 0.63 0.86 1.04 -1.00  -1.0     -1. 13.88 447.0 239983.
166  6:33:18 0.65 115.67 177.77  6.03 1682  14.77   481.5 200485. -4.63 10.04  -2.62   0.66  12.12 2.09 1.40 0.30 -1.00  -1.0     -1. 13.36 487.8 205618.
166  6:34:39 0.65 115.67 177.75  6.03 1682  14.27   471.2 236900. -3.09  9.10  -5.50   2.99  11.11 0.43 0.42 0.31 -1.00  -1.0     -1. 13.27 473.8 211543.
166  6:36:00 0.65 115.67 177.74  6.03 1682  15.20   475.3 196304. -5.06  9.22  -4.00   0.23  12.47 1.28 0.52 0.56 -1.00  -1.0     -1. 14.34 479.8 220343.
166  6:37:21 0.65 115.67 177.73  6.03 1682  14.11   474.7 176083. -4.64  8.57  -5.56   0.44  12.99 0.29 0.86 0.15 -1.00  -1.0     -1. 13.92 478.3 190142.
166  6:38:42 0.65 115.67 177.72  6.03 1682  14.50   472.4 192124. -1.48  9.27  -5.72   4.76  11.58 0.48 1.50 0.50 -1.00  -1.0     -1. 14.08 473.2 233437.
166  6:40:03 0.65 115.67 177.71  6.03 1682  13.84   463.9 195132. -2.72  9.44  -7.31   3.94  11.33 0.62 1.22 0.03 -1.00  -1.0     -1. 13.41 466.7 193254.
166  6:41:24 0.65 115.67 177.70  6.03 1682  12.73   469.2 193696. -5.86 10.29  -6.64   2.86  11.79 0.74 1.54 0.48 -1.00  -1.0     -1. 12.54 470.2 185562.
166  6:42:45 0.65 115.67 177.68  6.03 1682  14.95   479.8 224855.  2.49  4.64  -1.74  12.64   3.30 1.32 0.81 1.83 -1.00  -1.0     -1. 14.10 479.4 202372.
166  6:44:06 0.65 115.67 177.67  6.03 1682  13.77   480.7 195148.  0.00  0.00  -2.91   6.96   9.15 1.31 3.93 3.82 -1.00  -1.0     -1. 14.08 480.4 215116.
166  6:45:27 0.65 115.67 177.66  6.03 1682  13.96   485.5 224124.  3.64  1.50  -0.84  12.65   1.35 1.24 0.49 2.24 -1.00  -1.0     -1. 13.41 481.8 196152.
166  6:46:48 0.65 115.67 177.65  6.03 1682  14.30   472.6 220362. -5.35  8.40  -5.33   0.27  10.46 0.74 1.35 0.45 -1.00  -1.0     -1. 14.31 474.7 262544.
166  6:48:09 0.65 115.67 177.64  6.03 1682  15.10   471.5 259250.  1.48  0.00  -5.84   9.81   2.85 0.35 0.87 3.19 -1.00  -1.0     -1. 15.39 465.8 250703.
166  6:49:30 0.65 115.67 177.63  6.03 1682  14.73   471.1 234756.  0.64  5.32  -5.07   9.28   7.36 0.35 1.34 2.15 -1.00  -1.0     -1. 14.00 473.6 245369.
166  6:50:51 0.65 115.67 177.61  6.03 1682  16.81   490.3 293514.  1.15  5.75  -4.54   6.23   8.78 1.83 1.32 1.29 -1.00  -1.0     -1. 17.36 493.0 300804.
166  6:52:12 0.65 115.67 177.60  6.03 1682  14.66   467.4 349167. -3.06  4.95  -8.64   2.62   4.82 0.84 0.93 1.37 -1.00  -1.0     -1. 15.19 465.8 335189.
166  6:53:33 0.65 115.68 177.59  6.03 1682  13.52   475.8 285676. -2.96  6.63  -6.51   4.11   5.99 0.92 0.65 0.44 -1.00  -1.0     -1. 14.05 477.1 321299.
166  6:54:54 0.65 115.68 177.58  6.03 1682  14.93   462.3 357213. -8.02  1.41  -9.84  -4.11   0.21 0.29 0.33 1.27  0.28 537.9 249508. 14.87 466.8 333643.
166  6:56:15 0.65 115.68 177.57  6.03 1682  14.68   463.8 293056. -7.47  1.20 -10.55  -2.68   4.27 0.25 0.44 0.40 -1.00  -1.0     -1. 14.94 464.7 281086.
166  6:57:36 0.65 115.68 177.55  6.03 1682  14.82   472.3 311134.  0.00  2.48 -10.29  -1.76   5.32 0.26 0.25 0.25 -1.00  -1.0     -1. 14.84 471.2 281908.
166  6:58:57 0.65 115.68 177.54  6.03 1682  14.77   466.1 272299. -6.69  3.18  -9.86  -2.43  -0.71 0.75 1.71 3.77 -1.00  -1.0     -1. 14.34 465.9 260887.
166  7:00:18 0.65 115.68 177.53  6.03 1682  14.72   473.5 322234. -7.26  0.00  -9.89  -3.60  -2.21 0.38 1.06 1.81 -1.00  -1.0     -1. 14.49 477.0 295779.
166  7:01:39 0.65 115.68 177.52  6.03 1682  14.35   470.1 304208. -8.62  0.34 -10.39  -2.98  -2.31 0.24 0.73 0.43 -1.00  -1.0     -1. 14.57 473.3 327945.
166  7:03:00 0.65 115.68 177.51  6.03 1682  15.41   467.2 340003. -6.22 -0.76 -11.20  -0.41  -0.64 0.19 0.61 1.18  0.38 520.4 428472. 15.25 468.0 308532.
166  7:04:21 0.65 115.68 177.50  6.03 1682  14.45   462.0 325310. -4.80  0.40 -10.98   0.49   0.95 0.13 1.40 0.38 -1.00  -1.0     -1. 14.88 466.6 362596.
166  7:05:04 0.65 115.63 177.44  6.06 1683  -1.00    -1.0     -1. -1.00 -1.00 -10.74   1.39   1.33 0.13 0.42 0.84 -1.00  -1.0     -1. -1.00  -1.0     -1.
166  7:05:42 0.65 115.68 177.48  6.02 1682  14.94   463.6 342414. -3.64  0.77 -10.44  -1.66   0.28 0.59 1.58 1.25 -1.00  -1.0     -1. 14.84 464.4 325479.
166  7:07:03 0.65 115.68 177.47  6.02 1682  15.61   474.9 282872. -8.11  3.76 -10.18   2.91  -3.19 0.39 1.39 0.74 -1.00  -1.0     -1. 14.98 482.5 301990.
166  7:08:24 0.65 115.68 177.46  6.02 1682  14.37   465.2 342137. -3.49 -1.73  -9.91  -0.08  -4.50 0.57 1.46 1.17 -1.00  -1.0     -1. 13.94 465.9 314880.
166  7:09:45 0.65 115.68 177.45  6.02 1682  13.69   470.3 299440. -6.00 -2.87 -10.98   3.21   0.34 0.22 0.62 0.45 -1.00  -1.0     -1. 13.80 475.5 344661.
166  7:11:06 0.65 115.68 177.44  6.02 1682  15.45   465.2 323355.  0.00  0.75 -10.30   4.24   2.19 0.22 0.39 0.24 -1.00  -1.0     -1. 15.31 463.9 307441.
166  7:12:27 0.65 115.68 177.43  6.02 1682  14.83   466.7 329387. -2.35  1.91 -10.74   3.60   1.79 0.61 1.11 0.87 -1.00  -1.0     -1. 14.90 468.8 362249.
166  7:13:48 0.65 115.68 177.41  6.02 1682  15.36   469.0 342362. -1.24  0.91  -8.23   2.16   0.50 0.00 0.00 0.00 -1.00  -1.0     -1. 14.56 468.1 317654.
166  7:15:07 0.65 115.69 177.40  6.02 1682  14.96   466.9 312697.  0.00  0.00   0.00   0.00   0.00 0.00 0.00 0.00 -1.00  -1.0     -1. 15.19 467.5 349560.
166  7:17:49 0.65 115.69 177.38  6.02 1682  -1.00    -1.0     -1. -1.00 -1.00 -10.93   2.56   0.44 0.00 0.42 0.19 -1.00  -1.0     -1. -1.00  -1.0     -1.
166  7:19:10 0.65 115.69 177.37  6.02 1682  -1.00    -1.0     -1. -1.00 -1.00 -10.98   3.18   3.11 0.19 0.09 0.19 -1.00  -1.0     -1. -1.00  -1.0     -1.
166  7:26:40 0.65 115.64 177.25  6.06 1683  -1.00    -1.0     -1. -1.00 -1.00 -10.36   2.55   3.58 0.40 0.60 0.21 -1.00  -1.0     -1. -1.00  -1.0     -1.
166  7:37:28 0.65 115.64 177.16  6.06 1683  -1.00    -1.0     -1. -1.00 -1.00   2.67   6.91   4.06 1.01 0.25 0.24 -1.00  -1.0     -1. -1.00  -1.0     -1.
166  7:49:22 0.65 115.65 177.05  6.06 1683  -1.00    -1.0     -1. -1.00 -1.00   3.66   6.31   5.07 0.90 0.06 0.36 -1.00  -1.0     -1. -1.00  -1.0     -1.
166  8:00:10 0.65 115.65 176.95  6.05 1683  -1.00    -1.0     -1. -1.00 -1.00  -6.53   0.54  -6.10 0.11 0.25 0.20 -1.00  -1.0     -1. -1.00  -1.0     -1.
166  8:10:58 0.65 115.66 176.86  6.05 1683  -1.00    -1.0     -1. -1.00 -1.00  -8.36  -1.52  -3.28 0.17 1.19 0.19 -1.00  -1.0     -1. -1.00  -1.0     -1.
166  8:21:46 0.65 115.66 176.77  6.05 1683  -1.00    -1.0     -1. -1.00 -1.00  -4.74   2.64  -5.58 1.64 2.75 0.73 -1.00  -1.0     -1. -1.00  -1.0     -1.
166  8:32:34 0.65 115.67 176.67  6.05 1683  -1.00    -1.0     -1. -1.00 -1.00   2.40   6.23   2.27 1.87 0.52 2.55 -1.00  -1.0     -1. -1.00  -1.0     -1.
166  8:43:22 0.65 115.67 176.58  6.05 1683  -1.00    -1.0     -1. -1.00 -1.00   5.02   8.62   0.99 1.05 0.85 0.04 -1.00  -1.0     -1. -1.00  -1.0     -1.
166  8:54:10 0.65 115.68 176.48  6.05 1683  -1.00    -1.0     -1. -1.00 -1.00  -9.10  -2.21   3.90 0.41 0.27 1.00 -1.00  -1.0     -1. -1.00  -1.0     -1.
166  9:04:58 0.65 115.68 176.39  6.05 1683  -1.00    -1.0     -1. -1.00 -1.00  -1.75  -1.06   9.10 0.68 0.38 1.00 -1.00  -1.0     -1. -1.00  -1.0     -1.
166  9:14:40 0.65 115.69 176.30  6.05 1683  -1.00    -1.0     -1. -1.00 -1.00   3.17  -3.67  10.97 0.05 0.90 0.20 -1.00  -1.0     -1. -1.00  -1.0     -1.
166  9:25:28 0.65 115.69 176.21  6.05 1683  -1.00    -1.0     -1. -1.00 -1.00  -9.02   0.45   4.97 0.00 0.00 0.00 -1.00  -1.0     -1. -1.00  -1.0     -1.
166  9:36:16 0.65 115.70 176.12  6.05 1683  -1.00    -1.0     -1. -1.00 -1.00   0.96   7.45   5.59 1.10 1.21 1.58 -1.00  -1.0     -1. -1.00  -1.0     -1.
166  9:47:04 0.65 115.70 176.02  6.05 1683  -1.00    -1.0     -1. -1.00 -1.00  -7.36  -4.50   6.37 0.35 0.25 0.20 -1.00  -1.0     -1. -1.00  -1.0     -1.
166  9:57:52 0.65 115.71 175.93  6.05 1683  -1.00    -1.0     -1. -1.00 -1.00  -6.84  -0.79   8.09 0.17 0.74 0.33 -1.00  -1.0     -1. -1.00  -1.0     -1.
166 10:08:40 0.65 115.71 175.83  6.04 1683  -1.00    -1.0     -1. -1.00 -1.00  -9.68  -1.65   6.56 0.00 0.00 0.00 -1.00  -1.0     -1. -1.00  -1.0     -1.
166 10:19:28 0.65 115.72 175.74  6.04 1683  -1.00    -1.0     -1. -1.00 -1.00  -7.98  -3.75   6.96 0.41 0.99 0.00 -1.00  -1.0     -1. -1.00  -1.0     -1.
166 10:30:16 0.65 115.72 175.64  6.04 1683  -1.00    -1.0     -1. -1.00 -1.00  -9.27  -3.05   6.01 0.24 0.16 0.38 -1.00  -1.0     -1. -1.00  -1.0     -1.
166 10:41:04 0.65 115.73 175.55  6.04 1683  -1.00    -1.0     -1. -1.00 -1.00 -11.68   2.97   0.15 0.10 0.30 0.01 -1.00  -1.0     -1. -1.00  -1.0     -1.
166 10:51:52 0.65 115.73 175.45  6.04 1683  -1.00    -1.0     -1. -1.00 -1.00 -11.23  -0.57  -3.36 0.20 0.35 0.00 -1.00  -1.0     -1. -1.00  -1.0     -1.
166 11:02:40 0.65 115.74 175.36  6.04 1683  -1.00    -1.0     -1. -1.00 -1.00  -8.13   7.55  -1.94 0.41 0.90 0.33 -1.00  -1.0     -1. -1.00  -1.0     -1.
166 11:13:28 0.65 115.74 175.27  6.04 1683  -1.00    -1.0     -1. -1.00 -1.00 -10.13   4.33  -2.44 0.20 0.05 0.20 -1.00  -1.0     -1. -1.00  -1.0     -1.
166 11:25:22 0.65 115.75 175.16  6.04 1683  -1.00    -1.0     -1. -1.00 -1.00  -7.44   4.02  -5.51 1.68 1.49 0.62 -1.00  -1.0     -1. -1.00  -1.0     -1.
166 11:36:10 0.65 115.75 175.07  6.04 1683  -1.00    -1.0     -1. -1.00 -1.00  -5.13   8.53  -2.43 0.85 0.15 0.05 -1.00  -1.0     -1. -1.00  -1.0     -1.
166 12:01:22 0.65 115.82 174.90  6.00 1682  -1.00    -1.0     -1. -1.00 -1.00  -5.95   8.39  -3.59 0.00 0.00 0.00 -1.00  -1.0     -1. -1.00  -1.0     -1.
166 12:05:53 0.65 115.77 174.81  6.03 1683  -1.00    -1.0     -1. -1.00 -1.00  -6.12   8.74   0.33 0.27 0.10 1.20 -1.00  -1.0     -1. -1.00  -1.0     -1.
166 12:06:46 0.65 115.82 174.85  6.00 1682  -1.00    -1.0     -1. -1.00 -1.00  -6.81   7.89   2.72 0.28 0.19 0.47 -1.00  -1.0     -1. -1.00  -1.0     -1.
166 12:08:36 0.65 115.77 174.79  6.03 1683  -1.00    -1.0     -1. -1.00 -1.00  -2.80  10.35  -1.65 0.26 0.08 0.67 -1.00  -1.0     -1. -1.00  -1.0     -1.
166 12:09:28 0.65 115.82 174.83  6.00 1682  19.11   488.0 265964.  2.39  1.93  -1.46  10.15  -2.52 0.23 0.23 0.41 -1.00  -1.0     -1. 18.08 485.5 238983.
166 12:11:18 0.65 115.82 174.81  6.00 1682  14.13   490.4 196256.  1.32  0.00  -0.69   9.46   1.38 0.39 0.75 2.06  0.44 511.2 504070. 14.17 492.2 195288.
166 12:14:00 0.65 115.82 174.79  6.00 1682  15.59   505.6 179520.  2.10  3.64   1.95   9.96   4.45 0.62 1.24 2.43  0.35 509.0 350639. 14.47 504.1 150173.
166 12:16:42 0.65 115.82 174.77  6.00 1682  14.46   513.3 175979.  0.75  3.77   3.35   9.23   6.68 0.25 0.10 0.16 -1.00  -1.0     -1. 14.09 510.6 163281.
166 12:19:24 0.65 115.82 174.74  6.00 1682  14.94   495.8 167029.  0.56  4.10   1.04   9.01   7.24 0.29 0.08 0.19  0.39 503.8 358006. 14.16 495.2 154334.
166 12:22:06 0.65 115.83 174.72  6.00 1682  15.08   510.5 179185.  0.07  3.88   4.40   7.61   7.32 0.15 0.22 0.30  0.47 495.9 320545. 14.62 510.9 162098.
166 12:24:48 0.65 115.83 174.69  6.00 1682  15.13   498.4 174900. -0.48  5.35   0.01   6.45   8.54 0.37 0.91 1.16  0.42 502.7 324625. 14.73 497.6 164707.
166 12:27:30 0.65 115.83 174.67  6.00 1682  15.06   487.6 194433.  1.98 -0.78  -0.93  10.93  -2.61 0.05 0.20 0.30  0.35 497.5 423222. 15.12 484.7 227233.
166 12:30:12 0.65 115.83 174.65  6.00 1682  15.03   478.4 207021.  2.21 -1.74  -2.56   9.92  -4.13 0.19 0.23 0.40 -1.00  -1.0     -1. 14.41 478.5 201235.
166 12:32:54 0.65 115.83 174.62  6.00 1682  14.65   486.3 180400.  2.15 -1.26  -1.35   9.98  -3.80 0.45 0.20 0.40  0.37 494.2 383890. 14.26 486.5 188186.
166 12:35:36 0.65 115.83 174.60  6.00 1682  13.26   488.3 168117.  3.40  0.64  -1.40  10.71  -0.28 0.86 0.37 0.72  0.41 487.8 320116. 12.81 483.9 172038.
166 12:38:18 0.65 115.83 174.58  6.00 1682  14.93   476.4 183379.  2.18  0.75  -3.77   9.73  -0.79 0.30 0.12 0.64 -1.00  -1.0     -1. 14.17 473.8 179351.
166 12:41:00 0.65 115.83 174.55  6.00 1682  14.53   466.6 177057. -0.20  5.22  -4.07   4.06   2.41 2.84 3.16 4.35 -1.00  -1.0     -1. 14.05 468.5 186189.
166 12:43:42 0.65 115.83 174.53  6.00 1682  14.67   455.7 205316. -1.74  4.62  -6.70   7.25   0.34 0.51 0.64 0.30  0.33 496.8 340945. 14.10 455.5 187079.
166 12:46:24 0.65 115.84 174.51  6.00 1682  14.12   459.9 177866.  0.80  2.76  -5.70   7.88   2.33 0.44 0.28 0.74 -1.00  -1.0     -1. 13.95 460.9 209555.
166 12:49:06 0.65 115.84 174.48  6.00 1682  14.13   452.2 224176. -2.51  4.05  -0.11   5.14   7.09 3.54 2.02 1.30 -1.00  -1.0     -1. 13.81 452.1 200807.
166 12:51:48 0.65 115.84 174.46  6.00 1682  14.43   462.4 191627. -2.88  5.34  -7.03   0.16   6.31 0.33 0.41 0.41  0.30 511.1 361423. 14.30 462.8 211062.
166 12:54:30 0.65 115.84 174.44  6.00 1682  14.18   465.7 171041. -4.03  5.36  -8.13   0.36   8.62 0.20 0.23 0.12 -1.00  -1.0     -1. 13.62 466.7 151976.
166 12:57:12 0.65 115.84 174.41  6.00 1682  14.88   466.6 163329. -2.64  5.23  -9.71   4.50   3.72 0.56 0.41 1.17 -1.00  -1.0     -1. 14.42 470.4 169634.
166 12:59:54 0.65 115.84 174.39  6.00 1682  15.14   461.1 171190. -2.39  3.54 -10.51   3.86   4.47 0.21 0.20 0.30 -1.00  -1.0     -1. 14.83 459.6 160974.
166 13:02:36 0.65 115.84 174.37  6.00 1682  16.09   454.5 168595. -1.13  2.25 -11.16   3.48   0.70 0.08 0.45 0.32 -1.00  -1.0     -1. 14.89 454.0 136991.
166 13:05:18 0.65 115.84 174.34  6.00 1682  15.55   457.1 185467. -1.15  1.40 -10.78   3.93  -1.45 0.16 0.18 0.25 -1.00  -1.0     -1. 14.88 454.4 172779.
166 13:08:00 0.65 115.85 174.32  6.00 1682  15.71   449.9 169209. -3.38  0.50  -7.45   6.23  -2.47 0.15 0.27 0.20 -1.00  -1.0     -1. 14.59 450.7 135919.
166 13:10:42 0.65 115.85 174.29  6.00 1682  15.21   448.2 157875. -1.81 -1.50  -9.04  -0.74  -5.77 0.27 0.56 0.30  0.40 492.6 397572. 14.58 451.2 178912.
166 13:13:24 0.65 115.85 174.27  6.00 1682  14.95   457.3 171970. -5.00 -2.17  -8.06  -0.19  -6.64 0.15 0.35 0.00 -1.00  -1.0     -1. 14.87 457.3 161104.
166 13:16:06 0.65 115.85 174.25  6.00 1682  14.68   458.1 187199. -3.29 -2.96  -7.54   2.85  -6.89 0.10 0.22 0.20  0.40 491.2 336644. 14.46 459.0 172097.
166 13:18:48 0.65 115.85 174.22  6.00 1682  14.38   455.9 171515. -0.34 -0.87  -7.30   6.75  -3.97 0.34 1.01 1.15 -1.00  -1.0     -1. 13.78 451.2 155971.
166 13:21:28 0.65 115.85 174.20  6.00 1682  13.93   463.8 186744. -0.42 -2.75  -4.23   9.90  -0.72 0.20 0.18 0.74  0.29 505.0 306291. 13.83 463.7 156982.
166 13:24:10 0.65 115.85 174.18  6.00 1682  14.89   500.5 186133.  0.55  3.96   2.92   6.35   6.72 0.78 0.64 0.76 -1.00  -1.0     -1. 14.56 500.3 163225.
166 13:26:52 0.65 115.85 174.15  6.00 1682  -1.00    -1.0     -1. -1.00 -1.00  -4.29   5.99  -7.11 0.19 0.56 0.47 -1.00  -1.0     -1. -1.00  -1.0     -1.
166 13:29:34 0.65 115.86 174.13  5.99 1682  -1.00    -1.0     -1. -1.00 -1.00   0.46   9.68  -4.94 0.00 0.00 0.00 -1.00  -1.0     -1. -1.00  -1.0     -1.
166 15:46:58 0.65 115.92 172.93  5.98 1682  13.58   476.8 156163.  1.70 -1.76   0.00   0.00   0.00 0.00 0.00 0.00  0.36 491.1 320935. 12.79 475.2 137887.
166 15:49:40 0.65 115.92 172.90  5.98 1682  14.57   491.1 157937.  2.44 -0.99   1.95  11.28  -4.70 0.57 0.18 0.30  0.44 490.6 379602. 13.62 489.9 141262.
166 15:52:22 0.65 115.92 172.88  5.98 1682  12.85   494.6 113534.  0.91 -1.63   3.99  10.39  -5.97 0.22 0.12 0.32  0.26 490.0 326210. 12.18 493.9  95644.
166 15:55:04 0.65 115.92 172.86  5.98 1682  13.03   502.0 118864.  0.24 -2.20   4.68  10.46  -5.78 0.26 0.09 0.15  0.27 488.7 229926. 12.64 502.1 123279.
166 15:57:48 0.65 115.92 172.83  5.98 1682  14.36   502.1 128113.  1.19 -0.23   1.00  10.87  -6.59 0.59 0.32 0.46  0.29 489.8 358396. 13.90 503.2 125442.
166 16:00:30 0.65 115.92 172.81  5.98 1682  12.72   473.2 116054.  0.51 -3.17   4.55   8.04  -9.09 0.22 0.78 0.64  0.37 475.7 299144. 13.11 470.7 111507.
166 16:03:12 0.65 115.92 172.79  5.98 1682  11.68   490.7 104873. -1.48 -3.89   3.14   6.23 -10.69 0.14 1.18 0.55  0.31 485.7 297390. 11.59 491.6  88631.
166 16:05:54 0.65 115.93 172.76  5.98 1682  12.40   490.8 113832.  0.01 -3.43   2.35   5.85 -11.34 0.15 0.22 0.00  0.26 475.1 290360. 12.57 491.3 112098.
166 16:08:34 0.65 115.93 172.74  5.98 1682  12.48   487.5 108674. -1.50 -3.70  -5.05   7.17  -3.40 3.33 0.47 4.24  0.29 467.4 310929. 12.41 486.8 106328.
166 16:11:16 0.65 115.93 172.72  5.98 1682  -1.00    -1.0     -1. -1.00 -1.00  -8.85   7.46   0.68 0.83 1.31 1.11 -1.00  -1.0     -1. 13.95 441.9 159860.
166 16:16:40 0.65 115.93 172.67  5.98 1682  -1.00    -1.0     -1. -1.00 -1.00  -1.59   9.51  -5.78 0.29 0.49 0.94 -1.00  -1.0     -1. -1.00  -1.0     -1.
166 16:16:58 0.65 115.93 172.66  5.98 1682  13.45   461.4 124455.  0.75 -2.12  -1.11   9.82  -5.34 0.37 0.75 1.34  0.53 478.2 487879. 13.44 461.6 147958.
166 16:19:24 0.65 115.88 172.59  6.01 1683  -1.00    -1.0     -1. -1.00 -1.00  -1.01  10.35  -2.95 0.40 0.24 1.10 -1.00  -1.0     -1. -1.00  -1.0     -1.
166 16:19:40 0.65 115.93 172.64  5.98 1682  14.01   478.7 129997.  1.73 -2.40  -1.62  10.41  -1.80 0.56 0.18 0.51  0.50 481.4 379654. 13.51 474.3 127703.
166 16:22:06 0.65 115.93 172.62  5.98 1682  13.45   476.6 142763. -6.68  7.26  -4.39  -3.97   7.81 0.44 0.59 0.20  0.45 481.7 352497. 13.93 480.2 172539.
166 16:24:48 0.65 115.93 172.60  5.98 1682  13.74   512.0 161949.  1.75 -0.18   4.05   9.35  -0.38 0.65 0.42 0.85  0.40 496.7 341192. 13.17 510.8 143611.
166 16:27:30 0.65 115.94 172.57  5.98 1682  15.58   477.5 149452.  3.08  0.54  -1.32  10.06   1.56 0.64 0.78 2.47  0.59 492.3 474509. 15.01 477.2 147545.
166 16:30:12 0.65 115.94 172.55  5.98 1682  13.90   498.8 113972.  2.35  3.19   3.15  10.54   2.50 0.36 0.21 0.82  0.54 491.6 353744. 12.86 496.6  97600.
166 16:32:54 0.65 115.94 172.53  5.98 1682  13.47   474.4 119709.  0.00  7.55  -2.84   6.11   8.76 1.21 1.18 0.31  0.46 481.9 316881. 12.27 470.2 111646.
166 16:35:36 0.65 115.94 172.50  5.98 1682  14.81   471.8 153659. -1.76  8.09  -6.26   0.47   9.33 0.59 0.52 0.17  0.58 469.8 336241. 14.86 469.9 158044.
166 16:38:18 0.65 115.94 172.48  5.98 1682  14.70   475.0 136276. -4.34  8.45  -4.50  -0.15   9.94 0.14 0.67 0.15  0.52 473.8 380200. 15.23 476.7 153613.
166 16:41:00 0.65 115.94 172.46  5.98 1682  15.30   460.8 133901. -4.80  7.22   0.79   2.07  10.30 0.74 0.75 0.29  0.32 490.6 300119. 14.90 464.2 152905.
166 16:43:42 0.65 115.94 172.43  5.98 1682  15.79   478.1 143384. -4.75  7.15  -2.53  -4.17   9.60 0.19 0.71 0.22  0.49 477.1 367492. 15.11 478.7 160363.
166 16:46:24 0.65 115.94 172.41  5.98 1682  15.22   463.8 122873. -5.83  5.93  -4.05  -6.10   7.80 0.24 0.70 0.54  0.56 475.1 516791. 15.20 465.9 144469.
166 16:49:06 0.65 115.95 172.39  5.98 1682  15.62   460.4 150689. -6.04  5.87  -6.65  -4.96   6.92 0.12 0.48 0.44  0.52 475.9 322767. 14.59 462.0 132329.
166 16:51:48 0.65 115.95 172.36  5.98 1682  14.98   451.8 150332. -6.43  5.85  -8.17  -4.65   5.95 0.12 0.25 0.32  0.47 472.8 495650. 14.71 456.0 155695.
166 16:54:30 0.65 115.95 172.34  5.98 1682  17.32   445.5 167539. -4.98  4.96  -8.82  -2.09   5.95 0.49 0.39 0.54  0.45 472.0 322494. 16.62 447.8 164177.
166 16:57:12 0.65 115.95 172.31  5.98 1682  15.06   438.5 137813. -4.93  2.91 -10.68  -2.85   2.35 0.08 0.41 0.65  0.52 477.0 482266. 14.62 439.4 122330.
166 16:59:54 0.65 115.95 172.29  5.98 1682  15.15   434.1 117357. -3.90  1.92 -11.22  -0.27   2.12 0.10 0.20 0.30 -1.00  -1.0     -1. 14.90 436.8 136659.
166 17:02:36 0.65 115.95 172.27  5.98 1682  14.63   442.4 148412. -2.78  4.47  -9.83   2.90   4.59 0.25 0.95 0.48 -1.00  -1.0     -1. 14.06 441.2 132622.
166 17:05:18 0.65 115.95 172.24  5.98 1682  13.86   459.6 153743. -5.93  6.10  -3.22  -4.58   9.58 0.51 0.37 0.30  0.51 477.4 304614. 14.61 465.1 176083.
166 17:08:00 0.65 115.95 172.22  5.98 1682  14.00   464.0 120453. -3.91  7.30  -3.19  -3.19  10.62 0.22 0.51 0.20  0.54 476.6 417531. 13.81 466.1 129337.
166 17:10:42 0.65 115.95 172.20  5.98 1682  14.13   435.6 122756. -3.24  4.85  -9.99   1.25   6.20 0.17 0.63 0.16 -1.00  -1.0     -1. 13.83 437.6 146765.
166 17:13:24 0.65 115.96 172.17  5.98 1682  15.89   434.8 150446. -0.96  2.80 -10.53   3.06   3.96 0.19 1.46 0.74 -1.00  -1.0     -1. 15.12 433.1 137481.
166 17:16:06 0.65 115.96 172.15  5.98 1682  14.19   431.1 125933. -3.15  2.81 -10.63   2.54   4.28 0.23 0.84 0.32  0.41 484.3 243777. 15.15 433.0 159512.
166 17:18:48 0.65 115.96 172.13  5.98 1682  14.55   430.8 157245. -1.10  2.09 -10.89   3.96   2.28 0.20 0.40 0.19  0.42 494.6 364373. 13.61 430.0 140330.
166 17:21:30 0.65 115.96 172.10  5.98 1682  12.84   438.4 124751.  0.25  4.00 -10.44   2.33   3.49 0.69 1.76 0.80  0.35 486.7 313580. 13.24 440.6 141643.
166 17:24:12 0.65 115.96 172.08  5.98 1682  16.08   430.4 155130. -4.45  0.61 -11.02  -1.33   1.31 0.07 0.61 0.69 -1.00  -1.0     -1. 14.77 430.8 148065.
166 17:26:54 0.65 115.96 172.06  5.98 1682  14.88   445.9 153022.  1.93  2.57  -8.60   6.83   4.13 0.19 0.24 0.30  0.43 479.3 352926. 13.87 442.3 148916.
166 17:29:36 0.65 115.96 172.03  5.98 1682  13.85   444.8 141886.  0.69  4.24  -8.08   5.93   5.81 0.20 0.48 0.70  0.50 476.8 504070. 13.31 442.0 126079.
166 17:32:18 0.65 115.96 172.01  5.98 1682  13.26   437.3 132576.  0.00  3.42  -9.50   4.13   4.33 0.27 0.53 0.75 -1.00  -1.0     -1. 13.73 437.4 155582.
166 17:35:00 0.65 115.97 171.98  5.98 1682  14.08   441.6 153853. -1.07  4.80  -7.84   4.72   6.67 0.90 0.73 0.76  0.34 497.5 318466. 13.51 440.1 125218.
166 17:37:42 0.65 115.97 171.96  5.98 1682  13.43   439.0 131241.  0.10  3.15  -4.50   8.82  -5.71 0.00 0.00 0.00  0.39 479.5 353913. 13.82 437.8 145177.
166 17:40:24 0.65 115.97 171.94  5.98 1682  13.86   438.9 151745. -1.09  4.34   0.00   0.00   0.00 0.00 0.00 0.00 -1.00  -1.0     -1. 13.24 438.7 127041.
166 17:43:06 0.65 115.97 171.91  5.97 1682  13.49   433.2 123942. -0.59  2.81   0.00   0.00   0.00 0.00 0.00 0.00 -1.00  -1.0     -1. 13.72 433.5 148588.
166 17:45:48 0.65 115.97 171.89  5.97 1682  13.01   441.9 155046.  0.94  3.67   0.00   0.00   0.00 0.00 0.00 0.00 -1.00  -1.0     -1. 12.95 439.7 133034.
166 17:53:54 0.65 115.97 171.82  5.97 1682  14.19   481.5 123471. -3.75  6.39   0.00   0.00   0.00 0.00 0.00 0.00  0.46 478.0 330667. 12.90 484.8 119865.
166 17:56:36 0.65 115.97 171.80  5.97 1682  13.24   493.9 118757. -5.67  5.40   0.00   0.00   0.00 0.00 0.00 0.00  0.50 486.5 324313. 12.44 496.7 101498.
166 17:59:18 0.65 115.98 171.77  5.97 1682  13.84   458.9 135695.  2.02 -3.48  -4.78   8.34  -5.76 0.45 0.31 0.18 -1.00  -1.0     -1. 13.16 457.1 120888.
166 18:02:00 0.65 115.98 171.75  5.97 1682  14.73   467.3 123253.  3.05 -1.52  -4.53   8.62  -4.21 1.98 1.32 0.45  0.48 466.3 365036. 14.24 466.0 137270.
166 18:04:42 0.65 115.98 171.72  5.97 1682  14.19   436.9 188125.  0.48 -0.11  -9.31   5.00  -0.18 0.94 1.09 1.79 -1.00  -1.0     -1. 13.63 435.7 167445.
166 18:07:24 0.65 115.98 171.70  5.97 1682  14.09   466.3 117325.  2.10 -3.11  -7.35   6.81  -2.41 2.59 0.72 2.38  0.39 463.6 386281. 13.09 460.2 109756.
166 18:10:06 0.65 115.98 171.68  5.97 1682  13.54   434.4 137101.  1.34 -0.22  -9.24   6.71  -1.97 0.23 0.18 0.25  0.31 486.6 344986. 13.67 435.1 156455.
166 18:12:48 0.65 115.98 171.65  5.97 1682  13.54   441.2 140025. -0.04 -2.03  -8.29   5.14  -5.88 0.34 0.45 0.16  0.61 474.6 442180. 12.98 439.7 122158.
166 18:15:30 0.65 115.98 171.63  5.97 1682  14.38   445.0 120300.  2.57 -0.90  -7.12   9.01  -2.20 0.24 0.24 0.20 -1.00  -1.0     -1. 14.23 443.8 141886.
166 18:18:12 0.65 115.98 171.61  5.97 1682  13.77   434.3 148438. -0.49 -1.26 -10.16   5.20  -2.54 0.32 0.26 1.11 -1.00  -1.0     -1. 13.27 431.8 138439.
166 18:20:54 0.65 115.99 171.58  5.97 1682  15.33   426.9 144495. -0.36  2.72 -10.39   3.72   2.71 0.30 0.44 0.72  0.33 482.0 340412. 14.78 428.5 162637.
166 18:23:36 0.65 115.99 171.56  5.97 1682  14.82   426.8 163131. -1.02  0.85 -10.62   3.20   2.03 0.18 0.26 0.53 -1.00  -1.0     -1. 14.53 424.8 144914.
166 18:26:18 0.65 115.99 171.54  5.97 1682  12.86   440.0 129194.  2.25 -1.34  -8.80   6.63   0.52 0.97 2.02 1.41  0.45 474.1 320662. 13.32 438.1 156121.
166 18:29:00 0.65 115.99 171.51  5.97 1682  13.53   435.6 161374.  1.01  2.15 -11.28   1.52   1.42 0.30 1.02 0.48 -1.00  -1.0     -1. 13.17 434.1 137403.
166 18:31:42 0.65 115.99 171.49  5.97 1682  13.90   429.2 134814. -0.67  4.54  -8.97   6.07   4.20 0.32 0.32 0.54 -1.00  -1.0     -1. 13.79 431.2 150644.
166 18:34:24 0.65 115.99 171.46  5.97 1682  14.24   435.5 160974. -0.02  3.80 -10.76   5.30   1.07 0.27 0.32 0.32 -1.00  -1.0     -1. 14.11 432.7 152252.
166 18:37:06 0.65 115.99 171.44  5.97 1682  13.43   435.2 122330.  0.21  1.01 -11.00   4.50  -1.65 0.08 0.24 0.20 -1.00  -1.0     -1. 14.00 434.9 136776.
166 18:39:48 0.65 115.99 171.42  5.97 1682  13.78   430.2 148952. -2.39  0.89 -10.51   4.94  -2.57 0.43 0.53 0.69  0.35 481.9 324131. 12.94 432.4 133518.
166 18:42:30 0.65 116.00 171.39  5.97 1682  14.19   444.9 118598.  1.15 -1.84  -9.55   4.88  -3.41 1.81 2.21 1.09  0.38 492.2 393154. 14.02 446.0 141935.
166 18:45:12 0.65 116.00 171.37  5.97 1682  15.18   434.8 150335.  0.00  0.00 -10.39   2.37  -2.70 0.15 2.13 0.57 -1.00  -1.0     -1. 13.90 434.8 128317.
166 18:47:54 0.65 116.00 171.35  5.97 1682  -1.00    -1.0     -1. -1.00 -1.00  -8.69   8.24  -3.56 0.00 0.00 0.00 -1.00  -1.0     -1. -1.00  -1.0     -1.
166 20:06:28 0.65 116.03 170.66  5.96 1682  14.14   459.3  98341.  0.00  0.00   0.00   0.00   0.00 0.00 0.00 0.00  0.46 467.0 285552. -1.00  -1.0     -1.
166 20:09:10 0.65 116.03 170.64  5.96 1682  13.97   440.6 102612.  3.00 -0.20   0.00   0.00   0.00 0.00 0.00 0.00  0.38 470.6 314490. 14.04 436.8  95807.
166 20:11:52 0.65 116.03 170.61  5.96 1682  13.97   472.5  96489.  3.56  0.00  -1.52  11.45   4.22 0.96 0.15 0.36  0.39 471.4 234786. 14.02 469.6 103951.
166 20:14:34 0.65 116.04 170.59  5.96 1682  15.37   475.2 109720.  4.14  2.70  -0.32  11.09   3.83 0.70 0.62 1.66  0.46 477.4 305927. 15.15 471.8 106988.
166 20:17:00 0.65 116.04 170.56  5.96 1682  14.49   473.5 102193.  3.48  2.77  -1.85  11.74   3.41 0.57 0.20 0.57  0.40 481.4 442583. 14.05 471.7 104675.
166 20:19:42 0.65 116.04 170.54  5.96 1682  15.14   431.0 133911.  0.84 -0.82  -9.32   7.53  -2.53 0.49 0.82 0.55 -1.00  -1.0     -1. 15.16 430.8 145040.
166 20:22:24 0.65 116.04 170.52  5.96 1682  15.02   473.1 106579.  3.45  2.90  -1.46  11.79   1.90 0.51 0.10 2.08  0.50 466.8 298715. 14.44 469.9 113683.
166 20:25:06 0.65 116.04 170.49  5.96 1682  14.03   472.8 107232.  4.64  2.12  -2.27  12.38   1.27 0.63 0.12 1.29  0.38 475.9 338243. 14.06 467.9 104773.
166 20:27:48 0.65 116.04 170.47  5.96 1682  16.13   463.9 123964.  4.01  1.74  -2.82  12.14   2.83 0.26 0.19 0.63  0.48 479.4 513334. 15.03 460.1 113959.
166 20:30:30 0.65 116.04 170.45  5.96 1682  14.52   469.7 106416.  1.56  6.62  -3.49   9.24   5.57 1.03 1.11 4.05  0.39 482.0 280992. 14.08 467.1  97831.
166 20:33:12 0.65 116.04 170.42  5.96 1682  14.66   454.2 106406.  3.58  1.54  -5.41  11.08   0.88 0.73 0.34 0.68  0.37 462.3 324508. 13.81 448.5 107108.
166 20:35:54 0.65 116.04 170.40  5.96 1682  13.95   456.6  94046.  3.13 -1.44  -3.58  11.82  -3.69 0.49 0.12 0.56  0.45 479.2 340776. 13.18 457.0 104386.
166 20:38:36 0.65 116.05 170.37  5.96 1682  13.80   458.7 105351.  2.21 -2.60  -4.42  10.45  -5.78 0.56 0.32 0.54  0.50 474.8 382279. 13.40 455.1  99198.
166 20:41:18 0.65 116.05 170.35  5.96 1682  14.34   452.2 109414.  3.73  0.72  -5.03  11.93  -0.34 0.34 0.16 0.65  0.49 466.3 439581. 14.49 449.0 117776.
166 20:44:00 0.65 116.05 170.33  5.96 1682  15.26   439.3 121794.  2.10 -0.62  -8.42  10.04  -1.09 0.31 0.22 0.70  0.41 464.8 299651. 14.16 436.9 110178.
166 20:46:42 0.65 116.05 170.30  5.96 1682  14.83   455.1 101872.  3.99  1.59  -5.00  11.43   2.89 1.08 0.47 0.65  0.40 453.5 328120. 14.31 452.2 103983.
166 20:49:24 0.65 116.05 170.28  5.96 1682  14.51   456.7 103564. -0.93  7.64  -5.35   2.88  10.42 0.23 2.13 0.39  0.48 463.7 341231. 14.20 456.6  92412.
166 20:52:06 0.65 116.05 170.26  5.96 1682  14.68   489.5  83521.  0.88  6.66   0.58   7.42   9.69 1.43 0.32 0.21  0.48 476.0 316153. 14.08 484.9  84246.
166 20:54:48 0.65 116.05 170.23  5.96 1682  14.09   497.6 107160.  1.79  4.20   3.75   9.75   6.25 0.56 0.17 0.64  0.47 486.2 422079. 13.75 497.5  94826.
166 20:57:30 0.65 116.05 170.21  5.96 1682  13.64   479.3  97870.  1.85  6.21  -1.25   9.26   7.25 0.93 1.11 1.21  0.46 477.9 305836. 13.13 476.8  86071.
166 21:00:12 0.65 116.06 170.19  5.96 1682  13.84   508.0  89086.  0.94  4.29   5.90   7.18   7.36 0.34 1.12 1.13  0.44 491.3 386476. 13.02 503.1  85896.
166 21:02:54 0.65 116.06 170.16  5.96 1682  13.59   502.6 104308. -2.79  7.15   5.61   4.09   9.69 0.24 0.74 0.58  0.43 493.8 525393. 13.57 503.2 101820.
166 21:05:36 0.65 116.06 170.14  5.96 1682  13.88   485.4  76625.  3.54  2.39   2.58  11.56   2.57 0.98 0.39 0.43  0.53 477.5 390348. 13.46 482.8  94676.
166 21:08:18 0.65 116.06 170.12  5.96 1682  14.11   484.1 108973.  3.84  3.39   1.43  11.86   3.35 0.53 0.21 0.26  0.40 481.0 323819. 13.61 480.1  88868.
166 21:11:00 0.65 116.06 170.09  5.96 1682  13.24   482.7  81088.  3.62 -0.11   1.03  11.85  -0.95 0.48 0.70 2.03  0.44 480.8 353016. 12.51 481.0  94923.
166 21:13:42 0.65 116.06 170.07  5.96 1682  13.96   446.3 113225.  2.77  0.00  -7.22   8.25  -4.84 0.26 0.29 0.28  0.47 465.9 482331. 14.43 444.3 125235.
166 21:16:24 0.65 116.06 170.04  5.96 1682  20.28   458.8 166782.  1.56 -1.20  -3.25  11.38  -1.23 1.23 0.30 0.70  0.42 466.5 253185. 20.69 458.6 158109.
166 21:19:06 0.65 116.06 170.02  5.96 1682  14.96   455.2 103860.  3.53 -1.07  -6.77   8.75   1.25 0.32 0.21 1.48  0.47 462.8 426315. 13.37 450.0  86318.
166 21:21:48 0.65 116.07 170.00  5.96 1682  14.67   435.5 162991.  0.95 -0.90  -0.64  -0.96  10.28 0.43 0.64 0.30  0.48 461.1 345896. 14.09 433.9 149822.
166 21:24:30 0.65 116.07 169.97  5.96 1682  13.53   475.5  99971. -0.72  8.04   0.36   3.07  10.63 0.73 1.19 0.16  0.50 474.0 337931. 13.17 476.7  82920.
166 21:27:12 0.65 116.07 169.95  5.96 1682  15.30   471.9  99877.  0.69  5.78   3.55   9.47   0.65 0.54 0.70 1.05  0.44 492.1 290724. 14.83 472.2 110012.
166 21:29:54 0.65 116.07 169.93  5.96 1682  15.25   460.0 138576. -0.14  6.44   2.97   4.07   9.20 0.90 1.20 0.47  0.53 472.7 349378. 15.28 461.9 135912.
166 21:32:36 0.65 116.07 169.90  5.96 1682  14.67   498.6 117513. -0.76  4.81   1.90   8.88   5.31 0.43 0.52 0.70  0.52 489.0 359916. 13.51 498.7  96690.
166 21:35:18 0.65 116.07 169.88  5.96 1682  13.65   476.5 115025.  3.34  1.96   1.27   9.56   3.91 0.34 0.30 0.45  0.61 475.9 330836. 14.19 472.6 108518.
166 21:38:00 0.65 116.07 169.86  5.96 1682  13.89   479.7 115262. -1.37  6.99   0.07   3.56   8.87 0.51 0.51 0.41  0.54 483.8 361177. 14.70 477.8 110376.
166 21:40:42 0.65 116.07 169.83  5.96 1682  16.33   448.9 185510.  0.00  4.24  -4.05   4.82   4.75 1.74 0.42 0.30 -1.00  -1.0     -1. 16.33 447.2 169313.
166 21:43:24 0.65 116.07 169.81  5.96 1682  14.39   433.0 158239. -6.42 -1.88  -8.08  -3.59  -3.34 0.45 0.44 0.32 -1.00  -1.0     -1. 13.93 435.4 146304.
166 21:46:06 0.65 116.08 169.79  5.96 1682  14.19   433.6 147292. -6.02 -1.66  -8.77  -2.35  -4.94 0.38 0.79 0.69  0.52 461.5 404927. 16.15 436.8 153392.
166 21:48:48 0.65 116.08 169.76  5.96 1682  15.43   466.8 130932. -0.74  6.61  -1.80   6.50   7.91 0.29 0.89 0.91  0.63 472.9 417713. 16.01 465.7 142403.
166 21:51:30 0.65 116.08 169.74  5.96 1682  14.77   460.2 127937.  0.81  5.68  -3.23   6.54   8.15 0.50 0.28 0.31  0.50 474.1 286540. 14.41 459.9 115512.
166 21:54:12 0.65 116.08 169.72  5.96 1682  15.32   461.5 125806. -0.52  6.72  -2.95   6.11   8.49 1.90 0.93 0.32  0.58 467.7 308837. 14.64 461.3 137829.
166 21:56:54 0.65 116.08 169.69  5.96 1682  14.64   450.0 132924.  1.04  4.55  -2.07   4.50   9.89 0.20 0.40 0.00  0.39 459.1 263151. 14.49 449.0 131988.
166 21:59:36 0.65 116.08 169.67  5.95 1682  12.68   481.0  79818.  0.16  6.38  -7.36   0.89  -6.85 0.68 0.28 0.47  0.53 468.1 324586. 11.82 478.5  98077.
166 22:02:18 0.65 116.08 169.64  5.95 1682  14.31   440.0 112926. -3.67 -4.91  -7.71   0.99  -7.41 0.31 0.98 0.19  0.54 469.6 382253. 14.31 440.7 122096.
166 22:04:58 0.65 116.08 169.62  5.95 1682  14.57   435.2 127622. -1.92 -3.42  -9.64   2.28  -4.71 0.50 0.73 0.31  0.39 465.5 306096. 14.08 435.6 111221.
166 22:07:40 0.65 116.09 169.60  5.95 1682  14.10   431.7 119462. -2.41 -3.50  -8.40   2.34  -6.53 0.18 0.38 0.19  0.41 456.1 254315. 14.13 431.7 107836.
166 22:10:22 0.65 116.09 169.57  5.95 1682  -1.00    -1.0     -1. -1.00 -1.00  -7.01  -1.70  -7.32 0.45 1.37 0.35 -1.00  -1.0     -1. -1.00  -1.0     -1.
166 22:13:04 0.65 116.09 169.55  5.95 1682  -1.00    -1.0     -1. -1.00 -1.00  -8.40   5.77  -4.91 0.39 0.75 0.33 -1.00  -1.0     -1. -1.00  -1.0     -1.
166 22:15:46 0.65 116.09 169.53  5.95 1682  15.08   439.9 132579. -3.35 -4.00  -7.87   5.13  -5.71 0.14 0.64 0.75  0.50 463.8 268777. 14.55 440.9 116613.
166 22:18:28 0.65 116.09 169.50  5.95 1682  14.80   431.3 123087.  0.06 -2.60  -7.79  -5.77  -3.25 0.22 0.64 0.97  0.43 479.2 336501. 14.38 428.8 108414.
166 22:18:30 0.65 116.09 169.50  5.95 1682  13.88   435.2 121544. -7.61 -1.21   0.00   0.00   0.00 0.00 0.00 0.00  0.54 467.3 348196. 14.53 438.2 140866.
166 22:21:12 0.65 116.09 169.48  5.95 1682  14.20   435.3 124679. -4.89 -0.74 -10.07  -2.82  -4.12 0.08 0.36 0.22  0.32 463.4 352224. 14.29 435.7 103918.
166 22:23:54 0.65 116.09 169.46  5.95 1682  13.39   435.3 106147. -4.62 -1.78  -9.97  -2.06  -4.54 0.16 0.23 0.20  0.45 464.8 441426. 14.07 438.2 126687.
166 22:26:36 0.65 116.09 169.43  5.95 1682  14.93   433.1 138024. -3.36 -1.77  -9.89   0.26  -4.37 0.15 0.43 0.16  0.35 461.7 358474. 13.97 435.7 124614.
166 22:29:18 0.65 116.09 169.41  5.95 1682  14.02   444.9 116607. -0.90 -3.93  -5.76   5.18  -7.95 0.41 0.22 0.30  0.46 474.5 290217. 14.45 445.3 128652.
166 22:32:00 0.65 116.10 169.39  5.95 1682  14.19   438.1 139648. -0.47 -2.90  -6.39   6.26  -6.47 0.94 0.66 0.50  0.48 464.5 317452. 14.05 436.9 133391.
166 22:34:42 0.65 116.10 169.36  5.95 1682  14.76   432.8 113693. -2.85 -1.78  -9.38   1.63  -5.08 0.08 1.06 0.57  0.35 472.8 342245. 14.15 431.5 109184.
166 22:37:24 0.65 116.10 169.34  5.95 1682  13.99   441.9 140772.  1.48 -1.10  -7.35   8.02  -1.85 0.41 0.34 1.38  0.39 476.8 535060. 14.11 438.3 136562.
166 22:40:06 0.65 116.10 169.31  5.95 1682  15.01   429.3 126352.  0.00 -1.87  -9.94  -0.21  -3.73 0.17 1.00 0.79 -1.00  -1.0     -1. 14.78 428.6 110717.
166 22:42:48 0.65 116.10 169.29  5.95 1682  13.28   416.6 113374. -3.02 -0.20 -10.98   2.04  -1.01 0.16 0.22 0.30  0.43 460.7 335059. 13.36 414.1  92919.
166 22:45:30 0.65 116.10 169.27  5.95 1682  13.55   418.1 141659. -1.81  1.67 -10.68   3.14   1.32 0.23 0.57 0.00 -1.00  -1.0     -1. 13.04 418.5 117718.
166 22:48:12 0.65 116.10 169.24  5.95 1682  14.25   420.9 112936. -0.45  1.03 -10.21   4.63   1.65 0.10 0.20 0.53 -1.00  -1.0     -1. 13.41 416.8 100020.
166 22:50:54 0.65 116.10 169.22  5.95 1682  13.86   431.6 122850.  0.20 -2.57  -8.42   5.55  -4.91 0.24 0.22 0.19  0.35 478.5 306356. 13.45 429.5 108151.
166 22:53:36 0.65 116.11 169.20  5.95 1682  14.18   433.5 133927.  0.87 -1.24  -7.74   6.57  -4.70 0.42 0.24 0.42  0.35 470.5 294037. 13.46 433.7 113914.
166 22:56:18 0.65 116.11 169.17  5.95 1682  13.72   438.8 115980.  1.38 -2.12  -7.16   7.43  -4.51 0.48 0.58 0.47  0.58 468.2 366582. 13.93 438.3 138508.
166 22:59:00 0.65 116.11 169.15  5.95 1682  15.29   437.1 142058.  1.77  0.16  -7.82   8.04  -1.99 0.62 0.78 0.36  0.43 472.9 256095. 14.85 435.2 132657.
166 23:01:42 0.65 116.11 169.12  5.95 1682  14.14   431.6 125576.  0.03 -2.53  -7.53   8.60  -2.53 0.45 0.34 0.17  0.31 498.1 313658. 13.88 428.5 104941.
166 23:04:24 0.65 116.11 169.10  5.95 1682  14.80   433.0 134756.  0.85 -1.40  -9.16   5.85  -4.04 0.20 0.37 0.16  0.44 477.6 401354. 14.47 433.9 116522.
166 23:07:06 0.65 116.11 169.08  5.95 1682  -1.00    -1.0     -1. -1.00 -1.00 -11.14  -2.18  -2.29 0.10 0.22 0.16 -1.00  -1.0     -1. -1.00  -1.0     -1.
166 23:09:46 0.65 116.11 169.05  5.95 1682  14.55   425.8 105819. -6.33 -0.80 -10.62  -3.18  -2.77 0.08 0.40 0.19 -1.00  -1.0     -1. 14.22 431.4 125221.
166 23:12:28 0.65 116.11 169.03  5.95 1682  14.42   428.6 106322. -6.33  1.89 -10.70  -1.72  -4.26 0.17 0.20 0.05 -1.00  -1.0     -1. 14.45 429.0 100312.
166 23:15:10 0.65 116.11 169.01  5.95 1682  14.09   422.3  90057. -3.30 -0.83 -11.54  -1.67  -2.13 0.16 0.36 0.16  0.31 475.9 433838. 13.32 421.0  82894.
166 23:17:52 0.65 116.12 168.98  5.95 1682  13.52   424.3  98880. -3.79 -0.57 -11.07  -1.03  -3.52 0.12 0.24 0.34 -1.00  -1.0     -1. 13.22 418.4  61653.
166 23:20:36 0.65 116.12 168.96  5.95 1682  13.81   421.8  92795. -1.97 -1.40  -9.66   3.13  -5.65 0.30 0.48 0.18  0.41 466.6 288983. 14.32 423.4 114239.
166 23:23:18 0.65 116.12 168.93  5.95 1682  14.10   424.0 111591. -1.49 -1.51 -10.66   2.66  -3.48 0.16 1.36 0.72  0.41 452.5 254237. 12.89 417.8  62770.
166 23:26:00 0.65 116.12 168.91  5.95 1682  15.51   429.4 147233.  0.53 -1.42  -9.71   4.27  -4.09 0.20 1.06 0.70 -1.00  -1.0     -1. 14.35 427.4 135321.
166 23:28:42 0.65 116.12 168.89  5.95 1682  14.70   432.1 120151. -2.84 -3.72  -9.38  -0.20  -6.28 0.26 0.29 0.00  0.37 451.5 278549. 13.81 432.8 110522.
166 23:31:24 0.65 116.12 168.86  5.95 1682  14.32   438.5 129331. -0.83 -3.74  -8.52   3.30  -7.00 0.37 0.34 0.19  0.42 460.7 338087. 13.78 437.7 104045.
166 23:34:06 0.65 116.12 168.84  5.95 1682  14.12   439.4 104821. -2.15 -4.11  -7.23   2.63  -8.27 0.36 0.47 0.30  0.31 447.6 343154. 13.45 439.3  98003.
166 23:36:48 0.65 116.12 168.82  5.95 1682  14.29   438.1 123406. -2.41 -3.84  -8.00   1.49  -8.12 0.36 0.24 0.19  0.38 463.3 334604. 13.81 437.9 107582.
166 23:39:30 0.65 116.13 168.79  5.95 1682  14.27   426.7 115151. -6.50 -0.57 -10.16  -4.05  -3.67 0.22 0.41 0.35  0.39 464.6 416569. 13.78 428.3 100959.
166 23:42:10 0.65 116.13 168.77  5.95 1682  13.90   429.7 133248. -5.63 -2.00  -9.83  -3.34  -5.50 0.10 0.22 0.00  0.37 458.0 317829. 13.39 433.5 110831.
166 23:44:52 0.65 116.13 168.74  5.95 1682  14.45   429.8 108534.  0.00  0.00 -10.22  -2.39  -4.70 0.05 0.20 0.00  0.43 459.4 523885. 13.83 427.9 100244.
166 23:48:10 0.65 116.08 168.66  5.98 1683  -1.00    -1.0     -1. -1.00 -1.00  -9.65  -2.83  -5.50 0.00 0.00 0.00 -1.00  -1.0     -1. -1.00  -1.0     -1.
166 23:50:16 0.65 116.13 168.70  5.95 1682  -1.00    -1.0     -1. -1.00 -1.00  -9.44   5.26  -2.72 0.50 1.25 0.68 -1.00  -1.0     -1. -1.00  -1.0     -1.
166 23:50:52 0.65 116.13 168.69  5.95 1682  13.48   431.1 124000. -5.68 -1.52  -8.66   6.64  -2.11 0.27 0.56 0.33  0.41 459.5 341205. 13.63 433.6 108995.
166 23:53:00 0.65 116.08 168.62  5.98 1683  -1.00    -1.0     -1. -1.00 -1.00 -10.38   4.18  -2.27 0.10 0.74 0.69 -1.00  -1.0     -1. -1.00  -1.0     -1.
166 23:53:34 0.65 116.13 168.67  5.95 1682  14.84   435.0 121733.  2.07  1.14  -9.88  -0.48  -4.68 0.35 1.87 0.67  0.38 455.4 282980. 14.66 427.7 112455.
166 23:55:42 0.65 116.13 168.65  5.95 1682  13.36   423.9 113426. -4.23 -2.35 -10.21  -1.02  -5.24 0.22 0.26 0.19  0.33 455.3 262475. 13.18 424.7  96560.
166 23:58:24 0.65 116.13 168.63  5.95 1682  13.46   421.7 102739. -4.49 -2.06 -10.48  -1.30  -4.69 0.20 0.57 0.25  0.37 464.2 303484. 13.74 425.5 120567.
