207  0 23 19 0.94 119.20   1.96  1.77 1683    4.50   526.4  118111.   0.09   2.28   0.00   0.00    0.00  0.00  0.00  0.00   0.18  543.6    459540.   5.15  526.3 109314.
207  1 06 31 0.94 119.20   1.56  1.76 1683    4.88   525.4  119881.  -2.08   6.06   0.00   0.00    0.00  0.00  0.00  0.00   0.20  522.5    425873.   5.15  523.6 111386.
207  1 49 43 0.94 119.19   1.16  1.76 1683    4.03   530.1  118595.   1.30   2.54   0.00   0.00    0.00  0.00  0.00  0.00   0.15  559.1    620949.   4.54  529.8  96122.
207  2 32 55 0.94 119.19   0.76  1.76 1683    3.94   543.4   95726.   0.00   0.00   0.00   0.00    0.00  0.00  0.00  0.00   0.16  552.6    483644.   4.66  542.1 115051.
207  3 31 37 0.94 119.18   0.21  1.75 1683    4.02   531.5   95303.   2.37   1.28   0.00   0.00    0.00  0.00  0.00  0.00   0.12  551.5    571248.   4.37  527.6 100355.
207  3 34 19 0.94 119.18   0.18  1.75 1683    3.56   510.2   86994.   0.65   1.85   0.00   0.00    0.00  0.00  0.00  0.00   0.19  532.6    660763.   4.41  511.7 110321.
207  3 37 01 0.94 119.18   0.16  1.75 1683    4.02   526.0  117013.   1.50   4.64   0.00   0.00    0.00  0.00  0.00  0.00   0.12  553.8    496157.   4.53  523.2 105039.
207  3 37 20 0.94 119.18   0.15  1.75 1683    3.54   515.3   90047.   1.38   0.81   0.00   0.00    0.00  0.00  0.00  0.00   0.13  561.3    573873.   3.79  510.9  75491.
207  3 40 03 0.94 119.18   0.13  1.75 1683    3.72   526.3   85227.   2.24   1.64   0.00   0.00    0.00  0.00  0.00  0.00   0.13  560.0    366478.   4.15  522.6  96447.
207  3 42 45 0.94 119.18   0.10  1.75 1683    3.66   512.7   86302.   0.99   1.54   0.00   0.00    0.00  0.00  0.00  0.00   0.13  541.3    399781.   4.36  508.4  80750.
207  3 45 27 0.94 119.18   0.08  1.75 1683    4.01   514.6  104685.   0.95   2.71   0.00   0.00    0.00  0.00  0.00  0.00   0.11  546.1    520143.   4.33  512.6  82576.
207  3 48 07 0.94 119.17   0.05  1.75 1683    3.84   515.5  101008.   0.95   3.78   0.00   0.00    0.00  0.00  0.00  0.00   0.10  543.9    503524.   4.33  515.9 107608.
207  3 50 49 0.94 119.17   0.03  1.75 1683    3.73   524.4  118721.   0.11   5.20   0.00   0.00    0.00  0.00  0.00  0.00   0.12  550.8    580071.   4.26  520.9 114560.
207  5 08 31 0.94 119.16 359.30  1.75 1684    3.80   510.2   84622.  -0.66   3.27   0.00   0.00    0.00  0.00  0.00  0.00   0.10  537.9    307824.   4.36  507.7  79925.
207  5 11 13 0.94 119.16 359.28  1.75 1684    3.79   517.5  110649.   0.29   4.08   0.00   0.00    0.00  0.00  0.00  0.00   0.11  576.5    714752.   4.01  517.4  96125.
207  5 13 55 0.94 119.16 359.25  1.75 1684    3.71   512.8   95255.  -0.16   2.23   0.00   0.00    0.00  0.00  0.00  0.00  -1.00   -1.0        -1.   4.12  508.9  87806.
207  5 16 37 0.94 119.16 359.23  1.75 1684    3.75   503.0   71736.  -1.99   2.19   0.00   0.00    0.00  0.00  0.00  0.00  -1.00   -1.0        -1.   4.50  505.7  92003.
207  5 19 21 0.94 119.16 359.20  1.75 1684    3.45   505.6   90915.  -1.01   1.32   0.00   0.00    0.00  0.00  0.00  0.00   0.06  607.6    489959.   4.38  501.4  90996.
207  5 22 03 0.94 119.16 359.18  1.75 1684    3.27   503.6   71278.  -1.43   2.50   0.00   0.00    0.00  0.00  0.00  0.00   0.05  625.1    485424.   3.97  506.8  94137.
207  5 24 45 0.94 119.16 359.15  1.75 1684    3.19   509.5  163927.  -2.39   0.03   0.00   0.00    0.00  0.00  0.00  0.00   0.09  581.0    438113.   3.54  502.7  75920.
207  5 27 27 0.94 119.16 359.13  1.75 1684    3.73   525.1   93354.  -1.05   5.45   0.00   0.00    0.00  0.00  0.00  0.00   0.10  562.4    467011.   3.86  518.3  78564.
207  5 30 09 0.94 119.16 359.10  1.75 1684    3.54   523.1   81832.  -1.68   4.10   0.00   0.00    0.00  0.00  0.00  0.00   0.11  556.6    676225.   3.99  524.8 106020.
207  5 32 51 0.94 119.16 359.07  1.75 1684    3.69   533.4  151160.  -1.85   4.78   0.00   0.00    0.00  0.00  0.00  0.00   0.09  563.8    454641.   3.80  522.4  93244.
207  5 35 33 0.94 119.16 359.05  1.75 1684    3.62   518.5   88365.  -1.52   4.84   0.00   0.00    0.00  0.00  0.00  0.00   0.15  533.9    481850.   3.79  523.4 118608.
207  5 38 15 0.94 119.16 359.03  1.75 1684    3.59   553.4  131397.  -2.19  10.77   0.00   0.00    0.00  0.00  0.00  0.00   0.10  589.6    644325.   4.29  548.3 152778.
207  5 40 57 0.94 119.16 359.00  1.75 1684    3.57   527.1  149013.  -0.61   3.16   0.00   0.00    0.00  0.00  0.00  0.00   0.10  606.3    466531.   3.37  515.3  72087.
207  5 43 39 0.94 119.16 358.98  1.75 1684    3.82   542.1  166237.  -1.34  -1.72   0.00   0.00    0.00  0.00  0.00  0.00   0.10  566.6    289607.   4.01  538.7 144089.
207  5 46 21 0.94 119.16 358.95  1.75 1684    3.75   527.5  170018.  -1.59  -0.50   0.00   0.00    0.00  0.00  0.00  0.00   0.17  562.2    790181.   4.10  524.7 147649.
207  5 49 03 0.94 119.16 358.92  1.75 1684    3.88   530.7  177791.  -1.37   0.15   0.00   0.00    0.00  0.00  0.00  0.00   0.11  563.2    401029.   4.36  532.1 178149.
207  5 51 45 0.94 119.16 358.90  1.75 1684    3.55   546.2  141750.  -0.55  -1.37   0.00   0.00    0.00  0.00  0.00  0.00   0.10  575.6    492401.   4.06  541.8 122220.
207  5 54 27 0.94 119.16 358.87  1.75 1684    4.09   533.1  180910.  -1.05  -0.39   0.00   0.00    0.00  0.00  0.00  0.00   0.13  566.3    540453.   4.46  531.0 177496.
207  5 57 09 0.94 119.16 358.85  1.75 1684    3.72   535.6  168595.  -0.67  -0.78   0.00   0.00    0.00  0.00  0.00  0.00   0.14  573.6    364594.   4.23  539.0 159109.
207  5 59 51 0.94 119.16 358.82  1.74 1684    4.05   539.2  157875.  -0.39   0.82   0.00   0.00    0.00  0.00  0.00  0.00   0.13  598.7    559268.   4.65  535.0 138543.
207  6 02 33 0.94 119.16 358.80  1.74 1684    4.16   533.3  130166.  -0.38   0.74   0.00   0.00    0.00  0.00  0.00  0.00   0.13  577.2    495429.   4.90  533.2 113998.
207  6 05 15 0.94 119.16 358.77  1.74 1684    4.15   535.7  142961.  -0.83   0.77   0.00   0.00    0.00  0.00  0.00  0.00   0.18  574.9    594247.   4.73  534.5 132047.
207  6 07 57 0.94 119.16 358.75  1.74 1684    3.98   538.3  139758.   0.18  -0.12   0.00   0.00    0.00  0.00  0.00  0.00   0.14  573.1    610749.   4.24  537.4 118591.
207  6 10 39 0.94 119.16 358.72  1.74 1684    3.50   542.9  148185.  -0.81   0.96   0.00   0.00    0.00  0.00  0.00  0.00   0.13  581.2    700900.   4.10  539.1 152323.
207  6 13 21 0.94 119.16 358.70  1.74 1684    3.30   535.9  129903.  -0.72   1.23   0.00   0.00    0.00  0.00  0.00  0.00   0.14  564.3    610580.   3.73  537.8 116460.
207  6 16 03 0.94 119.15 358.67  1.74 1684    3.30   539.3  163277.  -1.12   1.25   0.00   0.00    0.00  0.00  0.00  0.00   0.09  553.9    398872.   3.80  537.3 148971.
207  6 18 45 0.94 119.15 358.65  1.74 1684    3.24   540.0  139931.  -0.88   1.57   0.00   0.00    0.00  0.00  0.00  0.00   0.11  573.8    498833.   3.70  541.7 168956.
207  6 21 27 0.94 119.15 358.62  1.74 1684    3.92   527.3  229689.   0.57   1.32   0.00   0.00    0.00  0.00  0.00  0.00   0.14  578.7    572898.   4.31  525.9 192656.
207  6 24 09 0.94 119.15 358.60  1.74 1684    3.96   520.0   95297.   0.22   1.93   0.00   0.00    0.00  0.00  0.00  0.00   0.14  574.7    440140.   4.75  521.6 127249.
207  6 26 51 0.94 119.15 358.57  1.74 1684    3.57   518.9  114427.  -1.65   1.38   0.00   0.00    0.00  0.00  0.00  0.00   0.10  568.3    427068.   4.00  520.8  95856.
207  6 29 33 0.94 119.15 358.55  1.74 1684    3.62   519.6   93494.  -1.94   0.57   0.00   0.00    0.00  0.00  0.00  0.00   0.12  573.6    477640.   3.87  527.9 145703.
207  6 32 15 0.94 119.15 358.52  1.74 1684    3.46   524.3   96037.  -1.79   0.59   0.00   0.00    0.00  0.00  0.00  0.00   0.09  561.9    463477.   3.85  522.5  87179.
207  6 34 55 0.94 119.15 358.50  1.74 1684    3.72   519.2   86874.   0.00   0.00   0.00   0.00    0.00  0.00  0.00  0.00   0.09  545.4    474327.   3.82  522.3  95056.
207  6 40 19 0.94 119.15 358.45  1.74 1684    3.80   515.6   94507.  -1.99   1.54   0.00   0.00    0.00  0.00  0.00  0.00   0.12  566.6    676524.   3.72  513.3  80744.
207  6 43 01 0.94 119.15 358.42  1.74 1684    4.06   521.2  110824.  -1.75   0.90   0.00   0.00    0.00  0.00  0.00  0.00   0.11  566.3    517077.   4.16  521.5  95063.
207  6 45 45 0.94 119.15 358.40  1.74 1684    4.42   523.7  151394.  -2.00   2.80   0.00   0.00    0.00  0.00  0.00  0.00   0.09  606.2    515413.   4.39  521.4 116376.
207  6 48 27 0.94 119.15 358.37  1.74 1684    4.02   528.3  166516.  -1.17   1.28   0.00   0.00    0.00  0.00  0.00  0.00   0.08  600.6    541154.   4.33  521.4  97795.
207  6 51 09 0.94 119.15 358.35  1.74 1684    3.52   537.2  123899.  -2.10  -0.46   0.00   0.00    0.00  0.00  0.00  0.00   0.08  578.9    477913.   3.72  538.3  93507.
207  6 53 51 0.94 119.15 358.32  1.74 1684    4.11   531.3  182226.  -3.66   4.07   0.00   0.00    0.00  0.00  0.00  0.00   0.07  629.3    504525.   4.31  529.4 162157.
207  6 56 33 0.94 119.15 358.29  1.74 1684    3.90   546.7  212768.  -2.17   2.38   0.00   0.00    0.00  0.00  0.00  0.00   0.15  583.4    495559.   3.80  548.2 188290.
207  6 59 15 0.94 119.15 358.27  1.74 1684    4.00   556.4  173133.   0.18  -0.10   0.00   0.00    0.00  0.00  0.00  0.00   0.12  603.5    421663.   4.25  560.8 196061.
207  7 01 57 0.94 119.15 358.25  1.74 1684    3.55   544.7  141064.  -2.43  -1.05   0.00   0.00    0.00  0.00  0.00  0.00   0.15  584.5    427315.   4.07  546.2 137959.
207  7 04 39 0.94 119.15 358.22  1.74 1684    3.64   546.9  143010.  -2.25  -1.03   0.00   0.00    0.00  0.00  0.00  0.00   0.14  581.9    528095.   3.74  549.3 109895.
207  7 07 21 0.94 119.15 358.19  1.74 1684    3.72   551.0  114840.  -2.43  -1.59   0.00   0.00    0.00  0.00  0.00  0.00   0.16  597.1    523210.   3.95  552.5 129626.
207  7 10 03 0.94 119.15 358.17  1.74 1684    3.54   546.0  143202.  -2.46  -1.45   0.00   0.00    0.00  0.00  0.00  0.00   0.14  580.9    627017.   4.14  545.4 157433.
207  7 12 45 0.94 119.15 358.14  1.74 1684    3.62   540.1  141477.  -1.52  -0.70   0.00   0.00    0.00  0.00  0.00  0.00   0.10  582.3    432344.   3.90  546.7 149871.
207  7 15 27 0.94 119.15 358.12  1.74 1684    3.49   547.3  164482.  -2.83  -1.52   0.00   0.00    0.00  0.00  0.00  0.00   0.13  597.8    560892.   3.63  544.7 152973.
207  7 18 09 0.94 119.15 358.10  1.74 1684    3.30   550.9  115184.  -2.52  -2.11   0.00   0.00    0.00  0.00  0.00  0.00   0.10  579.4    459111.   3.90  552.6 144118.
207  7 20 51 0.94 119.15 358.07  1.74 1684    3.66   557.2  129974.  -2.76  -2.19   0.00   0.00    0.00  0.00  0.00  0.00   0.15  580.3    571079.   4.00  557.0 120839.
207  7 23 33 0.94 119.15 358.04  1.74 1684    3.12   549.7  176583.  -2.42  -1.31   0.00   0.00    0.00  0.00  0.00  0.00   0.14  588.9    419792.   3.47  543.3 107050.
207  7 26 15 0.94 119.15 358.02  1.74 1684    3.31   548.1  142494.  -2.50  -1.54   0.00   0.00    0.00  0.00  0.00  0.00   0.11  576.6    815324.   3.84  546.0 145963.
207  7 28 57 0.94 119.14 357.99  1.74 1684    3.45   548.7  110785.  -2.97  -1.86   0.00   0.00    0.00  0.00  0.00  0.00   0.15  569.8    540699.   3.82  545.3 114778.
207  7 31 39 0.94 119.14 357.97  1.74 1684    3.65   551.2  132446.  -2.15  -1.87   0.00   0.00    0.00  0.00  0.00  0.00   0.13  583.4    665375.   3.80  551.7 117117.
207  7 34 21 0.94 119.14 357.94  1.74 1684    3.72   563.8  145355.  -1.42  -1.86   0.00   0.00    0.00  0.00  0.00  0.00   0.18  587.2    529720.   4.10  566.0 170885.
207  7 37 03 0.94 119.14 357.92  1.74 1684    4.26   562.6  144605.  -2.96  -1.93   0.00   0.00    0.00  0.00  0.00  0.00   0.15  582.0    592207.   4.24  562.7 124068.
207  7 39 43 0.94 119.14 357.89  1.74 1684    3.69   562.5  109470.   0.00   0.00   0.00   0.00    0.00  0.00  0.00  0.00   0.23  567.0    805007.   4.20  561.8 149315.
207  7 45 07 0.94 119.14 357.84  1.74 1684    3.98   572.1  115668.  -3.11  -2.58   0.00   0.00    0.00  0.00  0.00  0.00   0.15  570.7    554694.   4.28  573.5 108879.
207  7 47 49 0.94 119.14 357.82  1.74 1684    3.87   571.3  105702.  -3.04  -2.67   0.00   0.00    0.00  0.00  0.00  0.00   0.18  578.1    564920.   4.16  569.6 113293.
207  7 50 33 0.94 119.14 357.79  1.74 1684    3.92   577.9  115395.  -3.29  -2.71   0.00   0.00    0.00  0.00  0.00  0.00   0.13  587.2    575757.   4.27  579.5 115639.
207  7 53 15 0.94 119.14 357.77  1.74 1684    4.13   573.4  118764.  -3.26  -2.27   0.00   0.00    0.00  0.00  0.00  0.00   0.12  569.1    511359.   4.39  569.3 115119.
207  7 55 57 0.94 119.14 357.74  1.74 1684    4.25   575.5  134834.  -4.12  -2.46   0.00   0.00    0.00  0.00  0.00  0.00   0.16  582.2    336202.   4.25  577.3 115785.
207  7 58 39 0.94 119.14 357.71  1.74 1684    4.33   568.6  158187.  -3.80  -2.33   0.00   0.00    0.00  0.00  0.00  0.00   0.14  576.6    633060.   4.25  570.6 149351.
207  8 01 21 0.94 119.14 357.69  1.74 1684    3.92   563.4  162098.  -3.18  -1.82   0.00   0.00    0.00  0.00  0.00  0.00   0.14  590.5    623964.   5.01  558.2 151524.
207  8 04 03 0.94 119.14 357.67  1.74 1684    4.29   547.4  154224.  -2.36  -0.12   0.00   0.00    0.00  0.00  0.00  0.00   0.10  602.9    565739.   5.11  550.4 213352.
207  8 06 45 0.94 119.14 357.64  1.74 1684    4.36   553.5  158359.  -1.75   0.23   0.00   0.00    0.00  0.00  0.00  0.00   0.13  593.8    727291.   5.10  551.0 151726.
207  8 09 27 0.94 119.14 357.62  1.74 1684    4.25   544.7  153873.  -1.58   0.29   0.00   0.00    0.00  0.00  0.00  0.00   0.07  628.7    503797.   4.71  543.6 147980.
207  8 12 09 0.94 119.14 357.59  1.74 1684    4.39   541.3  134369.  -2.12   1.53   0.00   0.00    0.00  0.00  0.00  0.00   0.12  605.4    845639.   5.08  545.2 177216.
207  8 14 51 0.94 119.14 357.56  1.74 1684    4.26   548.7  160529.  -2.05   1.28   0.00   0.00    0.00  0.00  0.00  0.00   0.12  593.6    386034.   4.34  550.5 124754.
207  8 17 33 0.94 119.14 357.54  1.74 1684    3.99   575.4  179110.  -1.26  -1.26   0.00   0.00    0.00  0.00  0.00  0.00   0.10  578.2    630006.   4.43  570.8 181257.
207  8 20 15 0.94 119.14 357.51  1.74 1684    4.41   562.6  227337.  -3.55   0.00   0.00   0.00    0.00  0.00  0.00  0.00   0.11  606.3    464348.   4.89  563.1 192088.
207  8 22 57 0.94 119.14 357.49  1.74 1684    4.33   577.8  197386.  -3.65   6.86   0.00   0.00    0.00  0.00  0.00  0.00   0.17  601.7    739427.   4.82  579.6 236787.
207  8 25 39 0.94 119.14 357.47  1.74 1684    4.37   571.8  235994.  -3.97   6.39   0.00   0.00    0.00  0.00  0.00  0.00   0.05  672.9    560216.   4.57  574.3 210036.
207  8 28 21 0.94 119.14 357.44  1.74 1684    4.22   565.3  176664.  -2.25   0.02   0.00   0.00    0.00  0.00  0.00  0.00   0.16  609.4    684853.   4.62  564.1 162777.
207  8 31 03 0.94 119.14 357.41  1.74 1684    4.41   580.1  212839.  -3.71   7.13   0.00   0.00    0.00  0.00  0.00  0.00   0.15  627.5    956710.   4.66  577.3 188076.
207  8 33 45 0.94 119.14 357.39  1.74 1684    4.50   575.2  222204.  -0.91   4.93   0.00   0.00    0.00  0.00  0.00  0.00   0.18  599.5    834191.   5.00  577.1 257843.
207  8 36 27 0.94 119.14 357.36  1.73 1684    4.27   567.8  216386.  -3.06   4.93   0.00   0.00    0.00  0.00  0.00  0.00   0.16  621.4    765753.   4.88  569.4 213804.
207  8 39 09 0.94 119.14 357.34  1.73 1684    4.03   559.3  191165.  -3.25   3.79   0.00   0.00    0.00  0.00  0.00  0.00   0.14  602.8    819300.   4.75  556.4 191113.
207  8 41 51 0.94 119.13 357.31  1.73 1684    4.27   567.5  223305.  -7.59   4.80   0.00   0.00    0.00  0.00  0.00  0.00   0.12  628.7    699718.   4.88  570.8 197659.
207  8 49 55 0.94 119.13 357.24  1.73 1684    4.60   568.5  219976.  -7.38   5.08   0.00   0.00    0.00  0.00  0.00  0.00   0.12  627.6    411476.   4.81  570.2 191640.
207  8 52 37 0.94 119.13 357.21  1.73 1684    4.60   561.1  231479.  -6.11   5.09   0.00   0.00    0.00  0.00  0.00  0.00   0.11  606.9    561516.   4.82  564.3 242595.
207  8 55 21 0.94 119.13 357.19  1.73 1684    4.69   556.1  227616.  -5.01   3.95   0.00   0.00    0.00  0.00  0.00  0.00   0.11  635.3    726654.   4.92  554.5 185607.
207  8 58 03 0.94 119.13 357.16  1.73 1684    4.59   576.2  223679.   0.00   0.26   0.00   0.00    0.00  0.00  0.00  0.00   0.14  605.7    408916.   4.71  575.7 188687.
207  9 00 45 0.94 119.13 357.14  1.73 1684    4.32   559.1  197555.  -3.17   2.57   0.00   0.00    0.00  0.00  0.00  0.00   0.15  609.6    809334.   4.66  555.5 191948.
207  9 03 27 0.94 119.13 357.11  1.73 1684    4.37   549.4  155299.  -2.68   1.10   0.00   0.00    0.00  0.00  0.00  0.00   0.16  565.2    564088.   4.58  556.6 184347.
207  9 06 09 0.94 119.13 357.08  1.73 1684    4.27   557.9  194170.  -1.77   0.19   0.00   0.00    0.00  0.00  0.00  0.00   0.11  593.3    589426.   4.93  557.0 191295.
207  9 08 51 0.94 119.13 357.06  1.73 1684    4.07   561.2  223361.  -1.85  -0.68   0.00   0.00    0.00  0.00  0.00  0.00   0.14  623.1    794105.   4.38  563.7 224365.
207  9 11 33 0.94 119.13 357.04  1.73 1684    4.31   549.6  174390.  -5.39  -0.63   0.00   0.00    0.00  0.00  0.00  0.00   0.15  581.7    582267.   4.46  548.5 186939.
207  9 14 15 0.94 119.13 357.01  1.73 1684    4.33   554.8  180173.  -2.19  -1.18   0.00   0.00    0.00  0.00  0.00  0.00   0.13  615.6    616285.   4.57  558.4 232167.
207  9 16 57 0.94 119.13 356.99  1.73 1684    4.28   555.1  212439.  -2.39  -1.35   0.00   0.00    0.00  0.00  0.00  0.00   0.14  606.8    730747.   4.59  555.1 189632.
207  9 19 39 0.94 119.13 356.96  1.73 1684    4.32   553.2  185516.  -5.92  -1.71   0.00   0.00    0.00  0.00  0.00  0.00   0.11  596.9    665479.   4.90  553.9 229825.
207  9 22 21 0.95 119.13 356.93  1.73 1684    4.27   548.2  188914.  -5.45  -0.04   0.00   0.00    0.00  0.00  0.00  0.00   0.14  604.3    983828.   4.53  548.6 169495.
207  9 25 03 0.95 119.13 356.91  1.73 1684    4.19   548.5  165934.  -3.39   0.96   0.00   0.00    0.00  0.00  0.00  0.00   0.11  620.7    908802.   4.91  556.2 191873.
207  9 27 45 0.95 119.13 356.89  1.73 1684    4.30   572.4  221236.  -0.63   0.27   0.00   0.00    0.00  0.00  0.00  0.00   0.16  612.9    962752.   4.64  568.1 201564.
207  9 30 27 0.95 119.13 356.86  1.73 1684    4.18   576.0  211744.   0.24   3.82   0.00   0.00    0.00  0.00  0.00  0.00   0.12  617.0    566206.   4.33  575.6 212566.
207  9 31 19 0.95 119.13 356.85  1.73 1684    4.22   558.7  238307.  -2.13   4.54   0.00   0.00    0.00  0.00  0.00  0.00   0.13  603.1    666597.   4.61  556.5 244999.
207  9 33 09 0.95 119.13 356.83  1.73 1684    4.04   564.7  190181.  -1.18   1.51   0.00   0.00    0.00  0.00  0.00  0.00   0.13  585.6    493727.   4.42  561.3 174478.
207  9 35 51 0.95 119.13 356.81  1.73 1684    4.20   561.8  228133.  -1.86   3.60   0.00   0.00    0.00  0.00  0.00  0.00   0.16  611.1    682150.   4.78  559.7 201106.
207  9 38 49 0.95 119.13 356.78  1.73 1684    3.96   587.3  203646.   0.00   0.00   0.00   0.00    0.00  0.00  0.00  0.00   0.17  623.1    764492.  -1.00   -1.0     -1.
207  9 41 31 0.95 119.13 356.76  1.73 1684    3.83   559.1  185864.  -1.49  -1.22   0.00   0.00    0.00  0.00  0.00  0.00   0.09  624.7    479239.   4.65  560.7 241244.
207  9 44 13 0.95 119.13 356.73  1.73 1684    4.10   562.9  229737.  -1.82   2.63   0.00   0.00    0.00  0.00  0.00  0.00   0.14  607.3    701108.   4.40  562.8 283548.
207  9 46 55 0.95 119.13 356.70  1.73 1684    4.08   550.7  168930.  -3.25   2.97   0.00   0.00    0.00  0.00  0.00  0.00   0.11  601.0    446078.   4.62  556.0 169030.
207  9 49 19 0.95 119.13 356.68  1.73 1684    4.01   550.3  185786.   0.00   0.00   0.00   0.00    0.00  0.00  0.00  0.00   0.16  610.6    906827.   4.81  552.6 190278.
207  9 52 01 0.95 119.12 356.66  1.73 1684    4.28   532.6  167305.   0.00   0.00   0.00   0.00    0.00  0.00  0.00  0.00   0.15  588.1    584476.  -1.00   -1.0     -1.
207  9 54 43 0.95 119.12 356.63  1.73 1684    4.14   551.6  238583.   0.00   0.00   0.00   0.00    0.00  0.00  0.00  0.00   0.08  631.1    765311.   4.28  550.5 183567.
207 10 00 07 0.95 119.12 356.58  1.73 1684    4.00   557.7  240236.   0.00   0.00   0.00   0.00    0.00  0.00  0.00  0.00   0.16  586.1    508540.   4.68  558.2 203409.
207 10 02 49 0.95 119.12 356.56  1.73 1684    4.03   549.1  188264.  -3.36   0.42   0.00   0.00    0.00  0.00  0.00  0.00   0.14  602.4    561555.   5.00  548.7 259789.
207 10 05 31 0.95 119.12 356.53  1.73 1684    4.13   566.1  207758.  -8.58   1.68   0.00   0.00    0.00  0.00  0.00  0.00   0.14  584.5    589972.   4.65  565.2 206530.
207 10 08 13 0.95 119.12 356.51  1.73 1684    4.21   550.0  184347.  -2.63   3.30   0.00   0.00    0.00  0.00  0.00  0.00   0.14  632.4    468974.   4.46  553.4 221558.
207 10 14 31 0.95 119.12 356.45  1.73 1684    4.11   562.6  213661.  -5.18   0.00   0.00   0.00    0.00  0.00  0.00  0.00   0.14  621.6    636477.   5.11  565.0 239830.
207 10 57 43 0.95 119.12 356.05  1.73 1684    3.83   563.2  236663.  -1.52  -0.98   0.00   0.00    0.00  0.00  0.00  0.00   0.12  624.3   1024252.   3.99  563.5 206595.
207 11 40 55 0.95 119.11 355.64  1.72 1684    3.63   565.8  190097.  -1.00  -2.09   0.00   0.00    0.00  0.00  0.00  0.00   0.06  645.0    487477.   4.14  562.2 179094.
207 12 24 07 0.95 119.10 355.24  1.72 1684    4.06   583.9  263216.   1.09  -0.07   0.00   0.00    0.00  0.00  0.00  0.00   0.10  618.4    671833.   4.16  587.0 239869.
207 13 07 19 0.95 119.10 354.84  1.72 1684    3.28   601.6  208554.   1.46  -3.07   0.00   0.00    0.00  0.00  0.00  0.00   0.07  640.8    797497.   3.60  598.0 212014.
207 13 50 31 0.95 119.09 354.43  1.71 1684    3.72   585.7  261764.  -2.84   5.42   0.00   0.00    0.00  0.00  0.00  0.00   0.08  671.9   1113506.   3.84  584.7 224374.
207 14 33 43 0.95 119.09 354.03  1.71 1684    3.76   561.4  182528.  -3.63   1.95   0.00   0.00    0.00  0.00  0.00  0.00   0.04  649.3    516323.   4.03  558.5 146889.
207 15 16 55 0.95 119.08 353.63  1.71 1684    3.01   577.5  214600.   0.37   3.66   0.00   0.00    0.00  0.00  0.00  0.00   0.05  632.5    803825.   3.34  571.8 172623.
207 16 00 07 0.95 119.07 353.22  1.71 1684    3.31   566.4  215925.  -0.85   3.67   0.00   0.00    0.00  0.00  0.00  0.00   0.08  629.8    546703.   3.55  567.4 232957.
207 16 43 19 0.95 119.07 352.82  1.70 1684    3.22   575.4  241753.  -1.13   5.19   0.00   0.00    0.00  0.00  0.00  0.00   0.10  625.5    877980.   3.26  575.7 210640.
207 17 26 31 0.95 119.06 352.42  1.70 1684    2.88   566.8  197341.   0.74   1.32   0.00   0.00    0.00  0.00  0.00  0.00   0.05  635.2    367686.   3.26  563.8 207849.
207 18 09 43 0.95 119.06 352.01  1.70 1684    2.96   576.8  232093.   1.50   1.50   0.00   0.00    0.00  0.00  0.00  0.00  -1.00   -1.0        -1.   3.22  572.5 195466.
207 18 52 55 0.95 119.05 351.61  1.70 1684    3.13   588.9  247292.   0.79   4.28   0.00   0.00    0.00  0.00  0.00  0.00   0.05  628.0    448768.   3.41  587.3 266672.
207 19 36 07 0.95 119.04 351.21  1.69 1684    2.87   640.6  253542.   2.17  -0.06   0.00   0.00    0.00  0.00  0.00  0.00  -1.00   -1.0        -1.   3.09  638.0 242254.
207 20 19 19 0.95 119.04 350.81  1.69 1684    3.34   555.5  219846.  -6.42   3.74   0.00   0.00    0.00  0.00  0.00  0.00  -1.00   -1.0        -1.   3.57  553.9 205231.
207 21 02 31 0.95 119.03 350.40  1.69 1684    3.15   577.5  270834.  -1.36   6.97   0.00   0.00    0.00  0.00  0.00  0.00  -1.00   -1.0        -1.   3.34  573.0 275170.
207 21 45 43 0.95 119.03 350.00  1.68 1684    3.18   584.5  201408.   0.75  -1.81   0.00   0.00    0.00  0.00  0.00  0.00  -1.00   -1.0        -1.   3.43  585.8 198149.
207 22 28 55 0.95 119.02 349.60  1.68 1684    3.03   577.1  284305.  -1.67   8.52   0.00   0.00    0.00  0.00  0.00  0.00   0.04  665.6    410761.   3.29  576.4 221369.
207 23 12 07 0.95 119.01 349.19  1.68 1684    3.09   588.5  272010.   1.67  -0.96   0.00   0.00    0.00  0.00  0.00  0.00  -1.00   -1.0        -1.   3.27  575.0 315653.
207 23 55 19 0.95 119.01 348.79  1.68 1684    3.20   629.2  355839.   0.61  -1.43   0.00   0.00    0.00  0.00  0.00  0.00  -1.00   -1.0        -1.   3.37  635.3 347322.
