297  0 40 28 0.60 113.46 246.99 -6.68 1687   20.22   283.8   38130.   2.38  -1.07   0.00   0.00    0.00  0.00  0.00  0.00  -1.00   -1.0        -1.  20.86  283.1  48045.
297  1 23 40 0.60 113.48 246.61 -6.68 1687   19.49   295.9   40404.   1.06  -3.45  10.77  -6.54    9.64  0.00  0.00  0.00  -1.00   -1.0        -1.  20.70  294.3  48984.
297  2 06 52 0.60 113.51 246.25 -6.69 1687   21.23   286.6   36893.   0.78  -1.92  12.35  -3.54    8.46  0.00  0.00  0.00  -1.00   -1.0        -1.  21.62  285.3  44049.
297  2 50 04 0.60 113.54 245.88 -6.69 1687   17.66   294.2   42379.   0.11  -1.64  12.42  -6.65    7.68  0.00  0.00  0.00  -1.00   -1.0        -1.  18.28  294.0  50241.
297  3 33 16 0.60 113.56 245.51 -6.69 1687   19.07   294.0   54941.  -0.35  -2.70   0.00   0.00    0.00  0.00  0.00  0.00  -1.00   -1.0        -1.  18.77  294.4  41912.
297  3 57 13 0.60 113.53 245.25 -6.82 1687   -1.00    -1.0      -1.  -1.00  -1.00   9.82  -8.65    8.15  0.00  0.00  0.00  -1.00   -1.0        -1.  -1.00   -1.0     -1.
297  4 16 28 0.60 113.59 245.14 -6.69 1687   17.18   301.9   58294.   0.00   0.00  10.96  -3.34   10.45  0.00  0.00  0.00  -1.00   -1.0        -1.  16.40  299.8  50345.
297  4 40 25 0.60 113.55 244.88 -6.82 1687   -1.00    -1.0      -1.  -1.00  -1.00  11.08  -8.55    7.75  0.00  0.00  0.00  -1.00   -1.0        -1.  -1.00   -1.0     -1.
297  5 33 29 0.60 113.59 244.43 -6.83 1687   -1.00    -1.0      -1.  -1.00  -1.00   8.75   5.35    9.05  0.00  0.00  0.00  -1.00   -1.0        -1.  -1.00   -1.0     -1.
297  5 34 50 0.60 113.64 244.47 -6.70 1687   21.84   309.6   85941.  -7.74  -1.09   8.82   6.24    7.94  0.37  0.96  0.43  -1.00   -1.0        -1.  20.78  314.0  73019.
297  5 35 27 0.60 113.59 244.41 -6.83 1687   -1.00    -1.0      -1.  -1.00  -1.00   9.68   5.76    7.71  0.34  0.50  0.54  -1.00   -1.0        -1.  -1.00   -1.0     -1.
297  5 36 11 0.60 113.64 244.46 -6.70 1687   21.20   316.2   82290.  -8.64  -0.35   9.10   2.97    9.90  0.49  1.20  0.74  -1.00   -1.0        -1.  20.79  320.0  73522.
297  5 36 48 0.60 113.64 244.45 -6.70 1687   21.78   311.1  104886.  -6.46  -1.19   9.95   4.47    8.95  0.25  0.67  0.44  -1.00   -1.0        -1.  20.75  313.0  90775.
297  5 38 09 0.60 113.64 244.44 -6.70 1687   21.03   311.0  118419.  -5.82  -1.32   9.64   1.92    9.78  0.24  0.33  0.20  -1.00   -1.0        -1.  20.41  312.1  97756.
297  5 39 30 0.60 113.64 244.43 -6.70 1687   20.96   311.2  103843.  -5.00  -1.50   9.62   1.07   10.02  0.19  0.18  0.12  -1.00   -1.0        -1.  20.64  312.3  92847.
297  5 40 51 0.60 113.64 244.42 -6.70 1687   20.19   309.3  129870.  -3.26  -1.68   9.53  -0.97    9.62  0.22  0.30  0.28  -1.00   -1.0        -1.  20.25  308.3 117139.
297  5 42 12 0.60 113.64 244.41 -6.70 1687   20.72   311.7  106225.  -3.39  -2.10   9.56  -0.95   10.10  0.23  0.65  0.18  -1.00   -1.0        -1.  20.18  312.3  93172.
297  5 43 33 0.60 113.64 244.39 -6.70 1687   20.16   311.1  121905.  -4.97  -2.47   9.78  -0.23   10.30  0.47  0.84  0.29  -1.00   -1.0        -1.  19.73  312.9 104760.
297  5 44 54 0.60 113.65 244.38 -6.70 1687   20.89   316.7   93874.  -3.28  -2.91   7.16  -3.92   11.13  0.29  0.41  0.25  -1.00   -1.0        -1.  20.61  317.6  80760.
297  5 46 15 0.60 113.65 244.37 -6.70 1687   19.56   315.1   79366.  -2.44  -3.26   7.35  -4.23   10.94  0.20  0.23  0.16  -1.00   -1.0        -1.  20.26  316.3  90778.
297  5 47 36 0.60 113.65 244.36 -6.70 1687   20.24   316.5   88602.  -2.58  -2.68   7.44  -4.10   10.65  0.34  0.41  0.20  -1.00   -1.0        -1.  19.89  315.5  77083.
297  5 48 57 0.60 113.65 244.35 -6.70 1687   20.78   312.6   88969.  -2.26  -2.52   8.06  -4.51   10.19  0.29  0.20  0.18  -1.00   -1.0        -1.  20.17  315.3  92773.
297  5 50 18 0.60 113.65 244.34 -6.70 1687   18.51   312.6   91308.  -6.07  -2.63   7.04  -3.68   10.89  0.46  1.40  0.37  -1.00   -1.0        -1.  19.01  314.3  76560.
297  5 51 39 0.60 113.65 244.33 -6.70 1687   19.10   319.4   69420.  -1.17  -2.58   6.08  -6.85   10.11  0.38  0.45  0.37  -1.00   -1.0        -1.  19.56  320.2  80935.
297  5 53 00 0.60 113.65 244.32 -6.70 1687   19.96   316.6   91964.  -2.85  -2.55   6.39  -6.63   10.43  0.74  1.23  0.24  -1.00   -1.0        -1.  20.02  317.5  76595.
297  5 54 21 0.60 113.65 244.30 -6.70 1687   20.19   313.2   69878.  -1.91  -3.03   7.88  -5.46   10.38  0.42  0.26  0.16  -1.00   -1.0        -1.  20.31  312.8  69595.
297  5 55 42 0.60 113.65 244.29 -6.70 1687   18.01   312.2   65801.  -0.23  -2.94   6.75  -8.17    9.30  0.50  1.28  0.65  -1.00   -1.0        -1.  18.05  314.0  68162.
297  5 57 03 0.60 113.65 244.28 -6.70 1687   19.68   312.8   76001.   0.25  -2.96   6.14  -9.02    8.75  0.12  0.21  0.27  -1.00   -1.0        -1.  19.05  312.5  67159.
297  5 58 24 0.60 113.65 244.27 -6.70 1687   19.18   306.4   70609.  -4.05  -3.87   7.35  -5.65   10.20  0.72  1.10  0.23  -1.00   -1.0        -1.  20.02  309.3  78164.
297  5 59 45 0.60 113.65 244.26 -6.70 1687   19.90   308.7   79298.  -3.25  -3.98   7.62  -5.95    9.66  0.18  0.22  0.00  -1.00   -1.0        -1.  19.53  308.9  67220.
297  6 01 06 0.60 113.66 244.25 -6.70 1687   17.50   306.5   72879.  -2.23  -3.54   7.87  -6.65    9.55  0.34  0.28  0.18  -1.00   -1.0        -1.  18.74  308.3  78112.
297  6 02 27 0.60 113.66 244.23 -6.70 1687   19.37   304.1   86698.  -3.12  -4.11   8.80  -4.92    9.59  0.17  0.29  0.24  -1.00   -1.0        -1.  19.46  304.6  72194.
297  6 03 48 0.60 113.66 244.22 -6.70 1687   19.25   301.5   73708.  -3.29  -3.36   9.06  -4.70    9.52  0.22  0.27  0.19  -1.00   -1.0        -1.  19.80  302.9  86217.
297  6 05 09 0.60 113.66 244.21 -6.70 1687   18.91   306.8   82777.  -2.55  -4.09   8.19  -5.27   10.19  0.24  0.33  0.18  -1.00   -1.0        -1.  19.38  307.2  71557.
297  6 06 30 0.60 113.66 244.20 -6.70 1687   19.12   309.5   71148.  -2.65  -3.62   7.82  -4.69   10.62  0.19  0.23  0.20  -1.00   -1.0        -1.  19.93  310.4  78018.
297  6 07 51 0.60 113.66 244.19 -6.70 1687   19.31   310.1   79071.  -3.09  -4.09   7.60  -4.70   10.89  0.30  0.25  0.21  -1.00   -1.0        -1.  18.91  310.9  65557.
297  6 09 12 0.60 113.66 244.18 -6.70 1687   18.94   303.9   71093.  -2.29  -3.37   9.12  -4.26    9.76  0.30  0.33  0.33  -1.00   -1.0        -1.  19.16  305.4  78428.
297  6 10 33 0.60 113.66 244.17 -6.70 1687   20.40   304.2   85246.  -1.93  -3.28   9.38  -5.16    8.84  0.43  0.36  0.65  -1.00   -1.0        -1.  19.93  303.3  75881.
297  6 11 54 0.60 113.66 244.15 -6.70 1687   18.96   302.1   69169.  -4.98  -3.81  10.04  -3.42    9.22  0.16  1.08  0.60  -1.00   -1.0        -1.  19.41  305.4  82095.
297  6 13 15 0.60 113.66 244.14 -6.70 1687   19.43   299.5   87306.  -0.49  -1.23   9.72  -5.18    8.47  0.50  0.90  0.97  -1.00   -1.0        -1.  19.89  298.5  80302.
297  6 14 36 0.60 113.66 244.13 -6.70 1687   18.96   308.0   69056.  -3.32  -4.26   7.81  -3.31   11.21  0.31  0.41  0.12  -1.00   -1.0        -1.  19.85  310.7  77511.
297  6 15 57 0.60 113.66 244.12 -6.70 1687   20.13   311.7   80611.  -2.79  -3.93   8.10  -3.75   10.81  0.36  0.30  0.21  -1.00   -1.0        -1.  19.56  312.2  65434.
297  6 17 18 0.60 113.67 244.11 -6.70 1687   18.75   310.3   66100.   0.00   0.00   7.94  -4.75   10.65  0.18  0.36  0.20  -1.00   -1.0        -1.  19.69  309.4  71015.
297  6 18 38 0.60 113.67 244.10 -6.70 1687   20.30   308.2   78116.  -2.41  -3.31   7.28  -4.39   11.04  0.64  0.20  0.40  -1.00   -1.0        -1.  19.63  308.0  68270.
297  6 19 59 0.60 113.67 244.09 -6.70 1687   20.16   296.6   59180.   0.00   0.00   6.41  -5.05   11.43  0.67  0.26  0.35   0.09  357.2     88527.  -1.00   -1.0     -1.
297  6 21 20 0.60 113.67 244.07 -6.70 1687   20.64   302.5   86133.  -3.13  -2.71   8.85  -3.85   10.09  0.88  0.38  0.65  -1.00   -1.0        -1.  20.28  304.1  72486.
297  6 22 41 0.60 113.67 244.06 -6.70 1687   19.47   303.4   81770.  -2.19  -2.71   7.80  -5.27   10.05  0.20  0.25  0.00  -1.00   -1.0        -1.  19.28  305.0  80581.
297  6 24 03 0.60 113.67 244.05 -6.70 1687   18.86   295.1  115434.  -3.75  -1.81  10.12  -3.60    8.68  1.13  0.80  0.87  -1.00   -1.0        -1.  18.97  298.4 127479.
297  6 25 24 0.60 113.67 244.04 -6.70 1687   21.03   302.2  122227.   0.00   0.00  12.85  -0.34    4.81  0.19  0.34  0.31  -1.00   -1.0        -1.  20.42  301.3 102323.
297  6 26 45 0.60 113.67 244.03 -6.70 1687   20.53   298.5  100631.  -5.17   0.60  12.87  -0.58    4.77  0.27  0.24  0.24  -1.00   -1.0        -1.  19.64  299.0  88030.
297  6 28 06 0.60 113.67 244.02 -6.70 1687   20.56   295.1   82222.  -6.16   1.38  13.14   0.38    4.05  0.20  0.44  0.27  -1.00   -1.0        -1.  19.84  297.3  68039.
297  6 29 27 0.60 113.67 244.01 -6.70 1687   20.14   297.7   96203.  -5.14   1.17  12.98  -0.06    4.09  0.10  0.69  0.27  -1.00   -1.0        -1.  20.60  299.3  86987.
297  6 30 48 0.60 113.67 243.99 -6.70 1687   20.00   300.5  127418.  -3.50  -0.45  10.76  -4.52    6.60  0.91  1.27  0.55  -1.00   -1.0        -1.  19.77  300.3 105117.
297  6 32 09 0.60 113.68 243.98 -6.70 1687   19.29   305.2   97444.  -0.14  -2.00   8.24  -7.81    7.26  0.44  0.82  0.36  -1.00   -1.0        -1.  19.92  302.9  84999.
297  6 33 30 0.60 113.68 243.97 -6.70 1687   20.46   305.0  121291.  -1.46  -1.56   8.90  -6.50    7.94  0.33  0.23  0.18  -1.00   -1.0        -1.  19.49  304.2 106978.
297  6 34 51 0.60 113.68 243.96 -6.70 1687   21.45   306.3   95079.  -1.26  -2.96   8.53  -6.42    8.34  0.65  0.93  0.26  -1.00   -1.0        -1.  21.65  306.4 118595.
297  6 36 12 0.60 113.68 243.95 -6.70 1687   20.37   302.7  127746.  -1.94  -1.56   9.03  -6.02    7.97  0.74  0.27  0.66  -1.00   -1.0        -1.  19.65  301.4 110295.
297  6 37 33 0.60 113.68 243.94 -6.70 1687   19.64   307.2   91506.  -1.53  -3.26   7.64  -5.86    9.84  0.21  0.22  0.20  -1.00   -1.0        -1.  19.22  310.3 101521.
297  6 38 54 0.60 113.68 243.92 -6.70 1687   21.05   306.2  110266.  -0.85  -1.61   8.32  -7.42    8.17  0.21  0.37  0.51  -1.00   -1.0        -1.  20.24  303.8  95778.
297  6 40 15 0.60 113.68 243.91 -6.70 1687   20.27   306.6  104876.  -0.17  -1.97   8.04  -8.10    7.59  0.46  0.56  0.30  -1.00   -1.0        -1.  19.23  305.7  78954.
297  6 41 36 0.60 113.68 243.90 -6.70 1687   19.60   311.3  100501.   0.12  -1.56   7.26  -9.20    7.41  0.51  0.40  0.15  -1.00   -1.0        -1.  19.25  309.4  92311.
297  6 42 57 0.60 113.68 243.89 -6.70 1687   19.41   299.0  102284.  -3.05  -2.34  10.31  -4.16    8.08  0.20  0.45  0.26  -1.00   -1.0        -1.  19.57  301.4 117510.
297  6 44 18 0.60 113.68 243.88 -6.70 1687   19.35   311.2   97499.   0.33  -1.79   7.47  -9.29    7.34  0.18  0.09  0.00  -1.00   -1.0        -1.  19.26  309.6  89973.
297  6 45 39 0.60 113.68 243.87 -6.70 1687   19.52   309.8   93029.   1.03  -0.58   7.82  -9.94    6.06  0.30  0.53  0.85  -1.00   -1.0        -1.  19.00  307.3  75640.
297  6 47 00 0.60 113.68 243.85 -6.70 1687   20.69   309.2  104678.  -0.40  -1.04   8.31  -9.34    6.75  0.25  0.14  0.25  -1.00   -1.0        -1.  21.20  307.7  98630.
297  6 48 21 0.60 113.69 243.84 -6.70 1687   18.99   311.4   89989.   0.65  -1.65   7.92  -9.62    6.66  0.39  0.14  0.35  -1.00   -1.0        -1.  20.01  310.8  96242.
297  6 49 42 0.60 113.69 243.83 -6.70 1687   19.21   308.5  104353.  -0.67  -1.57   8.01  -8.79    7.44  0.36  0.42  0.63  -1.00   -1.0        -1.  18.95  308.1  95436.
297  6 51 03 0.60 113.69 243.82 -6.70 1687   19.17   309.4   92143.   0.68  -0.99   7.95 -10.37    5.62  0.35  0.19  0.42  -1.00   -1.0        -1.  19.06  309.4  97282.
297  6 52 24 0.60 113.69 243.81 -6.70 1687   19.87   321.0   83768.   3.00   0.44   6.76 -11.36    5.03  0.61  0.31  0.35  -1.00   -1.0        -1.  19.11  318.3  72025.
297  6 53 45 0.60 113.69 243.80 -6.70 1687   18.39   311.5   86636.   1.98  -0.53   7.16 -11.22    5.10  0.44  0.45  0.27  -1.00   -1.0        -1.  17.18  309.1  73470.
297  6 55 06 0.60 113.69 243.79 -6.70 1687   18.58   306.2  116194.  -0.20  -1.04   9.55  -8.10    6.86  0.36  0.60  0.36  -1.00   -1.0        -1.  18.28  304.5 100095.
297  6 56 27 0.60 113.69 243.77 -6.70 1687   19.65   301.3  105601.  -1.32  -2.15   9.76  -7.26    7.25  0.38  0.51  0.25  -1.00   -1.0        -1.  20.35  303.0 120755.
297  6 57 48 0.60 113.69 243.76 -6.70 1687   20.41   301.4  127076.  -2.00  -1.48  10.58  -5.86    7.39  0.47  0.52  0.34  -1.00   -1.0        -1.  20.39  300.3 105802.
297  6 59 09 0.60 113.69 243.75 -6.70 1687   20.53   299.1  101248.  -1.50  -1.33  10.24  -6.02    7.64  0.42  0.69  0.62  -1.00   -1.0        -1.  21.11  299.5 124971.
297  7 00 30 0.60 113.69 243.74 -6.70 1687   20.36   302.3  117948.  -1.79  -2.33   9.55  -7.10    7.68  0.33  0.61  0.31  -1.00   -1.0        -1.  19.49  300.8 103584.
297  7 01 51 0.60 113.69 243.73 -6.70 1687   19.35   301.5   96440.  -1.90  -3.32   9.30  -7.49    7.61  0.37  1.05  0.85  -1.00   -1.0        -1.  19.23  299.8  90781.
297  7 03 12 0.60 113.69 243.72 -6.70 1687   19.10   303.4  122736.  -1.74  -1.26   9.51  -8.38    6.05  0.28  0.14  0.00  -1.00   -1.0        -1.  19.13  302.5 110357.
297  7 04 33 0.60 113.70 243.70 -6.70 1687   19.15   304.9   98211.   0.24  -2.31   8.44  -9.43    6.38  0.29  0.39  0.29  -1.00   -1.0        -1.  19.51  305.9 114450.
297  7 05 54 0.60 113.70 243.69 -6.70 1687   20.00   305.4  113287.  -0.50  -2.33   8.68  -8.99    6.64  0.25  0.22  0.26  -1.00   -1.0        -1.  18.99  303.2 103009.
297  7 07 15 0.60 113.70 243.68 -6.70 1687   19.80   304.1  140457.  -0.93  -2.26   9.05  -8.32    6.77  0.46  0.69  0.35  -1.00   -1.0        -1.  20.20  302.6 121954.
297  7 08 36 0.60 113.70 243.67 -6.70 1687   21.24   302.4  120849.  -1.71  -2.19   7.30 -10.32    6.01  1.35  1.15  0.46  -1.00   -1.0        -1.  21.19  302.5 107011.
297  7 09 57 0.60 113.70 243.66 -6.70 1687   19.23   311.4   91441.   1.34  -1.49   6.72 -11.06    5.84  0.43  0.43  0.45  -1.00   -1.0        -1.  18.23  308.9  73844.
297  7 11 18 0.60 113.70 243.65 -6.70 1687   -1.00    -1.0      -1.  -1.00  -1.00   6.59 -11.41    6.28  0.26  0.41  0.48  -1.00   -1.0        -1.  18.13  308.5  83576.
297  7 12 39 0.60 113.70 243.63 -6.70 1687   18.60   323.0   75881.   3.65  -0.62   5.71 -12.54    4.80  0.18  0.19  0.21  -1.00   -1.0        -1.  18.75  320.1  82501.
297  7 14 00 0.60 113.70 243.62 -6.70 1687   17.56   315.6   66944.   3.84  -0.94   6.73 -12.32    5.13  0.28  0.12  0.20  -1.00   -1.0        -1.  17.76  312.1  72379.
297  7 15 21 0.60 113.70 243.61 -6.70 1687   18.24   311.5   83697.   3.31  -0.32   5.17 -13.18    3.92  0.69  0.18  0.52  -1.00   -1.0        -1.  17.71  307.4  69199.
297  7 16 42 0.60 113.70 243.60 -6.70 1687   17.72   315.5   69176.   2.90  -0.58   4.39 -13.33    4.48  0.18  0.05  0.18  -1.00   -1.0        -1.  17.58  313.2  75270.
297  7 19 54 0.60 113.70 243.57 -6.70 1687   17.46   318.7   84181.   2.93  -0.78   4.88 -13.01    4.82  0.23  0.17  0.20  -1.00   -1.0        -1.  17.15  315.2  69231.
297  7 20 35 0.60 113.71 243.57 -6.70 1687   18.46   316.0   78145.   3.11  -0.76   4.96 -12.80    5.06  0.16  0.20  0.23  -1.00   -1.0        -1.  17.90  315.9  83229.
297  7 21 15 0.60 113.71 243.56 -6.70 1687   -1.00    -1.0      -1.  -1.00  -1.00   4.69 -13.17    4.87  0.32  0.21  0.22  -1.00   -1.0        -1.  18.40  313.4  78840.
297  7 21 25 0.60 113.71 243.56 -6.70 1687   18.32   315.1   76859.   3.15  -0.85   4.84 -13.09    5.00  0.35  0.22  0.29  -1.00   -1.0        -1.  17.33  312.5  65236.
297  7 22 06 0.60 113.71 243.55 -6.70 1687   17.20   313.0   70615.   2.84  -1.27   5.48 -12.44    5.27  0.31  0.19  0.18  -1.00   -1.0        -1.  17.45  311.4  73288.
297  7 22 46 0.60 113.71 243.55 -6.70 1687   18.80   312.5   81705.   3.24  -1.30   5.89 -12.54    5.20  0.19  0.22  0.21   0.06  374.1    145648.  18.25  308.7  69936.
297  7 23 27 0.60 113.71 243.54 -6.70 1687   18.25   312.4   66616.   2.91  -1.02   5.94 -12.57    5.19  0.21  0.18  0.29  -1.00   -1.0        -1.  18.66  310.7  76485.
297  7 24 07 0.60 113.71 243.54 -6.70 1687   17.54   312.1   78811.   3.07  -1.39   5.94 -12.37    5.58  0.25  0.25  0.21  -1.00   -1.0        -1.  16.88  309.4  67016.
297  7 24 48 0.60 113.71 243.53 -6.70 1687   18.68   311.8   68529.   2.64  -1.65   5.83 -12.19    5.81  0.19  0.25  0.25  -1.00   -1.0        -1.  18.74  309.5  79711.
297  7 25 28 0.60 113.71 243.52 -6.70 1687   17.34   314.9   72882.   2.80  -1.13   5.52 -12.49    5.42  0.18  0.17  0.29  -1.00   -1.0        -1.  17.34  311.5  66428.
297  7 26 09 0.60 113.71 243.52 -6.71 1687   17.89   312.0   68643.   2.39  -1.31   5.70 -12.60    5.50  0.14  0.21  0.21  -1.00   -1.0        -1.  17.91  310.1  78116.
297  7 26 49 0.60 113.71 243.51 -6.71 1687   17.56   312.3   78791.   2.53  -1.26   6.02 -12.46    5.55  0.37  0.32  0.31  -1.00   -1.0        -1.  17.10  309.3  71050.
297  7 27 30 0.60 113.71 243.51 -6.71 1687   16.94   306.0   69848.   1.49  -1.64   6.06 -12.41    5.47  0.84  0.58  0.48  -1.00   -1.0        -1.  17.43  304.6  76258.
297  7 28 10 0.60 113.71 243.50 -6.71 1687   17.33   312.3   79246.   2.39  -1.66   5.58 -12.49    5.74  0.42  0.31  0.43  -1.00   -1.0        -1.  16.88  309.6  68465.
297  7 28 51 0.60 113.71 243.50 -6.71 1687   17.45   307.7   69735.   0.00   0.00   6.14 -12.36    5.73  0.44  0.38  0.30  -1.00   -1.0        -1.  18.80  308.8  82534.
297  7 29 31 0.60 113.71 243.49 -6.71 1687   18.35   314.7   81507.   2.60  -1.14   5.21 -12.76    5.60  0.20  0.22  0.20  -1.00   -1.0        -1.  17.53  312.9  70420.
297  7 30 12 0.60 113.71 243.48 -6.71 1687   17.62   308.3  104068.  -0.36  -1.59   7.81 -10.49    6.30  0.31  0.39  0.44  -1.00   -1.0        -1.  17.83  306.7  91844.
297  7 30 52 0.60 113.71 243.48 -6.71 1687   18.46   307.3   92523.   1.15  -1.36   7.11 -10.86    6.10  0.27  0.18  0.20  -1.00   -1.0        -1.  19.83  307.8 112215.
297  7 31 33 0.60 113.71 243.47 -6.71 1687   17.98   312.7   93919.   1.67  -1.01   6.74 -11.39    5.89  0.28  0.26  0.39  -1.00   -1.0        -1.  18.47  310.0  88384.
297  7 32 13 0.60 113.71 243.47 -6.71 1687   19.58   310.2   91714.   1.56  -1.58   6.86 -11.21    5.74  0.33  0.22  0.52  -1.00   -1.0        -1.  19.56  309.4  96154.
297  7 32 54 0.60 113.71 243.46 -6.71 1687   19.54   311.1   97392.   1.13  -0.50   7.01 -11.21    5.82  0.37  0.44  1.17  -1.00   -1.0        -1.  18.03  308.5  91412.
297  7 33 34 0.60 113.71 243.46 -6.71 1687   18.94   311.4   89680.   0.56  -1.98   6.86 -10.85    6.63  0.19  0.30  0.68   0.06  365.9     66879.  18.84  312.3  92558.
297  7 34 15 0.60 113.71 243.45 -6.71 1687   19.91   312.6   96632.   0.48  -0.80   7.09 -10.93    5.64  0.49  0.46  1.25  -1.00   -1.0        -1.  19.15  310.6  92380.
297  7 34 54 0.60 113.71 243.44 -6.71 1687   19.87   309.1   92974.   2.05   0.98   7.96 -11.42    3.65  0.25  0.27  0.53  -1.00   -1.0        -1.  18.51  307.9 100345.
297  7 35 35 0.60 113.71 243.44 -6.71 1687   22.00   294.9   97070.   0.00   0.00   8.15 -11.16    3.86  0.69  0.38  0.37  -1.00   -1.0        -1.  -1.00   -1.0     -1.
297  7 36 15 0.60 113.72 243.43 -6.71 1687   19.35   300.3  102372.   0.00   0.00   9.20 -10.34    4.17  0.89  0.83  0.56  -1.00   -1.0        -1.  19.67  301.2 119137.
297  7 36 56 0.60 113.72 243.43 -6.71 1687   19.52   309.1   99240.   1.39  -0.05   7.56 -11.34    4.47  0.73  0.56  0.41  -1.00   -1.0        -1.  19.13  307.1  98048.
297  7 37 37 0.60 113.72 243.42 -6.71 1687   18.91   307.9   97873.   1.41  -0.47   7.96 -11.36    3.99  0.26  0.25  0.31  -1.00   -1.0        -1.  20.06  302.7  89287.
297  7 38 18 0.60 113.72 243.42 -6.71 1687   19.64   307.8  111926.   1.58   0.65   7.88 -11.31    4.05  0.24  0.18  0.30  -1.00   -1.0        -1.  19.44  305.6  97057.
297  7 38 58 0.60 113.72 243.41 -6.71 1687   19.88   308.8   95625.   2.00   0.09   7.46 -11.55    4.34  0.18  0.15  0.27  -1.00   -1.0        -1.  20.15  307.1 110805.
297  7 39 39 0.60 113.72 243.40 -6.71 1687   20.35   308.0  110451.   1.66   0.72   7.44 -11.50    4.30  0.44  0.27  0.94  -1.00   -1.0        -1.  19.49  306.5  94501.
297  7 40 19 0.60 113.72 243.40 -6.71 1687   19.72   308.3   97512.   1.66  -0.43   7.44 -11.15    4.96  0.31  0.22  0.21  -1.00   -1.0        -1.  19.20  303.7  88404.
297  7 41 00 0.60 113.72 243.39 -6.71 1687   19.79   314.6   99435.   1.14  -0.65   6.90 -11.39    5.18  0.25  0.21  0.42  -1.00   -1.0        -1.  18.91  311.0  91262.
297  7 41 40 0.60 113.72 243.39 -6.71 1687   18.54   313.8   87257.   1.73  -1.21   6.56 -11.45    5.51  0.39  0.37  0.41  -1.00   -1.0        -1.  18.30  314.4  96327.
297  7 42 21 0.60 113.72 243.38 -6.71 1687   19.53   314.1   98730.   0.00   0.00   6.60 -11.79    5.02  0.23  0.22  0.34  -1.00   -1.0        -1.  18.99  311.7  92026.
297  8 17 48 0.60 113.74 243.08 -6.71 1687   18.00   319.1   90112.   0.00   0.00   6.60 -10.55    8.48  0.00  0.00  0.00  -1.00   -1.0        -1.  17.24  318.3  74357.
297  8 18 29 0.60 113.74 243.07 -6.71 1687   17.79   317.1   78743.   0.52  -2.79   6.88 -10.43    8.39  0.30  0.13  0.17  -1.00   -1.0        -1.  17.82  316.1  85662.
297  8 19 09 0.60 113.74 243.07 -6.71 1687   18.27   316.1   97616.   0.05  -2.62   6.56 -10.43    8.72  0.39  0.34  0.34  -1.00   -1.0        -1.  18.18  313.5  88186.
297  8 19 50 0.60 113.74 243.06 -6.71 1687   17.74   314.7   78164.   0.53  -2.83   6.36 -10.72    8.40  0.49  0.30  0.28  -1.00   -1.0        -1.  18.20  313.8  89667.
297  8 20 30 0.60 113.74 243.06 -6.71 1687   18.05   321.8   78320.  -0.20  -1.98   4.19 -12.05    8.57  0.31  0.31  0.27  -1.00   -1.0        -1.  17.98  319.9  69179.
297  8 21 11 0.60 113.74 243.05 -6.71 1687   16.82   332.9   74585.   0.00   0.00   4.74 -11.66    8.72  0.23  0.22  0.23  -1.00   -1.0        -1.  -1.00   -1.0     -1.
297  8 21 51 0.60 113.74 243.04 -6.71 1687   17.97   325.9   72421.  -0.33  -1.50   4.36 -11.81    8.66  0.29  0.33  0.33  -1.00   -1.0        -1.  18.38  323.0  68617.
297  8 22 32 0.60 113.74 243.04 -6.71 1687   17.61   321.5   72785.  -0.73  -3.09   0.00   0.00    0.00  0.00  0.00  0.00  -1.00   -1.0        -1.  18.20  322.1  79620.
297  8 23 13 0.60 113.74 243.03 -6.71 1687   18.06   319.9   82329.   0.19  -1.32   0.00   0.00    0.00  0.00  0.00  0.00  -1.00   -1.0        -1.  17.68  317.7  71827.
297  8 23 54 0.60 113.74 243.03 -6.71 1687   17.88   316.1   77729.  -0.22  -2.04   6.39 -10.16    9.70  0.34  0.37  0.43  -1.00   -1.0        -1.  18.08  316.4  89261.
297  8 24 34 0.60 113.75 243.02 -6.71 1687   18.69   318.0   82020.  -0.54  -2.90   6.31 -10.26    9.58  0.27  0.29  0.17  -1.00   -1.0        -1.  17.58  316.8  67704.
297  8 25 15 0.60 113.75 243.02 -6.71 1687   18.35   316.6   77931.   0.00   0.00   6.93  -9.97    9.58  0.41  0.30  0.30  -1.00   -1.0        -1.  19.14  317.3  90255.
297  8 25 55 0.60 113.75 243.01 -6.71 1687   18.98   327.6   75933.   0.00   0.00   2.89 -11.86    8.92  2.29  0.90  0.61  -1.00   -1.0        -1.  17.98  328.9  63900.
297  8 26 36 0.60 113.75 243.00 -6.71 1687   18.83   329.5   60658.   0.33  -3.00   1.28 -12.14    8.97  0.23  0.15  0.12  -1.00   -1.0        -1.  18.28  329.0  61922.
297  8 27 16 0.60 113.75 243.00 -6.71 1687   17.88   326.0   65307.   0.53  -2.75   2.07 -12.11    9.07  0.15  0.10  0.12  -1.00   -1.0        -1.  18.04  324.2  63118.
297  8 27 57 0.60 113.75 242.99 -6.71 1687   17.99   325.7   63092.   0.37  -2.90   2.06 -12.07    9.37  0.21  0.39  0.44  -1.00   -1.0        -1.  17.60  326.9  63803.
297  8 28 37 0.60 113.75 242.99 -6.71 1687   17.57   329.7   62231.  -0.69  -3.62   1.73 -10.89   10.57  0.49  0.27  0.29  -1.00   -1.0        -1.  16.91  330.3  51654.
297  8 29 18 0.60 113.75 242.98 -6.71 1687   20.47   325.2   72090.   0.57  -2.73   2.89 -11.63    9.42  0.79  0.24  0.42  -1.00   -1.0        -1.  19.65  325.1  74364.
297  8 29 58 0.60 113.75 242.97 -6.71 1687   19.84   318.9   81195.  -0.16  -2.24   4.17 -11.54    9.37  0.39  0.14  0.26  -1.00   -1.0        -1.  18.42  318.7  71528.
297  8 30 39 0.60 113.75 242.97 -6.71 1687   18.96   323.7   66844.   0.02  -2.98   3.40 -11.31    9.90  0.29  0.24  0.23  -1.00   -1.0        -1.  18.50  323.5  65466.
297  8 31 19 0.60 113.75 242.96 -6.71 1687   18.52   321.3   79912.  -0.67  -2.48   3.92 -11.29    9.61  0.22  0.40  0.49  -1.00   -1.0        -1.  18.34  321.0  66444.
297  8 32 00 0.60 113.75 242.96 -6.71 1687   17.22   321.2   71794.   0.56  -2.23   4.91 -12.27    7.70  0.48  0.36  0.65   0.09  357.3     88475.  17.18  321.8  66158.
297  8 32 40 0.60 113.75 242.95 -6.71 1687   19.22   325.4   73207.  -0.08  -1.59   4.64 -12.29    7.68  0.50  0.27  0.37  -1.00   -1.0        -1.  19.84  322.6  69871.
297  8 33 21 0.60 113.75 242.95 -6.71 1687   19.20   320.1   74760.   0.92  -1.48   4.72 -12.29    7.42  0.21  0.18  0.29  -1.00   -1.0        -1.  19.13  320.2  82257.
297  8 34 00 0.60 113.75 242.94 -6.71 1687   19.63   320.7   75757.   0.00   0.00   4.67 -12.26    7.71  0.32  0.14  0.13  -1.00   -1.0        -1.  18.29  320.3  67578.
297  8 34 41 0.60 113.75 242.93 -6.71 1687   18.13   327.4   89882.   0.00   0.00   5.36 -12.03    7.72  0.43  0.20  0.26   0.06  389.6    193088.  -1.00   -1.0     -1.
297  8 35 21 0.60 113.75 242.93 -6.71 1687   18.91   316.2   81728.   0.00   0.00   5.18 -12.02    8.06  0.28  0.23  0.35  -1.00   -1.0        -1.  18.34  316.1  70518.
297  8 36 02 0.60 113.75 242.92 -6.71 1687   19.17   318.4   71304.   0.00   0.00   4.79 -12.03    7.99  0.20  0.17  0.19  -1.00   -1.0        -1.  19.59  319.5  76284.
297  8 36 43 0.60 113.75 242.92 -6.71 1687   19.52   317.9   82514.   0.57  -1.65   5.30 -12.00    7.88  0.22  0.19  0.22  -1.00   -1.0        -1.  19.02  315.8  71580.
297  8 37 24 0.60 113.75 242.91 -6.71 1687   19.15   317.6   72652.   0.32  -2.45   5.08 -12.69    7.46  0.31  0.55  0.52  -1.00   -1.0        -1.  19.20  317.8  85119.
297  8 38 04 0.60 113.75 242.91 -6.71 1687   18.49   317.5   62370.   0.81  -1.39   4.73 -12.39    7.99  0.32  0.48  0.72  -1.00   -1.0        -1.  17.92  318.2  67851.
297  8 38 45 0.60 113.75 242.90 -6.71 1687   18.66   318.1   70300.  -0.04  -2.67   4.47 -12.46    8.15  0.60  0.33  0.31  -1.00   -1.0        -1.  19.15  318.8  83898.
297  8 39 25 0.60 113.75 242.90 -6.71 1687   18.87   317.6   83378.  -0.38  -1.85   5.19 -12.32    8.21  0.32  0.30  0.13  -1.00   -1.0        -1.  18.21  316.6  72158.
297  8 40 06 0.60 113.76 242.89 -6.71 1687   18.18   318.1   71609.   0.52  -2.27   4.83 -12.48    8.37  0.30  0.16  0.20  -1.00   -1.0        -1.  17.89  318.7  78635.
297  8 40 46 0.60 113.76 242.88 -6.71 1687   18.54   319.6   82111.   0.15  -2.04   5.00 -12.29    8.27  0.36  0.29  0.46  -1.00   -1.0        -1.  18.25  319.3  73743.
297  8 41 27 0.60 113.76 242.88 -6.71 1687   18.61   318.8   72714.   0.22  -2.33   5.05 -11.87    8.55  0.42  0.36  0.40   0.12  350.4    141113.  18.96  317.9  84220.
297  8 42 07 0.60 113.76 242.87 -6.71 1687   20.56   319.0   85132.  -0.30  -2.04   4.58 -11.48    9.27  0.44  0.53  0.79  -1.00   -1.0        -1.  19.72  319.0  71645.
297  8 42 48 0.60 113.76 242.87 -6.71 1687   -1.00    -1.0      -1.  -1.00  -1.00   5.24 -12.25    8.26  0.25  0.23  0.35  -1.00   -1.0        -1.  18.27  318.8  77927.
297  8 43 28 0.60 113.76 242.86 -6.71 1687   18.81   318.2   85207.   0.00   0.00   5.59 -11.46    9.07  0.38  0.91  0.90  -1.00   -1.0        -1.  18.06  316.8  70388.
297  8 44 49 0.60 113.71 242.80 -6.84 1687   -1.00    -1.0      -1.  -1.00  -1.00   6.04 -11.47    8.82  0.56  0.59  0.46  -1.00   -1.0        -1.  -1.00   -1.0     -1.
297  8 45 06 0.60 113.71 242.80 -6.84 1687   -1.00    -1.0      -1.  -1.00  -1.00   5.51 -11.82    8.59  0.67  0.56  0.46  -1.00   -1.0        -1.  -1.00   -1.0     -1.
297  8 45 47 0.60 113.76 242.84 -6.71 1687   18.82   318.6   66402.  -0.19  -2.73   5.94 -11.28    8.63  0.86  0.64  0.17  -1.00   -1.0        -1.  18.09  315.9  64345.
297  8 45 48 0.60 113.76 242.84 -6.71 1687   19.04   318.7   72873.   0.40  -2.67   6.38 -10.90    8.60  0.68  0.50  0.22  -1.00   -1.0        -1.  18.69  316.7  67393.
297  8 46 10 0.60 113.76 242.84 -6.71 1687   20.26   315.7   89612.  -1.00  -2.23   6.76 -10.51    8.83  0.29  0.30  0.35  -1.00   -1.0        -1.  19.56  316.0  76953.
297  8 46 51 0.60 113.76 242.83 -6.71 1687   20.52   314.6   85334.  -1.06  -2.94   6.18  -9.89    9.78  0.20  0.26  0.22  -1.00   -1.0        -1.  20.44  316.7  91935.
297  8 47 31 0.60 113.76 242.83 -6.71 1687   19.84   316.5   87916.  -1.78  -2.59   6.40  -9.47   10.03  0.37  0.26  0.17  -1.00   -1.0        -1.  19.66  314.9  85870.
297  8 48 12 0.60 113.76 242.82 -6.71 1687   19.75   313.3   90856.  -1.80  -2.48   6.92  -8.84   10.33  0.31  0.33  0.26  -1.00   -1.0        -1.  19.80  315.3  90434.
297  8 48 52 0.60 113.76 242.81 -6.71 1687   19.15   314.7   94319.  -1.98  -2.93   6.44  -8.94   10.70  0.39  0.22  0.23  -1.00   -1.0        -1.  19.01  313.1  89492.
297  8 49 33 0.60 113.76 242.81 -6.71 1687   18.47   316.0   79919.  -2.03  -3.60   6.64  -8.72   10.61  0.58  0.30  0.38  -1.00   -1.0        -1.  19.67  316.6  89450.
297  8 50 13 0.60 113.76 242.80 -6.71 1687   20.25   314.2   89661.  -1.86  -3.43   6.55  -8.34   10.94  0.55  0.34  0.33  -1.00   -1.0        -1.  19.09  313.1  85149.
297  8 50 54 0.60 113.76 242.80 -6.71 1687   19.82   311.3   92243.  -2.41  -3.63   7.15  -8.11   10.90  0.87  0.64  0.22  -1.00   -1.0        -1.  19.43  314.0  91019.
297  8 51 34 0.60 113.76 242.79 -6.71 1687   20.93   312.9   97152.  -2.21  -3.34   6.95  -8.94   10.48  0.51  0.66  0.56  -1.00   -1.0        -1.  20.28  312.1  89817.
297  8 52 15 0.60 113.76 242.79 -6.71 1687   19.45   309.8   84349.  -1.14  -3.05   7.25 -10.02    9.89  0.53  0.44  0.26  -1.00   -1.0        -1.  19.02  309.8  71430.
297  8 52 55 0.60 113.76 242.78 -6.71 1687   18.27   316.8   65401.  -0.38  -2.48   5.96 -10.99    9.68  0.85  0.48  0.32  -1.00   -1.0        -1.  18.83  318.8  66905.
297  8 53 36 0.60 113.76 242.78 -6.71 1687   19.28   315.2   71642.  -0.58  -2.37   6.42 -10.93    9.62  0.22  0.25  0.21  -1.00   -1.0        -1.  19.08  313.4  68578.
297  8 54 16 0.60 113.76 242.77 -6.71 1687   18.73   314.2   63988.  -0.17  -1.99   6.35 -11.81    8.71  0.41  0.21  0.24  -1.00   -1.0        -1.  18.56  315.2  67535.
297  8 54 57 0.60 113.76 242.76 -6.71 1687   19.27   312.9   79506.  -0.32  -2.65   6.70 -11.52    8.82  0.12  0.23  0.28  -1.00   -1.0        -1.  18.05  313.1  64836.
297  8 55 37 0.60 113.76 242.76 -6.71 1687   19.10   315.1   84194.  -0.48  -2.14   6.84 -11.50    8.81  0.19  0.42  0.32  -1.00   -1.0        -1.  18.81  314.7  69306.
297  8 56 18 0.60 113.77 242.75 -6.71 1687   19.82   312.0   76761.   0.04  -2.33   6.74 -11.81    8.43  0.26  0.26  0.35  -1.00   -1.0        -1.  18.84  312.7  66941.
297  8 56 58 0.60 113.77 242.75 -6.71 1687   19.45   314.8   83196.  -0.80  -2.13   7.12 -11.64    8.19  0.12  0.18  0.25  -1.00   -1.0        -1.  19.17  314.0  69744.
297  8 57 39 0.60 113.77 242.74 -6.71 1687   19.47   311.1   75445.  -0.11  -1.89   6.66 -11.45    9.10  0.19  0.18  0.29  -1.00   -1.0        -1.  18.99  310.4  67107.
297  8 58 19 0.60 113.77 242.74 -6.71 1687   19.68   311.5   65258.  -0.15  -2.02   6.72 -11.07    9.42  0.22  0.35  0.26  -1.00   -1.0        -1.  19.32  312.7  79084.
297  8 59 00 0.60 113.77 242.73 -6.71 1687   19.34   314.1   67717.  -0.39  -2.17   7.28 -10.97    9.17  0.12  0.25  0.33  -1.00   -1.0        -1.  19.54  312.6  64281.
297  8 59 40 0.60 113.77 242.72 -6.71 1687   19.98   315.7   82439.  -0.43  -1.97   5.71 -11.51   10.05  1.27  0.15  1.29  -1.00   -1.0        -1.  19.03  314.8  68367.
297  9 00 21 0.60 113.77 242.72 -6.71 1687   19.22   314.4   82413.  -0.25  -2.21   0.00   0.00    0.00  0.00  0.00  0.00  -1.00   -1.0        -1.  19.19  313.9  67451.
297  9 01 01 0.60 113.77 242.71 -6.71 1687   18.68   312.2   65050.  -0.50  -1.92   0.00   0.00    0.00  0.00  0.00  0.00  -1.00   -1.0        -1.  18.49  313.8  68172.
297  9 01 42 0.60 113.77 242.71 -6.71 1687   18.68   314.2   70631.  -0.20  -2.06   0.00   0.00    0.00  0.00  0.00  0.00  -1.00   -1.0        -1.  18.77  312.5  65327.
297  9 02 22 0.60 113.77 242.70 -6.71 1687   19.03   310.2   66808.  -0.40  -1.82   0.00   0.00    0.00  0.00  0.00  0.00  -1.00   -1.0        -1.  17.75  311.5  65369.
297  9 03 03 0.60 113.77 242.70 -6.71 1687   19.82   314.8   68711.   0.27  -2.17   0.00   0.00    0.00  0.00  0.00  0.00   0.06  363.6    158616.  18.77  313.0  64982.
297  9 03 43 0.60 113.77 242.69 -6.71 1687   19.16   313.9   67350.   0.18  -1.95   0.00   0.00    0.00  0.00  0.00  0.00  -1.00   -1.0        -1.  19.03  314.6  71190.
297  9 04 24 0.60 113.77 242.68 -6.71 1687   18.98   313.8   67802.   0.06  -1.84   0.00   0.00    0.00  0.00  0.00  0.00  -1.00   -1.0        -1.  18.33  312.4  65515.
297  9 05 04 0.60 113.77 242.68 -6.71 1687   20.08   310.2   70170.  -0.35  -1.57   0.00   0.00    0.00  0.00  0.00  0.00  -1.00   -1.0        -1.  20.23  310.8  77138.
297  9 05 45 0.60 113.77 242.67 -6.71 1687   18.58   316.3   69800.   0.17  -2.14   0.00   0.00    0.00  0.00  0.00  0.00  -1.00   -1.0        -1.  18.44  314.8  62442.
297  9 06 25 0.60 113.77 242.67 -6.71 1687   18.93   313.2   66883.   0.06  -2.40   0.00   0.00    0.00  0.00  0.00  0.00  -1.00   -1.0        -1.  18.45  314.1  66363.
297  9 07 06 0.60 113.77 242.66 -6.71 1687   18.81   315.8   71508.  -0.85  -3.77   0.00   0.00    0.00  0.00  0.00  0.00  -1.00   -1.0        -1.  18.74  313.5  69897.
297  9 09 07 0.60 113.77 242.64 -6.71 1687   18.81   313.6   67691.   0.00   0.00   0.00   0.00    0.00  0.00  0.00  0.00  -1.00   -1.0        -1.  18.97  316.1  69608.
297  9 09 48 0.60 113.77 242.64 -6.71 1687   19.57   315.0   70102.  -0.48  -3.44   0.00   0.00    0.00  0.00  0.00  0.00  -1.00   -1.0        -1.  19.26  312.6  67646.
297  9 10 28 0.60 113.77 242.63 -6.71 1687   19.66   315.0   64375.   0.00   0.00   0.00   0.00    0.00  0.00  0.00  0.00  -1.00   -1.0        -1.  19.81  315.5  68169.
297  9 11 09 0.60 113.77 242.63 -6.71 1687   18.22   315.1   65352.   0.06  -3.00   0.00   0.00    0.00  0.00  0.00  0.00  -1.00   -1.0        -1.  17.97  313.4  62705.
297  9 11 49 0.60 113.77 242.62 -6.71 1687   18.98   315.2   66155.   0.55  -2.72   0.00   0.00    0.00  0.00  0.00  0.00  -1.00   -1.0        -1.  18.74  316.0  66548.
297  9 12 30 0.60 113.78 242.61 -6.71 1687   19.92   316.4   69455.   0.05  -3.79   4.81 -11.79   10.97  0.27  0.53  0.56  -1.00   -1.0        -1.  19.59  314.3  65551.
297  9 13 10 0.60 113.78 242.61 -6.71 1687   19.72   314.1   66431.  -0.02  -3.22   4.82 -12.14   10.75  0.27  0.22  0.27  -1.00   -1.0        -1.  20.18  313.7  76875.
297  9 13 51 0.60 113.78 242.60 -6.71 1687   19.89   315.7   69407.   0.13  -3.56   4.59 -11.90   10.93  0.28  0.26  0.25  -1.00   -1.0        -1.  20.05  313.6  66057.
297  9 14 31 0.60 113.78 242.60 -6.71 1687   19.44   314.2   64323.   0.20  -3.26   4.60 -12.07   10.79  0.25  0.25  0.31  -1.00   -1.0        -1.  19.57  313.5  70969.
297  9 15 12 0.60 113.78 242.59 -6.71 1687   18.91   314.5   66886.   0.16  -3.38   4.57 -12.01   11.03  0.27  0.24  0.17  -1.00   -1.0        -1.  19.58  312.8  66889.
297  9 15 52 0.60 113.78 242.59 -6.71 1687   19.38   314.1   65167.   0.39  -3.15   4.51 -11.57   11.67  0.28  0.30  0.31  -1.00   -1.0        -1.  19.53  314.9  66960.
297  9 16 33 0.60 113.78 242.58 -6.71 1687   20.25   314.3   68338.   0.60  -3.51   4.44 -11.82   11.38  0.34  0.23  0.19  -1.00   -1.0        -1.  20.54  312.3  65372.
297  9 17 13 0.60 113.78 242.57 -6.71 1687   19.17   312.1   68471.   0.11  -3.05   5.22 -11.75   11.27  0.27  0.22  0.23   0.05  356.6    167984.  20.15  311.8  76290.
297  9 17 54 0.60 113.78 242.57 -6.71 1687   19.57   309.9   70300.   0.46  -3.26   5.14 -11.68   11.30  0.24  0.18  0.25  -1.00   -1.0        -1.  19.96  308.1  62656.
297  9 18 34 0.60 113.78 242.56 -6.71 1687   19.44   309.4   63839.   0.18  -3.24   4.98 -11.62   11.63  0.21  0.27  0.21  -1.00   -1.0        -1.  19.46  307.5  59245.
297  9 19 15 0.60 113.78 242.56 -6.71 1687   19.63   311.5   76284.  -0.01  -3.38   4.91 -12.15   11.33  0.20  0.36  0.36  -1.00   -1.0        -1.  19.99  310.2  66207.
297  9 19 55 0.60 113.78 242.55 -6.71 1687   20.02   312.2   71664.   0.10  -3.16   5.10 -12.55   10.92  0.22  0.15  0.20  -1.00   -1.0        -1.  20.69  311.7  79756.
297  9 20 36 0.60 113.78 242.54 -6.71 1687   19.88   312.7   76888.   0.57  -3.04   5.06 -12.79   10.56  0.16  0.20  0.20  -1.00   -1.0        -1.  19.65  311.4  65122.
297  9 21 16 0.60 113.78 242.54 -6.71 1687   19.85   312.9   66662.   0.51  -2.86   4.98 -12.95   10.44  0.28  0.17  0.17  -1.00   -1.0        -1.  19.81  311.8  74754.
297  9 21 57 0.60 113.78 242.53 -6.71 1687   20.38   310.3   76755.   0.32  -3.11   5.08 -12.90   10.27  0.71  0.68  0.54  -1.00   -1.0        -1.  19.59  308.8  68497.
297  9 22 37 0.60 113.78 242.53 -6.71 1687   21.88   310.0   73841.   0.63  -2.44   5.29 -12.70   10.47  0.42  0.24  0.34  -1.00   -1.0        -1.  21.93  310.1  82202.
297  9 23 18 0.60 113.78 242.52 -6.71 1687   20.82   314.2   78073.   0.88  -2.80   5.17 -12.93   10.48  0.48  0.22  0.26  -1.00   -1.0        -1.  20.08  313.7  66018.
297  9 23 58 0.60 113.78 242.52 -6.71 1687   20.82   310.4   70748.   0.74  -2.58   5.81 -12.84   10.13  0.35  0.21  0.22  -1.00   -1.0        -1.  21.15  310.0  79516.
297  9 24 39 0.60 113.78 242.51 -6.71 1687   21.55   311.5   78801.   0.54  -2.61   5.59 -13.02   10.22  0.25  0.22  0.27  -1.00   -1.0        -1.  20.48  309.7  67006.
297  9 25 19 0.60 113.78 242.50 -6.71 1687   19.92   314.3   87270.   0.12  -2.12   6.77 -13.89    8.63  0.25  0.15  0.27  -1.00   -1.0        -1.  20.33  311.2  79766.
297  9 26 00 0.60 113.78 242.50 -6.71 1687   20.78   313.2   81491.  -0.04  -2.40   6.45 -13.22    9.65  0.35  0.26  0.39  -1.00   -1.0        -1.  20.74  313.0  68088.
297  9 26 40 0.60 113.78 242.49 -6.71 1687   20.56   312.9   84840.   0.56  -1.36   7.00 -13.88    8.08  0.33  0.28  0.39  -1.00   -1.0        -1.  20.40  311.1  79227.
297  9 27 21 0.60 113.78 242.49 -6.71 1687   21.02   312.1   84626.   0.75  -1.85   7.17 -14.11    7.66  0.36  0.27  0.31  -1.00   -1.0        -1.  21.25  313.2  90661.
297  9 28 01 0.60 113.79 242.48 -6.71 1687   20.86   310.6   72879.   1.10  -1.87   6.67 -14.22    7.42  0.18  0.31  0.34  -1.00   -1.0        -1.  21.81  311.1  83177.
297  9 28 42 0.60 113.79 242.48 -6.71 1687   20.51   311.7   78333.   1.47  -1.11   6.83 -14.59    7.28  0.17  0.25  0.35  -1.00   -1.0        -1.  20.41  310.4  69423.
297  9 29 22 0.60 113.79 242.47 -6.71 1687   20.80   311.2   70920.   1.41  -0.57   7.98 -13.80    7.23  0.83  0.80  1.00  -1.00   -1.0        -1.  20.96  309.9  74474.
297  9 30 03 0.60 113.79 242.46 -6.71 1687   19.69   308.4   80688.   0.36  -1.83   8.83 -13.77    7.03  0.26  0.40  0.87  -1.00   -1.0        -1.  19.31  306.1  67341.
297  9 30 43 0.60 113.79 242.46 -6.71 1687   19.09   307.5   67961.   0.86  -0.86   8.79 -14.34    6.35  0.24  0.16  0.26  -1.00   -1.0        -1.  19.66  304.7  64160.
297  9 31 24 0.60 113.79 242.45 -6.71 1687   20.22   309.9   77131.   1.02  -0.93   8.81 -14.40    6.39  0.29  0.24  0.28  -1.00   -1.0        -1.  19.32  307.9  68828.
297  9 32 04 0.60 113.79 242.45 -6.71 1687   18.77   308.3   69374.   0.83  -0.83   9.02 -14.47    6.23  0.16  0.23  0.49  -1.00   -1.0        -1.  18.29  306.2  57686.
297  9 32 45 0.60 113.79 242.44 -6.71 1687   19.82   309.4   78285.   0.92  -0.50   8.45 -15.02    4.92  0.38  0.18  0.18  -1.00   -1.0        -1.  19.82  307.3  67133.
297  9 33 25 0.60 113.79 242.43 -6.71 1687   20.08   310.0   69072.   1.47  -0.33   7.75 -15.71    4.31  0.38  0.30  0.19  -1.00   -1.0        -1.  20.58  309.2  82384.
297  9 34 06 0.60 113.79 242.43 -6.71 1687   20.57   310.1   76378.   1.44  -0.28   7.48 -15.91    4.01  0.24  0.12  0.18  -1.00   -1.0        -1.  19.33  308.4  68588.
297  9 34 46 0.60 113.79 242.42 -6.71 1687   19.86   310.4   67120.   1.56  -0.09   7.78 -15.82    3.76  0.38  0.21  0.20  -1.00   -1.0        -1.  19.63  309.8  70976.
297  9 35 27 0.60 113.79 242.42 -6.71 1687   20.13   310.9   79821.   1.63  -0.10   8.06 -15.57    3.86  0.36  0.22  0.20  -1.00   -1.0        -1.  19.37  308.4  68520.
297  9 36 07 0.60 113.79 242.41 -6.71 1687   20.53   308.6   68689.   1.63   0.26   8.23 -15.59    3.43  0.32  0.12  0.31  -1.00   -1.0        -1.  20.16  308.1  76433.
297  9 36 48 0.60 113.79 242.41 -6.71 1687   19.26   308.6   84012.   1.65   0.40   7.52 -15.88    3.19  0.70  0.29  0.44  -1.00   -1.0        -1.  19.32  306.1  66795.
297  9 37 28 0.60 113.79 242.40 -6.71 1687   19.92   311.8   70085.   1.60   0.10   7.13 -16.16    3.27  0.18  0.14  0.21  -1.00   -1.0        -1.  19.69  309.8  74926.
297  9 38 09 0.60 113.79 242.39 -6.71 1687   20.16   309.6   81147.   1.78   0.35   7.87 -15.79    2.89  0.44  0.21  0.14  -1.00   -1.0        -1.  19.10  306.6  69488.
297  9 38 49 0.60 113.79 242.39 -6.71 1687   19.51   308.5   71144.   1.72   0.25   8.19 -15.69    2.59  0.26  0.19  0.18  -1.00   -1.0        -1.  19.32  307.5  85646.
297  9 39 30 0.60 113.79 242.38 -6.71 1687   19.23   308.0   80097.   1.89   0.61   8.31 -15.63    2.05  0.12  0.15  0.32  -1.00   -1.0        -1.  19.17  305.8  71810.
297  9 40 10 0.60 113.79 242.38 -6.71 1687   19.66   308.9   67838.   1.91   0.60   7.52 -16.11    2.33  0.62  0.26  0.55  -1.00   -1.0        -1.  19.87  307.8  79993.
297  9 40 51 0.60 113.79 242.37 -6.71 1687   20.19   309.7   78220.   2.37   0.44   6.97 -16.05    2.17  0.23  0.14  0.30  -1.00   -1.0        -1.  19.82  307.4  69514.
297  9 41 31 0.60 113.79 242.36 -6.71 1687   19.53   309.8   69543.   2.22   0.60   7.00 -16.27    1.98  0.17  0.21  0.20  -1.00   -1.0        -1.  20.46  308.7  77989.
297  9 42 12 0.60 113.79 242.36 -6.71 1687   19.86   310.8   78415.   2.36   0.80   6.90 -16.19    1.67  0.20  0.44  0.69  -1.00   -1.0        -1.  18.80  308.2  69403.
297  9 42 52 0.60 113.79 242.35 -6.71 1687   19.98   311.7   93699.   1.21  -1.23   6.66 -15.44    4.14  0.34  0.42  1.12  -1.00   -1.0        -1.  20.22  309.1  85870.
297  9 43 33 0.60 113.79 242.35 -6.71 1687   19.62   312.4   84148.   2.80   1.24   6.15 -16.36    0.27  0.29  0.24  0.57  -1.00   -1.0        -1.  18.98  308.9  71080.
297  9 44 13 0.60 113.80 242.34 -6.71 1687   20.11   314.3   88277.   2.12   1.77   5.56 -16.32    1.00  1.12  0.27  1.19  -1.00   -1.0        -1.  19.68  310.7  80097.
297  9 44 54 0.60 113.80 242.34 -6.71 1687   18.01   322.8   65187.   2.46  -1.53   5.42 -16.10    2.32  1.29  0.30  1.55  -1.00   -1.0        -1.  17.06  320.7  53466.
297  9 45 34 0.60 113.80 242.33 -6.71 1687   22.07   317.0   87565.   1.88  -1.86   5.63 -16.49    0.58  0.27  0.41  2.45  -1.00   -1.0        -1.  20.92  314.0  78294.
297  9 46 15 0.60 113.80 242.32 -6.71 1687   18.67   314.6   65492.   2.61   1.72   5.47 -16.61    1.38  0.25  0.22  1.12  -1.00   -1.0        -1.  18.86  311.1  69744.
297  9 46 55 0.60 113.80 242.32 -6.71 1687   18.90   312.6   69871.   2.51   0.80   6.26 -16.41    1.23  0.33  0.18  0.36  -1.00   -1.0        -1.  19.37  310.9  81501.
297  9 47 36 0.60 113.80 242.31 -6.71 1687   19.31   310.8   81189.   2.41   1.31   6.86 -15.92   -0.06  0.27  0.25  0.69  -1.00   -1.0        -1.  18.86  307.8  70254.
297  9 48 16 0.60 113.80 242.31 -6.71 1687   20.03   312.5   93075.   1.82   2.16   6.85 -15.79   -0.45  0.37  0.17  0.40  -1.00   -1.0        -1.  19.38  309.5  86364.
297  9 48 57 0.60 113.80 242.30 -6.71 1687   21.12   312.8   88121.   2.98   1.49   6.32 -16.06    0.19  0.44  0.21  0.56  -1.00   -1.0        -1.  21.40  309.6  76823.
297  9 49 37 0.60 113.80 242.29 -6.71 1687   18.30   310.9   68916.   2.18   1.98   6.57 -16.20   -0.60  0.29  0.10  0.14  -1.00   -1.0        -1.  18.72  309.6  80903.
297  9 50 18 0.60 113.80 242.29 -6.71 1687   20.79   313.3   85067.   2.69   2.20   5.79 -16.05   -0.95  0.23  0.19  0.54  -1.00   -1.0        -1.  19.59  311.9  71632.
297  9 50 58 0.60 113.80 242.28 -6.71 1687   19.60   316.3   91996.   1.86   2.74   5.77 -15.97   -1.50  0.25  0.20  0.17  -1.00   -1.0        -1.  19.93  312.3  82995.
297  9 51 39 0.60 113.80 242.28 -6.71 1687   19.61   314.0   80097.   2.47   2.74   5.66 -15.92   -2.46  0.28  0.17  0.48  -1.00   -1.0        -1.  19.43  310.8  70085.
297  9 52 19 0.60 113.80 242.27 -6.71 1687   19.24   314.2   84756.   2.13   3.04   5.51 -15.70   -2.72  0.23  0.24  0.58  -1.00   -1.0        -1.  18.99  311.6  78363.
297  9 53 00 0.60 113.80 242.27 -6.71 1687   18.56   316.3   74695.   3.01   2.73   5.11 -15.68   -3.49  0.35  0.18  0.46  -1.00   -1.0        -1.  18.48  310.4  73431.
297  9 53 40 0.60 113.80 242.26 -6.71 1687   19.29   316.5   85896.   2.44   3.19   4.45 -15.52   -4.59  0.33  0.22  0.46  -1.00   -1.0        -1.  19.19  313.8  80926.
297  9 54 21 0.60 113.80 242.25 -6.71 1687   20.70   316.2   85097.   2.72   4.44   4.50 -15.34   -4.87  0.33  0.16  0.26  -1.00   -1.0        -1.  18.87  314.1  71369.
297  9 55 01 0.60 113.80 242.25 -6.71 1687   19.27   316.3   84622.   1.98   3.57   4.68 -15.39   -4.74  0.24  0.11  0.19  -1.00   -1.0        -1.  18.78  315.1  72590.
297  9 55 42 0.60 113.80 242.24 -6.71 1687   18.76   315.7   81108.   2.52   4.49   4.91 -15.19   -4.82  0.23  0.21  0.34  -1.00   -1.0        -1.  18.40  313.6  68594.
297  9 56 22 0.60 113.80 242.24 -6.71 1687   18.70   316.0   88163.   1.83   3.57   5.36 -15.13   -4.76  0.20  0.14  0.20  -1.00   -1.0        -1.  18.70  312.1  80256.
297  9 57 03 0.60 113.80 242.23 -6.71 1687   18.52   309.9   83213.   1.82   4.48   6.12 -14.60   -4.76  0.71  0.33  0.62  -1.00   -1.0        -1.  17.59  306.9  73409.
297  9 57 43 0.60 113.80 242.23 -6.71 1687   19.28   315.8   88553.   1.91   4.14   5.17 -15.26   -3.38  0.39  0.49  0.86  -1.00   -1.0        -1.  19.42  312.5  86026.
297  9 58 24 0.60 113.80 242.22 -6.71 1687   18.51   313.1   83567.   2.57   2.92   5.08 -15.49   -2.92  0.46  0.16  0.59   0.06  339.9     59434.  18.00  312.8  87949.
297  9 59 04 0.60 113.80 242.21 -6.71 1687   18.16   315.5   89869.   2.33   1.15   5.02 -15.58   -2.58  0.39  0.26  0.62  -1.00   -1.0        -1.  17.34  314.5  74731.
297  9 59 45 0.60 113.80 242.21 -6.71 1687   17.56   309.4   80185.   2.95   2.59   4.89 -15.93   -1.45  0.84  0.21  1.20  -1.00   -1.0        -1.  17.10  307.2  68952.
297 10 00 25 0.60 113.81 242.20 -6.71 1687   19.28   319.5   83804.   2.87  -0.35   3.66 -15.70   -1.72  0.45  0.19  1.05  -1.00   -1.0        -1.  18.19  318.0  75462.
297 10 01 06 0.60 113.81 242.20 -6.71 1687   20.48   317.6   84846.   3.58   2.87   3.57 -15.58   -1.80  0.45  0.26  1.24  -1.00   -1.0        -1.  19.91  314.1  73695.
297 10 01 46 0.60 113.81 242.19 -6.71 1687   19.84   321.4   78713.   2.91   1.05   3.15 -15.78   -0.85  0.42  0.22  0.75  -1.00   -1.0        -1.  18.75  318.0  62699.
297 10 02 27 0.60 113.81 242.19 -6.71 1687   18.97   318.5   66652.   3.34   1.68   3.39 -15.90   -0.92  0.29  0.14  0.30  -1.00   -1.0        -1.  18.55  314.8  64690.
297 10 03 07 0.60 113.81 242.18 -6.71 1687   20.01   316.1   67747.   2.40   1.41   3.83 -15.73   -1.17  0.36  0.16  0.27  -1.00   -1.0        -1.  19.22  315.5  69998.
297 10 03 48 0.60 113.81 242.17 -6.71 1687   18.74   314.3   76599.   3.24   1.42   3.48 -15.84   -0.32  0.63  0.15  0.96  -1.00   -1.0        -1.  18.56  311.8  70417.
297 10 04 28 0.60 113.81 242.17 -6.71 1687   20.02   321.3   80305.   2.93   1.79   2.72 -15.86   -1.37  0.29  0.12  0.28  -1.00   -1.0        -1.  19.09  317.2  73116.
297 10 05 09 0.60 113.81 242.16 -6.71 1687   18.68   319.6   71343.   3.29   1.51   2.62 -15.92   -0.84  0.15  0.11  0.20  -1.00   -1.0        -1.  18.82  315.0  70173.
297 10 05 49 0.60 113.81 242.16 -6.71 1687   19.19   318.3   79711.   2.92   1.40   3.41 -15.88   -0.79  0.41  0.20  0.40  -1.00   -1.0        -1.  18.15  315.5  69692.
297 10 06 30 0.60 113.81 242.15 -6.71 1687   19.69   316.2   72022.   3.27   1.35   3.84 -15.70   -1.06  0.41  0.16  0.64  -1.00   -1.0        -1.  18.83  311.3  72915.
297 10 07 10 0.60 113.81 242.15 -6.71 1687   19.32   313.9   86000.   0.00   0.00   4.71 -15.12   -3.06  0.31  0.28  0.74  -1.00   -1.0        -1.  19.75  311.9  81822.
297 10 07 51 0.60 113.81 242.14 -6.71 1687   18.95   313.1   79454.   2.93   2.73   4.91 -14.93   -3.22  0.30  0.12  0.31  -1.00   -1.0        -1.  18.89  310.1  68406.
297 10 08 31 0.60 113.81 242.13 -6.72 1687   17.49   308.4   69069.   2.03   3.12   6.19 -14.32   -3.12  0.21  0.10  0.24  -1.00   -1.0        -1.  18.20  306.7  77047.
297 10 09 12 0.60 113.81 242.13 -6.72 1687   18.18   308.5   80263.   2.49   4.07   4.55 -15.07   -2.68  0.73  0.46  0.76  -1.00   -1.0        -1.  17.66  306.2  71784.
297 10 09 52 0.60 113.81 242.12 -6.72 1687   18.36   314.5   67899.   3.56   1.52   3.86 -15.76   -1.62  0.17  0.09  0.35  -1.00   -1.0        -1.  18.00  313.1  65866.
297 10 10 33 0.60 113.81 242.12 -6.72 1687   18.42   311.9   77024.   0.00   0.00   3.89 -15.44   -2.00  0.22  0.26  0.41  -1.00   -1.0        -1.  17.65  311.4  67682.
297 10 11 13 0.60 113.81 242.11 -6.72 1687   18.17   313.1   66808.   2.76   2.28   3.81 -15.28   -2.53  0.20  0.22  0.18  -1.00   -1.0        -1.  17.89  311.5  72450.
297 10 11 54 0.60 113.81 242.11 -6.72 1687   17.29   315.7   64914.   3.48   2.25   4.05 -15.44   -2.62  0.19  0.17  0.25  -1.00   -1.0        -1.  17.34  310.8  66119.
297 10 12 34 0.60 113.81 242.10 -6.72 1687   17.81   312.6   67922.   3.39   2.11   4.31 -14.50   -3.98  0.28  0.72  1.02  -1.00   -1.0        -1.  17.42  312.5  63472.
297 10 13 15 0.60 113.81 242.09 -6.72 1687   19.26   311.7   78480.   3.19   5.10   4.87 -12.86   -6.44  0.24  0.59  0.94  -1.00   -1.0        -1.  18.63  308.5  68591.
297 10 13 55 0.60 113.81 242.09 -6.72 1687   18.33   310.4   71154.   3.20   3.83   4.78 -14.01   -5.07  0.25  0.29  0.34  -1.00   -1.0        -1.  18.19  308.5  80965.
297 10 14 36 0.60 113.81 242.08 -6.72 1687   17.00   310.7   79412.   3.68   3.01   5.61 -13.41   -5.61  0.33  0.54  0.72  -1.00   -1.0        -1.  16.59  306.6  69631.
297 10 15 16 0.60 113.81 242.08 -6.72 1687   20.08   305.1   78096.   3.25   4.84   5.71 -13.74   -5.72  0.20  0.64  0.50  -1.00   -1.0        -1.  18.92  305.5  82238.
297 10 15 57 0.60 113.81 242.07 -6.72 1687   18.26   310.6   78564.   3.28   3.87   5.83 -13.84   -5.22  0.19  0.22  0.23  -1.00   -1.0        -1.  17.79  307.0  66983.
297 10 16 37 0.60 113.82 242.07 -6.72 1687   16.80   307.8   68741.   2.63   2.65   5.79 -14.27   -4.56  0.22  0.25  0.31  -1.00   -1.0        -1.  16.78  304.9  63485.
297 10 17 18 0.60 113.82 242.06 -6.72 1687   16.83   310.0   77573.   3.24   3.14   5.91 -14.43   -4.06  0.09  0.14  0.34  -1.00   -1.0        -1.  16.65  306.7  68685.
297 10 17 58 0.60 113.82 242.05 -6.72 1687   16.15   308.9   69270.   2.61   3.15   5.88 -14.52   -3.62  0.16  0.14  0.26  -1.00   -1.0        -1.  15.75  308.6  73246.
297 10 18 39 0.60 113.82 242.05 -6.72 1687   18.39   310.9   79928.   3.86   2.58   5.37 -14.58   -3.17  0.23  0.16  0.32  -1.00   -1.0        -1.  17.54  306.9  69537.
297 10 19 19 0.60 113.82 242.04 -6.72 1687   16.91   306.3   70644.   0.00   0.00   5.60 -14.53   -2.98  0.23  0.16  0.38  -1.00   -1.0        -1.  17.18  306.5  76829.
297 10 20 00 0.60 113.82 242.04 -6.72 1687   17.34   309.9   75465.   3.33   2.40   5.81 -14.43   -3.18  0.19  0.14  0.40  -1.00   -1.0        -1.  16.61  305.8  66363.
297 10 20 40 0.60 113.82 242.03 -6.72 1687   16.03   312.4   69179.   2.44   3.10   4.80 -14.11   -4.97  0.38  0.19  0.56  -1.00   -1.0        -1.  16.03  313.0  68481.
297 10 21 21 0.60 113.82 242.03 -6.72 1687   17.95   314.3   79587.   3.44   4.72   4.29 -13.41   -6.46  0.27  0.28  0.35  -1.00   -1.0        -1.  17.23  310.7  68296.
297 10 22 01 0.60 113.82 242.02 -6.72 1687   17.51   315.0   67009.   3.32   4.66   4.12 -13.47   -6.65  0.39  0.20  0.26  -1.00   -1.0        -1.  17.37  312.6  73760.
297 10 22 42 0.60 113.82 242.01 -6.72 1687   17.19   317.3   70306.   2.88   2.97   4.18 -14.31   -4.04  0.22  0.15  0.48  -1.00   -1.0        -1.  16.63  314.2  62085.
297 10 23 22 0.60 113.82 242.01 -6.72 1687   17.09   320.1   79366.   2.84   1.88   3.57 -14.42   -3.64  0.40  0.18  0.23  -1.00   -1.0        -1.  17.32  317.0  69439.
297 10 24 03 0.60 113.82 242.00 -6.72 1687   18.54   314.8   79552.   2.77   2.73   4.17 -13.97   -4.23  0.35  0.19  0.20  -1.00   -1.0        -1.  17.23  313.3  67662.
297 10 24 42 0.60 113.82 242.00 -6.72 1687   18.16   319.0   81916.   2.32   2.35   3.57 -14.25   -4.07  0.40  0.18  0.22  -1.00   -1.0        -1.  18.43  317.0  71934.
297 10 25 23 0.60 113.82 241.99 -6.72 1687   17.58   329.5   78077.   0.00   0.00   3.15 -14.36   -4.19  0.38  0.24  0.31  -1.00   -1.0        -1.  -1.00   -1.0     -1.
297 10 26 03 0.60 113.82 241.99 -6.72 1687   17.11   315.6   64992.   2.36   2.50   3.69 -14.00   -4.66  0.46  0.11  0.24  -1.00   -1.0        -1.  17.00  313.8  66840.
297 10 26 44 0.60 113.82 241.98 -6.72 1687   17.44   315.5   65109.   2.71   2.53   3.61 -14.00   -4.59  0.76  0.34  0.54  -1.00   -1.0        -1.  17.14  312.3  62789.
297 10 27 25 0.60 113.82 241.97 -6.72 1687   16.80   314.6   65661.   2.77   2.18   3.89 -14.07   -4.15  0.25  0.10  0.32  -1.00   -1.0        -1.  17.03  313.7  64852.
297 10 28 06 0.60 113.82 241.97 -6.72 1687   18.46   314.0   77343.   3.23   2.78   4.11 -14.09   -3.69  0.61  0.23  0.40   0.18  321.0    165658.  18.15  311.4  65034.
297 10 28 46 0.60 113.82 241.96 -6.72 1687   16.09   309.7   69114.   2.51   2.72   5.44 -13.72   -3.79  0.44  0.27  0.37  -1.00   -1.0        -1.  16.59  308.7  79655.
297 10 29 27 0.60 113.82 241.96 -6.72 1687   18.79   313.2   60792.   3.23   0.78   4.67 -14.01   -1.31  0.38  0.21  0.82  -1.00   -1.0        -1.  18.33  308.7  58631.
297 10 30 07 0.60 113.82 241.95 -6.72 1687   18.03   311.8   62962.   3.37   2.81   3.96 -14.05   -1.68  1.13  0.31  1.34  -1.00   -1.0        -1.  18.45  310.9  70157.
297 10 30 48 0.60 113.82 241.95 -6.72 1687   18.57   294.3   67081.   1.62  -0.30   7.63 -13.00    0.82  0.63  0.49  0.18  -1.00   -1.0        -1.  18.46  293.5  78268.
297 10 31 28 0.60 113.82 241.94 -6.72 1687   17.45   305.7   66704.   3.11   0.58   6.49 -13.69    0.42  0.35  0.18  0.50  -1.00   -1.0        -1.  17.79  303.9  75173.
297 10 32 09 0.60 113.83 241.93 -6.72 1687   18.73   304.6   81237.   2.60   0.23   6.21 -13.71   -0.15  0.35  0.21  0.43  -1.00   -1.0        -1.  19.06  302.0  75010.
297 10 32 49 0.60 113.83 241.93 -6.72 1687   18.33   308.4   66704.   2.78   1.27   5.24 -13.99   -1.12  0.41  0.19  0.37  -1.00   -1.0        -1.  17.78  305.2  58791.
297 10 33 30 0.60 113.83 241.92 -6.72 1687   18.07   307.5   73337.   3.36   0.78   5.79 -13.91   -0.71  0.28  0.18  0.45  -1.00   -1.0        -1.  16.86  304.2  62942.
297 10 34 10 0.60 113.83 241.92 -6.72 1687   19.70   310.5   69121.   2.87   1.77   4.86 -14.05   -1.31  0.39  0.17  0.43  -1.00   -1.0        -1.  18.22  306.6  62426.
297 10 34 51 0.60 113.83 241.91 -6.72 1687   18.77   312.5   75400.   3.22   1.24   4.54 -14.16   -1.59  0.27  0.09  0.33  -1.00   -1.0        -1.  17.76  309.0  64177.
297 10 35 31 0.60 113.83 241.91 -6.72 1687   17.48   310.4   64602.   2.94   1.15   4.78 -14.04   -1.51  0.64  0.26  0.34  -1.00   -1.0        -1.  18.12  308.9  70336.
297 10 36 12 0.60 113.83 241.90 -6.72 1687   17.97   309.1   74760.   3.46   1.00   5.35 -13.83   -1.42  0.34  0.18  0.24  -1.00   -1.0        -1.  17.12  306.1  64378.
297 10 36 52 0.60 113.83 241.89 -6.72 1687   18.61   306.8   66067.   2.79   1.46   5.34 -13.80   -1.68  0.20  0.10  0.30  -1.00   -1.0        -1.  18.00  302.4  62825.
297 10 37 33 0.60 113.83 241.89 -6.72 1687   17.96   309.9   75218.   3.23   1.45   4.54 -14.16   -1.20  0.20  0.06  0.32  -1.00   -1.0        -1.  17.63  306.9  64875.
297 10 38 13 0.60 113.83 241.88 -6.72 1687   18.26   310.3   65495.   3.03   1.01   4.35 -14.23   -1.51  0.23  0.16  0.40  -1.00   -1.0        -1.  18.47  308.8  69962.
297 10 38 54 0.60 113.83 241.88 -6.72 1687   18.15   309.4   74386.   3.15   0.92   5.04 -13.96   -1.90  0.17  0.10  0.44  -1.00   -1.0        -1.  18.09  306.2  64105.
297 10 39 34 0.60 113.83 241.87 -6.72 1687   17.45   308.3   60619.   2.95   1.50   5.25 -13.67   -0.10  0.42  0.34  1.95  -1.00   -1.0        -1.  17.43  304.4  55932.
297 10 40 15 0.60 113.83 241.87 -6.72 1687   20.00   309.9   91061.   0.00   0.00   5.71 -11.83    3.86  0.36  0.56  1.63  -1.00   -1.0        -1.  20.63  311.5  96889.
297 10 40 59 0.60 113.83 241.86 -6.72 1687   21.95   301.1   93234.   0.00   0.00   5.30 -12.19    0.28  0.31  0.27  1.88  -1.00   -1.0        -1.  -1.00   -1.0     -1.
297 10 41 39 0.60 113.83 241.85 -6.72 1687   20.90   317.1   91074.   2.01   2.31   4.27 -12.82   -1.86  0.51  0.22  0.83  -1.00   -1.0        -1.  20.83  316.9  94894.
297 10 42 20 0.60 113.83 241.85 -6.72 1687   19.96   316.6   90106.   1.66   0.50   4.47 -13.24   -0.53  0.27  0.15  0.69  -1.00   -1.0        -1.  19.42  313.1  90109.
297 10 43 00 0.60 113.83 241.84 -6.72 1687   19.51   318.0   76660.   2.27   1.44   4.07 -13.03   -1.96  0.30  0.15  0.33  -1.00   -1.0        -1.  20.45  316.5  90515.
297 10 43 37 0.60 113.83 241.84 -6.72 1687   18.52   314.4   68413.   2.13   1.34   4.21 -13.30   -1.85  0.22  0.23  0.23  -1.00   -1.0        -1.  18.93  312.9  77206.
297 10 44 18 0.60 113.83 241.83 -6.72 1687   19.91   317.6   72252.   2.27   1.13   3.81 -13.17   -1.10  0.23  0.21  0.45  -1.00   -1.0        -1.  20.18  316.9  81523.
297 10 44 58 0.60 113.83 241.83 -6.72 1687   -1.00    -1.0      -1.  -1.00  -1.00   4.00 -12.88   -1.44  0.28  0.24  0.32  -1.00   -1.0        -1.  18.52  317.7  79331.
297 10 45 39 0.60 113.83 241.82 -6.72 1687   19.65   320.9   79347.   1.84   1.50   4.30 -12.54   -1.65  0.38  0.17  0.61  -1.00   -1.0        -1.  20.60  320.9  89605.
297 10 46 18 0.60 113.83 241.81 -6.72 1687   19.99   323.4   92250.   0.84   1.14   4.01 -12.20   -2.00  1.07  0.33  2.16  -1.00   -1.0        -1.  19.48  321.2  79139.
297 10 46 59 0.60 113.83 241.81 -6.72 1687   20.10   320.7  130007.   0.17  -1.10   5.48 -11.51    1.23  1.12  0.58  1.52  -1.00   -1.0        -1.  19.87  318.1 111961.
297 10 47 39 0.60 113.78 241.75 -6.84 1687   -1.00    -1.0      -1.  -1.00  -1.00   3.84 -11.74   -4.21  0.50  0.33  1.05  -1.00   -1.0        -1.  -1.00   -1.0     -1.
297 10 48 20 0.60 113.84 241.80 -6.72 1687   18.84   326.3   97824.   1.43   2.71   5.55 -13.25    0.91  0.17  0.04  0.01  -1.00   -1.0        -1.  18.24  323.0  90915.
297 10 49 00 0.60 113.84 241.79 -6.72 1687   17.67   315.6   90476.   1.71   0.64   5.87 -13.07    0.85  0.37  0.12  0.57  -1.00   -1.0        -1.  16.97  313.0  81705.
297 10 49 41 0.60 113.84 241.79 -6.72 1687   20.34   326.3   94741.   2.24   4.08   3.78 -12.29   -3.82  0.51  0.25  0.91  -1.00   -1.0        -1.  20.22  321.5  93997.
297 10 50 21 0.60 113.79 241.73 -6.84 1687   -1.00    -1.0      -1.  -1.00  -1.00   4.67 -12.59   -1.29  0.42  0.15  0.89  -1.00   -1.0        -1.  -1.00   -1.0     -1.
297 10 51 02 0.60 113.84 241.78 -6.72 1687   18.45   319.7  114135.   0.00   0.00   7.86 -10.76    4.03  0.09  0.17  0.01  -1.00   -1.0        -1.  17.43  318.8  97230.
297 10 51 56 0.60 113.79 241.71 -6.84 1687   -1.00    -1.0      -1.  -1.00  -1.00   6.59 -11.87    1.81  0.04  0.00  0.20  -1.00   -1.0        -1.  -1.00   -1.0     -1.
297 10 52 36 0.60 113.84 241.76 -6.72 1687   17.03   316.0   94251.   1.61   1.15   5.09 -11.32   -0.84  0.98  1.01  1.17  -1.00   -1.0        -1.  17.64  316.0 102177.
297 10 53 17 0.60 113.84 241.75 -6.72 1687   20.81   328.6  136971.  -1.00   1.25   3.15  -8.19   -1.32  0.32  0.42  0.78  -1.00   -1.0        -1.  20.13  328.5 124062.
297 10 53 57 0.60 113.84 241.75 -6.72 1687   22.17   330.7  146502.  -1.35   1.52   3.91  -7.54   -1.41  0.71  0.26  1.30  -1.00   -1.0        -1.  21.92  332.2 148555.
297 10 54 25 0.60 113.84 241.75 -6.72 1687   19.96   326.1  153226.  -2.92   1.72   4.51  -7.86   -2.34  0.32  0.34  0.49  -1.00   -1.0        -1.  20.35  325.4 146525.
297 10 55 06 0.60 113.84 241.74 -6.72 1687   21.37   320.9  164278.  -1.26  -1.29   5.08  -8.80   -1.12  0.38  0.43  1.20  -1.00   -1.0        -1.  22.13  323.5 158161.
297 10 55 46 0.60 113.84 241.73 -6.72 1687   21.11   323.9  193247.   0.00   0.00   6.15  -8.44   -0.66  0.80  0.21  1.41  -1.00   -1.0        -1.  20.34  324.4 166821.
297 10 56 27 0.60 113.84 241.73 -6.72 1687   20.43   327.2  193533.  -2.58  -0.64   8.16  -6.32    4.34  0.80  1.74  2.45  -1.00   -1.0        -1.  19.86  327.4 184827.
297 10 57 07 0.60 113.84 241.72 -6.72 1687   19.50   322.9  172448.  -6.05  -1.83   9.73  -3.58    7.04  0.23  0.33  0.19  -1.00   -1.0        -1.  18.92  323.1 162507.
297 10 57 48 0.60 113.84 241.72 -6.72 1687   18.81   318.3  165710.  -7.11  -1.24   9.92  -3.05    7.00  0.39  0.65  0.46  -1.00   -1.0        -1.  19.60  322.9 172984.
297 10 58 28 0.60 113.84 241.71 -6.72 1687   18.13   321.3  180267.  -6.53  -1.87   9.65  -2.81    7.76  0.45  0.55  0.71  -1.00   -1.0        -1.  17.39  323.1 163735.
297 10 59 09 0.60 113.84 241.71 -6.72 1687   18.34   321.4  156394.  -6.36  -2.12   9.63  -1.61    8.28  0.36  0.50  0.36  -1.00   -1.0        -1.  18.03  326.6 161812.
297 10 59 49 0.60 113.84 241.70 -6.72 1687   19.71   325.1  154591.  -7.46  -2.35   9.14  -0.35    8.45  0.36  0.98  0.36  -1.00   -1.0        -1.  18.36  326.8 140668.
297 11 00 30 0.60 113.84 241.69 -6.72 1687   19.20   320.2  155630.  -8.13  -2.59   8.70   0.07    9.06  0.27  0.75  0.69  -1.00   -1.0        -1.  19.22  325.7 162969.
297 11 01 10 0.60 113.84 241.69 -6.72 1687   18.51   327.5  146034.  -8.22  -2.32   8.18   0.08    9.62  0.43  0.46  0.51  -1.00   -1.0        -1.  17.78  330.2 123399.
297 11 01 51 0.60 113.84 241.68 -6.72 1687   19.42   321.1  187024.  -8.01  -0.97  10.14  -0.32    7.05  0.29  0.88  0.43  -1.00   -1.0        -1.  19.13  323.2 177541.
297 11 02 31 0.60 113.84 241.68 -6.72 1687   18.49   324.9  166048.  -6.02  -0.66   9.65  -1.72    7.69  0.31  0.39  0.42  -1.00   -1.0        -1.  18.93  324.7 147678.
297 11 03 12 0.60 113.85 241.67 -6.72 1687   19.80   319.1  164080.  -5.24  -1.03  10.25  -2.01    7.16  0.20  0.58  0.19  -1.00   -1.0        -1.  18.66  324.2 169699.
297 11 03 52 0.60 113.85 241.66 -6.72 1687   18.43   320.0  165934.  -5.77  -0.64  10.50  -3.09    7.05  0.25  0.41  0.46  -1.00   -1.0        -1.  18.20  321.4 156887.
297 11 04 33 0.60 113.85 241.66 -6.72 1687   18.50   320.1  192572.  -5.47  -0.67  10.42  -3.92    6.41  0.22  0.64  0.74  -1.00   -1.0        -1.  17.98  322.6 172909.
297 11 05 13 0.60 113.85 241.65 -6.72 1687   18.93   321.3  161712.  -5.51  -0.80   9.78  -3.51    7.58  0.33  0.67  0.23  -1.00   -1.0        -1.  18.59  321.7 146830.
297 11 05 54 0.60 113.85 241.65 -6.72 1687   19.08   321.4  154692.  -5.98  -1.91   9.58  -3.58    7.68  0.34  0.65  0.50  -1.00   -1.0        -1.  18.94  327.0 156650.
297 11 06 34 0.60 113.85 241.64 -6.72 1687   18.24   322.5  163670.  -5.26  -0.58   9.92  -4.67    6.96  0.36  0.55  0.34  -1.00   -1.0        -1.  18.12  322.4 152008.
297 11 07 15 0.60 113.85 241.64 -6.72 1687   19.43   322.3  154724.  -3.74  -0.72   9.36  -5.81    6.85  0.31  1.04  0.36  -1.00   -1.0        -1.  18.43  326.6 161127.
297 11 07 55 0.60 113.85 241.63 -6.72 1687   19.20   321.2  166825.  -7.42  -0.94  10.27  -2.26    6.65  0.37  2.00  0.62  -1.00   -1.0        -1.  19.33  322.9 152060.
297 11 08 36 0.60 113.85 241.62 -6.72 1687   20.50   319.4  159051.  -6.07  -0.99   9.49   1.85    6.19  0.50  1.82  0.28  -1.00   -1.0        -1.  20.33  323.7 156823.
297 11 09 16 0.60 113.85 241.62 -6.72 1687   20.19   343.0  127138.   0.00   0.00   6.96   7.84    5.15  0.18  0.37  0.24  -1.00   -1.0        -1.  20.12  340.6 126414.
297 11 10 37 0.60 113.80 241.56 -6.85 1687   -1.00    -1.0      -1.  -1.00  -1.00   8.66   7.18    5.50  0.21  0.16  0.46  -1.00   -1.0        -1.  -1.00   -1.0     -1.
297 11 11 03 0.60 113.80 241.55 -6.85 1687   -1.00    -1.0      -1.  -1.00  -1.00   9.07   7.15    5.32  0.30  0.20  0.42  -1.00   -1.0        -1.  -1.00   -1.0     -1.
297 11 11 44 0.60 113.85 241.60 -6.72 1687   19.51   324.7  127999.  -8.20  -1.18   9.12   7.37    4.90  0.29  0.37  0.33  -1.00   -1.0        -1.  19.32  329.2 149686.
297 11 11 45 0.60 113.85 241.60 -6.72 1687   18.42   331.7  123708. -10.16   0.74   0.00   0.00    0.00  0.00  0.00  0.00  -1.00   -1.0        -1.  18.51  337.0 128187.
297 11 11 58 0.60 113.85 241.59 -6.72 1687   19.32   334.3  145560. -11.64   1.30   9.07   7.50    4.37  0.51  1.01  0.49  -1.00   -1.0        -1.  18.58  339.0 122821.
297 11 12 39 0.60 113.85 241.59 -6.72 1687   19.32   325.7  125338.  -9.86   0.77  10.16   4.37    4.36  0.44  0.82  0.36  -1.00   -1.0        -1.  19.57  330.8 142010.
297 11 13 19 0.60 113.85 241.58 -6.72 1687   20.49   319.7  156420.  -8.29   0.71  10.67   3.06    4.55  0.24  0.15  0.25  -1.00   -1.0        -1.  19.45  321.4 138612.
297 11 14 00 0.60 113.85 241.58 -6.72 1687   20.21   316.8  149835.  -7.81   0.64  11.21   2.67    3.99  0.25  0.44  0.28  -1.00   -1.0        -1.  20.07  321.8 156878.
297 11 14 40 0.60 113.85 241.57 -6.72 1687   18.84   321.2  161033.   0.00   0.00  11.78   2.65    3.92  0.28  0.66  0.27  -1.00   -1.0        -1.  19.20  318.5 146954.
297 11 17 26 0.60 113.85 241.55 -6.72 1687   19.47   314.7  155205.  -7.35   1.23  12.19   0.69    3.68  0.15  0.29  0.13  -1.00   -1.0        -1.  19.62  318.7 164742.
297 11 18 47 0.60 113.85 241.54 -6.72 1687   19.00   315.5  167286.  -7.64   1.60  11.78  -0.28    4.29  0.13  0.47  0.32  -1.00   -1.0        -1.  18.09  317.0 149708.
297 11 20 08 0.60 113.86 241.52 -6.72 1687   19.29   318.5  184948.  -6.93   0.38  12.11   0.40    4.77  0.21  0.57  0.26  -1.00   -1.0        -1.  18.90  319.6 159665.
297 11 20 45 0.60 113.86 241.52 -6.72 1687   19.69   317.6  157820.  -6.46   0.36  11.99   0.20    5.41  0.15  0.53  0.24  -1.00   -1.0        -1.  18.54  319.7 142269.
297 11 22 06 0.60 113.86 241.51 -6.72 1687   19.11   314.7  144628.  -4.78   0.52  11.95  -2.22    4.11  0.17  0.23  0.28  -1.00   -1.0        -1.  18.78  318.3 154646.
297 11 23 27 0.60 113.86 241.50 -6.72 1687   19.70   317.6  165220.  -4.36   1.04  11.69  -3.98    4.16  0.13  0.52  0.16  -1.00   -1.0        -1.  18.68  317.5 148747.
297 11 24 48 0.60 113.86 241.48 -6.72 1687   18.84   318.2  145252.  -3.48   1.31  11.34  -5.05    3.60  0.25  0.27  0.27  -1.00   -1.0        -1.  18.47  321.7 156111.
297 11 26 09 0.60 113.86 241.47 -6.72 1687   19.65   320.0  157521.  -3.41   0.94  11.09  -5.44    3.43  0.21  0.67  0.31  -1.00   -1.0        -1.  18.93  319.0 137553.
297 11 27 30 0.60 113.86 241.46 -6.72 1687   19.59   318.1  141750.  -2.94   1.01  10.58  -6.29    2.75  0.12  0.28  0.31  -1.00   -1.0        -1.  19.33  320.6 153201.
297 11 28 51 0.60 113.86 241.45 -6.72 1687   19.49   320.2  156797.  -2.58   1.67  10.31  -6.64    2.52  0.16  0.13  0.20  -1.00   -1.0        -1.  19.40  318.3 143634.
297 11 30 12 0.60 113.86 241.44 -6.72 1687   18.22   317.6  150748.  -2.71   1.42  11.52  -5.46    3.03  0.24  0.37  0.25  -1.00   -1.0        -1.  18.44  319.5 161315.
297 11 31 33 0.60 113.86 241.43 -6.72 1687   18.50   324.3  164401.  -2.35   2.15  11.00  -6.81    2.23  0.14  0.09  0.18  -1.00   -1.0        -1.  17.82  323.5 147837.
297 11 32 54 0.60 113.86 241.41 -6.72 1687   18.89   319.7  149975.  -1.49   1.81  10.10  -8.14    1.96  0.33  0.47  0.33  -1.00   -1.0        -1.  18.38  322.2 152752.
297 11 34 15 0.60 113.86 241.40 -6.72 1687   19.09   325.1  153499.  -1.25   2.12   9.51  -9.02    1.56  0.21  0.25  0.21  -1.00   -1.0        -1.  18.13  323.8 140746.
297 11 35 36 0.60 113.87 241.39 -6.72 1687   18.73   322.8  149484.  -1.00   2.15   9.29  -9.06    1.47  0.25  0.13  0.33   0.09  400.3    217725.  18.32  325.4 148948.
297 11 36 57 0.60 113.87 241.38 -6.72 1687   18.63   323.6  150940.  -1.01   2.48   9.24  -9.40    1.07  0.14  0.05  0.12  -1.00   -1.0        -1.  18.60  322.1 140229.
297 11 38 18 0.60 113.87 241.37 -6.72 1687   18.75   321.9  143770.  -0.49   2.45   9.30  -9.30    0.83  0.49  0.49  0.59  -1.00   -1.0        -1.  18.06  321.2 121632.
297 11 39 39 0.60 113.87 241.36 -6.72 1687   19.62   320.6  152242.  -0.95   4.18  10.20  -7.68   -1.51  0.28  0.41  0.23  -1.00   -1.0        -1.  18.81  318.7 147685.
297 11 41 00 0.60 113.87 241.35 -6.72 1687   19.33   318.9  147084.  -1.20   4.67   9.57  -9.11   -0.85  0.42  0.50  0.28  -1.00   -1.0        -1.  18.80  321.6 160792.
297 11 42 21 0.60 113.87 241.33 -6.72 1687   18.75   321.8  156218.  -0.72   4.58   9.11  -9.30   -1.85  0.12  0.27  0.20  -1.00   -1.0        -1.  19.12  320.0 142295.
297 11 43 42 0.60 113.87 241.32 -6.72 1687   17.97   321.2  143718.  -0.59   4.49   9.05  -9.97   -1.03  0.45  0.50  0.72  -1.00   -1.0        -1.  17.47  321.7 149793.
297 11 45 03 0.60 113.87 241.31 -6.72 1687   17.45   329.3  137212.   0.14   3.02   7.68 -10.97   -0.29  0.32  0.15  0.44  -1.00   -1.0        -1.  16.97  328.0 117315.
297 11 46 24 0.60 113.87 241.30 -6.72 1687   18.48   326.8  137098.   0.28   4.66   7.40 -11.16   -0.58  0.18  0.13  0.76  -1.00   -1.0        -1.  17.61  325.2 118455.
297 11 49 50 0.60 113.87 241.27 -6.72 1687   18.04   323.9  140554.   0.03   4.48   7.50 -11.17   -0.82  0.09  0.17  0.20  -1.00   -1.0        -1.  17.75  322.4 120385.
297 11 51 11 0.60 113.88 241.26 -6.72 1687   17.68   326.7  140139.  -0.01   3.53   7.78 -11.10   -0.85  0.22  0.24  0.21  -1.00   -1.0        -1.  16.82  326.0 123601.
297 11 52 32 0.60 113.88 241.25 -6.72 1687   17.00   324.1  129990.   0.55   3.93   7.96  -8.97   -4.35  0.21  0.17  0.18  -1.00   -1.0        -1.  17.45  324.9 140700.
297 11 53 09 0.60 113.88 241.24 -6.72 1687   19.98   323.2  141555.   0.18   5.09   7.14 -10.28   -2.20  0.58  0.92  1.58  -1.00   -1.0        -1.  19.32  320.2 132608.
297 11 54 30 0.60 113.88 241.23 -6.72 1687   17.58   323.5  149913.   1.06   3.69   7.61 -10.56   -0.66  0.35  0.15  0.41  -1.00   -1.0        -1.  17.06  324.2 152729.
297 11 55 51 0.60 113.88 241.22 -6.72 1687   17.42   326.9  149949.   0.71   3.60   7.05 -11.10   -1.14  0.14  0.19  0.24  -1.00   -1.0        -1.  17.02  323.0 146713.
297 11 57 12 0.60 113.88 241.21 -6.72 1687   16.94   325.0  146730.   1.21   3.33   7.62 -10.76    0.38  0.29  0.29  0.51  -1.00   -1.0        -1.  17.19  326.1 152213.
297 11 58 33 0.60 113.88 241.20 -6.72 1687   17.70   326.9  149439.   0.83   2.60   7.10 -11.13    0.70  0.11  0.22  0.24  -1.00   -1.0        -1.  17.42  324.1 137991.
297 11 59 54 0.60 113.88 241.19 -6.72 1687   18.29   329.0  173448.   0.71   2.50   7.20 -10.49    0.70  0.10  0.15  0.24  -1.00   -1.0        -1.  17.03  325.8 146405.
297 12 01 15 0.60 113.88 241.17 -6.72 1687   17.76   325.7  152099.   0.20   2.76   7.30 -10.65    0.86  0.19  0.12  0.16   0.05  380.0     75715.  16.89  323.0 144806.
297 12 02 36 0.60 113.88 241.16 -6.72 1687   16.90   323.8  149020.   1.33   2.79   6.98 -10.76    0.38  0.14  0.18  0.40  -1.00   -1.0        -1.  16.86  324.3 152587.
297 12 03 57 0.60 113.88 241.15 -6.72 1687   17.29   328.6  167302.  -2.48  -2.19   6.30  -8.74    5.40  0.27  1.08  1.32  -1.00   -1.0        -1.  17.74  327.5 151206.
297 12 05 18 0.60 113.88 241.14 -6.72 1687   16.88   322.7  145878.   1.18   2.08   6.74 -11.29    0.89  0.17  0.19  0.19  -1.00   -1.0        -1.  16.05  320.7 123997.
297 12 06 39 0.60 113.89 241.13 -6.72 1687   17.98   336.2  151736.   1.43   3.50   6.15 -10.73    0.92  0.96  0.91  0.76  -1.00   -1.0        -1.  16.90  334.4 134087.
297 12 08 00 0.60 113.89 241.12 -6.72 1687   17.53   329.5   99224.   1.80   2.84   3.28 -13.29   -1.35  0.36  0.17  0.30  -1.00   -1.0        -1.  16.45  324.8 100420.
297 12 09 21 0.60 113.89 241.11 -6.72 1687   16.11   326.0  100511.   1.20   2.58   3.51 -13.26   -1.08  0.10  0.14  0.16  -1.00   -1.0        -1.  16.18  326.9 102927.
297 12 10 42 0.60 113.89 241.09 -6.72 1687   17.22   334.1  102508.   2.09   2.74   2.67 -13.33   -1.02  0.63  0.18  0.22  -1.00   -1.0        -1.  16.98  331.0 100420.
297 12 12 03 0.60 113.89 241.08 -6.72 1687   16.56   326.7  100264.   0.77   2.80   3.28 -13.36   -1.01  0.36  0.10  0.33  -1.00   -1.0        -1.  16.85  329.0 102862.
297 12 13 24 0.60 113.89 241.07 -6.72 1687   16.79   339.0  113933.   0.00   0.00   3.66 -13.25   -0.07  0.09  0.06  0.18  -1.00   -1.0        -1.  -1.00   -1.0     -1.
297 12 14 44 0.60 113.89 241.06 -6.72 1687   17.31   326.7  106608.   1.06   1.73   3.79 -13.19    0.45  0.19  0.10  0.40  -1.00   -1.0        -1.  16.92  327.8 103899.
297 12 16 05 0.59 113.89 241.05 -6.72 1687   17.64   329.8  101758.   1.72   1.92   3.64 -12.91   -0.51  0.14  0.19  0.98  -1.00   -1.0        -1.  17.01  327.0  99796.
297 12 17 26 0.59 113.89 241.04 -6.72 1687   18.05   329.2  110029.   1.61   2.37   4.35 -12.52    1.13  0.69  0.25  1.45  -1.00   -1.0        -1.  17.43  330.4 105166.
297 12 18 47 0.59 113.89 241.03 -6.72 1687   16.85   341.6  121902.   0.00   0.00   4.80 -12.43    1.02  0.44  0.24  0.19  -1.00   -1.0        -1.  -1.00   -1.0     -1.
297 12 20 08 0.59 113.89 241.02 -6.72 1687   17.08   327.9  103191.   1.40   2.19   4.43 -12.77   -0.73  0.26  0.15  0.32  -1.00   -1.0        -1.  16.70  328.6 109460.
297 12 21 29 0.59 113.89 241.00 -6.72 1687   20.29   324.8  133037.   1.53   3.07   5.26 -12.32    0.29  1.35  0.50  0.81  -1.00   -1.0        -1.  19.18  323.0 117974.
297 12 22 50 0.59 113.90 240.99 -6.72 1687   17.91   327.8  112124.   1.86   1.86   4.21 -12.57    0.06  0.51  0.19  0.32  -1.00   -1.0        -1.  18.08  328.4 113573.
297 12 24 11 0.59 113.90 240.98 -6.72 1687   17.79   330.7  107017.   2.05   2.35   3.90 -12.76   -0.86  0.20  0.11  0.31  -1.00   -1.0        -1.  17.76  326.9 103239.
297 12 25 33 0.59 113.90 240.97 -6.72 1687   18.04   327.6  108216.   1.24   2.28   4.77 -12.63    0.15  0.34  0.16  0.40  -1.00   -1.0        -1.  17.74  327.8 106774.
297 12 26 54 0.59 113.90 240.96 -6.72 1687   17.90   328.3  106514.   2.10   1.99   4.26 -12.62   -1.17  0.46  0.24  0.28  -1.00   -1.0        -1.  17.65  324.5 104045.
297 12 28 15 0.59 113.90 240.95 -6.72 1687   17.81   330.0  102703.   1.78   1.63   4.04 -12.77   -1.06  0.34  0.19  0.35  -1.00   -1.0        -1.  17.24  330.7  99871.
297 12 29 36 0.59 113.90 240.93 -6.72 1687   18.23   329.9  108986.   2.10   1.88   4.55 -12.71   -0.77  0.24  0.15  0.33  -1.00   -1.0        -1.  17.92  325.6 103411.
297 12 30 57 0.59 113.90 240.92 -6.72 1687   17.75   335.9  106273.   1.87   2.41   2.57 -12.99   -0.87  0.29  0.13  0.59  -1.00   -1.0        -1.  17.44  333.5  96453.
297 12 32 18 0.59 113.90 240.91 -6.72 1687   18.19   333.5  101034.   2.42   1.95   2.54 -13.13   -0.48  0.42  0.17  0.75  -1.00   -1.0        -1.  17.22  331.8  81462.
297 12 33 39 0.59 113.90 240.90 -6.72 1687   17.53   330.8  108014.   1.69   1.98   3.55 -13.21   -0.94  0.17  0.23  0.27  -1.00   -1.0        -1.  17.42  330.5 107975.
297 12 35 00 0.59 113.90 240.89 -6.72 1687   16.65   333.0  108921.   2.19   2.44   3.56 -12.96   -1.70  0.20  0.13  0.41  -1.00   -1.0        -1.  16.52  329.2 103441.
297 12 36 21 0.59 113.90 240.88 -6.72 1687   17.98   329.3  108001.   0.00   0.00   3.78 -13.14   -0.93  0.61  0.16  0.62  -1.00   -1.0        -1.  17.59  330.8 110051.
297 12 37 42 0.59 113.90 240.87 -6.72 1687   17.52   334.1  104743.   2.14   2.67   3.66 -13.22   -1.69  0.18  0.09  0.20  -1.00   -1.0        -1.  16.81  330.0  96762.
297 12 39 03 0.59 113.91 240.85 -6.72 1687   17.55   331.0  131965.   1.23   1.36   3.93 -13.01    0.31  0.26  0.22  0.58  -1.00   -1.0        -1.  16.83  330.1 108856.
297 12 40 24 0.59 113.91 240.84 -6.72 1687   18.29   333.7  106280.   2.46   2.36   3.53 -12.85   -1.57  0.13  0.05  0.33  -1.00   -1.0        -1.  16.96  329.6  94637.
297 12 41 45 0.59 113.91 240.83 -6.72 1687   17.15   333.6   92315.   2.14   2.35   3.41 -12.91   -0.65  0.20  0.09  0.82  -1.00   -1.0        -1.  17.68  331.7 100764.
297 12 43 06 0.59 113.91 240.82 -6.72 1687   17.90   336.4  111848.   1.78   3.84   4.27 -11.83   -3.65  0.26  0.38  1.55  -1.00   -1.0        -1.  16.98  334.6  89437.
297 12 44 27 0.59 113.91 240.81 -6.72 1687   18.05   338.3   99179.   0.07   4.81   3.89 -10.34   -6.63  0.93  0.45  1.33  -1.00   -1.0        -1.  17.57  336.1  96187.
297 12 45 48 0.59 113.86 240.75 -6.85 1687   -1.00    -1.0      -1.  -1.00  -1.00   6.83  -9.73   -5.37  0.53  0.76  0.73  -1.00   -1.0        -1.  -1.00   -1.0     -1.
297 12 47 08 0.59 113.91 240.78 -6.72 1687   21.46   344.8  188661.   0.10   5.79   0.00   0.00    0.00  0.00  0.00  0.00  -1.00   -1.0        -1.  19.77  350.9 133609.
297 12 48 29 0.59 113.91 240.77 -6.72 1687   17.67   356.6  112881.  -2.98   7.49  -2.16  -5.79  -11.17  0.34  0.82  0.34  -1.00   -1.0        -1.  17.08  357.0 109038.
297 12 49 50 0.59 113.91 240.76 -6.72 1687   17.11   355.5   90869.   0.00   0.00  -2.44  -6.77  -10.56  0.63  0.45  0.33  -1.00   -1.0        -1.  17.67  355.8 104302.
297 12 51 11 0.59 113.91 240.75 -6.73 1687   15.76   353.9   89872.  -0.64  -0.94  -3.24 -10.21   -2.36  1.47  0.63  3.04  -1.00   -1.0        -1.  15.48  353.9 106923.
297 12 52 33 0.59 113.91 240.74 -6.73 1687   18.69   360.6  100598.  -0.08   4.36  -3.75  -9.78   -7.47  1.26  0.49  0.96  -1.00   -1.0        -1.  18.94  360.6 111123.
297 12 53 54 0.59 113.91 240.73 -6.73 1687   19.92   357.8  108667.  -0.94   8.09  -2.01  -8.44  -10.10  0.32  0.30  0.21  -1.00   -1.0        -1.  17.96  358.7  91873.
297 12 55 15 0.59 113.92 240.71 -6.73 1687   19.10   355.6  113345.  -1.34   7.99  -1.88  -9.38   -9.32  0.29  0.76  0.56  -1.00   -1.0        -1.  18.71  356.9 112478.
297 12 56 36 0.59 113.92 240.70 -6.73 1687   19.43   355.9  107654.  -0.74   7.17  -0.76  -9.46   -9.81  0.22  0.25  0.24  -1.00   -1.0        -1.  18.70  352.9 106335.
297 12 57 57 0.59 113.92 240.69 -6.73 1687   18.29   354.4  102963.  -0.47   6.34  -1.94  -8.10  -10.50  0.59  1.28  1.03  -1.00   -1.0        -1.  17.88  354.5  86887.
297 12 59 18 0.59 113.92 240.68 -6.73 1687   19.49   356.0  112631.  -0.15   6.68  -1.04  -9.49   -9.97  0.22  0.36  0.30  -1.00   -1.0        -1.  19.26  353.1 108563.
297 13 00 39 0.59 113.92 240.67 -6.73 1687   20.31   352.1  108281.  -0.32   6.99  -0.52  -8.65  -10.69  0.55  0.96  0.81  -1.00   -1.0        -1.  18.88  350.6  92701.
297 13 02 00 0.59 113.92 240.66 -6.73 1687   20.01   344.9  107904.   1.22   6.43   3.63 -12.35   -5.60  0.23  0.20  0.24  -1.00   -1.0        -1.  19.89  346.0 113202.
297 13 03 29 0.59 113.92 240.64 -6.73 1687   19.84   333.7  109499.   0.00   0.00   3.98 -12.94   -4.40  0.57  0.15  0.56  -1.00   -1.0        -1.  -1.00   -1.0     -1.
297 13 04 50 0.59 113.92 240.63 -6.73 1687   20.70   351.2  112494.   1.42   5.67   0.00   0.00    0.00  0.00  0.00  0.00  -1.00   -1.0        -1.  20.78  346.9 112890.
297 13 06 11 0.59 113.92 240.62 -6.73 1687   19.26   338.0  136010.   1.01   4.18   5.30 -12.89   -1.80  1.81  0.38  0.40  -1.00   -1.0        -1.  19.11  335.9 121060.
297 13 07 32 0.59 113.92 240.61 -6.73 1687   19.83   342.9  111939.   1.97   2.99   4.62 -13.37    1.58  0.35  0.18  0.36  -1.00   -1.0        -1.  19.50  342.7 110383.
297 13 08 45 0.59 113.92 240.60 -6.73 1687   17.71   348.6  105438.   1.88   3.85   1.37 -13.89   -1.17  0.43  0.24  0.60  -1.00   -1.0        -1.  16.52  345.8  89050.
297 13 09 15 0.59 113.93 240.60 -6.73 1687   17.17   343.5  118585.   2.42   4.96   1.47 -13.77   -0.77  0.31  0.14  0.44  -1.00   -1.0        -1.  17.02  339.2 113157.
297 13 10 06 0.59 113.87 240.54 -6.85 1687   -1.00    -1.0      -1.  -1.00  -1.00   2.07 -13.57   -1.56  0.50  0.17  0.54  -1.00   -1.0        -1.  -1.00   -1.0     -1.
297 13 11 27 0.59 113.93 240.57 -6.73 1687   18.07   345.6  120989.   0.87   3.42   2.56 -13.62   -0.11  0.33  0.24  0.80  -1.00   -1.0        -1.  18.03  342.9 107478.
297 13 12 48 0.59 113.93 240.56 -6.73 1687   18.53   360.0  112445.   0.89   2.48  -6.21 -11.52   -0.34  0.55  0.28  0.41  -1.00   -1.0        -1.  18.54  357.7 109775.
297 13 14 09 0.59 113.93 240.55 -6.73 1687   20.73   346.3  113790.   1.45   3.21  -2.79 -13.14    0.01  0.29  0.15  0.57  -1.00   -1.0        -1.  20.68  343.6 104854.
297 13 15 30 0.59 113.93 240.54 -6.73 1687   18.25   355.0  105153.   1.50   1.63  -2.43 -12.02    3.30  1.18  0.47  1.69  -1.00   -1.0        -1.  17.87  352.2 103983.
297 13 16 51 0.59 113.93 240.53 -6.73 1687   18.60   343.7  112465.   2.03   2.43   2.47 -13.42    1.76  0.55  0.13  0.46  -1.00   -1.0        -1.  17.81  339.7 107436.
297 13 18 12 0.59 113.93 240.52 -6.73 1687   17.21   341.2  105172.   2.13   2.88   2.50 -13.34    0.81  0.35  0.17  0.66  -1.00   -1.0        -1.  17.62  341.2 109402.
297 13 19 33 0.59 113.93 240.51 -6.73 1687   17.91   343.7  115242.   1.26   3.69   2.83 -13.28   -0.07  0.36  0.16  0.21  -1.00   -1.0        -1.  18.14  340.7 110470.
297 13 20 54 0.59 113.93 240.49 -6.73 1687   18.26   342.3  111705.   2.44   2.73   1.92 -13.03    1.45  0.59  0.12  0.69  -1.00   -1.0        -1.  17.69  343.1 111718.
297 13 22 15 0.59 113.93 240.48 -6.73 1687   17.72   344.4  109044.   2.16   2.77   2.39 -13.41   -0.08  0.43  0.20  0.58  -1.00   -1.0        -1.  17.18  340.9 101865.
297 13 23 36 0.59 113.93 240.47 -6.73 1687   18.47   340.9  106111.   2.04   3.62   3.41 -12.92   -2.18  0.35  0.13  0.44  -1.00   -1.0        -1.  17.99  341.1 109990.
297 13 24 57 0.59 113.93 240.46 -6.73 1687   19.25   346.3  108888.   0.00   0.00   4.03 -11.75    2.80  0.28  0.16  1.13  -1.00   -1.0        -1.  18.68  346.1  95242.
297 13 26 18 0.59 113.94 240.45 -6.73 1687   18.82   346.5  132349.   4.19   1.94   3.53 -12.60    0.94  0.39  0.37  1.26  -1.00   -1.0        -1.  17.80  344.4 117042.
297 13 27 39 0.59 113.94 240.44 -6.73 1687   17.92   348.4  105737.   3.30   4.33   2.57 -12.67   -0.26  0.54  0.10  0.46  -1.00   -1.0        -1.  16.83  344.5  86152.
297 13 29 00 0.59 113.94 240.43 -6.73 1687   17.25   334.3  126313.   0.00  -4.13   7.51   3.55   10.61  0.44  2.07  0.65  -1.00   -1.0        -1.  18.11  335.1 140580.
297 13 30 21 0.59 113.94 240.42 -6.73 1687   17.64   333.3  151375.  -5.67  -3.46   7.80  -0.69   11.28  0.27  0.69  0.21  -1.00   -1.0        -1.  16.96  335.9 130582.
297 13 31 42 0.59 113.94 240.40 -6.73 1687   -1.00    -1.0      -1.  -1.00  -1.00   6.53  -0.33   11.78  0.77  1.34  0.49  -1.00   -1.0        -1.  18.34  340.8 150761.
297 13 33 03 0.59 113.94 240.39 -6.73 1687   17.74   335.2  146954.  -2.18  -3.29   7.67  -2.69   10.97  0.20  0.37  0.20  -1.00   -1.0        -1.  17.48  336.1 127655.
297 13 34 24 0.59 113.94 240.38 -6.73 1687   17.20   334.7  149764.  -3.02  -3.04   7.40  -2.36   11.44  0.24  0.20  0.30  -1.00   -1.0        -1.  17.08  334.6 147028.
297 13 35 45 0.59 113.94 240.37 -6.73 1687   18.45   331.3  147964.  -3.33  -2.78   8.77  -2.60   10.46  0.46  0.45  0.34  -1.00   -1.0        -1.  17.89  332.6 128993.
297 13 37 06 0.59 113.94 240.36 -6.73 1687   18.66   337.6  116967.   0.76  -1.09   5.99  -8.90    8.75  0.48  0.34  0.49  -1.00   -1.0        -1.  17.17  338.5 112562.
297 13 38 27 0.59 113.94 240.35 -6.73 1687   18.41   349.9  111633.   0.00   0.00   3.68 -10.48    7.89  0.78  0.37  0.31  -1.00   -1.0        -1.  17.80  349.1  96801.
297 13 39 48 0.59 113.94 240.33 -6.73 1687   18.11   338.2  114469.  -0.77  -1.84   5.74  -8.44    9.15  0.31  0.58  0.66  -1.00   -1.0        -1.  17.81  337.6 133145.
297 13 41 09 0.59 113.95 240.32 -6.73 1687   17.38   347.9  110344.   1.32   0.82   5.22 -10.42    7.01  0.70  0.30  0.28  -1.00   -1.0        -1.  16.27  346.6  92640.
297 13 42 30 0.59 113.95 240.31 -6.73 1687   18.54   356.3  114255.   1.87  -0.67   2.47 -10.94    7.31  0.48  0.32  0.42  -1.00   -1.0        -1.  17.67  355.3  88839.
297 13 43 51 0.59 113.95 240.30 -6.73 1687   17.33   358.1   92718.   1.16  -0.36   3.10 -11.18    6.16  2.46  0.31  1.28  -1.00   -1.0        -1.  17.30  356.4 108554.
297 13 45 12 0.59 113.95 240.29 -6.73 1687   18.81   330.7  127229.   1.63   1.30   6.76  -9.63    1.93  2.23  1.44  2.42  -1.00   -1.0        -1.  18.36  330.3 150326.
297 13 46 33 0.59 113.95 240.28 -6.73 1687   17.53   336.1  142887.   1.69   2.26   0.00   0.00    0.00  0.00  0.00  0.00  -1.00   -1.0        -1.  16.71  334.0 121577.
297 13 47 54 0.59 113.95 240.27 -6.73 1687   -1.00    -1.0      -1.  -1.00  -1.00   0.00   0.00    0.00  0.00  0.00  0.00  -1.00   -1.0        -1.  18.31  340.3 118481.
297 13 49 15 0.59 113.95 240.26 -6.73 1687   17.96   343.8  122782.   2.32   3.28   0.00   0.00    0.00  0.00  0.00  0.00  -1.00   -1.0        -1.  18.06  339.5 116977.
297 13 52 27 0.59 113.95 240.23 -6.73 1687   18.67   345.6  140132.   2.10   5.51   0.00   0.00    0.00  0.00  0.00  0.00  -1.00   -1.0        -1.  17.54  343.2 118267.
297 14 35 39 0.59 113.98 239.86 -6.73 1687   19.14   332.1  144729.  -0.38  -1.19  10.99  -7.28   -0.88  0.00  0.00  0.00  -1.00   -1.0        -1.  19.09  331.4 125010.
297 15 18 51 0.59 114.01 239.49 -6.73 1687   16.84   307.1   96158.  -1.25   1.16  12.61  -3.88    4.27  0.00  0.00  0.00  -1.00   -1.0        -1.  16.27  309.2 101225.
297 16 02 03 0.59 114.04 239.13 -6.74 1687   17.49   316.2   97665.   1.01  -0.51   8.57  -7.47    6.83  0.00  0.00  0.00  -1.00   -1.0        -1.  16.81  315.6  77502.
297 16 45 15 0.59 114.06 238.76 -6.74 1687   17.49   306.5   89752.  -0.62   2.50  12.54  -6.10    0.02  0.00  0.00  0.00  -1.00   -1.0        -1.  17.02  305.7  73821.
297 17 28 27 0.59 114.09 238.39 -6.74 1687   18.82   313.9  180215.  -3.48   4.22  11.71  -4.31    0.85  0.00  0.00  0.00  -1.00   -1.0        -1.  18.03  313.4 159831.
297 18 11 39 0.59 114.12 238.02 -6.74 1687   18.37   317.5  122168.   0.38   0.24   0.00   0.00    0.00  0.00  0.00  0.00  -1.00   -1.0        -1.  17.69  316.4  98042.
297 18 54 51 0.59 114.15 237.65 -6.75 1687   17.13   325.3  125374.  -0.91  -1.42   0.00   0.00    0.00  0.00  0.00  0.00  -1.00   -1.0        -1.  16.77  324.6 118332.
297 19 38 03 0.59 114.18 237.29 -6.75 1687   15.15   321.5  148286.  -3.16  -0.93   8.40  -6.61    5.40  0.00  0.00  0.00  -1.00   -1.0        -1.  15.87  321.7 156527.
297 20 21 15 0.59 114.20 236.92 -6.75 1687   16.45   308.1  121375.  -1.66   3.54  10.36  -6.22    0.93  0.00  0.00  0.00  -1.00   -1.0        -1.  16.11  305.1 103155.
297 21 04 27 0.59 114.23 236.55 -6.76 1687   16.56   306.8  156787.  -3.20   3.92   0.00   0.00    0.00  0.00  0.00  0.00   0.05  388.4     98363.  14.92  307.7 126394.
297 21 47 40 0.59 114.26 236.19 -6.76 1687   16.67   307.7  185669.  -5.90   3.50   0.00   0.00    0.00  0.00  0.00  0.00  -1.00   -1.0        -1.  16.09  308.7 177382.
297 22 30 52 0.59 114.29 235.82 -6.76 1687   16.69   309.4  148672.  -2.71   1.56  10.69  -4.69    3.14  0.00  0.00  0.00  -1.00   -1.0        -1.  16.34  309.8 120537.
297 23 14 04 0.59 114.32 235.45 -6.76 1687   16.73   311.7  101937.  -0.65   0.47   9.42  -7.48    3.53  0.00  0.00  0.00  -1.00   -1.0        -1.  15.79  309.5  97005.
297 23 57 16 0.59 114.35 235.08 -6.77 1687   15.73   289.8   53827.  -2.09   0.13  11.02  -7.18    3.85  0.00  0.00  0.00   1.66  270.7    133810.  15.45  288.6  46076.
