174  3 06 10 0.73 119.42  77.53  5.13 1682   14.34   486.2   58537.  -0.55  -1.45   0.12  -6.71    9.33  0.11  0.22  0.30   0.27  482.6    178431.  14.26  487.7  61958.
174  3 07 24 0.73 119.37  77.46  5.15 1683   -1.00    -1.0      -1.  -1.00  -1.00  -0.20  -7.21    9.49  0.12  0.20  0.20  -1.00   -1.0        -1.  -1.00   -1.0     -1.
174  3 08 52 0.73 119.42  77.50  5.13 1682   15.88   485.9   57023.  -0.46  -2.75  -0.40  -5.85    9.25  0.16  0.04  0.00   0.17  479.6    264554.  16.09  484.1  56062.
174  3 10 06 0.73 119.42  77.49  5.13 1682   13.05   486.5   59869.  -1.25  -2.66  -0.66  -5.99    9.24  0.15  0.10  0.00   0.20  473.6    270350.  13.45  486.3  46216.
174  3 12 48 0.73 119.43  77.47  5.13 1682   13.21   483.8   55783.  -1.48  -1.60  -0.68  -6.37    9.40  0.11  0.27  0.20   0.20  486.9    224429.  13.27  486.4  57959.
174  3 15 30 0.73 119.43  77.45  5.13 1682   11.41   481.0   62085.  -1.24  -2.35  -1.05  -6.07   10.12  0.22  0.11  0.16   0.19  472.1    179367.  11.64  479.6  57949.
174  3 18 12 0.73 119.43  77.42  5.13 1682    9.65   476.7   59330.  -1.93  -1.05  -1.43  -6.79   10.10  0.42  0.20  0.23   0.18  469.2    412320.   9.81  476.3  47889.
174  3 20 54 0.73 119.43  77.40  5.13 1682    8.08   466.9   53346.  -3.17  -1.10  -1.96  -6.55   10.29  0.21  0.32  0.32   0.20  467.0    333045.   8.30  469.9  54847.
174  3 23 36 0.73 119.43  77.37  5.13 1682   17.36   474.4   75186.  -2.67  -4.08   4.60   0.00    8.32  2.28  1.34  0.98   0.19  474.9    364386.  18.44  475.7  88738.
174  3 26 18 0.73 119.43  77.35  5.13 1682   12.79   479.9   58518.  -0.98  -3.04  -2.30  -9.93    2.12  0.04  0.16  0.57   0.27  479.1    272507.  13.95  477.8  56325.
174  3 29 00 0.73 119.43  77.32  5.13 1682   17.43   475.4   38273.  -1.63  -3.14  -1.11  -9.73    3.57  0.30  0.12  0.32   0.37  475.9    162007.  15.62  475.7  34996.
174  3 31 42 0.73 119.43  77.30  5.13 1682   15.19   493.7   51508.  -1.46  -3.69  -1.43  -7.79    6.13  0.28  0.33  0.49   0.23  478.8    242894.  14.95  492.8  43568.
174  3 34 24 0.73 119.43  77.27  5.13 1682   17.81   484.9   35730.  -1.33  -2.92  -1.23  -8.63    5.09  0.20  0.19  0.41   0.33  476.1    187228.  16.66  484.9  36750.
174  3 37 06 0.73 119.43  77.25  5.13 1682   18.42   497.4   40177.  -1.85  -3.54   1.15  -3.75    9.05  0.92  0.85  0.58   0.32  487.4    205614.  17.14  498.1  41320.
174  3 39 48 0.73 119.43  77.22  5.13 1682   14.86   482.5   35779.  -2.87  -5.02   1.52  -1.37   10.40  0.87  0.15  0.28   0.35  482.1    237293.  14.95  484.6  37344.
174  3 42 30 0.73 119.43  77.20  5.13 1682   14.19   488.9   46651.  -2.75  -5.09  -2.83  -4.15    8.81  1.66  0.43  0.79   0.31  486.8    190788.  12.86  489.6  42659.
174  3 45 12 0.73 119.43  77.18  5.13 1682   16.20   492.9   48002.  -2.31  -4.12  -4.26  -5.80    6.91  0.35  0.37  0.00   0.38  488.2    307928.  16.60  494.3  50211.
174  3 47 54 0.73 119.43  77.15  5.13 1682   15.37   501.5   55438.  -4.17  -5.57  -4.55  -5.74    6.51  0.55  1.29  0.87   0.40  495.4    241581.  17.35  506.1  52268.
174  3 50 36 0.73 119.43  77.13  5.13 1682   15.39   505.9   56676.  -3.18  -3.96  -3.32   4.32    6.89  0.82  2.15  0.71   0.37  501.6    235448.  14.30  504.9  59158.
174  3 53 18 0.73 119.43  77.11  5.13 1682   15.72   496.2   39277.  -4.13  -3.94  -3.72   0.65    9.84  0.38  1.49  0.31   0.54  495.9    210968.  14.48  498.8  43062.
174  3 56 00 0.73 119.44  77.08  5.13 1682   17.16   499.1   37169.  -2.31  -4.14  -4.35  -3.54    8.52  0.28  0.53  0.44   0.49  495.6    162475.  16.78  499.7  37578.
174  3 58 42 0.73 119.44  77.06  5.13 1682   12.78   506.5   62621.  -1.47  -2.28  -6.49  -6.90    2.59  0.19  0.05  0.36   0.39  502.1    309669.  13.48  507.5  58973.
174  4 01 24 0.73 119.44  77.03  5.13 1682   14.57   511.4   59288.  -1.37  -3.67  -6.41  -5.41    4.89  0.21  0.17  0.17   0.42  506.3    285552.  13.81  509.1  65798.
174  4 04 06 0.73 119.44  77.01  5.13 1682   13.27   512.8   52021.  -1.51  -3.44  -6.53  -4.71    5.78  0.20  0.05  0.00   0.35  510.1    202327.  13.44  512.8  54519.
174  4 06 48 0.73 119.44  76.98  5.13 1682   14.71   512.5   57274.  -1.73  -3.68  -6.58  -4.45    6.02  0.12  0.22  0.20   0.39  507.1    198013.  13.13  513.7  51014.
174  4 09 30 0.73 119.44  76.96  5.13 1682   13.61   513.4   52895.  -1.97  -3.66  -6.62  -4.11    6.10  0.05  0.20  0.16   0.44  510.2    230420.  13.89  514.7  56741.
174  4 11 34 0.73 119.44  76.94  5.13 1682   -1.00    -1.0      -1.  -1.00  -1.00  -6.02  -4.39    6.35  0.08  0.16  0.20  -1.00   -1.0        -1.  -1.00   -1.0     -1.
174  4 12 10 0.73 119.39  76.88  5.14 1683   -1.00    -1.0      -1.  -1.00  -1.00  -6.02  -4.47    6.51  0.14  0.36  0.16  -1.00   -1.0        -1.  -1.00   -1.0     -1.
174  4 14 16 0.73 119.44  76.92  5.13 1682   -1.00    -1.0      -1.  -1.00  -1.00  -5.80   0.02    8.50  0.45  0.82  0.36  -1.00   -1.0        -1.  -1.00   -1.0     -1.
174  4 14 52 0.73 119.39  76.86  5.14 1683   -1.00    -1.0      -1.  -1.00  -1.00  -6.32  -0.39    8.18  0.15  0.34  0.16  -1.00   -1.0        -1.  -1.00   -1.0     -1.
174  4 16 58 0.73 119.44  76.89  5.13 1682   -1.00    -1.0      -1.  -1.00  -1.00  -6.66  -0.45    7.93  0.16  0.59  0.20  -1.00   -1.0        -1.  -1.00   -1.0     -1.
174  4 17 34 0.73 119.39  76.84  5.14 1683   -1.00    -1.0      -1.  -1.00  -1.00  -6.58   1.11    7.94  0.20  0.41  0.20  -1.00   -1.0        -1.  -1.00   -1.0     -1.
174  4 19 40 0.73 119.44  76.87  5.13 1682   -1.00    -1.0      -1.  -1.00  -1.00  -5.57   4.69    7.38  0.23  0.12  0.20  -1.00   -1.0        -1.  -1.00   -1.0     -1.
174  4 20 16 0.73 119.44  76.86  5.13 1682   17.21   513.7   44497.  -2.19  -3.85  -6.00   2.53    8.01  0.28  1.15  0.19   0.62  504.3    142997.  16.34  514.0  44137.
174  4 23 00 0.73 119.44  76.84  5.13 1682   18.11   514.4   39485.  -1.86  -3.74  -6.33  -1.01    8.26  0.16  0.18  0.20   0.56  510.1    167361.  15.04  514.1  45966.
174  4 25 42 0.73 119.44  76.81  5.13 1682   16.95   513.1   46154.  -1.84  -2.85  -5.78  -0.26    8.82  0.23  0.16  0.16   0.63  504.7    175573.  16.87  511.5  48490.
174  4 28 24 0.73 119.44  76.79  5.13 1682   16.97   513.7   39855.  -2.47  -3.72  -7.20   2.41    7.70  0.22  0.30  0.00   0.44  501.2    232966.  13.88  509.2  69166.
174  4 31 06 0.73 119.44  76.77  5.13 1682   14.88   498.3   63361.  -1.37  -2.78  -7.02   5.46    6.75  0.10  0.63  0.19   0.62  495.2    172805.  14.92  501.0  48802.
174  4 33 48 0.73 119.44  76.74  5.13 1682   17.97   506.8   55844.  -0.76  -3.07  -6.75   6.02    6.15  0.36  0.34  0.18   0.51  505.5    294284.  15.79  502.9  63241.
174  4 36 30 0.73 119.44  76.72  5.13 1682   15.75   502.4   67483.  -2.02  -3.24  -7.53   5.16    6.42  0.15  0.22  0.16   0.67  498.3     96258.  16.56  505.8  64735.
174  4 39 12 0.73 119.44  76.69  5.13 1682   17.52   506.5   58690.  -1.77  -3.26  -7.83   5.34    6.26  0.15  0.38  0.20   0.51  502.8    269011.  15.24  503.0  66233.
174  4 41 54 0.73 119.45  76.67  5.13 1682   16.07   500.9   67110.  -1.92  -3.02  -8.67   4.25    6.39  0.19  0.29  0.17   0.53  500.2     87319.  15.74  505.2  62906.
174  4 44 36 0.73 119.45  76.65  5.13 1682   18.04   505.5   65242.  -1.65  -3.26  -9.07   2.58    6.34  0.16  0.23  0.32   0.52  490.5    223546.  16.62  500.9  78002.
174  4 47 18 0.73 119.45  76.62  5.12 1682   18.79   510.8  104610.  -0.92  -2.88  -8.68   2.12    6.32  0.81  0.89  0.52   0.51  496.5    114307.  18.43  511.8  72765.
174  4 50 00 0.73 119.45  76.60  5.12 1682   16.17   492.6   99081.  -3.12  -3.09  -7.46   5.60    6.35  0.27  0.59  0.32   0.42  485.3    182680.  16.74  494.0  76235.
174  4 52 42 0.73 119.45  76.57  5.12 1682   14.99   481.7   67886.  -4.82  -0.75  -4.20  10.17    4.19  0.36  0.20  0.60   0.32  466.1    175274.  16.40  481.2  65336.
174  4 55 24 0.73 119.45  76.55  5.12 1682   17.22   473.1   70787.  -4.01  -2.17  -4.81   8.48    5.94  0.33  0.83  0.83   0.37  468.6    211072.  15.89  476.7  74909.
174  4 58 06 0.73 119.45  76.52  5.12 1682   16.80   464.6   57378.  -3.58  -0.98  -3.08   9.81    4.84  0.25  0.10  0.16   0.56  461.2    304147.  17.96  469.4  57663.
174  5 00 48 0.73 119.45  76.50  5.12 1682   18.61   464.8   48503.  -3.60  -0.52   0.70  10.98    2.62  0.21  0.15  0.59   0.53  456.1    128652.  18.71  465.1  44455.
174  5 03 30 0.73 119.45  76.47  5.12 1682   20.64   453.8   44871.  -4.55  -0.10   2.63  10.07    1.28  2.34  0.26  0.87   0.62  453.0    128106.  20.57  455.3  38605.
174  5 06 12 0.73 119.45  76.45  5.12 1682   19.78   449.6   47181.  -4.20  -0.48   5.65   9.29    1.43  0.06  0.12  0.39   0.61  446.1    199871.  20.67  452.9  47736.
174  5 08 54 0.73 119.45  76.43  5.12 1682   19.01   446.2   33774.  -3.55   0.39   2.95  10.24    2.62  0.24  0.24  0.25   0.85  441.1    130185.  20.46  446.7  41155.
174  5 11 36 0.73 119.45  76.40  5.12 1682   22.55   438.0   44192.  -3.56   1.43   5.39   9.49   -0.16  0.23  0.20  0.41   1.26  441.0    122519.  20.87  437.9  46394.
174  5 14 18 0.73 119.45  76.38  5.12 1682   18.75   437.6   49188.  -4.12   1.64   6.52   9.91   -0.96  0.20  0.16  0.16   0.56  430.4    222948.  17.35  437.7  43474.
174  5 17 00 0.73 119.45  76.36  5.12 1682   19.31   440.3   37497.  -3.13   1.11   5.61  10.47    0.23  0.12  0.08  0.16   0.67  445.6    103457.  17.84  441.2  33872.
174  5 19 42 0.73 119.45  76.33  5.12 1682   20.13   452.6   66070.  -1.24   0.48   8.84   4.77   -3.64  0.09  0.13  0.20   0.55  447.6    189320.  20.14  451.1  64696.
174  5 22 24 0.73 119.45  76.31  5.12 1682   17.73   451.0   57140.  -1.68   0.57   8.58   6.88   -2.31  0.18  0.19  0.30   0.71  443.7    221402.  18.39  453.2  54145.
174  5 25 06 0.73 119.45  76.28  5.12 1682   18.25   454.2   53811.  -2.00   0.20   7.39   7.96   -1.92  0.55  0.57  0.30   0.47  454.2    242569.  17.33  452.4  54694.
174  5 27 48 0.73 119.46  76.26  5.12 1682   17.96   452.3   55042.  -1.94   0.71   6.79   8.32   -1.85  0.39  0.20  0.00   0.80  445.5    236514.  17.54  454.4  54990.
174  5 30 30 0.73 119.46  76.23  5.12 1682   16.57   453.6   51309.  -2.16   0.91   5.33   9.94   -1.06  0.16  0.04  0.00   0.55  450.9    172493.  16.82  452.8  50949.
174  5 33 12 0.73 119.46  76.21  5.12 1682   16.05   455.3   42275.  -1.49   0.58   5.17  10.34   -1.22  0.16  0.16  0.20   0.65  455.6    112475.  16.39  455.8  49373.
174  5 35 54 0.73 119.46  76.18  5.12 1682   14.79   447.6   34616.  -2.41   0.29   5.43  10.50   -1.21  0.04  0.16  0.20   0.31  443.4    126443.  14.54  446.6  38900.
174  5 38 36 0.73 119.46  76.16  5.12 1682   15.87   448.2   32488.  -1.75   0.90   5.37  10.74   -0.73  0.04  0.16  0.16   0.73  448.9     65398.  14.51  448.9  35158.
174  5 41 18 0.73 119.46  76.13  5.12 1682   16.35   446.8   33154.  -2.88   0.67   5.35  10.82   -0.73  0.00  0.00  0.16   0.36  441.4    126001.  14.77  445.4  35392.
174  5 44 00 0.73 119.46  76.11  5.12 1682   16.22   450.1   36565.  -2.16   0.21   4.68  11.26    0.30  0.08  0.12  0.20   0.57  441.9    150702.  16.22  450.0  36308.
174  5 46 42 0.73 119.46  76.09  5.12 1682   15.71   448.4   33076.  -2.63   0.60   4.47  11.47   -0.04  0.21  0.17  0.36   0.46  441.0    139151.  15.46  450.2  32439.
174  5 49 24 0.73 119.46  76.06  5.12 1682   12.90   450.9   33823.  -2.04   0.67   5.73  11.42   -0.73  0.15  0.09  0.16   0.48  451.8     66126.  13.85  452.1  31364.
174  5 52 06 0.73 119.46  76.04  5.12 1682   13.52   447.7   30932.  -3.07   0.14   5.38  11.52    0.79  0.18  0.18  0.20   0.30  442.2    159330.  12.42  449.1  30013.
174  5 54 48 0.73 119.46  76.02  5.12 1682   11.74   450.4   31153.  -1.99   0.50   5.14  11.86    0.95  0.27  0.12  0.00   0.44  448.3     63579.  12.15  451.0  30285.
174  5 57 30 0.73 119.46  75.99  5.12 1682   14.23   449.8   27693.  -2.88   0.94   5.18  11.60    1.51  0.20  0.10  0.20   0.33  444.6    170115.  12.22  451.1  32072.
174  6 00 12 0.73 119.46  75.97  5.12 1682   16.00   447.2   44575.  -2.12   0.65   4.76  10.52    3.18  0.08  0.29  0.31   0.58  443.2    122220.  14.86  449.2  38023.
174  6 02 54 0.73 119.46  75.94  5.12 1682   20.43   453.3   54857.  -2.39  -1.55   4.56   9.51    0.34  0.04  0.00  0.17   0.66  443.9    171856.  19.40  451.9  55256.
174  6 05 36 0.73 119.46  75.92  5.12 1682   16.59   452.1   33215.  -2.46  -0.16   4.74  10.25    0.96  0.10  0.17  0.30   0.41  448.4     82394.  18.00  452.6  32770.
174  6 08 18 0.73 119.46  75.89  5.12 1682   17.40   453.6   27605.  -2.77  -0.64   4.11  10.70    2.63  0.00  0.00  0.00   0.29  453.4    110565.  16.95  455.0  31689.
174  6 11 00 0.73 119.47  75.87  5.12 1682   14.44   454.1   30565.  -2.62  -0.18   2.85  11.11    1.99  0.20  0.12  0.20   0.34  451.9     60486.  16.20  455.3  28206.
174  6 13 42 0.73 119.47  75.84  5.12 1682   18.38   458.8   25880.  -3.09   0.20   3.40  11.20    2.55  0.00  0.00  0.16   0.34  461.7     58771.  15.38  460.1  29957.
174  6 16 24 0.73 119.47  75.82  5.12 1682   13.28   452.8   32826.  -2.79  -0.25   2.97  11.44    2.94  0.16  0.08  0.16   0.32  452.7     98532.  14.83  454.4  28434.
174  6 19 06 0.73 119.47  75.80  5.12 1682   17.76   453.2   28450.  -2.78  -0.81   2.89  11.40    3.02  0.00  0.00  0.00   0.34  443.9    235071.  17.65  454.9  31182.
174  6 21 48 0.73 119.47  75.77  5.12 1682   14.10   453.9   33648.  -2.43  -1.03   2.55  11.30    3.66  0.05  0.00  0.20   0.34  442.0    160851.  14.76  453.9  33280.
174  6 24 30 0.73 119.47  75.75  5.12 1682   14.91   449.6   33729.  -2.57  -0.45   2.39  11.60    3.26  0.00  0.00  0.20   0.35  440.7    164307.  14.58  450.8  40583.
174  6 27 12 0.73 119.47  75.72  5.12 1682   20.59   452.0   58843.  -1.07   0.44  -1.14   8.46    2.78  0.12  0.21  0.32   0.68  454.4    157212.  21.47  455.0  55932.
174  6 29 54 0.73 119.47  75.70  5.12 1682   20.53   444.4   89095.  -0.30   0.49   6.19   5.51   -0.88  0.40  0.72  0.16   0.84  440.4    190723.  20.59  444.3  76550.
174  6 32 36 0.73 119.47  75.68  5.12 1682   21.29   442.8   81150.   0.64   0.49   8.45   2.43   -0.85  0.11  0.36  0.56   0.91  439.2    272338.  22.50  443.4  89063.
174  6 35 18 0.73 119.47  75.65  5.12 1682   23.30   446.8   86295.   1.42   0.86   8.03  -0.77   -2.24  0.16  0.37  0.16   0.95  439.7    182745.  21.41  445.1  78759.
174  6 38 00 0.73 119.47  75.63  5.12 1682   22.65   445.0   68341.   1.27   0.14   8.27  -1.64   -0.64  0.32  0.25  0.53   1.13  439.9    225768.  23.77  444.8  75884.
174  6 40 42 0.73 119.47  75.60  5.12 1682   24.38   440.2   74533.   0.61   0.28   8.06  -0.13   -1.52  0.10  0.20  0.20   1.03  436.1    173533.  24.39  440.8  71125.
174  6 43 22 0.73 119.47  75.58  5.12 1682   23.73   441.5   69520.   0.95   0.69   5.83  -1.33   -1.38  1.20  0.23  0.31   1.02  431.8    168114.  24.08  439.7  73509.
174  6 43 51 0.73 119.42  75.52  5.13 1683   -1.00    -1.0      -1.  -1.00  -1.00   4.65  -1.07   -1.54  0.73  0.13  0.48  -1.00   -1.0        -1.  -1.00   -1.0     -1.
174  6 46 04 0.73 119.47  75.55  5.12 1682   17.09   438.6   68208.   0.00   0.00   6.79  -6.81   -3.45  0.08  0.37  0.32   0.93  432.1    220544.  15.95  439.6  61266.
174  6 48 46 0.73 119.47  75.53  5.12 1682   -1.00    -1.0      -1.  -1.00  -1.00   6.25  -4.13   -3.53  0.91  0.47  0.75  -1.00   -1.0        -1.  -1.00   -1.0     -1.
174  6 51 28 0.73 119.47  75.51  5.12 1682   20.79   437.6   98282.   0.00   0.00   0.00   0.00    0.00  0.00  0.00  0.00   0.93  429.6    286969.  20.55  437.3  98029.
174  6 56 02 0.73 119.48  75.47  5.11 1682   22.31   442.3   79649.   2.03  -0.35   2.97  -5.06   -1.23  0.05  0.65  0.01   0.86  439.2    234812.  21.58  441.6  71479.
174  7 06 50 0.73 119.48  75.37  5.11 1682   18.24   428.2   86260.  -0.13   1.24   7.23  -4.85   -2.73  1.20  1.65  0.23   0.80  426.6    133057.  17.68  428.8  89849.
174  7 17 38 0.73 119.48  75.27  5.11 1682   17.06   420.9   55350.   0.62   0.86   9.37  -3.20   -2.76  0.05  0.00  0.21   0.71  420.2    150676.  16.39  418.7  59249.
174  7 28 27 0.73 119.48  75.17  5.11 1682   15.09   416.8   52024.  -3.28  -2.56   8.86   3.98    3.16  0.00  0.00  0.20   0.66  412.5    217998.  15.00  421.0  52131.
174  7 39 15 0.73 119.48  75.08  5.11 1682   16.35   422.9   49370.  -4.44  -2.68   7.66   5.67    2.96  0.00  0.00  0.00   0.73  422.0    148273.  15.94  423.1  43364.
174  7 50 03 0.73 119.49  74.98  5.11 1682   15.96   413.2   52420.  -3.68  -3.28   8.81   3.07    2.76  0.05  0.00  0.20   0.62  406.1    179198.  15.44  418.1  52248.
174  8 00 51 0.73 119.49  74.88  5.11 1682   15.61   409.8   67935.  -1.02  -1.20   9.75  -1.20   -0.81  0.05  0.19  0.19   0.69  402.9    148403.  16.30  411.5  62422.
174  8 11 39 0.73 119.49  74.79  5.11 1682   16.41   411.8   58086.  -2.11  -0.50   9.75   1.33   -1.84  0.05  0.45  0.40  -1.00   -1.0        -1.  17.55  412.6  71132.
174  8 22 27 0.73 119.49  74.69  5.11 1682   17.19   412.6   67906.   0.46  -1.46   9.51  -4.20   -0.96  0.12  0.25  0.00   0.70  406.6    173572.  18.25  413.3  58534.
174  8 33 15 0.73 119.50  74.59  5.11 1682   18.79   415.4   52797.   1.03  -0.67   8.65  -5.60   -1.90  0.05  0.19  0.19   0.91  405.1    194648.  18.90  415.1  60619.
174  8 44 03 0.73 119.50  74.49  5.11 1682   18.33   418.3   49792.   0.32  -1.11   9.52  -6.53   -1.89  0.09  0.14  0.19   0.61  410.2    191633.  18.15  415.2  49838.
174  8 54 51 0.73 119.50  74.40  5.11 1682   18.31   411.1   50611.   0.59  -0.23   9.11  -3.52   -5.24  0.16  0.22  0.19   0.75  409.5    125897.  17.70  408.0  44358.
174  9 05 39 0.73 119.50  74.30  5.10 1682   16.41   416.4   65830.   1.03  -0.07   8.58  -5.95   -5.48  0.21  0.12  0.14   0.84  409.6    186877.  17.06  414.0  58069.
174  9 16 27 0.73 119.51  74.20  5.10 1682   13.36   421.0   80692.  -1.11   0.37   9.24  -5.83   -6.18  0.37  0.36  0.00   0.62  422.1    279887.  12.62  421.9  67386.
174  9 27 15 0.73 119.51  74.11  5.10 1682   14.51   433.1   61100.   0.89  -0.08   5.77  -7.33   -7.31  0.05  0.20  0.00   0.45  444.9    258616.  14.28  436.2  66470.
174  9 38 03 0.73 119.51  74.01  5.10 1682   16.24   421.7   90135.  -3.09  -0.18   8.21  -0.09   -7.37  0.30  0.35  0.41   0.68  427.5    207745.  15.82  425.2  99825.
174  9 48 51 0.73 119.51  73.91  5.10 1682   16.31   428.7   63910.   1.22   1.14   9.31  -3.31   -4.30  0.50  0.55  1.36  -1.00   -1.0        -1.  16.27  428.7  82212.
174  9 59 39 0.73 119.51  73.82  5.10 1682   16.53   417.3   91840.  -0.99   1.49   8.89   1.35   -6.06  0.50  1.10  0.21  -1.00   -1.0        -1.  18.33  414.1  86497.
174 10 10 27 0.73 119.52  73.72  5.10 1682   11.44   443.7   88949.   2.37  -2.33   6.38 -11.39   -2.29  0.05  0.19  0.19  -1.00   -1.0        -1.  11.28  445.5 106059.
174 10 21 15 0.73 119.52  73.63  5.10 1682   13.09   441.2  125693.   1.82  -1.25   7.72  -9.11   -4.10  0.06  0.25  0.40  -1.00   -1.0        -1.  13.02  438.2 109155.
174 10 32 03 0.73 119.52  73.53  5.10 1682    9.77   447.0  154630.   0.12  -1.36   8.74  -9.13   -5.96  0.05  0.19  0.19   0.38  467.1    317790.   9.28  448.1 140736.
174 10 42 51 0.73 119.52  73.43  5.10 1682   13.44   447.6  102135.   2.31  -0.13   7.89  -7.26   -6.95  1.21  1.20  0.44   0.55  461.3    336865.  12.67  445.0  90902.
174 10 53 39 0.73 119.53  73.33  5.10 1682   11.11   440.5   95355.   2.70   0.00   7.24  -9.09   -7.04  0.19  0.05  0.19   0.58  452.4    257941.  11.09  442.2 109466.
174 11 04 27 0.73 119.53  73.24  5.10 1682    9.39   443.1  119404.   2.31  -1.65   8.74  -9.08   -4.69  0.10  0.21  0.20  -1.00   -1.0        -1.   9.69  436.2 106260.
174 11 15 15 0.73 119.53  73.14  5.09 1682   11.29   436.2  128756.   1.30   0.27   9.85  -6.17   -5.17  0.20  0.10  0.20  -1.00   -1.0        -1.  11.40  437.6 162462.
174 12 07 09 0.73 119.54  72.67  5.09 1682   -1.00    -1.0      -1.  -1.00  -1.00  -2.07  -3.21    3.61  0.00  0.00  0.00  -1.00   -1.0        -1.  -1.00   -1.0     -1.
174 12 09 51 0.73 119.54  72.65  5.09 1682   12.51   485.9  184538.  -0.75  -0.76  -1.61  -3.85    3.61  0.34  0.38  0.26   0.37  504.6    386346.  12.78  483.9 193618.
174 12 12 33 0.73 119.54  72.63  5.09 1682   12.67   476.5  221772.  -0.59  -0.45   2.14  -3.97    2.43  0.34  0.41  0.30  -1.00   -1.0        -1.  13.59  477.9 248273.
174 12 15 15 0.73 119.54  72.60  5.09 1682   13.35   478.0  236780.  -0.23   0.23   1.80  -2.64    1.79  0.14  0.18  0.41  -1.00   -1.0        -1.  13.21  479.5 218901.
174 12 17 05 0.73 119.54  72.58  5.09 1682   13.16   468.1  241952.  -1.58   0.62   3.91   0.29   -2.76  0.36  0.72  0.54   0.30  530.9    311878.  13.45  471.2 275317.
174 12 19 47 0.73 119.55  72.56  5.09 1682   13.06   468.8  263707.  -2.08  -2.68   4.33  -0.33   -3.01  0.28  0.54  0.90  -1.00   -1.0        -1.  13.07  469.5 272948.
174 12 22 29 0.73 119.55  72.53  5.09 1682   12.81   474.4  227100.  -0.19  -2.91   3.23   0.04    1.25  0.39  0.56  0.58  -1.00   -1.0        -1.  13.41  475.7 249231.
174 12 25 11 0.73 119.55  72.51  5.09 1682   12.14   486.9  177606.  -0.14  -5.57  -3.73  -4.07    3.76  0.56  0.62  0.46  -1.00   -1.0        -1.  12.44  482.4 184827.
174 12 27 53 0.73 119.55  72.49  5.09 1682   13.12   485.0  175768.  -0.82  -5.10  -5.73  -5.29    3.86  0.19  0.10  0.17   0.41  486.8    352302.  12.66  486.1 152148.
174 12 30 35 0.73 119.55  72.46  5.09 1682   12.45   479.0  238823.  -0.29  -6.94   1.30  -3.33    3.61  0.16  0.18  0.16   0.46  502.7    373118.  12.59  479.7 216627.
174 12 33 17 0.73 119.55  72.44  5.09 1682   11.66   481.1  207300.   0.08  -1.34  -3.66  -4.93    5.27  0.27  0.27  0.25   0.42  491.4    385124.  12.25  482.0 244534.
174 12 35 59 0.73 119.55  72.42  5.09 1682   12.10   471.9  187326.  -0.86  -5.51  -2.50  -4.79    5.32  0.23  0.25  0.18   0.43  479.3    323053.  12.62  476.4 194664.
174 12 38 41 0.73 119.55  72.39  5.09 1682   11.40   473.2  196148.  -0.61  -5.10  -1.49  -5.51    4.07  0.00  0.00  0.16  -1.00   -1.0        -1.  11.79  472.6 195369.
174 12 41 23 0.73 119.55  72.37  5.09 1682   13.20   476.8  172188.   0.92  -5.39  -2.71  -5.58    4.31  0.17  0.16  0.20   0.43  484.6    456201.  13.59  478.2 173555.
174 12 44 05 0.73 119.55  72.34  5.09 1682   13.02   475.5  161140.   0.36  -0.70  -1.57  -6.44    4.72  0.16  0.08  0.17  -1.00   -1.0        -1.  13.05  476.6 140720.
174 12 46 47 0.73 119.55  72.32  5.09 1682   12.71   478.5  141298.   1.50  -5.20  -2.09  -6.78    3.91  0.18  0.18  0.54  -1.00   -1.0        -1.  12.87  476.9 161065.
174 12 49 29 0.73 119.55  72.29  5.09 1682   12.14   476.8  181712.   0.65  -4.50  -1.95  -6.96    2.23  0.10  0.50  0.74  -1.00   -1.0        -1.  12.26  475.4 173208.
174 12 52 11 0.73 119.55  72.27  5.09 1682   11.94   478.0  129419.   1.33  -1.38  -1.54  -7.04    5.26  0.15  0.21  0.34  -1.00   -1.0        -1.  11.77  478.2 146843.
174 12 54 53 0.73 119.55  72.24  5.09 1682   12.50   475.8  152525.   0.74  -1.12  -1.30  -7.38    4.92  0.25  0.10  0.19   0.40  487.6    377263.  12.27  476.1 133824.
174 12 57 35 0.73 119.55  72.22  5.09 1682   11.88   479.2  139905.   1.80  -5.98  -1.92  -7.76    3.51  0.12  0.22  0.41  -1.00   -1.0        -1.  11.81  478.1 165626.
174 13 00 17 0.73 119.55  72.19  5.09 1682   11.34   478.8  169608.   0.00   0.00  -1.72  -7.28    1.99  0.25  0.24  0.16  -1.00   -1.0        -1.  11.17  479.3 148893.
174 13 02 59 0.73 119.55  72.17  5.09 1682   11.56   480.0  146847.   1.86  -4.81  -3.32  -7.15    3.85  0.19  0.17  0.20   0.45  483.1    342855.  11.49  477.0 166162.
174 13 05 41 0.73 119.55  72.15  5.09 1682   11.81   477.7  148480.   0.97  -0.82  -1.46  -7.90    2.13  0.37  0.22  0.33  -1.00   -1.0        -1.  11.55  477.2 140912.
174 13 08 23 0.73 119.56  72.12  5.09 1682   11.66   474.1  136773.   1.57  -1.36  -1.74  -7.78    2.70  0.19  0.16  0.32   0.49  473.5    349456.  12.31  474.3 164979.
174 13 11 05 0.73 119.56  72.10  5.09 1682   12.11   472.3  150160.   0.98  -0.74   0.00  -7.96    2.37  0.31  0.31  0.44  -1.00   -1.0        -1.  11.69  472.3 135438.
174 13 13 47 0.73 119.56  72.08  5.09 1682   11.47   469.7  156845.   1.70  -5.81   0.14  -8.04    2.37  0.15  0.21  0.57  -1.00   -1.0        -1.  10.95  468.9 125254.
174 13 16 29 0.73 119.56  72.05  5.08 1682   11.31   471.1  155328.   1.29  -0.36   0.15  -8.49    1.73  0.16  0.35  0.41   0.28  491.4    298157.  11.05  468.9 147012.
174 13 19 11 0.73 119.56  72.03  5.08 1682   11.19   474.6  134545.   2.36  -5.69  -3.79  -5.42    4.92  0.27  0.24  0.16   0.42  488.0    506149.  11.89  473.3 151696.
174 13 21 53 0.73 119.56  72.00  5.08 1682   11.52   476.5  148448.   0.45  -1.09  -3.28  -6.02    5.00  0.08  0.37  0.20   0.53  476.3    511073.  11.81  476.6 140616.
174 13 24 35 0.73 119.56  71.98  5.08 1682   11.40   473.3  130975.   2.13  -5.47  -3.40  -5.69    5.48  0.64  0.27  0.60  -1.00   -1.0        -1.  12.18  474.0 163862.
174 13 27 17 0.73 119.56  71.95  5.08 1682   12.05   479.6  144004.   0.23  -5.65  -1.64  -7.71    1.57  0.16  0.18  0.30   0.46  481.1    494052.  12.13  480.1 137618.
174 13 29 59 0.73 119.56  71.93  5.08 1682   11.34   476.5  128184.   1.77  -5.22   1.04  -4.84    5.30  0.50  0.80  0.20   0.48  472.9    377744.  11.78  472.5 123289.
174 13 32 41 0.73 119.56  71.90  5.08 1682   12.12   473.2  163599.  -4.40  -3.33   3.65   5.87    0.86  0.32  0.39  0.59  -1.00   -1.0        -1.  12.03  471.6 173289.
174 13 35 23 0.73 119.56  71.88  5.08 1682   13.33   482.9  233938.  -1.52  -4.50  -4.01   3.32    0.91  0.43  0.52  0.40   0.35  499.8    340932.  13.15  480.6 218920.
174 13 38 05 0.73 119.56  71.85  5.08 1682   11.11   468.6  169264.  -2.78  -1.46   2.34   0.96    5.77  0.94  1.04  0.36   0.42  484.5    331499.  11.06  467.4 152210.
174 13 40 47 0.73 119.56  71.83  5.08 1682   11.88   459.7  169043.  -2.19  -2.30  -3.64   3.99    3.62  0.93  0.56  0.79  -1.00   -1.0        -1.  12.34  464.3 176352.
174 13 43 29 0.73 119.56  71.81  5.08 1682   12.30   482.3  199709.  -2.56  -1.89  -4.42   2.67    4.74  0.42  1.67  0.35   0.34  511.7    304043.  12.93  489.0 195853.
174 13 46 11 0.73 119.56  71.78  5.08 1682   12.42   479.9  147607.  -3.65  -6.24  -3.54   4.39    4.51  0.26  0.27  0.20   0.61  486.7    549704.  12.74  480.8 184802.
174 13 48 53 0.73 119.56  71.76  5.08 1682   12.02   482.6  192520.  -2.16  -1.33  -4.54   1.79    4.65  0.16  0.19  0.16  -1.00   -1.0        -1.  11.87  484.2 161880.
174 13 51 35 0.73 119.56  71.74  5.08 1682   11.95   470.6  159701.  -2.94  -1.84  -1.28   2.60    6.05  0.51  0.91  0.81   0.33  492.8    296052.  11.90  474.0 163696.
174 13 54 17 0.73 119.57  71.71  5.08 1682   10.79   461.4  183622.   1.46  -0.81   3.84  -7.31    2.05  0.30  0.35  0.48   0.40  467.8    279822.  11.38  458.3 173624.
174 13 56 59 0.73 119.57  71.69  5.08 1682   10.08   452.5  200638.   0.07  -1.55   6.82  -5.35    2.77  0.16  0.17  0.41  -1.00   -1.0        -1.  10.35  446.0 194258.
174 13 59 41 0.73 119.57  71.66  5.08 1682    9.81   455.1  139024.   0.73  -1.25   4.77  -6.27    2.93  0.17  0.55  1.09   0.51  464.9    335761.  10.37  457.0 169589.
174 14 02 23 0.73 119.57  71.64  5.08 1682   11.19   461.4  169596.   0.76  -5.54   2.89  -6.58    1.07  0.04  0.00  0.25  -1.00   -1.0        -1.  10.91  460.1 148571.
174 14 05 05 0.73 119.57  71.61  5.08 1682   11.17   451.8  160561.   0.92  -1.09   3.71  -7.37    2.28  0.10  0.15  0.00   0.39  461.5    317270.  11.43  454.5 177525.
174 14 07 47 0.73 119.57  71.59  5.08 1682   10.21   473.6  118751.   0.25  -2.55  -1.46  -3.85    6.83  0.41  0.84  0.33   0.44  475.3    309435.  10.85  473.2 152440.
174 14 10 29 0.73 119.57  71.56  5.08 1682   12.03   465.4  117981.   0.00   0.00   0.00  -5.54    5.78  0.23  0.12  0.32   0.48  459.5    370363.  12.32  464.1 129432.
174 14 13 11 0.73 119.57  71.54  5.08 1682   -1.00    -1.0      -1.  -1.00  -1.00   1.22  -3.46    6.89  0.24  0.23  0.19  -1.00   -1.0        -1.  -1.00   -1.0     -1.
174 16 32 39 0.73 119.60  70.29  5.07 1682   15.04   412.1   74770.  -3.65  -4.68   7.35   5.55   -1.27  0.00  0.00  0.00   0.45  411.4    139125.  15.17  412.9  59723.
174 16 35 21 0.73 119.60  70.26  5.07 1682   14.90   415.3   48142.  -5.12  -1.72   6.30   6.88   -1.97  0.58  0.69  0.45   0.52  414.0    221987.  14.34  420.5  54379.
174 16 38 03 0.73 119.60  70.24  5.07 1682   15.22   420.0   50871.  -5.02  -1.69   6.25   7.65   -1.19  0.30  0.19  0.16   0.34  418.2    202782.  16.42  419.2  48220.
174 16 40 45 0.73 119.60  70.22  5.07 1682   14.78   419.9   39271.  -4.68  -0.96   6.21   7.60   -2.63  0.29  0.23  0.32   0.41  418.1    178366.  14.54  422.7  52628.
174 16 43 29 0.73 119.60  70.19  5.07 1682   17.37   426.9   42412.  -2.32  -2.30   4.37   2.66   -8.43  0.67  0.92  0.55   0.34  416.6    173299.  15.12  429.0  37162.
174 16 46 11 0.73 119.60  70.17  5.07 1682   15.71   424.3   57124.  -2.31  -1.90   3.20   4.43   -7.96  0.37  1.32  0.88   0.54  412.1    325574.  16.94  426.0  51118.
174 16 48 53 0.73 119.60  70.14  5.07 1682   17.17   431.4   47216.  -3.77  -3.41   1.48   7.96   -6.19  0.68  0.62  0.43   0.67  420.9    275456.  16.71  432.7  39017.
174 16 51 35 0.73 119.60  70.12  5.07 1682   11.69   431.7   54230.  -3.87  -3.27   1.87   5.95   -8.85  0.85  0.83  0.70   0.32  423.6    231004.  12.55  432.4  51355.
174 16 54 17 0.73 119.60  70.10  5.07 1682   13.77   427.9   46732.  -4.43  -4.09   4.37   7.78   -6.48  0.42  0.19  0.47   0.51  420.4    230537.  14.15  429.7  50127.
174 16 56 59 0.73 119.60  70.07  5.07 1682   20.77   410.3   46073.  -5.01  -1.97   7.70   6.90    3.02  0.10  0.15  0.17   0.43  411.7    280862.  20.27  413.9  52534.
174 16 59 41 0.73 119.60  70.05  5.07 1682   18.64   414.6   51020.  -5.24  -5.66   8.00   7.25    3.13  0.13  0.25  0.00   0.33  408.9    156706.  21.32  414.6  44085.
174 17 02 23 0.73 119.61  70.02  5.07 1682   20.87   411.8   42236.  -4.87  -6.19   6.58   8.16    1.67  0.60  0.36  0.20   0.22  412.1    144245.  19.46  415.2  43893.
174 17 05 05 0.73 119.61  70.00  5.07 1682   19.40   404.6   61919.  -3.70  -5.86   9.12   4.66    0.73  0.13  0.25  0.36   0.35  402.2    188307.  18.36  407.0  55708.
174 17 07 47 0.73 119.61  69.97  5.07 1682   22.05   409.3   47538.  -4.95  -4.55   7.96   6.86    1.45  0.21  0.13  0.30  -1.00   -1.0        -1.  21.21  411.7  59388.
174 17 10 29 0.73 119.61  69.95  5.07 1682   16.87   418.5   58021.  -4.04  -4.85   9.05   5.67    2.17  0.15  0.24  0.41   0.30  405.7    158291.  18.11  416.8  47925.
174 17 13 11 0.73 119.61  69.92  5.07 1682   17.14   409.3   51995.  -3.28  -5.38   8.92   2.99   -2.72  0.20  0.25  0.60   0.08  480.3    283759.  20.94  410.4  55438.
174 17 15 53 0.73 119.61  69.90  5.07 1682   19.43   410.6   52752.  -3.82  -4.16   8.57   4.86    0.08  0.05  0.00  0.20   0.39  405.9     47389.  18.39  411.8  50630.
174 17 18 35 0.73 119.61  69.87  5.07 1682   18.94   410.8   52209.  -4.68  -5.60   8.22   4.66    1.43  0.00  0.00  0.16   0.27  410.6    138956.  19.07  413.8  65281.
174 17 21 17 0.73 119.61  69.85  5.07 1682   18.19   418.5   51056.  -4.41  -2.08   7.26   5.41    4.06  0.12  0.22  0.19   0.30  411.5    211968.  19.09  417.4  48477.
174 17 23 59 0.73 119.61  69.83  5.07 1682   18.77   419.3   46190.  -5.04  -2.61   6.37   5.54    5.11  0.18  0.22  0.16   0.46  420.3    158759.  19.68  423.5  47905.
174 17 26 41 0.73 119.61  69.80  5.07 1682   18.50   419.6   49971.  -4.33  -3.39   6.93   4.74    5.56  0.19  0.92  0.74   0.35  412.9    164567.  19.26  418.6  46326.
174 17 29 23 0.73 119.61  69.78  5.06 1682   19.48   421.2   31724.  -3.87  -2.83   6.98   3.71    6.47  0.16  0.08  0.16   0.31  416.4     67087.  20.01  425.4  37968.
174 17 32 05 0.73 119.61  69.76  5.06 1682   19.50   419.9   27761.  -4.03  -2.73   6.69   2.81    7.02  0.20  0.38  0.20   0.25  413.4    176768.  20.60  422.1  30990.
174 17 34 47 0.73 119.61  69.73  5.06 1682   15.41   426.6   35753.  -4.36  -1.34   5.94   5.33    5.90  0.19  0.37  0.16   0.37  418.9    149013.  17.70  428.1  39449.
174 17 37 27 0.73 119.61  69.71  5.06 1682   18.98   425.6   38965.  -4.13  -2.58   4.35   7.59    4.69  0.60  0.27  0.29   0.26  433.2    170960.  18.01  426.0  35753.
174 17 40 09 0.73 119.61  69.68  5.06 1682   17.46   428.5   52333.  -4.05  -2.83   5.80   6.50    3.93  1.49  1.05  0.61   0.50  415.9     65203.  19.25  426.8  44699.
174 17 42 51 0.73 119.61  69.66  5.06 1682   -1.00    -1.0      -1.  -1.00  -1.00   5.05   7.64   -4.39  0.79  0.37  2.10  -1.00   -1.0        -1.  -1.00   -1.0     -1.
174 17 44 57 0.73 119.56  69.58  5.08 1683   -1.00    -1.0      -1.  -1.00  -1.00   6.91   7.67    0.28  0.00  0.00  0.00  -1.00   -1.0        -1.  -1.00   -1.0     -1.
174 17 52 27 0.73 119.62  69.57  5.06 1682   14.68   433.9   49107.  -3.05  -2.16   6.90   7.65    0.76  0.13  0.22  0.16   0.29  430.2    165269.  17.95  433.0  42146.
174 17 55 09 0.73 119.62  69.55  5.06 1682   15.40   432.5   33274.  -2.94  -6.14   8.66   5.69    0.93  0.18  0.33  1.49   0.24  432.7    149182.  16.77  433.1  35769.
174 17 57 51 0.73 119.62  69.52  5.06 1682   17.27   430.7   47252.  -3.35  -4.92   7.54   4.67    5.39  0.13  0.19  0.16   0.33  426.8    176651.  18.62  430.8  42340.
174 17 59 05 0.73 119.62  69.51  5.06 1682   17.67   432.3   34908.  -2.95  -1.96   7.60   4.37    5.55  0.08  0.16  0.16   0.34  438.1    123493.  17.53  435.3  47791.
174 18 01 47 0.73 119.62  69.49  5.06 1682   15.85   434.5   47018.  -3.03  -1.90   7.53   6.00    4.20  0.22  0.12  0.30   0.39  427.0    194076.  18.13  434.0  34772.
174 18 04 29 0.73 119.62  69.46  5.06 1682   17.22   431.6   28577.  -2.60  -2.14   8.00   5.92    4.20  0.08  0.70  0.81   0.41  437.4    127547.  16.70  433.0  31588.
174 18 07 11 0.73 119.62  69.44  5.06 1682   11.74   432.0   50325.  -4.46  -5.40   7.54   7.10    3.72  0.24  0.08  0.20   0.35  421.6    154951.  16.79  433.9  27813.
174 18 09 53 0.73 119.62  69.42  5.06 1682   16.21   432.1   30480.  -2.67  -2.55   7.80   7.93   -0.19  0.18  0.19  0.39   0.29  431.4     86201.  15.69  435.2  42038.
174 18 12 35 0.73 119.62  69.39  5.06 1682   15.85   428.4   43299.  -4.51  -5.01   8.62   6.75    1.72  0.12  0.30  0.20   0.21  424.8    148221.  16.53  432.0  30425.
174 18 15 17 0.73 119.62  69.37  5.06 1682   16.01   426.1   42503.  -2.93  -5.64   9.08   6.59    2.29  0.23  0.30  0.00  -1.00   -1.0        -1.  16.74  424.2  33943.
174 18 17 59 0.73 119.62  69.34  5.06 1682   12.93   438.3   48314.  -2.34  -5.86   8.75   6.55    2.84  0.10  0.15  0.20   0.16  465.2    400704.  15.85  435.9  34245.
174 18 20 41 0.73 119.62  69.32  5.06 1682   18.35   434.6   35067.  -2.67  -5.36   9.22   6.57    2.18  0.15  0.32  0.15   0.25  445.0    220038.  17.54  437.7  46180.
174 18 23 23 0.73 119.62  69.29  5.06 1682   12.43   442.4   40931.  -1.28  -6.45   9.33   6.23    2.92  0.08  0.12  0.20   0.14  454.5    339828.  15.83  439.7  34931.
174 18 26 05 0.73 119.62  69.27  5.06 1682   13.93   440.0   50205.  -1.76  -5.56   9.25   5.99    3.40  0.20  0.31  0.47   0.21  446.5    200157.  15.59  441.4  41431.
174 18 28 47 0.73 119.62  69.24  5.06 1682   14.02   442.1   43260.  -0.83  -6.02   9.76   4.87    3.98  0.21  0.14  0.17   0.20  437.5    216971.  15.75  438.0  37136.
174 18 31 29 0.73 119.62  69.22  5.06 1682   13.20   440.8   57953.  -1.20  -6.29  10.05   3.77    4.44  0.01  0.00  0.20   0.23  440.7    159850.  15.47  441.4  44478.
174 18 34 11 0.73 119.62  69.20  5.06 1682   14.35   439.7   42857.  -1.18  -1.40   9.75   3.85    4.42  0.27  0.27  0.19   0.18  451.0    380901.  15.65  437.3  37601.
174 18 36 53 0.73 119.62  69.17  5.06 1682   13.73   443.8   53106.  -1.26  -5.93   9.18   4.12    4.90  0.15  0.58  0.20   0.21  443.6    209720.  17.33  443.8  43406.
174 18 39 35 0.73 119.63  69.15  5.06 1682   11.74   444.3   41070.   0.60  -5.85   9.09   3.34    5.94  0.20  0.10  0.16   0.19  449.4    397105.  15.95  440.2  32618.
174 18 42 17 0.73 119.63  69.12  5.06 1682   15.20   452.7   50452.   1.74  -3.64   8.40  -0.85    7.30  0.39  0.19  0.32   0.26  447.3    198468.  17.00  448.8  36769.
174 18 44 59 0.73 119.63  69.10  5.06 1682   16.26   444.7   42805.   0.36  -6.54   8.48  -0.99    6.53  0.17  0.21  0.20   0.25  460.3    224845.  16.93  446.3  51940.
174 18 47 41 0.73 119.63  69.08  5.06 1682   12.66   451.4   49558.   0.00   0.00   8.10  -0.66    6.88  0.15  0.34  0.20   0.17  447.2    183837.  14.87  448.7  36389.
174 18 50 23 0.73 119.63  69.05  5.06 1682   -1.00    -1.0      -1.  -1.00  -1.00   8.58  -1.88    5.76  0.23  0.46  0.48  -1.00   -1.0        -1.  -1.00   -1.0     -1.
174 20 09 15 0.73 119.64  68.34  5.05 1682   -1.00    -1.0      -1.  -1.00  -1.00   9.60   2.77    4.60  0.00  0.00  0.00  -1.00   -1.0        -1.  -1.00   -1.0     -1.
174 20 11 57 0.73 119.64  68.32  5.05 1682   16.40   417.9   37945.  -1.41  -3.97   9.83   2.65    4.51  0.20  0.19  0.17   0.57  425.4    121661.  15.79  418.7  52170.
174 20 14 39 0.73 119.65  68.29  5.05 1682   17.20   418.9   48457.  -1.45  -4.20   9.78   1.67    4.84  0.10  0.24  0.20   0.39  415.4    168868.  17.76  415.6  43010.
174 20 17 21 0.73 119.65  68.27  5.05 1682   14.26   423.3   52193.  -1.50  -3.34  10.04   3.71    4.93  0.08  0.12  0.16   0.46  429.7    127950.  12.42  425.2  51855.
174 20 19 29 0.73 119.65  68.25  5.05 1682   15.22   428.9   30951.  -2.16  -3.27   9.90   3.59    4.77  0.18  0.19  0.19   0.35  432.1    279458.  12.82  429.4  44712.
174 20 22 11 0.74 119.65  68.22  5.05 1682   16.20   418.4   35382.  -0.87  -3.62   9.71   2.42    4.99  0.19  0.44  0.00   0.40  428.5    173611.  13.06  422.3  57927.
174 20 24 53 0.74 119.65  68.20  5.05 1682   16.37   427.5   46606.  -1.05  -4.32   8.44   2.92    5.94  0.22  0.15  0.32   0.29  431.3    281420.  17.08  425.8  37370.
174 20 27 35 0.74 119.65  68.18  5.05 1682   18.04   420.6   65391.  -0.24  -4.95   8.63   3.30    5.22  0.23  0.39  0.19   0.35  425.5    180835.  17.24  420.8  56380.
174 20 30 17 0.74 119.65  68.15  5.05 1682   13.57   423.4   50091.  -0.94  -3.49   8.85   3.27    3.39  0.34  0.37  0.43   0.29  420.9    189749.  14.37  421.8  46947.
174 20 32 59 0.74 119.65  68.13  5.05 1682   15.59   415.3   53015.  -2.15  -2.32   7.41   5.52    0.42  0.36  0.57  0.20   0.46  415.8    239905.  16.02  419.4  50962.
174 20 35 41 0.74 119.65  68.11  5.05 1682   15.87   426.2   46372.  -3.12  -0.48   6.27   7.12    1.09  0.66  0.24  2.19   0.28  428.4    240048.  16.53  426.0  37919.
174 20 38 23 0.74 119.65  68.08  5.05 1682   14.55   421.2   36165.  -2.28  -4.62   9.00   4.12    3.71  0.39  0.64  0.30   0.24  423.9    173247.  15.52  422.7  45037.
174 20 41 05 0.74 119.65  68.06  5.05 1682   14.37   408.8   57248.  -1.94  -2.90   8.91   2.87    4.67  0.27  0.20  0.30   0.35  412.4    193803.  13.45  413.6  75020.
174 20 43 47 0.74 119.65  68.03  5.05 1682   13.73   411.7   52092.   0.33  -3.02   9.36  -2.16    3.85  0.21  0.27  0.38   0.26  399.0    272104.  13.34  410.9  54610.
174 20 46 29 0.74 119.65  68.01  5.05 1682   17.22   430.4   41882.   4.07  -3.49   7.86   5.81    5.38  0.12  0.20  0.00   0.33  424.1    199520.  15.26  426.6  34606.
174 20 49 11 0.74 119.65  67.98  5.05 1682   10.69   421.0   29399.  -2.80  -3.50   8.38   5.09    5.39  0.13  0.21  0.00   0.32  421.8    154938.   9.56  425.3  46141.
174 20 51 53 0.74 119.65  67.96  5.05 1682   10.05   420.9   53794.  -1.96  -3.32   8.57   4.55    5.63  0.18  0.22  0.20   0.31  411.5    146908.  11.49  420.3  32319.
174 20 54 35 0.74 119.65  67.93  5.05 1682   11.89   420.3   33160.  -1.26  -3.42   8.20   5.45    4.99  0.10  0.24  0.00   0.26  425.4    217673.  12.36  420.1  45436.
174 20 57 17 0.74 119.65  67.91  5.05 1682   12.56   417.1   52973.  -1.55  -3.40   8.18   5.00    5.06  0.23  0.27  0.16   0.42  413.4    173546.  12.24  420.6  37932.
174 20 59 59 0.74 119.65  67.88  5.05 1682   15.46   420.3   37974.  -1.24  -3.38   6.14   7.24    5.30  0.26  0.31  0.28   0.35  420.3    181394.  15.25  420.7  49126.
174 21 02 41 0.74 119.66  67.86  5.05 1682   18.19   424.5   43987.  -1.18  -3.74   7.85  -3.24    4.08  0.32  0.26  0.20   0.54  420.2    140580.  17.18  423.6  38988.
174 21 05 23 0.74 119.66  67.84  5.05 1682   16.87   419.3   36311.  -1.13  -3.89   8.54   1.02    4.17  0.15  0.30  0.00   0.46  424.3    109785.  15.25  419.9  47856.
174 21 08 05 0.74 119.66  67.81  5.05 1682   17.71   419.7   43062.  -1.60  -3.91   9.08   2.38    4.34  0.22  0.15  0.20   0.52  416.4    133226.  18.13  418.0  39323.
174 21 10 47 0.74 119.66  67.79  5.05 1682   13.28   422.2   33924.  -1.48  -3.31   9.17   1.84    4.89  0.22  0.18  0.16   0.40  417.2    206446.  11.57  424.2  42584.
174 21 13 29 0.74 119.66  67.77  5.05 1682   12.39   423.7   43328.  -1.63  -3.24   9.37   2.13    4.50  0.00  0.00  0.16   0.36  417.7    157862.  12.50  424.2  33342.
174 21 16 11 0.74 119.66  67.74  5.05 1682   13.70   421.6   32975.  -1.29  -3.19   8.66   1.82    5.36  0.00  0.00  0.00   0.43  417.9    217790.  11.76  424.4  45709.
174 21 24 17 0.74 119.66  67.67  5.05 1682   11.50   422.7   48818.  -0.99  -2.97   0.00   0.00    0.00  0.00  0.00  0.00   0.37  417.4    167828.  12.10  422.7  39498.
174 21 26 59 0.74 119.66  67.64  5.05 1682   12.69   422.0   35187.  -1.01  -3.08   0.00   0.00    0.00  0.00  0.00  0.00   0.35  422.9    162683.  11.25  423.9  50884.
174 21 29 41 0.74 119.66  67.62  5.05 1682   11.05   420.7   49640.  -0.87  -2.71   0.00   0.00    0.00  0.00  0.00  0.00   0.36  413.2    174312.  11.84  419.0  43601.
174 21 32 23 0.74 119.66  67.59  5.05 1682   12.32   418.9   45352.  -1.68  -2.82   0.00   0.00    0.00  0.00  0.00  0.00   0.47  416.8    214398.  11.52  422.9  53223.
174 21 35 05 0.74 119.66  67.57  5.05 1682   13.52   415.4   63628.  -0.81  -3.22   0.00   0.00    0.00  0.00  0.00  0.00   0.44  415.2    139944.  12.58  417.4  56718.
174 21 37 47 0.74 119.66  67.55  5.05 1682   14.71   414.2   49360.  -0.46  -3.04   9.08   1.24    5.28  0.10  0.51  0.16   0.23  413.5    234071.  12.34  415.5  58791.
174 21 40 29 0.74 119.66  67.52  5.05 1682   15.03   422.7   43844.  -2.53  -3.03   8.39   4.08    5.77  0.33  0.46  0.00   0.43  411.5    132121.  14.89  421.8  29155.
174 21 43 11 0.74 119.66  67.50  5.05 1682   16.72   418.8   28229.  -1.48  -3.14   9.35   2.12    5.61  0.00  0.00  0.20   0.27  425.4    139658.  13.42  417.9  42337.
174 21 45 53 0.74 119.66  67.47  5.04 1682   13.64   413.8   42191.  -2.27  -4.22   9.14   0.51    5.68  0.22  1.12  0.16   0.40  411.3    132069.  13.37  416.8  30763.
174 21 48 35 0.74 119.66  67.45  5.04 1682   13.99   418.5   37084.  -1.20  -3.63   9.04  -1.61    5.85  0.13  0.35  0.00   0.31  419.5    169388.  13.26  418.2  52086.
174 21 51 17 0.74 119.67  67.43  5.04 1682   11.57   421.6   56026.  -1.82  -3.85   8.80  -1.43    6.25  0.05  0.20  0.00   0.29  413.4    189749.  13.20  420.6  37062.
174 21 53 59 0.74 119.67  67.40  5.04 1682   13.53   421.6   59635.  -3.04  -2.89   8.67  -3.35    5.12  0.15  0.47  0.16   0.26  424.4    199884.  13.47  418.9  61386.
174 21 56 41 0.74 119.67  67.38  5.04 1682   14.46   418.5   58690.  -1.78  -3.00   9.47  -2.39    4.49  0.09  0.24  0.20   0.43  416.0    163125.  13.49  422.3  62374.
174 21 59 23 0.74 119.67  67.35  5.04 1682   16.16   422.5   58404.  -1.43  -2.97   9.54  -2.19    4.09  0.10  0.25  0.20   0.30  424.0    235006.  14.43  420.9  64472.
174 22 02 05 0.74 119.67  67.33  5.04 1682   14.50   419.3   54366.  -1.88  -3.00   9.52  -1.75    4.44  0.32  0.69  0.36   0.53  414.1    162241.  13.30  422.0  39436.
174 22 04 47 0.74 119.67  67.30  5.04 1682   14.50   417.6   37416.  -2.37  -3.39   9.80  -1.61    4.26  0.10  0.61  0.20   0.32  423.3    201158.  13.04  417.6  58115.
174 22 07 29 0.74 119.67  67.28  5.04 1682   15.39   416.2   49146.  -2.86  -3.08  10.05  -2.39    4.26  0.33  0.39  0.20   0.59  410.6    129276.  13.14  420.1  35944.
174 22 10 11 0.74 119.67  67.26  5.04 1682   14.08   418.0   34950.  -2.16  -3.17  10.09  -3.02    4.22  0.15  0.23  0.05   0.35  410.3    349040.  13.78  418.0  45599.
174 22 12 53 0.74 119.67  67.23  5.04 1682   15.75   414.0   47561.  -2.64  -3.09  10.19  -3.17    3.72  0.20  0.10  0.18   0.59  409.1    121258.  12.91  418.2  42574.
174 22 15 35 0.74 119.67  67.21  5.04 1682   13.36   417.1   35135.  -2.22  -3.17  10.24  -3.25    3.40  0.16  0.23  0.04  -1.00   -1.0        -1.  13.20  416.1  52135.
174 22 18 17 0.74 119.67  67.18  5.04 1682   15.33   414.3   51780.  -2.45  -3.04  10.16  -3.69    3.20  0.00  0.00  0.20   0.54  409.5    104938.  12.22  417.9  43156.
174 22 20 59 0.74 119.67  67.16  5.04 1682   14.13   417.9   37432.  -1.79  -3.14  10.16  -4.10    3.45  0.20  0.10  0.01   0.22  425.1    260500.  14.09  417.2  48974.
174 22 23 41 0.74 119.67  67.13  5.04 1682   16.21   414.4   50754.  -2.33  -3.10   9.44  -4.00    2.96  0.04  0.00  0.16   0.61  411.9     93634.  12.80  417.7  45748.
174 22 26 23 0.74 119.67  67.11  5.04 1682   15.32   415.5   44351.  -1.87  -3.42   9.49  -4.42    2.40  0.16  0.04  0.20   0.33  414.8    299911.  15.62  414.8  48106.
174 22 29 05 0.74 119.67  67.09  5.04 1682   15.42   413.6   52924.  -2.22  -3.36   9.13  -4.84    2.07  0.24  0.32  0.20   0.38  412.9    139567.  13.11  416.2  50822.
174 22 31 47 0.74 119.67  67.06  5.04 1682   14.34   414.0   49549.  -1.86  -3.02   9.33  -3.94    2.64  0.16  0.23  0.00   0.26  400.6    194466.  14.95  414.0  51283.
174 22 34 29 0.74 119.67  67.04  5.04 1682   16.11   414.3   52186.  -2.61  -3.23   9.45  -3.10    2.64  0.00  0.00  0.00   0.35  415.4    162748.  15.14  415.1  51696.
174 22 37 11 0.74 119.67  67.01  5.04 1682   15.20   413.1   51728.  -2.82  -3.30   9.57  -2.62    2.88  0.16  0.04  0.20   0.27  411.5    247779.  15.54  415.0  51699.
174 22 39 53 0.74 119.68  66.99  5.04 1682   16.29   412.2   53820.  -3.03  -3.38   9.12  -4.34    3.99  0.35  0.50  0.32   0.37  411.5    172181.  13.77  414.3  52044.
174 22 42 35 0.74 119.68  66.96  5.04 1682   13.81   413.0   51761.  -2.07  -3.19   9.32  -4.14    4.40  0.16  0.19  0.20   0.25  406.4    180887.  14.67  413.0  53148.
174 22 45 17 0.74 119.68  66.94  5.04 1682   14.70   412.2   54564.  -2.28  -3.15   8.98  -4.89    3.99  0.30  0.11  0.40   0.48  411.2    156823.  12.42  416.3  54369.
174 22 47 59 0.74 119.68  66.91  5.04 1682   14.76   417.4   35759.  -1.46  -3.41   8.80  -5.54    4.30  0.08  0.16  0.16   0.28  413.7    249365.  14.08  416.2  41369.
174 22 50 41 0.74 119.68  66.89  5.04 1682   13.58   412.8   48577.  -1.94  -3.22   8.49  -5.79    3.74  0.08  0.16  0.39   0.36  413.0    164593.  12.33  415.6  47307.
174 22 53 23 0.74 119.68  66.87  5.04 1682   15.03   414.4   44221.  -1.22  -3.13   9.54  -4.74    3.43  0.18  0.18  0.00   0.30  402.9    231511.  13.41  413.7  50475.
174 22 56 05 0.74 119.68  66.84  5.04 1682   14.05   413.1   52619.  -2.01  -3.04   9.39  -4.44    3.98  0.20  0.10  0.20   0.42  410.3    150170.  11.08  416.6  52999.
174 22 58 47 0.74 119.68  66.82  5.04 1682   13.63   416.6   65112.  -1.85  -2.90   9.81  -3.40    3.67  0.14  0.10  0.20   0.38  400.8    186864.  14.65  415.0  51270.
174 23 01 29 0.74 119.68  66.79  5.04 1682   15.84   410.6   50185.  -2.73  -3.21   9.69  -2.49    4.37  0.12  0.32  0.18   0.38  408.7    144621.  12.29  413.4  53197.
174 23 04 11 0.74 119.68  66.77  5.04 1682   13.10   414.1   50406.  -2.17  -3.09   9.50  -3.09    4.47  0.16  0.08  0.20   0.37  399.0    177561.  14.45  413.2  44423.
174 23 06 53 0.74 119.68  66.75  5.04 1682   15.72   410.9   53535.  -2.53  -2.97   9.47  -3.51    4.31  0.19  0.10  0.16   0.28  403.6     63891.  11.89  415.5  68601.
174 23 09 35 0.74 119.68  66.72  5.04 1682   12.09   413.4   72986.  -2.47  -3.06   9.34  -2.45    4.87  0.13  0.44  0.20   0.29  399.2    172324.  14.29  412.5  59080.
174 23 12 17 0.74 119.68  66.70  5.04 1682   15.04   411.6   54538.  -2.69  -3.18   9.00  -3.05    5.43  0.09  0.15  0.00   0.36  407.9    157823.  11.95  414.2  54168.
174 23 14 59 0.74 119.68  66.67  5.04 1682   13.28   412.4   51225.  -2.51  -3.18   8.95  -3.32    4.95  0.20  0.10  0.16   0.30  398.7    175884.  14.49  412.3  46615.
174 23 17 41 0.74 119.68  66.65  5.04 1682   15.71   410.2   55441.  -2.41  -3.13   8.95  -4.12    4.70  0.14  0.16  0.16   0.37  411.2    139567.  12.30  412.8  54730.
174 23 20 23 0.74 119.68  66.62  5.04 1682   13.63   412.6   51183.  -1.84  -3.02   8.65  -4.64    4.70  0.22  0.18  0.16   0.29  398.8    176560.  14.44  412.5  51534.
174 23 23 05 0.74 119.68  66.60  5.04 1682   14.85   410.6   56172.  -2.88  -3.39   8.79  -4.38    4.62  0.12  0.20  0.00   0.26  412.0    188034.  11.75  412.8  58108.
174 23 25 47 0.74 119.68  66.58  5.04 1682   12.50   411.8   71281.  -2.37  -3.04   8.65  -4.70    4.21  0.13  0.21  0.01   0.37  397.1    156368.  13.57  411.9  56254.
174 23 28 29 0.74 119.69  66.55  5.04 1682   14.07   410.5   59119.  -2.26  -3.32   8.52  -4.85    4.12  0.00  0.00  0.16   0.27  404.6    175651.  11.89  413.2  71226.
174 23 31 11 0.74 119.69  66.53  5.04 1682   12.19   412.0   67776.  -2.31  -3.13   8.47  -3.83    5.01  0.05  0.15  0.00   0.35  400.8    147532.  14.29  411.6  56819.
174 23 33 53 0.74 119.69  66.50  5.04 1682   14.41   411.5   54571.  -2.99  -3.99   8.09  -4.53    4.92  0.12  0.34  0.30   0.33  406.0    169141.  12.87  412.7  52687.
174 23 36 35 0.74 119.69  66.48  5.04 1682   11.92   413.1   70196.  -2.36  -3.27   8.39  -4.67    4.60  0.10  0.15  0.00   0.37  398.8    174442.  14.08  411.7  51823.
174 23 39 17 0.74 119.69  66.46  5.04 1682   15.11   410.1   55542.  -2.13  -2.95   8.52  -4.95    3.96  0.23  0.18  0.19   0.36  402.4    223754.  12.71  410.6  59609.
174 23 41 59 0.74 119.69  66.43  5.04 1682   12.97   408.4   56728.  -2.05  -2.96   8.60  -4.65    4.20  0.10  0.24  0.00   0.47  397.2    135889.  14.12  410.9  55195.
174 23 44 57 0.74 119.69  66.40  5.04 1682   14.12   423.8   64206.   0.00   0.00   8.71  -4.35    4.13  0.00  0.00  0.16  -1.00   -1.0        -1.  -1.00   -1.0     -1.
174 23 47 39 0.74 119.69  66.38  5.04 1682   -1.00    -1.0      -1.  -1.00  -1.00   8.30  -4.56    4.60  0.00  0.00  0.00  -1.00   -1.0        -1.  -1.00   -1.0     -1.
174 23 53 03 0.74 119.69  66.33  5.03 1682   11.61   408.5   58303.  -1.67  -3.38   8.30  -4.56    4.80  0.00  0.00  0.20   0.33  401.2    165334.  13.17  410.8  54987.
174 23 55 27 0.74 119.69  66.31  5.03 1682   14.85   406.1   33167.  -2.10  -4.05   7.13  -5.80    4.13  0.10  0.20  0.20   0.25  406.7    142971.  15.45  406.2  41801.
174 23 58 09 0.74 119.69  66.28  5.03 1682   13.40   406.7   50780.  -1.87  -3.49   7.05  -5.64    4.29  0.08  0.16  0.00   0.28  400.3    145596.  14.00  406.0  43516.
