337  0:40:38 0.40 259.21 225.84  6.93 1689   7.95   497.1 187101.  0.00  3.38   0.00   0.00   0.00 0.00 0.00 0.00 -1.00  -1.0     -1.  6.97 496.6 155874.
337  1:23:50 0.40 259.30 225.53  6.94 1689   7.86   516.7 212287. -6.14 -0.60   0.00   0.00   0.00 0.00 0.00 0.00 -1.00  -1.0     -1.  7.06 521.1 172642.
337  2:07:02 0.41 259.40 225.24  6.94 1689   7.96   495.0 158115.  0.00  0.00 -24.75  10.12   1.54 0.00 0.00 0.00 -1.00  -1.0     -1.  7.11 495.6 139320.
337  2:50:14 0.41 259.49 224.93  6.94 1689   8.15   569.4 482435.  1.34 -8.09 -11.07  20.36 -12.05 0.00 0.00 0.00 -1.00  -1.0     -1.  7.62 569.2 503592.
337  3:33:26 0.41 259.58 224.63  6.95 1689   7.96   508.6 320850. -1.85 10.57   0.00   0.00   0.00 0.00 0.00 0.00  0.07 641.6 472183.  7.14 505.2 303851.
337  4:16:38 0.41 259.68 224.33  6.95 1689   7.85   506.9 248195. -1.81  2.36   0.00   0.00   0.00 0.00 0.00 0.00 -1.00  -1.0     -1.  7.50 507.5 312226.
337  4:59:50 0.41 259.77 224.03  6.96 1689   8.17   464.6 164193. -7.96 -1.76 -23.88   5.65  -1.52 0.00 0.00 0.00 -1.00  -1.0     -1.  7.75 473.7 180666.
337  5:43:02 0.41 259.86 223.73  6.96 1689   9.02   500.4 269836.  0.00 11.50 -21.02   7.02   9.73 0.00 0.00 0.00  0.06 663.6 511307.  7.43 499.3 226213.
337  6:26:14 0.41 259.95 223.42  6.97 1689   8.94   525.5 443031.  0.00  0.00   0.00   0.00   0.00 0.00 0.00 0.00  0.06 695.3 413308.  8.43 520.2 442697.
337  7:09:26 0.41 260.05 223.12  6.97 1689   7.97   511.9 300736. -9.40 12.36   0.00   0.00   0.00 0.00 0.00 0.00  0.08 647.3 673574.  7.23 517.9 283383.
337  7:52:38 0.41 260.14 222.81  6.97 1689   7.76   489.7 282268.-12.94  7.68 -23.09   0.41   6.94 0.00 0.00 0.00 -1.00  -1.0     -1.  7.15 497.1 267858.
337  8:35:50 0.41 260.23 222.51  6.98 1689   8.28   500.6 315633.  0.00  0.00 -22.19   3.96 -10.04 0.00 0.00 0.00 -1.00  -1.0     -1.  7.48 498.2 295457.
337  9:19:02 0.41 260.32 222.21  6.98 1689   7.37   640.7 422010.  0.00  0.00   0.00   0.00   0.00 0.00 0.00 0.00  0.09 689.1 589660.  7.16 631.1 450607.
337 10:04:38 0.41 260.42 221.88  6.99 1689   8.81   493.6 252587.  0.00  0.00 -17.83  16.12  -5.06 0.00 0.00 0.00 -1.00  -1.0     -1.  7.63 493.3 222029.
337 10:45:26 0.41 260.44 221.54  7.06 1689  -1.00    -1.0     -1. -1.00 -1.00 -23.82  -1.01   2.12 0.00 0.00 0.00 -1.00  -1.0     -1. -1.00  -1.0     -1.
337 10:47:50 0.41 260.51 221.58  6.99 1689   8.29   477.5 248708.-11.89 -2.44   0.00   0.00   0.00 0.00 0.00 0.00  0.07 576.6 602576.  7.66 486.6 222818.
337 11:27:32 0.41 260.53 221.24  7.06 1689  -1.00    -1.0     -1. -1.00 -1.00 -20.76   2.97   9.65 0.00 0.00 0.00 -1.00  -1.0     -1. -1.00  -1.0     -1.
337 11:31:02 0.41 260.60 221.28  6.99 1689   7.57   496.7 271035.  0.00  0.00 -19.25  10.68   7.59 0.00 0.00 0.00 -1.00  -1.0     -1.  7.62 494.1 283041.
337 11:52:38 0.41 260.59 221.07  7.06 1689  -1.00    -1.0     -1. -1.00 -1.00 -22.95   2.88   6.54 0.00 0.00 0.00 -1.00  -1.0     -1. -1.00  -1.0     -1.
337 12:10:44 0.41 260.62 220.94  7.07 1689  -1.00    -1.0     -1. -1.00 -1.00 -19.34   5.94 -12.23 0.00 0.00 0.00 -1.00  -1.0     -1. -1.00  -1.0     -1.
337 12:14:14 0.41 260.69 220.97  7.00 1689  10.13   542.7 494614.-10.59 -7.86 -19.26   1.60 -17.06 0.00 0.00 0.00  0.12 613.4 567831. 10.15 554.0 555191.
337 12:35:50 0.41 260.68 220.77  7.07 1689  -1.00    -1.0     -1. -1.00 -1.00 -14.19  13.59 -13.20 0.00 0.00 0.00 -1.00  -1.0     -1. -1.00  -1.0     -1.
337 13:38:38 0.41 260.86 220.38  7.00 1689   9.61   471.0 192484. -1.66  0.00 -22.19   6.20   8.37 0.23 0.34 0.39 -1.00  -1.0     -1.  8.45 469.2 164892.
337 13:38:53 0.41 260.86 220.37  7.00 1689   9.63   469.3 181829.  0.00  0.00   0.00   0.00   0.00 0.00 0.00 0.00 -1.00  -1.0     -1.  8.59 470.6 178028.
337 13:39:04 0.41 260.87 220.38  7.00 1689   9.63   468.0 181842. -2.07  4.41   0.00   0.00   0.00 0.00 0.00 0.00 -1.00  -1.0     -1.  8.60 470.6 178181.
337 13:39:33 0.41 260.87 220.37  7.00 1689   9.51   474.3 206280. -3.03  6.47   0.00   0.00   0.00 0.00 0.00 0.00 -1.00  -1.0     -1.  9.17 477.2 249300.
337 13:40:14 0.41 260.87 220.37  7.00 1689   9.48   475.7 225771.  0.00  6.43   0.00   0.00   0.00 0.00 0.00 0.00 -1.00  -1.0     -1.  8.76 476.2 211881.
337 13:40:54 0.41 260.87 220.36  7.00 1689   9.59   473.4 209639. -2.61  7.31   0.00   0.00   0.00 0.00 0.00 0.00  0.05 655.5 383916.  8.36 474.7 229932.
337 13:41:35 0.41 260.87 220.36  7.00 1689  10.08   471.4 246451. -5.47  7.85   0.00   0.00   0.00 0.00 0.00 0.00 -1.00  -1.0     -1.  8.76 476.6 216822.
337 13:42:15 0.41 260.87 220.35  7.00 1689   9.52   472.4 217445. -6.06  7.87   0.00   0.00   0.00 0.00 0.00 0.00  0.07 675.3 801668.  9.22 477.9 257843.
337 13:42:56 0.41 260.87 220.35  7.00 1689   9.75   486.3 224043. -6.39  8.19   0.00   0.00   0.00 0.00 0.00 0.00  0.10 643.6 464530.  9.17 489.1 276710.
337 13:43:36 0.41 260.87 220.34  7.01 1689   9.66   476.8 196168. -5.93  7.61   0.00   0.00   0.00 0.00 0.00 0.00  0.08 631.4 448326.  8.81 486.1 221678.
337 13:44:17 0.41 260.88 220.34  7.01 1689   9.09   473.6 215106. -3.75  0.00   0.00   0.00   0.00 0.00 0.00 0.00  0.07 638.0 460969.  8.34 476.1 193881.
337 13:44:27 0.41 260.88 220.34  7.01 1689   9.63   481.7 196476.  0.00  0.00   0.00   0.00   0.00 0.00 0.00 0.00  0.08 637.7 448326.  8.82 486.1 222052.
337 13:45:48 0.41 260.88 220.33  7.01 1689  10.24   484.1 210305. -4.55  3.15   0.00   0.00   0.00 0.00 0.00 0.00 -1.00  -1.0     -1. -1.00  -1.0     -1.
337 13:47:09 0.41 260.88 220.32  7.01 1689  10.47   476.4 225112. -4.01  2.35   0.00   0.00   0.00 0.00 0.00 0.00 -1.00  -1.0     -1. 10.18 480.3 239363.
337 13:47:49 0.41 260.88 220.31  7.01 1689   9.90   468.1 215577. -3.86  2.08   0.00   0.00   0.00 0.00 0.00 0.00 -1.00  -1.0     -1.  9.14 470.5 190428.
337 13:48:30 0.41 260.88 220.31  7.01 1689   9.52   467.5 176632. -3.91  2.48   0.00   0.00   0.00 0.00 0.00 0.00 -1.00  -1.0     -1.  8.80 466.5 165239.
337 13:49:51 0.41 260.89 220.30  7.01 1689   9.87   471.9 189671. -4.97  4.10   0.00   0.00   0.00 0.00 0.00 0.00  0.36 491.8 320051.  9.18 473.4 168394.
337 13:50:31 0.41 260.89 220.29  7.01 1689  10.61   483.0 233847.  0.00  0.00   0.00   0.00   0.00 0.00 0.00 0.00 -1.00  -1.0     -1.  9.35 481.7 209759.
337 13:51:12 0.41 260.89 220.29  7.01 1689   9.47   473.4 192189. -6.16  6.91   0.00   0.00   0.00 0.00 0.00 0.00  0.06 655.1 464400.  8.38 483.7 209123.
337 13:51:52 0.41 260.89 220.28  7.01 1689   9.66   485.5 246737.  0.00  0.00 -22.13   5.78   8.59 0.32 0.64 0.49 -1.00  -1.0     -1.  8.99 489.4 269895.
337 13:52:33 0.41 260.89 220.28  7.01 1689  10.38   481.7 259672. -9.39  9.57 -22.55   3.89   8.33 0.50 0.87 1.13 -1.00  -1.0     -1.  9.03 487.1 247822.
337 13:53:13 0.41 260.89 220.27  7.01 1689   9.99   475.8 235315. -5.39  6.95 -22.52   5.97   7.19 0.53 1.73 0.95  0.10 638.4 576822.  9.08 478.9 203159.
337 13:53:54 0.41 260.89 220.27  7.01 1689   9.94   478.6 207102. -9.26  9.60 -21.75   2.75  10.07 1.25 2.09 2.33  0.06 650.6 605435.  8.53 486.2 210744.
337 13:54:34 0.41 260.90 220.26  7.01 1689   9.84   465.9 158080. -4.96  1.82 -22.75   7.63   3.25 0.89 2.62 2.21 -1.00  -1.0     -1.  9.26 471.7 164771.
337 13:55:15 0.41 260.90 220.26  7.01 1689  10.06   468.9 194040. -7.21  5.79 -23.08   5.75   5.42 0.43 1.03 0.96 -1.00  -1.0     -1.  9.66 476.3 253123.
337 14:00:44 0.41 260.91 220.22  7.01 1689   9.53   470.4 251642.-13.26  3.99 -23.84  -0.26   5.21 0.46 1.49 1.62  0.06 639.4 689999.  9.03 477.3 243586.
337 14:01:25 0.41 260.85 220.16  7.07 1689  -1.00    -1.0     -1. -1.00 -1.00 -21.91   0.85   9.62 2.15 0.96 4.12 -1.00  -1.0     -1. -1.00  -1.0     -1.
337 14:02:05 0.41 260.91 220.21  7.01 1689  10.06   491.9 274063.  0.00  0.00 -22.47  -0.13   9.24 0.80 0.92 1.56 -1.00  -1.0     -1.  8.85 491.8 242160.
337 14:02:46 0.41 260.91 220.21  7.01 1689   9.89   471.7 248004.-13.85  8.26 -23.16  -0.79   7.58 0.47 2.12 0.85  0.07 682.0 596677.  8.34 484.1 217978.
337 14:03:26 0.41 260.92 220.20  7.01 1689  10.03   487.8 276431.  0.00  0.00 -22.64   1.19   9.04 0.45 0.87 0.82 -1.00  -1.0     -1.  8.85 484.0 262284.
337 14:04:07 0.41 260.92 220.20  7.01 1689   9.67   481.0 309731.-11.58  9.74 -21.91   0.20  10.22 0.55 1.05 0.90  0.05 652.9 488906.  9.11 488.7 290539.
337 14:04:47 0.41 260.92 220.19  7.01 1689   9.72   477.4 286218.-10.35 10.40 -21.50   1.50  10.79 0.61 1.26 1.00 -1.00  -1.0     -1.  8.70 482.7 260812.
337 14:05:28 0.41 260.92 220.19  7.01 1689  10.13   466.6 258697.-14.48  6.25 -22.83  -1.47   8.02 0.59 1.19 1.35 -1.00  -1.0     -1.  8.71 478.8 225024.
337 14:06:08 0.41 260.92 220.18  7.01 1689  10.08   490.8 389464.-11.22 13.11 -20.64  -1.14  12.58 0.87 1.12 1.43 -1.00  -1.0     -1.  9.22 501.8 373872.
337 14:06:49 0.41 260.92 220.18  7.01 1689   8.64   484.0 219174.-13.35 10.30 -21.12  -2.22  11.11 1.63 0.88 2.88  0.08 615.9 590375.  7.64 490.2 200040.
337 14:07:29 0.41 260.92 220.17  7.01 1689  10.73   497.7 373254.  0.00  0.00 -21.96  -2.37   9.76 0.77 1.46 1.10 -1.00  -1.0     -1.  9.71 494.8 359341.
337 14:08:10 0.41 260.87 220.11  7.07 1689  -1.00    -1.0     -1. -1.00 -1.00 -22.12  -2.31   8.79 1.15 2.23 1.96 -1.00  -1.0     -1. -1.00  -1.0     -1.
337 14:08:50 0.41 260.93 220.16  7.01 1689  11.90   486.3 413594.-18.08  9.05 -20.81  -5.38   9.93 0.88 2.61 1.37 -1.00  -1.0     -1. 10.27 502.9 422160.
337 14:09:31 0.41 260.93 220.16  7.01 1689  10.12   477.0 278922.-16.77  9.70 -21.69  -4.45   8.42 0.58 1.35 0.96  0.06 654.7 646716.  8.64 492.0 286569.
337 14:10:11 0.41 260.93 220.16  7.01 1689  10.21   467.8 218722.-12.22  8.25 -22.16  -1.02   7.77 0.77 1.70 1.50 -1.00  -1.0     -1.  9.40 477.2 236930.
337 14:10:51 0.41 260.87 220.09  7.08 1689  -1.00    -1.0     -1. -1.00 -1.00 -22.34   0.19   7.33 0.58 0.82 0.97 -1.00  -1.0     -1. -1.00  -1.0     -1.
337 14:16:24 0.41 260.94 220.11  7.01 1689  10.60   468.0 222370. -9.02  7.37 -23.05   2.17   6.29 0.60 0.94 1.53 -1.00  -1.0     -1. -1.00  -1.0     -1.
337 14:16:56 0.41 260.94 220.11  7.01 1689  10.79   469.1 185474. -7.36  3.83 -23.64   0.70   3.40 0.43 2.32 1.20 -1.00  -1.0     -1.  9.89 473.5 181715.
337 14:17:36 0.41 260.94 220.10  7.01 1689  -1.00    -1.0     -1. -1.00 -1.00 -23.72  -1.70   3.26 0.46 1.51 1.29 -1.00  -1.0     -1. -1.00  -1.0     -1.
337 14:18:17 0.41 260.95 220.10  7.01 1689  10.29   471.0 275472.-15.04  5.35 -23.49  -3.07   4.18 0.62 1.57 1.53 -1.00  -1.0     -1.  9.40 482.1 269430.
337 14:18:58 0.41 260.95 220.09  7.01 1689  10.11   469.6 247731.-12.44  7.66 -23.53  -2.04   4.49 0.44 1.24 1.28  0.05 668.2 383708.  8.87 476.6 224030.
337 14:19:38 0.41 260.95 220.09  7.01 1689  11.17   468.7 272464.-13.78  4.66 -23.61  -2.66   3.34 0.43 1.03 1.18 -1.00  -1.0     -1. 10.22 475.1 263362.
337 14:20:19 0.41 260.95 220.08  7.01 1689  11.78   472.3 352178.-16.60  6.10 -22.97  -4.36   4.01 0.75 2.14 1.52 -1.00  -1.0     -1. 10.17 485.0 333230.
337 14:20:59 0.41 260.95 220.08  7.01 1689  10.26   476.1 312320.-17.88  5.58 -22.89  -5.01   4.24 0.57 1.70 1.06  0.12 627.5 868248.  9.32 486.8 306183.
337 14:21:40 0.41 260.95 220.07  7.01 1689   9.76   472.4 242416.-14.33  5.81 -23.39  -4.24   4.70 0.63 1.78 0.85 -1.00  -1.0     -1.  8.44 481.4 199852.
337 14:22:20 0.41 260.95 220.07  7.01 1689  10.90   460.2 190239.-10.45  5.78 -23.56   0.53   4.65 0.39 1.06 1.22 -1.00  -1.0     -1.  9.44 467.3 189557.
337 14:23:01 0.41 260.96 220.07  7.01 1689  10.60   464.8 219001.-11.99  5.82 -23.62  -0.13   4.41 0.38 0.80 0.64 -1.00  -1.0     -1.  8.79 474.9 198465.
337 14:23:41 0.41 260.96 220.06  7.01 1689  10.03   464.6 208116.-10.59  6.00 -23.39  -0.58   0.99 0.61 1.63 4.20 -1.00  -1.0     -1.  9.32 469.9 203386.
337 14:24:22 0.41 260.96 220.06  7.01 1689  10.47   460.3 250148. -9.24  8.50 -22.27   1.49   4.80 0.83 2.75 4.48 -1.00  -1.0     -1.  9.56 464.4 242481.
337 14:25:02 0.41 260.96 220.05  7.01 1689  10.11   447.8 163004. -8.70  6.08 -22.63   1.26  -0.82 0.84 2.69 5.77 -1.00  -1.0     -1.  9.61 456.8 186786.
337 14:25:43 0.41 260.96 220.04  7.01 1689  11.37   469.2 415335.-17.00 -4.15 -20.91  -4.31  -9.24 0.73 1.14 1.46  0.07 604.0 469519. 11.22 485.9 480197.
337 14:26:23 0.41 260.96 220.04  7.01 1689   8.79   467.5 339344.-18.42 -2.90 -22.02  -3.87  -6.12 1.45 3.05 3.28 -1.00  -1.0     -1.  7.67 481.8 257297.
337 14:27:04 0.41 260.96 220.04  7.01 1689  10.94   444.5 258425. -9.70  3.07 -23.29  -0.02   0.12 0.38 1.94 2.24 -1.00  -1.0     -1.  9.36 448.1 154659.
337 14:27:44 0.41 260.96 220.03  7.01 1689  10.43   444.3 216409.-11.14  0.87 -23.59   1.04  -0.91 0.36 1.22 1.53 -1.00  -1.0     -1.  9.18 451.4 187332.
337 14:28:25 0.41 260.97 220.03  7.01 1689  10.36   443.3 180637.-10.71  2.81 -23.53   2.16   1.17 0.43 1.37 1.34 -1.00  -1.0     -1.  9.11 448.8 164918.
337 14:29:05 0.41 260.97 220.02  7.01 1689  10.91   457.0 247607. -3.76  8.52 -22.45   4.19   2.74 1.14 4.67 2.09 -1.00  -1.0     -1. 10.01 459.8 203204.
337 14:29:46 0.41 260.97 220.02  7.01 1689  10.48   450.7 254267.-13.89  4.21 -23.13  -0.27   2.34 0.82 4.41 1.22 -1.00  -1.0     -1. 10.09 458.5 240402.
337 14:30:26 0.41 260.97 220.01  7.01 1689  10.63   448.8 233434.-11.43  7.04 -23.32   0.33   4.58 0.42 1.12 1.25 -1.00  -1.0     -1.  9.46 454.7 198338.
337 14:31:07 0.41 260.97 220.01  7.01 1689  10.78   461.7 296003. -3.23  8.04 -21.65   7.34   5.76 0.89 2.44 1.24 -1.00  -1.0     -1.  9.65 465.5 255166.
337 14:31:47 0.41 260.97 220.00  7.01 1689  10.95   460.8 246142. -4.47 10.32 -21.54   7.63   6.31 0.56 0.93 1.64 -1.00  -1.0     -1. 10.32 464.5 303676.
337 14:32:28 0.41 260.98 220.00  7.01 1689  10.71   449.7 186747. -5.48  6.69 -22.18   7.20   4.37 0.52 0.92 0.79 -1.00  -1.0     -1.  9.72 452.4 161257.
337 14:33:08 0.41 260.98 219.99  7.01 1689  10.35   463.4 303624. -8.78 11.16 -21.94   3.71   7.99 0.45 1.02 0.93  0.08 606.8 546742.  9.51 468.4 259117.
337 14:33:49 0.41 260.98 219.98  7.01 1689  10.78   465.5 284809. -9.98 10.92 -21.85   3.29   7.86 0.37 0.87 0.43 -1.00  -1.0     -1. 10.08 473.8 330534.
337 14:34:29 0.41 260.98 219.98  7.01 1689   9.73   494.5 273283. -8.86  7.57 -22.02   3.46   9.61 0.43 0.53 0.80 -1.00  -1.0     -1.  8.77 497.9 251060.
337 14:35:10 0.41 260.98 219.98  7.01 1689   9.35   493.4 213138. -7.83  6.34 -22.40   4.27   8.93 0.38 0.66 0.56  0.05 662.9 548223.  8.50 501.0 208382.
337 14:35:50 0.41 260.98 219.97  7.01 1689   9.63   493.9 260101. -8.54  7.25 -22.15   3.79   9.30 0.45 0.51 0.54 -1.00  -1.0     -1.  8.18 501.0 222448.
337 14:36:31 0.41 260.98 219.97  7.01 1689  10.02   492.9 218624. -8.24  7.03 -21.59   5.09   9.56 0.62 1.05 0.49  0.05 644.4 255277.  9.35 498.2 264525.
337 14:37:11 0.41 260.99 219.97  7.01 1689  10.02   490.7 266071. -8.21  8.33 -21.27   5.88   9.12 0.53 0.97 0.57  0.06 670.7 860738.  8.99 497.7 245730.
337 14:37:52 0.41 260.99 219.96  7.01 1689  10.49   487.0 259929. -5.66  8.26 -20.36   8.31   8.56 1.21 2.42 0.68 -1.00  -1.0     -1.  9.76 492.5 275999.
337 14:38:32 0.41 260.99 219.95  7.01 1689   9.50   487.9 239324. -5.93  5.38 -21.94   7.52   6.22 0.78 0.89 1.66 -1.00  -1.0     -1.  8.80 491.3 219554.
337 14:39:13 0.41 260.99 219.95  7.01 1689   9.06   483.9 198750. -8.30  4.03 -23.10   6.20   3.80 0.74 1.20 2.47 -1.00  -1.0     -1.  8.41 487.3 193719.
337 14:39:53 0.41 260.99 219.94  7.01 1689   9.88   482.5 195544. -8.12  5.35 -23.37   5.27   4.75 0.42 0.77 1.07 -1.00  -1.0     -1.  9.09 490.8 208489.
337 14:40:34 0.41 260.99 219.94  7.01 1689  10.20   484.5 196912. -9.12  4.31 -23.62   4.26   4.99 0.40 0.90 0.77  0.04 674.7 585164.  8.93 488.1 185299.
337 14:41:14 0.41 260.99 219.94  7.01 1689   9.28   478.7 190314. -8.95  4.50 -23.65   3.38   4.74 0.52 1.66 0.82 -1.00  -1.0     -1.  8.24 487.7 204640.
337 14:41:55 0.41 260.99 219.93  7.01 1689  10.35   482.5 210240.-10.22  4.70 -23.95   1.63   3.44 0.45 1.35 1.57 -1.00  -1.0     -1.  9.41 487.4 200709.
337 14:42:35 0.41 261.00 219.93  7.01 1689  10.65   479.4 239613.-11.25  1.69 -24.02  -0.06   1.64 0.40 0.92 0.85 -1.00  -1.0     -1.  9.72 486.7 202382.
337 14:43:16 0.41 261.00 219.92  7.01 1689  10.53   471.3 256407.  0.00  0.00 -23.09  -1.27   2.09 0.50 2.51 3.11 -1.00  -1.0     -1.  9.87 464.9 257158.
337 14:43:56 0.41 261.00 219.92  7.01 1689  11.41   451.2 224514.-11.24  7.65 -22.85   0.48   5.39 0.41 0.86 0.92 -1.00  -1.0     -1. 10.06 459.8 192682.
337 14:44:37 0.41 261.00 219.91  7.01 1689  10.70   457.4 266822.-15.46  6.61   0.00   0.00   0.00 0.00 0.00 0.00 -1.00  -1.0     -1.  9.38 468.5 247269.
337 14:45:17 0.41 261.00 219.91  7.01 1689  11.17   453.3 242640.-14.90  7.11 -23.00  -3.80   3.24 0.39 0.78 1.23 -1.00  -1.0     -1.  9.65 463.6 212228.
337 14:47:19 0.41 261.01 219.89  7.01 1689  11.33   491.9 341936. -9.03 12.27 -19.15   3.48  12.88 1.36 2.28 1.18 -1.00  -1.0     -1. 10.23 499.3 284542.
337 14:47:59 0.41 261.01 219.89  7.01 1689  10.06   502.5 337619. -8.65  9.78 -19.97   3.04  12.15 0.40 0.57 0.45 -1.00  -1.0     -1.  8.59 504.5 243787.
337 14:48:40 0.41 261.01 219.88  7.01 1689  10.39   488.9 238726. -8.47  9.01 -20.25   3.17  11.22 0.51 0.59 0.53  0.08 636.5 444207.  9.38 496.2 278302.
337 14:49:20 0.41 261.01 219.88  7.01 1689   9.95   487.4 261225. -8.17  9.04 -20.09   1.85  11.60 0.97 1.54 1.33  0.07 604.6 456097.  8.79 491.3 232947.
337 14:50:01 0.41 261.01 219.88  7.01 1689  11.54   483.6 353052.-10.34  0.00 -20.13   1.75  11.70 1.00 1.37 1.31 -1.00  -1.0     -1. 10.05 491.5 318489.
337 14:50:41 0.41 261.01 219.87  7.01 1689  10.23   481.7 275765.-11.68  9.23 -21.43  -0.46   9.45 0.65 1.41 1.51  0.10 596.2 675433.  9.38 486.9 261429.
337 14:51:22 0.41 261.01 219.86  7.01 1689  10.73   481.1 357720.  0.00  0.00 -21.88  -2.42   7.25 0.73 2.49 2.46 -1.00  -1.0     -1.  9.94 474.1 274615.
337 14:52:02 0.41 261.02 219.86  7.01 1689  10.95   473.0 277178. -9.71  8.71 -21.57   1.13   8.89 0.47 0.74 0.70 -1.00  -1.0     -1.  9.99 480.3 289568.
337 14:52:43 0.41 261.02 219.85  7.01 1689  10.82   482.4 349304.  0.00  0.00 -20.82   3.05   9.66 0.75 2.17 1.60 -1.00  -1.0     -1. 10.33 482.7 354975.
337 14:53:23 0.41 261.02 219.85  7.01 1689  11.22   478.6 348579.-13.21  9.60 -20.97  -4.45   8.99 0.66 1.62 1.34 -1.00  -1.0     -1. 10.24 490.9 376987.
337 14:54:04 0.41 261.02 219.84  7.01 1689  10.67   480.7 323530.-10.09  9.24 -21.29   0.97  10.33 0.75 2.04 1.12 -1.00  -1.0     -1.  9.54 488.4 285861.
337 14:54:44 0.41 261.02 219.84  7.01 1689  10.06   491.0 275833.  0.00  0.00 -21.56  -1.60  10.21 0.48 0.67 0.50 -1.00  -1.0     -1.  9.25 485.6 286598.
337 14:55:25 0.41 261.02 219.84  7.01 1689  10.03   474.9 278789.-11.69 10.02 -21.55  -1.00  10.45 0.54 0.95 0.72 -1.00  -1.0     -1.  9.20 483.6 328150.
337 14:56:05 0.41 261.02 219.83  7.01 1689   9.74   477.1 277142.-10.63 10.01 -21.17   0.10  11.36 0.37 1.08 0.44  0.07 611.6 440712.  8.87 483.4 276548.
337 14:56:46 0.41 261.02 219.83  7.01 1689   9.71   477.5 268245.-11.72 11.98 -21.19   0.35  11.15 0.45 0.68 0.54 -1.00  -1.0     -1.  8.83 489.2 276353.
337 14:57:26 0.41 261.03 219.82  7.01 1689   9.89   467.4 242608. -9.70 10.01 -21.54   1.93  10.13 0.67 0.89 1.04 -1.00  -1.0     -1.  8.99 477.0 244895.
337 14:58:07 0.41 261.03 219.82  7.01 1689  10.46   469.3 254419. -8.40  8.89 -21.14   2.52  10.68 0.47 0.67 0.71  0.05 635.4 568285.  9.80 473.9 260114.
337 14:58:47 0.41 261.03 219.81  7.01 1689  10.35   476.2 270509. -8.77 11.49 -20.95   1.98  11.08 0.41 0.83 0.54 -1.00  -1.0     -1.  9.19 479.6 268290.
337 14:59:28 0.41 261.03 219.80  7.01 1689  10.12   476.4 266335. -8.25 12.28 -20.89   1.87  11.25 0.44 1.06 0.59 -1.00  -1.0     -1.  9.15 485.2 278247.
337 15:00:08 0.41 260.97 219.74  7.08 1689  -1.00    -1.0     -1. -1.00 -1.00 -20.68   1.63  11.27 0.76 0.85 1.39 -1.00  -1.0     -1. -1.00  -1.0     -1.
337 15:00:49 0.41 261.03 219.79  7.01 1689  10.83   470.3 261355. -8.77  9.79 -21.02   2.97   9.87 0.66 0.99 1.20 -1.00  -1.0     -1.  9.44 474.9 253451.
337 15:01:29 0.41 261.04 219.79  7.01 1689  10.25   476.3 291702. -9.79  9.77 -20.70   1.30  11.05 0.50 0.93 0.72  0.08 641.8 607176.  9.22 483.1 265932.
337 15:02:10 0.41 261.04 219.79  7.01 1689   9.97   477.6 265237. -9.49 12.47 -20.43   0.60  11.49 0.48 1.11 0.67 -1.00  -1.0     -1.  8.80 481.5 247838.
337 15:02:50 0.41 261.04 219.78  7.01 1689   9.41   485.2 283922. -9.46 10.07 -21.03   2.87  10.54 0.70 2.11 1.03  0.08 600.6 708905.  9.17 485.9 278032.
337 15:03:31 0.41 261.04 219.78  7.01 1689   9.26   492.0 199803. -7.68  6.81 -21.63   4.64   9.00 0.42 1.20 0.60  0.26 501.7 392115.  7.61 498.7 158963.
337 15:04:11 0.41 261.04 219.77  7.01 1689   9.36   501.9 220947.-11.59  8.86 -21.15  -0.06  10.49 0.88 3.35 1.37 -1.00  -1.0     -1.  8.15 505.3 209064.
337 15:04:52 0.41 261.04 219.77  7.01 1689   9.31   494.0 230017. -7.09  8.68 -21.43   2.92  10.28 0.64 1.36 0.81 -1.00  -1.0     -1.  8.43 501.8 263086.
337 15:05:32 0.41 261.04 219.76  7.01 1689   8.44   501.4 227805. -9.10  9.22 -21.25   1.41  11.06 0.81 0.96 1.42 -1.00  -1.0     -1.  7.69 503.2 221503.
337 15:06:13 0.41 261.05 219.76  7.01 1689   9.43   499.7 281326. -8.46  9.19 -20.65   2.13  12.12 0.72 0.75 1.13 -1.00  -1.0     -1.  8.03 504.7 248185.
337 15:06:53 0.41 261.05 219.75  7.01 1689   9.22   500.3 229734. -8.77  8.80 -21.23   2.01  11.09 0.74 0.60 1.19  0.04 679.6 699432.  8.22 503.6 221629.
337 15:07:34 0.41 261.05 219.75  7.01 1689   9.28   490.7 225170. -9.22  7.77 -21.85   1.99  10.14 0.45 0.77 0.64 -1.00  -1.0     -1.  8.66 500.4 272445.
337 15:08:14 0.41 261.05 219.74  7.01 1689   9.92   488.2 238732. -8.86  6.63 -21.95   2.31   9.71 0.59 1.30 1.06 -1.00  -1.0     -1.  8.58 496.7 229452.
337 15:08:55 0.41 261.05 219.74  7.01 1689   8.79   492.7 211481. -8.86  7.65 -21.57   3.14  10.49 0.57 1.22 0.69 -1.00  -1.0     -1.  8.32 500.9 226476.
337 15:09:35 0.41 261.05 219.74  7.01 1689   9.16   502.7 243878. -8.91  7.93 -21.07   3.53  11.23 0.49 1.17 0.59 -1.00  -1.0     -1.  8.60 506.0 230894.
337 15:10:16 0.41 261.05 219.73  7.01 1689   9.38   501.3 262134. -7.09  8.07 -20.56   3.42  12.09 0.56 1.16 0.83 -1.00  -1.0     -1.  8.77 505.4 253987.
337 15:10:56 0.41 261.05 219.73  7.01 1689   8.60   509.5 243511. -6.19  9.79 -20.25   4.49  12.17 0.78 0.83 1.09 -1.00  -1.0     -1.  7.96 509.5 238989.
337 15:11:37 0.41 261.06 219.72  7.01 1689   9.34   496.9 208583. -7.13  7.95 -20.94   4.17  11.10 0.58 0.50 0.80 -1.00  -1.0     -1.  8.07 506.4 221951.
337 15:12:17 0.41 261.06 219.71  7.01 1689   9.62   499.9 269508. -6.74  9.57 -20.27   3.97  11.91 0.47 0.50 0.46  0.09 626.6 903799.  8.18 503.6 239999.
337 15:12:58 0.41 261.06 219.71  7.01 1689   8.91   505.2 283032. -8.09 13.09 -19.97   3.04  12.50 0.72 0.73 1.25  0.06 663.1 610437.  7.47 510.2 254325.
337 15:13:38 0.41 261.06 219.70  7.01 1689   9.75   506.3 285039. -7.14 10.16 -19.70   3.63  13.11 0.61 0.72 0.82 -1.00  -1.0     -1.  8.77 513.0 290747.
337 15:14:19 0.41 261.06 219.70  7.01 1689  -1.00    -1.0     -1. -1.00 -1.00 -20.05   3.72  11.98 0.60 0.76 0.80 -1.00  -1.0     -1.  8.12 506.1 258106.
337 15:14:59 0.41 261.06 219.69  7.01 1689  10.03   486.0 278351. -7.84 10.23 -20.27   2.71  11.40 0.51 1.33 0.61 -1.00  -1.0     -1.  9.08 493.2 249712.
337 15:15:40 0.41 261.06 219.69  7.01 1689  10.11   487.5 267933. -6.29 10.12 -19.94   5.17  11.50 0.51 0.59 0.86 -1.00  -1.0     -1.  9.36 495.0 275284.
337 15:16:20 0.41 261.07 219.69  7.01 1689   9.95   481.3 256989. -6.36 10.20 -20.12   5.45  11.21 0.67 1.16 0.98  0.10 607.1 495234.  8.73 484.4 257580.
337 15:17:01 0.41 261.07 219.68  7.01 1689   9.43   481.0 242484. -5.97 10.56 -20.28   5.24  11.23 0.54 1.47 0.93 -1.00  -1.0     -1.  8.03 482.9 208509.
337 15:17:41 0.41 261.07 219.68  7.01 1689   9.28   496.2 237803. -4.47  8.11 -20.01   7.92  10.23 0.62 1.16 0.94 -1.00  -1.0     -1.  7.81 495.6 182180.
337 15:18:22 0.41 261.07 219.67  7.01 1689   8.78   493.4 210399. -5.18  9.27 -20.22   6.58  10.58 0.45 0.76 0.86 -1.00  -1.0     -1.  7.31 497.9 175290.
337 15:19:02 0.41 261.07 219.67  7.01 1689   9.05   488.8 295467. -6.29  9.17 -19.56   4.94  11.93 0.65 1.48 1.02 -1.00  -1.0     -1.  7.79 497.4 240763.
337 15:19:43 0.41 261.07 219.66  7.01 1689  10.31   495.8 290568. -9.45  8.76 -20.00   2.97  11.81 0.78 1.30 0.88  0.12 574.6 615245.  9.46 500.7 293394.
337 15:20:23 0.41 261.07 219.66  7.01 1689   9.51   494.7 246769. -5.82  7.70 -20.05   6.95  10.69 0.58 1.31 0.61 -1.00  -1.0     -1.  8.43 498.8 230511.
337 15:21:04 0.41 261.08 219.65  7.01 1689   9.34   507.6 268069.  0.00  0.00 -19.73   6.60  11.36 0.66 0.84 0.75 -1.00  -1.0     -1.  8.40 506.0 230744.
337 15:21:44 0.41 261.08 219.65  7.01 1689   8.83   492.2 238583. -6.50  7.32 -21.06   5.14   9.84 0.54 0.96 0.76 -1.00  -1.0     -1.  8.32 499.2 218888.
337 15:22:25 0.41 261.02 219.59  7.08 1689  -1.00    -1.0     -1. -1.00 -1.00 -20.59   5.38  10.15 0.53 1.47 0.68 -1.00  -1.0     -1. -1.00  -1.0     -1.
337 15:22:43 0.41 261.08 219.64  7.01 1689   9.48   486.2 190278.  0.00  0.00 -20.81   6.05   9.39 0.70 1.15 1.45 -1.00  -1.0     -1.  8.53 486.4 205796.
337 15:23:05 0.41 261.08 219.64  7.01 1689   9.48   490.6 246214. -5.77  7.47 -21.13   5.85   9.05 0.52 0.88 1.29  0.09 612.0 342271.  8.71 495.6 227230.
337 15:23:46 0.41 261.08 219.64  7.01 1689   9.46   498.5 223478.  0.00  0.00 -20.78   6.55   9.01 0.87 1.51 1.17 -1.00  -1.0     -1.  8.92 499.1 264298.
337 15:24:26 0.41 261.08 219.63  7.01 1689   9.84   504.5 298709. -4.04  9.54 -19.09   8.82   9.97 1.86 1.98 2.80 -1.00  -1.0     -1.  8.75 509.8 286439.
337 15:25:07 0.41 261.08 219.62  7.01 1689   9.84   486.8 273709. -3.78  9.52 -18.40   9.51  10.52 1.02 2.07 1.08  0.07 663.0 546664.  8.57 488.5 239012.
337 15:25:47 0.41 261.08 219.62  7.01 1689   9.80   472.7 228464. -4.40  8.90 -20.24   6.53   7.97 2.23 1.35 4.85  0.06 651.9 360345.  8.75 472.4 191467.
337 15:26:28 0.41 261.09 219.61  7.01 1689  10.44   485.8 266923. -2.84 10.94   0.00   0.00   0.00 0.00 0.00 0.00  0.10 633.3 745937.  9.46 490.2 277269.
337 15:28:29 0.41 261.09 219.60  7.01 1689   8.85   498.9 250141. -1.60  9.26   0.00   0.00   0.00 0.00 0.00 0.00 -1.00  -1.0     -1.  7.48 497.9 242588.
337 15:29:10 0.41 261.09 219.60  7.01 1689   9.13   486.7 192741. -3.18  5.21   0.00   0.00   0.00 0.00 0.00 0.00  0.08 625.3 659567.  7.77 485.6 172207.
337 15:29:50 0.41 261.09 219.59  7.01 1689   9.91   490.3 242731. -2.80  5.95   0.00   0.00   0.00 0.00 0.00 0.00 -1.00  -1.0     -1.  8.90 491.1 218868.
337 15:30:31 0.41 261.09 219.59  7.01 1689   8.97   483.9 180455. -3.08  2.02   0.00   0.00   0.00 0.00 0.00 0.00 -1.00  -1.0     -1.  7.77 482.3 165161.
337 15:31:11 0.41 261.10 219.58  7.01 1689   8.53   481.3 172662. -3.51  4.25   0.00   0.00   0.00 0.00 0.00 0.00 -1.00  -1.0     -1.  7.51 484.2 143169.
337 15:32:32 0.41 261.10 219.57  7.01 1689   8.98   474.6 154789.  0.00  2.29   0.00   0.00   0.00 0.00 0.00 0.00 -1.00  -1.0     -1.  7.96 479.0 155052.
337 15:32:43 0.41 261.10 219.57  7.01 1689   8.99   474.6 154935.  0.00  2.29   0.00   0.00   0.00 0.00 0.00 0.00 -1.00  -1.0     -1.  7.98 479.0 155689.
337 15:33:31 0.41 261.10 219.57  7.01 1689   8.79   478.9 172422. -6.07  4.31   0.00   0.00   0.00 0.00 0.00 0.00 -1.00  -1.0     -1.  8.27 479.8 175800.
337 15:44:19 0.41 261.12 219.49  7.02 1689  10.00   468.0 179649. -5.49  3.89 -24.05   4.03   2.12 0.05 0.05 0.40 -1.00  -1.0     -1.  8.82 468.5 179471.
337 15:55:07 0.41 261.15 219.41  7.02 1689  10.43   477.2 247224.  4.00  1.98 -17.57  17.53  -1.44 0.14 0.05 0.18 -1.00  -1.0     -1.  9.13 472.3 219160.
337 16:05:55 0.41 261.17 219.34  7.02 1689  10.21   438.7 134671. -3.99 -1.72 -22.99   9.10  -4.79 0.12 0.49 0.94  0.54 463.5 246675.  9.11 441.9 120732.
337 16:16:43 0.41 261.19 219.26  7.02 1689   9.08   460.7 260994. -8.97 10.16 -20.43   1.02   8.38 0.59 2.36 1.65 -1.00  -1.0     -1.  8.59 463.1 239899.
337 16:27:31 0.41 261.21 219.18  7.02 1689   8.98   455.6 126852. -6.57 -0.54 -22.24   9.44  -5.99 0.21 0.54 0.29  0.07 594.6 432227. -1.00  -1.0     -1.
337 16:38:19 0.41 261.23 219.11  7.02 1689   9.90   488.6 335010. -9.36 -5.37 -18.34   1.14 -18.56 0.44 0.95 0.37  0.11 593.0 350405.  8.79 495.0 309451.
337 16:49:07 0.41 261.26 219.03  7.02 1689   9.90   455.6 147071.  0.00  0.11 -22.52   4.44  -6.53 0.41 0.80 1.05  0.09 634.9 788856.  8.91 453.3 123769.
337 16:59:55 0.41 261.28 218.95  7.02 1689  10.77   460.6 241282. -6.44 -3.55 -21.12   5.42 -10.37 0.05 1.05 0.50  0.06 638.0 541700.  9.58 464.6 207762.
337 17:10:43 0.41 261.30 218.88  7.02 1689   9.90   432.3 105549. -5.18  0.64 -18.22  13.12  -4.79 3.56 3.69 1.29 -1.00  -1.0     -1.  9.73 440.1 123799.
337 17:21:31 0.41 261.32 218.80  7.02 1689   9.64   434.9 116642.  0.00  0.07 -23.19   5.24  -6.23 0.41 1.05 0.25  0.54 473.7 391530.  8.76 434.5 105110.
337 17:32:19 0.41 261.35 218.72  7.02 1689  10.25   440.2 138037. -3.59  1.54 -22.27   7.46  -4.82 0.20 0.56 0.25 -1.00  -1.0     -1.  9.40 442.7 119550.
337 17:43:07 0.41 261.37 218.65  7.03 1689  10.15   458.1 197084.  0.31  2.43 -20.81  11.12  -8.25 0.45 1.10 0.51 -1.00  -1.0     -1. 10.09 458.4 241633.
337 17:53:55 0.41 261.39 218.57  7.03 1689  12.03   505.5 459244.  0.66 -4.02 -11.85  12.27 -17.52 1.07 1.02 1.35 -1.00  -1.0     -1. 11.33 504.0 424794.
337 18:04:43 0.41 261.41 218.49  7.03 1689  11.71   459.8 317884. -1.42 -0.08 -19.03   9.27 -10.64 0.45 0.20 0.80 -1.00  -1.0     -1. 10.79 465.5 368229.
337 18:15:31 0.41 261.43 218.42  7.03 1689  10.59   442.3 159389.  0.00  6.96 -21.83   4.85  -2.12 0.10 0.61 0.65 -1.00  -1.0     -1.  9.92 437.8 155962.
337 18:26:19 0.41 261.46 218.34  7.03 1689  11.01   464.3 278143. -2.55 11.25 -16.58   8.33   9.52 0.11 0.70 0.25 -1.00  -1.0     -1. 10.21 463.4 270061.
337 18:37:07 0.41 261.48 218.26  7.03 1689  11.44   475.8 309952.  0.00 13.90 -17.81   6.21  10.36 0.09 0.61 0.28 -1.00  -1.0     -1. 10.61 475.7 302367.
337 18:47:55 0.41 261.50 218.19  7.03 1689  11.82   458.1 238719.  2.04  1.84 -18.07  12.85  -9.73 0.31 0.15 0.80 -1.00  -1.0     -1.  9.82 459.7 238359.
337 18:56:27 0.41 261.52 218.13  7.03 1689  -1.00    -1.0     -1. -1.00 -1.00 -17.97   9.60   6.70 0.25 0.42 0.04 -1.00  -1.0     -1. -1.00  -1.0     -1.
337 18:58:43 0.41 261.52 218.11  7.03 1689  11.09   462.2 244014. -1.99 11.60 -18.29   9.27   7.12 0.35 0.10 0.46 -1.00  -1.0     -1.  9.95 457.4 255972.
337 19:09:31 0.41 261.54 218.03  7.03 1689  11.47   467.5 280956.  1.18  9.76 -15.54  13.32   6.89 0.01 0.85 0.90  0.22 538.0 356200. 10.09 463.4 257983.
337 19:09:39 0.41 261.54 218.03  7.03 1689  11.47   467.5 281144.  1.18  9.76 -16.03  14.43   4.74 0.50 0.26 1.25  0.22 538.1 359111. 10.00 463.5 255569.
337 19:20:19 0.41 261.57 217.96  7.03 1689  11.13   430.2 148341. -5.56  5.96 -21.67   6.87   0.34 0.05 0.58 0.40 -1.00  -1.0     -1. 10.20 433.9 146587.
337 19:31:07 0.41 261.59 217.88  7.03 1689   8.69   516.5 304095.  5.49  2.22 -12.44  17.16   2.02 1.15 0.35 0.19 -1.00  -1.0     -1.  8.12 508.9 300054.
337 19:31:15 0.41 261.59 217.88  7.03 1689   8.70   516.5 304673.  5.49  2.22 -12.22  17.61   1.79 0.99 0.70 0.36 -1.00  -1.0     -1.  8.06 509.1 297286.
337 19:41:55 0.41 261.61 217.80  7.03 1689  12.12   461.6 256794. -0.12  6.62 -18.30  11.86   3.07 0.30 0.35 0.20 -1.00  -1.0     -1. 11.47 455.1 252938.
337 19:52:43 0.41 261.63 217.73  7.04 1689  11.33   453.5 210243. -1.64  8.11 -18.91  10.76   2.92 0.21 0.75 0.85 -1.00  -1.0     -1.  9.92 452.6 186926.
337 19:52:51 0.41 261.63 217.73  7.04 1689  11.34   453.5 210523. -1.64  8.11 -19.07   9.16   4.86 0.05 0.86 1.10 -1.00  -1.0     -1.  9.87 452.6 186013.
337 20:45:53 0.41 261.74 217.35  7.04 1689  11.33   450.8 204081. -5.41  9.31 -18.84   2.14  10.99 0.76 2.92 1.58  0.50 477.6 249689. 10.42 453.1 193403.
337 20:46:02 0.41 261.74 217.35  7.04 1689  11.79   475.6 311832. -6.73 12.68 -18.92   1.17  10.99 0.68 2.78 1.56 -1.00  -1.0     -1. 10.97 479.2 284286.
337 20:46:43 0.41 261.74 217.34  7.04 1689  12.14   464.2 267569. -8.20 11.54 -19.14   1.93  10.68 0.63 1.60 0.98 -1.00  -1.0     -1. 10.89 467.9 264181.
337 20:47:23 0.41 261.74 217.34  7.04 1689  12.42   462.2 249306. -7.46 12.35 -19.29   3.99   9.67 1.49 1.39 2.34 -1.00  -1.0     -1. 11.00 465.7 205865.
337 20:48:04 0.41 261.75 217.34  7.04 1689  11.84   449.7 185039. -5.09  9.52 -20.01   2.46   8.87 0.67 0.97 1.18 -1.00  -1.0     -1. 10.42 448.9 183385.
337 20:48:44 0.41 261.75 217.33  7.04 1689  12.12   457.8 250031. -7.61 11.00 -21.44   3.61   4.82 0.45 0.97 1.25 -1.00  -1.0     -1. 10.63 463.8 214746.
337 20:49:25 0.41 261.75 217.32  7.04 1689  11.81   439.4 130517. -5.89  7.08 -20.85   2.21   7.02 0.46 2.23 1.18 -1.00  -1.0     -1. 10.70 442.9 142107.
337 20:50:05 0.41 261.75 217.32  7.04 1689  11.30   445.5 185428. -7.72  9.34 -20.40   6.31   6.33 0.74 2.55 0.86 -1.00  -1.0     -1. 10.49 453.0 207498.
337 20:50:46 0.41 261.75 217.31  7.04 1689  11.12   448.0 192617. -2.61  6.64 -19.56   8.87   6.45 0.51 0.81 0.85 -1.00  -1.0     -1. 10.35 449.4 171506.
337 20:51:26 0.41 261.75 217.31  7.04 1689  12.10   458.2 237378. -2.12  7.55 -19.79   8.92   5.75 0.54 0.91 0.76 -1.00  -1.0     -1. 10.69 460.0 196178.
337 20:52:07 0.41 261.75 217.30  7.04 1689  11.23   455.2 185120. -1.76  6.36 -20.00   7.70   6.01 0.77 1.72 0.79 -1.00  -1.0     -1. 10.97 457.2 233129.
337 20:52:47 0.41 261.75 217.30  7.04 1689  11.92   457.9 219586. -0.93  7.19 -20.65   6.25   5.47 0.86 1.59 1.55 -1.00  -1.0     -1. 10.58 457.9 194430.
337 20:53:28 0.41 261.76 217.29  7.04 1689  12.79   457.8 190850.  0.00  8.00 -19.57   9.36   6.43 0.54 0.92 0.76 -1.00  -1.0     -1. 10.92 452.9 180218.
337 20:54:08 0.41 261.76 217.29  7.04 1689  11.75   462.7 227594. -1.52  7.67 -19.14  10.08   6.71 0.56 1.00 0.80  0.49 489.9 345623. 10.51 462.7 204614.
337 20:54:49 0.41 261.76 217.28  7.04 1689  11.28   471.1 255251. -1.16  7.44 -17.69  11.89   5.84 3.49 3.61 1.22 -1.00  -1.0     -1. 10.19 470.4 233139.
337 20:55:29 0.41 261.76 217.28  7.04 1689   9.74   470.8 224069.  2.29  7.47 -19.81   9.19   5.25 1.07 1.92 1.23 -1.00  -1.0     -1.  8.39 468.4 177015.
337 20:56:10 0.41 261.76 217.28  7.04 1689  10.68   464.5 199208. -1.49  7.34 -20.31   9.97   0.27 0.91 1.49 2.03 -1.00  -1.0     -1.  9.87 465.4 213641.
337 20:56:50 0.41 261.76 217.27  7.04 1689  10.81   452.5 146440. -1.45  4.10 -20.34   9.83  -1.61 0.89 1.81 1.45  0.74 479.2 382305.  9.69 450.0 123873.
337 20:57:31 0.41 261.76 217.27  7.04 1689  11.11   460.7 182479.  0.17  1.15 -19.63  10.78  -2.79 0.73 1.18 2.65  0.62 479.0 217582. 10.46 459.8 228185.
337 20:58:11 0.41 261.77 217.26  7.04 1689  12.17   460.3 228412.  0.57  0.03 -19.57  11.44  -0.28 0.54 1.05 1.97 -1.00  -1.0     -1. 10.65 459.4 199277.
337 20:58:52 0.41 261.77 217.25  7.04 1689  11.31   456.5 180955.  0.39  1.96 -20.03   9.76   3.96 0.57 1.06 1.15  0.61 481.5 268050. 10.37 452.9 186371.
337 20:59:32 0.41 261.77 217.25  7.04 1689  10.46   453.5 161510. -0.51  5.13 -20.68   9.20   1.59 0.46 1.23 1.91  0.60 468.3 337814. 10.19 455.7 173377.
337 21:00:13 0.41 261.77 217.25  7.04 1689  11.40   451.2 169976. -1.27  2.95 -20.85   8.86  -2.35 0.46 0.79 1.39  0.96 461.2 452549. 10.17 449.3 165886.
337 21:00:53 0.41 261.77 217.24  7.04 1689  11.22   445.0 155793. -1.70  1.19 -20.14   9.73  -1.52 0.78 1.14 3.78  0.73 464.9 319544. 10.08 445.9 137419.
337 21:01:34 0.41 261.77 217.24  7.04 1689  11.57   451.5 152765. -1.70  0.00 -20.70   9.39  -1.25 0.44 0.72 1.63 -1.00  -1.0     -1. 10.43 448.4 153045.
337 21:02:14 0.41 261.77 217.23  7.04 1689  10.96   447.8 156907. -1.45  0.08 -20.87   8.38  -0.53 0.57 1.00 2.68  0.82 461.3 337255. 10.06 447.2 136689.
337 21:02:55 0.41 261.77 217.23  7.04 1689  11.63   445.0 131072.  0.00  1.61 -20.88   7.19   4.32 0.44 1.33 0.97 -1.00  -1.0     -1. 10.73 443.3 151927.
337 21:03:35 0.41 261.78 217.22  7.04 1689  11.47   449.7 165720. -3.15  5.83 -20.78   7.72   4.11 0.47 0.92 1.18  0.61 484.7 336254.  9.96 454.1 169738.
337 21:04:16 0.41 261.78 217.22  7.04 1689  11.76   448.6 162442. -3.53  4.45 -20.96   4.49   5.89 1.14 1.68 2.13 -1.00  -1.0     -1. 10.52 449.0 152252.
337 21:04:56 0.41 261.78 217.21  7.04 1689  12.12   459.3 204669.  0.00  7.62 -20.56   4.44   7.78 0.73 1.43 1.19  0.68 465.4 281096. 10.52 458.2 183460.
337 21:05:37 0.41 261.78 217.21  7.04 1689  11.73   465.8 236043. -4.51  8.36 -20.75   5.00   7.03 0.68 0.94 1.52 -1.00  -1.0     -1. 10.54 465.6 227031.
337 21:06:17 0.41 261.78 217.20  7.04 1689  11.14   459.2 217536. -5.38  8.13 -19.82   6.39   8.91 0.68 1.24 1.06 -1.00  -1.0     -1.  9.79 462.5 189765.
337 21:06:58 0.41 261.78 217.20  7.04 1689  11.72   466.9 258265. -4.40  7.08 -19.65   6.10   9.51 0.49 1.00 0.93 -1.00  -1.0     -1. 10.87 469.9 261332.
337 21:07:38 0.41 261.78 217.19  7.04 1689  11.32   467.4 230436. -5.48  9.51 -21.39   2.92   4.89 1.45 3.11 3.62 -1.00  -1.0     -1. 10.54 472.9 252727.
337 21:08:19 0.41 261.79 217.19  7.04 1689  11.17   447.3 169215. -9.92  3.14 -22.06  -0.72   2.48 0.55 1.50 3.61  0.59 474.0 311358.  9.94 453.3 167646.
337 21:08:59 0.41 261.79 217.18  7.04 1689  11.65   445.2 172110. -9.39  8.16 -22.09   0.87   4.43 0.36 0.90 0.94 -1.00  -1.0     -1. 10.93 452.5 220609.
337 21:09:40 0.41 261.79 217.18  7.04 1689  10.99   446.2 165857. -8.26  6.27 -21.31   3.14   6.26 0.60 1.13 1.28 -1.00  -1.0     -1. 10.46 449.2 160539.
337 21:10:20 0.41 261.79 217.18  7.04 1689  10.85   452.5 159369.  0.00  6.92 -21.05   3.62   6.68 0.50 1.14 0.94 -1.00  -1.0     -1. 10.40 455.9 181576.
337 21:11:01 0.41 261.79 217.17  7.04 1689  10.99   449.8 188544. -8.16  6.44 -20.47   4.54   7.44 0.51 1.70 0.65 -1.00  -1.0     -1. 10.23 453.3 178750.
337 21:11:41 0.41 261.79 217.16  7.04 1689  11.16   460.6 226028.  0.00  8.63 -20.48   5.32   6.93 0.71 1.66 1.41 -1.00  -1.0     -1.  9.98 460.1 196561.
337 21:12:22 0.41 261.79 217.16  7.04 1689  12.54   462.2 247201. -5.38  7.96 -21.89   1.18   0.08 0.91 3.71 3.90 -1.00  -1.0     -1. 11.64 463.7 236322.
337 21:13:02 0.41 261.80 217.16  7.04 1689  12.98   450.1 225566.-10.85  0.00 -22.09  -3.47  -2.69 0.58 2.10 0.95 -1.00  -1.0     -1. 11.57 459.7 199579.
337 21:13:43 0.41 261.80 217.15  7.04 1689  11.38   446.2 177772.-10.51 -0.99 -22.28  -1.14   1.04 0.38 1.87 1.79 -1.00  -1.0     -1. 10.46 452.9 167744.
337 21:14:23 0.41 261.80 217.15  7.04 1689  11.07   442.2 162234. -9.75  0.00 -21.90  -2.46   2.92 0.42 1.54 1.10  0.08 599.1 505577. 10.49 451.6 172506.
337 21:15:04 0.42 261.80 217.14  7.04 1689  11.31   448.9 189050.-11.79  5.53 -21.25  -0.46   4.55 0.69 4.15 2.21 -1.00  -1.0     -1. 10.47 454.2 179331.
337 21:15:44 0.42 261.80 217.14  7.04 1689  10.63   459.3 217208.  0.00  7.83 -21.70  -0.44   3.51 0.54 2.44 1.77 -1.00  -1.0     -1.  9.54 458.9 182833.
337 21:16:25 0.42 261.80 217.13  7.04 1689  10.95   457.5 193403.  0.00  5.00 -21.84  -3.88  -1.76 0.45 1.35 2.44 -1.00  -1.0     -1. 10.01 452.8 179331.
337 21:17:05 0.42 261.80 217.13  7.04 1689  11.12   453.7 229614.-14.11  0.28 -22.01  -1.48  -1.79 0.42 1.62 2.75  0.05 634.9 462905. 10.33 463.0 194430.
337 21:17:46 0.42 261.80 217.12  7.04 1689  11.55   449.9 187254.-11.79  0.28 -21.62   2.73  -2.55 0.62 2.23 3.47 -1.00  -1.0     -1. 10.72 462.0 230384.
337 21:18:26 0.42 261.81 217.12  7.04 1689  11.52   446.4 166152. -7.84  0.00 -21.17   4.29  -5.98 0.53 0.76 1.19 -1.00  -1.0     -1. 10.48 456.3 182826.
337 21:19:07 0.42 261.81 217.11  7.04 1689  11.48   452.5 180975. -4.92 -4.69 -21.99   3.45  -2.23 0.60 1.65 2.03 -1.00  -1.0     -1. 10.77 454.4 169784.
337 21:19:47 0.42 261.81 217.10  7.04 1689  11.25   431.5 143686. -4.42  0.00 -22.32   1.09  -0.80 0.30 1.11 1.13  0.08 591.5 321896. 10.93 435.8 154195.
337 21:20:28 0.42 261.81 217.10  7.04 1689  10.95   466.1 174328.  0.00  0.00 -21.08   0.03   1.68 1.52 2.37 6.12  1.02 462.7 352757. -1.00  -1.0     -1.
337 21:20:38 0.42 261.81 217.10  7.04 1689  11.37   442.4 161802. -8.90  0.46 -20.95   0.60   1.22 1.47 2.28 6.66  1.05 439.1 328432. 10.40 448.0 162709.
337 21:20:48 0.42 261.81 217.10  7.04 1689  11.37   442.4 161718. -8.90  0.46 -20.89   0.29   0.03 1.42 1.77 7.03  1.05 439.1 328367. 10.45 447.9 163573.
337 21:21:08 0.42 261.81 217.10  7.04 1689  11.76   457.0 308438.-10.57  6.35 -21.56   1.63  -6.04 0.42 0.90 1.18 -1.00  -1.0     -1.  9.75 460.3 195820.
337 21:21:49 0.42 261.81 217.09  7.04 1689  11.16   445.5 167110. -8.42  0.00 -18.70   9.41  -0.02 2.65 4.27 5.08 -1.00  -1.0     -1. 10.35 448.6 162459.
337 21:22:29 0.42 261.81 217.09  7.04 1689  13.11   483.5 333344.  0.00  0.00 -12.00  11.80 -14.40 2.44 2.50 1.77  0.06 664.5 418298. 11.19 482.6 290350.
337 21:23:10 0.42 261.82 217.08  7.04 1689  10.26   509.1 303114.  2.68  0.00 -12.87  12.62 -13.05 2.20 2.51 2.66 -1.00  -1.0     -1.  9.87 499.1 296389.
337 21:23:50 0.42 261.82 217.08  7.04 1689   9.98   494.2 322949.  2.03 -3.40  -8.07  10.92 -18.34 1.52 1.53 1.65 -1.00  -1.0     -1.  9.76 494.4 389718.
337 21:24:31 0.42 261.82 217.07  7.04 1689  11.24   546.4 337823. -2.14 -6.65  -2.80  13.33 -17.96 3.11 2.10 1.56 -1.00  -1.0     -1. 10.41 541.2 343200.
337 21:25:11 0.42 261.82 217.07  7.04 1689  14.40   563.6 499775.  0.39 -5.73  -7.63  13.12 -16.57 4.00 2.69 1.91 -1.00  -1.0     -1. 13.42 558.7 516632.
337 21:25:52 0.42 261.82 217.06  7.04 1689  11.96   531.3 408243. -0.86 -6.69  -9.06  11.77 -15.92 5.31 3.08 4.33 -1.00  -1.0     -1. 11.56 530.4 393177.
337 21:26:32 0.42 261.82 217.06  7.04 1689  12.44   499.4 328452.  0.00 -4.02 -14.30  14.07 -10.88 0.97 1.09 2.00 -1.00  -1.0     -1. 11.16 492.0 326252.
337 21:27:13 0.42 261.82 217.05  7.04 1689  11.54   496.6 360231.  2.74 -6.14 -16.17  14.11  -6.89 1.04 1.20 2.64 -1.00  -1.0     -1. 10.88 487.7 348287.
337 21:27:53 0.42 261.82 217.05  7.04 1689  11.01   481.4 300966.  2.25 -0.30 -16.87  14.62  -0.37 1.30 1.52 1.98  0.09 596.2 423937. 10.33 476.5 265487.
337 21:28:34 0.42 261.83 217.04  7.04 1689  12.21   468.2 263638.  1.18  0.00 -17.16  14.01   1.25 1.53 1.69 2.56 -1.00  -1.0     -1. 11.12 461.4 239710.
337 21:29:14 0.42 261.83 217.04  7.04 1689  10.49   463.3 220479.  1.74  3.14 -20.01   9.02  -2.39 0.88 1.83 3.02 -1.00  -1.0     -1.  9.33 459.1 185838.
337 21:29:55 0.42 261.83 217.04  7.04 1689  11.98   450.5 202688. -1.86 -1.02 -18.17  11.06  -7.54 0.89 0.97 1.42 -1.00  -1.0     -1. 10.86 449.5 165145.
337 21:30:35 0.42 261.83 217.03  7.04 1689  11.50   460.8 242595.  0.29 -4.22 -16.80  11.13 -10.05 0.84 1.20 1.12 -1.00  -1.0     -1. 10.25 460.2 211877.
337 21:31:16 0.42 261.83 217.03  7.04 1689  11.24   476.4 348917. -1.13 -0.43 -17.32   8.53 -11.11 1.09 1.61 0.99 -1.00  -1.0     -1. 10.40 469.5 268826.
337 21:31:56 0.42 261.83 217.02  7.04 1689  11.04   476.3 326499. -1.46 -7.62 -16.81   5.47 -13.73 0.87 1.76 1.41  0.12 569.6 493506.  9.82 481.1 369005.
337 21:32:37 0.42 261.83 217.01  7.04 1689  10.79   484.5 335043.  0.00 -3.42 -17.69   8.65  -2.98 1.87 3.73 8.65 -1.00  -1.0     -1. 10.39 478.9 333708.
337 21:33:17 0.42 261.84 217.01  7.04 1689  10.62   461.3 210123.  0.00  0.00 -18.67  11.29   3.01 1.28 0.76 3.25 -1.00  -1.0     -1.  9.97 456.9 186078.
337 21:33:58 0.42 261.84 217.00  7.04 1689  11.50   458.6 187598. -0.07  3.27 -16.67  10.68   8.37 3.00 1.46 3.81 -1.00  -1.0     -1. 10.47 453.1 187914.
337 21:34:38 0.42 261.84 217.00  7.04 1689  11.40   469.1 232658. -1.48  8.92 -11.66  10.20  15.18 1.60 1.76 1.93 -1.00  -1.0     -1. 10.40 471.2 260653.
337 21:35:19 0.42 261.84 217.00  7.04 1689  10.62   523.4 321178. -3.34 13.74 -12.51  12.94  12.68 1.05 1.31 1.12 -1.00  -1.0     -1.  9.83 527.4 329650.
337 21:35:59 0.42 261.84 216.99  7.04 1689  10.97   512.8 383182.  0.00 13.09 -12.62  15.08   9.81 1.15 1.62 1.78 -1.00  -1.0     -1.  9.80 512.8 330742.
337 21:36:40 0.42 261.84 216.99  7.04 1689  11.39   506.3 354456.  2.39  9.66 -13.85  11.28  12.59 1.13 0.95 1.31 -1.00  -1.0     -1. 10.10 502.4 308798.
337 21:37:20 0.42 261.84 216.98  7.04 1689  11.77   504.0 415783. -0.96 12.49 -17.44   9.65   4.97 3.42 1.85 6.92 -1.00  -1.0     -1. 11.12 500.2 401276.
337 21:38:01 0.42 261.85 216.98  7.04 1689  10.40   448.8 166776. -1.62  0.00 -18.71  10.62  -2.87 1.50 2.70 3.27 -1.00  -1.0     -1.  9.38 444.4 159727.
337 21:38:41 0.42 261.85 216.97  7.04 1689  10.88   450.5 164057.  0.07  0.23 -15.87  13.56   5.06 2.12 1.95 4.77 -1.00  -1.0     -1. 10.67 451.0 207729.
337 21:39:22 0.42 261.85 216.97  7.04 1689  10.98   480.3 256323.  2.68  0.00 -17.10  13.16   5.85 0.59 0.87 0.83 -1.00  -1.0     -1.  9.77 477.3 236384.
337 21:39:32 0.42 261.85 216.97  7.04 1689  10.83   449.9 164404.  0.00  0.00 -17.05  13.14   6.07 0.53 0.87 1.01 -1.00  -1.0     -1. 10.36 453.1 188982.
337 21:40:12 0.42 261.85 216.96  7.04 1689  10.65   467.7 195125.  0.08  8.89 -17.81  11.48   6.99 0.67 1.06 1.30 -1.00  -1.0     -1.  9.87 464.7 212949.
337 21:40:53 0.42 261.85 216.96  7.04 1689  10.95   460.5 205640. -0.02  7.51 -17.66  11.13   7.47 0.76 1.03 2.13  0.25 494.4 319843.  9.79 459.7 185857.
337 21:41:33 0.42 261.85 216.95  7.04 1689  11.00   469.4 247578. -1.07 10.30 -17.15  10.77   8.90 0.65 1.66 1.32  0.09 584.5 571976.  9.85 466.8 243056.
337 21:42:14 0.42 261.85 216.95  7.04 1689  11.71   477.9 269119. -0.50  0.00 -16.66  10.86   9.35 0.73 2.03 1.67  0.21 525.5 461697. 10.54 476.9 268254.
337 21:42:54 0.42 261.85 216.94  7.04 1689  10.63   473.0 244300. -0.55 10.73 -16.97  10.09   9.82 0.68 0.95 1.01 -1.00  -1.0     -1.  9.92 468.1 234714.
337 21:43:35 0.42 261.86 216.94  7.04 1689  11.57   460.9 235429. -2.72 10.00 -18.09   7.81   9.72 1.37 1.99 1.55 -1.00  -1.0     -1. 10.29 463.6 211182.
337 21:44:15 0.42 261.86 216.93  7.04 1689  10.87   455.9 191292. -1.37  7.24 -18.32   8.79   8.56 0.82 1.38 1.95  0.44 478.7 300248. 10.66 455.5 218650.
337 21:44:56 0.42 261.86 216.93  7.04 1689  11.23   476.3 256703. -1.24  0.00 -17.37   9.35   9.05 1.17 2.09 2.98 -1.00  -1.0     -1.  9.58 479.0 273030.
337 21:45:36 0.42 261.86 216.92  7.04 1689  11.01   444.5 180741. -6.11  7.64 -20.46   6.30   5.27 0.60 1.59 0.74  0.65 466.5 292712. 10.30 447.0 169303.
337 21:46:17 0.42 261.86 216.92  7.04 1689  11.23   446.2 164804. -2.11  6.13 -20.81   5.90   4.25 0.58 1.66 0.87  0.59 487.1 347312. 10.34 444.5 137121.
337 21:46:57 0.42 261.86 216.91  7.04 1689  11.37   438.4 143988. -5.37  5.96 -20.97   5.20   4.77 0.41 0.76 0.97  0.54 473.4 311956. 10.48 444.0 156910.
337 21:47:38 0.42 261.86 216.91  7.04 1689  10.54   442.7 149257. -2.84  4.39 -20.54   7.69   3.68 0.44 0.78 1.00  0.54 475.3 399287. 10.18 439.3 149283.
337 21:48:18 0.42 261.87 216.91  7.04 1689  12.01   448.6 168059. -2.13  5.63 -20.08   8.71   3.81 0.43 0.88 0.97  0.43 482.4 312151. 10.34 448.5 157644.
337 21:48:59 0.42 261.87 216.90  7.04 1689  -1.00    -1.0     -1. -1.00 -1.00 -19.95   8.72   4.35 0.69 1.51 0.80 -1.00  -1.0     -1. 10.51 452.9 182102.
337 21:49:39 0.42 261.87 216.90  7.04 1689  11.05   442.1 125173. -3.26  5.00 -20.30   8.39   3.37 0.47 0.64 1.04 -1.00  -1.0     -1. 10.69 444.0 155887.
337 21:50:20 0.42 261.87 216.89  7.04 1689  11.24   447.7 165824. -1.08  5.09 -19.49  10.29  -0.75 0.50 0.92 3.47  0.55 484.7 310449. 10.15 443.0 159148.
337 21:51:00 0.42 261.87 216.88  7.04 1689  11.37   448.6 173425. -2.69 -2.34 -19.69   9.24  -5.00 0.64 1.43 1.54  0.98 462.4 464218. 10.55 449.3 169963.
337 21:51:41 0.42 261.87 216.88  7.04 1689  11.87   443.0 152658. -3.21 -0.95 -20.45   7.18  -4.92 0.89 2.48 0.96  0.69 465.0 331369. 10.27 442.3 143676.
337 21:52:21 0.42 261.87 216.87  7.04 1689  11.40   450.0 171610.  0.00  0.00 -21.81  -0.32  -4.39 0.41 0.93 1.31 -1.00  -1.0     -1. 10.55 447.6 170499.
337 21:53:02 0.42 261.88 216.87  7.04 1689  10.98   431.9 110448. -7.51  0.88 -21.79   2.50  -2.31 0.45 2.23 0.88 -1.00  -1.0     -1.  9.92 437.3 132362.
337 21:53:42 0.42 261.88 216.87  7.04 1689  10.89   436.1 115570. -4.88  0.37 -20.74   7.13  -0.89 0.81 2.21 2.24  0.77 466.7 334773.  9.62 438.7 110532.
337 21:54:23 0.42 261.88 216.86  7.05 1689  11.91   462.5 248410.  0.96  6.65 -18.27  11.30   4.14 0.96 1.00 1.13 -1.00  -1.0     -1. 10.97 460.0 203253.
337 21:55:03 0.42 261.88 216.86  7.05 1689  12.19   458.2 210536.  0.28  6.20 -18.07  11.38   4.94 1.26 1.72 1.13 -1.00  -1.0     -1. 11.55 458.7 270623.
337 21:55:44 0.42 261.88 216.85  7.05 1689  10.83   475.1 305625.  3.29  5.38 -16.51  13.70   5.00 0.72 1.28 1.54 -1.00  -1.0     -1.  9.46 472.2 256648.
337 22:01:12 0.42 261.89 216.81  7.05 1689  12.45   447.9 175573.  0.01  0.36 -16.88  13.05   3.16 3.34 1.82 4.35 -1.00  -1.0     -1. 11.56 447.7 214898.
337 22:01:53 0.42 261.89 216.81  7.05 1689  11.23   496.1 345811.  3.33  9.29 -12.96  16.16   7.96 1.16 0.77 1.17 -1.00  -1.0     -1.  9.96 489.7 301467.
337 22:02:33 0.42 261.90 216.80  7.05 1689  11.52   471.2 260958.  2.78  7.35 -16.08  14.22   5.97 1.17 1.15 0.94  0.06 654.1 521339. 10.44 467.2 315260.
337 22:03:14 0.42 261.90 216.80  7.05 1689  11.71   459.9 230413.  2.58  6.06 -17.68  13.02   4.06 1.32 1.48 1.22 -1.00  -1.0     -1. 10.59 459.5 240061.
337 22:03:54 0.42 261.90 216.79  7.05 1689  10.97   451.4 173159.  0.28  3.87 -18.97  11.62   2.90 0.55 0.73 1.17 -1.00  -1.0     -1. 10.76 448.1 199527.
337 22:04:35 0.42 261.90 216.79  7.05 1689  11.05   438.3 136971. -1.90  2.46 -20.60   9.04   0.76 0.48 0.69 0.78 -1.00  -1.0     -1.  9.98 437.7 119439.
337 22:05:15 0.42 261.90 216.78  7.05 1689  10.83   440.3 147041. -1.85  3.50 -20.61   8.84   1.25 0.40 0.67 0.61 -1.00  -1.0     -1. 10.33 438.3 145700.
337 22:05:56 0.42 261.90 216.78  7.05 1689  11.69   443.9 184084.  0.00  0.00 -20.38   9.06   1.82 0.47 0.82 1.00 -1.00  -1.0     -1. 10.90 441.6 163969.
337 22:06:36 0.42 261.90 216.77  7.05 1689  11.47   447.3 184892. -0.73  6.80 -19.09  10.60   4.47 0.84 1.32 1.48 -1.00  -1.0     -1. 10.64 447.7 238300.
337 22:07:17 0.42 261.91 216.77  7.05 1689  11.06   445.8 194388.  0.15  3.21 -19.51  11.16   1.28 0.55 0.73 1.31  1.04 463.5 410722. 10.29 444.0 170492.
337 22:07:57 0.42 261.91 216.76  7.05 1689  10.36   448.1 163586.  1.03  1.28 -19.52  11.01  -2.56 0.53 1.01 2.12  0.53 484.7 402224.  9.10 447.2 136818.
337 22:08:38 0.42 261.91 216.76  7.05 1689  11.27   444.3 180592. -0.38 -0.03 -19.62  10.96  -1.70 0.52 0.86 1.76  0.77 452.3 293466. 10.68 445.0 170934.
337 22:09:18 0.42 261.91 216.76  7.05 1689  12.09   463.4 253003. -0.96 -7.09 -18.54  11.00  -4.31 0.95 1.20 4.56 -1.00  -1.0     -1. 11.13 460.6 249550.
337 22:09:59 0.42 261.91 216.75  7.05 1689  11.56   462.5 293742. -0.67  7.43 -18.22  10.49   6.12 0.99 0.95 2.01 -1.00  -1.0     -1. 11.08 459.7 272003.
337 22:10:39 0.42 261.91 216.74  7.05 1689  10.67   444.4 157995. -2.05  2.94 -20.08   9.21   2.19 0.74 1.20 1.29 -1.00  -1.0     -1.  9.56 442.1 147850.
337 22:11:20 0.42 261.91 216.74  7.05 1689  10.79   440.7 119628. -3.35  2.41 -20.89   7.70   1.41 0.49 0.90 1.03 -1.00  -1.0     -1. 10.10 445.3 143887.
337 22:12:00 0.42 261.92 216.74  7.05 1689  10.65   439.1 142055. -5.38  0.82 -21.39   6.22  -2.15 0.41 0.93 1.34 -1.00  -1.0     -1.  9.68 441.6 118494.
337 22:12:41 0.42 261.92 216.73  7.05 1689  10.52   442.5 164950. -6.27 -1.49 -21.59   4.59  -4.16 0.45 1.63 0.78  0.87 458.3 420974.  9.69 445.6 147990.
337 22:13:21 0.42 261.92 216.73  7.05 1689  10.69   439.8 157602. -8.03 -2.70 -21.76   2.56  -4.37 0.43 1.16 1.13 -1.00  -1.0     -1.  9.91 449.3 177993.
337 22:14:02 0.42 261.92 216.72  7.05 1689  10.27   433.0 146483. -8.66 -1.46 -21.99   2.02  -2.78 0.47 0.96 1.55 -1.00  -1.0     -1.  8.95 439.0 116607.
337 22:14:42 0.42 261.92 216.72  7.05 1689  11.29   441.7 150160. -3.92  3.12 -21.22   5.21   2.50 0.84 2.43 2.22 -1.00  -1.0     -1.  9.94 439.4 137663.
337 22:15:23 0.42 261.92 216.71  7.05 1689  11.01   457.3 387908. -8.35  8.79 -20.41   6.18   5.32 0.80 2.92 1.60 -1.00  -1.0     -1.  8.98 450.5 180338.
337 22:17:32 0.42 261.93 216.69  7.05 1689  11.24   447.0 168010. -5.75  6.92 -20.83   5.94   4.45 0.47 1.33 1.10 -1.00  -1.0     -1. 10.73 449.5 201427.
337 22:18:05 0.42 261.93 216.69  7.05 1689  10.95   448.5 195275. -4.19  6.50 -20.44   7.99   3.37 0.58 1.58 0.82  1.33 438.8 313788.  9.59 451.1 154383.
337 22:18:45 0.42 261.93 216.69  7.05 1689  11.03   455.1 225885. -1.74  4.33 -19.63  10.50   1.44 0.56 1.04 1.31 -1.00  -1.0     -1. 10.89 454.2 185458.
337 22:19:26 0.42 261.93 216.68  7.05 1689  10.85   452.2 179799. -1.20  2.60 -19.08  11.50  -0.49 0.71 1.00 1.21  1.44 447.7 300365.  9.85 451.4 162962.
337 22:20:06 0.42 261.93 216.68  7.05 1689  11.14   449.0 163011. -1.62  3.63 -19.38  10.37   2.15 0.58 0.86 2.17 -1.00  -1.0     -1. 10.16 453.1 191516.
337 22:20:47 0.42 261.93 216.67  7.05 1689  11.76   466.9 266760.  0.36  5.89 -19.25  10.07   3.53 0.76 1.70 1.55 -1.00  -1.0     -1. 10.11 456.1 184750.
337 22:22:08 0.42 261.94 216.66  7.05 1689  10.87   462.7 267640. -0.63  4.54 -18.65  11.26   2.01 1.11 1.18 2.34 -1.00  -1.0     -1.  9.77 457.0 239139.
337 22:22:48 0.42 261.94 216.66  7.05 1689  11.16   469.5 355878. -0.78  6.50 -18.91  10.08   3.16 1.12 2.07 1.55 -1.00  -1.0     -1. 10.72 465.8 333107.
337 22:23:29 0.42 261.94 216.65  7.05 1689  11.70   456.3 285484. -1.72  0.13 -19.09  10.58  -1.01 0.87 1.61 1.59 -1.00  -1.0     -1. 10.49 455.5 240652.
337 22:24:09 0.42 261.94 216.65  7.05 1689  10.91   470.8 349541.  0.26 -1.57 -17.61  12.83  -1.07 1.39 1.63 2.37 -1.00  -1.0     -1. 10.08 466.5 285972.
337 22:24:50 0.42 261.94 216.64  7.05 1689  12.41   499.7 388961.  5.24  0.39 -15.11  15.39  -0.31 1.38 1.46 2.59 -1.00  -1.0     -1. 11.12 492.6 451035.
337 22:25:30 0.42 261.94 216.64  7.05 1689  11.44   452.8 235179. -4.87  5.78 -19.99   6.16   4.34 0.61 2.57 1.16 -1.00  -1.0     -1.  9.97 457.1 199166.
337 22:26:11 0.42 261.94 216.63  7.05 1689  12.60   462.2 277292. -1.30  3.44 -18.67   9.64   4.40 0.74 0.92 2.56 -1.00  -1.0     -1. 10.79 458.4 249387.
337 22:26:51 0.42 261.94 216.63  7.05 1689  11.94   469.0 322881. -0.67  7.51 -17.95  10.72   5.09 1.00 1.25 1.69 -1.00  -1.0     -1. 10.69 468.3 280745.
337 22:27:32 0.42 261.95 216.63  7.05 1689  11.87   474.6 386505.  1.19  2.24 -17.59  12.63   1.73 0.75 1.10 1.41 -1.00  -1.0     -1. 10.66 471.9 371945.
337 22:28:12 0.42 261.95 216.62  7.05 1689  12.10   466.4 343901.  1.62  3.83 -18.25  11.29   1.56 0.67 0.88 1.00 -1.00  -1.0     -1. 10.60 462.6 338441.
337 22:28:53 0.42 261.95 216.62  7.05 1689  12.41   466.2 329654. -0.10  2.71 -18.46  10.78   0.97 1.30 1.93 1.45 -1.00  -1.0     -1. 11.22 462.8 273254.
337 22:29:33 0.42 261.95 216.61  7.05 1689  11.38   451.7 251798. -2.53  2.08 -18.54  10.67   0.47 0.91 1.44 0.89 -1.00  -1.0     -1. 10.37 450.3 232827.
337 22:30:14 0.42 261.95 216.61  7.05 1689  12.68   473.0 424681.  2.66  1.24 -16.64  13.47  -1.31 0.94 1.15 1.43 -1.00  -1.0     -1. 11.00 470.8 381580.
337 22:30:54 0.42 261.95 216.60  7.05 1689  11.48   456.2 229721. -0.67  2.79 -17.79  11.88   0.68 1.29 2.07 1.64 -1.00  -1.0     -1. 10.43 453.8 201875.
337 22:31:35 0.42 261.95 216.59  7.05 1689  11.51   441.9 195499. -4.71  2.59 -20.11   7.83   0.20 0.52 1.28 0.99 -1.00  -1.0     -1. 10.38 446.6 163641.
337 22:32:15 0.42 261.96 216.59  7.05 1689  11.27   449.2 240366. -2.11  3.49 -19.72   8.77   0.11 0.59 1.13 1.01 -1.00  -1.0     -1. 10.83 447.1 217036.
337 22:32:56 0.42 261.96 216.58  7.05 1689  11.11   449.9 214181. -0.96  2.55 -19.56   8.97   0.27 0.68 1.36 0.88 -1.00  -1.0     -1.  9.83 449.4 174394.
337 22:33:36 0.42 261.96 216.58  7.05 1689  11.13   444.9 218927. -5.35  3.84 -20.98   4.26   1.18 0.54 1.30 0.92 -1.00  -1.0     -1. 10.51 445.5 197454.
337 22:34:17 0.42 261.96 216.58  7.05 1689  11.48   443.9 188651. -4.94  2.95 -21.76   5.87   0.2413.5713.9011.69 -1.00  -1.0     -1. 10.69 445.5 155465.
337 22:34:57 0.42 261.96 216.57  7.05 1689  11.19   440.7 156170. -5.07  1.90 -21.16   4.42  -2.04 0.37 0.85 0.86 -1.00  -1.0     -1. 11.05 446.3 202054.
337 22:36:59 0.42 261.96 216.56  7.05 1689  12.19   482.2 435566. -1.38-11.01 -15.88   8.11 -12.66 1.29 1.84 1.36 -1.00  -1.0     -1. 10.88 479.1 362482.
337 22:37:39 0.42 261.97 216.55  7.05 1689  10.74   472.4 322101. -2.06 -9.33 -17.06   7.84 -10.43 1.87 1.40 3.68 -1.00  -1.0     -1.  9.62 472.3 283116.
337 22:38:20 0.42 261.97 216.55  7.05 1689  11.53   450.8 182755. -1.58  2.20 -18.45   9.51  -3.67 1.56 1.96 5.69 -1.00  -1.0     -1. 11.01 445.9 172246.
337 22:39:00 0.42 261.97 216.54  7.05 1689  12.33   455.9 241653.  0.79  4.27 -18.57  11.21  -1.41 0.83 1.19 2.35  0.07 613.2 718312. 10.60 456.2 284009.
337 22:39:41 0.42 261.97 216.54  7.05 1689  11.35   462.6 288382.  1.37 -2.75 -17.75  11.13  -6.12 1.00 1.70 1.89 -1.00  -1.0     -1.  9.89 458.6 270882.
337 22:40:21 0.42 261.97 216.53  7.05 1689  11.01   449.6 238135. -0.91 -2.36 -18.12  11.13  -3.38 1.30 1.94 3.29 -1.00  -1.0     -1. 10.55 454.4 304907.
337 22:41:02 0.42 261.97 216.53  7.05 1689  11.34   468.7 309412.  3.64  1.47 -17.25  12.89   0.29 0.71 1.22 2.15 -1.00  -1.0     -1. 10.46 461.5 271100.
337 22:41:42 0.42 261.97 216.52  7.05 1689  11.35   458.1 252145.  0.81  4.44 -18.46  11.14   2.85 0.66 1.22 0.95 -1.00  -1.0     -1. 11.62 457.6 315909.
337 22:42:23 0.42 261.98 216.52  7.05 1689  10.17   455.8 283704. -1.46  6.22 -19.03   9.98   2.01 0.61 1.18 3.02 -1.00  -1.0     -1.  8.83 446.6 177145.
337 22:43:03 0.42 261.98 216.52  7.05 1689  15.59   480.6 541359. -0.96  0.00 -13.65   8.14   7.51 4.70 1.9910.87  4.44 427.7 210929. 14.76 484.6 513844.
337 22:43:44 0.42 261.98 216.51  7.05 1689  10.71   518.8 329150. -0.35  0.00  -9.15   9.71  16.34 1.67 1.74 1.56 -1.00  -1.0     -1. 10.10 517.9 402968.
337 22:44:24 0.42 261.98 216.50  7.05 1689  11.08   531.9 360053. -0.68  0.00  -9.06  10.94  15.81 1.12 1.13 1.07 -1.00  -1.0     -1. 10.45 525.8 357288.
337 22:45:05 0.42 261.98 216.50  7.05 1689  12.32   526.2 445039.  1.47  0.00 -10.40  12.77  13.29 1.51 1.58 2.22 -1.00  -1.0     -1. 11.22 518.7 461262.
337 22:45:45 0.42 261.98 216.49  7.05 1689  12.11   509.9 440394. -1.89  0.00 -11.96  10.42  14.03 1.94 1.41 1.40  0.06 618.4 423989. 11.40 507.4 446861.
337 22:46:26 0.42 261.98 216.49  7.05 1689  12.45   497.7 400249.  1.28 12.13 -13.82  11.52  11.42 0.66 1.05 0.85 -1.00  -1.0     -1. 11.39 495.9 432636.
337 22:47:06 0.42 261.99 216.49  7.05 1689  11.40   491.7 353081.  2.33 11.06 -14.44  13.01   8.62 1.06 1.24 1.42 -1.00  -1.0     -1. 10.25 485.0 317524.
337 22:47:47 0.42 261.99 216.48  7.05 1689  11.77   481.3 377357. -0.49  9.86 -15.79  11.71   7.99 1.00 1.48 1.05 -1.00  -1.0     -1. 10.26 476.0 343817.
337 22:48:27 0.42 261.99 216.48  7.05 1689  11.65   480.5 356294.  0.66 11.27 -16.18  10.81   8.75 0.78 1.49 0.89 -1.00  -1.0     -1. 10.82 483.4 394210.
337 22:49:08 0.42 261.99 216.47  7.05 1689  13.17   473.6 469428. -5.28 10.30 -17.61   5.07   9.23 1.21 3.82 2.28  3.58 409.9 223455. 12.18 475.8 396806.
337 22:49:48 0.42 261.99 216.47  7.05 1689  12.31   476.7 351529. -2.07  0.00 -16.71   5.89  10.77 0.67 2.38 1.46 -1.00  -1.0     -1. 10.98 477.2 317170.
337 22:50:29 0.42 261.99 216.46  7.05 1689  11.88   477.7 371594. -4.12 11.06 -17.58   6.57   9.43 0.70 1.39 1.80 -1.00  -1.0     -1. 10.63 478.3 342426.
337 22:51:09 0.42 261.99 216.46  7.05 1689  11.39   464.7 239314.  0.10  5.17 -17.55  12.33   2.76 1.14 1.89 1.62 -1.00  -1.0     -1. 10.00 460.0 196444.
337 22:51:50 0.42 261.99 216.45  7.05 1689  10.69   456.4 188290. -3.60  8.55 -18.47   9.91   4.76 1.28 2.83 1.72 -1.00  -1.0     -1.  9.90 452.3 178334.
337 22:52:30 0.42 262.00 216.45  7.05 1689  11.21   458.8 217302. -0.75  6.42 -19.24   9.27   4.22 0.83 1.24 1.16 -1.00  -1.0     -1. 10.20 457.6 192812.
337 22:53:11 0.42 262.00 216.44  7.05 1689  10.70   452.7 182749. -3.40  7.02 -19.77   8.50   2.60 0.73 1.38 2.21  0.91 466.6 304212.  9.51 451.1 162475.
337 22:53:51 0.42 262.00 216.44  7.05 1689  11.06   466.4 325473. -8.42 13.14 -18.76   1.70   9.41 0.57 2.59 1.17 -1.00  -1.0     -1.  9.72 465.3 217393.
337 22:54:32 0.42 262.00 216.43  7.05 1689  10.29   482.7 350034.-14.55 12.01 -18.06   1.31   7.98 0.97 6.92 3.29 -1.00  -1.0     -1.  8.97 494.4 311339.
337 22:55:12 0.42 262.00 216.43  7.05 1689  11.64   454.1 222182. -2.25  4.47 -17.89   7.44   6.85 1.65 4.45 4.11 -1.00  -1.0     -1. 10.96 450.5 218712.
337 22:55:53 0.42 262.00 216.42  7.05 1689  10.96   455.7 193033. -4.89  8.91 -19.47   5.92   7.07 0.55 0.97 1.20  0.73 470.3 319129. 10.43 460.7 231664.
337 22:56:33 0.42 262.00 216.42  7.05 1689  11.18   456.1 248030. -4.46  8.94 -19.27   7.11   6.62 0.47 0.69 0.86 -1.00  -1.0     -1. 10.26 459.6 211809.
337 22:57:14 0.42 262.01 216.41  7.05 1689  10.22   456.9 197711. -2.44  7.53 -19.37   7.43   5.68 0.76 0.68 1.92 -1.00  -1.0     -1.  9.60 453.2 185581.
337 22:57:54 0.42 262.01 216.41  7.05 1689  11.25   473.0 333994. -1.87  0.00 -16.96   8.94  10.18 0.56 1.16 0.87 -1.00  -1.0     -1. 10.58 472.8 305680.
337 22:58:35 0.42 262.01 216.40  7.05 1689  10.05   477.1 298696. -1.14 13.06 -16.66   9.29  10.20 1.12 1.01 1.52 -1.00  -1.0     -1.  9.75 472.8 306271.
337 22:59:15 0.42 262.01 216.40  7.05 1689  10.36   469.0 339867. -2.29 11.52 -17.20   8.98   9.88 0.70 0.94 1.01 -1.00  -1.0     -1.  9.40 470.4 301415.
337 22:59:56 0.42 262.01 216.39  7.05 1689  11.12   466.8 290942. -0.88 11.37 -17.01  10.81   8.59 0.97 1.27 0.86  0.66 477.5 317465.  9.66 467.1 249602.
337 23:00:36 0.42 262.01 216.39  7.05 1689   9.66   459.1 243716. -0.92 10.09 -16.72  11.52   7.79 1.24 1.31 1.02 -1.00  -1.0     -1.  9.09 456.9 240103.
337 23:01:17 0.42 262.01 216.39  7.05 1689  11.94   472.3 399171. -6.70  0.00 -17.38   7.85   9.57 0.97 2.58 2.24 -1.00  -1.0     -1.  9.93 475.3 360933.
337 23:01:57 0.42 262.01 216.38  7.05 1689  10.37   455.8 234941. -4.54 11.38 -18.41   7.69   8.31 0.62 1.54 0.92 -1.00  -1.0     -1.  9.89 456.2 241711.
337 23:02:38 0.42 262.02 216.38  7.05 1689  12.42   481.9 428696.  3.50  8.33 -15.34  13.46   6.10 1.16 1.21 1.47 -1.00  -1.0     -1. 11.11 475.9 401230.
337 23:03:18 0.42 262.02 216.37  7.05 1689  10.46   452.2 244846. -2.30  8.01 -19.20   7.80   3.54 1.40 3.96 3.01 -1.00  -1.0     -1.  9.27 451.3 219664.
337 23:03:59 0.42 262.02 216.37  7.05 1689  10.47   488.8 383607.  3.83 -2.47 -15.06  15.54  -3.45 1.39 1.49 1.64 -1.00  -1.0     -1.  9.63 482.0 369194.
337 23:04:39 0.42 262.02 216.36  7.05 1689  11.75   488.4 435742.  0.00  0.00 -13.74  16.78  -4.94 0.83 0.73 0.99 -1.00  -1.0     -1. 10.26 478.7 367894.
337 23:05:20 0.42 262.02 216.35  7.05 1689  11.93   505.7 498314.  0.00  0.00 -13.95  14.41  -3.56 4.31 5.10 5.19 -1.00  -1.0     -1. 10.83 508.7 478144.
337 23:06:00 0.42 262.02 216.35  7.05 1689  11.60   454.6 241276. -1.22  3.48 -19.05   9.84   0.27 0.49 1.02 2.01 -1.00  -1.0     -1. 10.35 456.1 196996.
337 23:06:41 0.42 262.02 216.34  7.05 1689  11.01   447.7 172266. -3.77  3.95 -20.55   6.29   2.85 0.50 1.43 1.52 -1.00  -1.0     -1. 10.28 448.4 161802.
337 23:07:21 0.42 262.03 216.34  7.05 1689   9.92   444.6 163300. -3.24  5.13 -20.44   5.17   4.18 1.04 1.39 3.56 -1.00  -1.0     -1.  9.00 443.1 152077.
337 23:08:02 0.42 262.03 216.34  7.05 1689  12.29   463.5 314373. -2.15  8.86 -19.22   9.42   1.93 1.29 2.69 4.06 -1.00  -1.0     -1. 11.10 470.8 357347.
337 23:08:42 0.42 262.03 216.33  7.05 1689  11.57   454.3 224754. -3.96  6.88 -19.85   6.71   3.28 1.24 3.73 3.72 -1.00  -1.0     -1. 10.20 456.0 191123.
337 23:09:23 0.42 262.03 216.33  7.05 1689  11.30   444.5 173312. -7.20  5.07 -20.58   4.45   4.51 1.02 2.84 1.93 -1.00  -1.0     -1.  9.92 448.6 156033.
337 23:10:03 0.42 262.03 216.32  7.05 1689   9.10   487.1 321792. -2.03 -9.67 -18.17   6.27  -6.69 2.82 2.62 7.47 -1.00  -1.0     -1.  7.70 490.6 212686.
337 23:10:44 0.42 262.03 216.32  7.05 1689  11.64   447.2 191789. -9.13  4.25 -21.26   0.13   3.90 0.99 1.42 3.70 -1.00  -1.0     -1. 10.92 456.9 223741.
337 23:11:24 0.42 262.03 216.31  7.05 1689  12.77   467.7 339672.-10.29  9.38 -20.48   1.05   7.59 0.81 1.54 1.95 -1.00  -1.0     -1. 11.25 472.6 295363.
337 23:12:05 0.42 262.04 216.31  7.05 1689  11.06   490.4 376763. -0.78 11.89 -18.24   8.58   8.43 1.61 1.61 2.31 -1.00  -1.0     -1. 10.01 482.9 365685.
337 23:12:45 0.42 262.04 216.30  7.05 1689  11.54   466.6 319232. -2.59  8.57 -19.58   8.19   5.97 0.47 0.79 1.03 -1.00  -1.0     -1.  9.82 461.6 196412.
337 23:13:26 0.42 262.04 216.30  7.05 1689  10.88   461.2 195258.  2.22  1.42 -18.37   5.17   6.81 1.70 6.50 5.60 -1.00  -1.0     -1. 10.34 458.6 252944.
337 23:14:06 0.42 262.04 216.29  7.05 1689  11.83   469.1 352136.-11.25 12.28 -19.31   0.50  10.22 0.63 2.12 0.99 -1.00  -1.0     -1. 10.97 481.2 366397.
337 23:14:47 0.42 262.04 216.29  7.05 1689  10.95   455.3 222653. -2.52  8.28 -20.44   5.95   6.02 0.79 1.96 2.16 -1.00  -1.0     -1.  9.95 460.0 234006.
337 23:15:27 0.42 262.04 216.28  7.05 1689  11.91   443.5 160441. -4.77  4.15 -21.06   7.14   3.02 0.52 1.24 1.15 -1.00  -1.0     -1. 10.17 445.1 127463.
337 23:16:08 0.42 262.04 216.28  7.05 1689  10.72   447.9 168104. -2.47  1.02 -20.24   8.38   2.93 1.03 0.99 3.80 -1.00  -1.0     -1. 10.24 446.2 164310.
337 23:16:48 0.42 262.04 216.27  7.05 1689  10.79   462.9 241578. -1.89  8.83 -19.25   7.50   8.17 0.74 1.13 1.54 -1.00  -1.0     -1. 10.07 467.6 272981.
337 23:17:29 0.42 262.05 216.27  7.05 1689  12.13   465.0 267007. -3.71  9.58 -19.03   5.83   9.09 0.71 2.97 1.71 -1.00  -1.0     -1. 10.79 465.2 257668.
337 23:18:09 0.42 262.05 216.26  7.05 1689  11.69   457.8 240159. -7.01  9.82 -19.59   3.98   9.33 0.54 1.27 1.02 -1.00  -1.0     -1. 10.20 461.2 209561.
337 23:18:50 0.42 262.05 216.26  7.05 1689  10.98   464.6 281141. -2.74  8.83 -19.36   7.71   7.36 0.59 1.61 1.56 -1.00  -1.0     -1. 10.33 463.3 267699.
337 23:19:30 0.42 262.05 216.25  7.05 1689  11.31   463.7 252776.  0.00  0.00 -17.89  11.31   6.11 0.89 1.50 2.28 -1.00  -1.0     -1.  9.85 462.4 210292.
337 23:20:11 0.42 262.05 216.25  7.05 1689  11.71   475.2 361677. -2.96 12.51 -16.63  10.56   8.25 1.63 3.70 2.76 -1.00  -1.0     -1. 10.65 474.8 344564.
337 23:20:51 0.42 262.05 216.24  7.05 1689  10.19   505.5 368177.  0.00  8.04 -13.87  11.18   8.90 2.72 7.81 4.67 -1.00  -1.0     -1.  9.00 501.1 331261.
337 23:21:32 0.42 262.05 216.24  7.05 1689  12.64   498.1 417885. -8.93  0.00 -15.91  -0.26  14.29 1.65 1.84 2.07 -1.00  -1.0     -1. 11.42 505.2 454589.
337 23:22:12 0.42 262.06 216.24  7.05 1689  10.70   524.0 421384. -2.50  0.00 -12.09   3.16  17.08 1.95 3.43 1.37 -1.00  -1.0     -1.  9.38 522.8 362983.
337 23:22:53 0.42 262.06 216.23  7.05 1689  11.98   496.8 394564. -4.79  0.00 -13.70   4.09  15.97 1.70 1.89 1.61 -1.00  -1.0     -1. 10.98 499.9 439516.
337 23:23:33 0.42 262.06 216.23  7.05 1689  10.97   519.8 415809. -4.35  0.00 -12.81   4.79  16.64 1.23 1.55 1.04 -1.00  -1.0     -1. 10.01 521.3 359760.
337 23:24:14 0.42 262.06 216.22  7.05 1689  11.77   470.1 372335.-10.36 11.56 -16.87   0.33  12.80 2.22 2.60 2.63  0.05 610.6 153470. 10.81 479.7 343112.
337 23:24:54 0.42 262.06 216.22  7.05 1689  11.48   493.1 355271. -1.61  0.00 -15.34   6.06  13.76 1.52 2.26 1.00 -1.00  -1.0     -1.  9.67 491.1 303974.
337 23:25:35 0.42 262.06 216.21  7.05 1689  11.00   492.8 360654. -2.99  0.00 -15.40   6.72  13.75 0.66 1.15 0.83 -1.00  -1.0     -1. 10.22 495.0 333617.
337 23:26:15 0.42 262.06 216.20  7.05 1689  11.69   498.8 388730. -1.97  0.00 -14.05   9.35  13.72 1.22 1.38 0.73 -1.00  -1.0     -1. 10.98 495.2 388360.
337 23:26:56 0.42 262.06 216.20  7.05 1689  11.23   456.7 298533. -8.09  9.30 -18.86   1.70   8.03 3.55 4.67 3.76 -1.00  -1.0     -1. 10.58 461.4 259909.
337 23:27:36 0.42 262.07 216.19  7.05 1689  11.21   466.8 318609. -7.07 11.72 -18.53   2.51  10.03 1.67 2.09 2.37 -1.00  -1.0     -1. 10.17 466.3 299511.
337 23:28:17 0.42 262.07 216.19  7.05 1689  11.57   474.6 351330.-10.25 12.42 -18.24   0.13  10.37 1.08 4.08 1.64 -1.00  -1.0     -1.  9.84 479.3 342446.
337 23:28:57 0.42 262.07 216.19  7.05 1689  11.16   481.5 328474. -8.78  0.00 -17.40  -1.01  12.05 0.98 2.41 1.74 -1.00  -1.0     -1. 10.40 488.7 380671.
337 23:29:38 0.42 262.07 216.18  7.05 1689  11.83   473.9 347673. -7.20  0.00 -18.51   0.73  10.48 0.92 1.68 1.27 -1.00  -1.0     -1. 10.04 470.6 273858.
337 23:30:18 0.42 262.07 216.18  7.05 1689  11.02   461.2 272214. -3.37  0.00 -18.74   6.14   8.00 1.11 3.76 1.29 -1.00  -1.0     -1. 10.44 465.3 307061.
337 23:30:59 0.42 262.07 216.17  7.05 1689  11.39   474.8 335472.  0.32 10.04 -16.61  10.53   8.69 0.80 1.95 1.78 -1.00  -1.0     -1. 10.83 475.9 338597.
337 23:31:39 0.42 262.07 216.17  7.05 1689  11.23   460.9 251629. -3.62 10.35 -17.79   5.07  10.29 1.30 3.52 2.00 -1.00  -1.0     -1.  9.92 463.7 216812.
337 23:32:20 0.42 262.08 216.16  7.05 1689  12.02   490.3 366842. -2.72  0.00 -16.19   5.40  12.76 1.15 2.36 1.21 -1.00  -1.0     -1. 11.13 487.2 361186.
337 23:33:00 0.42 262.08 216.16  7.05 1689  11.73   478.9 374005. -2.54 13.68 -16.38   6.90  11.82 0.75 2.26 1.12 -1.00  -1.0     -1. 10.08 483.4 316397.
337 23:33:41 0.42 262.08 216.15  7.05 1689  11.93   500.0 460661.  2.43  0.00 -14.49  13.33   8.56 1.83 1.88 2.54  0.05 635.8 491466. 10.72 498.4 469782.
337 23:34:21 0.42 262.08 216.15  7.05 1689  12.43   497.1 458163.  0.00  6.30 -12.95  17.36   2.74 1.52 1.30 1.84  0.05 656.8 403926. 11.48 494.5 429277.
337 23:35:02 0.42 262.08 216.14  7.05 1689  12.52   510.9 437204.  0.00  0.84 -12.14  17.79  -2.56 2.64 2.42 3.05 -1.00  -1.0     -1. 10.87 512.8 423443.
337 23:35:42 0.42 262.08 216.14  7.05 1689  11.24   483.9 326223.  2.16 -6.76 -16.16  12.62  -7.64 1.31 1.83 2.37 -1.00  -1.0     -1. 10.12 478.2 299332.
337 23:36:23 0.42 262.08 216.13  7.05 1689  11.28   469.0 308337.  2.34 -1.96 -16.62  13.27  -5.31 0.79 1.08 1.12 -1.00  -1.0     -1. 10.29 464.1 271240.
337 23:37:03 0.42 262.09 216.13  7.05 1689  10.17   476.3 338376.  0.00 -0.79 -16.61  13.70  -2.95 1.00 0.96 2.38 -1.00  -1.0     -1. 10.18 469.7 332106.
337 23:37:25 0.42 262.09 216.13  7.05 1689  11.61   468.0 287544.  0.00  7.20 -16.17  14.17  -2.36 1.68 1.55 2.44 -1.00  -1.0     -1. 10.55 464.4 275645.
337 23:37:44 0.42 262.03 216.07  7.12 1689  -1.00    -1.0     -1. -1.00 -1.00 -15.43  14.79  -4.02 1.64 1.38 2.17 -1.00  -1.0     -1. -1.00  -1.0     -1.
337 23:38:24 0.42 262.09 216.12  7.05 1689  11.33   477.3 360761.  0.00 -2.56 -14.80  15.60  -2.95 0.93 0.79 2.65 -1.00  -1.0     -1.  9.75 476.1 303357.
337 23:39:05 0.42 262.09 216.11  7.05 1689  10.88   492.3 363548.  7.30 -1.40 -14.17  15.60  -5.31 0.69 0.84 1.77  0.06 646.1 591116.  9.68 482.5 334101.
337 23:39:45 0.42 262.09 216.11  7.05 1689  12.01   504.6 470338.  0.00 -8.12 -11.62  16.38  -8.93 1.89 0.95 2.14 -1.00  -1.0     -1. 11.21 504.0 426510.
337 23:40:26 0.42 262.09 216.10  7.05 1689  10.39   509.5 343606.  0.00 -4.31 -11.13  17.02  -7.02 1.48 0.88 4.33 -1.00  -1.0     -1.  9.63 502.4 310270.
337 23:41:06 0.42 262.09 216.10  7.05 1689  11.01   503.7 410167.  0.00  2.71 -11.56  18.45   0.17 0.79 0.56 1.02 -1.00  -1.0     -1.  9.87 503.3 406340.
337 23:41:47 0.42 262.09 216.09  7.05 1689  11.34   492.8 369840.  5.26 -0.98 -13.60  16.51  -3.19 1.12 0.91 1.17 -1.00  -1.0     -1. 10.01 490.1 430937.
337 23:42:27 0.42 262.10 216.09  7.05 1689   8.81   503.5 283639.  3.49  9.55 -13.82  15.17  -0.08 1.50 1.42 6.13 -1.00  -1.0     -1.  8.17 489.5 279864.
337 23:43:08 0.42 262.10 216.09  7.05 1689  12.48   471.2 389071. -4.38 -8.17 -17.85   9.35  -6.24 0.96 2.62 3.07 -1.00  -1.0     -1. 11.19 466.8 276778.
337 23:43:48 0.42 262.10 216.08  7.05 1689  10.70   466.7 257612.  0.91 -2.13 -19.41   5.83  -4.50 1.14 4.68 1.41 -1.00  -1.0     -1. 10.93 471.3 418795.
337 23:44:29 0.42 262.10 216.08  7.05 1689  10.32   446.5 182544. -9.84 -1.49 -21.04   0.82  -4.62 0.60 1.73 1.59 -1.00  -1.0     -1. 10.01 454.7 241724.
337 23:45:09 0.42 262.10 216.07  7.05 1689  11.69   450.1 225102. -6.33 -1.87 -20.55   3.98  -5.09 0.46 1.67 1.09 -1.00  -1.0     -1. 10.40 456.6 194765.
337 23:45:50 0.42 262.10 216.07  7.05 1689  11.04   459.7 283525. -1.96 -1.62 -18.77   9.72  -3.55 1.17 2.70 1.75 -1.00  -1.0     -1. 10.29 457.3 238372.
337 23:46:30 0.42 262.10 216.06  7.05 1689  11.13   484.2 345675.  0.00  2.86 -14.70  16.00  -1.40 1.26 1.27 1.92 -1.00  -1.0     -1. 10.16 486.2 374508.
337 23:47:11 0.42 262.11 216.06  7.05 1689  11.06   485.8 388814.  3.54 -2.90 -15.98  14.59  -2.12 0.94 0.94 2.37 -1.00  -1.0     -1. 10.05 480.4 352149.
337 23:47:51 0.42 262.11 216.05  7.05 1689  11.21   476.0 326551.  2.72  0.54 -17.02  13.48  -2.69 0.55 0.79 2.09 -1.00  -1.0     -1. 10.03 472.2 291007.
337 23:48:32 0.42 262.11 216.05  7.05 1689   9.91   484.8 266260.  4.60 -0.79 -16.14  14.19  -4.28 1.40 1.53 1.75 -1.00  -1.0     -1.  8.77 475.6 244346.
337 23:49:12 0.42 262.11 216.04  7.05 1689  10.58   476.9 321367.  3.61 -2.53 -16.34  13.65  -5.28 0.98 1.05 0.68 -1.00  -1.0     -1. 10.08 467.9 313561.
337 23:49:53 0.42 262.11 216.04  7.05 1689  10.56   491.0 362385.  3.26 -3.75 -15.40  13.97  -6.84 0.73 0.92 0.82 -1.00  -1.0     -1. 10.18 479.9 373641.
337 23:51:14 0.42 262.11 216.03  7.05 1689  11.56   489.5 377445.  3.80  0.35 -15.13  14.18  -3.80 1.14 1.61 2.32 -1.00  -1.0     -1. 10.25 480.7 358406.
337 23:51:54 0.42 262.11 216.02  7.05 1689  11.90   469.0 347845.  0.48 -0.86 -17.75  10.39  -4.35 0.89 1.22 1.14 -1.00  -1.0     -1. 10.49 463.3 314269.
337 23:52:35 0.42 262.12 216.02  7.05 1689  11.33   451.5 271571. -3.89  1.36 -19.52   7.06  -2.15 1.45 2.73 3.26 -1.00  -1.0     -1.  9.62 447.2 171571.
337 23:53:15 0.42 262.12 216.01  7.05 1689  10.75   450.9 235588. -8.96  2.80 -20.76   2.33  -2.79 0.64 1.53 3.01 -1.00  -1.0     -1. 10.14 456.4 200946.
337 23:53:56 0.42 262.12 216.01  7.05 1689  11.06   459.8 291971.-12.00 -1.43 -20.97  -0.09  -3.27 0.59 2.52 1.63 -1.00  -1.0     -1. 10.17 472.0 327773.
337 23:54:36 0.42 262.12 216.00  7.05 1689  11.09   460.4 232044. -1.22  1.82 -20.02   6.32  -2.44 0.83 3.63 2.43 -1.00  -1.0     -1.  9.64 457.8 193192.
337 23:55:17 0.42 262.12 216.00  7.05 1689  11.57   454.4 277545. -3.56 -1.64 -19.96   6.02  -4.43 0.63 2.54 0.89 -1.00  -1.0     -1. 10.30 457.3 248332.
337 23:55:57 0.42 262.12 215.99  7.05 1689  11.18   449.9 225453. -7.49  0.83 -20.51   3.47  -1.48 0.78 3.22 3.82 -1.00  -1.0     -1.  9.91 454.1 184408.
337 23:56:38 0.42 262.12 215.99  7.05 1689  11.36   455.4 273088. -6.65 -2.25 -14.41  11.51  -6.97 6.26 6.19 3.89 -1.00  -1.0     -1. 10.48 459.0 262115.
337 23:57:18 0.42 262.13 215.99  7.05 1689  11.16   535.0 519536.  0.00 -6.29  -6.91  18.98  -9.46 1.22 0.71 1.29 -1.00  -1.0     -1.  9.97 533.6 504356.
337 23:57:59 0.42 262.13 215.98  7.05 1689  11.05   543.7 426594.  0.00 -5.97  -8.08  18.37  -9.99 1.47 0.94 1.03 -1.00  -1.0     -1. 10.03 540.8 391287.
337 23:58:39 0.42 262.13 215.98  7.05 1689  10.57   525.5 405505.  0.00 -8.53  -7.75  16.78 -12.33 2.47 0.86 1.97 -1.00  -1.0     -1.  9.63 521.3 356411.
337 23:59:20 0.42 262.13 215.97  7.05 1689   9.93   536.4 390390.  6.74 -6.87 -10.01  16.36 -10.24 3.05 1.07 1.88 -1.00  -1.0     -1.  9.31 523.5 420493.
