1980/071   rh    esh  clong  clat crot    np1     vp1     Tp1   vaz   vel     Bx     By     Bz  sBx  sBy  sBz   nal   val     Tal   np2   vp2     Tp2
hh:mm:ss [AU]  [deg]  [deg] [deg]    # [cm-3]  [km/s]     [K] [deg] [deg]   [nT]   [nT]   [nT] [nT] [nT] [nT][cm-3][km/s]     [K][cm-3][km/s]     [K]
 0:22:18 0.96 278.78  22.15 -1.68 1692   5.99   300.6  37211. -0.34  1.49   0.00   0.00   0.00 0.00 0.00 0.00  0.14 288.3 143166.  6.30 300.5  22509.
 1:05:30 0.96 278.77  21.74 -1.69 1692   7.79   301.7  43659. -1.19  0.75  -2.40   3.30   1.20 0.00 0.00 0.00  0.17 296.5 126092.  7.26 302.6  27972.
 1:48:42 0.96 278.77  21.34 -1.69 1692   6.80   298.0  38588. -2.29 -0.43  -3.90   1.20  -1.50 0.00 0.00 0.00 -1.00  -1.0     -1.  7.40 299.1  54776.
 2:31:54 0.96 278.76  20.93 -1.69 1692   6.94   296.6  47171. -1.65 -0.31   0.00   0.00   0.00 0.00 0.00 0.00  0.17 293.8 115489.  7.58 295.3  34603.
 3:15:06 0.96 278.75  20.53 -1.70 1692   5.41   296.2  47674. -2.59 -0.95   0.00   0.00   0.00 0.00 0.00 0.00 -1.00  -1.0     -1.  6.17 298.0  54473.
 3:58:18 0.96 278.74  20.12 -1.70 1692   5.70   312.9  27372.  1.27  1.68   1.40   4.60   1.50 0.00 0.00 0.00  0.14 312.5 146311.  5.00 312.0  16756.
 4:41:30 0.96 278.73  19.72 -1.70 1692   6.08   310.1  29905.  0.29  2.38  -0.20   3.80   0.10 0.00 0.00 0.00  0.17 316.2  80133.  6.30 314.3  27410.
 5:24:42 0.96 278.73  19.32 -1.70 1692   5.80   318.5  30916. -0.08  0.49   2.00   4.00   1.10 0.00 0.00 0.00  0.14 320.3 142308.  7.28 320.7  32498.
 6:07:54 0.96 278.72  18.92 -1.71 1692   5.41   299.7  30834. -0.42 -1.32   0.00   0.00   0.00 0.00 0.00 0.00 -1.00  -1.0     -1.  6.46 296.1  27856.
 6:51:06 0.96 278.71  18.51 -1.71 1692   5.82   307.2  29974.  0.06  2.06   0.00   4.80   0.70 0.00 0.00 0.00  0.10 305.8 108460.  6.77 304.0  27079.
 7:05:22 0.96 278.71  18.38 -1.71 1692  -1.00    -1.0     -1. -1.00 -1.00  -0.10   4.70  -0.50 0.00 0.00 0.00 -1.00  -1.0     -1. -1.00  -1.0     -1.
 7:34:18 0.96 278.70  18.11 -1.71 1692   6.32   307.2  27258.  0.44  1.77   0.30   4.00  -0.10 0.00 0.00 0.00 -1.00  -1.0     -1.  7.54 308.6  30685.
 7:48:34 0.96 278.70  17.98 -1.71 1692   6.11   318.5  29340.  0.00  0.00   0.15   4.38   1.47 0.00 0.00 0.00 -1.00  -1.0     -1. -1.00  -1.0     -1.
 8:17:30 0.96 278.69  17.71 -1.71 1692   6.13   299.3  38757.  0.00  0.00  -2.12   4.28  -0.76 0.00 0.00 0.00 -1.00  -1.0     -1.  6.86 298.3  28664.
 8:31:46 0.96 278.61  17.49 -1.57 1692  -1.00    -1.0     -1. -1.00 -1.00  -1.73   4.38   0.05 0.00 0.00 0.00 -1.00  -1.0     -1. -1.00  -1.0     -1.
 9:10:18 0.96 278.68  17.21 -1.72 1692  -1.00    -1.0     -1. -1.00 -1.00  -0.21   3.37   1.48 0.00 0.00 0.00 -1.00  -1.0     -1. -1.00  -1.0     -1.
 9:11:39 0.96 278.68  17.20 -1.72 1692   6.46   298.7  42763. -0.06  0.71   0.00   0.00   0.00 0.00 0.00 0.00 -1.00  -1.0     -1.  6.85 301.0  26686.
 9:13:00 0.96 278.68  17.19 -1.72 1692   6.54   299.5  33735.  0.22  0.66   0.00   0.00   0.00 0.00 0.00 0.00 -1.00  -1.0     -1.  7.45 296.9  39693.
 9:14:21 0.96 278.68  17.17 -1.72 1692   5.90   298.3  41067.  0.07  0.95   0.00   0.00   0.00 0.00 0.00 0.00 -1.00  -1.0     -1.  6.60 301.5  34424.
 9:14:49 0.96 278.68  17.17 -1.72 1692   6.25   301.2  32319.  0.17  0.92   0.00   0.00   0.00 0.00 0.00 0.00 -1.00  -1.0     -1.  6.42 301.1  19975.
 9:16:10 0.96 278.68  17.15 -1.72 1692   6.58   299.8  36347.  0.48  1.44   0.00   0.00   0.00 0.00 0.00 0.00  0.13 280.4 124182.  8.18 302.2  44809.
 9:17:31 0.96 278.68  17.14 -1.72 1692   6.14   302.8  32092.  0.22  1.21   0.00   0.00   0.00 0.00 0.00 0.00 -1.00  -1.0     -1.  6.40 303.9  24581.
 9:18:52 0.96 278.68  17.13 -1.72 1692   5.53   306.5  31432. -0.69  1.50   0.00   0.00   0.00 0.00 0.00 0.00 -1.00  -1.0     -1.  5.87 308.8  25445.
 9:20:12 0.96 278.68  17.12 -1.72 1692   6.10   307.2  29619. -0.81  1.27   0.00   0.00   0.00 0.00 0.00 0.00 -1.00  -1.0     -1.  5.80 307.3  17308.
10:33:33 0.96 278.67  16.43 -1.72 1692   6.44   300.8  30519.  1.44  1.96   0.00   0.00   0.00 0.00 0.00 0.00  0.13 295.3 105887.  6.87 300.7  31276.
10:34:54 0.96 278.67  16.42 -1.72 1692   6.13   301.7  36545.  0.95  2.14  -0.39   3.47   1.64 0.15 0.24 0.20 -1.00  -1.0     -1.  7.47 301.4  36058.
10:36:15 0.96 278.67  16.41 -1.72 1692   6.34   301.0  32900.  0.91  1.95  -0.89   3.56   1.57 0.28 0.14 0.11 -1.00  -1.0     -1.  7.73 298.4  29814.
10:37:01 0.96 278.67  16.40 -1.72 1692   6.25   300.1  34551.  1.15  2.23  -0.33   3.29   1.88 0.17 0.20 0.18 -1.00  -1.0     -1.  6.26 301.2  28863.
10:38:22 0.96 278.67  16.39 -1.72 1692   6.56   301.0  31867.  0.90  1.91  -0.66   3.26   1.74 0.20 0.17 0.20 -1.00  -1.0     -1.  8.95 296.3  75874.
10:39:43 0.96 278.67  16.38 -1.72 1692   6.42   297.9  38095.  0.43  2.32  -1.44   3.37   1.57 0.29 0.16 0.25 -1.00  -1.0     -1.  8.63 291.1  51300.
10:41:04 0.96 278.67  16.36 -1.72 1692   6.40   299.0  34151.  0.56  2.78  -1.06   3.37   1.56 0.28 0.24 0.18  0.13 292.9  97025.  7.78 299.4  30493.
10:42:25 0.96 278.67  16.35 -1.72 1692   6.38   297.7  42236.  1.05  2.27  -0.85   3.01   1.64 0.19 0.14 0.41 -1.00  -1.0     -1.  7.69 294.2  43815.
10:43:46 0.96 278.67  16.34 -1.72 1692   6.83   297.6  31338.  1.13  2.68  -0.23   3.34   1.47 0.18 0.09 0.01  0.16 290.3 132043.  7.52 295.2  27921.
10:45:07 0.96 278.67  16.33 -1.72 1692   7.15   296.9  28450.  1.42  2.59  -0.30   3.31   1.63 0.20 0.16 0.20  0.15 291.4  53093.  8.20 295.0  21333.
10:46:28 0.96 278.67  16.31 -1.72 1692  -1.00    -1.0     -1. -1.00 -1.00  -0.45   3.17   1.79 0.50 0.20 0.21 -1.00  -1.0     -1.  7.18 295.4  27307.
10:46:36 0.96 278.67  16.31 -1.72 1692  -1.00    -1.0     -1. -1.00 -1.00  -0.68   3.11   1.85 0.39 0.15 0.19 -1.00  -1.0     -1. -1.00  -1.0     -1.
10:47:48 0.96 278.58  16.22 -1.57 1692  -1.00    -1.0     -1. -1.00 -1.00  -1.90   2.52   2.24 0.14 0.16 0.21 -1.00  -1.0     -1. -1.00  -1.0     -1.
10:47:57 0.96 278.67  16.30 -1.72 1692  -1.00    -1.0     -1. -1.00 -1.00  -1.93   2.53   2.19 0.13 0.14 0.20 -1.00  -1.0     -1. -1.00  -1.0     -1.
10:49:09 0.96 278.58  16.20 -1.57 1692  -1.00    -1.0     -1. -1.00 -1.00  -1.40   2.29   2.52 0.69 0.63 0.49 -1.00  -1.0     -1. -1.00  -1.0     -1.
10:49:18 0.96 278.66  16.29 -1.72 1692  -1.00    -1.0     -1. -1.00 -1.00  -1.17   2.08   2.63 0.60 0.54 0.52 -1.00  -1.0     -1. -1.00  -1.0     -1.
10:50:39 0.96 278.66  16.27 -1.72 1692   7.25   299.9  30633.  0.00  0.00  -1.82   2.62   1.65 0.27 0.10 0.19  0.16 292.7  94400. -1.00  -1.0     -1.
10:50:40 0.96 278.66  16.27 -1.72 1692   6.04   292.2  35145.  0.96  2.68   0.00   0.00   0.00 0.00 0.00 0.00 -1.00  -1.0     -1.  7.68 295.6  35649.
10:51:51 0.96 278.66  16.26 -1.72 1692   6.90   292.9  40593.  1.36  2.66  -1.56   2.89   1.68 0.21 0.21 0.18  0.11 289.2 123610.  6.64 290.7  24191.
10:53:13 0.96 278.66  16.25 -1.72 1692   7.01   292.4  33862.  1.78  2.08  -1.65   3.09   0.88 0.21 0.09 0.18 -1.00  -1.0     -1.  6.41 293.2  29658.
10:54:34 0.96 278.66  16.24 -1.72 1692   7.14   292.1  39355.  1.78  2.73  -1.78   2.90   1.45 0.22 0.19 0.18  0.14 291.5 106822.  8.28 293.0  30730.
10:55:55 0.96 278.66  16.23 -1.72 1692   6.74   291.2  36133.  1.46  2.21  -1.80   3.02   1.21 0.26 0.10 0.12 -1.00  -1.0     -1.  7.00 289.5  29671.
10:57:16 0.96 278.66  16.21 -1.72 1692   7.20   292.7  40937.  1.88  2.08  -1.88   3.01   0.96 0.12 0.13 0.21  0.13 283.6  89774.  6.71 293.7  31988.
10:58:37 0.96 278.66  16.20 -1.72 1692   6.68   290.3  61445. -0.12  0.82  -3.20   1.69  -0.31 0.29 0.31 0.33 -1.00  -1.0     -1.  7.15 291.5  61643.
10:59:58 0.96 278.66  16.19 -1.72 1692   6.76   294.5  41385.  1.32  1.87  -1.97   3.30   0.76 0.18 0.17 0.19  0.15 286.3 140996.  6.80 292.7  30107.
11:01:19 0.96 278.66  16.17 -1.72 1692   6.53   292.8  46300. -1.17 -0.83  -2.60  -0.42  -1.87 0.12 0.04 0.00  0.18 295.0  99819.  7.80 296.7  70303.
11:02:40 0.96 278.66  16.16 -1.72 1692   6.47   286.2  50634. -0.84 -0.27  -3.50   0.51  -0.98 0.28 0.39 0.11  0.13 292.8  89748.  7.55 297.6  67522.
11:04:01 0.96 278.66  16.15 -1.72 1692   6.70   295.4  27843. -1.32 -0.47  -2.36  -0.46  -1.74 0.74 0.75 0.49  0.11 299.8 118101.  7.05 299.8  24272.
11:05:22 0.96 278.66  16.13 -1.72 1692   6.16   290.7  58771.  0.09  1.47  -3.09  -0.16  -1.32 0.30 0.36 0.39  0.12 280.1  45634.  7.16 284.8  54642.
11:06:43 0.96 278.66  16.12 -1.72 1692   6.07   293.3  49100. -0.16  1.04  -2.52  -0.69  -1.46 0.21 0.19 0.41 -1.00  -1.0     -1.  7.61 289.2  42347.
11:08:04 0.96 278.66  16.11 -1.72 1692   6.54   289.7  40921.  0.77  0.02  -2.94   0.02  -1.98 0.41 0.90 0.55 -1.00  -1.0     -1.  7.16 289.3  38900.
11:09:25 0.96 278.66  16.10 -1.72 1692   6.08   294.3  45342.  0.57  0.64  -3.14   0.66  -2.61 0.19 0.13 0.16 -1.00  -1.0     -1.  7.12 300.6  46333.
11:10:46 0.96 278.66  16.09 -1.72 1692   6.16   292.1  42107.  0.98  0.72  -3.53   0.88  -2.24 0.25 0.13 0.16 -1.00  -1.0     -1.  7.43 292.9  31364.
11:12:07 0.96 278.66  16.07 -1.72 1692   5.92   296.0  48012.  0.44  1.13  -3.73   0.85  -2.08 0.12 0.12 0.26 -1.00  -1.0     -1.  7.74 289.9  47915.
11:13:28 0.96 278.66  16.06 -1.72 1692   6.23   297.1  44481. -0.08  0.94  -3.35   0.24  -2.06 0.18 0.21 0.19 -1.00  -1.0     -1.  6.76 299.3  51024.
11:14:49 0.96 278.66  16.05 -1.72 1692   6.10   294.7  52131.  1.04  1.66  -3.55   1.39  -1.47 0.32 0.16 0.38 -1.00  -1.0     -1.  6.53 292.1  49841.
11:16:10 0.96 278.66  16.03 -1.72 1692   7.03   305.0  30717.  3.06  2.42   0.05   3.39   0.38 0.13 0.16 0.19  0.15 294.3 108356.  6.37 304.7  16749.
11:17:31 0.96 278.66  16.02 -1.72 1692   6.37   307.3  44777.  2.58  2.70  -1.76   2.92  -0.66 0.16 0.25 0.20  0.12 296.3 105497.  6.72 302.0  37588.
11:18:52 0.96 278.66  16.01 -1.72 1692   6.31   307.1  47954.  2.74  2.61  -1.43   2.39  -0.50 0.27 0.12 0.12  0.10 309.5 124780.  5.84 309.7  27375.
11:20:13 0.96 278.66  16.00 -1.73 1692   6.66   306.5  48623.  2.73  1.70  -0.89   2.35  -0.27 0.34 0.24 0.19  0.11 307.5  89774.  6.34 308.7  36600.
11:21:34 0.96 278.66  15.98 -1.73 1692   6.14   300.9  33170.  1.65  2.23  -1.87   3.43  -0.59 0.14 0.05 0.18  0.10 310.6 102093.  5.89 300.9  25127.
11:22:55 0.96 278.66  15.97 -1.73 1692   6.23   302.2  36867.  0.63  2.41  -1.11   3.40  -0.33 0.31 0.51 0.21 -1.00  -1.0     -1.  6.64 300.1  28297.
11:24:16 0.96 278.66  15.96 -1.73 1692   6.22   301.8  32004.  0.96  2.77  -1.67   3.84  -0.30 0.20 0.19 0.19 -1.00  -1.0     -1.  6.09 298.8  28359.
11:25:37 0.96 278.66  15.95 -1.73 1692   5.75   305.2  37179. -0.04  2.91  -1.55   4.05  -0.44 0.16 0.07 0.13 -1.00  -1.0     -1.  6.10 303.1  25124.
11:26:58 0.96 278.66  15.94 -1.73 1692   5.53   305.1  31565. -0.02  2.81  -1.26   4.27  -0.51 0.24 0.17 0.12 -1.00  -1.0     -1.  5.71 310.2  32569.
11:28:19 0.96 278.66  15.92 -1.73 1692   5.77   307.4  32783.  0.33  2.73  -0.92   4.38  -0.20 0.20 0.17 0.22 -1.00  -1.0     -1.  6.68 306.8  29090.
11:29:40 0.96 278.66  15.91 -1.73 1692   6.30   305.4  30626. -0.07  2.57  -1.28   4.17  -0.29 0.25 0.10 0.20  0.08 303.9  53197. -1.00  -1.0     -1.
11:31:01 0.96 278.66  15.90 -1.73 1692   5.80   307.3  34486.  0.07  2.30  -0.97   4.26  -0.28 0.20 0.10 0.19  0.09 305.6 115216.  6.72 306.2  32881.
11:32:22 0.96 278.66  15.88 -1.73 1692   6.31   304.8  30756.  0.29  2.51  -0.54   4.44  -0.36 0.20 0.13 0.20 -1.00  -1.0     -1.  6.22 303.9  26173.
11:33:43 0.96 278.66  15.87 -1.73 1692   5.61   308.9  33907.  0.00  3.09  -0.77   4.36  -0.16 0.31 0.15 0.00 -1.00  -1.0     -1.  8.20 308.5  31663.
11:35:04 0.96 278.66  15.86 -1.73 1692   6.18   306.5  30409.  0.26  3.30  -0.67   4.29   0.24 0.24 0.15 0.00 -1.00  -1.0     -1.  7.32 306.9  29473.
11:36:25 0.96 278.66  15.85 -1.73 1692   6.22   309.0  33339.  0.93  3.14  -0.75   4.04  -0.16 0.21 0.18 0.00 -1.00  -1.0     -1.  5.90 306.3  24964.
11:37:46 0.96 278.66  15.83 -1.73 1692   6.48   307.3  28112.  0.84  3.36  -0.86   4.12   0.04 0.18 0.21 0.20  0.09 311.3  79509.  7.52 310.2  26897.
11:39:07 0.96 278.66  15.82 -1.73 1692   6.15   308.9  32751.  0.22  3.39  -0.95   4.21   0.20 0.15 0.19 0.12 -1.00  -1.0     -1.  7.25 301.9  56842.
11:40:28 0.96 278.66  15.81 -1.73 1692   6.25   307.2  30461.  0.42  3.65  -0.70   4.35   0.32 0.12 0.11 0.16 -1.00  -1.0     -1.  8.48 299.6  41801.
11:41:49 0.96 278.66  15.80 -1.73 1692   6.23   309.1  31478.  0.04  3.97  -0.85   4.33   0.60 0.19 0.06 0.21  0.11 311.0 182706.  6.24 306.6  25085.
11:43:10 0.96 278.65  15.78 -1.73 1692   6.23   308.1  30769.  0.56  3.48  -1.38   4.27   0.11 0.16 0.22 0.24  0.09 313.2 111227.  6.97 311.4  28577.
11:44:31 0.96 278.65  15.77 -1.73 1692   5.84   308.8  32195.  0.39  3.36  -1.06   4.39   0.62 0.11 0.21 0.00 -1.00  -1.0     -1.  6.89 306.7  38407.
11:45:52 0.96 278.65  15.76 -1.73 1692   6.20   307.0  30532.  0.16  3.63  -0.79   4.56   0.63 0.10 0.20 0.18 -1.00  -1.0     -1.  7.26 309.4  45426.
11:47:13 0.96 278.65  15.74 -1.73 1692   6.13   307.6  32241. -0.01  3.80  -0.34   4.58   0.22 0.12 0.06 0.02 -1.00  -1.0     -1.  5.98 305.9  25809.
11:48:34 0.96 278.65  15.73 -1.73 1692   6.08   306.5  29723. -0.01  3.58  -0.19   4.65   0.19 0.19 0.09 0.31 -1.00  -1.0     -1.  5.63 307.6  19692.
11:49:55 0.96 278.65  15.72 -1.73 1692   5.93   305.8  37266.  0.60  3.80  -1.04   4.40   0.23 0.24 0.26 0.03 -1.00  -1.0     -1.  7.75 307.2  29675.
11:51:16 0.96 278.65  15.71 -1.73 1692   5.97   305.6  31458.  0.65  3.51  -0.87   4.41   0.23 0.19 0.22 0.40 -1.00  -1.0     -1.  9.19 302.8  55467.
11:52:37 0.96 278.65  15.70 -1.73 1692   5.95   305.4  35145.  0.30  3.55   0.00   0.00   0.00 0.00 0.00 0.00 -1.00  -1.0     -1.  6.21 307.6  27823.
11:53:58 0.96 278.65  15.68 -1.73 1692   6.01   305.9  30321.  0.47  3.85   0.00   0.00   0.00 0.00 0.00 0.00 -1.00  -1.0     -1.  5.89 304.0  24669.
11:55:19 0.96 278.65  15.67 -1.73 1692   6.03   305.8  31796. -0.52  4.55   0.00   0.00   0.00 0.00 0.00 0.00 -1.00  -1.0     -1.  7.47 305.4  30500.
11:56:40 0.96 278.65  15.66 -1.73 1692   6.37   307.6  31958. -0.24  3.62   0.00   0.00   0.00 0.00 0.00 0.00 -1.00  -1.0     -1.  5.67 310.6  25822.
11:58:01 0.96 278.65  15.64 -1.73 1692   5.72   305.2  35899.  0.33  3.26   0.00   0.00   0.00 0.00 0.00 0.00 -1.00  -1.0     -1.  5.46 304.4  23603.
11:59:22 0.96 278.65  15.63 -1.73 1692   6.13   303.9  31075.  0.23  3.24   0.00   0.00   0.00 0.00 0.00 0.00 -1.00  -1.0     -1.  7.86 306.2  30685.
12:00:43 0.96 278.65  15.62 -1.73 1692   5.66   304.4  34024.  0.04  3.54   0.00   0.00   0.00 0.00 0.00 0.00 -1.00  -1.0     -1.  6.02 303.5  36675.
12:02:04 0.96 278.65  15.61 -1.73 1692   5.76   304.3  30951.  0.57  3.50   0.00   0.00   0.00 0.00 0.00 0.00 -1.00  -1.0     -1.  6.72 305.2  20605.
12:03:25 0.96 278.65  15.59 -1.73 1692   5.97   304.6  33401.  0.30  2.98   0.00   0.00   0.00 0.00 0.00 0.00 -1.00  -1.0     -1.  7.34 301.8  29311.
12:04:46 0.96 278.65  15.58 -1.73 1692   6.22   304.2  29035.  0.40  3.26   0.00   0.00   0.00 0.00 0.00 0.00 -1.00  -1.0     -1.  7.66 305.9  28291.
12:06:07 0.96 278.65  15.57 -1.73 1692   5.99   304.6  28742.  0.15  3.42   0.00   0.00   0.00 0.00 0.00 0.00 -1.00  -1.0     -1.  6.15 304.3  21937.
12:07:28 0.96 278.65  15.56 -1.73 1692   6.15   304.2  30136.  0.54  3.30   0.00   0.00   0.00 0.00 0.00 0.00 -1.00  -1.0     -1.  6.19 302.9  21709.
12:08:49 0.96 278.65  15.54 -1.73 1692   6.09   304.4  35210.  0.46  3.16   0.00   0.00   0.00 0.00 0.00 0.00 -1.00  -1.0     -1.  7.50 301.0  34382.
12:10:10 0.96 278.65  15.53 -1.73 1692   5.65   303.7  31624.  0.75  3.16  -0.90   4.60   0.50 0.20 0.17 0.18  0.15 300.5 204822.  5.96 300.7  21255.
12:11:31 0.96 278.65  15.52 -1.73 1692   5.84   302.6  33375.  0.37  3.41  -0.94   4.59   0.38 0.19 0.19 0.19 -1.00  -1.0     -1.  6.10 302.5  24272.
12:12:52 0.96 278.65  15.50 -1.73 1692   5.81   303.0  29918.  0.40  3.16  -0.52   4.86   0.50 0.14 0.16 0.18 -1.00  -1.0     -1.  6.46 297.9  29080.
12:14:13 0.96 278.65  15.49 -1.73 1692   6.58   302.9  33264.  0.53  2.69  -0.67   4.72   0.82 0.19 0.22 0.20 -1.00  -1.0     -1.  5.44 303.4  22729.
12:15:34 0.96 278.65  15.48 -1.73 1692   6.03   302.8  30285.  0.64  3.38  -0.23   4.62   0.34 0.28 0.16 0.20 -1.00  -1.0     -1.  8.27 295.9  48977.
12:16:55 0.96 278.65  15.47 -1.73 1692   6.21   299.3  37367.  0.34  3.27  -0.17   4.66   0.50 0.20 0.10 0.14  0.08 295.5  39085.  7.32 299.5  32673.
12:18:16 0.96 278.65  15.46 -1.73 1692   6.11   303.1  30211.  0.84  3.83  -0.33   4.76   0.76 0.15 0.22 0.19  0.12 302.4 133395.  6.51 301.9  22060.
12:19:37 0.96 278.65  15.44 -1.73 1692   5.82   304.2  34011.  0.24  3.46  -0.13   4.66   0.97 0.15 0.10 0.04 -1.00  -1.0     -1.  8.10 307.9  59486.
12:20:58 0.96 278.65  15.43 -1.73 1692   5.89   303.9  30523.  0.33  4.03  -0.03   4.44   1.01 0.22 0.15 0.15 -1.00  -1.0     -1.  7.46 302.0  25461.
12:22:19 0.96 278.65  15.42 -1.73 1692   5.90   302.0  34746. -0.65  3.00  -0.49   4.57   0.93 0.24 0.11 0.30 -1.00  -1.0     -1.  5.64 302.8  24305.
12:23:40 0.96 278.65  15.41 -1.73 1692   5.61   305.1  33365.  0.09  3.47   0.08   4.48   1.72 0.25 0.19 0.36 -1.00  -1.0     -1.  6.44 308.5  37156.
12:25:01 0.96 278.65  15.39 -1.73 1692   5.89   301.8  33053.  0.70  3.51  -0.28   4.56   1.21 0.00 0.00 0.20 -1.00  -1.0     -1.  5.49 302.5  23353.
12:29:04 0.96 278.65  15.35 -1.73 1692   6.32   304.1  32105.  0.60  3.69  -0.46   4.58   1.09 0.22 0.10 0.16 -1.00  -1.0     -1.  6.81 306.6  24217.
12:30:25 0.96 278.65  15.34 -1.73 1692   5.89   301.3  33690. -0.38  3.83  -0.74   4.83   1.17 0.23 0.11 0.20 -1.00  -1.0     -1.  5.46 301.3  26283.
12:31:46 0.96 278.65  15.33 -1.73 1692   6.11   303.8  33407.  0.34  3.49  -0.38   5.06   0.78 0.17 0.13 0.20  0.10 299.3  86006.  9.67 304.6  66441.
12:33:07 0.96 278.65  15.32 -1.73 1692   5.92   303.9  37062. -0.40  3.41  -0.41   5.06   0.98 0.16 0.13 0.04 -1.00  -1.0     -1.  5.63 304.3  25890.
12:34:28 0.96 278.65  15.31 -1.73 1692   6.35   301.4  30864.  0.93  3.28  -0.92   4.74   0.73 0.12 0.06 0.18 -1.00  -1.0     -1.  7.60 299.2  28700.
12:35:49 0.96 278.65  15.29 -1.73 1692   6.27   301.8  36990. -0.06  3.38  -0.68   4.90   0.80 0.21 0.13 0.20 -1.00  -1.0     -1.  6.58 301.8  31624.
12:37:10 0.96 278.64  15.28 -1.73 1692   6.33   303.0  32592.  0.17  3.89  -1.04   4.77   0.76 0.21 0.11 0.20 -1.00  -1.0     -1.  6.76 303.6  27537.
12:38:31 0.96 278.64  15.27 -1.73 1692   6.85   309.2  32605. -0.10  4.11  -0.68   4.74   1.00 0.22 0.21 0.00 -1.00  -1.0     -1.  7.48 307.7  36574.
12:39:52 0.96 278.64  15.25 -1.73 1692   6.69   317.9  31149. -1.06  5.15   0.77   4.22   2.08 0.37 0.23 0.33 -1.00  -1.0     -1.  7.60 316.7  26738.
12:41:13 0.96 278.64  15.24 -1.73 1692   6.01   313.5  32004. -1.00  4.56  -0.52   4.46   1.71 0.48 0.24 0.53  0.13 317.6 184318.  6.54 313.9  12643.
12:42:34 0.96 278.64  15.23 -1.73 1692   5.22   295.7  36578. -0.78  3.11   3.23   2.84   2.88 0.25 0.11 0.13 -1.00  -1.0     -1.  5.34 297.6  25042.
12:43:55 0.96 278.64  15.21 -1.73 1692   6.05   300.0  38322. -0.31  3.75   2.91   2.82   2.85 0.30 0.17 0.00 -1.00  -1.0     -1.  8.83 294.7  61113.
12:45:16 0.96 278.64  15.20 -1.73 1692   5.80   295.2  35701.  0.27  3.40   3.06   2.38   2.88 0.12 0.23 0.12 -1.00  -1.0     -1.  9.02 283.1  91717.
12:46:37 0.96 278.64  15.19 -1.73 1692   5.67   296.1  31796.  0.58  3.10   2.60   2.62   2.84 0.22 0.16 0.00  0.19 283.7 100806.  6.07 297.3  25838.
12:47:58 0.96 278.64  15.18 -1.73 1692   6.91   300.4  29772.  0.92  3.99   2.57   2.35   2.61 0.12 0.03 0.19  0.09 289.3  70583.  6.38 297.7  22275.
12:49:19 0.96 278.64  15.17 -1.73 1692   6.70   299.0  36172.  0.84  4.09   2.54   2.40   2.78 0.20 0.14 0.17  0.11 292.7  45374.  6.43 301.4  22512.
12:50:40 0.96 278.64  15.15 -1.73 1692   6.24   299.7  32342.  0.39  3.27   2.57   2.51   3.09 0.21 0.16 0.21  0.09 297.5  86721.  5.90 299.2  26858.
12:52:01 0.96 278.64  15.14 -1.73 1692   5.32   294.8  31799.  0.19  3.05   2.59   2.42   2.94 0.23 0.15 0.18  0.14 287.1 194778.  7.59 295.7  28902.
12:53:22 0.96 278.64  15.13 -1.73 1692   6.01   301.2  31221.  0.22  3.21   2.48   2.47   2.89 0.18 0.16 0.20 -1.00  -1.0     -1.  7.78 303.0  58394.
12:54:43 0.96 278.64  15.11 -1.73 1692   6.29   301.0  37750.  0.00  0.00   2.59   2.52   2.34 0.39 0.08 0.21  0.11 288.1  73571. 11.83 302.0  83947.
12:56:04 0.96 278.64  15.10 -1.73 1692   6.34   301.0  33677.  0.03  3.43   2.25   2.52   2.44 0.15 0.22 0.23 -1.00  -1.0     -1.  7.81 306.8  35499.
12:57:25 0.96 278.64  15.09 -1.73 1692   5.94   300.2  36535. -0.19  3.81   2.63   2.58   2.75 0.18 0.21 0.16  0.10 292.2 169232.  6.63 303.9  26397.
12:58:46 0.96 278.64  15.08 -1.73 1692   5.46   297.3  29217. -0.48  3.13   2.61   2.37   2.88 0.13 0.07 0.15 -1.00  -1.0     -1.  6.26 297.0  30994.
13:00:07 0.96 278.64  15.06 -1.73 1692   5.66   297.1  30116. -0.30  3.19   2.69   2.00   3.02 0.18 0.09 0.22 -1.00  -1.0     -1.  6.50 297.4  20582.
13:01:28 0.96 278.64  15.05 -1.73 1692   6.34   298.0  41213. -0.10  3.72   2.22   1.84   3.20 0.17 0.22 0.18 -1.00  -1.0     -1.  6.99 299.8  28697.
13:02:49 0.96 278.64  15.04 -1.73 1692   5.54   295.8  33661. -0.37  2.71   2.46   1.53   3.45 0.18 0.14 0.19  0.13 301.0  81770.  5.38 297.8  18130.
13:04:10 0.96 278.64  15.03 -1.73 1692   5.80   298.9  30958. -0.15  2.38   2.63   1.57   3.32 0.09 0.03 0.20 -1.00  -1.0     -1.  7.43 297.8  32751.
13:05:31 0.96 278.64  15.01 -1.73 1692   5.97   299.7  32176.  0.00  2.70   2.25   1.42   3.44 0.13 0.13 0.18  0.11 300.1  82134.  5.94 298.1  27700.
13:06:52 0.96 278.64  15.00 -1.73 1692   6.06   299.5  32926. -0.17  2.58   2.67   1.40   3.20 0.09 0.20 0.20 -1.00  -1.0     -1. -1.00  -1.0     -1.
13:08:13 0.96 278.64  14.99 -1.73 1692   5.66   297.1  34034.  0.05  3.25   2.81   0.93   3.10 0.32 0.20 0.20  0.12 293.0  42776. -1.00  -1.0     -1.
13:09:34 0.96 278.64  14.97 -1.73 1692   6.38   302.3  34453.  0.23  3.78   2.20   1.76   2.88 0.41 0.73 0.22 -1.00  -1.0     -1.  6.24 305.0  22629.
13:10:55 0.96 278.64  14.96 -1.73 1692   6.51   298.5  36896.  0.24  3.23   1.95   0.29   3.25 0.18 0.36 0.19  0.17 288.0 136669. -1.00  -1.0     -1.
13:12:16 0.96 278.64  14.95 -1.73 1692   5.94   301.8  32780.  0.34  3.00   1.86   0.11   3.24 0.18 0.34 0.19 -1.00  -1.0     -1.  5.88 298.1  22895.
13:13:37 0.96 278.64  14.94 -1.73 1692   7.02   308.6  31367. -1.39  4.65   0.78   3.00   2.14 0.25 0.28 0.34  0.19 301.8 101703.  6.83 310.9  19786.
13:14:58 0.96 278.64  14.93 -1.73 1692   6.86   305.4  29658.  0.02  3.71   0.51   3.64   1.07 0.20 0.11 0.20  0.12 307.8 118153.  7.58 305.3  19488.
13:16:19 0.96 278.64  14.91 -1.73 1692   7.35   305.6  31559. -0.48  3.87   0.85   3.45   1.65 0.25 0.36 0.50  0.16 303.5  75975.  8.17 302.5  27622.
13:17:40 0.96 278.64  14.90 -1.73 1692   7.61   304.8  28768. -0.81  4.66   1.27   2.59   2.30 0.32 0.39 0.20  0.21 302.0 132173.  6.92 310.2  28668.
13:19:01 0.96 278.64  14.89 -1.73 1692   6.93   303.0  34473.  0.43  3.29   0.89   2.77   2.34 0.14 0.29 0.29  0.21 297.0 109200.  9.49 301.8  33131.
13:20:22 0.96 278.64  14.88 -1.73 1692   6.94   303.1  29256. -0.19  3.91   0.72   3.01   2.07 0.19 0.22 0.17  0.10 306.4 187215.  7.06 301.8  19536.
13:21:43 0.96 278.64  14.86 -1.73 1692   7.40   302.7  31578.  0.13  3.93   0.92   2.82   2.20 0.11 0.21 0.15  0.19 300.0  68763.  9.56 302.5  39592.
13:23:04 0.96 278.64  14.85 -1.73 1692   6.80   303.0  31689. -0.26  3.76   0.97   2.78   2.32 0.12 0.21 0.20  0.10 306.6  39761.  7.80 303.3  21242.
13:24:25 0.96 278.64  14.84 -1.73 1692   7.72   302.8  31039.  0.05  4.17   1.12   2.64   2.36 0.24 0.14 0.20  0.23 297.5 149754.  8.83 299.8  33160.
13:25:46 0.96 278.64  14.82 -1.73 1692   7.44   303.0  28154.  0.40  4.13   0.96   2.30   2.53 0.11 0.26 0.15  0.20 296.8  84928.  6.67 304.7  15193.
13:27:07 0.96 278.64  14.81 -1.73 1692   8.02   301.7  32338.  0.66  4.05   0.97   2.51   2.50 0.15 0.18 0.11  0.19 296.5 130003.  8.68 302.3  27927.
13:28:28 0.96 278.64  14.80 -1.73 1692   7.83   302.1  27248.  0.63  4.01   0.77   2.20   2.67 0.20 0.19 0.16  0.18 296.6  88293. 10.13 306.7  43783.
13:29:49 0.96 278.64  14.79 -1.73 1692   7.36   302.3  31708.  0.60  3.62   1.05   2.28   2.67 0.22 0.31 0.28  0.22 303.3  66321.  7.95 302.6  24013.
13:31:10 0.96 278.63  14.78 -1.73 1692   6.55   297.7  29330.  0.04  4.62   2.09   2.54   2.07 0.28 0.13 0.18  0.14 293.8 108771.  7.38 298.1  18061.
13:32:31 0.96 278.63  14.76 -1.73 1692   6.82   296.8  31708.  0.69  3.60   2.33   2.33   2.23 0.18 0.18 0.19  0.15 289.4 149104.  7.71 298.2  30685.
13:33:52 0.96 278.63  14.75 -1.73 1692   6.94   301.6  31871.  0.60  3.40   1.30   2.23   2.87 0.18 0.11 0.13  0.14 293.2 100130.  8.23 301.7  30682.
13:35:13 0.96 278.63  14.74 -1.73 1692   6.94   297.4  30805.  0.91  3.36   1.65   2.27   2.58 0.23 0.17 0.16  0.21 288.6 121258.  8.48 299.5  37114.
13:36:34 0.96 278.63  14.72 -1.73 1692   6.65   299.7  30363.  0.60  3.10   1.54   2.11   2.57 0.19 0.24 0.16  0.13 288.3 102495.  7.72 300.7  24448.
13:37:55 0.96 278.63  14.71 -1.73 1692   6.84   298.8  41415. -0.11  3.24   1.98   1.64   2.66 0.12 0.03 0.20  0.19 285.1 163242.  6.45 302.2  25250.
13:39:16 0.96 278.63  14.70 -1.73 1692   6.62   299.7  29554.  0.21  3.60   2.17   1.40   2.74 0.15 0.22 0.19  0.15 292.5 119764.  6.23 300.2  18510.
13:40:37 0.96 278.63  14.69 -1.73 1692   6.63   296.9  29974.  0.20  3.25   2.53   1.23   3.07 0.22 0.16 0.20  0.13 296.2 127547.  6.45 299.3  27359.
13:41:58 0.96 278.63  14.67 -1.73 1692   6.64   299.6  29369.  0.04  3.40   2.50   0.87   3.10 0.25 0.11 0.20  0.12 287.5 104198.  7.53 299.9  18133.
13:43:19 0.96 278.63  14.66 -1.73 1692   6.83   298.3  35805.  0.40  3.56   2.08   0.97   2.90 0.24 0.12 0.00  0.13 288.3  80081.  9.52 301.8  40187.
13:44:40 0.96 278.63  14.65 -1.73 1692   6.93   298.3  32618.  0.12  4.02   2.21   0.93   3.02 0.23 0.24 0.18 -1.00  -1.0     -1.  9.14 296.5  26248.
13:46:01 0.96 278.63  14.64 -1.73 1692   6.70   298.4  36068. -0.38  3.54   2.07   0.94   3.18 0.14 0.16 0.18  0.10 299.6 114723.  7.66 304.9  31026.
13:47:22 0.96 278.63  14.62 -1.73 1692   6.72   300.5  30549.  0.28  3.78   1.87   0.82   2.73 0.20 0.22 0.28  0.15 294.8  91749.  8.08 297.1  32874.
13:48:43 0.96 278.63  14.61 -1.73 1692   7.09   292.0  33274.  1.67  3.85   1.40   1.06   2.82 0.22 0.18 0.19  0.22 281.8 117009.  7.10 289.5  30994.
13:50:04 0.96 278.63  14.60 -1.73 1692   6.81   295.0  38673.  1.53  3.68   1.75   0.91   2.82 0.18 0.21 0.20  0.11 293.1  80887.  7.74 293.9  26858.
13:51:25 0.96 278.63  14.58 -1.73 1692   6.63   294.9  30458.  0.31  3.42   1.64   0.91   3.74 0.25 0.16 0.15  0.12 288.0  83316.  7.49 295.6  22749.
13:52:46 0.96 278.63  14.57 -1.73 1692   6.78   298.8  28482.  0.98  3.21   1.39   1.34   4.12 0.32 0.18 0.12  0.14 299.6 197246.  7.49 297.7  25211.
13:54:07 0.96 278.63  14.56 -1.73 1692   6.62   296.5  29554.  1.17  3.57   2.01   0.49   3.58 0.20 0.17 0.22 -1.00  -1.0     -1.  8.30 294.5  26455.
13:55:28 0.96 278.63  14.55 -1.73 1692   7.02   297.5  30201.  1.30  3.47   2.29   1.07   3.41 0.18 0.17 0.18 -1.00  -1.0     -1.  7.55 296.5  33102.
13:56:49 0.96 278.63  14.54 -1.73 1692   6.55   296.2  34070.  0.87  3.55   2.57   0.31   3.46 0.23 0.45 0.19  0.18 297.0 116931.  7.84 294.8  42558.
13:58:10 0.96 278.63  14.52 -1.73 1692   6.80   296.6  41324.  0.51  3.27   2.55  -0.10   3.39 0.27 0.29 0.18 -1.00  -1.0     -1.  6.42 294.7  24675.
13:59:31 0.96 278.63  14.51 -1.73 1692   6.72   297.3  40378.  0.39  3.34   2.51  -0.96   3.24 0.19 0.25 0.17  0.12 289.3 182563.  7.36 298.4  31984.
14:00:52 0.96 278.63  14.50 -1.74 1692   6.51   296.6  39589. -0.95  2.73   2.18  -1.11   3.11 0.37 0.80 0.25 -1.00  -1.0     -1.  6.61 297.3  33920.
14:02:13 0.96 278.63  14.48 -1.74 1692   6.94   300.7  35545. -0.43  3.86   2.86  -0.40   3.30 0.23 0.23 0.18  0.08 293.4  66126.  8.30 299.1  32488.
14:03:34 0.96 278.63  14.47 -1.74 1692   6.40   301.2  31276. -0.09  3.57   2.70  -0.61   3.26 0.06 0.12 0.22 -1.00  -1.0     -1.  5.98 302.8  13705.
14:04:55 0.96 278.63  14.46 -1.74 1692   6.68   302.9  35372. -0.05  3.54   2.71  -0.55   2.95 0.20 0.18 0.12 -1.00  -1.0     -1.  6.54 305.7  21963.
14:06:16 0.96 278.63  14.44 -1.74 1692   6.17   303.8  30721. -0.86  3.00   3.49  -0.73   2.91 0.14 0.13 0.01  0.14 303.8 129912.  6.89 303.2  25816.
14:07:37 0.96 278.63  14.43 -1.74 1692   6.92   303.7  37893. -0.70  2.83   2.76  -0.86   2.99 0.10 0.21 0.16  0.11 300.0 112345.  7.69 303.9  39569.
14:08:58 0.96 278.63  14.42 -1.74 1692   6.34   302.6  30064. -0.60  2.66   2.78  -0.61   2.95 0.20 0.12 0.12  0.14 294.4 103405.  7.63 301.7  32325.
14:10:19 0.96 278.63  14.41 -1.74 1692   6.89   301.2  39323. -0.63  2.67   2.77  -1.15   2.88 0.20 0.12 0.11  0.13 302.8 127716.  6.98 301.0  30961.
14:11:40 0.96 278.63  14.40 -1.74 1692   6.64   301.4  29720. -0.57  3.19   2.83  -0.63   3.25 0.18 0.11 0.12  0.15 294.9 101417.  7.23 298.9  29041.
14:13:01 0.96 278.63  14.38 -1.74 1692   6.98   300.9  38446. -0.51  3.23   2.69  -0.42   3.30 0.24 0.18 0.03  0.10 301.2  94894.  5.88 304.8  24091.
14:14:22 0.96 278.63  14.37 -1.74 1692   7.00   301.1  31981.  0.06  3.74   1.98   0.37   3.80 0.12 0.04 0.10  0.13 296.5  82849.  7.42 300.2  27414.
14:15:43 0.96 278.63  14.36 -1.74 1692   6.95   299.6  35317.  0.08  3.42   1.68   0.21   3.41 0.22 0.09 0.09  0.13 295.6  83174.  7.49 302.8  23058.
14:17:04 0.96 278.63  14.34 -1.74 1692   7.69   300.6  31409.  0.17  3.58   2.23  -0.07   3.58 0.27 0.35 0.19  0.14 291.5  99533.  7.97 299.3  32731.
14:18:25 0.96 278.63  14.33 -1.74 1692   7.23   303.6  40538. -1.38  2.37   2.60  -1.12   2.82 0.37 0.23 0.40 -1.00  -1.0     -1.  7.16 306.3  28489.
14:19:46 0.96 278.63  14.32 -1.74 1692   6.72   303.8  35376. -1.24  2.40   2.47   0.01   3.17 0.17 0.42 0.18  0.16 305.4 124039.  7.51 304.7  22911.
14:21:07 0.96 278.63  14.31 -1.74 1692   7.00   302.8  36604. -0.64  2.98   2.21  -0.50   3.54 0.14 0.10 0.20  0.12 302.6  76508.  7.48 301.5  28154.
14:22:28 0.96 278.63  14.29 -1.74 1692   6.99   305.7  33274. -1.35  2.30   2.64  -0.79   3.00 0.20 0.16 0.15  0.14 298.0  95440.  8.41 305.2  25416.
14:23:49 0.96 278.63  14.28 -1.74 1692   7.26   303.9  34213. -1.10  2.53   2.52  -0.31   3.22 0.11 0.13 0.17  0.13 294.3 147623.  6.79 306.0  22453.
14:25:10 0.96 278.62  14.27 -1.74 1692   7.25   301.9  29876. -0.06  3.01   2.12  -0.05   3.56 0.17 0.40 0.18  0.10 303.6 148701.  6.93 302.1  19176.
14:26:31 0.96 278.62  14.26 -1.74 1692   7.79   301.6  32946. -0.15  3.33   1.88   0.11   3.40 0.20 0.31 0.13  0.16 293.3 122298.  9.17 304.9  28671.
14:27:52 0.96 278.62  14.25 -1.74 1692   7.32   301.9  28096.  0.18  3.65   1.84   0.28   3.53 0.11 0.06 0.20  0.14 303.8 150170.  7.59 303.4  23581.
14:29:13 0.96 278.62  14.23 -1.74 1692   7.47   302.0  33625.  0.06  3.53   1.92   0.53   3.37 0.16 0.26 0.11  0.16 296.0 136487.  8.13 300.9  27885.
14:30:34 0.96 278.62  14.22 -1.74 1692   7.17   303.4  27940. -0.22  2.75   2.00   0.07   3.35 0.25 0.35 0.04 -1.00  -1.0     -1.  9.30 302.0  23788.
14:31:55 0.96 278.62  14.21 -1.74 1692   7.29   307.2  29532.  0.10  2.98   2.09   0.21   3.36 0.33 0.36 0.14  0.14 301.6  69647.  8.05 305.6  24718.
14:33:16 0.96 278.62  14.19 -1.74 1692   7.43   302.6  27466. -0.06  3.76   1.55  -0.03   3.52 0.18 0.32 0.19  0.18 296.6 156082.  8.12 300.7  18406.
14:34:37 0.96 278.62  14.18 -1.74 1692   7.95   302.6  31052.  0.23  3.84   1.85   0.54   3.43 0.16 0.19 0.17  0.12 293.0 154237.  7.01 302.8  23119.
14:35:58 0.96 278.62  14.17 -1.74 1692   7.65   302.6  30357. -0.12  3.84   1.61   0.19   3.68 0.16 0.08 0.16  0.11 301.4 147376.  7.91 305.3  23509.
14:37:19 0.96 278.62  14.16 -1.74 1692   7.51   303.1  33274. -0.04  3.56   2.03   0.08   3.35 0.20 0.36 0.04  0.19 293.3 114775.  7.82 305.2  31695.
14:38:40 0.96 278.62  14.14 -1.74 1692   7.32   302.5  28817. -0.28  3.75   1.69  -0.06   3.37 0.22 0.35 0.00  0.06 306.8  42594.  8.80 299.6  34261.
14:40:01 0.96 278.62  14.13 -1.74 1692   6.96   304.4  26761. -0.39  3.70   1.88   0.27   3.20 0.12 0.06 0.19  0.13 298.0 173546.  8.12 302.6  26075.
14:41:22 0.96 278.62  14.12 -1.74 1692   7.07   302.3  29681. -0.46  3.45   2.03   0.26   3.29 0.20 0.25 0.15  0.11 298.7  81341.  7.03 304.1  20998.
14:42:43 0.96 278.62  14.11 -1.74 1692   6.93   300.6  28564. -0.47  3.02   1.91  -0.21   3.65 0.19 0.42 0.18  0.14 301.4  79925.  9.51 302.6  30639.
14:44:04 0.96 278.62  14.09 -1.74 1692   7.36   300.1  28382. -0.29  3.40   2.25  -0.07   3.64 0.22 0.39 0.15  0.13 298.5  88137.  8.06 301.2  31838.
14:45:25 0.96 278.62  14.08 -1.74 1692   6.87   299.2  26754. -0.38  3.53   2.35  -0.30   3.64 0.18 0.27 0.15  0.14 290.8  81991.  7.90 300.2  27381.
14:46:46 0.96 278.62  14.07 -1.74 1692   7.21   301.9  27836. -0.14  3.32   1.99  -0.10   3.46 0.28 0.39 0.20  0.11 300.6  79106.  8.02 300.5  22954.
14:48:07 0.96 278.62  14.05 -1.74 1692   6.36   297.4  28690. -0.71  3.31   2.02  -0.26   3.72 0.28 0.32 0.12  0.14 287.5  86786.  8.07 300.0  25848.
14:49:28 0.96 278.62  14.04 -1.74 1692   7.32   300.0  25952. -0.24  3.29   1.83  -0.25   3.52 0.24 0.38 0.20  0.14 290.2 109083.  7.83 296.7  23512.
14:50:49 0.96 278.62  14.03 -1.74 1692   6.96   297.6  27654. -0.04  3.24   2.19  -0.09   3.70 0.26 0.37 0.12  0.16 294.9 175105.  7.36 298.2  30227.
14:52:10 0.96 278.62  14.02 -1.74 1692   7.28   301.1  28434.  0.05  3.04   1.93  -0.11   3.72 0.25 0.39 0.12 -1.00  -1.0     -1.  7.45 301.3  23074.
14:53:31 0.96 278.62  14.01 -1.74 1692   7.24   300.2  27631.  0.16  3.06   2.15   0.24   3.63 0.14 0.35 0.17  0.16 297.3 143621.  7.90 303.5  27579.
14:54:52 0.96 278.62  13.99 -1.74 1692   7.31   300.8  29723. -0.77  2.38   2.30  -0.41   3.34 0.12 0.08 0.03  0.12 297.8 187007.  7.02 300.8  20410.
14:56:13 0.96 278.62  13.98 -1.74 1692   7.75   299.6  29798. -0.93  2.13   2.33  -0.39   3.29 0.14 0.09 0.15  0.14 303.9 104951.  8.68 304.2  28054.
14:57:34 0.96 278.62  13.97 -1.74 1692   7.93   300.6  29428. -0.51  2.35   2.27  -0.41   3.21 0.21 0.12 0.19  0.14 304.2 154120.  8.62 298.1  33079.
14:58:55 0.96 278.62  13.95 -1.74 1692   7.30   301.9  33696. -0.17  3.02   2.13  -0.49   3.20 0.15 0.08 0.20  0.17 301.5  66450.  9.15 300.5  33615.
15:00:16 0.96 278.62  13.94 -1.74 1692   7.58   299.8  31997. -0.92  2.75   2.12  -0.44   3.04 0.15 0.44 0.16  0.13 296.9  77807.  8.35 301.2  22271.
15:01:37 0.96 278.62  13.93 -1.74 1692   7.35   300.4  37140. -1.41  2.19   2.13  -0.51   2.74 0.23 0.16 0.19  0.22 298.1  80601.  9.23 300.0  32072.
15:02:58 0.96 278.62  13.91 -1.74 1692   7.50   301.5  31292. -1.25  1.94   2.21  -0.57   2.87 0.09 0.18 0.16  0.10 294.2 115320.  8.87 300.2  38598.
15:04:19 0.96 278.62  13.90 -1.74 1692   7.65   299.1  33472. -1.42  2.08   1.34  -1.03   2.49 0.33 0.24 0.30  0.13 295.3  30834.  8.22 302.1  27830.
15:05:40 0.96 278.62  13.89 -1.74 1692   8.33   293.7  30263.  1.79  1.48   1.17   2.08   2.69 0.22 0.20 0.22  0.15 291.8 102326.  8.72 292.0  23834.
15:07:01 0.96 278.62  13.88 -1.74 1692   7.56   294.2  26946.  0.89  1.91   0.98   2.33   2.90 0.34 0.24 0.05  0.17 293.8 137436.  7.64 296.4  19033.
15:08:22 0.96 278.62  13.87 -1.74 1692   7.79   300.3  29493. -1.73  2.12   1.43   1.37   3.32 0.26 0.22 0.04  0.22 295.4  82485.  8.62 299.5  25406.
15:09:43 0.96 278.62  13.85 -1.74 1692   7.27   298.9  26634. -0.90  2.78   1.06   1.77   3.30 0.20 0.35 0.12  0.13 297.0  35668.  7.89 300.3  29142.
15:11:04 0.96 278.62  13.84 -1.74 1692   7.63   300.3  27043. -0.70  2.33   0.94   2.15   3.17 0.25 0.13 0.21  0.09 301.9  55705.  8.24 297.6  22408.
15:12:25 0.96 278.62  13.83 -1.74 1692   7.40   298.3  27427. -0.65  1.99   1.23   1.85   3.44 0.25 0.13 0.18  0.13 302.4  74611.  7.86 301.2  20800.
15:13:46 0.96 278.62  13.81 -1.74 1692   7.21   300.6  29905. -0.84  2.00   1.27   2.13   3.33 0.20 0.15 0.11  0.16 301.1 138241.  9.99 297.7  29249.
15:15:07 0.96 278.62  13.80 -1.74 1692   7.90   298.5  28954. -0.73  1.87   1.10   2.09   3.24 0.18 0.19 0.15  0.15 292.2 116841.  8.02 301.3  24198.
15:16:28 0.96 278.62  13.79 -1.74 1692   7.62   298.9  27560. -0.40  2.29   1.28   0.43   3.46 0.18 0.28 0.18 -1.00  -1.0     -1.  7.57 298.9  17477.
15:17:49 0.96 278.61  13.78 -1.74 1692   7.09   298.5  28281. -0.38  1.62   2.13  -0.18   3.40 0.17 0.46 0.23  0.13 299.4  83862.  8.55 299.8  23210.
15:19:10 0.96 278.61  13.77 -1.74 1692   7.86   300.6  27605. -0.76  1.67   1.68  -0.26   3.18 0.24 0.40 0.19  0.16 290.4  94374.  9.11 301.8  22262.
15:20:31 0.96 278.61  13.75 -1.74 1692   7.66   299.0  25523. -0.73  1.98   1.51  -1.74   2.12 0.15 0.35 0.22  0.26 286.9  94296.  9.86 302.3  29083.
15:21:52 0.96 278.61  13.74 -1.74 1692   8.82   298.3  23990. -0.37  1.38   1.23  -1.52   2.26 0.19 0.23 0.22  0.16 291.7  97831. 10.67 297.9  23970.
15:23:13 0.96 278.61  13.73 -1.74 1692   8.76   296.7  26566. -0.40  0.85   0.97  -1.43   2.27 0.18 0.13 0.12  0.19 291.8  55549.  9.39 300.3  24295.
15:24:34 0.96 278.61  13.72 -1.74 1692   8.70   299.0  30084. -0.58  1.42   1.11  -1.35   2.31 0.13 0.15 0.16  0.11 298.3  92243.  9.62 296.8  29593.
15:25:55 0.96 278.61  13.70 -1.74 1692   8.30   298.7  27661. -0.67  1.84   1.24  -1.25   2.82 0.13 0.16 0.21  0.11 294.3 117139.  8.95 302.6  24032.
15:27:16 0.96 278.61  13.69 -1.74 1692   8.11   300.0  28677. -0.77  2.12   1.12  -1.07   2.79 0.09 0.18 0.20  0.19 298.8 119062.  8.72 298.5  18130.
15:28:37 0.96 278.61  13.68 -1.74 1692   8.10   300.7  32371. -0.84  2.20   1.14  -0.91   2.85 0.16 0.08 0.18  0.24 296.9  73857.  8.82 301.8  23545.
15:29:58 0.96 278.61  13.66 -1.74 1692   8.13   299.8  26001. -0.66  1.80   0.93  -0.29   3.07 0.27 0.31 0.16  0.18 293.0  68309. 10.01 297.0  28668.
15:31:19 0.96 278.61  13.65 -1.74 1692   8.14   298.4  27667. -0.47  2.34   0.82  -0.39   3.06 0.12 0.28 0.12  0.21 288.7  94556.  8.93 300.5  21765.
15:32:40 0.96 278.61  13.64 -1.74 1692   8.70   303.0  27271. -0.34  2.38   1.05   0.03   3.13 0.24 0.44 0.19  0.14 298.4 185214. 10.34 300.9  32053.
15:34:01 0.96 278.61  13.63 -1.74 1692   8.17   307.7  30240.  0.92  2.47   0.12  -0.08   2.87 0.33 0.55 0.21  0.15 301.7  93751. 10.01 306.1  30406.
15:35:22 0.96 278.61  13.62 -1.74 1692   9.29   305.1  29366. -1.40  4.17  -0.05   1.40   2.77 0.12 0.21 0.19  0.39 299.6 144959. 11.20 302.8  29015.
15:36:43 0.96 278.61  13.60 -1.74 1692   9.89   306.3  30698. -0.66  5.01  -1.48   2.72   0.22 0.57 0.27 1.53  0.20 303.4  66892. 12.22 303.9  27001.
15:38:04 0.96 278.61  13.59 -1.74 1692   9.70   298.4  26533. -0.26  2.28  -2.10   2.25  -1.80 0.08 0.14 0.39  0.23 292.0  59239. 10.47 297.8  22015.
15:39:25 0.96 278.61  13.58 -1.74 1692   9.42   294.4  23863.  0.12  1.99  -2.27   2.66  -2.16 0.05 0.16 0.12  0.24 290.7  68075. 10.34 295.4  27540.
15:40:46 0.96 278.61  13.56 -1.74 1692   9.32   297.8  24120. -0.05  1.49  -2.16   2.31  -2.28 0.06 0.09 0.20  0.22 292.2  79951. 10.68 295.3  19523.
15:42:07 0.96 278.61  13.55 -1.74 1692   9.15   297.3  23308. -0.23  1.32  -2.12   2.14  -3.00 0.05 0.20 0.30  0.19 298.3  81926. 10.01 300.3  21284.
15:43:28 0.96 278.61  13.54 -1.74 1692   8.89   295.5  26277.  0.17  1.70  -2.23   2.58  -1.64 0.08 0.20 0.39  0.18 286.5  95115.  9.51 293.9  21911.
15:44:49 0.96 278.61  13.52 -1.74 1692   9.40   292.8  21554.  0.53  1.07  -2.56   3.05  -1.40 0.32 0.16 0.25  0.18 290.6 161526.  9.60 295.5  14927.
15:46:10 0.96 278.61  13.51 -1.74 1692   8.26   293.1  16408.  1.08  1.26  -3.06   2.89  -1.49 0.29 0.24 0.32  0.26 287.1  28833. 10.87 292.3  19871.
15:47:31 0.96 278.61  13.50 -1.74 1692   8.75   292.7  19871.  0.77  0.76  -2.85   2.93  -2.13 0.33 0.22 0.00  0.17 283.5  91126. 10.39 293.6  14875.
15:48:52 0.96 278.61  13.49 -1.74 1692   7.96   294.3  25549.  0.82  0.96  -2.59   2.63  -2.48 0.32 0.17 0.12  0.20 291.7  63735.  9.32 292.8  26033.
15:50:13 0.96 278.61  13.48 -1.74 1692   8.64   291.7  17168.  0.58  0.65  -2.86   3.00  -2.65 0.31 0.35 0.18  0.12 291.2  76975.  9.24 293.0  14514.
15:51:34 0.96 278.61  13.46 -1.74 1692   8.18   294.9  16034.  0.85  0.81  -2.67   3.25  -2.54 0.25 0.19 0.18  0.15 286.6  31705.  9.56 296.2  13689.
15:52:55 0.96 278.61  13.45 -1.74 1692   8.89   293.3  17743.  0.31 -0.07  -3.03   3.25  -2.67 0.40 0.16 0.18  0.09 302.5  95622.  9.45 295.7  14904.
15:54:16 0.96 278.61  13.44 -1.74 1692   8.26   293.5  14566.  0.46 -0.37  -2.85   3.27  -2.46 0.36 0.17 0.16  0.07 285.0  35382.  9.07 292.6  10496.
15:55:37 0.96 278.61  13.42 -1.74 1692   9.01   292.9  16843.  0.26 -0.29  -2.75   3.41  -2.50 0.21 0.09 0.12  0.10 289.2  74844. 10.44 291.5   9177.
15:56:58 0.96 278.61  13.41 -1.74 1692   7.80   293.8  16090.  0.03  0.08  -2.75   2.95  -2.71 0.35 0.14 0.20  0.13 285.0  29379. 10.25 292.3  16181.
15:58:19 0.96 278.61  13.40 -1.74 1692   9.50   292.4  17740.  0.21 -0.08  -2.60   3.01  -2.74 0.23 0.09 0.20  0.08 295.8  35850. 10.56 291.7  12117.
15:59:40 0.96 278.61  13.39 -1.74 1692   8.45   293.2  14293.  0.10  0.00  -2.52   2.65  -2.70 0.29 0.22 0.20  0.09 284.9  32705. 10.87 295.8  15687.
16:01:01 0.96 278.61  13.37 -1.74 1692   9.77   291.3  15625. -0.01  0.02  -2.34   2.51  -2.69 0.20 0.25 0.19  0.11 280.9  99533. 10.48 292.0  10817.
16:02:22 0.96 278.61  13.36 -1.74 1692   9.37   289.1  16704.  0.56  0.10  -2.71   2.38  -1.89 0.37 0.28 0.59  0.11 285.1  30341. 11.65 290.4  20049.
16:03:43 0.96 278.61  13.35 -1.74 1692  10.89   288.9  18390.  0.45  0.38  -3.21   2.36  -1.09 0.19 0.13 0.22  0.24 280.7  81822. 11.97 289.2  18913.
16:05:04 0.96 278.61  13.34 -1.74 1692   8.88   292.1  15265. -0.05 -0.22  -2.17   1.96  -2.56 0.33 0.16 0.12  0.08 290.3  77963. 11.73 294.2  14836.
16:06:25 0.96 278.61  13.32 -1.74 1692  10.39   292.6  13182.  0.36 -0.06  -2.07   2.26  -2.71 0.14 0.22 0.20  0.12 288.0  76274. 11.17 290.4  11500.
16:07:46 0.96 278.61  13.31 -1.74 1692  10.79   287.8  15265. -0.15  0.53  -3.11   1.80  -1.92 0.21 0.23 0.31  0.08 284.8  33472. 12.24 286.6  12549.
16:09:07 0.96 278.61  13.30 -1.74 1692  11.28   289.8  16262. -0.33 -0.06  -2.75   1.68  -2.32 0.46 0.17 0.20  0.16 283.5  90424. 13.43 291.1  11993.
16:10:28 0.96 278.61  13.28 -1.74 1692   9.70   287.4  15963. -0.81  0.35  -2.95   1.83  -2.11 0.16 0.23 0.05  0.16 284.6  27963. 11.63 287.6  13328.
16:11:49 0.96 278.60  13.27 -1.74 1692  10.84   287.1  20686. -1.25  0.39  -3.96   0.74  -1.30 0.27 0.20 0.38  0.15 278.5  55614. 11.37 289.0  19806.
16:13:10 0.96 278.60  13.26 -1.74 1692   9.75   287.0  15550. -0.56 -0.45  -3.34   1.78  -2.22 0.16 0.09 0.20  0.10 284.7  31497. 11.65 288.8  18490.
16:14:31 0.96 278.60  13.25 -1.74 1692  10.58   288.1  19449. -0.66 -0.38  -2.85   2.15  -2.32 0.38 0.42 0.23  0.14 280.4  63319. 12.59 288.1  17113.
16:15:52 0.96 278.60  13.24 -1.74 1692   9.85   289.3  14449. -0.28 -0.66  -2.52   2.73  -1.82 0.33 0.24 0.39  0.13 282.9  36201. 12.09 291.6  16863.
16:17:13 0.96 278.60  13.22 -1.74 1692   8.93   293.2  17714. -0.98 -0.08  -2.70   2.18  -3.22 0.39 0.20 0.14  0.10 290.2  70686.  9.31 293.2  11844.
16:18:34 0.96 278.60  13.21 -1.74 1692   8.37   293.6  14482. -0.74  0.05  -3.02   2.08  -3.22 0.31 0.19 0.13  0.12 284.7  29717.  9.73 294.9  13689.
16:19:55 0.96 278.60  13.20 -1.74 1692   9.72   293.0  17331. -0.53 -0.41  -3.27   1.90  -2.94 0.12 0.13 0.16  0.10 295.5  33810.  9.31 293.8  12175.
16:21:16 0.96 278.60  13.19 -1.74 1692   9.34   293.2  13998. -0.33 -0.40  -2.35   2.90  -2.72 0.10 0.21 0.20  0.08 284.8  33979. 10.94 295.2  12991.
16:22:37 0.96 278.60  13.17 -1.74 1692   9.54   293.2  12997. -0.40 -0.46  -2.09   3.22  -2.67 0.20 0.17 0.12  0.08 293.0  72129. 10.77 291.9  12737.
16:23:58 0.96 278.60  13.16 -1.74 1692   8.29   294.2  12399. -0.06 -0.41  -1.99   3.30  -2.71 0.25 0.12 0.17  0.07 284.9  34797. 11.22 295.6  11932.
16:25:19 0.96 278.60  13.15 -1.74 1692   9.95   294.1  12649. -0.12 -0.51  -2.06   2.95  -2.63 0.14 0.19 0.03  0.09 295.7  34291. 12.27 293.8   9450.
16:26:40 0.96 278.60  13.13 -1.74 1692   9.28   293.8  12575. -0.14 -0.54  -2.09   3.13  -2.60 0.16 0.22 0.12  0.09 284.8  32368. 11.61 294.1  16629.
16:28:01 0.96 278.60  13.12 -1.74 1692  10.01   293.6  12611.  0.03 -0.61  -1.80   3.26  -2.57 0.21 0.29 0.16  0.14 289.3  69907. 11.38 292.4  10879.
16:29:22 0.96 278.60  13.11 -1.74 1692   9.19   293.8  12429.  0.04 -0.48  -1.61   3.49  -2.65 0.15 0.05 0.00  0.08 284.9  33342. 11.10 296.4  12282.
16:30:43 0.96 278.60  13.10 -1.74 1692  10.15   293.5  12204. -0.16 -0.38  -1.53   3.51  -2.17 0.19 0.06 0.24  0.11 290.4  70609. 11.57 293.4   9651.
16:32:04 0.96 278.60  13.09 -1.74 1692   9.75   293.2  12178. -0.30 -0.40  -1.73   3.16  -2.25 0.23 0.22 0.00  0.07 284.8  34655. 12.05 290.6  12490.
16:33:25 0.96 278.60  13.07 -1.74 1692  10.12   294.6  12091. -0.30 -0.32  -1.50   3.14  -2.32 0.16 0.13 0.16  0.12 292.0  61578. 12.06 294.5  10376.
16:34:46 0.96 278.60  13.06 -1.74 1692   8.94   294.5  12688. -0.21 -0.35  -1.56   3.32  -2.09 0.17 0.20 0.32  0.09 284.8  32355. 11.70 295.3  10577.
16:36:07 0.96 278.60  13.05 -1.74 1692  10.16   292.7  12714. -0.49 -0.65  -1.84   2.90  -2.49 0.18 0.09 0.19  0.09 295.5  34265. 12.09 291.4  10187.
16:37:28 0.96 278.60  13.03 -1.74 1692   9.49   292.1  13770. -0.50 -0.61  -1.93   2.65  -2.62 0.19 0.25 0.05  0.10 284.7  31432. 11.97 293.4  13215.
16:38:49 0.96 278.60  13.02 -1.74 1692   9.75   294.0  12721. -0.60 -0.19  -2.85   2.06  -2.81 0.25 0.18 0.13  0.15 285.8 135214. 11.83 293.3  10512.
16:40:10 0.96 278.60  13.01 -1.74 1692   9.37   293.9  13657. -0.15 -0.21  -2.89   2.00  -2.67 0.06 0.12 0.16  0.12 288.3  60109. 11.11 295.5  12139.
16:41:31 0.96 278.60  12.99 -1.74 1692  10.31   293.8  13127. -0.17 -0.53  -2.17   2.57  -2.57 0.18 0.20 0.18  0.14 285.9 145661. 11.75 293.3  14072.
16:42:52 0.96 278.60  12.98 -1.75 1692   9.75   293.9  13689. -0.12 -0.45  -2.18   2.58  -2.58 0.23 0.17 0.04  0.13 284.6  97519. 12.07 295.2  12338.
16:44:13 0.96 278.60  12.97 -1.75 1692   9.72   294.2  13137. -0.18 -0.48  -2.26   2.72  -2.41 0.17 0.06 0.21  0.14 292.2  57433. 10.89 296.0  14699.
16:45:34 0.96 278.60  12.96 -1.75 1692   9.36   293.4  12256. -0.20 -0.58  -2.04   2.86  -2.40 0.14 0.13 0.20  0.12 284.9  30016. 12.31 292.2  15274.
16:46:55 0.96 278.60  12.95 -1.75 1692   9.89   294.2  13907. -0.44 -0.44  -2.37   2.43  -2.52 0.31 0.22 0.12  0.14 295.6  30574. 11.00 295.7  14404.
16:48:16 0.96 278.60  12.93 -1.75 1692   9.50   293.6  13523. -0.38 -0.55  -2.33   2.51  -2.56 0.20 0.25 0.01  0.10 288.7  66645. 11.34 294.3  13556.
16:49:37 0.96 278.60  12.92 -1.75 1692   9.42   293.7  13478. -0.53 -0.55  -2.28   2.76  -2.66 0.16 0.04 0.18  0.10 295.5  33290. 11.46 293.4   9654.
16:50:58 0.96 278.60  12.91 -1.75 1692   9.46   294.4  12786. -0.50 -0.51  -2.20   2.61  -2.54 0.20 0.19 0.13  0.08 282.5  63163. 11.26 295.5  12458.
16:52:19 0.96 278.60  12.89 -1.75 1692   9.62   294.3  13699. -0.58 -0.51  -2.20   2.85  -2.40 0.19 0.16 0.19  0.12 295.5  31627. 11.13 293.4  16021.
16:53:40 0.96 278.60  12.88 -1.75 1692   9.38   293.9  13920. -0.22 -0.26  -2.17   3.30  -1.84 0.13 0.17 0.42  0.12 288.4  61552. 10.86 295.0  13108.
16:55:01 0.96 278.60  12.87 -1.75 1692   9.53   292.9  15752.  0.09 -0.11  -1.91   3.72  -1.46 0.15 0.20 0.00  0.18 297.8  92919. 10.74 294.2  10515.
16:56:22 0.96 278.60  12.86 -1.75 1692   9.62   307.6  16044.  1.06  3.35   0.27   4.07   1.57 0.21 0.20 0.26  0.23 303.3  63904. 10.64 306.3  19221.
16:57:43 0.96 278.60  12.84 -1.75 1692   9.35   303.7  17386.  1.12  2.30   0.18   3.88   1.49 0.16 0.08 0.20  0.29 302.6  67932. 11.40 303.7  17623.
16:59:04 0.96 278.60  12.83 -1.75 1692   9.75   304.4  20446.  0.80  2.88   0.59   3.80   1.63 0.29 0.15 0.19  0.15 303.2  62163. 11.13 304.1  20011.
17:00:25 0.96 278.60  12.82 -1.75 1692   9.25   304.7  17457.  0.98  2.29   0.75   3.74   1.42 0.21 0.20 0.19  0.24 297.9  31276. 11.53 306.5  14267.
17:01:46 0.96 278.60  12.81 -1.75 1692   8.58   305.0  18714.  1.32  2.18   0.64   4.18   1.29 0.15 0.19 0.19  0.47 303.4  56770.  9.62 303.9  17811.
17:03:07 0.96 278.60  12.79 -1.75 1692   9.15   307.0  15917.  1.55  3.29   0.53   3.60   1.92 0.20 0.05 0.19  0.20 298.2  32576. 11.84 304.5  21631.
17:04:28 0.96 278.59  12.78 -1.75 1692   9.46   305.4  18136.  1.27  3.48   0.96   3.69   1.93 0.19 0.17 0.12  0.20 308.7  34369. 11.08 305.0  19215.
17:05:49 0.96 278.59  12.77 -1.75 1692   8.26   306.0  17931.  1.44  3.52   1.20   4.21   1.84 0.21 0.22 0.31  0.24 297.6  29912. 10.17 306.7  15651.
17:07:10 0.96 278.59  12.75 -1.75 1692   7.97   305.2  19968.  0.58  3.40   1.24   3.92   2.41 0.20 0.10 0.12  0.15 307.2  33394.  8.76 305.9  15073.
17:08:31 0.96 278.59  12.74 -1.75 1692   7.91   303.7  17983. -0.39  3.22   1.58   3.63   2.64 0.30 0.30 0.27  0.28 297.8  31237.  8.28 303.0  11672.
17:09:52 0.96 278.59  12.73 -1.75 1692   8.21   303.9  19283.  1.01  2.98   1.11   3.91   2.52 0.23 0.14 0.19  0.18 305.9  34979.  9.22 304.5  12620.
17:11:13 0.96 278.59  12.72 -1.75 1692   7.15   305.4  17093.  0.56  3.40   1.09   4.24   2.30 0.22 0.18 0.12  0.24 296.5  35070.  9.60 303.5  27346.
17:12:34 0.96 278.59  12.71 -1.75 1692   8.01   305.3  19452.  1.15  3.26   1.15   4.57   2.20 0.13 0.18 0.17  0.19 301.9  89086.  9.75 302.8  14556.
17:13:55 0.96 278.59  12.70 -1.75 1692   7.61   306.0  17123.  0.48  3.49   0.63   4.52   1.77 0.14 0.04 0.20  0.22 300.2  54015.  8.66 307.4  15326.
17:15:16 0.96 278.59  12.68 -1.75 1692   7.87   304.7  21089.  0.87  3.15   0.12   5.10   0.92 0.21 0.15 0.27  0.25 301.2  61058.  8.34 304.8  14940.
17:16:37 0.96 278.59  12.67 -1.75 1692   7.95   303.7  17383.  0.86  3.00   0.69   4.68   1.33 0.16 0.18 0.20  0.34 297.2  27417.  8.15 301.6  15349.
17:17:58 0.96 278.59  12.66 -1.75 1692   7.90   301.9  18208.  0.98  2.65   0.33   4.84   1.35 0.18 0.10 0.20  0.26 301.6  92724.  9.00 299.9  20712.
17:19:19 0.96 278.59  12.64 -1.75 1692   7.94   301.3  17922.  0.74  2.54   0.22   4.56   1.24 0.18 0.20 0.16  0.25 296.1  26663.  9.38 300.5  15693.
17:20:40 0.96 278.59  12.63 -1.75 1692   8.33   303.1  18997.  0.96  2.62   0.25   4.59   1.55 0.05 0.15 0.00  0.36 300.4  60174. 10.12 303.1  14426.
17:22:01 0.96 278.59  12.62 -1.75 1692   8.03   303.8  18022.  1.34  2.46   0.84   4.68   1.08 0.18 0.13 0.16  0.40 297.8  32978.  8.60 303.3  12325.
17:23:22 0.96 278.59  12.60 -1.75 1692   8.35   304.1  19478.  1.35  2.44   1.02   4.88   0.65 0.26 0.17 0.18  0.35 301.8  60954.  9.04 305.0  15671.
17:24:43 0.96 278.59  12.59 -1.75 1692   7.99   304.0  16691.  0.93  2.07   0.67   4.71   0.80 0.37 0.14 0.12  0.28 296.2  25897.  8.22 303.2  11500.
17:26:04 0.96 278.59  12.58 -1.75 1692   8.13   303.9  18416.  1.14  2.42   0.99   4.71   0.87 0.18 0.09 0.19  0.21 305.6  34681.  8.94 305.2  16963.
17:27:25 0.96 278.59  12.57 -1.75 1692   7.55   301.0  18260.  0.00  0.00   0.62   4.94   0.04 0.20 0.10 0.24  0.32 296.6  27547.  8.11 301.6  14014.
17:28:46 0.96 278.59  12.56 -1.75 1692   8.55   302.8  18929.  1.04  2.39   0.26   4.75   0.19 0.18 0.08 0.20  0.26 300.6  80016.  9.13 301.0  21524.
17:30:07 0.96 278.59  12.54 -1.75 1692   8.41   303.0  16492.  1.46  2.58   0.36   4.59  -0.61 0.17 0.22 0.20  0.29 298.0  29639. 10.09 299.1  15352.
17:31:28 0.96 278.59  12.53 -1.75 1692   9.08   301.3  19721.  1.46  2.11   0.57   4.73  -0.40 0.29 0.22 0.12  0.31 297.3  61695.  8.89 300.0  13991.
17:32:49 0.96 278.59  12.52 -1.75 1692   9.03   303.3  17217.  1.42  2.50  -0.12   4.57  -1.17 0.20 0.09 0.14  0.53 299.0  28456.  9.20 304.8  14433.
17:34:10 0.96 278.59  12.50 -1.75 1692   9.03   303.2  19708.  1.34  2.08  -0.13   4.44  -1.28 0.17 0.19 0.19  0.44 299.6  55653. 10.89 302.5  11568.
17:35:31 0.96 278.59  12.49 -1.75 1692   8.56   304.3  17834.  1.04  2.30  -0.15   4.56  -1.41 0.18 0.10 0.21  0.41 298.1  28327.  9.58 302.7  18403.
17:36:52 0.96 278.59  12.48 -1.75 1692   9.06   303.3  18701.  1.21  2.27  -0.16   4.55  -1.00 0.20 0.09 0.18  0.36 302.7  57836.  9.60 304.3  16239.
17:38:13 0.96 278.59  12.47 -1.75 1692   8.34   303.4  17032.  1.10  2.28  -0.29   4.64  -0.99 0.31 0.13 0.18  0.51 301.6  53418.  9.07 300.9  16138.
17:39:34 0.96 278.59  12.45 -1.75 1692   8.59   302.0  18273.  1.34  2.09  -0.42   4.58  -0.76 0.09 0.14 0.00  0.35 300.5  76261.  9.15 299.6  15891.
17:40:55 0.96 278.59  12.44 -1.75 1692   8.68   302.9  17106.  1.36  1.87  -0.03   4.67  -0.92 0.13 0.13 0.17  0.38 296.3  24234.  9.30 299.9  14095.
17:42:16 0.96 278.59  12.43 -1.75 1692   8.68   303.0  19494.  1.23  1.74  -0.32   4.86  -1.05 0.25 0.14 0.16  0.26 302.1  55744. 11.13 302.9  12692.
17:43:37 0.96 278.59  12.42 -1.75 1692   8.29   301.0  16294.  0.83  2.11  -0.65   4.49  -1.45 0.18 0.20 0.18  0.36 294.4  27820.  9.24 300.8  14290.
17:44:58 0.96 278.59  12.40 -1.75 1692   8.66   301.1  19348.  1.10  1.81  -0.04   4.60  -1.32 0.16 0.08 0.15  0.27 297.8  65632.  8.91 299.3  14748.
17:46:19 0.96 278.59  12.39 -1.75 1692   8.69   302.7  16814.  1.19  1.86  -0.64   4.40  -1.21 0.19 0.09 0.12  0.33 296.3  25013.  8.93 302.5  11191.
17:47:40 0.96 278.59  12.38 -1.75 1692   8.44   301.8  18526.  1.21  1.59  -0.75   4.68  -0.81 0.18 0.14 0.12  0.31 299.0  69192. 10.30 301.0   9664.
17:49:01 0.96 278.59  12.36 -1.75 1692   8.60   300.7  17490.  1.51  1.82  -0.36   4.60  -1.02 0.10 0.21 0.19  0.52 296.8  35486.  9.96 302.7  19319.
17:50:22 0.96 278.59  12.35 -1.75 1692   8.77   301.3  20686.  1.34  2.03  -0.57   4.54  -1.37 0.20 0.18 0.20  0.29 298.7  73155.  9.40 299.9  15801.
17:51:43 0.96 278.59  12.34 -1.75 1692   7.73   301.2  17646.  0.65  2.19  -0.67   4.67  -1.37 0.24 0.15 0.20  0.39 296.9  32004.  8.53 300.3  16012.
17:53:04 0.96 278.59  12.33 -1.75 1692   7.97   303.1  20251.  0.85  1.93  -0.69   4.75  -1.33 0.17 0.10 0.20  0.30 299.5  81250.  8.73 301.4  22200.
17:54:25 0.96 278.59  12.32 -1.75 1692   7.70   301.9  17902.  0.85  1.46  -0.55   4.45  -1.49 0.25 0.10 0.17  0.42 297.0  30951.  9.14 302.7  18770.
17:55:46 0.96 278.59  12.30 -1.75 1692   8.72   301.3  20088.  1.55  1.70  -0.80   4.35  -1.57 0.15 0.06 0.00  0.26 293.0  88254.  9.60 300.7  12562.
17:57:07 0.96 278.59  12.29 -1.75 1692   8.47   300.8  16756.  1.28  2.12  -0.69   4.39  -1.57 0.13 0.15 0.00  0.43 298.2  28067.  9.93 299.6  14274.
17:58:28 0.96 278.58  12.28 -1.75 1692   8.88   301.6  21021.  1.32  2.08  -0.99   4.21  -1.58 0.20 0.10 0.00  0.28 297.5  70621. 11.51 301.5  10801.
17:59:49 0.96 278.58  12.26 -1.75 1692   8.07   300.4  17847.  0.75  1.94  -1.14   4.40  -1.75 0.20 0.16 0.32  0.39 298.0  28599.  9.12 299.6  18211.
18:01:10 0.96 278.58  12.25 -1.75 1692   9.14   302.2  20023.  0.98  1.94  -1.27   4.04  -1.62 0.20 0.11 0.26  0.25 299.5  79353.  9.27 301.1  12796.
18:02:31 0.96 278.58  12.24 -1.75 1692   8.36   301.3  17110.  1.04  1.84  -1.45   3.93  -1.49 0.00 0.00 0.00  0.41 297.7  27261. 10.18 299.1  21105.
18:03:52 0.96 278.58  12.22 -1.75 1692   9.07   302.4  19858.  0.99  1.83  -0.66   4.25  -1.82 0.25 0.16 0.37  0.26 303.4 130185.  9.78 302.0  17324.
18:05:13 0.96 278.58  12.21 -1.75 1692   7.97   301.3  18065.  1.06  1.74  -1.35   4.11  -1.78 0.21 0.14 0.38  0.32 297.2  27664.  9.65 300.9  25984.
18:06:34 0.96 278.58  12.20 -1.75 1692   8.73   303.9  20339.  1.15  1.98  -0.60   4.36  -2.09 0.36 0.18 0.36  0.30 300.8  70699.  8.93 300.9  20196.
18:07:55 0.96 278.58  12.19 -1.75 1692   7.92   302.5  16769.  0.52  2.09   0.21   4.51  -1.63 0.25 0.18 0.12  0.44 296.4  31718.  8.60 303.0  11318.
18:09:16 0.96 278.58  12.18 -1.75 1692   8.39   302.3  17974.  0.84  2.17   0.60   4.57  -1.67 0.18 0.16 0.01  0.28 301.9  54600.  8.99 301.1  18409.
18:10:37 0.96 278.58  12.16 -1.75 1692   7.87   300.4  16281.  0.81  2.17  -0.01   4.55  -1.67 0.08 0.16 0.00  0.47 298.8  29106.  8.94 299.4  16898.
18:11:58 0.96 278.58  12.15 -1.75 1692   8.12   301.4  20215.  1.21  2.21  -0.34   4.38  -1.52 0.26 0.13 0.17  0.26 297.7  87695.  7.89 299.5  14001.
18:13:19 0.96 278.58  12.14 -1.75 1692   7.43   301.2  16798.  1.01  2.16  -0.10   4.49  -1.65 0.18 0.16 0.04  0.43 295.2  25585.  9.28 303.8  20316.
18:14:40 0.96 278.58  12.13 -1.75 1692   8.78   303.1  19159.  1.07  2.01   0.27   4.17  -1.75 0.19 0.15 0.24  0.28 302.6  54548.  8.51 300.2  14212.
18:16:01 0.96 278.58  12.11 -1.75 1692   7.56   303.3  18256.  0.35  1.66   0.16   4.08  -2.29 0.25 0.22 0.31  0.45 297.4  31822.  9.14 301.8  21521.
18:17:22 0.96 278.58  12.10 -1.75 1692   8.38   303.4  20066.  0.54  1.40   0.29   4.37  -2.20 0.26 0.18 0.44  0.26 305.2  59148.  9.41 302.9  16834.
18:18:43 0.96 278.58  12.09 -1.75 1692   8.01   298.5  15567.  1.24  2.36   1.30   3.28  -2.91 0.17 0.25 0.22  0.35 297.2  27105.  9.55 296.7  21342.
18:20:04 0.96 278.58  12.07 -1.75 1692   7.81   305.6  14527.  0.46  1.66   2.48   1.84  -3.76 0.11 0.25 0.00  0.28 303.7  63371.  9.01 304.9  25422.
18:21:25 0.96 278.58  12.06 -1.75 1692   8.11   303.7  16125.  0.82  1.48   1.99   1.94  -3.57 0.25 0.15 0.19  0.39 298.1  28651.  8.98 301.2  13877.
18:22:46 0.96 278.58  12.05 -1.75 1692   9.16   304.1  18948.  0.85  1.86   2.27   1.72  -3.71 0.19 0.14 0.05  0.32 303.3  57134.  9.92 304.1  10454.
18:24:07 0.96 278.58  12.04 -1.75 1692   7.89   303.8  16720.  0.80  2.11   2.22   1.86  -3.80 0.19 0.21 0.31  0.45 297.6  26871.  8.64 304.8  11032.
18:25:28 0.96 278.58  12.03 -1.75 1692   8.85   306.0  20134.  0.75  1.28   1.97   1.13  -3.46 0.20 0.25 0.20  0.24 309.1  34369.  9.68 306.1  24156.
18:26:49 0.96 278.58  12.01 -1.75 1692  10.44   314.0  18328.  0.14 -0.75   0.25   2.97  -2.19 0.28 0.39 0.42  0.25 308.1  68984. 12.44 312.6  11850.
18:28:10 0.96 278.58  12.00 -1.75 1692   8.86   300.8  19179.  1.04  2.57  -2.25   3.62   1.36 0.21 0.08 0.18  0.23 295.0  63943.  9.43 298.2  19783.
18:29:31 0.96 278.58  11.99 -1.75 1692   9.07   299.0  17379.  1.35  2.94  -2.06   3.29   2.00 0.29 0.20 0.18  0.22 296.3  27495.  9.92 298.1  19445.
18:30:52 0.96 278.58  11.97 -1.75 1692  10.72   299.8  16632.  1.95  3.04  -2.00   3.55   1.36 0.24 0.26 0.12  0.25 292.4  60070. 12.18 299.5  11795.
18:32:13 0.96 278.58  11.96 -1.75 1692   9.90   300.5  13806.  1.52  3.77  -1.85   2.88   2.12 0.21 0.29 0.47  0.11 296.3  32238. 11.12 299.9  13121.
18:33:34 0.96 278.58  11.95 -1.75 1692   9.98   298.9  13078.  2.32  3.31  -1.92   3.17   1.86 0.20 0.22 0.22  0.08 285.7  33381. 12.04 297.9  13988.
18:34:55 0.96 278.58  11.94 -1.75 1692   9.46   298.7  14004.  2.31  2.83  -1.82   3.27   1.78 0.20 0.17 0.26  0.17 296.6  28911. 11.09 298.7  14969.
18:36:16 0.96 278.58  11.92 -1.75 1692  10.28   299.0  11841.  2.28  2.96  -1.84   4.04   1.60 0.18 0.25 0.16  0.17 292.8  64605. 11.10 296.6  14605.
18:37:37 0.96 278.58  11.91 -1.75 1692   9.21   298.2  12104.  2.24  3.06  -2.15   3.72   1.68 0.21 0.08 0.14  0.18 295.4  31718. 11.78 298.0  11958.
18:38:58 0.96 278.58  11.90 -1.75 1692   9.91   299.5  11867.  2.44  3.05  -1.98   3.73   1.76 0.00 0.00 0.16  0.18 297.0  78743. 11.44 298.2  13673.
18:40:19 0.96 278.58  11.89 -1.75 1692   9.95   299.0  11409.  1.42  3.67  -1.84   3.57   1.56 0.10 0.18 0.26  0.19 296.3  28353. 12.62 298.4  13770.
18:41:40 0.96 278.58  11.87 -1.75 1692  11.35   302.2  14267.  2.06  1.83  -1.40   4.02   0.56 0.21 0.08 0.17  0.23 302.8  56848. 14.28 302.1  12123.
18:43:01 0.96 278.58  11.86 -1.75 1692  10.61   300.1  13020.  1.44  3.11  -1.77   3.60   1.12 0.18 0.21 0.27  0.17 297.4  32264. 12.30 298.6  13936.
18:44:22 0.96 278.58  11.85 -1.75 1692  10.85   303.5  11766.  2.05  2.13  -1.74   3.65   0.81 0.27 0.28 0.17  0.15 300.7  70660. 13.40 302.2   9589.
18:45:43 0.96 278.58  11.83 -1.75 1692  10.14   301.3  12880.  1.91  2.62  -1.64   3.93   0.68 0.20 0.08 0.20  0.32 298.8  30743. 11.59 302.0  10025.
18:47:04 0.96 278.58  11.82 -1.75 1692  10.92   302.1  14124.  2.19  2.49  -1.65   4.05   0.52 0.14 0.17 0.12  0.22 300.3  63683. 11.92 300.8  12513.
18:48:25 0.96 278.58  11.81 -1.75 1692  10.23   303.6  14092.  1.94  2.03  -1.51   4.25   0.13 0.15 0.19 0.12  0.27 296.5  26079. 12.47 301.1  14124.
18:49:46 0.96 278.58  11.80 -1.75 1692  12.04   302.4  14469.  2.43  2.32  -1.51   3.86   0.25 0.29 0.16 0.20  0.22 298.8  66373. 11.85 299.4  15300.
18:51:07 0.96 278.58  11.79 -1.75 1692  10.29   303.8  13335.  2.08  2.23  -0.99   3.93   0.75 0.22 0.18 0.14  0.23 297.7  30081. 12.12 302.9  10811.
18:52:28 0.96 278.58  11.77 -1.75 1692  11.53   304.7  12442.  1.90  2.44  -0.40   4.11   1.19 0.08 0.16 0.18  0.22 309.5  35226. 12.02 303.2  10385.
18:53:49 0.96 278.57  11.76 -1.75 1692   9.54   304.7  13760.  1.36  2.57  -0.48   4.17   0.95 0.18 0.18 0.20  0.13 296.3  31393. 12.19 303.6  10236.
18:55:10 0.96 278.57  11.75 -1.75 1692  11.98   305.4  11685.  1.68  2.11  -0.73   4.15   0.63 0.22 0.20 0.19  0.19 309.5  36448. 12.51 303.8  10194.
18:56:31 0.96 278.57  11.73 -1.75 1692  10.11   305.0  12978.  1.58  2.41  -0.50   4.31   0.91 0.09 0.18 0.18  0.19 297.5  31575. 11.63 305.3   7952.
18:57:52 0.96 278.57  11.72 -1.75 1692  11.46   305.3  11818.  1.62  2.28  -0.80   4.20   0.67 0.17 0.20 0.18  0.18 307.5  39241. 12.96 304.3   9950.
18:59:13 0.96 278.57  11.71 -1.75 1692   9.62   303.3  13319.  1.59  2.48  -0.38   4.07   0.87 0.06 0.12 0.16  0.25 297.5  29561. 12.51 303.9   9810.
19:00:34 0.96 278.57  11.70 -1.75 1692  10.90   303.5  11698.  0.00  0.00  -0.79   3.91   0.87 0.06 0.16 0.16  0.17 302.8  61864. 14.72 303.5  13237.
19:01:55 0.96 278.57  11.68 -1.75 1692  10.07   304.6  13023.  1.79  2.54  -0.91   4.09   0.92 0.14 0.18 0.18  0.17 296.4  29262. 12.03 302.7  10775.
19:03:16 0.96 278.57  11.67 -1.75 1692  11.53   300.7  12013.  1.53  2.21  -1.45   4.12   0.60 0.16 0.21 0.26  0.12 295.0  77742. 12.51 299.8  11984.
19:04:37 0.96 278.57  11.66 -1.75 1692  10.98   301.1  11350.  1.31  2.39  -1.35   4.00   0.47 0.19 0.12 0.03  0.19 296.3  28249. 11.63 302.5  10181.
19:05:58 0.96 278.57  11.65 -1.75 1692  10.62   302.5   9752.  1.59  2.60  -1.24   3.99   0.68 0.35 0.14 0.29  0.11 301.2  77482. 11.99 301.0  11984.
19:07:19 0.96 278.57  11.63 -1.75 1692  11.45   295.6  12055.  0.90  2.80  -1.86   3.61   0.66 0.43 0.25 0.20  0.15 288.3  92711. 12.62 296.5  14300.
19:08:40 0.96 278.57  11.62 -1.75 1692  11.74   299.0  11555.  1.35  2.24  -1.19   3.93   0.45 0.23 0.13 0.23 -1.00  -1.0     -1. 14.49 299.6   8495.
19:10:00 0.96 278.57  11.61 -1.75 1692  10.32   303.7  12159.  1.40  2.53  -0.64   3.89   0.90 0.18 0.09 0.18  0.20 298.1  32991. 13.23 302.7   9927.
19:11:21 0.96 278.57  11.59 -1.75 1692  -1.00    -1.0     -1. -1.00 -1.00  -0.52   3.95   0.86 0.20 0.10 0.16 -1.00  -1.0     -1. 12.70 298.6  12659.
19:12:42 0.96 278.57  11.58 -1.75 1692  -1.00    -1.0     -1. -1.00 -1.00  -0.96   3.86   0.93 0.21 0.11 0.20 -1.00  -1.0     -1. -1.00  -1.0     -1.
19:12:51 0.96 278.49  11.50 -1.60 1692  -1.00    -1.0     -1. -1.00 -1.00  -0.98   3.88   0.89 0.23 0.11 0.17 -1.00  -1.0     -1. -1.00  -1.0     -1.
19:14:03 0.96 278.57  11.57 -1.75 1692  -1.00    -1.0     -1. -1.00 -1.00  -1.40   3.63   0.31 0.23 0.18 0.20 -1.00  -1.0     -1. -1.00  -1.0     -1.
19:14:12 0.96 278.57  11.57 -1.75 1692  10.61   299.0  10242.  1.22  2.67  -1.59   3.48   0.35 0.26 0.14 0.18  0.21 296.2  27755. 13.89 296.1   8310.
19:15:25 0.96 278.49  11.48 -1.60 1692  -1.00    -1.0     -1. -1.00 -1.00  -1.32   3.86  -0.02 0.27 0.16 0.45 -1.00  -1.0     -1. -1.00  -1.0     -1.
19:15:33 0.96 278.57  11.56 -1.75 1692  12.22   299.3  10151.  1.38  1.94  -1.21   3.86   0.20 0.35 0.13 0.51  0.17 288.2 107043. 12.94 296.8  14128.
19:16:46 0.96 278.57  11.55 -1.75 1692  11.83   299.9  10785.  1.25  2.14  -1.28   3.86   0.67 0.10 0.18 0.27  0.13 300.3  73831. 13.32 297.6  16021.
19:17:42 0.96 278.57  11.54 -1.75 1692  10.71   304.7  15940.  2.12  2.41  -1.53   3.81   0.07 0.21 0.18 0.00  0.33 308.7  37058. 13.18 303.4  14897.
19:18:07 0.96 278.57  11.53 -1.75 1692  12.08   297.3  12523.  1.10  1.82  -1.39   3.91   0.07 0.20 0.16 0.18  0.21 298.4  33407. 13.09 295.8  12549.
19:19:28 0.96 278.57  11.52 -1.75 1692  11.28   298.9  11678.  1.29  1.99  -1.56   3.94   0.30 0.18 0.08 0.20  0.15 293.0  69062. 12.74 298.9  16840.
19:20:49 0.96 278.57  11.51 -1.75 1692  11.14   298.5  13023.  1.04  2.13  -1.83   4.02  -0.02 0.09 0.21 0.16  0.17 301.1  77937. 12.94 298.4  12841.
19:22:10 0.96 278.57  11.50 -1.75 1692  11.16   300.0  12471.  1.37  2.19  -2.03   3.89   0.02 0.18 0.17 0.12 -1.00  -1.0     -1. 11.86 298.3  16207.
19:23:31 0.96 278.57  11.48 -1.76 1692  10.53   296.7  13098.  1.19  1.98  -2.44   3.81  -0.44 0.25 0.10 0.19  0.21 292.2  51482. 12.45 296.2  11655.
19:24:52 0.96 278.57  11.47 -1.76 1692  10.58   297.1  12364.  1.31  1.97  -2.06   3.85  -0.06 0.15 0.17 0.18  0.14 285.4  28950. 12.06 296.7  14397.
19:26:13 0.96 278.57  11.46 -1.76 1692  10.28   295.0  12039.  1.81  1.70  -2.85   3.77  -0.60 0.43 0.21 0.24  0.15 296.0 111955. 12.12 292.8  11561.
19:27:34 0.96 278.57  11.44 -1.76 1692  11.11   293.3  11753.  1.75  1.28  -2.75   3.74  -0.66 0.29 0.14 0.18  0.14 285.6  28469. 10.78 292.0   9307.
19:28:55 0.96 278.57  11.43 -1.76 1692  10.43   293.3  12139.  1.90  1.47  -2.89   3.68  -0.58 0.33 0.20 0.16  0.14 289.6  67815. 11.52 292.5   9827.
19:30:16 0.96 278.57  11.42 -1.76 1692  11.22   293.4  11051.  1.91  1.53  -2.64   3.89  -0.42 0.00 0.05 0.20  0.27 286.7  27222. 12.82 291.5  15388.
19:31:37 0.96 278.57  11.41 -1.76 1692  10.40   293.7  13026.  1.51  1.38  -3.00   3.51  -0.50 0.38 0.22 0.20  0.19 289.6  71297. 11.05 295.7  17217.
19:32:58 0.96 278.57  11.40 -1.76 1692  10.70   293.0  12981.  1.51  1.31  -2.76   3.72  -0.54 0.27 0.24 0.18  0.35 283.6  27001. 11.32 292.9   9771.
19:34:19 0.96 278.57  11.38 -1.76 1692  11.42   291.0  13923.  1.49  1.30  -2.75   3.70  -0.74 0.27 0.22 0.16  0.17 289.7 114710. 10.96 289.6  13556.
19:35:40 0.96 278.57  11.37 -1.76 1692  10.88   292.8  13108.  1.61  1.39  -2.88   3.33  -0.78 0.35 0.20 0.18  0.42 287.7  27066. 11.45 291.7  10249.
19:37:01 0.96 278.57  11.36 -1.76 1692  10.18   294.3  13663.  1.31  1.50  -3.32   2.59  -0.89 0.31 0.57 0.28  0.19 283.7  63982. 11.58 295.6  16723.
19:38:22 0.96 278.57  11.34 -1.76 1692  11.35   293.1  16970.  0.70  1.40  -3.52   1.63  -1.17 0.18 0.39 0.20  0.35 285.5  31965. 13.23 294.0  13410.
19:39:43 0.96 278.57  11.33 -1.76 1692  12.66   293.4  17766.  0.71  1.50  -3.06   2.21  -0.92 0.18 0.18 0.16  0.21 290.0 117061. 11.88 295.0  16307.
19:41:04 0.96 278.57  11.32 -1.76 1692  11.37   294.5  14063.  1.73  1.57  -2.35   3.17  -0.53 0.03 0.12 0.18  0.27 285.6  24402. 12.80 294.9  13962.
19:42:25 0.96 278.57  11.30 -1.76 1692  11.55   293.7  13257.  1.37  1.58  -2.66   2.94  -0.66 0.37 0.16 0.01  0.23 285.9  69478. 12.29 293.5  15261.
19:43:46 0.96 278.57  11.29 -1.76 1692  10.86   295.2  13926.  1.47  1.74  -2.83   2.92  -0.51 0.32 0.14 0.20  0.29 286.4  26442. 13.03 295.6  11831.
19:45:07 0.96 278.57  11.28 -1.76 1692  11.31   294.8  14050.  1.37  1.83  -2.55   3.04  -0.54 0.32 0.14 0.18  0.26 289.8  68192. 13.63 292.9  11782.
19:46:28 0.96 278.56  11.27 -1.76 1692  11.62   295.8  13367.  1.62  1.52  -2.71   3.18  -0.71 0.39 0.20 0.12  0.30 286.0  30393. 13.14 296.1  15583.
19:47:49 0.96 278.56  11.26 -1.76 1692  11.86   295.1  12965.  1.33  1.53  -2.41   3.29  -0.86 0.10 0.20 0.20  0.26 290.6  54275. 12.60 295.2  16281.
19:49:10 0.96 278.56  11.24 -1.76 1692  11.60   294.5  14394.  1.29  1.42  -2.93   2.77  -0.61 0.34 0.27 0.38  0.24 285.4  25156. 12.58 295.2  12276.
19:50:31 0.96 278.56  11.23 -1.76 1692  12.02   294.7  17392.  1.12  1.34  -3.00   2.84  -1.02 0.25 0.11 0.12  0.26 293.5  61552. 11.78 294.2  14404.
19:51:52 0.96 278.56  11.22 -1.76 1692  10.83   293.8  15424.  1.04  1.09  -3.24   2.40  -1.04 0.22 0.22 0.12  0.30 285.3  24013. 11.58 291.6  10408.
19:53:13 0.96 278.56  11.20 -1.76 1692   9.95   305.0  15430.  2.15  2.31  -1.48   3.92  -0.07 0.22 0.11 0.25  0.22 296.6  27261. 11.90 306.1  19270.
19:54:34 0.96 278.56  11.19 -1.76 1692  10.65   308.9  14069.  2.05  2.72  -0.66   4.17   0.20 0.23 0.12 0.19  0.37 307.2  34200. 12.41 307.4  16869.
19:55:55 0.96 278.56  11.18 -1.76 1692  10.08   308.6  14732.  2.24  2.75  -0.35   4.41   0.08 0.19 0.13 0.18  0.28 301.7  52599. 11.64 307.6  14462.
19:57:16 0.96 278.56  11.17 -1.76 1692  10.22   308.2  14819.  1.81  2.74   0.07   4.68  -0.07 0.16 0.08 0.21  0.36 308.1  35447. 12.02 307.3  17087.
19:58:36 0.96 278.56  11.15 -1.76 1692  10.27   305.8  14742.  0.00  0.00  -0.39   4.41  -0.48 0.20 0.13 0.12  0.29 297.9  31159. 11.65 307.5  13390.
19:59:57 0.96 278.56  11.14 -1.76 1692  -1.00    -1.0     -1. -1.00 -1.00  -1.50   4.40   0.50 0.00 0.00 0.00 -1.00  -1.0     -1. -1.00  -1.0     -1.
20:00:54 0.96 278.56  11.13 -1.76 1692  10.11   306.0  15882.  1.61  2.27   0.00   0.00   0.00 0.00 0.00 0.00  0.24 302.8  74247. 11.66 304.9  18815.
20:44:06 0.96 278.55  10.73 -1.76 1692   8.37   301.1  19172.  0.93  4.66   0.00   0.00   0.00 0.00 0.00 0.00  0.10 293.4  84967.  9.68 299.2  13130.
21:27:18 0.96 278.55  10.33 -1.76 1692   8.04   308.1  23503.  1.12  1.80   0.00   0.00   0.00 0.00 0.00 0.00  0.28 304.2  70362.  8.96 309.8  18753.
22:10:31 0.96 278.54   9.92 -1.77 1692   9.23   302.3  26170.  0.47  2.50   0.00   0.00   0.00 0.00 0.00 0.00  0.20 294.3  65931.  9.81 302.0  19634.
22:53:43 0.96 278.53   9.52 -1.77 1692   9.28   306.5  27138. -0.30  3.22   0.00   0.00   0.00 0.00 0.00 0.00  0.12 295.6  31627. 10.86 305.4  20027.
23:36:55 0.96 278.52   9.12 -1.77 1692   9.60   302.8  23084.  0.48  3.98  -2.10   3.70   0.50 0.00 0.00 0.00  0.12 286.2 123013. 10.99 300.4  21567.
