1980/206   rh    esh  clong  clat crot    np1     vp1     Tp1   vaz   vel     Bx     By     Bz  sBx  sBy  sBz   nal   val     Tal   np2   vp2     Tp2
hh:mm:ss [AU]  [deg]  [deg] [deg]    # [cm-3]  [km/s]     [K] [deg] [deg]   [nT]   [nT]   [nT] [nT] [nT] [nT][cm-3][km/s]     [K][cm-3][km/s]     [K]
 0:17:36 0.86 106.92 225.44  3.35 1697   5.85   412.5 149101. -4.28 -1.07   0.00   0.00   0.00 0.00 0.00 0.00  0.17 452.7 394740.  6.00 410.9 141542.
 1:00:48 0.86 106.92 225.04  3.35 1697   5.59   407.6 148052. -7.07  0.31   0.00   0.00   0.00 0.00 0.00 0.00 -1.00  -1.0     -1.  6.09 410.1 132875.
 1:29:19 0.86 106.92 224.77  3.35 1697  -1.00    -1.0     -1. -1.00 -1.00  -1.98   6.80  -1.90 0.00 0.00 0.00 -1.00  -1.0     -1. -1.00  -1.0     -1.
 1:44:00 0.86 106.92 224.64  3.34 1697   5.28   434.4 113800.  0.00  0.00  -2.06   6.21  -3.91 0.00 0.00 0.00  0.17 454.6 280381.  5.95 433.6  99871.
 3:12:25 0.86 106.92 223.83  3.34 1697  -1.00    -1.0     -1. -1.00 -1.00  -2.64   7.00  -1.20 0.00 0.00 0.00 -1.00  -1.0     -1. -1.00  -1.0     -1.
 3:15:07 0.86 106.92 223.80  3.34 1697   6.01   418.5  93130.  2.60  0.36   0.00   0.00   0.00 0.00 0.00 0.00  0.18 446.5 209045.  5.92 417.0  99991.
 3:17:49 0.86 106.92 223.77  3.34 1697   5.49   430.9 102898.  2.05 -3.03  -4.47   6.03  -0.50 0.46 0.35 0.42  0.21 440.0 418830.  6.27 429.7 132176.
 3:20:31 0.86 106.92 223.75  3.34 1697   5.69   409.0 118864.  1.01  2.82  -3.05   6.78  -1.52 0.27 0.13 0.47  0.15 433.5 288099.  5.67 407.5  91990.
 3:20:51 0.86 106.92 223.75  3.34 1697   4.99   426.0  91896.  2.68  0.69  -3.38   6.83  -0.81 0.19 0.14 0.25  0.15 425.2 300989.  4.90 423.5  71739.
 3:23:33 0.86 106.92 223.72  3.34 1697   5.37   426.3 103161.  2.92  1.53  -3.28   6.97  -0.58 0.44 0.13 0.28  0.20 443.9 375912.  5.87 423.7  97658.
 3:26:15 0.86 106.92 223.70  3.34 1697   5.50   420.0  97275.  1.76  3.90  -3.81   6.41   1.59 0.15 0.19 0.25 -1.00  -1.0     -1.  5.81 417.9  98045.
 3:28:57 0.86 106.92 223.67  3.34 1697   6.09   419.4 111253.  1.89  0.65  -2.62   6.03   0.94 1.14 0.35 2.25  0.19 445.4 194531.  5.80 415.6  95995.
 3:31:37 0.86 106.92 223.64  3.34 1697   5.54   436.0  92302.  2.76  2.58  -2.98   6.89   0.40 0.38 0.18 0.26  0.11 466.5 121947.  6.43 434.8 111084.
 3:34:19 0.86 106.92 223.62  3.34 1697   6.24   426.1 127954.  2.54  3.39  -3.87   5.87   1.83 0.44 0.36 0.32  0.19 438.2 328133.  5.87 428.2 105068.
 3:37:01 0.86 106.92 223.60  3.34 1697  -1.00    -1.0     -1. -1.00 -1.00  -2.84   6.76  -1.92 0.12 0.20 0.39 -1.00  -1.0     -1. -1.00  -1.0     -1.
 3:39:43 0.86 106.92 223.57  3.34 1697  -1.00    -1.0     -1. -1.00 -1.00  -6.15   4.02  -1.37 0.00 0.00 0.00 -1.00  -1.0     -1. -1.00  -1.0     -1.
 4:10:19 0.86 106.92 223.29  3.33 1697   5.30   406.7  89534.  1.41  1.60   0.00   0.00   0.00 0.00 0.00 0.00 -1.00  -1.0     -1.  5.22 406.7  73828.
 4:15:43 0.86 106.92 223.24  3.33 1697   5.24   399.8 101303. -0.70 -0.14  -5.66   3.97  -3.06 0.30 0.17 1.03 -1.00  -1.0     -1.  5.37 395.2  62377.
 4:21:07 0.86 106.92 223.19  3.33 1697   5.88   419.1 114554.  1.55 -0.82  -5.03   5.40  -2.55 0.18 0.04 0.49  0.22 446.7 181810.  5.82 416.0  96210.
 4:26:31 0.86 106.92 223.14  3.33 1697   5.71   414.8 100712.  0.00  0.00  -4.21   5.43  -3.09 0.38 0.21 0.68  0.20 433.0 337190.  5.76 411.5  90229.
 4:27:43 0.86 106.92 223.13  3.33 1697  -1.00    -1.0     -1. -1.00 -1.00  -5.14   5.38  -1.95 0.20 0.05 0.20 -1.00  -1.0     -1. -1.00  -1.0     -1.
 4:31:55 0.86 106.92 223.09  3.33 1697   5.42   415.9  94056.  1.69 -1.41  -4.18   5.41  -3.32 0.17 0.20 0.04  0.16 438.8 283305.  5.46 418.8  91756.
 4:37:19 0.86 106.92 223.04  3.33 1697   5.86   417.2 123337. -0.40 -1.79   2.38   6.06  -3.56 0.00 0.00 0.00 -1.00  -1.0     -1.  6.55 420.6 137614.
 4:42:43 0.86 106.92 222.99  3.33 1697   5.52   413.0 148636. -1.26  3.86   0.00   0.00   0.00 0.00 0.00 0.00 -1.00  -1.0     -1.  5.49 412.4 121804.
 4:58:57 0.86 106.92 222.84  3.33 1697   5.54   458.0  92003.  0.00  1.67   0.68   6.46  -3.56 1.19 0.28 0.31  0.22 458.3 243037.  5.54 456.6  86977.
 5:04:21 0.86 106.92 222.79  3.33 1697   5.80   430.5 132112.  0.93 -3.37  -2.30   6.16  -3.77 0.18 0.10 0.32  0.18 451.1 306706.  6.46 430.4 113764.
 5:09:45 0.86 106.92 222.74  3.33 1697   5.99   415.7 108079. -2.62 -3.65  -4.13   4.77  -3.20 1.02 1.67 1.17  0.15 453.7 326522.  7.09 415.2 146223.
 5:15:09 0.86 106.92 222.69  3.33 1697   7.26   411.3 133047.  0.28  0.13  -5.60   4.92  -0.47 0.22 0.48 1.25  0.21 450.2 426756.  6.82 410.4 108674.
 5:20:33 0.86 106.91 222.64  3.33 1697   5.81   408.0 107417.  0.28  2.43  -6.01   4.97  -0.13 0.21 0.18 0.29  0.25 441.0 325249.  6.38 404.6 100637.
 5:25:57 0.86 106.91 222.59  3.33 1697   5.34   402.0  93848.  0.34  1.39  -5.85   4.77  -0.37 0.17 0.10 0.45  0.13 442.8 297676.  6.38 403.1 135373.
 5:31:21 0.86 106.91 222.54  3.33 1697   5.78   404.1 106605.  0.02  3.69  -6.30   4.37   0.92 0.10 0.24 0.00  0.24 439.4 407759.  6.04 404.9 108654.
 5:36:45 0.86 106.91 222.49  3.33 1697   5.22   420.7 126310.  2.21  2.54  -4.42   5.90   0.45 0.62 0.28 0.21  0.14 437.0 293635.  5.89 413.4 153847.
 5:42:09 0.86 106.91 222.44  3.33 1697   5.45   415.0 103830.  1.68  1.84  -4.36   6.29   0.21 0.42 0.28 0.19  0.14 439.3 405382.  6.09 412.7 113069.
 5:47:33 0.86 106.91 222.39  3.33 1697   5.49   424.2 126927.  2.52  3.38  -3.43   6.59   0.56 0.05 0.20 0.45  0.18 438.0 273650.  5.24 424.2 108083.
 5:52:57 0.86 106.91 222.34  3.33 1697   4.90   431.1 130046.  2.41  1.11  -2.67   6.70   0.17 0.65 0.19 0.16  0.20 435.6 205822.  5.41 428.7 108869.
 5:58:21 0.86 106.91 222.29  3.33 1697   5.84   415.4 127898.  1.69  3.14  -4.80   5.94   0.64 0.26 0.24 0.00  0.18 442.1 291413.  5.83 414.7 122620.
 6:03:45 0.86 106.91 222.24  3.33 1697   5.40   412.3 121206.  1.23  3.37  -4.88   5.56   0.64 0.18 0.23 0.00  0.15 433.4 216581.  5.63 407.7 113498.
 6:09:09 0.86 106.91 222.19  3.33 1697   5.82   410.2 146678.  0.59  2.04  -5.95   4.44   0.20 0.26 0.19 0.25  0.21 439.7 306966.  6.41 409.1 139524.
 6:14:33 0.86 106.91 222.14  3.33 1697   5.35   409.7 124458.  0.61  3.08  -5.48   4.85   0.64 0.21 0.12 0.36  0.16 442.9 362190.  5.83 409.4 107482.
 6:19:57 0.86 106.91 222.09  3.32 1697   5.35   399.7 102369. -0.78  3.30  -6.08   4.26   0.60 0.13 0.23 0.04  0.17 444.5 225833.  5.63 397.6  89713.
 6:25:21 0.86 106.91 222.05  3.32 1697   5.72   395.4 141012. -3.51  1.39  -6.77   1.32  -1.72 0.16 0.18 0.16 -1.00  -1.0     -1.  5.82 398.7 123172.
 6:30:45 0.86 106.91 221.99  3.32 1697   5.80   402.0 151420. -6.65  0.68  -5.95  -1.19  -2.52 0.24 0.16 0.45  0.12 464.7 308759.  6.38 403.7 127914.
 6:36:09 0.86 106.91 221.94  3.32 1697   5.16   400.4 142857. -6.71  1.27  -6.59  -1.97  -0.81 0.12 0.33 0.46  0.12 447.6 222623.  5.06 400.7 121327.
 6:41:33 0.86 106.91 221.90  3.32 1697   5.54   399.4 152083. -5.48  0.80  -6.85  -0.24  -2.28 0.17 0.55 0.16 -1.00  -1.0     -1.  6.38 401.4 150326.
 6:46:57 0.86 106.91 221.85  3.32 1697   6.06   406.1 124549. -1.77  0.28  -5.38   3.67  -1.78 0.21 0.41 0.51 -1.00  -1.0     -1.  6.21 406.3 111929.
 6:52:21 0.86 106.91 221.79  3.32 1697   6.25   429.0 121664.  1.78  0.20  -2.30   6.36  -1.44 0.04 0.00 0.17  0.20 445.5 363035.  6.39 426.4 110158.
 6:57:45 0.86 106.91 221.74  3.32 1697   6.24   421.2 115099.  1.14  3.83  -2.89   6.39   0.54 0.38 0.38 0.23  0.22 443.1 225885.  6.41 423.3 134067.
 7:03:09 0.86 106.91 221.70  3.32 1697   6.19   428.0 139885.  1.92  0.01  -2.92   6.11  -1.72 0.23 0.15 0.69  0.23 442.0 361164.  6.17 425.6 119907.
 7:08:33 0.86 106.91 221.65  3.32 1697   6.04   403.6 129773. -0.80  1.74  -5.86   3.53  -1.86 0.18 0.39 0.64  0.14 457.3 216841.  6.00 406.4 106117.
 7:13:57 0.86 106.91 221.59  3.32 1697   6.04   401.7 143683. -6.41  1.30  -6.94   0.08  -1.74 0.16 0.38 0.30  0.24 432.9 283460.  6.53 400.1 122863.
 7:19:22 0.86 106.91 221.55  3.32 1697   6.11   399.6 133317. -2.58  1.44  -6.52   2.17  -2.04 0.23 0.43 0.20 -1.00  -1.0     -1.  6.19 400.3 110642.
 7:24:46 0.86 106.91 221.50  3.32 1697   5.49   425.0 127340.  0.07  6.16  -4.52   4.59   3.08 0.37 0.22 0.29  0.22 441.1 269999.  5.67 424.1 112514.
 7:30:10 0.86 106.91 221.45  3.32 1697   6.23   426.2 124159.  1.84  2.35  -3.58   6.32  -0.54 0.15 0.08 0.16  0.29 443.8 439218.  6.13 425.8 115320.
 7:35:34 0.86 106.91 221.39  3.32 1697   5.45   427.4 110607. -0.82  7.28  -4.35   4.11   3.43 0.26 0.53 0.59  0.20 443.4 238073.  5.79 424.2 112842.
 7:40:58 0.86 106.91 221.35  3.32 1697   5.75   425.7 103450.  1.23  3.71  -4.74   5.22  -0.46 0.49 0.27 0.73  0.21 445.1 264476.  5.96 427.2 115622.
 7:46:22 0.86 106.91 221.30  3.32 1697   5.18   436.0 104519.  2.49  1.34  -1.85   6.75  -1.38 0.35 0.17 0.54  0.18 440.9 278432.  5.51 432.4 102106.
 7:51:46 0.86 106.91 221.25  3.32 1697   5.89   432.8 130039.  1.97  0.37  -2.04   6.35  -2.20 0.46 0.33 0.44  0.18 444.6 326964.  6.15 434.1 116139.
 7:57:10 0.86 106.91 221.20  3.32 1697   6.09   413.3 161588.  0.00 -1.20  -5.12   1.76  -3.54 0.20 0.74 0.78  0.22 455.5 479914.  6.60 412.1 141090.
 8:02:34 0.86 106.91 221.15  3.32 1697   6.57   401.7 152541. -6.86  3.07  -6.00   0.16  -2.16 0.41 0.64 0.80 -1.00  -1.0     -1.  6.58 408.6 150975.
 8:07:58 0.86 106.91 221.10  3.32 1697   6.32   439.9 173312. -0.53 -3.11  -3.93   2.27  -2.91 1.40 2.30 1.04  0.23 434.2 286657.  6.70 439.2 144423.
 8:13:22 0.86 106.91 221.05  3.32 1697   6.48   400.7 126596. -6.29  3.26  -6.33  -1.52   0.51 0.12 0.26 0.22 -1.00  -1.0     -1.  6.24 403.9 107475.
 8:18:46 0.86 106.91 221.00  3.32 1697   5.64   412.1 139927.  0.23  1.72  -4.30   5.77  -1.55 0.43 0.37 0.18  0.20 436.3 243413.  6.20 411.1 134272.
 8:24:10 0.86 106.91 220.95  3.32 1697   5.40   411.3 111620.  0.04  2.09  -4.17   6.22  -2.46 0.54 0.37 0.15  0.19 439.8 344350.  5.73 407.3 107823.
 8:29:34 0.86 106.91 220.90  3.32 1697   6.25   418.1 144371.  0.76 -1.25  -3.30   4.82  -3.19 0.29 0.43 0.16  0.15 450.5 230640.  6.50 415.3 137949.
 8:34:58 0.86 106.91 220.85  3.32 1697   6.01   424.4 139745. -8.67  6.07  -3.30  -4.12   2.69 1.84 0.34 0.98  0.19 463.0 391725.  6.02 430.2 119631.
 8:40:22 0.86 106.91 220.80  3.32 1697   4.75   472.2 118143. -0.14  0.53   3.80   5.33  -1.29 0.42 0.15 0.20  0.21 459.0 258668.  5.03 477.5 127882.
 8:45:46 0.86 106.91 220.75  3.31 1697   6.11   405.5 129880. -0.93  0.95  -6.33   2.96  -1.83 0.34 0.44 0.05 -1.00  -1.0     -1.  6.06 402.4 106114.
 8:51:10 0.86 106.91 220.70  3.31 1697   6.42   408.1 136997. -7.88 -0.45  -5.92  -2.81  -3.08 0.21 0.47 0.20 -1.00  -1.0     -1.  6.95 410.7 122613.
 8:56:34 0.86 106.91 220.65  3.31 1697   6.30   396.6 119173. -7.12  1.82  -5.83   1.29  -3.55 0.65 1.55 0.70  0.23 446.0 257525.  6.17 398.1  91779.
 9:01:58 0.86 106.91 220.60  3.31 1697   5.60   439.4  97412.  0.49 -3.35  -1.62   5.68  -4.43 0.58 0.19 0.12  0.26 435.8 256927.  5.75 438.4  83612.
 9:07:22 0.86 106.91 220.55  3.31 1697   5.84   428.1 107540.  2.50  2.48  -2.67   6.87   0.04 0.30 0.11 0.15  0.20 432.3 179575.  6.24 426.5 116194.
 9:12:46 0.86 106.91 220.50  3.31 1697   5.26   455.2  85665.  0.54 -1.45   1.41   5.86  -4.12 0.24 0.20 0.26  0.14 456.5 424509.  5.77 455.6  82917.
 9:18:10 0.86 106.91 220.45  3.31 1697   6.66   419.1 110662.  1.08  4.30  -4.27   5.96   1.45 0.47 0.34 0.06  0.26 441.7 343297.  6.20 414.5 101699.
 9:23:34 0.86 106.91 220.40  3.31 1697   6.73   425.9 131949.  2.11  2.28  -2.99   6.91  -0.31 0.17 0.19 0.79  0.23 443.7 289035.  6.88 424.1 110704.
 9:28:19 0.86 106.91 220.36  3.31 1697  -1.00    -1.0     -1. -1.00 -1.00  -2.65   4.17  -5.18 0.51 0.68 0.57 -1.00  -1.0     -1. -1.00  -1.0     -1.
 9:33:43 0.86 106.91 220.31  3.31 1697   5.39   443.4  99033. -1.99 -3.90  -2.58   6.90  -0.87 0.00 0.00 0.00  0.33 437.3 445883.  5.66 439.9  85847.
 9:34:22 0.86 106.91 220.30  3.31 1697   5.83   436.9 111201.  2.70  3.43   0.00   0.00   0.00 0.00 0.00 0.00  0.16 447.9 313684.  6.20 433.6 111633.
 9:39:46 0.86 106.91 220.25  3.31 1697   6.40   461.8  99023. -6.10 -2.98   2.40  -0.02  -6.43 0.68 0.36 0.21  0.23 447.4 297208.  6.57 465.3 113140.
 9:45:10 0.86 106.91 220.20  3.31 1697   6.08   459.7  98090. -6.13 -3.05   1.37  -0.88  -6.84 0.00 0.00 0.00 -1.00  -1.0     -1.  6.57 459.3 102304.
 9:50:34 0.86 106.91 220.15  3.31 1697   5.81   417.9 113024. -2.57 -3.75  -3.01   1.47  -6.38 0.28 0.66 0.25  0.22 439.7 378549.  6.23 417.7  99133.
 9:55:58 0.86 106.91 220.10  3.31 1697   5.99   418.7 129792. -0.93 -1.82  -4.12   0.43  -5.50 0.22 1.78 0.17  0.20 438.2 215763.  6.42 419.7 110236.
10:01:22 0.86 106.91 220.05  3.31 1697   6.12   413.3 129490. -3.60 -2.85  -4.44   1.42  -5.70 0.24 0.41 0.25 -1.00  -1.0     -1.  6.54 411.4 109343.
10:06:46 0.86 106.91 220.00  3.31 1697   5.96   420.3 118299. -5.80 -2.20  -4.02  -1.44  -6.09 0.16 0.16 0.16  0.17 440.6 301496.  6.64 421.8 109791.
10:12:10 0.86 106.91 219.95  3.31 1697   6.86   431.7 124988. -6.01 -3.44  -2.07  -1.77  -6.43 0.68 0.31 0.37  0.14 450.1 278354.  7.03 436.9 119134.
10:17:34 0.86 106.91 219.90  3.31 1697   5.87   397.6 101248. -3.02 -0.02  -6.31   1.84  -3.35 0.21 0.29 0.16  0.17 458.0 248533.  6.45 399.0 122425.
10:22:58 0.86 106.91 219.85  3.31 1697   6.14   418.4 148211. -1.71 -1.61  -4.43   4.11  -3.33 0.46 0.46 0.47 -1.00  -1.0     -1.  7.30 417.7 141022.
10:28:22 0.86 106.90 219.80  3.31 1697   6.19   423.1 134554.  1.79  1.94  -4.04   5.50  -1.40 0.50 0.26 0.52  0.22 439.7 298390.  6.01 420.9 108820.
10:33:46 0.86 106.90 219.75  3.31 1697   6.24   406.9 135643. -3.69 -0.36  -5.25   1.88  -3.70 0.69 1.29 0.44 -1.00  -1.0     -1.  6.60 405.8 107865.
10:39:10 0.86 106.90 219.70  3.31 1697   6.32   405.6 151719. -4.77 -0.09  -6.13   0.52  -3.75 0.15 0.21 0.39 -1.00  -1.0     -1.  6.97 403.2 138316.
10:44:34 0.86 106.90 219.65  3.31 1697   6.32   405.9 129714. -6.01  0.75  -6.37  -0.71  -3.42 0.21 0.44 0.40 -1.00  -1.0     -1.  6.80 408.9 154971.
10:49:58 0.86 106.90 219.60  3.31 1697   6.06   404.4 156319. -6.34  1.46  -6.83  -0.86  -1.85 0.09 0.16 0.28  0.11 462.8 130861.  6.21 402.3 134681.
10:55:22 0.86 106.90 219.55  3.31 1697   6.61   400.4 126193. -6.39  3.49  -6.45  -2.03   0.16 0.20 0.43 0.32 -1.00  -1.0     -1.  6.26 402.1 113764.
11:00:46 0.86 106.90 219.51  3.31 1697   6.73   422.5 153470. -1.55 -2.07  -4.33   3.26  -3.07 0.81 0.32 1.32  0.24 436.7 249183.  6.95 424.6 135243.
11:06:10 0.86 106.90 219.45  3.30 1697   5.89   435.5  77827. -3.86 -3.94  -1.05   1.11  -6.63 0.34 0.53 0.05 -1.00  -1.0     -1.  5.88 436.9  83050.
11:11:34 0.86 106.90 219.40  3.30 1697   6.29   416.8 148688. -6.45 -0.63  -2.18   1.94  -1.94 2.83 2.58 2.08  0.20 437.2 315828.  6.60 419.8 125085.
11:16:58 0.86 106.90 219.35  3.30 1697   5.82   449.7  97174.  2.46  0.62   0.48   6.44  -2.61 0.23 0.20 0.22  0.13 454.4 370987.  5.87 449.0  90090.
11:22:22 0.86 106.90 219.31  3.30 1697   5.92   432.3 101732.  1.07 -1.09  -1.85   4.78  -4.13 0.23 1.10 1.07  0.21 439.2 345337.  5.88 432.7  76323.
11:27:46 0.86 106.90 219.25  3.30 1697   5.48   465.7 123373.  1.12  0.11   1.41   5.50  -0.19 0.44 0.32 0.40  0.18 451.2 291231.  5.97 467.5 121057.
11:33:10 0.86 106.90 219.20  3.30 1697   5.61   448.5  73438. -2.01 -3.41   0.23   2.40  -6.07 0.30 0.54 0.17  0.16 467.4 311293.  5.60 444.6  73685.
11:38:34 0.86 106.90 219.16  3.30 1697   5.42   433.6 124107. -1.61 -3.70  -1.17   2.97  -6.04 0.27 0.20 0.20 -1.00  -1.0     -1.  5.63 435.3 107855.
11:43:58 0.86 106.90 219.11  3.30 1697   5.35   442.2  97012. -1.24 -3.45   0.06   3.11  -6.17 0.25 0.10 0.00  0.23 448.6 323404.  5.69 441.6  82748.
11:49:22 0.86 106.90 219.05  3.30 1697   5.58   470.5 106809. -1.36 -1.69   4.55   3.32  -3.98 0.18 0.18 0.20  0.23 458.8 276756.  6.16 475.8  92971.
11:54:46 0.86 106.90 219.01  3.30 1697   5.19   430.5  93130.  1.60 -0.34  -0.40   5.43  -3.97 0.25 0.29 0.17  0.20 442.4 292387.  6.00 430.6  94933.
12:00:10 0.86 106.90 218.96  3.30 1697   5.50   440.9  72356. -0.13 -2.52  -0.50   3.18  -6.41 0.08 1.05 0.46  0.24 442.9 352484.  5.74 442.8  90174.
12:05:34 0.86 106.90 218.91  3.30 1697   6.01   429.0  92653. -1.85 -3.27  -2.30   2.18  -6.52 0.15 0.22 0.15  0.20 439.5 266737.  6.49 429.7  93656.
12:10:58 0.86 106.90 218.85  3.30 1697   5.20   437.0  74747. -0.25 -2.12  -0.39   3.96  -5.79 0.22 0.32 0.30  0.22 441.6 378121.  5.46 436.1  87403.
12:16:22 0.86 106.90 218.81  3.30 1697   5.48   400.8 108092. -4.70 -0.83  -5.63   0.27  -4.08 0.59 0.15 0.85  0.19 439.1 244063.  6.17 405.2 147860.
12:21:46 0.86 106.90 218.76  3.30 1697   5.87   409.4 134061.  0.72  1.25  -5.47   4.25  -1.75 0.50 0.71 0.30 -1.00  -1.0     -1.  6.54 413.5 158775.
12:27:10 0.86 106.90 218.71  3.30 1697   6.18   412.3 163628. -1.66 -0.35  -5.70   2.51  -2.95 0.32 0.49 0.30  0.20 442.3 224572.  6.91 407.0 141282.
12:32:34 0.86 106.90 218.66  3.30 1697   6.70   400.8 156832. -3.63  3.74  -5.56   0.91  -2.74 0.85 0.26 1.56 -1.00  -1.0     -1.  6.26 405.2 172185.
12:37:58 0.86 106.90 218.61  3.30 1697   5.70   403.7 179825. -2.70  3.26  -6.91   1.77  -0.55 0.14 0.26 0.17  0.21 436.2 328302.  6.38 400.9 152434.
12:43:22 0.86 106.90 218.56  3.30 1697   6.17   400.6 161325. -4.09  0.00  -6.67  -0.39  -1.37 0.18 0.29 0.39  0.22 433.3 253796.  6.16 404.3 169154.
12:48:46 0.86 106.90 218.51  3.30 1697   5.98   402.7 158755. -3.98  4.96  -7.00   0.48   1.35 0.22 0.17 0.26 -1.00  -1.0     -1.  6.45 402.1 137429.
12:54:10 0.86 106.90 218.46  3.30 1697   6.17   404.5 140379. -4.61  5.85  -6.76   0.84   1.19 0.13 0.61 0.20 -1.00  -1.0     -1.  6.67 409.3 172571.
12:59:34 0.86 106.90 218.41  3.30 1697   6.39   404.4 164167. -2.01  4.25  -7.04   2.24  -0.07 0.10 0.18 0.19 -1.00  -1.0     -1.  6.63 402.1 147165.
13:04:58 0.86 106.90 218.36  3.30 1697   5.76   402.3 165317. -2.47  3.82  -6.76   1.80  -0.65 0.15 0.71 1.26  0.14 453.5 290360.  6.01 408.0 169284.
13:10:22 0.86 106.90 218.31  3.30 1697   6.00   409.2 167110. -0.79  0.55  -5.20   3.49  -2.23 0.12 0.20 0.26 -1.00  -1.0     -1.  6.33 404.2 138381.
13:15:46 0.86 106.90 218.26  3.30 1697   5.74   434.6 125160. -4.80 -4.31  -2.96   0.70  -5.64 0.72 0.93 1.17  0.20 446.9 338489.  6.54 435.8 118387.
13:21:10 0.86 106.90 218.21  3.30 1697   6.18   420.9 132982. -2.42 -3.83  -3.82   3.27  -4.60 0.26 0.09 0.33  0.20 432.8 324131.  6.29 428.8 156527.
13:26:34 0.86 106.90 218.16  3.29 1697   5.83   425.7 140632.  0.44 -1.55  -2.69   5.16  -3.51 0.12 0.20 0.40 -1.00  -1.0     -1.  5.94 426.2 124906.
13:31:58 0.86 106.90 218.11  3.29 1697   6.45   404.1 161504. -1.90  1.13  -6.65   1.72  -1.44 0.08 0.20 0.26 -1.00  -1.0     -1.  6.30 401.5 151628.
13:37:22 0.86 106.90 218.06  3.29 1697   6.46   400.2 161302. -3.36  1.94  -6.70   0.54  -1.76 0.13 0.22 0.16 -1.00  -1.0     -1.  6.38 405.5 158587.
13:42:46 0.86 106.90 218.01  3.29 1697   5.94   408.3 183395. -3.09  4.49  -7.17   0.54   1.15 0.15 0.19 0.20 -1.00  -1.0     -1.  6.17 408.2 163355.
13:48:10 0.86 106.90 217.96  3.29 1697   6.24   402.4 170586. -1.97  1.42  -6.69   1.80  -1.36 0.13 0.22 0.30 -1.00  -1.0     -1.  5.78 401.9 128636.
13:53:34 0.86 106.90 217.91  3.29 1697   6.27   407.6 160389. -1.37 -0.69  -6.27   1.63  -2.55 0.18 0.12 0.30  0.22 436.8 304666.  6.73 406.8 144849.
13:58:58 0.86 106.90 217.86  3.29 1697   6.25   401.6 151066. -3.88  0.84  -6.46   0.23  -2.16 0.15 0.75 0.39 -1.00  -1.0     -1.  6.23 402.6 126345.
14:04:22 0.86 106.90 217.81  3.29 1697   5.97   403.8 157794. -5.89  0.83  -6.78  -1.44  -2.15 0.13 0.21 0.17 -1.00  -1.0     -1.  6.45 404.3 145034.
14:09:46 0.86 106.90 217.76  3.29 1697   5.98   400.0 151186. -4.50  1.57  -6.90  -0.69  -1.85 0.00 0.00 0.00 -1.00  -1.0     -1.  6.04 403.2 147386.
14:15:10 0.86 106.90 217.71  3.29 1697   5.85   399.9 154659. -4.42  1.21  -6.93  -0.39  -1.29 0.22 0.13 0.19  0.14 455.6 222013.  6.27 395.4 140775.
14:20:34 0.86 106.90 217.66  3.29 1697   5.97   394.5 133629. -4.95  2.51  -7.08  -0.49  -0.89 0.12 0.27 0.20 -1.00  -1.0     -1.  5.75 394.7 104873.
14:25:58 0.86 106.90 217.61  3.29 1697   5.87   399.7 150949. -5.77  3.19  -6.81  -1.48  -0.35 0.17 0.08 0.17 -1.00  -1.0     -1.  5.65 393.2  98266.
14:31:22 0.86 106.90 217.56  3.29 1697   5.97   399.9 145466. -5.99  4.45  -6.47  -1.49   1.52 0.20 0.16 0.18  0.19 425.6 201326.  5.35 402.5 106939.
14:36:46 0.86 106.90 217.51  3.29 1697   5.53   404.7 162657. -6.82  1.66  -6.36  -1.77   0.58 0.20 0.27 1.20 -1.00  -1.0     -1.  5.67 404.1 136386.
14:42:10 0.87 106.90 217.46  3.29 1697   5.43   403.5 141055. -5.75 -1.06  -5.76  -1.52  -3.17 0.26 0.26 0.19 -1.00  -1.0     -1.  5.09 403.0 112981.
14:47:34 0.87 106.90 217.41  3.29 1697   5.59   415.0 137387. -7.88 -0.05  -4.41  -4.15  -2.50 0.17 0.47 0.37 -1.00  -1.0     -1.  5.38 415.9 104058.
14:52:58 0.87 106.90 217.36  3.29 1697   5.18   419.8 168894.  0.00 -0.39  -1.75   4.30  -2.30 1.32 0.81 0.33  0.15 432.0 189554.  5.70 422.7 132118.
14:58:19 0.87 106.83 217.24  3.18 1698  -1.00    -1.0     -1. -1.00 -1.00   2.81   4.75   1.63 0.25 0.29 0.40 -1.00  -1.0     -1. -1.00  -1.0     -1.
15:01:57 0.87 106.90 217.28  3.29 1697   5.66   423.8 124822.  0.00  0.00  -2.27   5.61   1.63 0.42 0.10 0.57  0.18 439.5 300456.  5.79 425.6 112436.
15:03:43 0.87 106.90 217.26  3.29 1697   5.46   424.3 104925.  0.00  0.00  -2.32   5.41   2.37 0.34 0.49 0.51  0.16 418.5 240633.  5.60 427.2  95683.
15:23:33 0.87 106.89 217.08  3.29 1697  -1.00    -1.0     -1. -1.00 -1.00  -1.69   6.10  -1.20 0.00 0.00 0.00 -1.00  -1.0     -1. -1.00  -1.0     -1.
15:45:09 0.87 106.89 216.88  3.29 1697   5.40   421.1 103178. -0.60  6.94   0.00   0.00   0.00 0.00 0.00 0.00 -1.00  -1.0     -1.  5.72 414.4 103967.
15:55:57 0.87 106.89 216.78  3.28 1697   5.58   426.7 121583.  2.78  0.02   0.00   0.00   0.00 0.00 0.00 0.00  0.19 434.5 310488.  5.81 428.5 105425.
16:06:45 0.87 106.89 216.68  3.28 1697  -1.00    -1.0     -1. -1.00 -1.00  -6.09   2.76   2.27 0.04 0.19 0.19 -1.00  -1.0     -1.  5.14 400.2  89180.
17:34:21 0.87 106.89 215.87  3.28 1697   5.80   393.6 139651.  0.00  0.00  -5.77   3.21  -2.96 0.00 0.00 0.00  0.06 486.0 255823. -1.00  -1.0     -1.
17:45:09 0.87 106.89 215.77  3.28 1697   5.92   390.2 119456. -0.28  1.73   0.00   0.00   0.00 0.00 0.00 0.00 -1.00  -1.0     -1.  6.64 397.3 165834.
17:54:45 0.87 106.89 215.69  3.28 1697   5.69   382.9  97772. -2.44  0.85  -6.65   3.00  -1.74 0.09 0.14 0.19  0.18 417.8 294479.  6.66 382.7 115320.
18:05:33 0.87 106.89 215.58  3.28 1697   7.37   390.2 122272.  0.41  1.60  -4.32   5.21  -2.74 0.15 0.10 0.20  0.21 409.2 278809.  7.17 390.9 103691.
18:16:21 0.87 106.89 215.49  3.27 1697   5.98   415.8 116961.  2.30  0.00  -1.80   6.34  -2.87 0.46 0.21 0.24  0.16 421.3 270688.  6.05 420.6 120479.
18:27:09 0.87 106.89 215.38  3.27 1697   5.09   408.5 101099.  0.53 -2.56  -1.90   4.51  -4.32 0.35 0.20 0.01  0.17 413.6 289412.  5.23 405.3  93390.
18:37:57 0.87 106.89 215.29  3.27 1697   4.94   388.5  89219.  0.06 -0.47  -4.76   3.91  -3.70 0.51 0.00 0.35  0.11 419.9 307928.  5.71 390.1 102570.
18:48:45 0.87 106.89 215.18  3.27 1697   5.82   401.1 104061. -0.68 -2.29  -3.24   2.91  -5.23 0.00 0.00 0.00  0.17 421.4 351106.  6.35 400.3 108180.
18:59:33 0.87 106.89 215.09  3.27 1697   5.64   404.8 111201.  1.73  2.77  -4.10   5.90   0.40 0.00 0.00 0.19  0.15 421.8 232122.  5.26 405.3  89313.
19:10:21 0.87 106.89 214.99  3.27 1697   5.46   401.4 116119.  1.17 -1.40  -3.01   5.06  -3.23 0.45 0.05 0.01 -1.00  -1.0     -1.  5.05 403.6  87465.
19:21:09 0.87 106.89 214.89  3.27 1697   5.45   411.3 110490.  2.87  0.67  -2.90   6.20  -0.02 0.10 0.20 0.40  0.18 422.0 220388.  5.51 407.9  72928.
19:31:57 0.87 106.89 214.79  3.27 1697   5.58   395.3 111705.  0.00  0.00  -4.65   5.65  -0.34 0.15 0.05 0.20  0.18 414.3 209954.  5.20 394.1  96187.
19:36:44 0.87 106.89 214.74  3.27 1697  -1.00    -1.0     -1. -1.00 -1.00  -3.93   5.45  -1.53 0.15 0.05 0.20 -1.00  -1.0     -1. -1.00  -1.0     -1.
19:59:43 0.87 106.88 214.53  3.27 1697  -1.00    -1.0     -1. -1.00 -1.00  -0.95   5.32  -3.92 0.39 0.57 0.46 -1.00  -1.0     -1. -1.00  -1.0     -1.
19:59:57 0.87 106.88 214.53  3.27 1697  -1.00    -1.0     -1. -1.00 -1.00  -0.88   5.28  -4.04 0.47 0.44 0.41 -1.00  -1.0     -1. -1.00  -1.0     -1.
20:00:17 0.87 106.88 214.53  3.27 1697   5.61   423.0 107219.  1.70 -2.93  -1.29   4.96  -4.27 0.66 0.56 0.58  0.14 434.5 257629.  5.31 420.4  79610.
20:00:57 0.87 106.88 214.52  3.27 1697   5.67   411.7 108489.  0.59 -2.95  -2.34   4.02  -4.68 0.52 0.80 0.65  0.19 416.7 186189.  5.48 411.1  84414.
20:01:38 0.87 106.88 214.51  3.27 1697   5.22   412.9  97103.  1.30 -3.00  -2.97   3.10  -5.03 0.35 0.47 0.61  0.18 409.5 221103.  6.02 408.2  94144.
20:02:19 0.87 106.88 214.51  3.27 1697   5.58   403.8 118725. -1.37 -3.96  -3.11   2.62  -5.25 0.34 0.36 0.62 -1.00  -1.0     -1.  6.46 402.6 124075.
20:03:01 0.87 106.88 214.50  3.27 1697   5.24   403.8  93715. -1.56 -4.71  -3.17  -0.04  -5.30 0.44 1.29 0.72  0.21 413.5 249365.  5.90 401.9  94537.
20:03:40 0.87 106.88 214.49  3.27 1697   5.03   411.0  89073. -5.65 -4.72  -2.76   3.83  -4.48 0.40 1.28 0.83  0.15 417.1 255888.  5.16 410.4  76716.
20:04:20 0.87 106.88 214.49  3.27 1697   5.26   410.4 103074.  2.18 -2.11  -3.14   3.92  -4.40 0.47 0.49 0.62  0.19 422.1 368622.  5.42 408.4  76037.
20:05:01 0.87 106.88 214.48  3.27 1697   5.55   401.7 115038. -0.01 -2.74  -3.29   3.32  -4.63 0.42 0.47 0.63 -1.00  -1.0     -1.  5.23 403.0  93478.
20:05:41 0.87 106.88 214.47  3.27 1697   5.71   399.4 117562. -0.63 -3.22  -3.23   4.09  -4.26 0.41 0.25 0.64  0.19 422.1 356109.  6.44 396.7 101963.
20:06:22 0.87 106.88 214.47  3.27 1697   5.37   403.7 122048.  0.27 -2.36  -3.25   3.60  -4.55 0.45 0.57 0.66  0.20 419.7 223611.  5.80 396.6 100751.
20:07:02 0.87 106.88 214.46  3.27 1697   5.27   401.3 113602.  0.28 -2.64  -1.44   3.90  -4.54 2.46 0.76 0.71  0.22 425.1 335436.  5.06 400.9  79964.
20:07:43 0.87 106.88 214.46  3.27 1697   5.21   439.1  79727.  0.98 -2.38  -1.44   4.30  -4.51 1.73 0.27 0.81  0.17 431.5 191308.  5.66 441.1  82751.
20:08:23 0.87 106.88 214.45  3.27 1697   5.43   398.0 111334.  1.22 -2.05  -3.59   4.03  -3.65 0.47 0.44 0.74  0.18 424.8 359721.  5.63 395.4 103632.
20:09:04 0.87 106.88 214.44  3.27 1697   5.66   399.9 121928.  0.76 -1.93  -3.48   4.28  -3.43 0.36 0.49 0.77 -1.00  -1.0     -1.  5.54 400.4 101427.
20:09:44 0.87 106.88 214.44  3.27 1697   5.60   398.4 117805.  1.65 -1.21  -2.78   4.46  -3.96 0.38 0.45 0.67 -1.00  -1.0     -1.  6.09 399.6 117367.
20:10:25 0.87 106.88 214.43  3.27 1697   5.31   406.4 107046.  1.60 -1.84  -3.52   4.63  -3.13 0.59 0.37 0.73 -1.00  -1.0     -1.  5.44 408.4  98259.
20:11:05 0.87 106.88 214.43  3.27 1697   5.53   396.4 111783.  0.73 -1.69  -4.90   3.77  -2.14 0.50 0.50 0.88 -1.00  -1.0     -1.  5.52 396.6  91454.
20:11:46 0.87 106.88 214.42  3.27 1697   5.38   394.8 133232.  0.22 -0.85  -4.99   3.77  -2.10 0.32 0.28 0.95  0.15 421.2 259708.  5.70 384.0  92909.
20:12:26 0.87 106.88 214.42  3.27 1697   5.20   391.5 126375.  0.28 -0.48  -4.85   3.21  -3.04 0.37 0.57 0.86 -1.00  -1.0     -1.  5.28 388.2 103317.
20:13:07 0.87 106.88 214.41  3.27 1697   5.51   394.8 123156.  0.36 -1.04  -4.41   3.35  -3.55 0.32 0.35 0.76  0.23 410.6 281239.  5.77 392.2 102557.
20:13:47 0.87 106.88 214.40  3.27 1697   5.18   392.9 115811.  0.14 -2.03  -4.60   3.36  -3.36 0.25 0.38 0.72  0.10 436.9 147948.  5.55 393.0  86727.
20:14:28 0.87 106.88 214.40  3.27 1697   5.60   392.8 127463. -0.76 -1.48  -4.51   1.62  -4.18 0.48 0.89 1.03  0.12 428.6 188164.  5.66 388.0 105305.
20:15:08 0.87 106.88 214.39  3.27 1697   5.53   396.1 116171. -2.96 -3.28  -4.24   1.98  -4.12 0.41 1.19 1.12  0.18 413.4 277029.  6.06 394.0 109203.
20:15:49 0.87 106.88 214.38  3.27 1697   5.69   396.8 128983.  0.11 -2.04  -3.04   2.25  -4.63 1.73 1.26 1.01  0.14 426.2 212384.  5.37 390.8 109518.
20:16:29 0.87 106.88 214.38  3.27 1697   5.81   416.5  94667. -1.11 -4.68  -1.80   4.16  -4.48 0.94 0.63 0.58  0.23 419.9 336579.  6.62 410.7 120235.
20:17:10 0.87 106.88 214.37  3.27 1697   5.88   418.6  94348.  1.20 -2.59  -4.81   2.06  -3.66 0.49 0.54 0.85  0.11 420.6 232551.  5.94 414.8  83596.
20:17:50 0.87 106.88 214.36  3.27 1697   5.30   388.6 132842.  0.00 -1.29  -5.28   1.79  -3.31 0.28 0.27 0.82 -1.00  -1.0     -1.  6.00 385.8 107910.
20:18:31 0.87 106.88 214.36  3.27 1697   5.60   381.8 113154. -2.52 -1.48  -5.19   1.65  -3.35 0.45 0.57 0.97  0.06 439.5 199975.  5.90 387.9 149926.
20:19:11 0.87 106.88 214.35  3.27 1697   5.32   390.5 122535. -1.18 -2.21  -4.97   2.13  -3.52 0.31 0.31 0.84 -1.00  -1.0     -1.  5.43 388.3 102616.
20:19:52 0.87 106.88 214.34  3.27 1697   5.63   393.2 135578. -1.70 -2.49  -5.27   2.06  -3.07 0.45 0.63 0.86 -1.00  -1.0     -1.  5.88 385.3  88702.
20:20:32 0.87 106.88 214.34  3.27 1697   5.67   390.8 138034. -0.45 -1.37  -4.23   2.56  -4.10 0.39 0.36 0.73  0.10 437.0 332421.  5.36 384.0  98399.
20:21:13 0.87 106.88 214.33  3.27 1697   5.54   398.3 124124. -0.81 -2.85  -4.33   2.38  -4.14 0.49 0.28 0.81  0.13 430.3 181537.  5.56 398.5  85113.
20:21:53 0.87 106.88 214.33  3.27 1697   5.19   389.6 126040. -1.29 -1.51  -5.16   2.49  -3.10 0.24 0.39 0.85 -1.00  -1.0     -1.  5.53 386.4  95804.
20:22:34 0.87 106.88 214.32  3.27 1697   5.67   388.0 150391. -0.85 -1.02  -4.89   2.11  -3.59 0.38 0.28 0.90  0.19 417.2 249897.  6.21 392.8 144725.
20:23:14 0.87 106.88 214.31  3.27 1697   5.45   391.2 133567. -1.77 -2.62  -4.53   1.87  -4.15 0.44 0.39 0.85  0.11 435.5 211241.  5.37 392.2  96651.
20:23:55 0.87 106.88 214.31  3.27 1697   5.58   393.0 137351. -1.26 -1.96  -2.60   3.58  -4.60 0.78 0.77 0.60 -1.00  -1.0     -1.  5.62 393.5 115038.
20:24:35 0.87 106.88 214.30  3.27 1697   5.58   411.8  94550.  1.24 -2.86  -2.64   3.27  -4.76 0.64 0.70 0.62  0.16 426.6 404940.  5.36 411.4  57618.
20:25:16 0.87 106.88 214.29  3.27 1697   5.77   405.6 107349. -0.60 -3.28  -3.00   3.08  -4.73 0.37 0.44 0.64  0.22 424.1 237384.  5.44 405.2  75111.
20:25:56 0.87 106.88 214.29  3.27 1697   5.40   405.6 103827. -0.27 -2.95  -2.56   2.28  -5.23 0.45 0.94 0.64  0.22 423.5 380096.  6.09 400.3  86292.
20:26:37 0.87 106.88 214.28  3.27 1697   6.30   403.6 109493.  0.76 -2.44  -2.32   2.15  -5.63 0.38 0.64 0.58  0.14 428.7 163332.  6.14 403.1  83982.
20:27:17 0.87 106.88 214.28  3.27 1697   5.19   408.9  88901. -2.32 -4.85  -2.72   2.39  -5.32 0.36 0.46 0.62  0.19 419.0 400223.  5.54 408.8  71258.
20:27:58 0.87 106.88 214.27  3.27 1697   5.39   407.2 108966. -1.62  0.17  -2.65   2.14  -5.50 0.44 0.46 0.57  0.19 419.0 224170.  5.90 408.2  77550.
20:28:38 0.87 106.88 214.26  3.27 1697   6.09   404.8 104211. -1.71 -4.30  -3.02   2.29  -5.15 0.37 0.32 0.70  0.20 407.1 235461.  6.63 399.3 101125.
20:29:19 0.87 106.88 214.26  3.27 1697   5.67   401.7 116045. -0.93  0.53  -3.29   2.73  -4.83 0.31 0.31 0.65  0.12 427.3 173611.  6.34 402.6  93098.
20:29:59 0.87 106.88 214.25  3.27 1697   5.61   401.8 101729. -0.38 -3.71  -1.64   3.82  -4.86 1.20 0.61 0.46  0.18 423.5 364347.  6.49 404.3 128772.
20:30:40 0.87 106.88 214.25  3.27 1697   4.99   422.9  77466.  1.02 -2.79  -2.99   3.61  -4.33 0.43 0.98 0.89  0.17 420.2 220908.  5.37 421.2  67870.
20:31:20 0.87 106.88 214.24  3.26 1697   5.90   400.8 108573.  0.00 -3.94  -3.62   2.00  -4.74 0.35 0.58 0.70  0.20 410.3 261735.  6.46 402.1 101836.
20:32:01 0.87 106.88 214.23  3.26 1697   5.50   400.9 119163. -0.78 -3.20  -3.45   2.35  -4.74 0.37 0.56 0.69  0.17 415.5 220103.  6.72 394.9 139382.
20:32:41 0.87 106.88 214.23  3.26 1697   5.57   401.2 110210. -0.59 -3.58  -2.32   3.89  -4.14 0.91 1.49 0.87  0.15 415.8 209603.  5.65 402.8  75108.
20:33:22 0.87 106.88 214.22  3.26 1697   5.47   407.7 100631.  0.65 -2.80  -3.77   2.58  -4.43 0.71 0.95 0.87  0.18 423.4 245713.  5.49 407.3  92259.
20:34:02 0.87 106.88 214.22  3.26 1697   5.38   392.7 127366. -0.56 -2.61  -2.14   3.67  -4.84 0.58 0.57 0.70  0.17 411.2 202938.  5.74 388.1  94241.
20:34:43 0.87 106.88 214.21  3.26 1697   5.30   404.5  87260.  0.57 -2.99  -1.81   3.95  -4.60 1.33 0.80 0.59  0.17 421.5 168036.  5.26 406.9  91126.
20:35:23 0.87 106.88 214.20  3.26 1697   5.53   413.6  87390.  0.42 -3.57  -1.94   3.13  -5.38 0.44 0.56 0.54  0.16 421.3 348118.  5.48 408.1  88313.
20:36:04 0.87 106.88 214.20  3.26 1697   5.57   408.4 101664. -0.50 -4.01  -1.81   2.79  -5.53 0.77 0.78 0.49  0.16 419.0 192452.  6.09 407.4  98756.
20:36:44 0.87 106.88 214.19  3.26 1697   4.89   415.0  83213. -0.38 -4.15  -1.91   2.03  -5.68 0.47 0.33 0.56  0.20 411.9 282577.  5.19 414.0  68585.
20:37:25 0.87 106.81 214.11  3.15 1698  -1.00    -1.0     -1. -1.00 -1.00  -3.09   2.45  -4.88 0.36 0.58 0.73 -1.00  -1.0     -1. -1.00  -1.0     -1.
20:37:45 0.87 106.88 214.18  3.26 1697   5.32   402.4  97665. -1.77 -4.31  -2.99   2.78  -4.78 0.75 0.70 0.74  0.19 420.1 391244.  5.36 407.6  78109.
20:39:06 0.87 106.88 214.17  3.26 1697   5.52   402.4 122181. -1.33 -3.90  -3.03   2.31  -5.05 0.53 0.98 0.75  0.16 419.7 267946.  5.86 399.5  88358.
20:40:27 0.87 106.88 214.16  3.26 1697   5.60   415.4  88352. -0.28 -3.73  -0.80   3.58  -5.43 0.77 0.40 0.44  0.16 431.1 192166.  5.85 419.8  84960.
20:41:48 0.87 106.88 214.14  3.26 1697   5.66   414.8  96291.  0.79 -3.26  -1.66   2.88  -5.49 0.76 0.75 0.54  0.22 423.6 269713.  5.07 418.5  67116.
20:53:51 0.87 106.88 214.03  3.26 1697   5.08   416.6  76709.  0.95 -2.86  -1.61   3.75  -5.01 0.66 0.62 0.48  0.19 409.8 246740.  5.48 416.0  73808.
20:55:13 0.87 106.88 214.02  3.26 1697   5.79   406.2  81783.  0.22 -3.38  -1.80   3.56  -5.19 0.43 0.73 0.66  0.14 422.5 210357.  6.01 407.0  82218.
20:56:34 0.87 106.88 214.01  3.26 1697   5.68   409.7  83911. -0.22 -2.76  -3.00   2.99  -4.72 1.22 0.86 1.09  0.16 403.4 239645.  4.77 409.7  61808.
20:57:55 0.87 106.88 214.00  3.26 1697   5.82   400.6  81692. -1.83 -4.22  -2.68   2.20  -5.34 0.55 0.74 0.65  0.14 421.1 301665.  5.43 403.6  89690.
20:59:16 0.87 106.88 213.98  3.26 1697   5.50   396.4 109044.  0.41 -1.60  -3.70   3.54  -3.79 0.56 0.75 0.97  0.12 440.6 207641.  5.81 395.9 101930.
21:00:37 0.87 106.88 213.97  3.26 1697   5.45   392.4 128314.  0.30 -0.73  -3.43   2.42  -4.54 0.66 0.94 0.93  0.15 420.9 216607.  5.75 387.7  86766.
21:01:58 0.87 106.88 213.96  3.26 1697   5.57   383.7 132469. -2.07 -1.65  -4.05   1.23  -4.47 0.54 0.77 0.91  0.22 411.8 236761.  5.52 388.2 102063.
21:03:19 0.87 106.88 213.94  3.26 1697  -1.00    -1.0     -1. -1.00 -1.00  -4.18   2.24  -3.99 0.86 0.95 1.06 -1.00  -1.0     -1.  5.32 390.4  84041.
21:04:40 0.87 106.88 213.93  3.26 1697   5.30   392.8 107355. -3.18 -2.35  -3.47   3.13  -3.03 1.53 2.79 1.67  0.14 410.3 258032.  5.41 394.3  95959.
21:06:01 0.87 106.88 213.92  3.26 1697   5.67   401.0  88537.  0.00  0.27  -1.40   6.40  -1.68 0.46 0.25 0.53  0.19 418.1 221610.  5.61 405.6  74754.
21:07:22 0.87 106.88 213.91  3.26 1697   5.11   424.2  66921.  4.90  1.81  -1.30   6.23  -0.74 2.08 0.84 0.72  0.22 408.1 267010.  5.24 422.6  68536.
21:08:43 0.87 106.88 213.89  3.26 1697   5.80   395.8  94410.  0.00 -0.32  -3.77   4.78  -2.45 0.84 0.70 0.91  0.18 411.5 291426.  6.17 398.6 114840.
21:10:04 0.87 106.88 213.88  3.26 1697   5.57   387.6 109356. -0.83 -1.98  -4.54   3.53  -2.62 0.72 1.13 1.08  0.15 419.8 393362.  6.72 389.0 166500.
21:11:25 0.87 106.88 213.87  3.26 1697   9.46   404.0 160763.  0.00  0.15  -1.22   5.70  -1.12 1.71 1.97 1.91  0.15 419.0 234890.  9.08 399.6 155465.
21:12:46 0.87 106.88 213.86  3.26 1697   5.67   404.2  86523.  4.40  2.10  -1.93   6.34  -0.40 0.96 0.48 1.05  0.22 410.8 300664.  5.94 407.3 116525.
21:14:07 0.87 106.88 213.84  3.26 1697   5.57   410.2  96317.  0.00  3.19  -0.79   6.58   0.17 0.52 0.30 1.50  0.22 417.0 209668.  5.78 410.0  69309.
21:15:28 0.87 106.88 213.83  3.26 1697   4.79   406.6  71677.  3.02  0.16  -1.61   6.38  -1.35 0.92 0.33 0.74  0.22 405.6 315828.  5.71 403.6  81302.
21:16:49 0.87 106.88 213.82  3.26 1697   6.46   406.0 107807.  0.00  1.52  -2.48   6.08  -0.23 0.87 0.45 1.28  0.22 418.9 251911.  6.62 404.3  91249.
21:18:10 0.87 106.88 213.81  3.26 1697   5.59   388.3 115567.  1.92  1.10  -4.14   5.08  -1.31 0.45 0.45 0.99  0.16 407.7 227938.  5.08 381.7  63260.
21:19:31 0.87 106.88 213.80  3.26 1697   5.17   385.6  93832.  0.00  2.64  -3.87   5.38  -1.06 0.51 0.44 0.96  0.25 408.3 382954.  5.34 379.7  82677.
21:20:52 0.87 106.88 213.78  3.26 1697   5.71   389.4 110532.  1.60  0.63  -4.10   4.91  -1.83 0.55 0.65 0.82 -1.00  -1.0     -1.  5.84 384.2 110136.
21:22:13 0.87 106.88 213.77  3.26 1697   5.58   387.4 104253.  0.93 -0.57  -4.37   4.27  -2.58 0.44 0.65 0.78  0.11 417.1 261592.  5.50 390.1 113478.
21:23:34 0.87 106.88 213.76  3.26 1697   5.67   386.4 112319. -0.45 -1.94  -1.34   5.22  -1.78 2.50 1.66 1.98  0.19 432.3 279614.  6.05 386.4  99958.
21:24:55 0.87 106.88 213.74  3.26 1697   5.47   424.0  84639.  0.00  0.95   0.45   6.61  -1.35 0.84 0.55 0.87  0.19 422.3 199520.  5.67 424.6  65768.
21:26:16 0.87 106.88 213.73  3.26 1697   5.37   416.8  81108.  2.51 -1.01  -0.56   6.46  -2.05 0.37 0.26 0.59  0.18 414.0 297052.  6.22 417.1  93494.
21:27:37 0.87 106.88 213.72  3.26 1697   5.42   408.5  68484.  0.00 -0.21  -2.90   5.91  -1.17 1.31 0.53 0.98  0.16 421.8 295480.  5.59 408.0  78281.
21:28:58 0.87 106.88 213.71  3.26 1697   5.42   396.5 114982.  2.26  0.01  -2.97   5.94  -1.56 0.67 0.46 0.63  0.19 427.8 224975.  6.42 393.4 103509.
21:30:19 0.87 106.88 213.69  3.26 1697   5.42   400.2  93117.  0.00  0.48  -2.17   6.31  -1.15 0.49 0.24 0.64  0.25 409.3 396650.  6.32 403.1  93809.
21:31:40 0.87 106.88 213.68  3.26 1697   5.64   398.3  97386.  3.33  2.58  -2.98   6.05  -0.78 0.69 0.34 0.84  0.21 412.9 220713.  5.86 398.6  95576.
21:33:01 0.87 106.88 213.67  3.26 1697   5.42   398.3  83226.  0.00  1.03  -3.46   5.59  -1.53 0.43 0.33 0.71 -1.00  -1.0     -1.  5.73 402.7  94410.
21:34:22 0.87 106.88 213.66  3.26 1697   5.43   394.5 102911.  3.09  1.11  -2.89   6.07  -1.29 0.65 0.38 0.60  0.20 411.6 207550.  5.49 394.4  93491.
21:35:43 0.87 106.88 213.65  3.26 1697   5.42   398.5  84047.  0.00  1.23  -1.28   6.77  -0.56 0.92 0.34 0.58  0.25 412.5 359345.  5.87 399.2  77732.
21:37:04 0.87 106.88 213.63  3.26 1697   5.62   383.8 117588.  0.62  0.11  -4.21   4.32  -1.92 1.60 1.20 1.11  0.13 428.5 252314.  5.84 379.3 102567.
21:38:25 0.87 106.88 213.62  3.26 1697   5.75   381.4 117266.  0.09  0.28  -4.80   3.85  -2.22 0.49 0.42 1.03  0.16 410.7 326236.  6.22 383.7 143306.
21:39:46 0.87 106.88 213.61  3.26 1697   5.21   378.6 109486. -0.14 -0.63  -4.24   4.05  -2.53 1.26 1.16 0.85  0.15 421.5 416426.  4.71 378.2  77040.
21:41:07 0.87 106.88 213.60  3.26 1697   5.72   379.9 111474. -0.87 -1.23  -4.22   4.24  -2.59 0.83 1.22 0.82  0.18 398.0 217452.  5.82 379.1  86948.
21:42:28 0.87 106.88 213.58  3.26 1697   5.75   390.5 103168.  1.21 -0.63  -3.89   4.73  -2.67 0.41 0.35 0.75 -1.00  -1.0     -1.  5.34 387.2  73454.
21:43:49 0.87 106.88 213.57  3.26 1697   5.49   389.5  92997.  0.00 -0.82  -3.23   5.37  -2.31 1.01 0.61 0.82  0.21 405.1 285332.  4.89 388.2  78522.
21:48:52 0.87 106.88 213.53  3.26 1697   6.05   406.3 104688.  2.63  0.25  -2.91   6.49  -0.86 0.00 0.00 0.00  0.20 411.4 277171.  5.92 407.6  93595.
21:51:34 0.87 106.88 213.50  3.26 1697   5.73   401.8  86516.  2.99  0.21   0.52   6.82  -1.98 0.10 0.15 0.32  0.21 409.7 211644.  5.80 401.6  55490.
21:54:16 0.87 106.88 213.47  3.26 1697   6.37   418.6  84359.  2.63  0.53  -1.00   5.52  -3.68 1.00 0.41 0.65  0.24 416.3 338671.  6.23 413.5  88927.
21:54:16 0.87 106.88 213.47  3.26 1697   6.89   405.1 119053.  1.41 -1.20  -0.38   5.70  -3.63 0.91 0.20 0.59  0.23 417.4 302743.  6.74 415.3  92308.
21:57:00 0.87 106.88 213.45  3.26 1697   6.67   399.1  95082.  0.52 -2.25  -2.05   6.14  -2.79 0.58 0.15 0.71  0.21 410.8 396000.  6.86 400.1  91460.
21:59:42 0.87 106.88 213.42  3.26 1697   6.45   390.6 113436.  2.22  2.69  -4.58   5.36  -0.42 0.45 0.26 0.19  0.17 410.3 261904.  6.06 388.5 101008.
22:02:24 0.87 106.88 213.40  3.26 1697   5.40   384.0 103194.  1.43  1.76  -4.45   5.31  -0.89 0.32 0.12 0.46  0.28 404.6 274651.  5.60 383.3  75819.
22:05:06 0.87 106.88 213.37  3.26 1697   6.16   386.2 107413.  2.32  1.10  -4.32   5.63  -1.69 0.18 0.29 0.16  0.21 410.4 274248.  6.14 382.1  96398.
22:07:48 0.87 106.88 213.35  3.26 1697   4.99   387.8  94277.  1.67  0.26  -4.41   5.27  -2.10 0.16 0.07 0.30  0.25 406.3 316231.  5.88 389.3 100306.
22:10:30 0.87 106.88 213.32  3.26 1697   5.82   397.1  98932.  2.92  0.05  -3.95   5.59  -1.81 0.85 0.48 0.35  0.17 411.4 213151.  6.28 391.9  72739.
22:13:12 0.87 106.88 213.30  3.26 1697   5.69   401.3  78681.  2.67  0.49  -1.71   6.67  -2.06 0.31 0.17 0.20  0.26 407.2 282850.  5.34 399.9  61503.
22:15:54 0.87 106.88 213.27  3.26 1697   5.56   402.2  80247.  3.28  0.08  -0.97   6.61  -2.34 0.27 0.10 0.25  0.07 455.4 244193.  5.72 404.5  70492.
22:18:36 0.87 106.88 213.25  3.26 1697   5.26   434.7  70807.  2.13 -0.29   2.87   5.84  -2.50 0.26 0.09 0.17  0.22 420.9 240230.  5.78 434.9  78363.
22:21:18 0.87 106.88 213.22  3.26 1697   5.46   436.2  89670.  2.20  1.78   2.13   6.09  -1.27 0.62 0.13 0.77  0.20 415.6 192790.  5.85 431.9 103766.
22:24:00 0.87 106.88 213.20  3.26 1697   5.50   425.9  75501.  1.63 -0.88   1.35   5.79  -3.10 0.66 0.18 0.31  0.17 419.8 294830.  5.65 424.5  53684.
22:26:42 0.87 106.88 213.18  3.26 1697   5.94   416.7  77593.  2.35 -1.61   0.45   5.99  -3.35 0.15 0.32 0.59  0.16 422.2 333461.  5.89 414.9  65307.
22:29:24 0.87 106.88 213.15  3.26 1697   5.48   411.6  64112.  2.78  0.18  -0.26   6.81  -1.98 0.29 0.10 0.34  0.25 415.7 255043.  6.43 411.6  97909.
22:32:06 0.87 106.88 213.12  3.26 1697   5.40   409.0  74607.  2.19 -2.01  -0.65   6.25  -3.28 0.27 0.12 0.28  0.21 413.7 282590.  5.21 407.9  55818.
22:34:48 0.87 106.88 213.10  3.26 1697   5.30   415.9  73854.  2.08 -1.18  -0.05   6.54  -2.99 0.78 0.15 0.22  0.23 401.3 220064.  5.53 417.4  57137.
22:37:30 0.87 106.88 213.07  3.26 1697   5.57   432.3  86367.  1.72  0.45   3.78   5.72  -0.99 0.25 0.15 0.33  0.26 417.3 284201.  6.11 432.7  92847.
22:40:12 0.87 106.88 213.05  3.26 1697   5.67   421.2  74013.  2.38  0.24   2.67   5.95  -1.74 0.68 0.32 0.35  0.21 419.3 229718.  6.32 421.5  70443.
22:42:54 0.87 106.88 213.03  3.26 1697   5.67   435.7  81179.  0.82 -0.78   2.15   5.79  -1.83 1.78 0.49 0.59  0.21 424.1 388996.  5.91 435.3  72954.
22:45:36 0.87 106.88 213.00  3.26 1697   5.53   412.4  67321.  3.19  2.20  -0.53   7.04   0.02 0.48 0.15 0.64  0.26 397.4 310864.  6.30 411.3  74663.
22:48:18 0.87 106.88 212.98  3.26 1697   5.66   416.1  77307.  2.96  0.87   1.32   6.93  -1.24 0.06 0.12 0.22  0.26 409.5 235526.  5.60 419.2  80718.
22:51:00 0.87 106.88 212.95  3.26 1697   5.28   432.7  86201.  0.81  4.24   2.51   6.20   1.16 0.39 0.16 0.56 -1.00  -1.0     -1.  6.40 435.2  89908.
22:53:42 0.87 106.88 212.92  3.25 1697   5.25   388.1  71144.  2.49  0.00  -1.55   5.69  -1.25 1.65 1.06 2.24  0.25 392.7 278731.  4.91 388.1  72610.
22:56:24 0.87 106.88 212.90  3.25 1697   6.04   378.4 101885.  1.00  0.38  -3.93   5.78  -2.56 0.54 0.34 0.24  0.18 403.2 282109.  5.77 375.4  89745.
22:59:06 0.87 106.88 212.87  3.25 1697   5.92   401.7  80701.  2.83 -1.00  -1.47   6.56  -2.85 0.22 0.10 0.15  0.16 413.2 191334.  5.54 401.7  55890.
23:01:48 0.87 106.88 212.85  3.25 1697   5.83   406.0  76985.  1.80 -0.77   0.80   6.60  -2.55 0.26 0.19 0.30  0.29 407.1 307343.  5.90 401.7  65421.
23:04:30 0.87 106.88 212.83  3.25 1697   5.21   398.3  59541.  2.98 -0.51  -2.20   6.32  -2.52 0.69 0.21 0.45  0.26 399.7 435397.  4.98 395.4  48194.
23:07:12 0.87 106.88 212.80  3.25 1697   5.92   386.5  90190.  1.49 -0.18  -2.66   5.92  -3.02 0.24 0.15 0.20 -1.00  -1.0     -1.  6.07 387.8  81556.
23:09:54 0.87 106.88 212.78  3.25 1697   5.68   391.1  76748.  3.21  0.61  -2.29   6.66  -1.74 0.35 0.20 0.40  0.18 404.2 330511.  5.49 391.8  73240.
23:12:36 0.87 106.88 212.75  3.25 1697   5.37   377.7  99526.  1.33  0.32  -3.68   5.42  -3.12 0.53 0.29 0.56  0.20 393.3 159941.  5.35 377.9  72973.
23:15:18 0.87 106.88 212.72  3.25 1697   5.38   384.2  76011.  1.54 -0.68  -3.32   5.62  -3.34 0.40 0.14 0.05  0.18 388.1 230277.  4.68 382.4  53168.
23:18:00 0.87 106.88 212.70  3.25 1697   5.13   376.6 103473.  0.49  6.18  -4.87   5.55   1.61 0.29 0.19 0.34 -1.00  -1.0     -1.  6.57 373.0 109970.
23:20:42 0.87 106.88 212.68  3.25 1697   5.49   382.5  83144.  2.86  2.87  -3.50   6.43  -0.61 0.34 0.20 0.19  0.21 402.7 390712.  5.48 388.0  88732.
23:23:24 0.87 106.88 212.65  3.25 1697   6.01   371.5 101836.  0.49  1.88  -5.29   5.20  -1.03 0.30 0.35 0.45  0.21 403.2 301730.  5.69 369.5  81959.
23:26:06 0.87 106.88 212.63  3.25 1697   5.59   378.0  83060.  2.46  1.17  -4.33   5.68  -1.46 0.25 0.24 0.46 -1.00  -1.0     -1.  6.14 376.6 103860.
23:28:48 0.87 106.88 212.60  3.25 1697   5.63   370.4 107232.  0.66  1.35  -5.00   5.29  -0.75 0.33 0.36 0.20  0.19 393.1 264788.  4.68 364.5  52225.
23:31:30 0.87 106.88 212.58  3.25 1697   5.63   364.8 100770.  0.08  1.79  -5.69   4.24  -1.57 0.26 0.52 0.18  0.12 394.7  83602.  6.22 366.1  81868.
23:34:12 0.87 106.88 212.55  3.25 1697   5.72   364.4 116360. -0.51  2.02  -6.13   3.98  -1.27 0.24 0.18 0.19  0.15 402.8 168972.  5.61 359.3  64401.
23:36:54 0.87 106.88 212.52  3.25 1697   5.58   364.7 104230.  0.50  2.63  -6.25   3.89  -0.23 0.13 0.22 0.16 -1.00  -1.0     -1.  5.78 364.2  84496.
23:39:36 0.87 106.88 212.50  3.25 1697   5.51   361.2 106475. -0.64  2.97  -6.73   3.17  -0.42 0.08 0.20 0.33  0.16 389.0 200638.  5.52 356.2  64982.
23:42:16 0.87 106.88 212.48  3.25 1697   5.83   361.0 100488. -2.92  6.31  -6.85   2.29   1.28 0.10 0.15 0.25  0.19 388.2 223468.  5.63 361.4  76647.
23:44:58 0.87 106.88 212.45  3.25 1697  -1.00    -1.0     -1. -1.00 -1.00  -6.46   3.22   0.58 0.12 0.22 0.17 -1.00  -1.0     -1. -1.00  -1.0     -1.
23:47:40 0.87 106.88 212.43  3.25 1697  -1.00    -1.0     -1. -1.00 -1.00  -4.41   5.21  -2.46 0.33 0.12 0.19 -1.00  -1.0     -1. -1.00  -1.0     -1.
23:50:22 0.87 106.88 212.40  3.25 1697  -1.00    -1.0     -1. -1.00 -1.00  -5.11   4.88  -3.01 0.00 0.00 0.00 -1.00  -1.0     -1. -1.00  -1.0     -1.
23:50:23 0.87 106.88 212.40  3.25 1697   5.77   364.6 107254.  0.00  0.00   0.00   0.00   0.00 0.00 0.00 0.00 -1.00  -1.0     -1.  5.62 364.9  93595.
23:53:04 0.87 106.88 212.38  3.25 1697   5.70   375.8 108196.  0.56 -0.81  -5.10   4.93  -1.73 0.42 0.50 0.38  0.18 392.6 200378.  5.91 375.6  85389.
23:53:06 0.87 106.88 212.38  3.25 1697   5.41   370.9  89544.  1.61  0.83   0.00   0.00   0.00 0.00 0.00 0.00 -1.00  -1.0     -1.  4.98 364.9  78873.
23:55:48 0.87 106.88 212.35  3.25 1697   5.38   369.3 111533.  1.14  2.05  -4.53   5.43  -1.50 0.10 0.15 0.17  0.16 396.5 239840.  5.82 365.9 100251.
23:58:30 0.87 106.88 212.33  3.25 1697   5.68   371.9  99663.  1.82  1.53  -4.99   5.41  -1.50 0.32 0.10 0.27  0.24 397.2 270129.  5.27 368.7  81280.
