126  0 14 35 0.55 286.59  23.84 -6.99 1694   27.38   460.4  274319.   1.76   4.97   9.50 -25.90   -3.00  0.00  0.00  0.00  -1.00   -1.0        -1.  25.97  459.2 234834.
126  0 57 47 0.55 286.62  23.48 -6.99 1694   32.24   457.4  342794.   0.15  -0.87   7.50 -18.00   13.10  0.00  0.00  0.00  -1.00   -1.0        -1.  31.55  454.8 305537.
126  1 40 59 0.55 286.66  23.12 -7.00 1694   25.12   484.1  205865.  -0.32   6.68   0.00   0.00    0.00  0.00  0.00  0.00  -1.00   -1.0        -1.  24.69  485.4 218114.
126  2 24 11 0.55 286.70  22.76 -7.00 1694   34.12   463.1  474161.   1.04   2.60  16.40 -13.80    5.40  0.00  0.00  0.00  -1.00   -1.0        -1.  32.50  461.7 440553.
126  3 07 23 0.55 286.74  22.40 -7.00 1694   40.42   496.9  441284.   1.45   1.62  11.50 -11.90   12.00  0.00  0.00  0.00  -1.00   -1.0        -1.  39.40  493.6 437574.
126  3 50 35 0.55 286.77  22.04 -7.00 1694   22.10   590.0  739106.  -4.23   9.63   0.00   0.00    0.00  0.00  0.00  0.00  -1.00   -1.0        -1.  20.88  592.4 726476.
126  4 33 47 0.55 286.81  21.68 -7.00 1694   16.87   619.7  712728.  -3.00   8.10   0.00   0.00    0.00  0.00  0.00  0.00   0.32  723.5    789609.  15.73  620.7 704253.
126  5 16 59 0.55 286.85  21.32 -7.01 1694   16.85   602.4  485593.  -7.26   8.78  15.70  -2.30   13.90  0.00  0.00  0.00  -1.00   -1.0        -1.  16.67  603.0 459520.
126  6 00 11 0.55 286.89  20.96 -7.01 1694   15.53   599.7  227662.  -5.95   7.30  20.40  -5.30    6.10  0.00  0.00  0.00   0.53  689.0   1286077.  14.37  599.4 220931.
126  6 43 23 0.55 286.92  20.60 -7.01 1694   17.60   688.9  630253. -16.05   7.51  11.40  18.20    4.10  0.00  0.00  0.00  -1.00   -1.0        -1.  15.59  697.3 566427.
126  7 26 35 0.55 286.96  20.25 -7.01 1694   12.32   613.8  356291.  -5.94   2.51  16.10  -8.00   12.00  0.00  0.00  0.00   0.31  727.4    939090.  11.63  613.3 339604.
126  8 09 47 0.55 287.00  19.89 -7.01 1694   10.73   579.1  219612.  -5.54   8.34  21.90  -7.20    2.30  0.00  0.00  0.00   0.42  688.4    951980.  10.62  585.3 308763.
126  8 52 59 0.55 287.04  19.53 -7.02 1694   13.53   619.5  357103.  -8.71   6.96  16.80  -2.80    8.70  0.00  0.00  0.00   0.36  752.4    968197.  12.77  620.7 357145.
126  9 36 11 0.55 287.08  19.17 -7.02 1694   14.90   641.7  398034.  -8.30   8.39   0.00   0.00    0.00  0.00  0.00  0.00   0.43  749.2    904579.  14.16  640.5 382318.
126 10 19 23 0.55 287.11  18.81 -7.02 1694    8.73   669.6  312996.  -6.19  -3.72   0.00   0.00    0.00  0.00  0.00  0.00   0.26  741.4   1372772.   8.32  675.3 382850.
126 11 02 35 0.55 287.15  18.45 -7.02 1694    7.65   681.1  425522.   0.51   8.33   8.90  -7.80   -5.70  0.00  0.00  0.00   0.22  758.6    581916.   7.13  684.8 449119.
126 11 16 56 0.55 287.17  18.33 -7.02 1694   -1.00    -1.0      -1.  -1.00  -1.00   2.50  -3.90    8.40  0.00  0.00  0.00  -1.00   -1.0        -1.  -1.00   -1.0     -1.
126 11 45 47 0.55 287.19  18.10 -7.02 1694    7.88   680.6  438412.   1.20   3.91   8.80  -9.30   -3.10  0.00  0.00  0.00   0.26  729.3    721002.   6.91  677.3 412944.
126 12 00 08 0.55 287.11  17.88 -7.01 1694   -1.00    -1.0      -1.  -1.00  -1.00  12.91  -0.83   -2.25  0.00  0.00  0.00  -1.00   -1.0        -1.  -1.00   -1.0     -1.
126 12 28 59 0.55 287.23  17.74 -7.03 1694    7.34   657.7  337684.  -3.23   2.99   0.00   0.00    0.00  0.00  0.00  0.00   0.25  705.6    810399.   6.80  654.6 274222.
126 12 43 20 0.55 287.15  17.52 -7.02 1694   -1.00    -1.0      -1.  -1.00  -1.00  11.14  -0.14   -5.47  0.00  0.00  0.00  -1.00   -1.0        -1.  -1.00   -1.0     -1.
126 13 12 11 0.55 287.27  17.38 -7.03 1694    7.41   670.7  430512.  -0.39  -2.43   7.30  -9.20   -4.20  0.00  0.00  0.00   0.24  751.2   1211857.   7.05  668.6 403121.
126 13 55 23 0.55 287.31  17.02 -7.03 1694    6.03   706.4  301145.   0.00   0.00   0.00   0.00    0.00  0.00  0.00  0.00   0.18  753.3    780046.   5.61  704.1 305667.
126 15 08 20 0.55 287.37  16.42 -7.03 1694   -1.00    -1.0      -1.  -1.00  -1.00  12.55  -4.57   -2.14  0.21  0.12  0.00  -1.00   -1.0        -1.  -1.00   -1.0     -1.
126 15 09 00 0.55 287.37  16.41 -7.03 1694   -1.00    -1.0      -1.  -1.00  -1.00   0.00   0.00    0.00  0.00  0.00  0.00  -1.00   -1.0        -1.   6.96  661.1 306083.
126 15 09 41 0.55 287.37  16.41 -7.03 1694    7.35   664.8  398131.   0.00   0.00  12.67  -3.44   -3.40  0.21  1.13  1.24   0.19  789.0   1376307.   6.88  663.7 380200.
126 15 10 21 0.55 287.38  16.40 -7.03 1694   -1.00    -1.0      -1.  -1.00  -1.00  12.83  -2.02   -4.60  0.28  0.41  0.59  -1.00   -1.0        -1.  -1.00   -1.0     -1.
126 15 10 53 0.55 287.38  16.40 -7.03 1694   -1.00    -1.0      -1.  -1.00  -1.00  11.78  -2.65   -6.14  1.15  0.61  1.42  -1.00   -1.0        -1.  -1.00   -1.0     -1.
126 15 11 33 0.55 287.38  16.39 -7.03 1694   -1.00    -1.0      -1.  -1.00  -1.00  11.21  -2.13   -7.27  0.24  0.53  0.30  -1.00   -1.0        -1.  -1.00   -1.0     -1.
126 15 12 14 0.55 287.38  16.39 -7.03 1694    7.13   679.4  412580.  -3.15   5.83  11.52  -0.67   -7.17  0.56  0.66  0.85   0.26  752.1   1398136.   6.63  678.9 377861.
126 15 12 54 0.55 287.38  16.38 -7.03 1694    7.48   671.1  373495.  -3.97   5.70  11.22  -0.78   -7.10  1.29  1.02  1.64   0.21  738.9    883581.   6.72  670.0 295740.
126 15 13 09 0.55 287.38  16.38 -7.03 1694    7.83   675.3  428121.  -3.22   6.38  10.22  -1.59   -8.37  0.75  1.07  0.87   0.25  744.5   1343042.   6.94  673.9 402497.
126 15 13 49 0.55 287.38  16.37 -7.03 1694    6.86   668.3  391582.  -5.29   5.08  11.21   0.00   -6.55  1.53  3.38  0.66   0.20  750.2    709359.   6.62  674.6 411021.
126 15 14 30 0.55 287.38  16.37 -7.03 1694    6.72   673.1  441323.   0.26   3.87  10.06  -7.33   -4.53  1.13  0.77  0.84  -1.00   -1.0        -1.   6.49  668.6 385605.
126 15 15 10 0.55 287.38  16.36 -7.03 1694    8.23   676.5  404680.   0.37   4.45  10.53  -6.39   -5.09  0.68  1.06  0.82  -1.00   -1.0        -1.   7.31  676.5 440439.
126 15 15 51 0.55 287.38  16.36 -7.03 1694    7.49   681.7  416478.  -0.68   5.22  10.47  -6.04   -6.11  0.52  0.76  0.50   0.25  734.7    739297.   6.73  680.3 354992.
126 15 16 31 0.55 287.38  16.35 -7.03 1694    7.74   672.0  399015.  -0.59   4.31  11.15  -5.68   -5.34  0.55  0.65  0.51   0.25  744.7   1033894.   7.22  671.7 415127.
126 15 17 12 0.55 287.38  16.35 -7.03 1694    7.79   661.7  390751.  -2.28   3.19  13.14  -1.14   -4.49  0.33  1.05  0.73   0.24  764.8   1089403.   7.20  656.4 402289.
126 15 17 52 0.55 287.38  16.34 -7.03 1694    7.25   665.6  356395.  -5.99   4.83  12.42   2.88   -5.42  0.44  1.59  0.77  -1.00   -1.0        -1.   6.68  664.6 308682.
126 15 18 33 0.55 287.38  16.34 -7.03 1694    7.65   670.3  408838.  -5.67   4.75  11.95   2.55   -6.53  0.25  0.89  0.69   0.19  727.7    846782.   7.25  668.5 405823.
126 15 19 13 0.55 287.38  16.33 -7.03 1694    7.40   667.9  367310.  -5.02   5.53  11.82   0.09   -6.45  0.28  2.22  0.60  -1.00   -1.0        -1.   6.73  674.4 425782.
126 15 19 54 0.55 287.38  16.32 -7.03 1694    7.60   669.5  406083.  -2.85   5.04  12.00  -1.34   -6.38  0.23  0.30  0.39  -1.00   -1.0        -1.   6.66  667.3 399534.
126 15 20 34 0.55 287.38  16.32 -7.03 1694    7.15   667.7  386541.  -2.20   4.92  12.08  -2.00   -4.93  0.35  0.76  0.48   0.20  760.2    982542.   6.91  672.2 447716.
126 15 21 15 0.55 287.39  16.31 -7.03 1694    7.20   659.9  440959.  -4.12   2.65  12.11  -1.58   -4.39  0.51  1.61  0.93  -1.00   -1.0        -1.   6.65  658.6 396000.
126 15 21 55 0.55 287.39  16.31 -7.03 1694    7.18   662.2  387112.  -2.32   4.24  11.82  -2.00   -5.35  0.82  1.66  0.94   0.22  769.0   1608532.   6.93  667.1 419753.
126 15 22 36 0.55 287.39  16.30 -7.03 1694    7.75   709.8  531032.  -1.15   7.00   8.53  -3.81   -8.97  1.26  0.81  0.79   0.19  767.6   1089611.   7.06  710.9 482487.
126 15 23 16 0.55 287.39  16.29 -7.03 1694    7.33   679.6  387008.  -0.99   5.52  10.02  -3.09   -7.83  0.39  1.36  0.57  -1.00   -1.0        -1.   6.75  682.1 437268.
126 15 23 57 0.55 287.39  16.29 -7.03 1694    7.09   690.7  443194.  -4.00   6.95   9.29  -0.81   -9.37  0.45  1.55  0.90   0.20  776.5    872770.   6.83  692.8 522820.
126 15 24 37 0.55 287.39  16.28 -7.03 1694    7.48   676.0  415699.  -2.20   5.75   9.42  -1.38   -8.90  0.95  0.70  0.77  -1.00   -1.0        -1.   6.98  678.9 432383.
126 15 25 18 0.55 287.39  16.28 -7.03 1694    7.38   702.2  430408.  -3.37   7.21   7.46  -1.04  -10.04  1.50  1.40  1.34   0.25  760.4    924122.   6.53  707.0 465855.
126 15 25 58 0.55 287.39  16.27 -7.03 1694    6.92   716.6  438464.  -2.52   8.14   7.45  -2.94   -9.91  2.41  1.92  1.47  -1.00   -1.0        -1.   6.14  719.5 390751.
126 15 26 39 0.55 287.39  16.26 -7.03 1694    7.48   707.4  366426.   0.76   6.60   6.83  -7.62   -8.73  1.11  1.50  0.71   0.26  729.2    925993.   6.63  706.5 451874.
126 15 27 19 0.55 287.39  16.26 -7.03 1694    6.90   694.5  462840.   0.00   6.42   8.46  -6.19   -7.53  1.36  2.28  1.51   0.19  789.5   1066949.   6.52  689.6 423859.
126 15 28 00 0.55 287.39  16.25 -7.03 1694    8.18   674.6  438828.  -3.31   4.38   8.78  -3.76   -7.85  2.69  2.06  1.23   0.24  760.9    861335.   7.34  679.0 536437.
126 15 28 40 0.55 287.39  16.25 -7.03 1694    7.65   663.8  382071.  -6.20   3.35  12.56   2.45   -3.04  0.59  2.39  1.27  -1.00   -1.0        -1.   6.82  670.7 385761.
126 15 29 21 0.55 287.39  16.24 -7.03 1694    7.20   673.4  413620.  -6.06   4.34  11.90   2.33   -4.06  0.78  2.35  2.07   0.27  738.1   1325786.   6.66  671.1 386800.
126 15 30 01 0.55 287.39  16.24 -7.03 1694    7.96   658.4  367206.  -4.11   2.19  12.97   2.14   -2.68  0.35  1.17  1.58  -1.00   -1.0        -1.   7.31  654.7 316738.
126 15 30 42 0.55 287.39  16.23 -7.03 1694    7.95   667.1  411853.  -5.04   4.72  12.86   3.71   -2.79  0.39  1.24  2.00   0.24  752.7   1491692.   7.04  665.7 416686.
126 15 31 22 0.55 287.39  16.23 -7.03 1694    7.22   699.5  462788.  -8.88   4.41  11.52   2.08   -5.03  1.68  4.45  2.37   0.23  747.4    718715.   6.60  698.4 459722.
126 15 32 03 0.55 287.40  16.22 -7.03 1694    7.80   664.6  401198.  -5.05   3.17  13.01   2.07   -3.49  0.42  2.30  1.43  -1.00   -1.0        -1.   7.23  666.1 358318.
126 15 32 43 0.55 287.40  16.22 -7.03 1694    7.19   667.3  330407.  -4.06   4.73  13.56  -1.19   -5.23  0.51  1.40  0.87  -1.00   -1.0        -1.   6.83  672.7 418609.
126 15 33 24 0.55 287.40  16.21 -7.03 1694    7.91   668.6  391010.  -5.89   4.16  13.67   1.74   -4.52  0.48  1.46  1.11   0.29  717.6   1102292.   7.25  669.1 365179.
126 15 34 04 0.55 287.40  16.21 -7.04 1694    7.59   667.8  333058.  -2.04   5.01  13.19  -3.34   -5.91  0.98  0.96  0.99  -1.00   -1.0        -1.   6.82  663.0 298286.
126 15 34 45 0.55 287.40  16.20 -7.04 1694    7.54   653.6  266010.  -2.20   3.22  14.43  -3.01   -3.35  0.49  1.01  0.80  -1.00   -1.0        -1.   7.15  654.0 342725.
126 15 35 25 0.55 287.40  16.19 -7.04 1694    7.05   674.9  320792.   0.90   3.69  13.90  -3.52   -1.30  1.29  2.82  2.05   0.28  728.6   1207283.   7.12  670.6 378173.
126 15 36 06 0.55 287.40  16.19 -7.04 1694    7.93   649.2  269908.  -2.29   1.59  14.62  -3.08   -1.15  0.14  0.37  0.79   0.25  717.4   1000213.   7.38  651.7 327601.
126 15 36 46 0.55 287.40  16.18 -7.04 1694    8.23   657.1  321364.  -2.17   3.56  14.11  -2.89   -3.63  0.22  1.00  0.55   0.15  753.1    907282.   7.26  656.4 285397.
126 16 12 23 0.55 287.43  15.89 -7.04 1694    7.91   666.8  298962.  -1.89   1.18  14.06  -4.13    2.10  0.08  0.32  0.20  -1.00   -1.0        -1.   7.27  661.9 262423.
126 16 13 03 0.55 287.43  15.88 -7.04 1694    8.48   650.2  356135.   0.00   0.00  13.50  -5.65    0.49  0.41  1.03  1.49   0.28  733.8   1203541.  -1.00   -1.0     -1.
126 16 13 44 0.55 287.43  15.88 -7.04 1694    7.99   669.8  324378.  -0.23   1.86  13.16  -5.16    1.95  0.27  1.39  2.09  -1.00   -1.0        -1.   7.90  670.6 400730.
126 16 14 24 0.55 287.43  15.87 -7.04 1694    7.97   662.8  266997.  -1.67  -0.28  13.27  -3.61    4.33  0.27  1.12  0.79   0.23  772.4   1007282.   7.64  666.7 354680.
126 16 15 06 0.55 287.43  15.87 -7.04 1694    7.74   669.5  319700.  -1.61  -0.69  13.38  -2.53    4.84  0.24  0.90  0.64   0.24  770.2   1539509.   7.46  670.9 396156.
126 16 15 46 0.55 287.43  15.86 -7.04 1694    7.69   666.1  416634.  -3.87  -0.84  12.52   2.40    6.64  0.82  1.59  1.12   0.17  777.8    752811.   7.33  664.6 377445.
126 16 16 27 0.55 287.44  15.85 -7.04 1694    7.55   668.6  388620.  -5.61  -2.39  12.58   3.33    6.26  0.72  0.56  1.14  -1.00   -1.0        -1.   7.14  676.7 428641.
126 16 17 07 0.55 287.44  15.85 -7.04 1694    8.26   660.0  385293.  -4.63  -0.22  13.39   3.44    4.69  0.36  0.61  0.48   0.26  726.7    961544.   7.40  661.4 378692.
126 16 17 48 0.55 287.44  15.84 -7.04 1694    7.49   671.6  402809.  -6.87  -1.16  12.23   5.73    5.02  0.48  0.51  0.70  -1.00   -1.0        -1.   7.31  678.2 447300.
126 16 18 28 0.55 287.44  15.84 -7.04 1694    7.67   676.4  415231.  -7.71  -0.46  12.53   6.53    3.58  0.55  0.74  1.00  -1.00   -1.0        -1.   7.02  676.6 398755.
126 16 19 09 0.55 287.44  15.83 -7.04 1694    7.88   677.8  471936.  -7.55  -0.35  12.01   7.32    2.53  0.35  0.48  0.87   0.27  743.2   1016638.   7.21  680.4 448027.
126 16 19 49 0.55 287.44  15.83 -7.04 1694    7.73   676.9  433734.   0.00   0.00   9.88  -2.22    2.81  2.70  8.38  0.58  -1.00   -1.0        -1.   6.75  670.3 394441.
126 16 20 30 0.55 287.44  15.82 -7.04 1694    7.62   704.7  478901.   3.84  -0.15   6.52 -11.04    4.11  0.68  0.23  0.66   0.24  752.2    861751.   7.05  698.7 453485.
126 16 21 10 0.55 287.44  15.81 -7.04 1694    7.18   708.7  427289.   3.35   0.76   6.13 -11.61    2.48  0.87  0.45  0.76   0.30  754.5   1232439.   6.97  708.3 475418.
126 16 21 51 0.55 287.44  15.81 -7.04 1694    7.53   717.0  460709.   3.51  -0.59   5.19 -11.32    3.79  0.50  0.57  1.03   0.22  755.1    708320.   6.50  713.4 406863.
126 16 22 31 0.55 287.44  15.80 -7.04 1694    7.13   705.3  419285.   2.36  -0.86   6.62 -10.66    4.89  0.54  0.23  0.73   0.28  749.8   1286077.   6.84  704.8 460502.
126 16 23 12 0.55 287.44  15.80 -7.04 1694    7.45   698.7  500523.   2.52   0.86   6.78 -10.35    3.52  1.29  0.50  1.52  -1.00   -1.0        -1.   7.11  692.5 475886.
126 16 23 52 0.55 287.44  15.79 -7.04 1694    6.28   702.5  357175.   1.90  -0.78   6.12 -10.36    4.68  1.05  0.94  1.89   0.29  745.1   1184829.   6.09  697.2 453121.
126 16 24 33 0.55 287.44  15.79 -7.04 1694    7.01   704.7  450470.   0.98  -2.60   5.81  -5.47   10.02  0.82  0.83  0.72   0.29  736.4    801044.   6.53  698.7 449795.
126 16 25 13 0.55 287.44  15.78 -7.04 1694    6.96   694.6  453745.  -0.99  -3.69   6.83  -5.70    9.47  0.89  0.85  0.96   0.26  749.2    944704.   6.65  699.4 490179.
126 16 25 44 0.55 287.44  15.78 -7.04 1694   -1.00    -1.0      -1.  -1.00  -1.00   7.80  -5.62    8.84  0.28  0.60  0.51  -1.00   -1.0        -1.  -1.00   -1.0     -1.
126 16 25 53 0.55 287.35  15.68 -7.03 1694   -1.00    -1.0      -1.  -1.00  -1.00   8.14  -6.06    8.37  0.58  0.98  1.01  -1.00   -1.0        -1.  -1.00   -1.0     -1.
126 16 26 24 0.55 287.44  15.77 -7.04 1694   -1.00    -1.0      -1.  -1.00  -1.00   9.67  -7.84    4.59  0.63  0.56  1.83  -1.00   -1.0        -1.  -1.00   -1.0     -1.
126 16 26 33 0.55 287.35  15.68 -7.03 1694   -1.00    -1.0      -1.  -1.00  -1.00   9.76  -8.21    3.63  0.56  0.65  1.52  -1.00   -1.0        -1.  -1.00   -1.0     -1.
126 16 27 05 0.55 287.45  15.77 -7.04 1694   -1.00    -1.0      -1.  -1.00  -1.00  10.22  -7.10    4.34  0.80  1.39  1.69  -1.00   -1.0        -1.  -1.00   -1.0     -1.
126 16 27 45 0.55 287.45  15.76 -7.04 1694   -1.00    -1.0      -1.  -1.00  -1.00   9.81  -4.14    7.20  1.04  1.83  2.49  -1.00   -1.0        -1.  -1.00   -1.0     -1.
126 16 27 46 0.55 287.45  15.76 -7.04 1694    7.16   668.3  369649.   0.98   1.78   0.00   0.00    0.00  0.00  0.00  0.00  -1.00   -1.0        -1.   6.74  672.9 442830.
126 16 27 54 0.55 287.45  15.76 -7.04 1694    7.33   698.4  468818.  -0.16  -3.60   8.99  -3.91    8.38  1.18  1.45  1.53   0.33  750.8   1518927.   6.99  700.8 475522.
126 16 28 36 0.55 287.45  15.75 -7.04 1694    6.95   744.1  369701.   0.68  -4.40   3.72  -7.53    9.21  3.32  0.87  0.76   0.30  749.8   1044081.   6.86  740.2 464348.
126 16 29 16 0.55 287.45  15.75 -7.04 1694    6.42   696.1  408162.   0.53  -2.08   5.24  -7.39    5.50  3.33  0.96  6.76  -1.00   -1.0        -1.   5.80  696.9 453849.
126 16 29 57 0.55 287.45  15.74 -7.04 1694    7.18   666.0  383630.  -0.27  -0.92   0.00   0.00    0.00  0.00  0.00  0.00   0.22  751.6    747613.   6.71  667.8 435761.
126 16 30 37 0.55 287.45  15.74 -7.04 1694    7.52   665.7  389503.  -0.82  -0.96   0.00   0.00    0.00  0.00  0.00  0.00  -1.00   -1.0        -1.   6.72  662.7 365231.
126 16 31 18 0.55 287.45  15.73 -7.04 1694    6.64   671.6  404160.  -0.01   2.29   0.00   0.00    0.00  0.00  0.00  0.00   0.21  754.3    881710.   6.53  669.9 422611.
126 16 33 19 0.55 287.45  15.72 -7.04 1694    7.26   661.6  404940.   0.00   0.00   0.00   0.00    0.00  0.00  0.00  0.00   0.24  728.2    880462.   6.67  656.5 354784.
126 16 34 00 0.55 287.45  15.71 -7.04 1694    6.80   661.3  372819.   0.22   2.84   0.00   0.00    0.00  0.00  0.00  0.00   0.27  745.6   1144289.   6.27  657.8 317517.
126 16 34 40 0.55 287.45  15.71 -7.04 1694    7.36   670.4  420688.  -0.95   5.04   9.88  -4.66   -0.91  1.76  1.82  6.49   0.25  734.2    726823.   6.44  668.3 432799.
126 16 35 21 0.55 287.45  15.70 -7.04 1694    6.87   697.1  488984.   0.09   0.00   7.21  -3.30    8.73  1.30  1.28  0.92   0.27  738.8    822666.   6.49  694.4 492258.
126 16 36 01 0.55 287.45  15.69 -7.04 1694    7.16   686.9  500574.  -2.42  -3.84   8.33  -3.33    8.40  0.84  1.36  0.76   0.30  727.8   1009985.   6.72  687.0 554421.
126 16 36 42 0.55 287.45  15.69 -7.04 1694    7.09   680.0  557384.  -5.82  -2.93   9.48   2.41    7.23  0.87  2.02  0.86  -1.00   -1.0        -1.   6.59  683.1 505200.
126 16 37 22 0.55 287.45  15.68 -7.04 1694    6.91   692.1  451822.  -7.87  -2.16   8.34   6.89    6.20  0.63  0.71  0.81   0.28  768.3    824537.   6.79  695.9 544390.
126 16 38 03 0.55 287.46  15.68 -7.04 1694    7.18   685.5  453017.  -7.99  -2.13   9.21   7.66    5.34  0.72  0.81  1.09   0.25  741.7    845327.   6.75  687.3 425470.
126 16 38 43 0.55 287.46  15.67 -7.04 1694    7.32   682.2  419389.  -8.02  -1.89   9.88   7.22    5.51  0.33  0.48  0.44   0.21  719.9   1055099.   7.13  682.9 416634.
126 16 39 24 0.55 287.46  15.66 -7.04 1694    6.92   686.9  511021.  -8.11  -1.58   9.17   7.29    5.77  0.29  0.90  0.65   0.24  757.9   1477762.   6.69  689.9 478797.
126 16 40 04 0.55 287.46  15.66 -7.04 1694    7.20   692.7  446832.  -9.04  -1.73   7.79   9.98    4.01  0.43  0.46  0.48   0.25  735.8   1388781.   6.57  698.8 506656.
126 16 40 45 0.55 287.46  15.65 -7.04 1694    7.39   694.4  479524.  -9.22   1.32   9.08   9.70    1.98  1.16  0.81  1.56   0.21  753.6    748237.   7.18  695.4 458215.
126 16 41 25 0.55 287.46  15.65 -7.04 1694    6.89   692.6  437996.  -9.81  -0.51   7.46  10.82    3.55  1.05  0.46  1.16   0.26  737.8   1276722.   6.49  702.1 471000.
126 16 42 06 0.55 287.46  15.64 -7.04 1694    7.07   698.8  457903.  -9.38   0.00   8.12  10.67    2.54  1.23  0.78  1.11   0.03  915.6    732021.   6.38  701.4 453225.
126 16 42 46 0.55 287.46  15.64 -7.04 1694    7.72   692.9  496988.  -9.90   0.96   8.65  10.43    1.36  0.93  0.79  0.40   0.31  736.0   1341587.   7.29  698.0 557955.
126 16 43 27 0.55 287.46  15.63 -7.04 1694    6.97   703.4  468974.  -9.87   1.46   8.23  11.10    0.52  0.76  0.95  1.10   0.22  740.5    936596.   6.70  704.0 440335.
126 16 44 07 0.55 287.46  15.62 -7.04 1694    7.28   693.7  414711.  -9.43   0.77   8.32  10.89    0.61  1.21  1.08  0.80   0.27  756.8    999174.   6.64  701.5 447923.
126 16 44 48 0.55 287.46  15.62 -7.04 1694    7.39   713.0  428173.  -9.77   1.28   7.46  11.41    0.54  1.03  0.77  1.00   0.22  732.7    909984.   6.67  717.7 397611.
126 16 45 28 0.55 287.46  15.61 -7.04 1694    6.98   708.2  522872. -10.04   0.29   7.79  10.78    2.11  0.89  0.61  1.09   0.21  756.3   1019548.   6.72  712.4 456499.
126 16 46 09 0.55 287.46  15.61 -7.04 1694    7.48   703.0  543714.  -7.62   6.50   7.40   6.26   -5.03  0.82  4.02  6.00   0.29  743.1    967781.   7.31  710.2 596417.
126 16 46 49 0.55 287.46  15.60 -7.04 1694    7.37   677.7  435190.  -5.62   6.14  10.69   3.75   -6.40  2.27  1.26  2.72  -1.00   -1.0        -1.   6.71  672.4 420117.
126 16 47 30 0.55 287.46  15.60 -7.04 1694    8.58   674.9  524015.  -6.71   3.92  12.78   4.08   -2.76  0.53  1.17  1.02  -1.00   -1.0        -1.   7.42  678.4 458994.
126 16 48 10 0.55 287.46  15.59 -7.04 1694    8.03   672.4  463100.  -7.26   2.06  12.51   5.50   -1.01  0.39  0.82  0.80   0.16  766.4    960920.   7.22  680.6 546313.
126 16 48 51 0.55 287.46  15.59 -7.04 1694    7.57   665.4  387736.  -6.04   1.65  12.80   4.86    0.53  0.24  0.56  0.76   0.17  781.8   1057594.   7.05  669.3 437009.
126 16 49 31 0.55 287.47  15.58 -7.04 1694    7.93   671.0  423079.   0.00  -0.59  12.96   3.68    1.52  0.26  0.87  0.87   0.17  782.7   1064247.   7.12  664.7 379368.
126 16 50 12 0.55 287.47  15.58 -7.04 1694    7.26   662.4  385761.  -5.61   0.57  13.18   3.72    1.88  0.19  0.32  0.32   0.23  751.3   1029735.   6.70  667.3 407799.
126 16 50 52 0.55 287.47  15.57 -7.04 1694    8.34   668.6  415543.  -5.24   0.29  12.59   4.44    3.20  0.50  0.68  1.10   0.19  769.9   1097719.   7.40  665.8 404004.
126 16 51 33 0.55 287.47  15.56 -7.04 1694    7.69   683.9  485190.  -6.33  -0.45  11.97   6.62    2.05  0.48  1.07  0.96   0.28  769.4   1342211.   7.35  680.6 428277.
126 16 52 13 0.55 287.47  15.56 -7.04 1694    7.93   674.0  430876.  -6.54   2.05  12.56   6.11    0.83  0.47  1.06  0.90  -1.00   -1.0        -1.   7.55  677.0 536593.
126 16 52 54 0.55 287.47  15.55 -7.04 1694    8.01   660.6  377705.  -5.19   1.10  13.08   3.38    0.76  0.47  2.24  2.02   0.26  771.6   1519966.   7.44  667.3 443973.
126 16 53 34 0.55 287.47  15.55 -7.04 1694    7.37   666.9  411333.  -7.15   1.90  12.61   2.41   -0.83  0.61  4.91  1.55   0.27  749.6   1418095.   6.77  668.8 379888.
126 16 54 15 0.55 287.47  15.54 -7.04 1694    7.44   661.0  289399.  -1.19   1.64  12.77  -5.54   -2.33  0.60  1.39  1.16  -1.00   -1.0        -1.   6.79  656.1 267101.
126 16 54 55 0.55 287.47  15.54 -7.04 1694    7.89   682.6  405304.   2.07   2.19  10.47  -8.83   -1.13  1.08  1.28  1.04   0.19  775.1    620378.   7.21  676.0 413516.
126 16 55 36 0.55 287.47  15.53 -7.04 1694    7.64   684.5  332278.   2.08   2.63  10.19  -9.66   -1.46  0.41  0.38  0.72   0.19  752.9    949485.   6.72  682.3 392206.
126 16 56 16 0.55 287.47  15.53 -7.04 1694    7.18   713.6  442830.   3.19   1.80   7.82 -10.77    0.73  1.29  0.62  1.60   0.29  753.2   1519758.   6.68  712.0 472820.
126 16 56 57 0.55 287.47  15.52 -7.04 1694    7.53   702.2  457799.   0.00   0.00   9.26  -9.91    0.50  0.62  0.70  0.65   0.25  778.0   1134517.   6.88  697.3 440751.
126 16 57 37 0.55 287.47  15.52 -7.04 1694    9.08   704.4  514244.   0.99   2.31   8.77 -10.02    0.04  1.12  0.91  2.46  -1.00   -1.0        -1.   8.41  702.5 490075.
126 16 58 18 0.55 287.47  15.51 -7.04 1694    7.55   686.9  451406.   1.34   0.00  10.09  -8.44   -2.71  1.08  1.85  2.86   0.20  757.9    867780.   7.21  681.7 432435.
126 16 58 58 0.55 287.47  15.50 -7.04 1694    7.54   705.3  423235.   2.71   0.94   7.64 -10.84    1.36  1.58  0.81  1.20  -1.00   -1.0        -1.   7.17  704.9 457071.
126 16 59 39 0.55 287.47  15.50 -7.04 1694    8.43   705.6  483838.   2.74   0.59   8.60 -10.19    1.98  0.39  0.27  0.35   0.26  747.7   1052188.   7.48  697.0 457123.
126 17 00 19 0.55 287.48  15.49 -7.04 1694    8.18   703.9  466219.   2.59   1.10   7.68 -10.41    2.61  0.67  0.41  0.80   0.19  767.0   1021419.   7.57  703.9 501042.
126 17 01 00 0.55 287.48  15.49 -7.04 1694    7.57   699.7  454732.   2.26   0.60   8.33 -10.09    1.52  1.11  0.78  1.87   0.32  766.5   1371941.   6.73  690.7 435709.
126 17 01 40 0.55 287.48  15.48 -7.04 1694    7.72   694.3  456603.   1.44   0.09   9.07  -9.03    3.99  0.55  0.38  0.68   0.20  782.0    805410.   7.18  696.1 488308.
126 17 02 21 0.55 287.48  15.48 -7.04 1694    7.83   693.7  456655.   1.48   0.27  10.06  -8.34    3.50  0.62  0.41  0.86   0.22  774.8   1313728.   7.09  688.2 459982.
126 17 03 01 0.55 287.48  15.47 -7.04 1694    8.21   688.1  443246.   1.11   1.25  10.96  -7.95    1.65  0.70  0.87  0.51   0.23  771.2   1163831.   7.33  684.3 379316.
126 17 03 42 0.55 287.48  15.46 -7.04 1694    7.61   667.3  286332.   0.00   2.10  13.21  -4.57    0.85  0.55  1.03  1.34   0.17  804.9    871107.   7.07  661.6 260344.
126 17 04 22 0.55 287.48  15.46 -7.04 1694    7.80   692.4  437892.   0.00  -0.24  10.54  -8.73    2.78  1.34  1.41  0.91   0.21  771.7    987531.   6.80  694.5 445013.
126 17 05 03 0.55 287.48  15.45 -7.04 1694    7.83   670.4  390179.   0.68   1.10  12.43  -5.62    2.29  0.57  1.26  1.41   0.21  782.9    888570.   7.03  665.0 323391.
126 17 05 43 0.55 287.48  15.45 -7.04 1694    7.93   664.4  379836.  -1.14   0.64  12.61  -5.21    1.95  0.51  0.98  1.61   0.26  718.3    979631.   7.12  660.9 362476.
126 17 06 24 0.55 287.48  15.44 -7.04 1694    7.39   661.4  361229.  -1.15   0.01  13.07  -3.93    1.35  0.45  0.78  1.48   0.23  764.3   1368198.   6.63  657.4 296831.
126 17 07 04 0.55 287.48  15.43 -7.04 1694    7.74   662.0  401457.  -3.09  -0.18  13.35  -3.38    1.23  0.41  0.95  1.40  -1.00   -1.0        -1.   6.84  661.8 392206.
126 17 07 45 0.55 287.48  15.43 -7.04 1694    7.46   662.6  327133.  -3.03   0.53  13.64  -1.89    1.92  0.21  0.62  0.60   0.30  742.2   1054891.   7.01  657.1 305823.
126 17 08 25 0.55 287.48  15.42 -7.04 1694    7.43   663.7  422871.  -2.19   1.94  13.50  -2.87    0.67  0.25  1.18  1.49  -1.00   -1.0        -1.   7.01  661.9 386904.
126 17 09 06 0.55 287.48  15.42 -7.04 1694    7.23   659.1  357226.  -1.56   0.34  13.61  -3.90    0.77  0.61  0.95  1.06  -1.00   -1.0        -1.   6.91  663.8 444285.
126 17 09 46 0.55 287.48  15.41 -7.04 1694    7.96   665.3  261800.  -3.24   2.84  14.10   0.35   -3.10  0.19  0.74  0.82   0.23  766.7   1043665.   7.50  673.1 293817.
126 17 10 27 0.55 287.48  15.41 -7.04 1694    8.10   681.8  449587.  -4.26   4.53  13.63   1.30   -5.41  0.55  0.40  0.83   0.24  751.4    719754.   7.52  677.8 429992.
126 17 11 07 0.55 287.48  15.40 -7.04 1694    8.21   686.2  449639.  -4.56   4.70  12.37   1.93   -6.65  0.46  0.99  0.64  -1.00   -1.0        -1.   7.42  690.8 466946.
126 17 11 48 0.55 287.48  15.40 -7.04 1694    7.58   667.5  306239.  -1.74   4.11  13.66  -2.59   -5.46  0.20  0.61  0.69   0.22  749.5   1043665.   7.23  664.7 289918.
126 17 12 28 0.55 287.49  15.39 -7.04 1694    7.45   671.6  385969.  -2.02   5.17  12.81  -3.32   -6.30  0.64  1.49  0.57  -1.00   -1.0        -1.   6.81  672.8 324430.
126 17 13 09 0.55 287.49  15.39 -7.04 1694    7.69   672.0  390491.  -0.75   4.38  12.22  -4.27   -5.66  0.51  0.65  1.51   0.25  739.3    992313.   7.35  672.5 396832.
126 17 13 49 0.55 287.49  15.38 -7.04 1694    8.23   681.6  466063.  -2.36   6.21  11.01  -3.64   -8.32  0.87  1.20  0.81   0.22  770.7   1132230.   7.73  685.9 563932.
126 17 14 30 0.55 287.49  15.37 -7.04 1694    7.56   694.8  523028.  -1.94   6.00  10.41  -2.75   -8.00  0.57  1.60  0.73   0.21  758.7    529317.   6.92  691.7 504577.
126 17 15 10 0.55 287.49  15.37 -7.04 1694    7.82   702.3  548340.  -1.55   6.29   9.58  -3.73   -7.41  0.79  0.90  3.11  -1.00   -1.0        -1.   7.02  701.1 475418.
126 17 15 51 0.55 287.49  15.36 -7.04 1694    6.91   721.7  480460.  -1.28   0.00   4.90  -3.55   10.64  1.40  1.13  1.02   0.28  749.9    997719.   6.61  716.8 457487.
126 17 16 31 0.55 287.49  15.36 -7.04 1694    7.35   694.1  449119.  -1.18   1.46   7.84  -3.87    9.72  1.35  0.71  0.69   0.20  778.1    916845.   7.08  689.8 404576.
126 17 17 12 0.55 287.49  15.35 -7.04 1694    6.66   699.4  464400.  -1.11  -3.41   8.03  -4.30    9.52  0.99  0.62  0.62  -1.00   -1.0        -1.   6.59  692.8 442830.
126 17 17 52 0.55 287.49  15.35 -7.04 1694    7.68   683.0  442466.  -0.91  -2.44   9.47  -3.67    8.54  1.43  0.68  0.92   0.23  774.1   1041170.   7.02  678.6 413204.
126 17 18 33 0.55 287.49  15.34 -7.04 1694    7.48   695.0  451666.  -0.12  -2.93   9.31  -5.22    8.51  0.55  0.79  0.27  -1.00   -1.0        -1.   6.78  692.0 404680.
126 17 19 13 0.55 287.49  15.34 -7.04 1694    7.14   701.8  440959.   0.60  -2.75   7.53  -7.21    8.01  0.95  1.00  0.73   0.22  780.3    706449.   6.76  704.1 478277.
126 17 19 54 0.55 287.49  15.33 -7.04 1694    6.98   713.2  466115.  -0.33  -3.08   6.62  -7.30    7.95  0.89  0.92  0.87   0.27  749.4    931606.   6.59  706.9 443038.
126 17 20 34 0.55 287.49  15.33 -7.04 1694    7.22   706.9  564088.   1.03   0.23   7.15  -7.28    6.93  0.77  1.18  1.34  -1.00   -1.0        -1.   6.58  707.5 520897.
126 17 21 15 0.54 287.49  15.32 -7.04 1694    7.06   691.9  463932.   1.35   1.65   9.23  -8.11    3.10  0.78  0.55  1.95   0.27  773.5   1606037.   6.45  685.3 470949.
126 17 21 55 0.54 287.49  15.31 -7.04 1694    6.46   696.7  426925.   1.30   1.27   8.80  -9.02   -0.84  1.06  0.99  2.07   0.24  779.8    882749.   6.10  696.4 485242.
126 17 22 36 0.54 287.49  15.31 -7.04 1694    7.26   710.6  503589.   2.16   5.35   9.18  -8.22   -1.48  1.60  1.47  2.41   0.25  775.5   1585663.   6.68  703.2 480876.
126 17 23 16 0.54 287.50  15.30 -7.04 1694    7.28   664.8  449795.  -4.42   3.12  12.57  -0.46   -1.70  0.42  1.69  1.70  -1.00   -1.0        -1.   6.63  664.2 412944.
126 17 23 57 0.54 287.50  15.30 -7.04 1694    7.32   674.0  461177.  -5.07   4.51  12.70   0.82   -3.29  0.37  0.72  0.98   0.27  771.0   1586495.   7.06  671.7 448547.
126 17 24 37 0.54 287.50  15.29 -7.04 1694    7.16   667.7  442310.  -4.81   4.29  12.49   1.09   -2.60  1.60  0.97  2.74   0.26  751.0   1274435.   6.43  667.1 392726.
126 17 25 18 0.54 287.50  15.29 -7.04 1694    5.77   674.7  350730.  -3.03   6.96  12.04   0.54   -2.93  1.21  2.22  3.27   0.22  745.1   1038052.   5.81  675.7 451458.
126 17 25 58 0.54 287.50  15.28 -7.04 1694    7.30   670.6  469389.  -6.74   0.25  12.40   2.52    2.30  0.60  1.32  2.09   0.22  766.6    947199.   7.20  677.6 554785.
126 17 26 39 0.54 287.50  15.27 -7.04 1694    7.38   658.2  390335.  -3.48   1.08  12.44  -0.86    0.39  0.56  1.29  2.64  -1.00   -1.0        -1.   7.01  662.0 467206.
126 17 27 19 0.54 287.50  15.27 -7.04 1694    7.81   661.6  442466.  -3.74   1.72  12.15  -0.65   -4.05  0.86  1.26  2.56   0.25  728.8   1036388.   6.87  662.0 415803.
126 17 28 00 0.54 287.50  15.26 -7.04 1694    7.22   670.5  358786.  -3.42   6.24  12.28   0.66   -4.64  0.77  2.40  1.45  -1.00   -1.0        -1.   6.52  673.5 449587.
126 17 28 40 0.54 287.50  15.26 -7.04 1694    7.20   683.6  424638.  -5.76   6.28  11.59   1.60   -6.25  0.44  1.33  0.72   0.27  745.3   1351358.   6.56  683.6 359409.
126 17 29 21 0.54 287.50  15.25 -7.04 1694    7.24   678.7  497352.  -4.50   6.27  11.75   0.47   -5.75  0.30  1.46  0.41  -1.00   -1.0        -1.   6.98  679.8 429108.
126 17 30 01 0.54 287.50  15.25 -7.04 1694    7.56   644.0  389851.   0.00   0.00  12.16  -0.40   -4.91  0.46  0.87  0.83  -1.00   -1.0        -1.  -1.00   -1.0     -1.
126 17 30 41 0.54 287.50  15.24 -7.04 1694    6.97   669.7  405927.  -3.99   5.81  12.63  -0.12   -4.64  0.26  0.87  0.61   0.24  753.9   1085245.   6.38  674.3 450626.
126 17 31 21 0.54 287.50  15.23 -7.04 1694    7.60   671.6  459358.  -4.52   5.87  11.56   1.08   -6.10  0.36  0.76  0.58   0.30  748.1   1290027.   6.90  671.3 429732.
126 17 32 02 0.54 287.50  15.23 -7.04 1694    7.39   666.3  369960.  -5.58   4.64  12.20   2.62   -4.55  0.75  1.70  1.00   0.25  765.1   1225370.   7.08  672.8 433578.
126 17 32 42 0.54 287.50  15.22 -7.04 1694    6.95   671.3  451614.  -5.72   4.13  11.60   3.88   -3.08  0.55  1.20  0.85   0.32  746.1   1518511.   6.20  669.8 425106.
126 17 33 24 0.54 287.50  15.22 -7.04 1694    6.86   670.2  390543.  -5.85   4.16   9.49   3.88   -4.51  4.76  0.43  0.56   0.26  739.3   1084829.   6.58  678.0 457435.
126 17 34 04 0.54 287.51  15.21 -7.04 1694    7.36   678.5  432487.  -6.74   3.55  11.62   4.64   -4.43  0.37  0.62  0.77   0.28  745.3   1145120.   6.70  676.1 417778.
126 17 34 45 0.54 287.51  15.21 -7.04 1694    7.31   689.0  453329.  -7.12   4.51  10.82   5.68   -5.04  0.40  0.34  0.42   0.19  749.8   1093769.   6.62  688.5 446780.
126 17 35 25 0.54 287.51  15.20 -7.04 1694    7.28   680.1  426769.  -7.14   3.56  11.35   6.00   -3.80  0.53  0.46  0.50   0.24  730.7    830774.   6.67  677.8 415699.
126 17 36 06 0.54 287.51  15.20 -7.04 1694    7.14   671.8  391270.  -6.60   1.74  11.63   5.79   -1.62  0.39  0.56  1.59   0.22  745.4   1041170.   6.99  676.3 431447.
126 17 36 46 0.54 287.51  15.19 -7.04 1694    7.03   679.4  419857.  -6.94   2.91  11.57   5.29   -2.47  0.49  0.93  0.48   0.19  766.2    896263.   6.53  680.1 361540.
126 17 37 27 0.54 287.51  15.18 -7.04 1694    7.32   667.5  386437.  -5.38  -1.26  11.64   4.35    0.07  0.40  0.87  2.63  -1.00   -1.0        -1.   6.82  669.9 413880.
126 17 38 07 0.54 287.51  15.18 -7.04 1694    6.79   678.6  427081.  -5.84   0.00  11.50   3.61   -4.67  0.58  1.01  0.82   0.19  763.8   1196264.   6.42  676.5 426769.
126 17 38 48 0.54 287.51  15.17 -7.04 1694    6.62   669.6  342362.  -5.87   2.25  12.37   2.89   -3.94  0.17  0.42  0.74   0.27  747.8    926201.   6.61  669.7 393141.
126 17 39 28 0.54 287.51  15.17 -7.04 1694    7.41   666.3  396832.   0.00   3.44  11.99  -1.01   -2.46  0.58  3.27  0.81   0.24  747.6   1502918.   6.44  663.3 379628.
126 17 40 09 0.54 287.51  15.16 -7.04 1694    7.30   687.8  442882.   0.85   3.55  11.00  -4.55   -3.78  0.57  1.13  0.83   0.23  770.9   1545954.   6.49  683.7 434462.
126 17 40 49 0.54 287.51  15.16 -7.04 1694    8.80   705.9  568662.   1.94   2.63   7.85  -6.41   -5.17  1.61  3.08  1.58   0.20  800.2   1693355.   7.80  703.3 587997.
126 17 41 30 0.54 287.51  15.15 -7.04 1694    7.06   683.6  491479.   0.08   4.86   8.87  -6.85   -2.91  2.22  1.90  3.22   0.25  772.7   1381920.   6.63  681.1 469389.
126 17 42 10 0.54 287.51  15.15 -7.04 1694    7.01   665.8  401509.  -1.14   1.74  11.93  -3.65   -0.15  0.59  1.12  1.05   0.26  744.7   1400839.   6.51  662.3 379628.
126 17 42 51 0.54 287.51  15.14 -7.04 1694    7.33   668.1  384150.   0.50   0.44  11.80  -2.99    0.86  0.37  1.56  0.97  -1.00   -1.0        -1.   6.60  669.1 415855.
126 17 43 31 0.54 287.51  15.14 -7.04 1694    7.40   667.3  401405.  -0.99   0.61  11.59  -3.29    0.00  0.72  1.58  1.91   0.29  724.7   1049693.   6.76  665.2 414451.
126 17 44 12 0.54 287.51  15.13 -7.04 1694    9.83   688.2  457955.  -4.48   3.19  10.71  -0.64   -4.23  1.26  3.85  3.62   0.25  743.1   1035557.   9.29  685.0 458838.
126 17 44 52 0.54 287.51  15.12 -7.04 1694    7.51   691.4  443661.  -6.97   5.59   9.02   5.74   -6.62  1.31  1.89  0.69   0.24  750.9   1217054.   7.07  693.0 533631.
126 17 45 33 0.54 287.52  15.12 -7.04 1694    8.26   678.5  510242.  -4.64   4.04  11.28  -0.13   -4.18  0.43  2.88  1.96   0.22  776.8   1255932.   7.65  678.1 460917.
126 17 46 13 0.54 287.52  15.11 -7.04 1694    8.53   725.6  556864.  -3.17   7.27   9.29  -0.94   -7.33  2.39  1.78  2.61   0.26  759.2   1188364.   8.57  721.0 530616.
126 17 46 54 0.54 287.52  15.11 -7.04 1694    7.27   680.3  531136.  -2.55   5.51  11.37  -2.46   -5.53  0.22  0.58  0.70  -1.00   -1.0        -1.   6.62  677.2 489868.
126 17 47 34 0.54 287.52  15.10 -7.04 1694    6.78   685.4  460242.  -3.00   6.61  10.68  -0.02   -7.32  1.01  1.65  1.48   0.23  761.6    927864.   6.31  686.7 521105.
126 17 48 15 0.54 287.52  15.10 -7.04 1694    7.81   676.6  527498.  -4.61   5.76   9.30   3.47   -8.25  0.71  1.08  0.68   0.22  740.3    883997.   7.34  677.4 488048.
126 17 48 55 0.54 287.52  15.09 -7.04 1694    7.16   685.3  469701.  -4.47   6.16   8.68  -0.82   -3.79  2.21  5.23  5.68   0.18  781.9    740337.   7.11  684.8 573808.
126 17 49 36 0.54 287.52  15.08 -7.04 1694    6.62   692.5  472716.  -0.63   3.54   8.13  -6.38    1.01  3.46  3.09  4.78  -1.00   -1.0        -1.   6.50  688.3 438724.
126 17 50 16 0.54 287.52  15.08 -7.04 1694    7.21   706.9  595949.  -5.18   4.76   9.02   0.28   -4.28  1.61  4.29  2.82  -1.00   -1.0        -1.   6.45  707.9 541895.
126 17 50 57 0.54 287.52  15.07 -7.04 1694    7.06   687.9  442102.  -0.52   1.96  11.26  -4.83   -0.55  0.38  1.03  1.52   0.25  785.6   1385038.   6.46  684.4 424275.
126 17 51 37 0.54 287.52  15.07 -7.04 1694    6.83   683.9  388620.  -0.83   1.56  11.87  -5.47    0.20  0.21  0.37  0.60   0.23  794.6   1507492.   6.27  681.4 351093.
126 17 52 18 0.54 287.52  15.06 -7.04 1694    9.09   701.5  560554.  -0.32   1.12   6.90  -6.18    4.31  5.02  0.96  4.19   0.27  747.8    923082.   8.71  694.2 546833.
126 17 52 58 0.54 287.52  15.06 -7.04 1694    6.71   752.3  489140.   1.38  -1.03   0.30  -9.22    6.85  0.64  1.05  2.26  -1.00   -1.0        -1.   5.99  747.4 442258.
126 17 53 39 0.54 287.52  15.05 -7.04 1694    6.37   766.9  456240.   1.32  -2.08  -0.99  -8.66    8.24  0.92  0.38  0.36   0.23  755.1    984413.   5.81  764.8 393505.
126 17 54 19 0.54 287.52  15.04 -7.04 1694    6.90   772.3  423235.  -0.06  -2.46  -1.57  -8.10    8.54  0.82  0.40  0.37   0.23  765.5   1127864.   6.28  765.0 411229.
126 17 55 00 0.54 287.52  15.04 -7.04 1694    6.07   786.7  476926.   0.51  -0.07  -0.82  -8.51    6.80  2.49  1.16  1.55  -1.00   -1.0        -1.   5.47  788.6 407487.
126 17 55 40 0.54 287.52  15.03 -7.04 1694    7.06   747.2  490387.  -0.11  -2.52   0.95  -6.30    9.50  0.42  0.72  0.45  -1.00   -1.0        -1.   6.40  743.5 487581.
126 17 56 21 0.54 287.53  15.03 -7.04 1694    6.72   764.3  474067.  -0.97  -2.87  -0.66  -5.88    9.79  0.66  0.83  0.67   0.25  745.5   1058009.   5.97  765.7 424327.
126 17 57 01 0.54 287.53  15.02 -7.04 1694    6.93   759.8  457591.   0.02  -2.74   0.26  -6.22   10.19  0.75  0.56  0.38   0.24  761.9   1092105.   6.12  757.1 393713.
126 17 57 42 0.54 287.53  15.01 -7.04 1694    7.20   746.7  569962.   0.48  -2.32   1.66  -7.55    9.08  0.84  1.24  1.03   0.25  744.5   1016014.   6.55  747.4 512217.
126 17 58 22 0.54 287.53  15.01 -7.04 1694    7.06   748.9  499795.   0.95  -2.04   0.94  -8.22    8.74  0.83  1.34  1.53   0.21  776.9    883997.   6.35  746.4 488828.
126 17 59 03 0.54 287.53  15.01 -7.04 1694    6.83   748.2  406447.   2.37  -1.46   1.54  -9.36    7.60  1.24  1.06  1.30   0.16  801.8    928487.   6.41  743.3 458215.
126 17 59 43 0.54 287.53  15.00 -7.04 1694    7.09   763.7  512269.  -2.18  -3.59   0.62  -6.39    9.56  1.90  2.88  2.31   0.25  758.5    757593.   6.89  762.5 524067.
126 18 00 24 0.54 287.53  14.99 -7.04 1694    7.15   769.5  490023.  -1.13  -3.10  -1.36  -5.65   10.03  1.28  1.14  0.60   0.24  783.1    857801.   6.26  767.3 442882.
126 18 01 04 0.54 287.53  14.99 -7.04 1694    7.28   807.5  530512.  -1.31  -2.00  -5.11  -4.75    9.20  1.90  1.00  0.84   0.22  767.2    933269.   6.63  810.1 450782.
126 18 01 45 0.54 287.53  14.98 -7.04 1694    6.88   782.8  484462.  -0.08  -1.98  -3.83  -5.55    9.43  0.73  1.45  1.03  -1.00   -1.0        -1.   6.27  781.5 428900.
126 18 02 25 0.54 287.53  14.98 -7.04 1694    6.63   803.4  498236.  -0.82  -1.48  -5.00  -6.32    8.43  1.43  0.37  0.56   0.24  767.2   1012064.   6.19  801.5 436229.
126 18 03 06 0.54 287.53  14.97 -7.04 1694    6.85   803.3  427757.  -1.11  -2.18  -6.50  -4.78    8.60  0.53  0.49  0.41  -1.00   -1.0        -1.   6.32  800.8 512477.
126 18 03 46 0.54 287.53  14.97 -7.04 1694    6.73   783.0  433058.  -0.43  -2.94  -4.82  -4.69    9.32  1.10  1.61  0.63   0.23  761.8    843664.   6.54  778.3 475107.
126 18 04 27 0.54 287.53  14.96 -7.04 1694    6.26   714.4  474847.   0.60  -0.25   1.68  -5.86    5.70  7.05  3.52  2.50   0.25  749.6   1107074.   5.79  707.6 453121.
126 18 05 07 0.54 287.53  14.96 -7.04 1694    7.16   730.9  556292.   0.69  -1.01   8.04  -7.54    3.23  2.21  0.56  3.23   0.21  760.5    932230.   6.50  727.1 534982.
126 18 05 48 0.54 287.53  14.95 -7.04 1694    5.67   728.0  458370.   2.10  -0.19   4.66  -7.65    6.81  1.27  0.79  1.03   0.23  759.7    850524.   5.26  727.3 425054.
126 18 06 28 0.54 287.53  14.95 -7.04 1694    6.53   687.1  403692.  -3.80  -0.19   9.39  -2.96    6.08  1.73  1.58  0.58  -1.00   -1.0        -1.   5.94  684.6 347351.
126 18 07 09 0.54 287.54  14.94 -7.04 1694    6.18   684.3  508579.  -4.66   1.41  10.58  -3.71    3.52  1.54  1.54  1.97  -1.00   -1.0        -1.   5.56  681.5 491167.
126 18 07 49 0.54 287.54  14.93 -7.04 1694    7.13   679.6  388360.   0.00   1.29  11.35  -2.63    2.57  0.43  0.96  0.35  -1.00   -1.0        -1.   6.42  680.0 331551.
126 18 08 30 0.54 287.54  14.93 -7.04 1694    6.52   704.3  540180.  -0.51  -1.63   7.27  -4.55    7.29  1.99  1.66  1.88   0.24  752.0   1015390.   6.41  707.4 615804.
126 18 09 10 0.54 287.54  14.92 -7.04 1694    6.97   706.0  433058.   0.55  -0.77   5.83  -6.89    7.32  0.85  1.64  1.66   0.27  758.3   1256971.   6.48  706.4 493038.
126 18 09 51 0.54 287.54  14.92 -7.04 1694    6.60   720.7  434358.   1.09  -0.76   4.86  -7.98    7.14  0.89  1.40  1.74   0.25  749.2    860296.   6.05  714.7 383474.
126 18 10 31 0.54 287.54  14.91 -7.04 1694    6.11   746.9  418298.   1.22  -2.59   2.71  -8.03    7.66  2.68  1.23  1.24   0.14  774.5    952604.   5.59  740.5 359513.
126 18 11 12 0.54 287.54  14.91 -7.04 1694    7.19   741.2  557332.   1.53  -2.23   2.42  -7.76    8.31  2.09  0.48  0.56   0.21  759.1    806034.   6.68  739.7 502238.
126 18 11 52 0.54 287.54  14.90 -7.04 1694    7.11   745.2  529837.   1.00  -2.54   1.73  -8.49    8.42  0.77  0.66  0.57   0.23  768.2    956346.   6.50  743.7 502498.
126 18 12 33 0.54 287.54  14.90 -7.04 1694    6.54   728.6  480720.   2.29  -1.27   2.38  -9.68    7.03  1.09  0.62  0.86   0.20  763.4    733476.   6.12  732.1 512165.
126 18 13 13 0.54 287.54  14.89 -7.04 1694    7.06   733.1  502913.   2.19   0.29   5.20  -9.12    6.16  1.40  1.67  1.43   0.20  761.4    938051.   6.65  725.5 482123.
126 18 13 54 0.54 287.54  14.88 -7.04 1694    6.27   705.0  425418.   1.95  -0.81   7.46  -8.36    6.15  0.52  0.40  0.59   0.16  749.7    850524.   6.15  697.6 410345.
126 18 14 34 0.54 287.54  14.88 -7.04 1694    6.70   687.3  391998.   0.06  -1.25   7.68  -7.94    5.98  2.43  1.71  0.46   0.14  772.5    856138.   6.31  684.3 346624.
126 18 15 15 0.54 287.54  14.87 -7.04 1694    6.29   725.0  440699.   1.85  -1.76   4.63 -10.19    6.58  0.89  0.67  0.54   0.21  753.2    820795.   5.99  721.8 389347.
126 18 15 55 0.54 287.54  14.87 -7.04 1694    6.79   744.6  470013.   2.05  -1.29   5.33  -9.53    6.55  1.72  0.65  0.34   0.19  765.3    872146.   6.54  736.6 430304.
126 18 16 36 0.54 287.54  14.86 -7.04 1694    6.93   716.7  438360.   2.42  -0.93   6.18  -9.67    6.09  0.56  0.40  0.48   0.18  749.7   1058009.   6.07  713.4 383266.
126 18 17 16 0.54 287.54  14.85 -7.04 1694    6.28   717.6  372351.   1.77  -1.32   6.29  -9.45    6.03  0.40  0.30  0.71   0.22  737.9   1059257.   5.92  714.1 396156.
126 18 17 57 0.54 287.54  14.85 -7.04 1694    6.98   722.3  494233.   1.55  -1.84   5.73  -9.18    6.07  0.82  0.35  0.88   0.20  745.6    901252.   6.09  722.5 411905.
126 18 18 37 0.54 287.55  14.84 -7.04 1694    6.85   706.4  451094.   2.15  -1.06   6.80  -8.54    6.21  0.85  0.83  0.62   0.18  771.1    879631.   6.31  706.8 455148.
126 18 19 18 0.54 287.55  14.84 -7.04 1694    6.51   727.4  421728.   2.26  -1.61   4.31 -10.06    5.79  0.88  0.87  1.19   0.20  778.8   1180048.   5.71  724.2 398183.
126 18 19 58 0.54 287.55  14.83 -7.04 1694    6.11   697.4  419441.   1.31  -0.39   7.35  -8.93    5.17  0.82  0.76  0.75   0.19  748.5   1343042.   5.71  697.8 403537.
126 18 20 39 0.54 287.55  14.83 -7.04 1694    6.66   685.9  434046.  -0.11   0.01   9.37  -7.44    4.29  0.82  0.74  0.85   0.25  767.2   1245744.   5.98  683.1 426302.
126 18 21 19 0.54 287.55  14.82 -7.04 1694    6.67   687.6  426354.   0.42   0.68   9.42  -8.13    2.98  0.50  0.49  0.72   0.16  769.5   1097095.   6.07  684.8 369908.
126 18 22 00 0.54 287.55  14.82 -7.04 1694    6.69   700.3  455824.   1.43   0.62   8.52  -8.48    4.04  0.32  0.27  0.56   0.19  764.9    782333.   6.09  695.3 417882.
126 18 22 40 0.54 287.55  14.81 -7.04 1694    7.14   693.7  423911.   0.72   1.21   8.73  -8.20    2.94  1.11  1.43  1.24   0.19  785.7    752811.   6.91  690.7 500730.
126 18 23 21 0.54 287.55  14.80 -7.04 1694    6.66   694.6  433994.   1.43   1.65   8.04  -8.04   -1.03  1.93  1.53  4.11   0.26  749.2   1118717.   6.09  691.4 408474.
126 18 24 01 0.54 287.55  14.80 -7.04 1694    6.73   687.0  358370.   0.79  -0.51   8.51  -7.48    2.13  0.77  0.69  4.81   0.18  746.6   1414352.   5.95  685.9 322091.
126 18 24 42 0.54 287.55  14.79 -7.04 1694    6.33   703.1  416218.   1.29  -0.35   8.64  -7.97    4.65  0.48  0.37  0.77   0.23  746.8   1105827.   5.87  697.3 392258.
126 18 25 22 0.54 287.55  14.79 -7.04 1694    6.39   669.4  246987.  -1.06   0.62  10.70  -5.71    2.61  1.23  1.04  2.78   0.18  733.6    829526.   5.98  672.0 293297.
126 18 26 03 0.54 287.55  14.78 -7.04 1694    6.35   700.2  400886.   0.32  -2.09   7.92  -6.62    7.56  0.40  0.48  0.46   0.18  740.7    893560.   5.79  695.9 367673.
126 18 26 43 0.54 287.55  14.78 -7.04 1694    6.04   701.0  371572.   0.36  -2.67   8.07  -6.43    7.78  0.40  0.18  0.38   0.16  783.7    546365.   5.56  699.5 352185.
126 18 27 24 0.54 287.55  14.77 -7.04 1694    6.05   701.1  387476.   0.54  -2.10   8.08  -6.67    7.27  0.43  0.54  0.53   0.17  750.7    859672.   5.67  697.8 359202.
126 18 28 04 0.54 287.56  14.77 -7.04 1694    5.44   701.4  311488.   0.90  -2.28   9.64  -6.09    4.92  1.75  0.85  2.42   0.13  777.0    477757.   5.00  696.9 288255.
126 18 28 45 0.54 287.56  14.76 -7.04 1694    6.75   672.2  288879.   0.00   0.58  11.06  -4.88    3.40  0.90  1.02  0.99   0.18  759.2    973810.   6.43  666.6 265750.
126 18 29 25 0.54 287.56  14.76 -7.04 1694    6.93   659.8  356811.   0.00   0.00  10.98  -4.73    4.01  0.58  1.00  0.71   0.16  731.6   1322252.  -1.00   -1.0     -1.
126 18 30 05 0.54 287.56  14.75 -7.04 1694    6.22   685.1  332694.   0.03  -0.84   9.41  -6.69    5.36  1.06  1.23  0.42   0.14  759.6    726407.   6.09  686.3 395428.
126 18 30 45 0.54 287.56  14.74 -7.04 1694    6.16   703.4  358422.   1.05  -0.92   7.92  -7.38    5.69  1.38  0.55  1.21   0.25  742.3   1313312.   5.85  695.9 353588.
126 18 31 26 0.54 287.56  14.74 -7.04 1694    6.27   714.1  406395.   1.50  -1.70   7.12  -7.68    6.27  0.71  0.56  0.61   0.18  777.5   1456556.   5.60  713.5 345168.
126 18 32 06 0.54 287.56  14.73 -7.04 1694    6.32   719.0  407643.   1.94  -0.98   6.26  -8.74    5.70  0.69  0.69  0.39   0.21  767.9    798341.   6.22  715.2 452913.
126 18 32 48 0.54 287.56  14.73 -7.04 1694    6.45   707.1  419597.   1.88  -0.63   6.98  -9.07    4.32  0.62  0.30  0.85   0.20  774.8   1163623.   6.01  699.3 432123.
126 18 33 28 0.54 287.56  14.72 -7.04 1694    6.72   684.2  344493.   1.41   2.02   8.45  -8.70    2.02  0.86  0.62  0.89   0.15  768.3    956762.   6.31  683.0 333422.
126 18 34 09 0.54 287.56  14.72 -7.04 1694    6.21   693.9  318869.   1.90   2.34   8.99  -8.69    0.37  0.53  0.57  0.60   0.14  767.0   1096263.   5.91  688.5 381239.
126 18 34 49 0.54 287.56  14.71 -7.04 1694    6.82   684.4  362008.   0.87   1.73  10.19  -7.06    1.14  0.57  0.74  0.92   0.19  755.0   1376514.   6.25  677.9 374430.
126 18 35 30 0.54 287.56  14.71 -7.04 1694    6.15   679.1  296675.   0.99   1.43  10.59  -6.85    1.68  0.36  0.45  1.13   0.18  763.2   1325786.   5.64  675.0 295532.
126 18 36 10 0.54 287.56  14.70 -7.04 1694    6.30   668.0  263307.  -0.13   1.24  10.52  -6.62    3.01  0.86  1.67  0.73   0.17  740.1    866117.   5.84  671.5 291062.
126 18 36 51 0.54 287.56  14.69 -7.04 1694    6.35   702.3  391322.   1.56  -0.78   8.68  -7.48    4.58  1.09  2.12  2.34   0.20  771.2   1388781.   5.83  696.7 369441.
126 18 37 31 0.54 287.56  14.69 -7.04 1694    7.28   702.7  435709.   1.08  -2.00   7.92  -6.51    7.39  0.98  1.34  0.83   0.17  772.6    909568.   6.77  702.4 447612.
126 18 38 12 0.54 287.56  14.68 -7.04 1694    6.00   676.8  286904.   0.27  -0.35  11.09  -6.34    2.71  0.53  0.56  0.76   0.18  762.9    759256.   5.54  673.1 300833.
126 18 38 52 0.54 287.56  14.68 -7.04 1694    6.49   682.8  349638.   0.98   0.74  10.09  -7.95    2.80  0.35  0.39  0.40   0.21  749.5   1465704.   5.82  681.3 314243.
126 18 39 33 0.54 287.57  14.67 -7.04 1694    6.31   678.8  292725.   1.49   1.76  10.99  -5.08    2.84  1.27  4.05  0.65   0.17  750.9    689817.   5.59  673.9 269492.
126 18 40 13 0.54 287.57  14.67 -7.04 1694    6.53   634.3  204780.   0.00   0.00  12.89  -2.12    2.34  0.29  1.60  0.69   0.14  779.3    920171.  -1.00   -1.0     -1.
126 18 40 53 0.54 287.57  14.66 -7.04 1694    6.08   659.1  182226.  -1.47   2.22  13.02  -3.55    1.17  0.35  0.81  0.73   0.16  756.8   1107490.   5.72  652.0 155094.
126 18 41 33 0.54 287.57  14.65 -7.04 1694    6.45   660.6  240958.  -2.20   4.52  13.14  -2.68   -1.72  0.14  0.59  1.18   0.25  745.8   1302502.   5.78  660.7 194596.
126 18 42 14 0.54 287.57  14.65 -7.04 1694    5.95   655.1  187111.  -2.71   3.39  13.31  -1.53   -1.89  0.21  0.54  1.09   0.17  753.3   1030359.   6.05  656.2 226353.
126 18 42 54 0.54 287.57  14.64 -7.04 1694    6.38   657.6  220427.  -3.34   4.49  13.23  -0.95   -3.00  0.17  0.86  0.74   0.14  792.9   1324955.   5.62  656.9 175625.
126 18 43 36 0.54 287.57  14.64 -7.04 1694    5.99   663.7  268089.  -1.45   3.59  12.52  -1.73   -3.34  0.70  2.00  2.25   0.21  752.2    946575.   5.67  659.9 243556.
126 18 44 16 0.54 287.57  14.63 -7.04 1694    6.24   682.8  350885.   1.25   1.24  10.82  -5.84    0.35  1.12  3.05  2.99   0.20  754.2   1484415.   5.64  680.2 314763.
126 18 44 57 0.54 287.57  14.62 -7.04 1694    5.89   674.9  283214.   0.99   2.92  10.80  -7.69    0.74  0.49  0.60  0.59   0.19  749.4   1075889.   5.73  670.3 267309.
126 18 45 37 0.54 287.57  14.62 -7.04 1694    6.17   672.1  257174.   0.92   1.18  10.89  -7.14    2.27  0.32  0.63  0.92   0.20  724.6   1034309.   5.82  673.1 294752.
126 18 46 18 0.54 287.57  14.61 -7.04 1694    6.33   672.1  284097.  -0.45   0.61  11.25  -5.58    3.47  0.54  0.77  0.78   0.20  771.9   1375891.   5.87  665.0 260812.
126 18 46 58 0.54 287.57  14.61 -7.04 1694    6.04   693.2  382902.   1.22  -2.11   9.34  -7.15    4.99  1.30  0.85  1.72   0.22  757.5   1227241.   5.62  690.5 332642.
126 18 47 39 0.54 287.57  14.60 -7.04 1694    6.35   696.7  383214.   1.08  -0.12   9.29  -5.34    3.74  2.24  2.91  4.44   0.21  758.3   1069444.   6.02  691.0 396520.
126 18 48 19 0.54 287.57  14.60 -7.04 1694    7.01   675.7  354940.  -4.21   5.74  12.05   0.44   -4.62  0.36  1.01  1.18   0.24  762.0   1170484.   6.19  673.7 337372.
126 18 49 00 0.54 287.57  14.59 -7.04 1694    6.35   657.7  186124.  -1.82   2.08  12.24  -3.66    1.02  0.63  1.12  1.50   0.19  783.5   1662379.   6.04  658.1 246155.
126 18 49 40 0.54 287.57  14.59 -7.04 1694    6.45   664.2  252548.  -1.96   2.76  12.12  -3.82    0.55  0.56  1.42  1.85   0.18  776.2   1775061.   5.89  665.6 194180.
126 18 50 21 0.54 287.58  14.58 -7.04 1694    6.52   674.7  296675.  -2.70   4.39  12.39  -1.89   -3.11  0.28  0.74  0.80   0.24  770.6   1454893.   6.10  668.9 250677.
126 18 51 01 0.54 287.58  14.58 -7.04 1694    6.89   670.7  257902.  -1.38   3.90  12.35  -3.75   -1.16  0.44  1.09  0.54   0.21  742.1   1482752.   6.45  673.1 289295.
126 18 51 42 0.54 287.58  14.57 -7.04 1694    6.28   671.7  276925.  -2.10   4.67  12.44  -3.02   -2.50  0.42  1.06  0.38   0.26  749.2   1036804.   6.01  666.9 267361.
126 18 52 22 0.54 287.58  14.57 -7.04 1694    6.86   683.9  324742.  -1.04   4.89  11.66  -4.97   -2.30  0.25  0.25  0.68   0.17  761.1    805410.   5.93  683.2 304524.
126 18 53 03 0.54 287.58  14.56 -7.04 1694    6.38   677.0  307070.  -0.69   3.76  11.88  -4.24   -2.10  0.25  0.98  0.85  -1.00   -1.0        -1.   6.53  678.6 406863.
126 18 53 43 0.54 287.58  14.55 -7.04 1694    6.43   674.8  393089.  -3.22   5.18  12.13  -1.48   -3.61  0.31  0.60  0.85  -1.00   -1.0        -1.   5.82  672.6 333526.
126 18 54 24 0.54 287.58  14.55 -7.04 1694    6.29   672.8  281550.  -1.77   4.76  11.96  -4.28   -1.25  0.45  1.47  0.94   0.18  751.4    994600.   6.05  665.9 274846.
126 18 55 04 0.54 287.58  14.54 -7.04 1694    6.34   672.3  376353.  -0.20   3.46  12.01  -4.87    0.26  0.20  0.50  0.95   0.18  736.4    757385.   5.60  670.2 317725.
126 18 55 45 0.54 287.58  14.54 -7.04 1694    6.20   679.2  319077.   0.76   0.60  10.90  -6.23    2.24  0.37  0.59  0.90   0.18  752.7   1066741.   5.93  676.5 357434.
126 18 56 25 0.54 287.58  14.53 -7.04 1694    6.39   684.1  343297.   1.36   1.53  10.08  -7.09    2.23  0.63  0.45  1.37   0.20  735.1    840545.   5.53  679.0 313255.
126 18 57 06 0.54 287.58  14.53 -7.04 1694    6.52   686.0  440855.   0.41   2.73  10.51  -6.89    0.00  0.33  0.52  0.52   0.28  779.2   1337013.   6.14  677.8 414295.
126 18 57 46 0.54 287.58  14.52 -7.04 1694    6.28   690.0  390283.   1.21   1.00   9.77  -7.04    1.93  0.62  0.42  1.59   0.15  804.7   1203125.   5.38  684.3 342050.
126 18 58 27 0.54 287.58  14.52 -7.04 1694    5.73   721.2  408006.  -0.46  -3.99   7.42  -4.92    6.96  1.98  1.33  2.43   0.18  757.0    837011.   5.26  719.5 339295.
126 18 59 07 0.54 287.58  14.51 -7.04 1694    5.63   702.9  356447.   0.96  -0.55   6.41  -4.78    6.80  3.48  0.98  3.54  -1.00   -1.0        -1.   5.86  699.7 416686.
126 18 59 48 0.54 287.58  14.50 -7.04 1694    5.95   665.5  282746.   0.00   0.34  11.23  -5.11    2.52  0.49  0.59  0.84   0.19  754.4    982750.   5.57  660.8 237683.
126 19 00 28 0.54 287.58  14.50 -7.04 1694    6.33   674.1  346520.   0.05   1.90  11.01  -5.54    2.50  0.56  0.47  1.25   0.19  758.7    932438.   5.65  672.6 322403.
126 19 01 09 0.54 287.59  14.49 -7.04 1694    6.52   669.0  271675.  -1.19   1.66  11.95  -3.61    1.03  0.44  0.78  1.37   0.17  783.9    783788.   5.79  664.3 242829.
126 19 01 49 0.54 287.59  14.49 -7.04 1694    6.50   679.1  369649.  -0.50   1.30  11.68  -2.73    0.57  0.49  2.39  2.75   0.19  754.5   1517472.   5.72  675.5 323858.
126 19 02 30 0.54 287.59  14.48 -7.04 1694    6.82   678.1  324170.   0.00   4.34  11.79   0.32   -3.21  0.31  1.47  1.09  -1.00   -1.0        -1.   6.28  680.9 392830.
126 19 03 10 0.54 287.59  14.48 -7.04 1694    6.80   669.3  352393.  -2.90   3.81  12.03  -1.77   -2.19  0.26  0.39  0.68   0.18  755.9   1566744.   5.99  670.6 313671.
126 19 03 51 0.54 287.59  14.47 -7.04 1694    6.33   670.2  314659.  -1.67   2.68  11.33  -3.83    0.71  1.53  2.04  2.50   0.17  750.6    850940.   6.38  665.5 282642.
126 19 04 31 0.54 287.59  14.46 -7.04 1694    6.51   696.2  372039.   1.67   0.00   8.57  -6.87    5.41  1.22  0.83  1.96   0.20  756.8   1354477.   6.19  689.6 326457.
126 19 05 12 0.54 287.59  14.46 -7.04 1694    6.16   683.9  317881.   1.16   0.09   9.01  -8.11    2.66  0.48  0.73  1.08   0.17  711.9    740960.   5.82  677.1 296727.
126 19 05 52 0.54 287.59  14.45 -7.04 1694    6.68   680.5  376769.  -1.64  -1.20   9.91  -5.13    3.56  0.99  2.49  1.24   0.22  776.8    986076.   6.65  680.1 325781.
126 19 06 33 0.54 287.59  14.45 -7.04 1694    6.46   675.3  301509.  -1.49  -0.21  10.57  -4.20    3.70  0.28  1.31  0.97   0.20  778.6   1139091.   5.87  671.7 276457.
126 19 07 13 0.54 287.59  14.44 -7.04 1694    6.97   687.8  375366.  -1.99  -1.32  10.20  -3.53    4.50  0.48  1.00  1.14   0.20  778.2    998550.   6.36  687.3 345116.
126 19 07 54 0.54 287.59  14.43 -7.04 1694    6.44   678.6  342933.  -0.81  -0.01  10.35  -4.57    3.75  0.42  0.83  0.48   0.20  746.6   1024330.   6.18  677.7 401302.
126 19 08 34 0.54 287.59  14.43 -7.04 1694    5.81   676.4  266633.   0.92  -0.03   9.71  -6.61    3.59  0.94  1.27  0.35   0.17  776.9   1039507.   5.58  679.1 298027.
126 19 09 15 0.54 287.59  14.42 -7.04 1694    5.81   673.7  291997.   0.40  -0.61  11.42  -4.42    2.87  0.55  0.73  0.73   0.23  774.8   1739925.   5.42  673.0 257486.
126 19 09 55 0.54 287.59  14.42 -7.04 1694    6.40   631.2  210182.   0.00   0.00  12.06  -3.51    2.18  0.21  0.47  0.51   0.16  753.1    954475.  -1.00   -1.0     -1.
126 19 10 35 0.54 287.59  14.41 -7.04 1694    5.63   654.7  183421.  -2.44   0.21  11.73  -4.01    2.73  0.62  1.15  0.75   0.20  749.9   1049693.   5.68  657.9 231862.
126 19 11 15 0.54 287.59  14.41 -7.04 1694    5.91   652.6  219440.  -4.74   0.49  12.40  -1.15    3.04  0.31  1.41  0.61   0.14  801.3    835556.   5.51  651.6 214710.
126 19 11 56 0.54 287.59  14.40 -7.04 1694    6.12   653.8  166425.  -3.37   1.97  12.52  -0.84    2.29  0.44  0.65  1.83   0.18  753.5    846159.   5.70  649.5 151456.
126 19 12 36 0.54 287.60  14.40 -7.04 1694    5.95   654.2  230822.  -2.57   0.42  12.13  -1.43    4.04  0.32  1.36  0.84   0.26  760.7   1371109.   5.43  658.0 191113.
126 19 13 18 0.54 287.60  14.39 -7.04 1694    6.04   656.0  165697.   0.00   0.00  12.13  -3.23    2.63  0.37  1.02  0.92   0.22  776.0   1606869.   5.36  650.9 156082.
126 19 13 58 0.54 287.60  14.39 -7.04 1694    5.72   651.2  151872.  -1.73   1.24  12.52  -3.10    1.63  0.36  0.73  0.38   0.23  758.2   1211441.   5.38  655.4 168088.
126 19 14 39 0.54 287.60  14.38 -7.04 1694    5.74   655.5  168712.  -1.50   3.05  12.56  -3.37    0.63  0.43  0.79  1.17  -1.00   -1.0        -1.   5.41  649.6 157433.
126 19 15 19 0.54 287.60  14.38 -7.04 1694    6.25   657.2  201768.  -1.02   2.31  12.80  -2.72    0.10  0.31  1.25  0.85   0.15  811.6    864454.   5.64  656.8 185032.
126 19 15 59 0.54 287.60  14.37 -7.04 1694    5.64   656.1  172194.  -2.15   3.86  11.70  -3.24    0.15  2.14  2.54  2.96   0.21  770.3   1380672.   5.43  652.1 148701.
126 19 16 39 0.54 287.60  14.36 -7.05 1694    5.90   662.7  231082.   0.06   1.00  11.32  -5.22    2.57  0.48  0.65  0.80   0.13  779.8    642415.   5.47  660.9 197506.
126 19 17 20 0.54 287.60  14.36 -7.05 1694    5.77   707.3  350366.   0.00   0.00   9.15  -7.53    3.87  0.85  0.50  0.72   0.23  778.3    894184.  -1.00   -1.0     -1.
126 19 18 00 0.54 287.60  14.35 -7.05 1694    6.17   699.1  402965.   2.22  -0.48   8.10  -8.04    4.53  0.81  0.76  0.34   0.21  753.6   1218094.   5.63  694.5 347611.
126 19 18 42 0.54 287.60  14.35 -7.05 1694    6.30   667.7  276665.  -0.21  -0.29   9.97  -6.04    4.10  1.01  1.06  0.63   0.23  754.3    927448.   5.65  662.1 256914.
126 19 19 22 0.54 287.60  14.34 -7.05 1694    5.83   657.6  211436.  -1.45  -0.04  11.51  -4.19    3.85  0.35  0.72  0.52   0.17  765.9   1101877.   5.58  657.8 181758.
126 19 20 03 0.54 287.60  14.34 -7.05 1694    6.74   659.4  179159.  -4.53   3.17  11.82   0.88   -0.55  0.58  3.03  2.43   0.18  745.8   1071315.   6.07  656.3 139606.
126 19 20 43 0.54 287.60  14.33 -7.05 1694    5.87   669.4  216945.  -1.26   0.00  10.61  -4.56    4.26  0.75  1.04  0.98   0.19  753.5   1283167.   5.25  662.9 185552.
126 19 21 24 0.54 287.60  14.33 -7.05 1694    6.05   668.3  280719.  -0.15   0.72  10.45  -5.52    4.09  1.23  1.12  1.29   0.19  751.7   1030775.   6.18  665.9 283993.
126 19 22 04 0.54 287.60  14.32 -7.05 1694    5.95   693.7  319908.  -1.14  -3.16   7.38  -6.90    7.07  1.51  1.40  1.09   0.23  742.7    836803.   5.77  688.7 315958.
126 19 22 45 0.54 287.60  14.32 -7.05 1694    6.12   691.3  343869.   1.69  -0.80   7.10  -7.95    6.63  0.60  0.49  0.62   0.19  754.4    671313.   5.77  689.1 347611.
126 19 23 25 0.54 287.61  14.31 -7.05 1694    6.69   706.6  436801.   1.15  -2.22   6.52  -7.66    7.59  0.56  0.60  0.63   0.30  750.3   1228489.   6.09  708.8 401561.
126 19 23 52 0.54 287.61  14.30 -7.05 1694    5.64   671.7  306706.   0.29   2.13   7.37  -7.95    6.31  0.98  0.52  0.92   0.20  734.9   1198551.   5.33  669.1 266010.
126 19 24 06 0.54 287.61  14.30 -7.05 1694    6.70   691.1  363827.   1.72  -0.37   7.67  -8.09    5.87  0.82  0.48  0.51   0.22  749.7    875057.   6.02  690.6 408838.
126 19 24 46 0.54 287.61  14.30 -7.05 1694    6.73   664.4  292309.   0.62   0.02   9.13  -7.30    4.03  1.29  1.64  0.86   0.25  748.5   1119756.   5.99  663.9 313983.
126 19 25 27 0.54 287.61  14.29 -7.05 1694    6.09   671.1  280927.   1.04   1.04  10.32  -6.05    3.62  0.94  1.26  0.94   0.19  776.5   1278593.   5.49  663.5 262787.
126 19 26 07 0.54 287.61  14.29 -7.05 1694    6.39   672.0  345324.   0.89   0.72   9.73  -7.29    3.38  0.43  0.64  0.61   0.23  754.8   1383583.   5.62  670.5 302756.
126 19 26 48 0.54 287.61  14.28 -7.05 1694    6.04   674.8  316894.   0.58  -0.71   8.91  -6.86    5.52  0.63  0.90  1.31   0.19  750.8    877344.   5.48  671.8 313047.
126 19 27 28 0.54 287.61  14.27 -7.05 1694    6.51   684.6  349430.   1.99   1.69   9.14  -7.42    3.82  1.15  1.43  1.25   0.21  743.5   1334726.   5.77  680.1 316062.
126 19 28 09 0.54 287.61  14.27 -7.05 1694    5.80   663.8  310709.   0.78   0.50  10.25  -6.18    4.33  0.42  0.58  0.65   0.23  736.5   1191690.   5.65  661.3 272715.
126 19 28 49 0.54 287.61  14.26 -7.05 1694    5.53   678.2  349638.   0.49  -0.73   9.33  -6.76    4.51  1.17  0.65  1.46   0.23  751.8   1204996.   4.91  675.2 298494.
126 19 29 30 0.54 287.61  14.26 -7.05 1694    6.56   665.1  293868.  -0.45   1.26  11.34  -5.73    1.81  0.28  0.39  0.37   0.24  763.2   1225578.   6.13  657.9 268505.
126 19 30 10 0.54 287.61  14.25 -7.05 1694    6.53   663.6  366894.  -1.28   1.05  11.24  -4.06    3.60  0.31  0.71  0.86   0.18  749.4   1155515.   5.95  656.8 323650.
126 19 30 51 0.54 287.61  14.24 -7.05 1694    6.44   660.9  340854.  -1.12   0.91  10.62  -5.17    3.22  0.95  1.62  1.16   0.21  749.9   1023290.   5.72  655.8 271363.
126 19 31 31 0.54 287.61  14.24 -7.05 1694    5.77   650.8  273026.  -1.70   1.48  10.85  -4.68    3.98  0.87  0.89  1.46   0.17  752.2   1283998.   5.50  654.8 361177.
126 19 32 12 0.54 287.61  14.23 -7.05 1694    6.12   656.7  273182.  -1.54   1.66  11.55  -4.08    3.34  0.51  0.93  0.90   0.20  758.6    734516.   5.70  653.6 262683.
126 19 32 52 0.54 287.61  14.23 -7.05 1694    6.06   642.7  158080.  -2.55   2.78  11.54  -4.41    2.13  0.79  1.41  1.00   0.24  720.2    967157.   5.70  645.3 196792.
126 19 33 33 0.54 287.61  14.22 -7.05 1694    6.50   664.5  313151.  -3.99   5.33  11.78  -1.20   -1.97  0.25  2.29  2.38   0.19  760.8   1148031.   6.04  661.9 268712.
126 19 34 13 0.54 287.62  14.22 -7.05 1694    6.83   662.3  259929.  -2.95   3.61  11.70  -1.18   -2.33  0.37  1.70  1.46   0.24  721.8   1017053.   6.55  669.4 297091.
126 19 34 54 0.54 287.62  14.21 -7.05 1694    7.18   684.6  300937.  -3.65   4.56  11.41   0.37   -3.52  0.20  1.08  0.83   0.13  772.7   1434103.   6.45  690.4 344441.
126 19 35 34 0.54 287.62  14.21 -7.05 1694    7.12   676.3  246155.  -1.47   3.77  11.46  -1.89   -2.09  0.23  0.82  0.70   0.16  737.2    865285.   6.45  679.8 292153.
126 19 36 15 0.54 287.62  14.20 -7.05 1694    7.32   676.5  271571.  -3.80   3.16  11.53  -1.51   -1.87  0.26  0.73  0.72   0.13  749.1   1045120.   6.58  676.1 268401.
126 19 36 55 0.54 287.62  14.20 -7.05 1694    6.88   690.5  346156.   0.00   0.46  10.18  -4.44    2.17  0.64  0.78  1.49   0.20  759.7   1399176.   6.23  689.3 303224.
126 19 37 35 0.54 287.62  14.19 -7.05 1694    7.03   683.4  317465.  -0.53   0.69  10.63  -3.21    1.56  0.34  1.38  0.91   0.21  773.2   1500424.   6.64  683.1 376925.
126 19 38 15 0.54 287.62  14.19 -7.05 1694    7.28   683.0  373235.  -1.35   1.09  11.00  -1.24    1.31  0.45  0.70  1.44   0.13  799.5   1636183.   6.75  679.8 331655.
126 19 38 56 0.54 287.62  14.18 -7.05 1694   -1.00    -1.0      -1.  -1.00  -1.00  10.26  -2.38    3.90  0.34  0.21  0.69  -1.00   -1.0        -1.  -1.00   -1.0     -1.
126 19 39 36 0.54 287.62  14.17 -7.05 1694   -1.00    -1.0      -1.  -1.00  -1.00   9.38  -5.58    4.12  1.07  1.59  0.86  -1.00   -1.0        -1.  -1.00   -1.0     -1.
126 19 40 08 0.54 287.62  14.17 -7.05 1694    6.81   681.8  315126.  -1.41   0.06   6.32  -8.15    4.79  1.60  0.96  1.08   0.20  753.6    968197.   6.60  683.6 374015.
126 19 40 18 0.54 287.53  14.07 -7.04 1694   -1.00    -1.0      -1.  -1.00  -1.00   6.25  -8.32    4.80  1.45  0.84  0.89  -1.00   -1.0        -1.  -1.00   -1.0     -1.
126 19 40 48 0.54 287.62  14.16 -7.05 1694    7.29   698.2  393037.   2.30  -1.05   7.73  -7.54    4.90  0.99  0.97  0.70   0.22  754.9   1491900.   6.44  694.0 346468.
126 19 40 58 0.54 287.62  14.16 -7.05 1694    7.04   695.5  388464.   2.35  -0.11   7.59  -7.72    4.94  1.01  1.15  0.74   0.15  781.6    849693.   6.15  694.4 361696.
126 19 41 39 0.54 287.62  14.16 -7.05 1694    7.08   667.8  270636.   0.00   2.43  10.79  -3.01    1.98  1.77  3.72  2.19   0.22  747.7   1036180.   6.49  661.9 252236.
126 19 42 19 0.54 287.62  14.15 -7.05 1694    6.30   695.4  369805.   1.61  -1.56   8.05  -4.48    2.56  1.56  1.82  2.53   0.22  758.4   1207075.   5.95  689.2 316426.
126 19 43 00 0.54 287.62  14.15 -7.05 1694    5.89   684.3  306914.   0.69  -1.39   0.00   0.00    0.00  0.00  0.00  0.00   0.17  753.4   1032438.   5.39  680.5 277288.
126 19 43 40 0.54 287.62  14.14 -7.05 1694    6.27   678.6  355823.   0.88   0.19   0.00   0.00    0.00  0.00  0.00  0.00   0.22  749.6   1188779.   5.60  675.8 292361.
126 19 44 21 0.54 287.62  14.14 -7.05 1694    5.65   671.2  307018.   0.00   0.00   0.00   0.00    0.00  0.00  0.00  0.00   0.20  734.7   1201877.   5.30  669.1 264554.
126 19 45 28 0.54 287.63  14.13 -7.05 1694    6.36   669.6  264035.   0.00   0.99   0.00   0.00    0.00  0.00  0.00  0.00   0.20  714.8   1183166.   6.15  668.2 326197.
126 20 07 04 0.54 287.65  13.95 -7.05 1694    6.95   680.2  237007.  -3.75   2.50  11.70  -2.10   -2.30  0.00  0.00  0.00   0.15  749.4    969028.   6.45  677.4 238671.
126 20 28 40 0.54 287.67  13.77 -7.05 1694    6.34   705.6  324534.   0.13   0.79  10.00  -5.20    1.20  0.20  0.10  0.40   0.19  785.3   1056762.   5.83  698.0 297403.
126 20 50 16 0.54 287.69  13.59 -7.05 1694    6.68   685.8  249430.  -2.31   2.80  10.40  -3.90   -0.90  0.00  0.00  0.00   0.19  780.7   1363625.   6.02  684.7 210500.
126 21 11 52 0.54 287.70  13.41 -7.05 1694    5.95   641.0  145443.  -3.65   0.61  12.90   1.50    1.40  0.00  0.00  0.00   0.19  716.4   1166742.   5.30  649.3 164918.
126 21 33 28 0.54 287.72  13.23 -7.05 1694    6.62   705.5  351821.  -0.82   1.01   9.50  -5.80    1.40  0.00  0.00  0.00   0.21  777.5   1345953.   6.19  702.1 300989.
126 21 55 04 0.54 287.75  13.06 -7.05 1694    6.50   703.7  252340.  -2.35   2.34  10.50  -5.80   -0.85  0.10  0.30  0.15   0.16  772.9   1029943.   5.76  703.0 225885.
126 22 16 40 0.54 287.76  12.88 -7.05 1694    6.36   689.1  256602.  -4.76   4.28  11.00  -0.80   -3.60  0.00  0.00  0.00   0.15  761.8    660295.   5.89  688.9 221571.
126 22 38 16 0.54 287.78  12.70 -7.05 1694    6.32   697.1  307382.  -0.67   1.16   9.70  -6.20    1.50  0.00  0.00  0.00   0.17  785.8    750316.   5.81  691.2 298962.
126 22 59 52 0.54 287.80  12.52 -7.05 1694    6.32   668.3  263255.  -1.90   4.03  11.30  -4.40   -1.90  0.00  0.00  0.00   0.16  779.5   1257803.   6.16  663.0 249274.
126 23 21 28 0.54 287.82  12.34 -7.06 1694    5.89   692.6  381343.   2.21   3.42   7.60  -8.65   -0.50  0.00  0.05  0.60   0.25  750.0   1302294.   5.27  687.7 316114.
126 23 43 04 0.54 287.85  12.17 -7.06 1694    6.37   667.9  303692.  -1.90   1.47  10.90  -2.40    1.90  0.00  0.00  0.00  -1.00   -1.0        -1.   5.99  662.3 281290.
