276  3:07:27 0.91  91.59   3.22 -3.32 1699  -1.00    -1.0     -1. -1.00 -1.00  -0.08   7.93 -10.60 0.00 0.00 0.17 -1.00  -1.0     -1. -1.00  -1.0     -1.
276  3:07:36 0.91  91.79   3.42 -3.05 1699  -1.00    -1.0     -1. -1.00 -1.00  -0.03   7.96 -10.57 0.11 0.07 0.15 -1.00  -1.0     -1. -1.00  -1.0     -1.
276  3:08:57 0.91  91.79   3.40 -3.05 1699  -1.00    -1.0     -1. -1.00 -1.00   0.13   8.82 -10.38 0.16 0.21 0.18 -1.00  -1.0     -1. -1.00  -1.0     -1.
276  3:10:09 0.91  91.59   3.19 -3.32 1699  -1.00    -1.0     -1. -1.00 -1.00  -0.24   8.53 -10.49 0.17 0.21 0.14 -1.00  -1.0     -1. -1.00  -1.0     -1.
276  3:10:18 0.91  91.79   3.39 -3.05 1699   5.80   353.0  17616.  0.00  0.00  -0.16   8.56 -10.48 0.18 0.21 0.13  0.70 350.8  39982. -1.00  -1.0     -1.
276  3:10:19 0.91  91.79   3.39 -3.05 1699   4.66   368.4  21044. -2.59  2.08   0.00   0.00   0.00 0.00 0.00 0.00  0.42 364.5  47752.  8.19 367.3  20482.
276  3:11:30 0.91  91.79   3.38 -3.05 1699   4.41   367.8  19903. -2.29  0.94   0.17   8.50 -10.62 0.10 0.13 0.18  0.28 364.7  37994.  6.01 368.5  10596.
276  3:12:52 0.91  91.79   3.37 -3.05 1699   5.07   368.4  12588. -3.26  1.63   0.06   8.54 -10.66 0.13 0.11 0.19  0.13 362.8 203548.  5.31 368.5  14725.
276  3:14:13 0.91  91.79   3.36 -3.05 1699   4.17   365.0  22418. -1.99  2.27  -0.05   8.77 -10.38 0.06 0.12 0.18  0.26 365.3  51469.  6.44 367.8  21131.
276  3:15:34 0.91  91.79   3.34 -3.05 1699   5.52   369.1  13721. -2.84  2.23  -0.29   8.89 -10.19 0.23 0.15 0.15  0.12 363.4 146402.  5.92 367.4  19377.
276  3:16:55 0.91  91.79   3.33 -3.05 1699   4.41   366.5  21365. -2.41  2.81  -0.30   8.90 -10.15 0.24 0.15 0.06  0.17 364.6  42776.  7.29 366.2  13663.
276  3:18:16 0.91  91.79   3.32 -3.05 1699   6.44   368.9  13660. -2.90  2.63  -0.38   8.80 -10.18 0.20 0.09 0.05  0.10 365.6 165892.  7.68 369.9  17383.
276  3:19:37 0.91  91.79   3.31 -3.05 1699   4.51   368.0  20751. -3.13  1.75  -0.42   8.70 -10.02 0.13 0.28 0.18  0.27 361.6  93984.  6.63 372.1  13507.
276  3:20:58 0.91  91.79   3.29 -3.05 1699   5.54   369.6  12718. -3.07  2.33  -0.47   9.21 -10.03 0.16 0.26 0.18  0.10 377.5 194791.  5.84 369.7  15245.
276  3:22:19 0.91  91.79   3.28 -3.05 1699   3.48   366.7  18851. -2.63  2.47  -0.43   9.07 -10.24 0.21 0.17 0.17  0.19 364.5  41359.  5.35 368.6  10808.
276  3:23:40 0.91  91.79   3.27 -3.05 1699   5.04   365.7  16187. -3.04  2.15  -0.46   9.50  -9.99 0.14 0.18 0.18  0.11 352.5  49727.  5.80 367.1  13907.
276  3:25:01 0.91  91.79   3.26 -3.05 1699   3.79   364.7  19195. -3.03  2.43  -0.66   9.48  -9.89 0.14 0.17 0.16  0.21 364.4  40398.  5.89 366.9  13803.
276  3:26:22 0.91  91.79   3.24 -3.05 1699   5.96   369.5  14592. -3.90  3.81  -0.72   9.14  -9.69 0.11 0.22 0.18  0.12 361.7 114177.  7.46 369.9  14602.
276  3:27:43 0.91  91.79   3.23 -3.05 1699   5.03   366.8  20650. -3.18  4.12  -0.63   9.36  -9.69 0.22 0.20 0.18  0.16 364.3 189229.  7.48 367.7  14992.
276  3:29:04 0.91  91.79   3.22 -3.05 1699   6.08   366.3  17025. -2.47  4.72  -0.47   9.30  -9.57 0.17 0.24 0.27  0.06 357.4 130718.  8.09 368.2  14202.
276  3:30:25 0.91  91.79   3.21 -3.05 1699   5.48   365.4  17957. -2.65  4.97  -0.09   9.20  -9.52 0.15 0.23 0.21  0.10 366.0  54158.  7.59 366.2  13566.
276  3:31:46 0.91  91.79   3.19 -3.05 1699   6.19   366.7  17038. -2.65  4.46  -0.18   8.98  -9.77 0.14 0.18 0.13  0.11 347.8 208941.  8.05 365.8  17740.
276  3:33:07 0.91  91.79   3.18 -3.05 1699   6.64   364.7  19643. -2.97  4.30  -0.20   9.16  -9.72 0.11 0.22 0.11  0.16 362.8  47869.  8.67 367.0  18909.
276  3:34:28 0.91  91.79   3.17 -3.05 1699   7.66   366.4  18471. -3.11  3.51  -0.24   8.96  -9.45 0.09 0.15 0.19  0.14 359.1 100429.  9.69 369.2  13546.
276  3:35:49 0.91  91.79   3.15 -3.05 1699   6.05   365.7  18851. -2.85  4.15  -0.48   8.97  -9.74 0.23 0.14 0.12  0.19 364.4  41385.  8.67 365.3  13832.
276  3:37:10 0.91  91.79   3.14 -3.05 1699   6.34   366.4  17610. -2.95  4.09  -0.49   9.14  -9.84 0.20 0.10 0.09  0.07 350.8  51508.  7.67 368.1  14215.
276  3:38:31 0.91  91.79   3.13 -3.05 1699   6.60   365.0  20897. -2.89  4.96  -0.44   9.14  -9.68 0.21 0.11 0.20  0.11 364.4  47518.  8.75 366.4  15865.
276  3:39:52 0.91  91.79   3.12 -3.05 1699   8.16   366.5  19491. -3.19  4.57  -0.50   8.93  -9.48 0.16 0.20 0.17  0.19 352.7 280316. 10.04 368.2  15037.
276  3:41:13 0.91  91.79   3.11 -3.05 1699   7.25   366.5  18480. -2.69  4.52  -0.37   9.17  -9.51 0.23 0.16 0.18  0.15 359.7  81991.  9.54 365.7  13348.
276  3:42:34 0.91  91.79   3.09 -3.05 1699   7.07   365.8  17220. -2.78  4.23  -0.46   9.09  -9.64 0.20 0.16 0.21  0.12 357.0  93621.  9.16 366.6  16502.
276  3:43:55 0.91  91.79   3.08 -3.05 1699   6.79   363.7  19608. -2.53  4.54  -0.16   9.04  -9.73 0.15 0.22 0.05  0.13 358.2  93764.  9.00 365.5  18493.
276  3:45:16 0.91  91.79   3.07 -3.05 1699   6.96   363.3  19565. -2.73  4.35   0.17   9.02  -9.66 0.12 0.06 0.12  0.08 348.0 100105.  8.79 366.0  16785.
276  3:46:37 0.91  91.79   3.06 -3.05 1699   6.94   362.7  19556. -2.55  4.87  -0.08   8.66  -9.94 0.20 0.20 0.20  0.12 358.7 115294.  8.74 365.2  22197.
276  3:47:58 0.91  91.79   3.04 -3.05 1699   8.06   364.8  22970. -3.35  5.30  -0.10   8.56  -9.78 0.16 0.16 0.16  0.12 347.3  74961. 10.22 366.5  19968.
276  3:49:19 0.91  91.79   3.03 -3.05 1699   8.38   365.5  23581. -3.22  4.75  -0.22   8.32  -9.75 0.21 0.17 0.12  0.20 364.1 117022.  9.69 366.5  22151.
276  3:50:40 0.91  91.79   3.02 -3.05 1699   8.34   365.7  21469. -3.43  4.08  -0.06   8.14 -10.06 0.20 0.20 0.12  0.21 359.5 137085. 10.78 366.4  24568.
276  3:52:01 0.91  91.79   3.00 -3.05 1699   9.10   364.1  26196. -3.84  4.63   0.11   8.05  -9.62 0.16 0.16 0.16  0.21 359.0  59642. 10.53 365.2  24990.
276  3:53:22 0.91  91.79   2.99 -3.05 1699   9.96   363.6  25608. -4.42  4.46   0.55   7.97  -9.45 0.15 0.28 0.20  0.36 356.0  99923. 11.95 364.7  23779.
276  3:54:43 0.91  91.79   2.98 -3.05 1699   9.78   363.2  26407. -4.48  3.71   0.45   8.26  -9.14 0.19 0.22 0.19  0.35 361.6  62981. 10.81 366.0  23324.
276  3:56:04 0.91  91.79   2.97 -3.05 1699  10.07   360.1  27908. -4.48  3.99   0.49   8.33  -9.29 0.30 0.14 0.00  0.54 351.8  52898. 11.94 361.7  26923.
276  3:57:25 0.91  91.79   2.96 -3.05 1699   9.61   363.8  27138. -4.54  4.12  -0.30   7.67 -10.30 0.19 0.25 0.45  0.33 356.7 120947. 11.22 366.1  27225.
276  3:58:46 0.91  91.79   2.94 -3.05 1699   9.51   363.0  23035. -3.65  2.59  -0.28   8.57  -9.61 0.18 0.22 0.16  0.68 351.7  45790. 10.08 363.1  20270.
276  4:00:07 0.91  91.79   2.93 -3.05 1699   8.10   361.4  19861. -2.55  1.90   0.02   8.85  -9.78 0.22 0.16 0.16  0.55 360.3  83901.  8.92 362.2  26559.
276  4:01:27 0.91  91.78   2.92 -3.05 1699   9.30   362.1  21943. -3.40  2.43   0.34   8.41  -9.82 0.20 0.25 0.18  0.60 352.6  47181. 10.12 363.2  19137.
276  4:02:48 0.91  91.78   2.91 -3.05 1699   8.60   365.7  24376.  0.00  0.00   0.29   8.51  -9.62 0.20 0.17 0.16  0.29 359.3  89112. 10.70 364.6  27258.
276  4:04:09 0.91  91.78   2.89 -3.05 1699  -1.00    -1.0     -1. -1.00 -1.00  -0.32   8.37  -9.25 1.13 1.26 0.28 -1.00  -1.0     -1. -1.00  -1.0     -1.
276  5:01:38 0.91  91.78   2.36 -3.05 1699  12.42   365.7  42087. -2.67  3.59   0.00   0.00   0.00 0.00 0.00 0.00  0.65 363.5  66528. 13.47 368.8  41207.
276  5:13:27 0.91  91.78   2.25 -3.06 1699  13.45   367.8  56068. -4.01  4.00   0.00   0.00   0.00 0.00 0.00 0.00  0.37 372.5  95544. 14.25 370.2  48782.
276  5:14:48 0.91  91.78   2.24 -3.06 1699  11.16   369.7  48168. -3.85  4.20  -2.73   5.45  -9.83 0.22 0.27 0.14  0.59 353.4 145492. 13.33 369.6  34236.
276  5:16:09 0.91  91.78   2.23 -3.06 1699  12.45   364.5  41645. -3.61  4.09  -2.65   5.65  -9.90 0.32 0.10 0.12  0.47 366.6 138683. 13.81 368.1  45310.
276  5:17:30 0.91  91.78   2.21 -3.06 1699  12.17   366.5  47668. -3.86  4.53  -3.10   5.62  -9.53 0.20 0.17 0.03  0.58 354.8 172948. 13.84 366.0  40183.
276  5:18:52 0.91  91.78   2.20 -3.06 1699  12.29   365.7  39803. -2.82  4.26  -2.76   5.72  -9.56 0.26 0.30 0.20  0.40 367.5 136799. 13.68 370.4  44806.
276  5:20:13 0.91  91.78   2.19 -3.06 1699  12.96   373.6  47320. -2.24  4.12  -1.98   6.36  -9.71 0.20 0.33 0.18  0.54 370.0 220869. 14.41 374.9  46271.
276  5:21:34 0.91  91.78   2.17 -3.06 1699  11.74   372.6  43549. -1.94  3.47  -1.61   6.49 -10.02 0.13 0.09 0.20  0.47 375.1 101898. 12.79 372.1  42526.
276  5:22:55 0.91  91.78   2.16 -3.06 1699  11.86   372.2  41434. -2.28  3.72  -1.30   6.51  -9.81 0.14 0.09 0.03  0.47 366.5 244349. 13.64 372.8  56958.
276  5:24:16 0.91  91.78   2.15 -3.06 1699  11.97   370.2  32160. -2.47  3.96  -1.33   6.51  -9.77 0.18 0.10 0.12  0.37 371.3  78522. 13.72 372.8  40141.
276  5:25:37 0.91  91.78   2.14 -3.06 1699  13.03   372.0  42526. -2.55  4.06  -1.71   6.24  -9.46 0.22 0.19 0.12  0.56 360.3 196831. 14.22 372.2  34677.
276  5:26:58 0.91  91.78   2.12 -3.06 1699  14.26   369.6  32472. -3.03  4.34  -1.65   6.51  -9.42 0.14 0.13 0.01  0.50 366.4  79964. 15.92 371.7  36418.
276  5:28:19 0.91  91.78   2.11 -3.06 1699  13.76   373.3  39349. -2.80  4.37  -1.30   6.54  -9.39 0.26 0.24 0.05  0.52 368.7 211085. 14.44 373.4  31900.
276  5:29:40 0.91  91.78   2.10 -3.06 1699  -1.00    -1.0     -1. -1.00 -1.00  -1.37   6.72  -9.42 0.13 0.16 0.00 -1.00  -1.0     -1. 15.54 374.9  37169.
276  5:31:01 0.91  91.77   2.09 -3.06 1699  13.30   372.4  39245. -2.41  4.30  -1.83   6.77  -9.47 0.08 0.16 0.12  0.52 365.8 137748. 14.18 372.2  31413.
276  5:32:22 0.91  91.77   2.08 -3.06 1699  12.79   369.2  31919. -2.86  4.22  -1.83   6.35  -9.75 0.16 0.10 0.16  0.54 368.1 129003. 14.17 371.5  37952.
276  5:33:43 0.91  91.77   2.06 -3.06 1699  13.49   368.4  40791. -2.87  4.07  -2.35   5.99  -9.63 0.17 0.17 0.20  0.59 356.5 132498. 14.97 367.3  38299.
276  5:35:04 0.91  91.77   2.05 -3.06 1699  13.40   368.5  31221. -2.86  4.33  -2.37   5.92  -9.75 0.22 0.24 0.16  0.60 366.1  93971. 14.78 370.3  37702.
276  5:36:25 0.91  91.77   2.04 -3.06 1699  11.76   371.4  45102. -2.16  3.38  -2.25   6.12 -10.03 0.16 0.22 0.20  0.44 361.3 165243. 12.74 371.0  34197.
276  5:37:46 0.91  91.77   2.02 -3.06 1699  11.47   372.9  45384. -2.02  3.40  -2.23   6.37  -9.95 0.22 0.22 0.18  0.77 368.6 117425. 13.01 373.8  40242.
276  5:39:07 0.91  91.77   2.01 -3.06 1699  13.21   373.4  42987. -2.23  3.59  -1.29   6.39  -9.58 0.23 0.20 0.16  0.56 363.6 140450. 14.82 375.0  42789.
276  5:40:27 0.91  91.77   2.00 -3.06 1699  13.58   365.5  42474. -2.86  3.73  -1.75   6.19  -9.36 0.61 0.31 0.12  0.58 370.8  93244. 15.08 368.7  46368.
276  5:41:48 0.91  91.77   1.99 -3.06 1699  12.93   365.9  46196. -2.78  3.38  -2.51   5.48  -9.56 0.25 0.27 0.20  0.51 357.4 114034. 14.37 364.7  42009.
276  5:43:09 0.91  91.77   1.97 -3.06 1699  -1.00    -1.0     -1. -1.00 -1.00  -2.55   5.67  -9.60 0.24 0.13 0.21 -1.00  -1.0     -1. -1.00  -1.0     -1.
276  5:44:30 0.91  91.77   1.96 -3.06 1699  -1.00    -1.0     -1. -1.00 -1.00  -6.10   6.34   0.23 0.00 0.00 0.00 -1.00  -1.0     -1. -1.00  -1.0     -1.
276  5:44:50 0.91  91.77   1.96 -3.06 1699  11.83   365.5  44887. -3.06  3.36   0.00   0.00   0.00 0.00 0.00 0.00  0.64 355.7 130887. 13.49 366.5  37451.
276  6:28:02 0.91  91.77   1.56 -3.06 1699  18.32   353.0  56588. -5.76  4.47   0.00   0.00   0.00 0.00 0.00 0.00  1.46 341.2 145908. 21.46 355.0  62900.
276  7:11:14 0.91  91.76   1.16 -3.06 1699  17.46   370.6 116301. -3.28  2.97   0.00   0.00   0.00 0.00 0.00 0.00 -1.00  -1.0     -1. 19.59 371.1 108456.
276  7:54:27 0.91  91.76   0.76 -3.07 1699  10.58   373.1  63176. -0.73  3.39   0.00   0.00   0.00 0.00 0.00 0.00  0.70 369.6 155510. 11.30 373.9  51663.
276  8:37:39 0.91  91.75   0.36 -3.07 1699  12.41   370.8 101680.  0.53  3.54   0.00   0.00   0.00 0.00 0.00 0.00  0.83 364.7 176326. 13.39 370.7  79386.
276  9:20:51 0.91  91.75 359.96 -3.07 1700  14.38   378.4  93468. -2.63  4.67   0.00   0.00   0.00 0.00 0.00 0.00  1.25 375.3 231888. 15.82 384.0  90060.
276 10:04:03 0.91  91.74 359.55 -3.07 1700  12.90   376.4  82293. -0.65  2.49   0.00   0.00   0.00 0.00 0.00 0.00  0.75 366.6 183577. 13.75 373.3  68578.
276 10:47:15 0.90  91.74 359.15 -3.08 1700  15.43   373.5  94231. -2.51  8.09   0.00   0.00   0.00 0.00 0.00 0.00  1.16 375.8 204757. 17.57 376.6 109892.
276 11:30:27 0.90  91.74 358.75 -3.08 1700  13.49   359.6  90421. -0.17  3.96   0.00   0.00   0.00 0.00 0.00 0.00  1.00 362.8 217309. 14.30 364.5 102489.
276 12:13:39 0.90  91.73 358.35 -3.08 1700  17.94   383.3 110035.  1.06  5.21   0.00   0.00   0.00 0.00 0.00 0.00  1.30 378.1 224728. 19.28 383.0  96703.
276 12:56:51 0.90  91.73 357.95 -3.09 1700  17.84   378.4 110071.  0.39  4.71   0.00   0.00   0.00 0.00 0.00 0.00  1.47 373.8 275573. 19.52 377.5  94683.
276 13:40:03 0.90  91.72 357.55 -3.09 1700  16.82   372.7  87936.  0.45  3.31   0.00   0.00   0.00 0.00 0.00 0.00  1.15 369.1 218868. 18.80 373.4  99435.
276 14:23:15 0.90  91.72 357.15 -3.09 1700  18.13   369.5  77489.  1.18  2.87   0.00   0.00   0.00 0.00 0.00 0.00  1.56 360.6 196831. 19.48 370.4  76082.
276 15:06:27 0.90  91.71 356.75 -3.09 1700  17.63   368.0  83170.  0.39  2.69   0.00   0.00   0.00 0.00 0.00 0.00  1.57 360.8 270415. 19.22 366.9  78743.
276 15:49:39 0.90  91.71 356.35 -3.10 1700  15.41   363.8  76108.  0.57  1.33   0.00   0.00   0.00 0.00 0.00 0.00  1.04 357.8 190113. 17.52 364.8  78158.
276 16:32:51 0.90  91.70 355.95 -3.10 1700  14.08   380.9 142799. -4.10 -1.19   0.00   0.00   0.00 0.00 0.00 0.00 -1.00  -1.0     -1. 16.63 379.7 134954.
276 17:16:03 0.90  91.70 355.55 -3.10 1700  14.78   367.6 113966.  0.16  0.66   0.00   0.00   0.00 0.00 0.00 0.00 -1.00  -1.0     -1. 15.61 365.8  93003.
276 17:59:15 0.90  91.69 355.15 -3.11 1700  14.43   369.9  95956.  0.00  0.00   0.00   0.00   0.00 0.00 0.00 0.00 -1.00  -1.0     -1. 16.75 372.7 116327.
276 19:25:22 0.90  91.68 354.35 -3.11 1700  24.35   395.5 217182.  0.00  0.00   0.00   0.00   0.00 0.00 0.00 0.00 -1.00  -1.0     -1. 28.19 394.2 204965.
276 20:16:09 0.90  91.47 353.67 -3.39 1700  -1.00    -1.0     -1. -1.00 -1.00  -5.15   7.44   4.34 0.00 0.00 0.00 -1.00  -1.0     -1. -1.00  -1.0     -1.
276 20:37:55 0.90  91.68 353.68 -3.12 1700  -1.00    -1.0     -1. -1.00 -1.00  -1.23  -3.01  -1.60 0.00 0.00 0.00 -1.00  -1.0     -1. -1.00  -1.0     -1.
276 22:23:13 0.90  91.66 352.70 -3.12 1700  20.95   378.9 241026. -4.29 -0.96   0.00   0.00   0.00 0.00 0.00 0.00 -1.00  -1.0     -1. 22.68 380.0 220723.
276 22:25:51 0.90  91.66 352.68 -3.12 1700  15.06   386.8 144982.  0.00  0.00   0.00   0.00   0.00 0.00 0.00 0.00 -1.00  -1.0     -1. 17.47 387.3 168069.
276 22:28:37 0.90  91.66 352.65 -3.12 1700  18.56   377.5 207034.  0.00  0.00   0.00   0.00   0.00 0.00 0.00 0.00  0.37 418.8 213554. 20.95 375.5 203211.
276 23:09:03 0.90  91.66 352.28 -3.13 1700  17.97   407.5 159148. -3.36  4.15   0.00   0.00   0.00 0.00 0.00 0.00 -1.00  -1.0     -1. 19.55 412.1 170258.
276 23:19:51 0.90  91.66 352.17 -3.13 1700  15.97   411.2 193693. -2.24  4.49   0.00   0.00   0.00 0.00 0.00 0.00 -1.00  -1.0     -1. 17.72 411.0 171850.
276 23:30:39 0.90  91.66 352.08 -3.13 1700  26.18   416.5  96775. -4.80  1.57   0.00   0.00   0.00 0.00 0.00 0.00  0.50 413.6 317790. 28.93 416.8  90609.
276 23:41:27 0.90  91.66 351.98 -3.13 1700  46.17   420.1  68598. -5.04  3.87   0.00   0.00   0.00 0.00 0.00 0.00  1.91 416.4 205822. 52.23 423.6  76267.
276 23:52:15 0.90  91.65 351.87 -3.13 1700  40.62   425.7  53194. -4.26  4.82   0.00   0.00   0.00 0.00 0.00 0.00  2.17 424.7 134148. 43.25 425.0  54857.
