1980/242   rh    esh  clong  clat crot    np1     vp1     Tp1   vaz   vel     Bx     By     Bz  sBx  sBy  sBz   nal   val     Tal   np2   vp2     Tp2
hh:mm:ss [AU]  [deg]  [deg] [deg]    # [cm-3]  [km/s]     [K] [deg] [deg]   [nT]   [nT]   [nT] [nT] [nT] [nT][cm-3][km/s]     [K][cm-3][km/s]     [K]
 0:01:30 0.98 100.03 102.46  0.01 1698  -1.00    -1.0     -1. -1.00 -1.00   2.29  -2.82   1.12 0.22 0.16 0.19 -1.00  -1.0     -1.  5.84 381.3  72694.
 0:04:12 0.98 100.02 102.43  0.00 1698  -1.00    -1.0     -1. -1.00 -1.00   2.76  -2.40   1.65 0.16 0.16 0.20 -1.00  -1.0     -1.  5.53 377.8  77550.
 0:06:54 0.98 100.02 102.41  0.00 1698  -1.00    -1.0     -1. -1.00 -1.00   1.80  -2.04   3.22 0.19 0.14 0.16 -1.00  -1.0     -1.  5.52 380.8  65992.
 0:09:36 0.98 100.02 102.38  0.00 1698  -1.00    -1.0     -1. -1.00 -1.00   2.12  -3.06   1.48 0.20 0.10 0.18 -1.00  -1.0     -1.  5.25 379.2  61448.
 0:12:18 0.98 100.02 102.36  0.00 1698  -1.00    -1.0     -1. -1.00 -1.00   2.37  -3.14   1.16 0.10 0.20 0.20 -1.00  -1.0     -1.  5.28 382.7  78635.
 0:15:00 0.98 100.02 102.33  0.00 1698  -1.00    -1.0     -1. -1.00 -1.00   2.19  -3.06   0.56 0.17 0.10 0.26 -1.00  -1.0     -1.  5.82 378.9  71564.
 0:17:42 0.98 100.02 102.31  0.00 1698  -1.00    -1.0     -1. -1.00 -1.00   2.11  -3.10   0.54 0.15 0.10 0.05 -1.00  -1.0     -1.  5.15 385.1  74987.
 0:20:24 0.98 100.02 102.28  0.00 1698  -1.00    -1.0     -1. -1.00 -1.00   2.59  -2.69   1.31 0.11 0.21 0.33 -1.00  -1.0     -1.  5.24 375.3  82251.
 0:23:06 0.98 100.02 102.26  0.00 1698  -1.00    -1.0     -1. -1.00 -1.00   2.81  -3.07   0.45 0.10 0.15 0.20 -1.00  -1.0     -1.  5.13 377.2  56799.
 0:25:48 0.98 100.02 102.23  0.00 1698  -1.00    -1.0     -1. -1.00 -1.00   2.40  -3.44   0.38 0.18 0.09 0.18 -1.00  -1.0     -1.  5.26 381.4  61938.
 0:28:30 0.98 100.02 102.21  0.00 1698  -1.00    -1.0     -1. -1.00 -1.00   2.29  -3.31   0.42 0.19 0.20 0.22 -1.00  -1.0     -1.  5.78 374.1  97386.
 0:59:04 0.98 100.01 101.92  0.00 1698  -1.00    -1.0     -1. -1.00 -1.00   1.79  -2.80   1.31 0.00 0.00 0.00 -1.00  -1.0     -1. -1.00  -1.0     -1.
 1:09:52 0.98 100.01 101.82  0.00 1698  -1.00    -1.0     -1. -1.00 -1.00   0.00   0.00   0.00 0.00 0.00 0.00 -1.00  -1.0     -1.  5.65 383.3  74935.
 1:17:06 0.98 100.01 101.75  0.00 1698  -1.00    -1.0     -1. -1.00 -1.00   1.17   0.10   2.80 0.00 0.00 0.00 -1.00  -1.0     -1.  5.32 380.8  59122.
 1:27:54 0.98 100.01 101.65  0.00 1698  -1.00    -1.0     -1. -1.00 -1.00   2.30  -0.43   2.92 0.05 0.19 0.00 -1.00  -1.0     -1.  4.92 376.6  84492.
 1:38:42 0.98 100.01 101.55  0.00 1698  -1.00    -1.0     -1. -1.00 -1.00   1.98  -1.20   2.11 0.22 0.16 0.00 -1.00  -1.0     -1.  4.90 373.5  72993.
 1:49:30 0.98 100.01 101.45  0.00 1698  -1.00    -1.0     -1. -1.00 -1.00   1.55  -1.24   2.07 0.55 0.05 0.28 -1.00  -1.0     -1.  4.93 371.7  57014.
 2:00:18 0.98 100.00 101.35  0.00 1698  -1.00    -1.0     -1. -1.00 -1.00   0.64  -1.18   2.53 0.24 0.09 0.37 -1.00  -1.0     -1.  4.82 387.8  57368.
 2:11:06 0.98 100.00 101.25  0.00 1698  -1.00    -1.0     -1. -1.00 -1.00  -4.15   1.99   1.58 0.30 0.14 0.37 -1.00  -1.0     -1.  4.89 400.2  76017.
 2:21:54 0.98 100.00 101.14  0.00 1698  -1.00    -1.0     -1. -1.00 -1.00  -1.65  -0.45   3.15 0.09 0.19 0.17 -1.00  -1.0     -1.  5.49 384.8  53593.
 2:32:42 0.98 100.00 101.04  0.00 1698  -1.00    -1.0     -1. -1.00 -1.00   0.51  -1.09   3.34 0.19 0.05 0.19 -1.00  -1.0     -1.  4.45 373.9  46898.
 2:43:30 0.98  99.99 100.94  0.00 1698  -1.00    -1.0     -1. -1.00 -1.00   0.38  -1.12   3.33 0.00 0.00 0.19 -1.00  -1.0     -1.  4.74 369.5  70693.
 2:54:18 0.98  99.99 100.84 -0.01 1698  -1.00    -1.0     -1. -1.00 -1.00   0.31  -1.65   3.20 0.19 0.09 0.00 -1.00  -1.0     -1.  4.20 377.5  42500.
 3:05:06 0.98  99.99 100.74 -0.01 1698  -1.00    -1.0     -1. -1.00 -1.00   1.18  -1.13   3.11 0.16 0.22 0.14 -1.00  -1.0     -1.  5.23 372.5  63108.
 3:15:54 0.98  99.99 100.64 -0.01 1698  -1.00    -1.0     -1. -1.00 -1.00   0.93  -0.93   3.41 0.15 0.10 0.20 -1.00  -1.0     -1.  4.60 375.4  70206.
 3:34:28 0.98  99.99 100.47 -0.01 1698  -1.00    -1.0     -1. -1.00 -1.00   1.81  -1.94   1.33 0.00 0.00 0.00 -1.00  -1.0     -1. -1.00  -1.0     -1.
 3:40:10 0.98  99.98 100.41 -0.01 1698  -1.00    -1.0     -1. -1.00 -1.00   0.00   0.00   0.00 0.00 0.00 0.00 -1.00  -1.0     -1.  4.16 368.6  59846.
 3:45:34 0.98  99.98 100.36 -0.01 1698  -1.00    -1.0     -1. -1.00 -1.00   0.09  -1.72   2.81 0.25 0.10 0.00 -1.00  -1.0     -1.  4.81 369.4  67695.
 3:50:58 0.98  99.98 100.31 -0.01 1698  -1.00    -1.0     -1. -1.00 -1.00   0.14  -2.12   2.49 0.20 0.16 0.16 -1.00  -1.0     -1.  3.89 376.7  55714.
 3:53:42 0.98  99.98 100.28 -0.01 1698  -1.00    -1.0     -1. -1.00 -1.00   0.25  -1.66   2.81 0.08 0.16 0.00 -1.00  -1.0     -1.  4.61 376.5  50023.
 3:59:06 0.98  99.98 100.23 -0.01 1698  -1.00    -1.0     -1. -1.00 -1.00   0.14  -2.12   2.41 0.20 0.16 0.00 -1.00  -1.0     -1.  4.24 375.3  48139.
 4:04:30 0.98  99.98 100.18 -0.01 1698  -1.00    -1.0     -1. -1.00 -1.00   0.65  -1.99   2.41 0.15 0.05 0.00 -1.00  -1.0     -1.  4.07 378.2  50341.
 4:09:54 0.98  99.98 100.13 -0.01 1698  -1.00    -1.0     -1. -1.00 -1.00   0.74  -1.70   2.33 0.05 0.20 0.16 -1.00  -1.0     -1.  4.20 375.3  49906.
 4:15:18 0.98  99.98 100.08 -0.01 1698  -1.00    -1.0     -1. -1.00 -1.00   0.86  -1.62   2.41 0.12 0.27 0.00 -1.00  -1.0     -1.  3.74 374.5  40076.
 4:20:42 0.98  99.98 100.03 -0.01 1698  -1.00    -1.0     -1. -1.00 -1.00   0.28  -1.54   2.57 0.18 0.18 0.20 -1.00  -1.0     -1.  3.89 371.1  48837.
 4:26:06 0.98  99.98  99.98 -0.01 1698  -1.00    -1.0     -1. -1.00 -1.00   0.87  -1.17   2.74 0.10 0.15 0.16 -1.00  -1.0     -1.  4.84 365.1  95817.
 4:31:30 0.98  99.97  99.93 -0.01 1698  -1.00    -1.0     -1. -1.00 -1.00  -0.44  -2.15   2.25 0.08 0.20 0.20 -1.00  -1.0     -1.  3.96 374.0  36617.
 4:36:54 0.98  99.97  99.88 -0.01 1698  -1.00    -1.0     -1. -1.00 -1.00  -0.36  -1.75   2.21 0.23 0.18 0.21 -1.00  -1.0     -1.  4.54 377.8  51189.
 4:42:18 0.98  99.97  99.83 -0.01 1698  -1.00    -1.0     -1. -1.00 -1.00  -0.04  -1.77   2.41 0.17 0.12 0.00 -1.00  -1.0     -1.  4.39 376.6  24942.
 4:47:42 0.98  99.97  99.78 -0.01 1698  -1.00    -1.0     -1. -1.00 -1.00  -0.74  -1.81   2.65 0.21 0.15 0.17 -1.00  -1.0     -1.  4.70 381.1  34664.
 4:53:06 0.98  99.97  99.73 -0.01 1698  -1.00    -1.0     -1. -1.00 -1.00   1.01  -1.51   2.41 0.43 0.22 0.15 -1.00  -1.0     -1.  4.26 369.7  31292.
 4:58:30 0.98  99.97  99.68 -0.01 1698  -1.00    -1.0     -1. -1.00 -1.00   0.21  -1.71   2.42 0.20 0.08 0.00 -1.00  -1.0     -1.  4.64 374.4  40021.
 5:03:54 0.98  99.97  99.63 -0.01 1698  -1.00    -1.0     -1. -1.00 -1.00  -1.12  -1.03   3.02 0.15 0.10 0.16 -1.00  -1.0     -1.  4.36 386.9  22944.
 5:09:18 0.98  99.97  99.58 -0.01 1698  -1.00    -1.0     -1. -1.00 -1.00  -0.10  -1.10   2.70 0.28 0.32 0.15 -1.00  -1.0     -1.  4.21 377.6  37510.
 5:14:42 0.98  99.97  99.53 -0.01 1698  -1.00    -1.0     -1. -1.00 -1.00  -1.02  -0.52   2.94 0.18 0.05 0.20 -1.00  -1.0     -1.  4.24 389.5  27959.
 5:20:06 0.98  99.97  99.47 -0.01 1698  -1.00    -1.0     -1. -1.00 -1.00  -1.15  -0.88   2.62 0.15 0.27 0.30 -1.00  -1.0     -1.  4.63 386.6  37767.
 5:25:30 0.98  99.96  99.43 -0.01 1698  -1.00    -1.0     -1. -1.00 -1.00  -0.26  -1.36   2.63 0.23 0.31 0.18 -1.00  -1.0     -1.  3.93 379.4  30432.
 5:30:54 0.98  99.96  99.37 -0.01 1698  -1.00    -1.0     -1. -1.00 -1.00  -0.46  -1.44   1.86 0.29 0.28 0.21 -1.00  -1.0     -1.  3.62 380.5  26274.
 5:36:18 0.98  99.96  99.32 -0.02 1698  -1.00    -1.0     -1. -1.00 -1.00   0.39  -0.88   2.50 0.15 0.34 0.16 -1.00  -1.0     -1.  4.98 374.8  48197.
 5:41:42 0.98  99.96  99.27 -0.02 1698  -1.00    -1.0     -1. -1.00 -1.00  -0.15  -0.34   2.41 0.24 0.20 0.15 -1.00  -1.0     -1.  4.96 380.2  37283.
 5:47:06 0.98  99.96  99.22 -0.02 1698  -1.00    -1.0     -1. -1.00 -1.00   0.32  -0.72   2.75 0.29 0.32 0.16 -1.00  -1.0     -1.  4.27 378.6  29207.
 5:52:30 0.98  99.96  99.17 -0.02 1698  -1.00    -1.0     -1. -1.00 -1.00   0.23  -0.01   2.47 0.18 0.05 0.19 -1.00  -1.0     -1.  4.65 383.3  36142.
 5:57:54 0.98  99.96  99.12 -0.02 1698  -1.00    -1.0     -1. -1.00 -1.00   1.10  -0.95   1.96 0.14 0.10 0.16 -1.00  -1.0     -1.  4.34 368.3  36425.
 6:03:18 0.98  99.96  99.07 -0.02 1698  -1.00    -1.0     -1. -1.00 -1.00   1.49  -1.27   1.50 0.05 0.00 0.20 -1.00  -1.0     -1.  4.72 359.8  42685.
 6:09:00 0.98  99.96  99.02 -0.02 1698  -1.00    -1.0     -1. -1.00 -1.00   3.05  -1.47   0.26 0.00 0.00 0.00 -1.00  -1.0     -1.  4.01 374.4  47220.
 6:14:06 0.98  99.96  98.97 -0.02 1698  -1.00    -1.0     -1. -1.00 -1.00   2.59  -1.37  -0.16 0.24 0.26 0.30 -1.00  -1.0     -1.  4.57 368.6  36912.
 6:19:30 0.98  99.95  98.92 -0.02 1698  -1.00    -1.0     -1. -1.00 -1.00   1.30  -0.41   2.14 0.25 0.60 0.15 -1.00  -1.0     -1.  5.30 385.6  40002.
 6:24:54 0.98  99.95  98.87 -0.02 1698  -1.00    -1.0     -1. -1.00 -1.00   1.05  -0.99   1.80 0.14 0.10 0.20 -1.00  -1.0     -1.  5.33 383.8  38296.
 6:30:18 0.98  99.95  98.82 -0.02 1698  -1.00    -1.0     -1. -1.00 -1.00   1.95   0.06   1.55 0.18 0.33 0.17 -1.00  -1.0     -1.  5.23 381.2  55643.
 6:35:42 0.98  99.95  98.77 -0.02 1698  -1.00    -1.0     -1. -1.00 -1.00   1.83   1.32   1.55 0.10 0.30 0.17 -1.00  -1.0     -1.  5.49 374.6  51153.
 6:41:06 0.98  99.95  98.72 -0.02 1698  -1.00    -1.0     -1. -1.00 -1.00   1.93   0.72   1.27 0.00 0.00 0.16 -1.00  -1.0     -1.  5.46 375.4  86766.
 6:46:30 0.98  99.95  98.66 -0.02 1698  -1.00    -1.0     -1. -1.00 -1.00   1.58  -0.98   0.50 0.23 0.18 0.05 -1.00  -1.0     -1.  4.74 374.3  59252.
 6:51:54 0.98  99.95  98.62 -0.02 1698  -1.00    -1.0     -1. -1.00 -1.00   2.02  -0.33  -0.57 0.20 0.38 0.16 -1.00  -1.0     -1.  4.95 380.8  79733.
 6:57:18 0.98  99.95  98.56 -0.02 1698  -1.00    -1.0     -1. -1.00 -1.00   2.17   0.63  -1.60 0.00 0.00 0.20 -1.00  -1.0     -1.  5.00 382.4  65814.
 7:02:42 0.98  99.95  98.51 -0.02 1698  -1.00    -1.0     -1. -1.00 -1.00   1.56   1.25  -2.26 0.16 0.04 0.16 -1.00  -1.0     -1.  4.81 376.6  56471.
 7:08:06 0.98  99.95  98.47 -0.02 1698  -1.00    -1.0     -1. -1.00 -1.00   1.46   2.15  -2.66 0.16 0.16 0.16 -1.00  -1.0     -1.  5.08 381.2  42103.
 7:13:30 0.98  99.94  98.41 -0.02 1698  -1.00    -1.0     -1. -1.00 -1.00   2.00   0.94  -1.60 0.04 0.16 0.33 -1.00  -1.0     -1.  5.19 379.3  69741.
 7:18:54 0.98  99.94  98.36 -0.02 1698  -1.00    -1.0     -1. -1.00 -1.00   1.77   1.92  -2.74 0.18 0.18 0.00 -1.00  -1.0     -1.  4.34 375.5  33355.
 7:24:18 0.98  99.94  98.31 -0.02 1698  -1.00    -1.0     -1. -1.00 -1.00   2.17   1.76  -2.73 0.10 0.20 0.00 -1.00  -1.0     -1.  4.57 370.9  33589.
 7:29:42 0.98  99.94  98.26 -0.02 1698  -1.00    -1.0     -1. -1.00 -1.00   1.89   2.04  -2.74 0.18 0.19 0.00 -1.00  -1.0     -1.  4.54 372.9  30188.
 7:35:06 0.98  99.94  98.21 -0.02 1698  -1.00    -1.0     -1. -1.00 -1.00   1.87   2.38  -2.58 0.29 0.15 0.20 -1.00  -1.0     -1.  4.49 373.4  33589.
 7:40:30 0.98  99.94  98.16 -0.02 1698  -1.00    -1.0     -1. -1.00 -1.00   2.23   1.97  -2.03 0.11 0.32 0.17 -1.00  -1.0     -1.  4.38 378.2  42506.
 7:45:54 0.98  99.94  98.11 -0.02 1698  -1.00    -1.0     -1. -1.00 -1.00   2.33   1.28  -2.19 0.08 0.20 0.14 -1.00  -1.0     -1.  4.58 380.0  38689.
 7:51:18 0.98  99.94  98.06 -0.02 1698  -1.00    -1.0     -1. -1.00 -1.00   2.22   2.78  -1.53 0.14 0.19 0.00 -1.00  -1.0     -1.  4.56 382.0  41925.
 7:56:42 0.98  99.94  98.01 -0.02 1698  -1.00    -1.0     -1. -1.00 -1.00   2.16   2.01  -1.83 0.28 0.19 0.15 -1.00  -1.0     -1.  4.79 381.0  34645.
 8:02:06 0.98  99.94  97.96 -0.02 1698  -1.00    -1.0     -1. -1.00 -1.00   1.45   1.95  -2.50 0.22 0.15 0.20 -1.00  -1.0     -1.  4.37 383.6  38361.
 8:07:30 0.98  99.93  97.91 -0.02 1698  -1.00    -1.0     -1. -1.00 -1.00   1.46   2.05  -3.14 0.14 0.19 0.00 -1.00  -1.0     -1.  4.76 383.2  20676.
 8:12:54 0.98  99.93  97.86 -0.02 1698  -1.00    -1.0     -1. -1.00 -1.00   0.60   2.41  -3.41 0.00 0.00 0.20 -1.00  -1.0     -1.  4.74 386.7  24461.
 8:18:18 0.98  99.93  97.81 -0.03 1698  -1.00    -1.0     -1. -1.00 -1.00   0.84   2.75  -3.16 0.23 0.20 0.16 -1.00  -1.0     -1.  4.45 389.3  28447.
 8:23:42 0.98  99.93  97.76 -0.03 1698  -1.00    -1.0     -1. -1.00 -1.00   2.05   1.99  -2.32 0.09 0.13 0.00 -1.00  -1.0     -1.  4.42 379.1  40619.
 8:29:06 0.98  99.93  97.70 -0.03 1698  -1.00    -1.0     -1. -1.00 -1.00   2.60   2.11  -1.06 0.19 0.11 0.05 -1.00  -1.0     -1.  4.73 379.4  61185.
 8:34:30 0.98  99.93  97.66 -0.03 1698  -1.00    -1.0     -1. -1.00 -1.00   2.65   1.90  -1.36 0.17 0.19 0.18 -1.00  -1.0     -1.  4.73 380.0  50604.
 8:39:54 0.98  99.93  97.60 -0.03 1698  -1.00    -1.0     -1. -1.00 -1.00   2.46   1.86  -1.14 0.08 0.20 0.15 -1.00  -1.0     -1.  4.50 382.6  51540.
 8:45:18 0.98  99.93  97.55 -0.03 1698  -1.00    -1.0     -1. -1.00 -1.00   2.86   1.30  -0.86 0.22 0.13 0.20 -1.00  -1.0     -1.  4.51 379.5  47005.
 8:50:42 0.98  99.93  97.50 -0.03 1698  -1.00    -1.0     -1. -1.00 -1.00   2.54   1.42  -1.04 0.20 0.16 0.04 -1.00  -1.0     -1.  4.99 376.7  49351.
 8:56:06 0.98  99.93  97.45 -0.03 1698  -1.00    -1.0     -1. -1.00 -1.00   2.63   1.23   0.02 0.08 0.12 0.20 -1.00  -1.0     -1.  5.13 371.1  69459.
 9:01:30 0.98  99.92  97.40 -0.03 1698  -1.00    -1.0     -1. -1.00 -1.00   1.74   0.72  -2.41 0.08 0.16 0.16 -1.00  -1.0     -1.  5.05 386.1  40515.
 9:06:54 0.98  99.92  97.35 -0.03 1698  -1.00    -1.0     -1. -1.00 -1.00   1.97   0.95  -2.10 0.23 0.22 0.46 -1.00  -1.0     -1.  4.67 384.3  45586.
 9:12:18 0.98  99.92  97.30 -0.03 1698  -1.00    -1.0     -1. -1.00 -1.00   2.89   0.97  -1.42 0.13 0.22 0.00 -1.00  -1.0     -1.  4.77 377.4  64043.
 9:17:42 0.98  99.92  97.25 -0.03 1698  -1.00    -1.0     -1. -1.00 -1.00   2.75   1.31  -1.66 0.10 0.22 0.20 -1.00  -1.0     -1.  4.63 377.7  54295.
 9:23:06 0.98  99.92  97.20 -0.03 1698  -1.00    -1.0     -1. -1.00 -1.00   2.67   1.71  -1.98 0.16 0.04 0.19 -1.00  -1.0     -1.  4.25 377.4  40560.
 9:28:30 0.98  99.92  97.15 -0.03 1698  -1.00    -1.0     -1. -1.00 -1.00   2.79   1.02  -1.62 0.12 0.18 0.20 -1.00  -1.0     -1.  5.31 374.6  54993.
 9:33:54 0.98  99.92  97.10 -0.03 1698  -1.00    -1.0     -1. -1.00 -1.00   2.84   2.11  -1.00 0.15 0.19 0.00 -1.00  -1.0     -1.  4.75 375.0  55766.
 9:39:18 0.98  99.92  97.05 -0.03 1698  -1.00    -1.0     -1. -1.00 -1.00   2.63   2.69  -1.03 0.08 0.20 0.16 -1.00  -1.0     -1.  4.74 384.7  51326.
 9:44:42 0.98  99.92  97.00 -0.03 1698  -1.00    -1.0     -1. -1.00 -1.00   2.51   2.55  -0.87 0.16 0.08 0.20 -1.00  -1.0     -1.  5.29 387.9  41720.
 9:50:06 0.98  99.92  96.95 -0.03 1698  -1.00    -1.0     -1. -1.00 -1.00   2.69   1.97  -1.04 0.24 0.10 0.05 -1.00  -1.0     -1.  4.32 383.4  45621.
 9:55:30 0.98  99.91  96.90 -0.03 1698  -1.00    -1.0     -1. -1.00 -1.00   3.04   2.02  -1.56 0.22 0.15 0.32 -1.00  -1.0     -1.  4.18 381.5  35489.
10:00:54 0.98  99.91  96.84 -0.03 1698  -1.00    -1.0     -1. -1.00 -1.00   2.92   1.98  -1.32 0.21 0.18 0.16 -1.00  -1.0     -1.  4.92 389.6  69887.
10:06:18 0.98  99.91  96.80 -0.03 1698  -1.00    -1.0     -1. -1.00 -1.00   2.31   2.38  -2.31 0.00 0.00 0.00 -1.00  -1.0     -1.  5.00 382.5  48594.
10:11:42 0.98  99.91  96.74 -0.03 1698  -1.00    -1.0     -1. -1.00 -1.00   1.02   2.38  -3.23 0.10 0.20 0.00 -1.00  -1.0     -1.  5.14 383.3  33959.
10:17:06 0.98  99.91  96.69 -0.03 1698  -1.00    -1.0     -1. -1.00 -1.00   1.67   2.50  -2.80 0.17 0.10 0.16 -1.00  -1.0     -1.  5.55 377.4  39764.
10:22:30 0.98  99.91  96.64 -0.03 1698  -1.00    -1.0     -1. -1.00 -1.00   1.38   2.22  -3.52 0.22 0.15 0.00 -1.00  -1.0     -1.  5.22 381.5  34823.
10:27:54 0.98  99.91  96.59 -0.03 1698  -1.00    -1.0     -1. -1.00 -1.00   0.93   2.36  -3.85 0.18 0.20 0.22 -1.00  -1.0     -1.  5.16 385.0  24406.
10:33:18 0.98  99.91  96.54 -0.03 1698  -1.00    -1.0     -1. -1.00 -1.00   0.28   2.36  -3.64 0.17 0.12 0.00 -1.00  -1.0     -1.  5.05 388.1  25695.
10:38:42 0.98  99.91  96.49 -0.03 1698  -1.00    -1.0     -1. -1.00 -1.00   0.05   2.15  -3.64 0.14 0.10 0.00 -1.00  -1.0     -1.  5.21 387.8  32186.
10:44:06 0.98  99.91  96.44 -0.03 1698  -1.00    -1.0     -1. -1.00 -1.00  -0.04   2.03  -3.40 0.15 0.20 0.20 -1.00  -1.0     -1.  4.97 386.9  31663.
10:49:30 0.98  99.90  96.39 -0.03 1698  -1.00    -1.0     -1. -1.00 -1.00  -0.22   1.99  -3.51 0.20 0.10 0.14 -1.00  -1.0     -1.  5.08 388.5  29441.
10:54:54 0.98  99.90  96.34 -0.03 1698  -1.00    -1.0     -1. -1.00 -1.00  -0.15   2.33  -3.39 0.12 0.22 0.20 -1.00  -1.0     -1.  5.08 390.1  27508.
11:00:18 0.98  99.90  96.29 -0.04 1698  -1.00    -1.0     -1. -1.00 -1.00  -1.11   2.51  -3.10 0.12 0.08 0.20 -1.00  -1.0     -1.  5.23 395.4  38972.
11:05:42 0.98  99.90  96.24 -0.04 1698  -1.00    -1.0     -1. -1.00 -1.00   0.69   3.15  -3.14 0.34 0.23 0.16 -1.00  -1.0     -1.  5.29 382.4  41860.
11:11:06 0.98  99.90  96.19 -0.04 1698  -1.00    -1.0     -1. -1.00 -1.00   0.77   2.65  -3.14 0.12 0.27 0.16 -1.00  -1.0     -1.  5.17 381.3  31387.
11:16:30 0.98  99.90  96.14 -0.04 1698  -1.00    -1.0     -1. -1.00 -1.00   0.82   2.51  -2.82 0.17 0.09 0.00 -1.00  -1.0     -1.  5.60 382.2  52696.
11:21:54 0.98  99.90  96.09 -0.04 1698  -1.00    -1.0     -1. -1.00 -1.00   0.56   2.76  -2.74 0.14 0.22 0.16 -1.00  -1.0     -1.  5.27 381.9  36230.
11:27:18 0.98  99.90  96.03 -0.04 1698  -1.00    -1.0     -1. -1.00 -1.00   1.12   2.34  -2.64 0.17 0.12 0.23 -1.00  -1.0     -1.  5.38 380.6  43773.
11:32:42 0.98  99.90  95.99 -0.04 1698  -1.00    -1.0     -1. -1.00 -1.00   0.46   2.80  -2.82 0.26 0.32 0.00 -1.00  -1.0     -1.  5.55 385.7  33963.
11:38:06 0.98  99.90  95.93 -0.04 1698  -1.00    -1.0     -1. -1.00 -1.00   0.84   2.52  -2.90 0.16 0.08 0.16 -1.00  -1.0     -1.  5.55 382.9  48509.
11:43:30 0.98  99.89  95.88 -0.04 1698  -1.00    -1.0     -1. -1.00 -1.00   2.26   2.44  -2.22 0.12 0.30 0.16 -1.00  -1.0     -1.  5.25 374.7  40814.
11:48:54 0.98  99.89  95.83 -0.04 1698  -1.00    -1.0     -1. -1.00 -1.00   3.27   1.72  -1.79 0.22 0.15 0.25 -1.00  -1.0     -1.  4.72 375.0  42935.
11:54:18 0.98  99.89  95.78 -0.04 1698  -1.00    -1.0     -1. -1.00 -1.00   2.35   2.60  -2.94 0.23 0.26 0.20 -1.00  -1.0     -1.  4.45 380.7  28434.
11:59:42 0.98  99.89  95.73 -0.04 1698  -1.00    -1.0     -1. -1.00 -1.00   3.38   2.40  -2.11 0.20 0.05 0.16 -1.00  -1.0     -1.  5.18 375.5  39264.
12:05:06 0.98  99.89  95.68 -0.04 1698  -1.00    -1.0     -1. -1.00 -1.00   3.00   2.57  -2.04 0.16 0.12 0.22 -1.00  -1.0     -1.  5.05 376.2  38475.
12:10:30 0.98  99.89  95.63 -0.04 1698  -1.00    -1.0     -1. -1.00 -1.00   2.65   2.67  -2.69 0.10 0.15 0.00 -1.00  -1.0     -1.  4.85 375.1  45202.
12:15:54 0.98  99.89  95.58 -0.04 1698  -1.00    -1.0     -1. -1.00 -1.00   2.75   2.47  -2.35 0.04 0.16 0.17 -1.00  -1.0     -1.  4.96 374.9  42490.
12:21:18 0.98  99.89  95.53 -0.04 1698  -1.00    -1.0     -1. -1.00 -1.00   2.47   2.83  -2.69 0.12 0.04 0.00 -1.00  -1.0     -1.  4.30 374.0  30428.
12:26:42 0.98  99.89  95.48 -0.04 1698  -1.00    -1.0     -1. -1.00 -1.00   3.27   3.13  -2.50 0.08 0.24 0.16 -1.00  -1.0     -1.  4.63 375.2  38761.
12:32:06 0.98  99.89  95.43 -0.04 1698  -1.00    -1.0     -1. -1.00 -1.00   3.79   1.65  -1.11 0.16 0.13 0.22 -1.00  -1.0     -1.  5.32 374.7  42136.
12:37:30 0.98  99.88  95.38 -0.04 1698  -1.00    -1.0     -1. -1.00 -1.00   3.65   1.71  -0.57 0.20 0.05 0.00 -1.00  -1.0     -1.  4.67 377.7  68611.
12:42:54 0.98  99.88  95.33 -0.04 1698  -1.00    -1.0     -1. -1.00 -1.00   4.01   1.09  -0.87 0.12 0.22 0.00 -1.00  -1.0     -1.  4.12 377.1  73990.
12:48:18 0.98  99.88  95.28 -0.04 1698  -1.00    -1.0     -1. -1.00 -1.00   4.01   0.82  -0.47 0.27 0.26 0.00 -1.00  -1.0     -1.  3.91 381.0  60142.
12:53:42 0.98  99.88  95.23 -0.04 1698  -1.00    -1.0     -1. -1.00 -1.00   3.54   0.13   0.28 0.20 0.31 0.05 -1.00  -1.0     -1.  4.48 373.5  65768.
12:59:06 0.98  99.88  95.18 -0.04 1698  -1.00    -1.0     -1. -1.00 -1.00   3.73   0.14  -0.42 0.22 0.31 0.17 -1.00  -1.0     -1.  4.40 373.6  63930.
13:04:30 0.98  99.88  95.13 -0.04 1698  -1.00    -1.0     -1. -1.00 -1.00   3.38  -0.15  -0.22 0.16 0.04 0.14 -1.00  -1.0     -1.  4.65 372.7  50832.
13:09:54 0.98  99.88  95.07 -0.04 1698  -1.00    -1.0     -1. -1.00 -1.00   3.72  -0.11   0.00 0.04 0.14 0.16 -1.00  -1.0     -1.  4.19 377.7  68887.
13:15:18 0.98  99.88  95.03 -0.04 1698  -1.00    -1.0     -1. -1.00 -1.00   3.26  -0.27   0.06 0.08 0.20 0.32 -1.00  -1.0     -1.  4.13 376.2  49945.
13:20:42 0.98  99.88  94.97 -0.04 1698  -1.00    -1.0     -1. -1.00 -1.00   3.25  -0.18   0.55 0.05 0.00 0.47 -1.00  -1.0     -1.  4.05 381.6  69169.
13:26:06 0.98  99.88  94.92 -0.04 1698  -1.00    -1.0     -1. -1.00 -1.00   2.79  -0.40   1.10 0.16 0.04 0.47 -1.00  -1.0     -1.  3.96 377.7  52693.
13:31:30 0.98  99.87  94.87 -0.04 1698  -1.00    -1.0     -1. -1.00 -1.00   3.40  -0.60   0.39 0.15 0.04 0.18 -1.00  -1.0     -1.  3.88 377.7  43835.
13:42:29 0.98  99.87  94.77 -0.04 1698  -1.00    -1.0     -1. -1.00 -1.00   3.82   0.83  -1.46 0.00 0.00 0.20 -1.00  -1.0     -1. -1.00  -1.0     -1.
13:43:10 0.98  99.87  94.76 -0.05 1698  -1.00    -1.0     -1. -1.00 -1.00   3.85   0.54  -1.18 0.20 0.32 0.21 -1.00  -1.0     -1.  3.80 378.6  68646.
13:43:50 0.98  99.87  94.76 -0.05 1698  -1.00    -1.0     -1. -1.00 -1.00   3.88   0.24  -1.12 0.21 0.22 0.19 -1.00  -1.0     -1.  4.02 381.9  79454.
13:44:20 0.98  99.87  94.75 -0.05 1698  -1.00    -1.0     -1. -1.00 -1.00   3.76   0.61  -1.28 0.20 0.24 0.23 -1.00  -1.0     -1.  4.11 381.9  85918.
13:44:59 0.98  99.87  94.75 -0.05 1698  -1.00    -1.0     -1. -1.00 -1.00   3.79   0.73  -1.25 0.21 0.19 0.25 -1.00  -1.0     -1.  3.78 373.5  55477.
13:45:39 0.98  99.87  94.74 -0.05 1698  -1.00    -1.0     -1. -1.00 -1.00   3.87   0.90  -1.57 0.21 0.24 0.22 -1.00  -1.0     -1.  3.58 378.2  51696.
13:46:20 0.98  99.87  94.73 -0.05 1698  -1.00    -1.0     -1. -1.00 -1.00   3.91   0.74  -1.68 0.20 0.32 0.16 -1.00  -1.0     -1.  3.98 378.6  77005.
13:47:00 0.98  99.87  94.73 -0.05 1698  -1.00    -1.0     -1. -1.00 -1.00   3.91   0.74  -1.47 0.18 0.18 0.24 -1.00  -1.0     -1.  4.05 377.8  61493.
13:47:41 0.98  99.87  94.72 -0.05 1698  -1.00    -1.0     -1. -1.00 -1.00   4.03   0.69  -1.47 0.20 0.22 0.22 -1.00  -1.0     -1.  4.16 378.7  67474.
13:48:21 0.98  99.87  94.71 -0.05 1698  -1.00    -1.0     -1. -1.00 -1.00   4.00   0.67  -1.52 0.16 0.27 0.21 -1.00  -1.0     -1.  3.47 379.5  52882.
13:49:02 0.98  99.87  94.71 -0.05 1698  -1.00    -1.0     -1. -1.00 -1.00   4.03   0.65  -1.57 0.20 0.25 0.19 -1.00  -1.0     -1.  3.98 378.3  61711.
13:49:42 0.98  99.87  94.70 -0.05 1698  -1.00    -1.0     -1. -1.00 -1.00   3.94   0.88  -1.57 0.19 0.24 0.18 -1.00  -1.0     -1.  3.97 376.7  54548.
13:50:23 0.98  99.87  94.70 -0.05 1698  -1.00    -1.0     -1. -1.00 -1.00   3.62   0.79  -1.87 0.20 0.21 0.20 -1.00  -1.0     -1.  3.78 383.1  78288.
13:51:03 0.98  99.87  94.69 -0.05 1698  -1.00    -1.0     -1. -1.00 -1.00   3.70   0.79  -1.85 0.21 0.17 0.22 -1.00  -1.0     -1.  3.58 381.9  54457.
13:51:44 0.98  99.87  94.68 -0.05 1698  -1.00    -1.0     -1. -1.00 -1.00   3.96   0.77  -1.94 0.23 0.18 0.22 -1.00  -1.0     -1.  3.87 377.7  70300.
13:52:24 0.98  99.87  94.68 -0.05 1698  -1.00    -1.0     -1. -1.00 -1.00   3.74   1.15  -2.16 0.22 0.20 0.15 -1.00  -1.0     -1.  3.35 381.3  50458.
13:53:05 0.98  99.87  94.67 -0.05 1698  -1.00    -1.0     -1. -1.00 -1.00   3.57   1.15  -2.23 0.26 0.34 0.45 -1.00  -1.0     -1.  3.43 381.6  34603.
13:53:45 0.98  99.87  94.66 -0.05 1698  -1.00    -1.0     -1. -1.00 -1.00   3.85  -0.25  -0.54 0.24 0.58 0.44 -1.00  -1.0     -1.  3.55 374.6  58323.
13:54:26 0.98  99.87  94.66 -0.05 1698  -1.00    -1.0     -1. -1.00 -1.00   4.08  -0.49  -0.35 0.23 0.22 0.25 -1.00  -1.0     -1.  3.59 383.5  61552.
13:55:06 0.98  99.87  94.65 -0.05 1698  -1.00    -1.0     -1. -1.00 -1.00   3.89  -0.38  -0.17 0.20 0.15 0.19 -1.00  -1.0     -1.  3.98 374.8  45316.
13:55:47 0.98  99.87  94.64 -0.05 1698  -1.00    -1.0     -1. -1.00 -1.00   3.91  -0.38  -0.18 0.26 0.17 0.18 -1.00  -1.0     -1.  3.97 380.0  69036.
13:56:27 0.98  99.87  94.64 -0.05 1698  -1.00    -1.0     -1. -1.00 -1.00   4.06  -0.47  -0.32 0.26 0.23 0.23 -1.00  -1.0     -1.  3.32 380.2  47119.
13:57:08 0.98  99.87  94.63 -0.05 1698  -1.00    -1.0     -1. -1.00 -1.00   3.77  -0.57   0.34 0.28 0.28 0.19 -1.00  -1.0     -1.  4.00 381.4  71635.
13:57:48 0.98  99.87  94.63 -0.05 1698  -1.00    -1.0     -1. -1.00 -1.00   3.94  -0.77   0.24 0.17 0.17 0.23 -1.00  -1.0     -1.  3.47 379.8  46466.
13:58:29 0.98  99.87  94.62 -0.05 1698  -1.00    -1.0     -1. -1.00 -1.00   3.52  -0.86   0.15 0.30 0.25 0.23 -1.00  -1.0     -1.  4.11 382.6  65642.
13:59:09 0.98  99.87  94.62 -0.05 1698  -1.00    -1.0     -1. -1.00 -1.00   3.56  -0.74   0.04 0.14 0.24 0.22 -1.00  -1.0     -1.  3.70 379.4  51050.
13:59:50 0.98  99.87  94.61 -0.05 1698  -1.00    -1.0     -1. -1.00 -1.00   3.65  -0.64   0.03 0.18 0.21 0.20 -1.00  -1.0     -1.  3.70 371.9  57673.
14:00:30 0.98  99.87  94.60 -0.05 1698  -1.00    -1.0     -1. -1.00 -1.00   3.90  -0.42  -0.57 0.20 0.19 0.31 -1.00  -1.0     -1.  4.15 375.5  41535.
14:01:11 0.98  99.87  94.60 -0.05 1698  -1.00    -1.0     -1. -1.00 -1.00   4.01  -0.32  -0.81 0.22 0.17 0.23 -1.00  -1.0     -1.  3.69 375.5  49588.
14:01:51 0.98  99.87  94.59 -0.05 1698  -1.00    -1.0     -1. -1.00 -1.00   3.97   0.08  -0.95 0.21 0.20 0.25 -1.00  -1.0     -1.  3.86 378.5  53408.
14:02:32 0.98  99.87  94.58 -0.05 1698  -1.00    -1.0     -1. -1.00 -1.00   3.87  -0.07  -0.94 0.26 0.20 0.15 -1.00  -1.0     -1.  4.10 374.5  52671.
14:03:12 0.98  99.87  94.58 -0.05 1698  -1.00    -1.0     -1. -1.00 -1.00   4.03  -0.05  -0.87 0.32 0.23 0.21 -1.00  -1.0     -1.  3.85 376.6  60369.
14:03:53 0.98  99.87  94.57 -0.05 1698  -1.00    -1.0     -1. -1.00 -1.00   3.97  -0.16  -0.83 0.23 0.17 0.19 -1.00  -1.0     -1.  3.96 375.5  65733.
14:04:33 0.98  99.87  94.56 -0.05 1698  -1.00    -1.0     -1. -1.00 -1.00   3.85  -0.32  -0.89 0.20 0.16 0.19 -1.00  -1.0     -1.  3.88 375.5  56280.
14:05:14 0.98  99.87  94.56 -0.05 1698  -1.00    -1.0     -1. -1.00 -1.00   3.61  -0.22  -0.82 0.20 0.18 0.22 -1.00  -1.0     -1.  4.41 376.1  64495.
14:05:54 0.98  99.87  94.55 -0.05 1698  -1.00    -1.0     -1. -1.00 -1.00   3.81  -0.34  -0.75 0.24 0.14 0.22 -1.00  -1.0     -1.  3.97 374.0  54233.
14:06:35 0.98  99.87  94.54 -0.05 1698  -1.00    -1.0     -1. -1.00 -1.00   3.82  -0.08  -1.26 0.23 0.17 0.24 -1.00  -1.0     -1.  3.98 376.8  66077.
14:07:15 0.98  99.87  94.54 -0.05 1698  -1.00    -1.0     -1. -1.00 -1.00   3.72  -0.68  -0.88 0.21 0.35 0.26 -1.00  -1.0     -1.  4.36 373.1  74266.
14:07:56 0.98  99.87  94.53 -0.05 1698  -1.00    -1.0     -1. -1.00 -1.00   3.84  -0.58  -0.53 0.25 0.17 0.21 -1.00  -1.0     -1.  4.11 380.5  82745.
14:08:36 0.98  99.87  94.52 -0.05 1698  -1.00    -1.0     -1. -1.00 -1.00   3.95  -0.73  -0.62 0.23 0.27 0.29 -1.00  -1.0     -1.  3.33 378.2  51527.
14:09:17 0.98  99.87  94.52 -0.05 1698  -1.00    -1.0     -1. -1.00 -1.00   3.95  -0.62  -0.63 0.23 0.24 0.22 -1.00  -1.0     -1.  4.01 383.1  67194.
14:09:57 0.98  99.87  94.51 -0.05 1698  -1.00    -1.0     -1. -1.00 -1.00   3.69  -0.60  -0.93 0.23 0.21 0.25 -1.00  -1.0     -1.  3.43 379.3  45378.
14:10:38 0.98  99.87  94.51 -0.05 1698  -1.00    -1.0     -1. -1.00 -1.00   3.59  -0.78  -0.89 0.20 0.24 0.18 -1.00  -1.0     -1.  3.85 376.3  49367.
14:11:18 0.98  99.87  94.50 -0.05 1698  -1.00    -1.0     -1. -1.00 -1.00   3.75  -0.52  -0.71 0.25 0.17 0.22 -1.00  -1.0     -1.  3.55 380.8  53820.
14:11:59 0.98  99.87  94.49 -0.05 1698  -1.00    -1.0     -1. -1.00 -1.00   3.94  -0.43  -0.55 0.18 0.27 0.25 -1.00  -1.0     -1.  4.25 380.9  68650.
14:12:39 0.98  99.87  94.49 -0.05 1698  -1.00    -1.0     -1. -1.00 -1.00   3.90  -0.65  -0.48 0.19 0.28 0.20 -1.00  -1.0     -1.  3.52 381.8  61438.
14:13:10 0.98  99.87  94.48 -0.05 1698  -1.00    -1.0     -1. -1.00 -1.00   3.81  -0.44  -0.48 0.22 0.17 0.20 -1.00  -1.0     -1. -1.00  -1.0     -1.
14:13:50 0.98  99.87  94.48 -0.05 1698  -1.00    -1.0     -1. -1.00 -1.00   3.92  -0.51  -0.59 0.20 0.21 0.21 -1.00  -1.0     -1.  3.97 377.2  63949.
14:14:00 0.98  99.87  94.48 -0.05 1698  -1.00    -1.0     -1. -1.00 -1.00   3.90  -0.52  -0.58 0.24 0.21 0.20 -1.00  -1.0     -1.  4.08 375.4  78457.
14:14:41 0.98  99.87  94.47 -0.05 1698  -1.00    -1.0     -1. -1.00 -1.00   3.97  -0.32  -0.56 0.17 0.20 0.22 -1.00  -1.0     -1.  3.72 378.9  70047.
14:15:21 0.98  99.87  94.46 -0.05 1698  -1.00    -1.0     -1. -1.00 -1.00   3.95  -0.41  -0.53 0.22 0.16 0.21 -1.00  -1.0     -1.  3.90 377.4  70592.
14:16:02 0.98  99.87  94.46 -0.05 1698  -1.00    -1.0     -1. -1.00 -1.00   3.96  -0.38  -0.55 0.17 0.19 0.17 -1.00  -1.0     -1.  4.20 376.3  64849.
14:16:42 0.98  99.87  94.45 -0.05 1698  -1.00    -1.0     -1. -1.00 -1.00   4.11  -0.41  -0.68 0.19 0.18 0.23 -1.00  -1.0     -1.  4.10 374.8  44946.
14:17:23 0.98  99.87  94.44 -0.05 1698  -1.00    -1.0     -1. -1.00 -1.00   3.66  -0.78  -0.07 0.22 0.28 0.36 -1.00  -1.0     -1.  3.58 371.6  54090.
14:18:03 0.98  99.87  94.44 -0.05 1698  -1.00    -1.0     -1. -1.00 -1.00   3.92  -0.67  -0.04 0.22 0.22 0.12 -1.00  -1.0     -1.  3.96 375.5  44306.
14:18:44 0.98  99.87  94.43 -0.05 1698  -1.00    -1.0     -1. -1.00 -1.00   3.74  -0.57  -0.27 0.20 0.19 0.20 -1.00  -1.0     -1.  3.74 372.9  52485.
14:19:24 0.98  99.87  94.42 -0.05 1698  -1.00    -1.0     -1. -1.00 -1.00   3.74  -0.76   0.00 0.20 0.23 0.22 -1.00  -1.0     -1.  4.00 374.0  50721.
14:20:05 0.98  99.87  94.42 -0.05 1698  -1.00    -1.0     -1. -1.00 -1.00   3.89  -0.51  -0.32 0.21 0.19 0.23 -1.00  -1.0     -1.  3.71 376.6  78665.
14:20:45 0.98  99.87  94.41 -0.05 1698  -1.00    -1.0     -1. -1.00 -1.00   4.12  -0.71  -0.05 0.20 0.11 0.23 -1.00  -1.0     -1.  3.93 375.1  64323.
14:21:26 0.98  99.87  94.40 -0.05 1698  -1.00    -1.0     -1. -1.00 -1.00   4.03  -0.86  -0.14 0.16 0.17 0.18 -1.00  -1.0     -1.  3.72 379.3  69221.
14:22:06 0.98  99.86  94.40 -0.05 1698  -1.00    -1.0     -1. -1.00 -1.00   3.74  -0.93  -0.01 0.29 0.13 0.19 -1.00  -1.0     -1.  3.57 378.7  48980.
14:22:47 0.98  99.86  94.39 -0.05 1698  -1.00    -1.0     -1. -1.00 -1.00   3.61  -0.93  -0.06 0.19 0.17 0.14 -1.00  -1.0     -1.  4.09 369.0  59606.
14:23:27 0.98  99.86  94.38 -0.05 1698  -1.00    -1.0     -1. -1.00 -1.00   3.73  -0.72  -0.22 0.30 0.25 0.19 -1.00  -1.0     -1.  3.87 370.5  58167.
14:24:08 0.98  99.86  94.38 -0.05 1698  -1.00    -1.0     -1. -1.00 -1.00   4.06  -0.54  -0.31 0.26 0.22 0.23 -1.00  -1.0     -1.  3.68 375.0  47135.
14:24:48 0.98  99.86  94.37 -0.05 1698  -1.00    -1.0     -1. -1.00 -1.00   3.99  -0.58  -0.40 0.19 0.22 0.17 -1.00  -1.0     -1.  3.43 372.5  46433.
14:25:29 0.98  99.86  94.37 -0.05 1698  -1.00    -1.0     -1. -1.00 -1.00   3.91  -0.49  -0.34 0.28 0.17 0.22 -1.00  -1.0     -1.  3.96 370.1  53044.
14:26:09 0.98  99.86  94.36 -0.05 1698  -1.00    -1.0     -1. -1.00 -1.00   3.95  -0.45  -0.42 0.20 0.17 0.19 -1.00  -1.0     -1.  4.12 373.8  60139.
14:26:50 0.98  99.86  94.36 -0.05 1698  -1.00    -1.0     -1. -1.00 -1.00   4.08  -0.36  -0.36 0.22 0.16 0.22 -1.00  -1.0     -1.  4.01 369.6  45137.
14:27:30 0.98  99.86  94.35 -0.05 1698  -1.00    -1.0     -1. -1.00 -1.00   3.92  -0.51  -0.42 0.22 0.22 0.21 -1.00  -1.0     -1.  3.69 376.1  60483.
14:28:11 0.98  99.86  94.34 -0.05 1698  -1.00    -1.0     -1. -1.00 -1.00   3.93  -0.59  -0.45 0.22 0.23 0.23 -1.00  -1.0     -1.  3.47 374.1  59560.
14:28:51 0.98  99.86  94.34 -0.05 1698  -1.00    -1.0     -1. -1.00 -1.00   3.94  -0.45  -0.36 0.21 0.15 0.23 -1.00  -1.0     -1.  4.06 370.0  58034.
14:29:32 0.98  99.86  94.33 -0.05 1698  -1.00    -1.0     -1. -1.00 -1.00   3.76  -0.57  -0.36 0.22 0.21 0.18 -1.00  -1.0     -1.  4.18 378.0  69225.
14:30:12 0.98  99.86  94.32 -0.05 1698  -1.00    -1.0     -1. -1.00 -1.00   3.74  -0.56  -0.33 0.19 0.23 0.21 -1.00  -1.0     -1.  4.01 376.0  47408.
14:30:53 0.98  99.86  94.32 -0.05 1698  -1.00    -1.0     -1. -1.00 -1.00   3.60  -0.35  -0.37 0.27 0.39 0.32 -1.00  -1.0     -1.  3.85 374.8  43611.
14:31:33 0.98  99.86  94.31 -0.05 1698  -1.00    -1.0     -1. -1.00 -1.00   2.39  -0.59   0.36 0.33 0.36 0.47 -1.00  -1.0     -1.  3.60 383.8  46307.
14:32:14 0.98  99.86  94.30 -0.05 1698  -1.00    -1.0     -1. -1.00 -1.00   1.41  -0.92   1.35 0.65 0.30 0.28 -1.00  -1.0     -1.  3.89 396.2  51131.
14:32:54 0.98  99.86  94.30 -0.05 1698  -1.00    -1.0     -1. -1.00 -1.00   0.49  -0.54   1.71 0.29 0.29 0.29 -1.00  -1.0     -1.  4.26 399.5  54090.
14:33:35 0.98  99.86  94.29 -0.05 1698  -1.00    -1.0     -1. -1.00 -1.00   1.50  -0.40   1.17 1.08 0.25 0.67 -1.00  -1.0     -1.  4.24 404.0  55178.
14:34:15 0.98  99.86  94.28 -0.05 1698  -1.00    -1.0     -1. -1.00 -1.00   2.39  -0.77   1.15 0.27 0.24 0.31 -1.00  -1.0     -1.  4.36 383.9  58898.
14:34:56 0.98  99.86  94.28 -0.05 1698  -1.00    -1.0     -1. -1.00 -1.00   2.28  -0.74   1.61 0.26 0.28 0.25 -1.00  -1.0     -1.  4.60 383.4  84307.
14:35:36 0.98  99.86  94.27 -0.05 1698  -1.00    -1.0     -1. -1.00 -1.00   1.94  -0.26   2.19 0.30 0.41 0.25 -1.00  -1.0     -1.  3.88 392.7  53242.
14:36:17 0.98  99.86  94.26 -0.05 1698  -1.00    -1.0     -1. -1.00 -1.00   1.73  -0.75   2.27 0.29 0.25 0.22 -1.00  -1.0     -1.  3.56 397.7  48071.
14:36:57 0.98  99.86  94.26 -0.05 1698  -1.00    -1.0     -1. -1.00 -1.00   1.75  -1.05   2.24 0.27 0.20 0.17 -1.00  -1.0     -1.  3.57 393.1  46213.
14:37:38 0.98  99.86  94.25 -0.05 1698  -1.00    -1.0     -1. -1.00 -1.00   1.83  -0.91   2.12 0.24 0.19 0.18 -1.00  -1.0     -1.  4.30 397.2  66840.
14:38:18 0.98  99.86  94.25 -0.05 1698  -1.00    -1.0     -1. -1.00 -1.00   1.74  -1.10   2.24 0.19 0.26 0.23 -1.00  -1.0     -1.  4.00 391.8  58476.
14:38:59 0.98  99.86  94.24 -0.05 1698  -1.00    -1.0     -1. -1.00 -1.00   1.84  -1.03   2.15 0.20 0.25 0.17 -1.00  -1.0     -1.  3.88 398.2  53525.
14:39:39 0.98  99.86  94.23 -0.05 1698  -1.00    -1.0     -1. -1.00 -1.00   1.65  -1.32   2.23 0.25 0.21 0.15 -1.00  -1.0     -1.  3.84 392.9  55039.
14:40:20 0.98  99.86  94.23 -0.05 1698  -1.00    -1.0     -1. -1.00 -1.00   1.47  -1.18   1.98 0.23 0.22 0.20 -1.00  -1.0     -1.  4.27 392.2  57092.
14:41:00 0.98  99.86  94.22 -0.05 1698  -1.00    -1.0     -1. -1.00 -1.00   1.66  -1.37   2.01 0.26 0.18 0.22 -1.00  -1.0     -1.  3.81 392.7  54496.
14:41:41 0.98  99.86  94.22 -0.05 1698  -1.00    -1.0     -1. -1.00 -1.00   1.47  -0.90   2.17 0.20 0.10 0.05 -1.00  -1.0     -1.  3.47 390.7  55367.
14:42:21 0.98  99.86  94.21 -0.05 1698  -1.00    -1.0     -1. -1.00 -1.00   0.00   0.00   0.00 0.00 0.00 0.00 -1.00  -1.0     -1.  3.46 400.0  60295.
14:43:02 0.98  99.86  94.20 -0.05 1698  -1.00    -1.0     -1. -1.00 -1.00   0.00   0.00   0.00 0.00 0.00 0.00 -1.00  -1.0     -1.  4.05 391.9  59018.
14:43:42 0.98  99.86  94.20 -0.05 1698  -1.00    -1.0     -1. -1.00 -1.00   0.00   0.00   0.00 0.00 0.00 0.00 -1.00  -1.0     -1.  4.13 384.3  64661.
14:44:23 0.98  99.86  94.19 -0.05 1698  -1.00    -1.0     -1. -1.00 -1.00   1.72  -0.94   2.33 0.23 0.30 0.25 -1.00  -1.0     -1.  3.64 393.1  52005.
14:45:03 0.98  99.86  94.18 -0.05 1698  -1.00    -1.0     -1. -1.00 -1.00   1.01  -0.44   2.76 0.42 0.61 0.32 -1.00  -1.0     -1.  3.54 395.4  37049.
14:45:44 0.98  99.86  94.18 -0.05 1698  -1.00    -1.0     -1. -1.00 -1.00   1.16  -0.43   2.89 0.37 0.69 0.38 -1.00  -1.0     -1.  4.52 393.8  66980.
14:46:24 0.98  99.86  94.17 -0.05 1698  -1.00    -1.0     -1. -1.00 -1.00   1.50  -1.42   2.22 0.24 0.20 0.22 -1.00  -1.0     -1.  3.73 391.6  50673.
14:47:05 0.98  99.86  94.16 -0.05 1698  -1.00    -1.0     -1. -1.00 -1.00   1.50  -1.48   2.25 0.27 0.23 0.21 -1.00  -1.0     -1.  3.57 393.0  66041.
14:47:45 0.98  99.86  94.16 -0.05 1698  -1.00    -1.0     -1. -1.00 -1.00   1.38  -1.45   2.23 0.18 0.21 0.20 -1.00  -1.0     -1.  4.03 391.8  50757.
14:48:26 0.98  99.86  94.15 -0.05 1698  -1.00    -1.0     -1. -1.00 -1.00   1.51  -1.47   2.02 0.26 0.20 0.21 -1.00  -1.0     -1.  3.64 394.8  49792.
14:49:06 0.98  99.86  94.15 -0.05 1698  -1.00    -1.0     -1. -1.00 -1.00   1.57  -1.61   2.10 0.21 0.20 0.19 -1.00  -1.0     -1.  3.53 389.4  44920.
14:49:47 0.98  99.86  94.14 -0.05 1698  -1.00    -1.0     -1. -1.00 -1.00   1.44  -1.69   1.98 0.26 0.19 0.22 -1.00  -1.0     -1.  3.67 395.0  48854.
14:50:27 0.98  99.86  94.13 -0.05 1698  -1.00    -1.0     -1. -1.00 -1.00   1.61  -1.64   1.94 0.23 0.16 0.21 -1.00  -1.0     -1.  3.99 396.1  77814.
14:51:08 0.98  99.86  94.13 -0.05 1698  -1.00    -1.0     -1. -1.00 -1.00   1.48  -1.73   1.94 0.22 0.17 0.18 -1.00  -1.0     -1.  3.61 394.1  50335.
14:51:48 0.98  99.86  94.12 -0.05 1698  -1.00    -1.0     -1. -1.00 -1.00   1.78  -1.66   2.01 0.27 0.15 0.22 -1.00  -1.0     -1.  3.89 389.4  61386.
14:52:29 0.98  99.86  94.11 -0.05 1698  -1.00    -1.0     -1. -1.00 -1.00   2.05  -1.54   1.95 0.22 0.17 0.22 -1.00  -1.0     -1.  3.63 392.5  53957.
14:53:09 0.98  99.86  94.11 -0.05 1698  -1.00    -1.0     -1. -1.00 -1.00   2.08  -1.52   1.89 0.21 0.15 0.22 -1.00  -1.0     -1.  3.56 387.2  41148.
14:53:50 0.98  99.86  94.10 -0.05 1698  -1.00    -1.0     -1. -1.00 -1.00   2.06  -1.59   1.90 0.20 0.20 0.33 -1.00  -1.0     -1.  3.51 392.9  71476.
14:54:30 0.98  99.86  94.09 -0.05 1698  -1.00    -1.0     -1. -1.00 -1.00   2.44  -1.73   1.41 0.39 0.16 0.35 -1.00  -1.0     -1.  3.91 390.4  54103.
14:55:11 0.98  99.86  94.09 -0.05 1698  -1.00    -1.0     -1. -1.00 -1.00   1.64  -1.55   2.50 0.25 0.19 0.27 -1.00  -1.0     -1.  3.61 395.7  68341.
14:55:51 0.98  99.86  94.08 -0.05 1698  -1.00    -1.0     -1. -1.00 -1.00   1.77  -1.36   2.47 0.22 0.23 0.21 -1.00  -1.0     -1.  3.28 394.5  37503.
14:56:32 0.98  99.86  94.08 -0.05 1698  -1.00    -1.0     -1. -1.00 -1.00   1.90  -1.59   2.22 0.17 0.18 0.18 -1.00  -1.0     -1.  3.44 395.3  44020.
14:57:12 0.98  99.86  94.07 -0.05 1698  -1.00    -1.0     -1. -1.00 -1.00   1.81  -1.52   2.43 0.21 0.20 0.20 -1.00  -1.0     -1.  3.34 390.3  48564.
14:57:53 0.98  99.86  94.07 -0.05 1698  -1.00    -1.0     -1. -1.00 -1.00   1.93  -1.71   2.24 0.20 0.19 0.20 -1.00  -1.0     -1.  3.59 392.6  46995.
14:58:33 0.98  99.86  94.06 -0.05 1698  -1.00    -1.0     -1. -1.00 -1.00   1.84  -1.73   2.09 0.30 0.20 0.18 -1.00  -1.0     -1.  3.99 390.2  57072.
14:59:14 0.98  99.86  94.05 -0.05 1698  -1.00    -1.0     -1. -1.00 -1.00   1.83  -1.60   1.97 0.23 0.18 0.21 -1.00  -1.0     -1.  3.96 391.2  67948.
14:59:54 0.98  99.86  94.05 -0.05 1698  -1.00    -1.0     -1. -1.00 -1.00   1.83  -1.75   1.72 0.22 0.31 0.34 -1.00  -1.0     -1.  3.97 389.1  64092.
15:00:35 0.98  99.86  94.04 -0.05 1698  -1.00    -1.0     -1. -1.00 -1.00   1.94  -2.12   1.41 0.29 0.22 0.25 -1.00  -1.0     -1.  3.86 395.5  61640.
15:01:15 0.98  99.86  94.03 -0.05 1698  -1.00    -1.0     -1. -1.00 -1.00   1.78  -1.90   1.46 0.20 0.19 0.19 -1.00  -1.0     -1.  4.47 391.4  74679.
15:01:56 0.98  99.86  94.03 -0.05 1698  -1.00    -1.0     -1. -1.00 -1.00   1.59  -1.89   1.76 0.47 0.20 0.30 -1.00  -1.0     -1.  4.13 393.7  64066.
15:02:36 0.98  99.86  94.02 -0.05 1698  -1.00    -1.0     -1. -1.00 -1.00   2.19  -2.01   1.37 0.23 0.13 0.24 -1.00  -1.0     -1.  3.84 389.8  63303.
15:03:17 0.98  99.86  94.01 -0.05 1698  -1.00    -1.0     -1. -1.00 -1.00   2.23  -2.09   1.28 0.22 0.20 0.23 -1.00  -1.0     -1.  3.81 393.2  56166.
15:03:57 0.98  99.86  94.01 -0.05 1698  -1.00    -1.0     -1. -1.00 -1.00   1.81  -2.03   1.66 0.37 0.18 0.21 -1.00  -1.0     -1.  3.59 387.8  60632.
15:04:38 0.98  99.86  94.00 -0.05 1698  -1.00    -1.0     -1. -1.00 -1.00   2.07  -1.92   1.41 0.33 0.22 0.21 -1.00  -1.0     -1.  3.68 393.7  45232.
15:05:18 0.98  99.86  93.99 -0.05 1698  -1.00    -1.0     -1. -1.00 -1.00   1.96  -2.17   1.41 0.26 0.21 0.19 -1.00  -1.0     -1.  3.79 390.0  48019.
15:05:59 0.98  99.86  93.99 -0.05 1698  -1.00    -1.0     -1. -1.00 -1.00   2.04  -2.13   1.33 0.26 0.14 0.21 -1.00  -1.0     -1.  3.68 392.4  51108.
15:06:39 0.98  99.86  93.98 -0.05 1698  -1.00    -1.0     -1. -1.00 -1.00   2.26  -1.99   1.38 0.26 0.17 0.24 -1.00  -1.0     -1.  3.84 390.5  51037.
15:07:20 0.98  99.86  93.97 -0.05 1698  -1.00    -1.0     -1. -1.00 -1.00   2.33  -2.12   1.34 0.19 0.18 0.19 -1.00  -1.0     -1.  3.55 396.1  58514.
15:08:00 0.98  99.86  93.97 -0.05 1698  -1.00    -1.0     -1. -1.00 -1.00   2.37  -2.02   1.45 0.23 0.20 0.21 -1.00  -1.0     -1.  3.69 389.5  49675.
15:08:41 0.98  99.86  93.96 -0.05 1698  -1.00    -1.0     -1. -1.00 -1.00   2.28  -2.11   1.56 0.19 0.19 0.19 -1.00  -1.0     -1.  3.84 395.8  63088.
15:09:21 0.98  99.78  93.88 -0.31 1699  -1.00    -1.0     -1. -1.00 -1.00   2.19  -2.17   1.38 0.21 0.21 0.21 -1.00  -1.0     -1. -1.00  -1.0     -1.
15:09:56 0.98  99.86  93.95 -0.05 1698  -1.00    -1.0     -1. -1.00 -1.00   2.09  -2.05   1.12 0.27 0.12 0.21 -1.00  -1.0     -1.  4.09 380.0  86523.
15:10:42 0.98  99.86  93.94 -0.05 1698  -1.00    -1.0     -1. -1.00 -1.00   2.84  -1.85   0.54 0.53 0.28 0.59 -1.00  -1.0     -1.  3.94 393.9  67337.
15:11:23 0.98  99.86  93.94 -0.05 1698  -1.00    -1.0     -1. -1.00 -1.00   3.10  -1.75  -0.03 0.22 0.20 0.18 -1.00  -1.0     -1.  3.68 394.1  69446.
15:12:03 0.98  99.86  93.93 -0.05 1698  -1.00    -1.0     -1. -1.00 -1.00   2.99  -1.67  -0.02 0.25 0.17 0.26 -1.00  -1.0     -1.  4.12 390.9  83628.
15:12:44 0.98  99.86  93.93 -0.05 1698  -1.00    -1.0     -1. -1.00 -1.00   2.94  -1.63  -0.34 0.22 0.20 0.29 -1.00  -1.0     -1.  4.28 385.4  75303.
15:13:24 0.98  99.86  93.92 -0.05 1698  -1.00    -1.0     -1. -1.00 -1.00   2.94  -1.89   0.26 0.29 0.22 0.24 -1.00  -1.0     -1.  3.41 392.1  54123.
15:14:05 0.98  99.86  93.91 -0.05 1698  -1.00    -1.0     -1. -1.00 -1.00   2.82  -1.92   0.28 0.24 0.25 0.22 -1.00  -1.0     -1.  3.45 392.1  49861.
15:14:45 0.98  99.86  93.91 -0.05 1698  -1.00    -1.0     -1. -1.00 -1.00   2.75  -1.88   0.66 0.26 0.21 0.24 -1.00  -1.0     -1.  3.81 388.4  67886.
15:15:26 0.98  99.85  93.90 -0.05 1698  -1.00    -1.0     -1. -1.00 -1.00   2.51  -1.90   0.45 0.26 0.12 0.28 -1.00  -1.0     -1.  3.59 389.2  95804.
15:16:06 0.98  99.85  93.89 -0.05 1698  -1.00    -1.0     -1. -1.00 -1.00   2.79  -1.85   0.46 0.25 0.19 0.21 -1.00  -1.0     -1.  3.51 389.1  57927.
15:16:47 0.98  99.85  93.89 -0.05 1698  -1.00    -1.0     -1. -1.00 -1.00   2.78  -1.65   0.24 0.24 0.19 0.24 -1.00  -1.0     -1.  3.45 388.8  53359.
15:17:27 0.98  99.85  93.88 -0.05 1698  -1.00    -1.0     -1. -1.00 -1.00   3.06  -1.76   0.25 0.18 0.23 0.20 -1.00  -1.0     -1.  4.15 384.6  65473.
15:18:08 0.98  99.85  93.87 -0.05 1698  -1.00    -1.0     -1. -1.00 -1.00   3.08  -1.63   0.27 0.22 0.18 0.39 -1.00  -1.0     -1.  4.19 389.3  70732.
15:18:48 0.98  99.85  93.87 -0.05 1698  -1.00    -1.0     -1. -1.00 -1.00   2.78  -1.77   1.02 0.20 0.19 0.26 -1.00  -1.0     -1.  3.55 385.1  63988.
15:19:29 0.98  99.85  93.86 -0.05 1698  -1.00    -1.0     -1. -1.00 -1.00   3.05  -1.98   0.72 0.25 0.19 0.13 -1.00  -1.0     -1.  4.05 391.0  55578.
15:20:09 0.98  99.85  93.85 -0.05 1698  -1.00    -1.0     -1. -1.00 -1.00   3.03  -1.93   0.57 0.21 0.21 0.23 -1.00  -1.0     -1.  3.61 387.4  54015.
15:20:50 0.98  99.85  93.85 -0.05 1698  -1.00    -1.0     -1. -1.00 -1.00   2.96  -2.06   0.43 0.26 0.21 0.24 -1.00  -1.0     -1.  3.22 391.2  41083.
15:21:30 0.98  99.85  93.84 -0.05 1698  -1.00    -1.0     -1. -1.00 -1.00   2.87  -2.02   0.33 0.18 0.23 0.20 -1.00  -1.0     -1.  3.18 391.7  37159.
15:22:11 0.98  99.85  93.83 -0.05 1698  -1.00    -1.0     -1. -1.00 -1.00   2.78  -2.03   0.61 0.20 0.21 0.16 -1.00  -1.0     -1.  3.17 391.6  41009.
15:22:51 0.98  99.85  93.83 -0.05 1698  -1.00    -1.0     -1. -1.00 -1.00   2.58  -2.18   0.62 0.21 0.19 0.18 -1.00  -1.0     -1.  3.74 390.7  50754.
15:23:32 0.98  99.85  93.82 -0.05 1698  -1.00    -1.0     -1. -1.00 -1.00   2.63  -2.18   0.62 0.26 0.22 0.25 -1.00  -1.0     -1.  3.41 393.8  51787.
15:24:12 0.98  99.85  93.82 -0.05 1698  -1.00    -1.0     -1. -1.00 -1.00   2.61  -2.06   0.70 0.21 0.21 0.23 -1.00  -1.0     -1.  3.56 389.3  40300.
15:24:53 0.98  99.85  93.81 -0.05 1698  -1.00    -1.0     -1. -1.00 -1.00   2.82  -1.73   0.47 0.19 0.17 0.22 -1.00  -1.0     -1.  3.59 389.8  49942.
15:25:33 0.98  99.85  93.81 -0.05 1698  -1.00    -1.0     -1. -1.00 -1.00   3.13  -1.61   0.01 0.26 0.19 0.36 -1.00  -1.0     -1.  3.27 385.6  52557.
15:26:14 0.98  99.85  93.80 -0.05 1698  -1.00    -1.0     -1. -1.00 -1.00   3.23  -1.30  -0.41 0.25 0.25 0.27 -1.00  -1.0     -1.  3.62 383.6  27017.
15:26:54 0.98  99.85  93.79 -0.05 1698  -1.00    -1.0     -1. -1.00 -1.00   3.18  -1.36  -0.14 0.24 0.25 0.28 -1.00  -1.0     -1.  4.01 379.1  52476.
15:27:35 0.98  99.85  93.79 -0.05 1698  -1.00    -1.0     -1. -1.00 -1.00   3.17  -1.44   0.19 0.21 0.18 0.22 -1.00  -1.0     -1.  3.84 384.0  54957.
15:28:15 0.98  99.85  93.78 -0.05 1698  -1.00    -1.0     -1. -1.00 -1.00   3.11  -1.17  -0.40 0.22 0.20 0.45 -1.00  -1.0     -1.  3.24 383.4  48815.
15:28:56 0.98  99.85  93.77 -0.05 1698  -1.00    -1.0     -1. -1.00 -1.00   3.32  -1.25  -0.12 0.20 0.23 0.39 -1.00  -1.0     -1.  3.95 383.8  78811.
15:29:36 0.98  99.85  93.77 -0.05 1698  -1.00    -1.0     -1. -1.00 -1.00   3.19  -1.03  -1.05 0.23 0.20 0.37 -1.00  -1.0     -1.  4.11 378.2  58921.
15:30:17 0.98  99.85  93.76 -0.05 1698  -1.00    -1.0     -1. -1.00 -1.00   3.16  -0.95  -0.85 0.20 0.22 0.22 -1.00  -1.0     -1.  3.92 380.2  72025.
15:30:57 0.98  99.85  93.75 -0.05 1698  -1.00    -1.0     -1. -1.00 -1.00   2.97  -0.82  -1.29 0.20 0.21 0.20 -1.00  -1.0     -1.  4.55 382.5  78470.
15:31:38 0.98  99.85  93.75 -0.05 1698  -1.00    -1.0     -1. -1.00 -1.00   2.89  -0.85  -1.35 0.22 0.15 0.18 -1.00  -1.0     -1.  4.46 379.2  73301.
15:32:18 0.98  99.85  93.74 -0.05 1698  -1.00    -1.0     -1. -1.00 -1.00   3.09  -0.53  -1.52 0.29 0.27 0.25 -1.00  -1.0     -1.  4.63 377.8  64242.
15:32:59 0.98  99.85  93.73 -0.05 1698  -1.00    -1.0     -1. -1.00 -1.00   2.80  -0.88  -1.32 0.26 0.35 0.31 -1.00  -1.0     -1.  4.34 376.8  75007.
15:33:39 0.98  99.85  93.73 -0.05 1698  -1.00    -1.0     -1. -1.00 -1.00   3.01  -0.60  -1.59 0.18 0.21 0.21 -1.00  -1.0     -1.  4.01 379.1  56725.
15:34:20 0.98  99.85  93.72 -0.05 1698  -1.00    -1.0     -1. -1.00 -1.00   2.80  -0.87  -1.08 0.22 0.23 0.27 -1.00  -1.0     -1.  4.54 377.6  80321.
15:35:00 0.98  99.85  93.71 -0.05 1698  -1.00    -1.0     -1. -1.00 -1.00   2.94  -0.76  -1.32 0.21 0.25 0.27 -1.00  -1.0     -1.  4.32 375.8  55009.
15:35:41 0.98  99.85  93.71 -0.05 1698  -1.00    -1.0     -1. -1.00 -1.00   3.00  -0.49  -1.59 0.22 0.20 0.19 -1.00  -1.0     -1.  3.61 374.7  51696.
15:36:21 0.98  99.85  93.70 -0.05 1698  -1.00    -1.0     -1. -1.00 -1.00   3.09  -0.08  -1.83 0.24 0.22 0.20 -1.00  -1.0     -1.  3.76 372.4  64875.
15:37:02 0.98  99.85  93.70 -0.05 1698  -1.00    -1.0     -1. -1.00 -1.00   3.16  -0.55  -1.20 0.24 0.24 0.25 -1.00  -1.0     -1.  3.75 377.2  78324.
15:37:42 0.98  99.85  93.69 -0.05 1698  -1.00    -1.0     -1. -1.00 -1.00   3.17  -0.68  -1.44 0.20 0.24 0.18 -1.00  -1.0     -1.  4.26 374.5  38871.
15:38:23 0.98  99.85  93.68 -0.05 1698  -1.00    -1.0     -1. -1.00 -1.00   3.05  -0.72  -1.45 0.22 0.19 0.15 -1.00  -1.0     -1.  3.93 372.2  62143.
15:39:03 0.98  99.85  93.68 -0.05 1698  -1.00    -1.0     -1. -1.00 -1.00   3.19  -0.91  -1.28 0.21 0.21 0.22 -1.00  -1.0     -1.  3.73 374.2  66909.
15:39:44 0.98  99.85  93.67 -0.05 1698  -1.00    -1.0     -1. -1.00 -1.00   3.61  -1.17  -1.19 0.26 0.24 0.37 -1.00  -1.0     -1.  3.52 386.5  54863.
15:40:24 0.98  99.85  93.67 -0.05 1698  -1.00    -1.0     -1. -1.00 -1.00   3.56  -1.54  -0.62 0.26 0.20 0.26 -1.00  -1.0     -1.  3.32 387.5  44673.
15:41:05 0.98  99.85  93.66 -0.05 1698  -1.00    -1.0     -1. -1.00 -1.00   3.50  -1.51  -0.17 0.17 0.11 0.20 -1.00  -1.0     -1.  3.11 382.6  31088.
15:41:45 0.98  99.85  93.65 -0.05 1698  -1.00    -1.0     -1. -1.00 -1.00   3.32  -1.61   0.00 0.19 0.15 0.19 -1.00  -1.0     -1.  3.49 385.1  43676.
15:42:26 0.98  99.85  93.65 -0.05 1698  -1.00    -1.0     -1. -1.00 -1.00   3.53  -1.63   0.05 0.23 0.15 0.24 -1.00  -1.0     -1.  3.56 388.2  71820.
15:43:05 0.98  99.85  93.64 -0.05 1698  -1.00    -1.0     -1. -1.00 -1.00   3.37  -1.65   0.22 0.23 0.21 0.31 -1.00  -1.0     -1.  3.58 390.7  68055.
15:43:50 0.98  99.85  93.63 -0.05 1698  -1.00    -1.0     -1. -1.00 -1.00   3.43  -1.62   0.31 0.21 0.20 0.37 -1.00  -1.0     -1.  3.89 390.8  56829.
15:44:31 0.98  99.85  93.63 -0.05 1698  -1.00    -1.0     -1. -1.00 -1.00   3.18  -1.62   0.49 0.23 0.13 0.43 -1.00  -1.0     -1.  3.26 384.7  51901.
15:45:11 0.98  99.85  93.62 -0.05 1698  -1.00    -1.0     -1. -1.00 -1.00   3.06  -1.60   0.85 0.19 0.13 0.22 -1.00  -1.0     -1.  4.07 392.3  58735.
15:45:48 0.98  99.85  93.62 -0.05 1698  -1.00    -1.0     -1. -1.00 -1.00   2.71  -1.64   0.99 0.23 0.19 0.26 -1.00  -1.0     -1.  3.55 389.0  55045.
15:46:29 0.98  99.85  93.61 -0.05 1698  -1.00    -1.0     -1. -1.00 -1.00   2.44  -1.72   1.26 0.17 0.22 0.20 -1.00  -1.0     -1.  3.52 390.2  56332.
15:47:09 0.98  99.85  93.60 -0.05 1698  -1.00    -1.0     -1. -1.00 -1.00   2.26  -1.66   1.34 0.26 0.21 0.28 -1.00  -1.0     -1.  3.31 392.5  43130.
15:47:50 0.98  99.85  93.60 -0.05 1698  -1.00    -1.0     -1. -1.00 -1.00   1.94  -1.69   1.64 0.21 0.22 0.28 -1.00  -1.0     -1.  3.86 388.6  64589.
15:48:30 0.98  99.85  93.59 -0.05 1698  -1.00    -1.0     -1. -1.00 -1.00   1.86  -1.86   1.76 0.28 0.18 0.26 -1.00  -1.0     -1.  3.88 386.7  55857.
15:49:11 0.98  99.85  93.58 -0.05 1698  -1.00    -1.0     -1. -1.00 -1.00   2.01  -1.77   1.78 0.32 0.18 0.37 -1.00  -1.0     -1.  3.75 388.3  52459.
15:49:51 0.98  99.85  93.58 -0.05 1698  -1.00    -1.0     -1. -1.00 -1.00   2.67  -1.59   1.02 0.25 0.21 0.27 -1.00  -1.0     -1.  3.70 387.5  54093.
15:50:32 0.98  99.85  93.57 -0.05 1698  -1.00    -1.0     -1. -1.00 -1.00   2.88  -1.44   0.90 0.25 0.23 0.21 -1.00  -1.0     -1.  4.05 389.9  74809.
15:51:11 0.98  99.85  93.56 -0.05 1698  -1.00    -1.0     -1. -1.00 -1.00   2.88  -1.37   0.81 0.18 0.20 0.19 -1.00  -1.0     -1.  4.13 386.0  56247.
15:51:52 0.98  99.77  93.48 -0.31 1699  -1.00    -1.0     -1. -1.00 -1.00   2.89  -1.54   0.95 0.21 0.19 0.30 -1.00  -1.0     -1. -1.00  -1.0     -1.
15:53:08 0.98  99.85  93.55 -0.05 1698  -1.00    -1.0     -1. -1.00 -1.00   3.02   0.44  -0.12 0.00 0.00 0.00 -1.00  -1.0     -1.  3.98 384.0  52251.
16:36:20 0.98  99.84  93.14 -0.06 1698  -1.00    -1.0     -1. -1.00 -1.00   0.00   0.00   0.00 0.00 0.00 0.00 -1.00  -1.0     -1.  3.18 377.9  37968.
17:19:32 0.98  99.83  92.74 -0.06 1698  -1.00    -1.0     -1. -1.00 -1.00   0.00   0.00   0.00 0.00 0.00 0.00 -1.00  -1.0     -1.  3.87 376.3  49133.
18:02:44 0.98  99.82  92.33 -0.06 1698  -1.00    -1.0     -1. -1.00 -1.00   0.00   0.00   0.00 0.00 0.00 0.00 -1.00  -1.0     -1.  3.93 374.1  69670.
19:29:08 0.98  99.81  91.52 -0.07 1698  -1.00    -1.0     -1. -1.00 -1.00   0.00   0.00   0.00 0.00 0.00 0.00 -1.00  -1.0     -1.  3.81 373.5  75640.
20:10:57 0.98  99.72  91.06 -0.33 1699  -1.00    -1.0     -1. -1.00 -1.00  -1.20  -1.37   2.02 0.00 0.00 0.00 -1.00  -1.0     -1. -1.00  -1.0     -1.
20:36:02 0.98  99.80  90.90 -0.07 1698  -1.00    -1.0     -1. -1.00 -1.00  -2.08  -0.99   0.72 0.00 0.00 0.00 -1.00  -1.0     -1. -1.00  -1.0     -1.
20:41:26 0.98  99.79  90.85 -0.07 1698  -1.00    -1.0     -1. -1.00 -1.00   0.00   0.00   0.00 0.00 0.00 0.00 -1.00  -1.0     -1.  4.04 380.8  26754.
20:46:50 0.98  99.79  90.79 -0.07 1698  -1.00    -1.0     -1. -1.00 -1.00   0.00   0.00   0.00 0.00 0.00 0.00 -1.00  -1.0     -1.  3.76 362.5  45098.
20:52:14 0.98  99.79  90.75 -0.07 1698  -1.00    -1.0     -1. -1.00 -1.00   0.00   0.00   0.00 0.00 0.00 0.00 -1.00  -1.0     -1.  3.96 359.9  79392.
20:54:06 0.98  99.79  90.73 -0.07 1698  -1.00    -1.0     -1. -1.00 -1.00   0.00   0.00   0.00 0.00 0.00 0.00 -1.00  -1.0     -1.  4.16 380.1  50585.
20:59:30 0.98  99.79  90.68 -0.07 1698  -1.00    -1.0     -1. -1.00 -1.00   0.00   0.00   0.00 0.00 0.00 0.00 -1.00  -1.0     -1.  4.03 383.5  27372.
21:04:54 0.98  99.79  90.63 -0.07 1698  -1.00    -1.0     -1. -1.00 -1.00   0.00   0.00   0.00 0.00 0.00 0.00 -1.00  -1.0     -1.  3.89 382.4  47353.
21:10:18 0.98  99.79  90.57 -0.07 1698  -1.00    -1.0     -1. -1.00 -1.00   0.00   0.00   0.00 0.00 0.00 0.00 -1.00  -1.0     -1.  3.60 379.9  37650.
21:27:38 0.98  99.79  90.41 -0.07 1698  -1.00    -1.0     -1. -1.00 -1.00  -1.96  -0.73   0.80 0.19 0.17 0.16 -1.00  -1.0     -1.  4.25 378.7  54763.
21:29:12 0.98  99.71  90.32 -0.33 1699  -1.00    -1.0     -1. -1.00 -1.00  -2.22  -0.57   0.96 0.12 0.04 0.20 -1.00  -1.0     -1. -1.00  -1.0     -1.
21:30:20 0.98  99.79  90.39 -0.07 1698  -1.00    -1.0     -1. -1.00 -1.00  -2.06  -0.61   1.04 0.12 0.19 0.16 -1.00  -1.0     -1.  3.36 382.1  19676.
21:31:52 0.98  99.78  90.37 -0.07 1698  -1.00    -1.0     -1. -1.00 -1.00  -2.31  -0.61   0.32 0.08 0.16 0.00 -1.00  -1.0     -1.  3.71 383.2  41957.
21:34:34 0.98  99.78  90.35 -0.07 1698  -1.00    -1.0     -1. -1.00 -1.00  -3.05  -0.47   0.15 0.29 0.14 0.18 -1.00  -1.0     -1.  4.37 388.5 104893.
21:37:16 0.98  99.78  90.32 -0.07 1698  -1.00    -1.0     -1. -1.00 -1.00  -3.18   0.18   0.63 0.54 0.30 0.05 -1.00  -1.0     -1.  4.81 385.8  90801.
21:39:58 0.98  99.78  90.30 -0.07 1698  -1.00    -1.0     -1. -1.00 -1.00  -0.55  -2.26   1.20 0.22 0.15 0.18 -1.00  -1.0     -1.  3.69 370.2  22314.
21:42:40 0.98  99.78  90.27 -0.07 1698  -1.00    -1.0     -1. -1.00 -1.00  -1.57  -2.62   0.56 0.31 0.15 0.17 -1.00  -1.0     -1.  4.07 372.2  38592.
21:45:22 0.98  99.78  90.25 -0.07 1698  -1.00    -1.0     -1. -1.00 -1.00  -0.13  -2.96  -0.02 0.15 0.25 0.20 -1.00  -1.0     -1.  4.49 367.8  31695.
21:48:04 0.98  99.78  90.22 -0.07 1698  -1.00    -1.0     -1. -1.00 -1.00   0.03  -2.70   0.34 0.01 0.00 0.20 -1.00  -1.0     -1.  4.56 372.0  39914.
21:50:46 0.98  99.78  90.20 -0.07 1698  -1.00    -1.0     -1. -1.00 -1.00  -0.26  -2.54   0.50 0.27 0.15 0.05 -1.00  -1.0     -1.  4.51 367.9  48077.
21:53:28 0.98  99.78  90.17 -0.07 1698  -1.00    -1.0     -1. -1.00 -1.00  -0.74  -2.76   0.69 0.23 0.17 0.17 -1.00  -1.0     -1.  4.39 375.6  42792.
21:56:10 0.98  99.78  90.15 -0.08 1698  -1.00    -1.0     -1. -1.00 -1.00  -0.52  -2.78   0.50 0.19 0.16 0.26 -1.00  -1.0     -1.  3.63 376.2  26530.
21:58:52 0.98  99.78  90.12 -0.08 1698  -1.00    -1.0     -1. -1.00 -1.00   0.04  -2.78   0.54 0.04 0.16 0.00 -1.00  -1.0     -1.  4.85 371.1  37773.
22:01:34 0.98  99.78  90.10 -0.08 1698  -1.00    -1.0     -1. -1.00 -1.00  -0.33  -2.89  -0.42 0.05 0.00 0.20 -1.00  -1.0     -1.  4.00 374.6  34138.
22:04:16 0.98  99.78  90.07 -0.08 1698  -1.00    -1.0     -1. -1.00 -1.00  -0.42  -2.97  -0.78 0.19 0.10 0.20 -1.00  -1.0     -1.  3.74 374.5  33846.
22:06:58 0.98  99.78  90.04 -0.08 1698  -1.00    -1.0     -1. -1.00 -1.00  -0.86  -2.61  -0.84 0.07 0.16 0.16 -1.00  -1.0     -1.  3.51 377.6  23782.
22:09:40 0.98  99.78  90.02 -0.08 1698  -1.00    -1.0     -1. -1.00 -1.00  -0.58  -2.39  -1.07 0.19 0.13 0.47 -1.00  -1.0     -1.  3.53 375.3  27674.
22:12:22 0.98  99.78  89.99 -0.08 1698  -1.00    -1.0     -1. -1.00 -1.00  -1.07  -2.01  -1.08 0.15 0.34 0.16 -1.00  -1.0     -1.  4.02 381.7  54119.
22:15:04 0.98  99.78  89.97 -0.08 1698  -1.00    -1.0     -1. -1.00 -1.00  -1.30  -1.52  -0.70 0.08 0.16 0.12 -1.00  -1.0     -1.  3.56 377.2  25296.
22:17:46 0.98  99.78  89.94 -0.08 1698  -1.00    -1.0     -1. -1.00 -1.00  -0.78  -2.06  -0.51 0.15 0.33 0.20 -1.00  -1.0     -1.  3.79 378.7  52135.
22:20:28 0.98  99.78  89.92 -0.08 1698  -1.00    -1.0     -1. -1.00 -1.00  -0.94  -1.78  -0.84 0.23 0.39 0.16 -1.00  -1.0     -1.  3.63 375.9  50845.
22:23:08 0.98  99.78  89.89 -0.08 1698  -1.00    -1.0     -1. -1.00 -1.00   0.48  -2.28  -0.64 0.15 0.27 0.00 -1.00  -1.0     -1.  3.49 371.5  20524.
22:25:50 0.98  99.77  89.87 -0.08 1698  -1.00    -1.0     -1. -1.00 -1.00   0.24  -2.20  -0.64 0.00 0.00 0.00 -1.00  -1.0     -1.  3.48 371.1  38251.
22:28:32 0.98  99.77  89.84 -0.08 1698  -1.00    -1.0     -1. -1.00 -1.00   0.72  -1.98  -0.56 0.16 0.04 0.16 -1.00  -1.0     -1. -1.00  -1.0     -1.
22:31:14 0.98  99.77  89.82 -0.08 1698  -1.00    -1.0     -1. -1.00 -1.00   1.83  -1.91  -0.12 0.00 0.00 0.00 -1.00  -1.0     -1. -1.00  -1.0     -1.
23:06:20 0.98  99.77  89.49 -0.08 1698  -1.00    -1.0     -1. -1.00 -1.00   0.00   0.00   0.00 0.00 0.00 0.00 -1.00  -1.0     -1.  3.70 366.6  61857.
23:09:02 0.98  99.77  89.46 -0.08 1698  -1.00    -1.0     -1. -1.00 -1.00   1.62  -1.79  -0.75 0.22 0.10 0.37 -1.00  -1.0     -1.  3.40 359.1  38407.
23:11:44 0.98  99.77  89.44 -0.08 1698  -1.00    -1.0     -1. -1.00 -1.00   1.32  -1.84   0.45 0.09 0.15 0.19 -1.00  -1.0     -1.  3.98 364.1  46183.
23:14:26 0.98  99.77  89.41 -0.08 1698  -1.00    -1.0     -1. -1.00 -1.00   1.57  -2.05  -0.05 0.14 0.08 0.30 -1.00  -1.0     -1.  3.63 364.6  50052.
23:17:10 0.98  99.77  89.39 -0.08 1698  -1.00    -1.0     -1. -1.00 -1.00   1.45  -2.13  -0.15 0.16 0.04 0.04 -1.00  -1.0     -1.  4.00 366.0  41467.
23:19:52 0.98  99.76  89.36 -0.08 1698  -1.00    -1.0     -1. -1.00 -1.00   2.11  -2.27  -0.20 0.16 0.08 0.16 -1.00  -1.0     -1.  3.91 362.8  50988.
23:22:34 0.98  99.76  89.33 -0.08 1698  -1.00    -1.0     -1. -1.00 -1.00   1.98  -2.07  -0.76 0.05 0.20 0.20 -1.00  -1.0     -1.  3.61 365.8  63667.
23:25:16 0.98  99.76  89.31 -0.08 1698  -1.00    -1.0     -1. -1.00 -1.00   1.71  -2.03  -1.17 0.20 0.10 0.20 -1.00  -1.0     -1.  3.16 362.6  37312.
23:27:58 0.98  99.76  89.29 -0.08 1698  -1.00    -1.0     -1. -1.00 -1.00   2.31  -1.56   0.37 0.19 0.15 0.16 -1.00  -1.0     -1.  3.44 363.2  46018.
23:30:40 0.98  99.76  89.26 -0.08 1698  -1.00    -1.0     -1. -1.00 -1.00   1.89  -1.88   0.37 0.12 0.08 0.16 -1.00  -1.0     -1.  3.92 363.3  45141.
23:33:22 0.98  99.76  89.23 -0.08 1698  -1.00    -1.0     -1. -1.00 -1.00   1.70  -1.68   0.77 0.10 0.20 0.16 -1.00  -1.0     -1.  4.34 360.1  62884.
23:36:04 0.98  99.76  89.21 -0.08 1698  -1.00    -1.0     -1. -1.00 -1.00   1.67  -1.60   0.45 0.08 0.16 0.20 -1.00  -1.0     -1.  3.96 356.6  66356.
23:38:44 0.98  99.76  89.18 -0.08 1698  -1.00    -1.0     -1. -1.00 -1.00   1.65  -1.52   0.21 0.04 0.00 0.16 -1.00  -1.0     -1.  4.42 362.0  63712.
23:41:26 0.98  99.76  89.16 -0.08 1698  -1.00    -1.0     -1. -1.00 -1.00   1.81  -1.72   0.37 0.30 0.30 0.16 -1.00  -1.0     -1.  4.96 365.8  95982.
23:44:08 0.98  99.76  89.14 -0.08 1698  -1.00    -1.0     -1. -1.00 -1.00   1.87  -1.81   0.21 0.08 0.24 0.16 -1.00  -1.0     -1.  3.89 361.8  60616.
23:46:50 0.98  99.76  89.11 -0.08 1698  -1.00    -1.0     -1. -1.00 -1.00   2.50   1.17   2.70 0.00 0.00 0.00 -1.00  -1.0     -1. -1.00  -1.0     -1.
23:50:26 0.98  99.76  89.08 -0.08 1698  -1.00    -1.0     -1. -1.00 -1.00   1.92   2.23   2.27 0.16 0.08 0.16 -1.00  -1.0     -1. -1.00  -1.0     -1.
23:53:08 0.98  99.76  89.05 -0.08 1698  -1.00    -1.0     -1. -1.00 -1.00   1.36   0.19   1.14 0.08 0.24 0.19 -1.00  -1.0     -1.  4.07 359.3  53762.
23:53:09 0.98  99.76  89.05 -0.08 1698  -1.00    -1.0     -1. -1.00 -1.00   0.00   0.00   0.00 0.00 0.00 0.00 -1.00  -1.0     -1.  4.91 362.3  77697.
23:54:58 0.98  99.76  89.03 -0.08 1698  -1.00    -1.0     -1. -1.00 -1.00   1.51   1.57   1.79 0.00 0.00 0.00 -1.00  -1.0     -1.  3.71 365.7  58177.
23:57:40 0.98  99.76  89.01 -0.08 1698  -1.00    -1.0     -1. -1.00 -1.00   1.69   1.53   1.47 0.16 0.19 0.16 -1.00  -1.0     -1.  3.91 363.3  50341.
