202  1:22:56 0.83 106.98 277.83  3.76 1697  -1.00    -1.0     -1. -1.00 -1.00  -0.48   2.47  -0.61 0.08 0.24 0.00 -1.00  -1.0     -1. -1.00  -1.0     -1.
202  1:24:44 0.83 106.91 277.75  3.67 1698  -1.00    -1.0     -1. -1.00 -1.00  -0.21   1.91  -1.51 0.22 0.16 0.41 -1.00  -1.0     -1. -1.00  -1.0     -1.
202  1:25:38 0.83 106.98 277.80  3.76 1697  -1.00    -1.0     -1. -1.00 -1.00  -0.44   2.93  -2.05 0.30 0.15 0.19 -1.00  -1.0     -1. -1.00  -1.0     -1.
202  1:28:20 0.83 106.98 277.78  3.76 1697  -1.00    -1.0     -1. -1.00 -1.00  -2.90   2.32  -0.34 0.14 0.08 0.25 -1.00  -1.0     -1. -1.00  -1.0     -1.
202  1:28:21 0.83 106.98 277.78  3.76 1697   7.69   352.5  79623. -1.47  1.24   0.00   0.00   0.00 0.00 0.00 0.00 -1.00  -1.0     -1.  8.14 348.3  80442.
202  1:28:22 0.83 106.98 277.78  3.76 1697   7.79   344.2  94634. -1.32  2.23   0.00   0.00   0.00 0.00 0.00 0.00 -1.00  -1.0     -1.  8.13 341.6  81452.
202  1:30:08 0.83 106.98 277.77  3.76 1697   7.70   343.9  99039. -1.78  2.16  -2.96   1.84  -0.34 0.15 0.05 0.00 -1.00  -1.0     -1.  8.52 346.8 120021.
202  1:32:52 0.83 106.98 277.74  3.76 1697   7.88   352.4  89947. -2.20  1.62  -1.77   2.21  -0.92 0.34 0.15 0.16 -1.00  -1.0     -1.  8.22 352.3  84681.
202  1:35:34 0.83 106.98 277.72  3.76 1697   8.05   353.1  80669. -2.64  2.69  -1.16   1.52  -0.30 0.20 0.23 0.16 -1.00  -1.0     -1.  8.58 352.5  86773.
202  1:38:16 0.83 106.98 277.69  3.76 1697   7.75   352.1  92614. -2.77  3.88  -2.48   1.29   1.18 0.28 0.13 0.40 -1.00  -1.0     -1.  8.58 349.1  93984.
202  1:40:58 0.83 106.98 277.66  3.76 1697   7.87   349.4  88163. -2.45  4.00  -2.33   0.84   1.39 0.13 0.22 0.36 -1.00  -1.0     -1.  8.74 351.6  93728.
202  1:43:40 0.83 106.98 277.64  3.76 1697   8.06   348.4  93072. -2.15  3.37  -2.56   1.11   0.29 0.16 0.12 0.32 -1.00  -1.0     -1.  8.12 351.2  84317.
202  1:46:22 0.83 106.98 277.62  3.76 1697   8.37   350.0  74416. -2.62  3.16  -1.69   0.65   0.56 0.28 0.31 0.44 -1.00  -1.0     -1.  8.21 347.8  76199.
202  1:49:04 0.83 106.98 277.59  3.76 1697   7.85   349.0  92951. -2.82  3.74  -2.37   1.13   0.88 0.19 0.17 0.04 -1.00  -1.0     -1.  7.46 350.4  86909.
202  1:51:46 0.83 106.98 277.57  3.76 1697   7.89   348.2  91954. -2.61  3.63  -2.32   0.57   1.26 0.08 0.16 0.25 -1.00  -1.0     -1.  8.47 346.8  77131.
202  1:54:28 0.83 106.98 277.54  3.76 1697   8.72   346.9  85344. -2.20  3.18  -2.17   0.73   1.08 0.37 0.08 0.20 -1.00  -1.0     -1.  8.01 348.7  68205.
202  1:57:10 0.83 106.98 277.52  3.76 1697   8.03   343.3  87689. -2.24  2.86  -2.47   1.07   0.53 0.10 0.15 0.16 -1.00  -1.0     -1.  7.81 344.1  60454.
202  1:59:52 0.83 106.98 277.49  3.76 1697   7.89   342.4  78138. -2.54  2.72  -2.54   0.49  -0.25 0.22 0.18 0.15 -1.00  -1.0     -1.  8.27 345.0  74373.
202  2:02:34 0.83 106.98 277.47  3.76 1697   7.82   342.6  91967. -2.01  2.68  -2.97   0.99  -0.25 0.19 0.25 0.17 -1.00  -1.0     -1.  7.91 347.4  98610.
202  2:05:16 0.83 106.98 277.44  3.76 1697   8.02   346.5  85561. -1.83  2.70  -2.25   0.29   0.60 0.33 0.13 0.13  0.10 343.3 129808.  8.54 350.9  81458.
202  2:07:58 0.83 106.98 277.42  3.76 1697   8.14   341.0 103174. -2.02  3.07  -2.63   0.37   0.69 0.08 0.16 0.32 -1.00  -1.0     -1.  7.94 338.7 100504.
202  2:10:40 0.83 106.98 277.39  3.76 1697   7.63   343.0  91581. -1.99  3.07  -3.00   0.97  -0.27 0.20 0.07 0.16 -1.00  -1.0     -1.  7.37 343.1  90502.
202  2:13:22 0.83 106.98 277.37  3.75 1697   7.55   341.9  86662. -1.89  2.64  -2.91   0.64  -1.16 0.16 0.20 0.00 -1.00  -1.0     -1.  7.52 338.8  76362.
202  2:16:04 0.83 106.98 277.34  3.75 1697   8.02   339.4  76758. -1.71  2.57  -3.15   1.32  -0.84 0.15 0.10 0.16 -1.00  -1.0     -1.  7.78 338.8  81426.
202  2:18:46 0.83 106.98 277.32  3.75 1697   8.04   341.6  86750. -1.91  2.66  -2.83   1.00  -1.00 0.00 0.00 0.20 -1.00  -1.0     -1.  7.18 342.7  73896.
202  2:21:28 0.83 106.98 277.29  3.75 1697   7.56   338.8  68491. -1.88  2.23  -2.82   0.98  -1.48 0.15 0.04 0.16 -1.00  -1.0     -1.  7.66 338.1  62663.
202  2:24:10 0.83 106.98 277.27  3.75 1697   7.85   342.4  83346. -2.27  2.15  -2.77   0.60  -1.56 0.15 0.10 0.00 -1.00  -1.0     -1.  7.54 342.2  73821.
202  2:26:52 0.83 106.98 277.24  3.75 1697   7.28   348.6  87777. -3.06  1.00  -1.12   0.12  -2.80 0.35 0.49 0.19 -1.00  -1.0     -1.  7.71 349.1  74721.
202  2:29:34 0.83 106.98 277.22  3.75 1697   7.42   357.8  60671. -1.84  0.30   0.40   0.90  -2.92 0.22 0.18 0.00  0.10 372.4 233863.  7.53 354.6  60980.
202  2:32:16 0.83 106.98 277.20  3.75 1697   7.70   351.8  75679. -2.53  0.32  -0.58   0.94  -2.99 0.28 0.23 0.05  0.08 353.8  69309.  7.45 353.2  54376.
202  2:34:58 0.83 106.98 277.17  3.75 1697   6.84   343.1  81017. -1.60  2.36  -2.38   1.20  -1.71 0.05 0.00 0.20 -1.00  -1.0     -1.  7.30 341.1  61968.
202  2:37:40 0.83 106.98 277.15  3.75 1697   7.46   341.8  73051. -3.30  2.43  -1.16   0.62  -2.64 0.66 0.94 0.49 -1.00  -1.0     -1.  7.28 345.0  64138.
202  2:40:22 0.83 106.98 277.12  3.75 1697   6.84   349.4  66834. -2.56  1.34  -0.21   0.74  -3.57 0.16 0.08 0.32 -1.00  -1.0     -1.  6.83 348.5  60775.
202  2:43:04 0.83 106.98 277.09  3.75 1697   7.16   350.1  58921. -1.62  1.20   0.00   0.98  -2.93 0.23 0.20 0.00 -1.00  -1.0     -1.  6.99 350.8  51959.
202  2:45:46 0.83 106.98 277.07  3.75 1697   7.26   348.1  63209. -1.73  1.04  -0.40   1.50  -2.94 0.22 0.11 0.15 -1.00  -1.0     -1.  6.94 349.1  58118.
202  2:48:28 0.83 106.98 277.04  3.75 1697   6.91   349.9  55227. -2.18  1.47   0.07   0.38  -3.74 0.20 0.10 0.00  0.07 353.0  75091.  6.88 347.9  43802.
202  2:51:10 0.83 106.98 277.02  3.75 1697   6.91   354.4 102148. -2.47  3.09   2.88  -0.67   1.93 0.20 0.08 0.41 -1.00  -1.0     -1.  7.65 356.8  90210.
202  2:53:52 0.83 106.98 277.00  3.75 1697   7.10   365.8  76654. -3.69  3.75   3.26  -1.19   0.75 0.00 0.36 0.22 -1.00  -1.0     -1.  6.86 363.5  84950.
202  2:56:34 0.83 106.98 276.97  3.75 1697   7.34   364.2  78129. -3.66  2.78   3.49  -1.82  -0.53 0.20 0.10 0.30 -1.00  -1.0     -1.  7.58 366.6  75562.
202  2:59:16 0.83 106.98 276.95  3.75 1697   7.10   366.4  74984. -3.95  3.27   3.55  -1.43  -0.40 0.36 0.28 0.21 -1.00  -1.0     -1.  7.32 367.2  74909.
202  3:01:58 0.83 106.98 276.92  3.75 1697   7.44   367.6  80260. -3.07  4.75   3.85  -1.37   1.48 0.16 0.39 0.30 -1.00  -1.0     -1.  7.22 369.0  83420.
202  3:04:40 0.83 106.98 276.90  3.75 1697   7.05   369.6  79571. -2.86  5.48   4.30  -1.29   2.21 0.12 0.04 0.00 -1.00  -1.0     -1.  7.16 372.4  76514.
202  3:07:22 0.83 106.98 276.87  3.75 1697   6.90   373.5  89229. -2.22  4.93   4.73  -0.49   1.74 0.13 0.30 0.19 -1.00  -1.0     -1.  6.70 372.2  93176.
202  3:10:04 0.83 106.98 276.85  3.75 1697   6.36   372.6  93020. -2.87  4.78   4.74  -1.17   1.03 0.16 0.08 0.04 -1.00  -1.0     -1.  7.10 374.2  82218.
202  3:12:46 0.83 106.98 276.82  3.75 1697   6.61   348.7  36656. -1.74  8.47   0.00  -0.38   4.82 0.24 0.08 0.20 -1.00  -1.0     -1.  6.28 350.4  34430.
202  3:15:28 0.83 106.98 276.80  3.75 1697   6.39   364.7  63644. -2.11  6.41   2.63  -1.13   3.69 0.09 0.47 0.00 -1.00  -1.0     -1.  6.66 365.9  47707.
202  3:18:10 0.83 106.98 276.78  3.75 1697   7.00   364.7  65512. -2.28  6.76   2.73  -0.71   3.85 0.18 0.22 0.20 -1.00  -1.0     -1.  7.13 368.8  64472.
202  3:20:52 0.83 106.98 276.75  3.75 1697   6.93   365.8  63576. -1.28  7.27   2.34   0.39   3.99 0.19 0.18 0.15 -1.00  -1.0     -1.  6.43 365.4  43812.
202  3:23:34 0.83 106.98 276.72  3.75 1697   6.46   366.4  72184. -1.39  5.84   2.95   0.89   3.54 0.22 0.13 0.19  0.05 369.5  70414.  7.21 370.9  55074.
202  3:26:16 0.83 106.98 276.70  3.75 1697   7.77   362.8  59697. -2.33  7.74   2.41   0.29   3.81 0.25 0.36 0.14 -1.00  -1.0     -1.  7.68 365.5  45563.
202  3:28:58 0.83 106.98 276.67  3.75 1697   6.37   349.7  40963.  3.47  5.83   0.53   4.19   1.82 0.18 0.18 0.05 -1.00  -1.0     -1.  6.42 350.5  43282.
202  3:31:40 0.83 106.98 276.65  3.75 1697   5.91   351.5  40440.  2.62  5.79   0.24   4.39   2.56 0.00 0.00 0.00 -1.00  -1.0     -1.  6.15 348.5  39332.
202  3:34:22 0.83 106.98 276.62  3.75 1697   6.17   350.6  37325.  2.85  5.63   0.45   4.51   1.96 0.22 0.12 0.21 -1.00  -1.0     -1.  5.87 352.3  42295.
202  3:37:04 0.83 106.98 276.60  3.75 1697   6.14   346.8  48772.  2.39  5.81  -0.52   4.45   2.15 0.26 0.12 0.00 -1.00  -1.0     -1.  6.30 344.1  42110.
202  3:39:46 0.83 106.98 276.58  3.75 1697   6.57   344.6  40138.  2.60  5.85  -0.60   4.47   2.15 0.08 0.16 0.00 -1.00  -1.0     -1.  6.67 343.7  51215.
202  3:42:28 0.83 106.98 276.55  3.75 1697   5.33   347.4  34382.  2.20  5.30  -0.57   4.77   1.91 0.22 0.10 0.20 -1.00  -1.0     -1.  5.55 343.7  27966.
202  3:45:10 0.83 106.98 276.53  3.75 1697   6.14   344.2  39046.  2.98  4.86  -0.53   4.99   1.20 0.19 0.18 0.20 -1.00  -1.0     -1.  6.53 341.5  48919.
202  3:47:52 0.83 106.98 276.50  3.75 1697   6.06   344.9  45862.  2.19  4.85  -0.52   5.07   1.28 0.21 0.20 0.16 -1.00  -1.0     -1.  6.07 343.7  37331.
202  3:50:34 0.83 106.98 276.47  3.75 1697   6.02   344.6  42178.  2.67  3.45  -0.32   5.37   0.00 0.17 0.12 0.20 -1.00  -1.0     -1.  6.01 340.7  37672.
202  3:53:16 0.83 106.98 276.45  3.75 1697   6.37   352.6  40170.  3.07  4.40   0.52   5.05   1.43 0.05 0.20 0.26 -1.00  -1.0     -1.  6.02 350.1  31949.
202  3:55:58 0.83 106.98 276.43  3.75 1697   6.21   349.0  39849.  2.80  3.97   0.44   4.81   1.35 0.14 0.10 0.20 -1.00  -1.0     -1.  6.20 350.4  36422.
202  3:58:40 0.83 106.98 276.40  3.75 1697   6.72   352.2  39553.  2.26  5.02   0.70   4.59   1.93 0.30 0.13 0.12 -1.00  -1.0     -1.  6.58 348.9  40369.
202  4:01:22 0.83 106.98 276.38  3.75 1697   6.94   351.4  46203.  2.26  5.64   0.49   4.37   2.28 0.26 0.10 0.26 -1.00  -1.0     -1.  6.87 351.1  34629.
202  4:04:04 0.83 106.98 276.35  3.75 1697   6.63   347.2  47967.  2.39  4.27   0.46   4.75   1.59 0.16 0.12 0.45 -1.00  -1.0     -1.  6.65 346.1  37906.
202  4:06:46 0.83 106.98 276.33  3.75 1697   5.99   345.1  37312.  2.84  4.28  -0.18   4.79   1.44 0.23 0.13 0.16 -1.00  -1.0     -1.  6.64 344.8  36308.
202  4:09:28 0.83 106.98 276.30  3.75 1697   6.28   360.1  42295.  0.06  6.01   1.76   3.33   3.42 0.12 0.29 0.41 -1.00  -1.0     -1.  6.15 361.8  39443.
202  4:12:11 0.83 106.98 276.28  3.75 1697   6.16   356.0  43399.  2.97  4.71   1.16   4.73   1.70 0.15 0.08 0.19 -1.00  -1.0     -1.  6.07 353.5  35782.
202  4:14:53 0.83 106.98 276.25  3.75 1697   6.28   358.7  40628.  2.58  4.73   1.50   4.41   1.79 0.20 0.10 0.16 -1.00  -1.0     -1.  6.72 354.4  53353.
202  4:17:35 0.83 106.98 276.23  3.75 1697   6.72   355.6  40849.  2.53  5.56   0.35   4.43   2.49 0.15 0.08 0.18 -1.00  -1.0     -1.  6.55 354.8  35106.
202  4:20:17 0.83 106.98 276.20  3.75 1697   6.38   357.7  39124.  3.06  4.51   1.41   4.85   1.23 0.12 0.08 0.20  0.08 368.4 110603.  6.04 357.8  26540.
202  4:22:59 0.83 106.98 276.18  3.75 1697   6.15   359.6  36058.  2.25  2.84   1.98   4.99  -0.05 0.00 0.00 0.16 -1.00  -1.0     -1.  6.60 357.5  44280.
202  4:25:41 0.83 106.98 276.15  3.75 1697   7.29   355.3  39189.  1.91  4.76   1.46   4.49   1.79 0.25 0.13 0.16 -1.00  -1.0     -1.  6.48 354.4  29600.
202  4:28:23 0.83 106.98 276.13  3.75 1697   7.09   353.2  46044.  3.19  5.31   1.29   4.77   1.15 0.30 0.16 0.39 -1.00  -1.0     -1.  7.31 353.0  42347.
202  4:31:05 0.84 106.98 276.10  3.74 1697   6.26   351.4  34729.  1.43  4.19   1.12   4.89   1.70 0.19 0.18 0.20 -1.00  -1.0     -1.  6.70 349.4  34801.
202  4:33:47 0.84 106.98 276.08  3.74 1697  -1.00    -1.0     -1. -1.00 -1.00   1.62   4.57   1.87 0.08 0.16 0.00 -1.00  -1.0     -1. -1.00  -1.0     -1.
202  4:36:44 0.84 106.98 276.05  3.74 1697   7.15   353.3  34830.  0.00  0.00   1.67   4.49   1.07 0.00 0.00 0.00 -1.00  -1.0     -1. -1.00  -1.0     -1.
202  4:39:26 0.84 106.98 276.03  3.74 1697   6.92   357.0  41856.  2.31  4.31   1.96   4.63   1.19 0.30 0.12 0.26 -1.00  -1.0     -1.  7.22 354.2  38036.
202  4:42:08 0.84 106.98 276.00  3.74 1697   5.98   351.1  33277.  2.65  3.62  -0.85   4.27   1.86 0.67 0.27 0.29 -1.00  -1.0     -1.  6.58 346.8  33638.
202  4:44:50 0.84 106.98 275.98  3.74 1697   6.71   339.9  43214.  0.43  5.09  -0.92   4.17   1.32 0.16 0.04 0.22 -1.00  -1.0     -1.  7.03 338.1  53268.
202  4:47:16 0.84 106.98 275.96  3.74 1697   6.86   335.9  57462.  0.94  3.61  -1.71   4.07   0.45 0.58 0.10 0.54 -1.00  -1.0     -1.  6.98 334.1  51897.
202  4:49:58 0.84 106.98 275.93  3.74 1697   7.22   338.6  51888.  2.30  3.67  -0.72   4.05   0.06 0.18 0.27 0.16 -1.00  -1.0     -1.  6.68 338.0  39943.
202  4:52:40 0.84 106.98 275.90  3.74 1697   6.60   342.0  45833.  1.32  3.86   0.14   4.53   1.21 0.36 0.08 0.22 -1.00  -1.0     -1.  6.95 341.7  40924.
202  4:55:22 0.84 106.98 275.88  3.74 1697   6.24   343.5  37893.  2.22  3.64  -0.55   4.81   0.70 0.16 0.04 0.19 -1.00  -1.0     -1.  6.96 343.7  37923.
202  4:58:04 0.84 106.98 275.86  3.74 1697   6.53   342.6  40047.  1.49  4.08   0.43   4.77   0.51 0.47 0.10 0.36 -1.00  -1.0     -1.  6.80 342.7  40317.
202  5:00:46 0.84 106.98 275.83  3.74 1697   6.73   345.2  36792.  2.57  3.19   0.88   4.50  -0.14 0.00 0.00 0.00 -1.00  -1.0     -1.  6.95 343.8  43864.
202  5:03:28 0.84 106.98 275.81  3.74 1697   6.91   346.2  44276.  2.57  2.33   0.62   4.74  -0.32 0.14 0.23 0.18 -1.00  -1.0     -1.  6.56 343.7  29025.
202  5:06:10 0.84 106.98 275.78  3.74 1697   5.22   336.4  47749.  2.22  4.27  -1.40   4.00   1.41 0.32 0.13 0.18 -1.00  -1.0     -1.  6.21 332.3  35246.
202  5:08:53 0.84 106.98 275.76  3.74 1697   6.60   334.7  35532.  2.01  4.45  -1.25   4.60   1.64 0.16 0.22 0.25 -1.00  -1.0     -1.  6.59 335.5  36532.
202  5:11:35 0.84 106.98 275.73  3.74 1697   6.92   338.5  38140.  2.19  4.47  -0.63   4.80   1.34 0.00 0.00 0.00 -1.00  -1.0     -1.  6.98 335.3  31932.
202  5:14:17 0.84 106.98 275.71  3.74 1697   6.99   344.2  41151.  2.48  2.77   0.24   5.18   0.63 0.20 0.10 0.16 -1.00  -1.0     -1.  7.17 342.3  33329.
202  5:16:59 0.84 106.98 275.68  3.74 1697   6.80   348.0  35973.  2.29  1.54   1.34   5.01  -0.64 0.26 0.14 0.17 -1.00  -1.0     -1.  6.94 347.3  35960.
202  5:19:41 0.84 106.98 275.66  3.74 1697   7.34   345.7  45917.  1.55  1.45   0.77   4.45  -2.06 0.13 0.20 0.30 -1.00  -1.0     -1.  7.37 343.9  37406.
202  5:22:23 0.84 106.98 275.63  3.74 1697   6.45   349.7  33742.  1.97  2.93   1.34   5.28   0.99 0.08 0.16 0.30 -1.00  -1.0     -1.  6.36 348.9  20943.
202  5:25:05 0.84 106.98 275.61  3.74 1697   6.35   353.0  31153.  2.36  4.19   1.55   4.92   1.95 0.16 0.04 0.16 -1.00  -1.0     -1.  5.85 351.8  23210.
202  5:27:47 0.84 106.98 275.59  3.74 1697   6.47   349.8  31000.  2.82  4.56   1.21   5.10   1.39 0.21 0.11 0.16 -1.00  -1.0     -1.  6.07 348.8  20810.
202  5:30:29 0.84 106.98 275.56  3.74 1697   6.39   353.2  31780.  2.30  2.48   1.42   5.00   0.75 0.23 0.13 0.16 -1.00  -1.0     -1.  6.95 350.2  34606.
202  5:33:11 0.84 106.98 275.53  3.74 1697   6.62   355.4  41229.  0.06  5.86   1.41   3.78   3.08 0.26 0.20 0.26 -1.00  -1.0     -1.  6.79 354.5  31828.
202  5:35:53 0.84 106.98 275.51  3.74 1697   6.54   355.7  38988.  1.74  3.22   1.58   4.90   0.91 0.15 0.06 0.32 -1.00  -1.0     -1.  6.71 354.4  30415.
202  5:38:35 0.84 106.98 275.48  3.74 1697   6.40   354.6  48285.  1.93  1.32   1.94   4.63  -0.58 0.26 0.11 0.15 -1.00  -1.0     -1.  6.22 352.6  31861.
202  5:41:17 0.84 106.98 275.46  3.74 1697   6.13   349.0  41626.  1.14  2.43   1.21   4.09  -0.68 0.55 0.30 0.17 -1.00  -1.0     -1.  6.48 345.2  37838.
202  5:43:59 0.84 106.98 275.43  3.74 1697   6.28   355.9  50247.  2.20  1.91   1.63   4.60   0.03 0.24 0.13 0.19 -1.00  -1.0     -1.  6.43 354.1  43308.
202  5:46:41 0.84 106.98 275.41  3.74 1697   6.16   366.5  55360.  1.34  1.09   1.70   4.12   0.29 0.22 0.10 0.22 -1.00  -1.0     -1.  6.10 366.4  42223.
202  5:49:23 0.84 106.98 275.39  3.74 1697   6.37   358.7  61614. -2.14  1.87   4.39  -1.47  -1.97 0.15 0.10 0.20  0.07 376.0 170674.  6.70 355.7  73880.
202  5:52:05 0.84 106.98 275.36  3.74 1697   6.74   356.5  69939. -2.26  1.28   4.51  -1.71  -1.81 0.24 0.10 0.00 -1.00  -1.0     -1.  6.07 357.0  58284.
202  5:54:47 0.84 106.98 275.34  3.74 1697   6.64   354.4  65271. -2.35  1.94   4.84  -1.95  -1.11 0.19 0.14 0.24 -1.00  -1.0     -1.  5.41 353.4  71892.
202  5:57:29 0.84 106.98 275.31  3.74 1697   5.96   351.4  69978. -2.03  2.24   4.84  -2.17  -0.91 0.08 0.16 0.00 -1.00  -1.0     -1.  6.83 354.1  55425.
202  6:00:11 0.84 106.98 275.28  3.74 1697   7.24   377.4  64407. -2.52  2.53   3.52  -2.24  -2.45 0.23 0.09 0.23 -1.00  -1.0     -1.  7.42 379.0  47551.
202  6:02:53 0.84 106.98 275.26  3.74 1697   7.48   366.3  64456. -2.74  2.16   3.97  -2.71  -1.74 0.31 0.19 0.16 -1.00  -1.0     -1.  7.31 368.1  48149.
202  6:05:35 0.84 106.98 275.24  3.74 1697   6.45   363.1  66295. -2.00  2.33   4.60  -3.01  -1.07 0.18 0.18 0.20 -1.00  -1.0     -1.  6.27 365.1  54269.
202  6:08:17 0.84 106.98 275.21  3.74 1697   7.08   359.9  80669. -2.62  1.96   4.88  -2.89  -0.83 0.19 0.11 0.16 -1.00  -1.0     -1.  6.86 361.7  61292.
202  6:10:59 0.84 106.98 275.19  3.74 1697   6.80   361.2  62296. -2.43  2.11   4.97  -2.89  -0.67 0.15 0.09 0.20 -1.00  -1.0     -1.  6.27 363.8  54142.
202  6:13:41 0.84 106.98 275.16  3.74 1697   6.51   359.1  73821. -2.47  2.11   5.13  -2.01  -0.59 0.18 0.16 0.16 -1.00  -1.0     -1.  6.99 363.9  68130.
202  6:16:23 0.84 106.98 275.14  3.74 1697   7.22   361.9  70352. -1.97  2.34   5.35  -1.49  -0.58 0.08 0.20 0.16 -1.00  -1.0     -1.  6.93 364.5  55750.
202  6:19:05 0.84 106.98 275.11  3.74 1697   6.65   360.0  75387. -1.96  2.25   5.37  -1.90  -0.18 0.24 0.11 0.16 -1.00  -1.0     -1.  6.71 366.3  43916.
202  6:21:47 0.84 106.98 275.09  3.74 1697   6.56   358.8  67399. -1.90  2.35   5.34  -1.73  -0.10 0.17 0.19 0.00 -1.00  -1.0     -1.  6.63 362.5  51761.
202  6:24:29 0.84 106.98 275.06  3.74 1697   6.71   359.6  72057. -1.79  2.27   5.49  -1.80  -0.11 0.00 0.00 0.25 -1.00  -1.0     -1.  6.95 359.5  62705.
202  6:27:11 0.84 106.98 275.04  3.74 1697   6.91   358.1  63832. -1.47  2.18   5.81  -1.30  -0.43 0.16 0.17 0.16 -1.00  -1.0     -1.  6.97 353.8  82378.
202  6:29:53 0.84 106.98 275.01  3.74 1697   6.54   355.9  78262. -2.21  1.94   5.56  -1.87  -0.83 0.23 0.20 0.16 -1.00  -1.0     -1.  6.16 357.2  52680.
202  6:32:35 0.84 106.98 274.99  3.74 1697   6.96   357.0  66350. -1.88  2.18   5.68  -1.13  -0.99 0.07 0.20 0.16 -1.00  -1.0     -1.  7.01 358.0  68413.
202  6:35:17 0.84 106.98 274.96  3.74 1697   6.20   352.8  70008. -1.39  2.41   5.93  -0.73  -1.62 0.16 0.08 0.16 -1.00  -1.0     -1.  6.68 355.5  52580.
202  6:37:59 0.84 106.98 274.94  3.74 1697   7.10   357.6  67142. -1.44  2.17   5.78  -0.41  -0.99 0.15 0.34 0.16 -1.00  -1.0     -1.  6.69 359.7  53418.
202  6:40:41 0.84 106.98 274.91  3.74 1697   7.19   359.3  81536. -1.37  2.26   5.81  -0.59  -0.99 0.17 0.31 0.16 -1.00  -1.0     -1.  7.61 360.5  75588.
202  6:43:23 0.84 106.98 274.89  3.74 1697   7.31   361.3  68770. -1.15  2.19   5.75  -0.57  -0.51 0.15 0.34 0.00 -1.00  -1.0     -1.  7.54 359.7  71512.
202  6:46:05 0.84 106.98 274.86  3.74 1697   7.69   357.6  72116. -0.78  2.02   5.82   0.24  -0.18 0.12 0.19 0.16 -1.00  -1.0     -1.  7.21 358.2  65265.
202  6:48:47 0.84 106.98 274.84  3.73 1697   7.41   360.6  66012. -1.07  2.10   5.84   0.24  -0.26 0.14 0.19 0.20 -1.00  -1.0     -1.  7.16 362.7  51244.
202  6:51:29 0.84 106.98 274.82  3.73 1697   7.27   357.4  65690. -1.02  1.98   5.80   0.32  -0.10 0.11 0.24 0.00 -1.00  -1.0     -1.  7.09 362.0  56270.
202  6:54:11 0.84 106.98 274.79  3.73 1697   7.03   360.4  63111. -1.23  2.09   5.98  -0.49  -0.43 0.16 0.35 0.16 -1.00  -1.0     -1.  6.87 358.6  60658.
202  6:56:53 0.84 106.98 274.77  3.73 1697   7.23   359.4  68266. -0.87  1.97   6.00  -0.14  -0.26 0.15 0.42 0.19 -1.00  -1.0     -1.  7.29 363.1  49614.
202  6:59:35 0.84 106.98 274.74  3.73 1697   7.49   360.8  68078. -1.05  2.19   5.68  -0.64  -0.11 0.18 0.33 0.00  0.07 341.0  70673.  7.91 359.6  62422.
202  7:02:17 0.84 106.98 274.71  3.73 1697   7.52   359.0  66785. -1.38  2.55   5.74  -0.78   0.05 0.20 0.10 0.20 -1.00  -1.0     -1.  7.27 360.1  58576.
202  7:04:59 0.84 106.98 274.69  3.73 1697   7.18   360.6  66356. -0.95  2.51   5.89  -0.70   0.29 0.00 0.00 0.00 -1.00  -1.0     -1.  7.36 359.8  53327.
202  7:07:41 0.84 106.98 274.66  3.73 1697   7.75   358.5  66314. -0.94  2.46   5.85  -0.70   0.45 0.05 0.00 0.20 -1.00  -1.0     -1.  7.33 361.4  58836.
202  7:10:23 0.84 106.98 274.64  3.73 1697   7.31   358.8  65417. -1.02  2.53   5.73  -0.56   0.69 0.12 0.28 0.00 -1.00  -1.0     -1.  7.41 359.6  45920.
202  7:13:05 0.84 106.98 274.62  3.73 1697   7.29   357.2  63507. -1.11  2.85   5.79  -0.70   0.85 0.00 0.00 0.20 -1.00  -1.0     -1.  7.63 359.7  62023.
202  7:15:47 0.84 106.98 274.59  3.73 1697   7.23   359.2  65268. -1.00  2.68   5.79  -0.70   1.09 0.00 0.00 0.00 -1.00  -1.0     -1.  7.22 358.7  57241.
202  7:18:29 0.84 106.98 274.57  3.73 1697   7.25   358.6  68624. -1.06  2.85   5.34  -0.50   1.39 0.14 0.37 0.15 -1.00  -1.0     -1.  7.49 359.9  61071.
202  7:21:11 0.84 106.98 274.54  3.73 1697   7.22   358.6  62971. -0.96  3.30   5.11   0.04   2.05 0.18 0.20 0.17 -1.00  -1.0     -1.  6.57 359.0  46911.
202  7:23:53 0.84 106.98 274.52  3.73 1697   7.20   359.4  66158. -0.42  3.59   5.19   0.88   2.19 0.20 0.10 0.25 -1.00  -1.0     -1.  6.95 360.5  57566.
202  7:26:35 0.84 106.98 274.49  3.73 1697   6.90   361.6  62575. -0.28  3.40   5.05   0.46   2.51 0.16 0.17 0.30 -1.00  -1.0     -1.  6.75 360.7  52982.
202  7:29:17 0.84 106.98 274.47  3.73 1697   7.13   356.0  70784. -0.24  3.81   4.78   0.68   2.90 0.15 0.10 0.16 -1.00  -1.0     -1.  7.10 360.1  56942.
202  7:31:59 0.84 106.98 274.44  3.73 1697   7.38   355.5  63368. -0.41  3.88   4.48   0.58   3.14 0.13 0.29 0.20 -1.00  -1.0     -1.  7.38 354.2  61048.
202  7:34:41 0.84 106.98 274.42  3.73 1697   6.78   354.5  66171. -0.76  3.85   4.34   0.86   3.14 0.16 0.20 0.20 -1.00  -1.0     -1.  7.11 357.8  54421.
202  7:37:23 0.84 106.98 274.39  3.73 1697   7.47   352.6  60701. -1.17  3.88   3.64  -0.74   3.37 0.16 0.42 0.00 -1.00  -1.0     -1.  7.36 350.2  59733.
202  7:40:05 0.84 106.98 274.37  3.73 1697   7.07   361.2  46326.  0.54  1.63   5.04   0.68   1.63 0.23 0.35 0.19 -1.00  -1.0     -1.  7.26 362.1  50410.
202  7:42:47 0.84 106.98 274.34  3.73 1697   6.62   354.4  41476. -0.71  2.57   5.44   1.02   1.59 0.08 0.15 0.17 -1.00  -1.0     -1.  6.01 356.1  32991.
202  7:45:29 0.84 106.98 274.32  3.73 1697   6.59   355.1  39898. -0.36  2.92   5.18   1.54   1.63 0.09 0.20 0.20 -1.00  -1.0     -1.  6.62 354.3  36519.
202  7:48:11 0.84 106.98 274.29  3.73 1697   7.00   353.5  57335. -0.23  2.64   5.06   1.74   1.39 0.24 0.08 0.00 -1.00  -1.0     -1.  6.81 353.9  40466.
202  7:50:53 0.84 106.98 274.27  3.73 1697   7.06   359.0  47220.  0.20  2.78   5.02   1.66   1.87 0.12 0.08 0.16 -1.00  -1.0     -1.  6.73 362.0  39924.
202  7:53:35 0.84 106.98 274.24  3.73 1697   7.40   357.8  63585. -0.02  2.66   4.98   1.44   1.55 0.14 0.25 0.20 -1.00  -1.0     -1.  6.51 358.7  47950.
202  7:56:17 0.84 106.98 274.22  3.73 1697   6.93   359.4  48730. -0.13  2.84   4.90   1.58   1.79 0.15 0.10 0.00 -1.00  -1.0     -1.  6.43 363.0  39258.
202  7:58:59 0.84 106.98 274.20  3.73 1697   6.89   359.7  62081.  0.30  2.28   4.56   2.38   1.21 0.17 0.31 0.22 -1.00  -1.0     -1.  7.00 359.3  49958.
202  8:01:41 0.84 106.98 274.17  3.73 1697   7.46   353.7  61542.  0.78  3.15   3.87   2.48   2.08 0.13 0.22 0.25 -1.00  -1.0     -1.  7.76 355.2  60970.
202  8:04:23 0.84 106.98 274.15  3.73 1697   7.29   358.2  60548.  0.63  2.40   4.06   2.42   1.54 0.16 0.42 0.36 -1.00  -1.0     -1.  7.27 354.0  69199.
202  8:07:05 0.84 106.98 274.12  3.73 1697   6.82   354.8  70183.  0.76  1.71   4.58   2.64   0.87 0.24 0.15 0.15 -1.00  -1.0     -1.  7.00 358.1  71541.
202  8:09:47 0.84 106.98 274.09  3.73 1697   7.01   358.5  60447.  0.29  1.14   4.48   2.65   0.54 0.19 0.30 0.25 -1.00  -1.0     -1.  6.47 359.6  47343.
202  8:12:29 0.84 106.98 274.07  3.73 1697   6.41   355.9  61435.  0.65  2.39   4.18   2.16   2.36 0.22 0.43 0.65 -1.00  -1.0     -1.  7.25 357.1  65564.
202  8:15:11 0.84 106.98 274.05  3.73 1697   6.81   358.6  63507. -0.26  2.71   4.39   1.90   1.86 0.18 0.22 0.16  0.08 347.5  44699.  6.48 353.9  55692.
202  8:17:53 0.84 106.98 274.02  3.73 1697   5.98   355.0  41749.  0.23  1.65   4.30   2.86   0.88 0.11 0.22 0.25 -1.00  -1.0     -1.  6.29 357.1  30402.
202  8:20:35 0.84 106.98 274.00  3.73 1697   6.79   353.3  55627.  0.68  1.25   3.76   3.20   0.40 0.12 0.06 0.16 -1.00  -1.0     -1.  6.70 352.5  42279.
202  8:23:17 0.84 106.98 273.97  3.73 1697   6.30   346.1  64183. -0.11  2.54   2.79   2.74   1.81 0.11 0.22 0.19 -1.00  -1.0     -1.  6.86 341.9  60594.
202  8:25:59 0.84 106.98 273.95  3.73 1697   7.21   346.9  72824.  0.82  3.02   2.37   2.14   1.32 0.16 0.08 0.20 -1.00  -1.0     -1.  7.55 347.1  62676.
202  8:28:41 0.84 106.98 273.92  3.73 1697   7.20   355.7  85028.  0.35  4.56   1.08   1.11   0.23 0.38 0.44 0.48 -1.00  -1.0     -1.  7.63 353.8  73776.
202  8:31:23 0.84 106.98 273.90  3.73 1697   6.74   341.3  32897.  0.37  2.60   2.72   4.67   0.76 0.23 0.12 0.25 -1.00  -1.0     -1.  6.23 339.1  21696.
202  8:34:05 0.84 106.98 273.87  3.73 1697   5.53   337.4  31351.  1.52  2.32   2.22   5.05   0.24 0.19 0.15 0.20 -1.00  -1.0     -1.  6.23 337.3  33368.
202  8:36:47 0.84 106.98 273.85  3.73 1697   6.07   339.2  32238.  1.89  1.40   1.01   5.25  -0.10 0.26 0.15 0.49 -1.00  -1.0     -1.  5.99 336.0  28262.
202  8:39:29 0.84 106.98 273.82  3.73 1697   5.94   334.9  31127.  2.58  1.92   1.51   5.49  -0.07 0.33 0.19 0.16 -1.00  -1.0     -1.  6.30 334.7  32985.
202  8:42:11 0.84 106.98 273.80  3.73 1697   6.97   361.5  61935. -0.29 -0.19   4.26   3.28  -1.19 0.36 0.41 0.28 -1.00  -1.0     -1.  6.63 361.8  61532.
202  8:44:53 0.84 106.98 273.77  3.73 1697   6.64   347.2  60145.  0.85  0.10   4.51   3.66  -1.92 0.10 0.20 0.00 -1.00  -1.0     -1.  6.89 347.5  47785.
202  8:47:35 0.84 106.98 273.75  3.73 1697   6.03   342.6  40596.  0.58  0.66   3.51   4.10  -2.07 0.22 0.16 0.19 -1.00  -1.0     -1.  6.19 346.2  35600.
202  8:50:17 0.84 106.98 273.72  3.73 1697   6.41   344.5  45781.  1.27  0.82   3.17   3.94  -2.32 0.49 0.07 0.35 -1.00  -1.0     -1.  6.51 343.5  34450.
202  8:52:59 0.84 106.98 273.70  3.73 1697   7.05   350.7  41489.  0.57  1.47   4.67   3.22  -1.40 0.28 0.10 0.36 -1.00  -1.0     -1.  6.87 350.5  36194.
202  8:55:41 0.84 106.98 273.67  3.73 1697   7.29   347.2  53057. -0.58  0.88   4.52   2.36  -2.60 0.23 0.12 0.20 -1.00  -1.0     -1.  6.72 346.4  36256.
202  8:58:23 0.84 106.98 273.65  3.73 1697   7.11   343.0  51644. -0.04  0.07   4.47   1.82  -3.49 0.18 0.18 0.05 -1.00  -1.0     -1.  6.87 349.4  35837.
202  9:01:05 0.84 106.98 273.63  3.73 1697   7.30   330.6  65242. -4.23  4.78  -2.74   1.17   2.87 0.24 0.73 0.16 -1.00  -1.0     -1.  7.46 330.5  53752.
202  9:03:47 0.84 106.98 273.60  3.73 1697   7.16   330.8  61691. -0.59  4.19  -2.16   2.67   2.64 0.34 0.20 0.19 -1.00  -1.0     -1.  6.99 330.5  45189.
202  9:06:29 0.84 106.98 273.58  3.72 1697   7.12   328.8  68555. -0.06  3.58  -2.47   3.11   1.60 0.37 0.28 0.25 -1.00  -1.0     -1.  7.23 327.2  59164.
202  9:09:11 0.84 106.98 273.55  3.72 1697   7.06   330.0  59476.  1.95  2.18  -2.14   4.07   0.73 0.14 0.08 0.16 -1.00  -1.0     -1.  7.03 328.7  48090.
202  9:11:53 0.84 106.98 273.52  3.72 1697   7.32   327.6  68019.  0.00  0.00  -1.85   3.99  -0.07 0.20 0.16 0.30 -1.00  -1.0     -1.  7.41 327.6  57472.
202  9:14:35 0.84 106.98 273.50  3.72 1697  -1.00    -1.0     -1. -1.00 -1.00  -2.71   2.51   1.60 0.00 0.00 0.00 -1.00  -1.0     -1. -1.00  -1.0     -1.
202  9:15:08 0.84 106.98 273.50  3.72 1697  -1.00    -1.0     -1. -1.00 -1.00  -2.71   2.51   1.47 0.00 0.00 0.19 -1.00  -1.0     -1. -1.00  -1.0     -1.
202  9:17:17 0.84 106.91 273.41  3.63 1698  -1.00    -1.0     -1. -1.00 -1.00  -2.30   3.61   0.96 0.00 0.00 0.20 -1.00  -1.0     -1. -1.00  -1.0     -1.
202  9:17:50 0.84 106.98 273.47  3.72 1697  -1.00    -1.0     -1. -1.00 -1.00  -2.31   3.61   1.04 0.00 0.00 0.20 -1.00  -1.0     -1. -1.00  -1.0     -1.
202  9:20:32 0.84 106.98 273.45  3.72 1697   7.13   328.9  62770.  0.28  3.47  -0.69   4.77   1.22 0.16 0.08 0.15 -1.00  -1.0     -1.  7.25 329.0  60434.
202  9:20:33 0.84 106.98 273.45  3.72 1697   7.21   340.3  39092.  1.63  2.27   0.00   0.00   0.00 0.00 0.00 0.00 -1.00  -1.0     -1.  7.33 338.7  44065.
202  9:22:41 0.84 106.98 273.43  3.72 1697   7.12   336.5  51436.  2.04  2.30  -0.56   4.61   1.52 0.05 0.20 0.20 -1.00  -1.0     -1.  7.41 334.4  51472.
202  9:25:20 0.84 106.91 273.34  3.63 1698  -1.00    -1.0     -1. -1.00 -1.00   0.08   5.06   0.23 0.16 0.09 0.17 -1.00  -1.0     -1. -1.00  -1.0     -1.
202  9:25:23 0.84 106.98 273.40  3.72 1697   7.03   339.9  43256.  2.41  1.01   0.00   0.00   0.00 0.00 0.00 0.00 -1.00  -1.0     -1.  7.57 337.4  37620.
202  9:30:44 0.84 106.98 273.35  3.72 1697   7.78   344.3  36464.  2.74  3.24   2.28   4.49   0.33 0.34 0.08 0.05  0.09 329.6 115021.  8.12 341.3  36961.
202  9:36:08 0.84 106.98 273.30  3.72 1697   7.52   345.8  30994.  2.43  2.83   1.17   4.92  -1.38 0.42 0.13 0.05 -1.00  -1.0     -1.  8.31 343.7  33540.
202  9:41:32 0.84 106.98 273.25  3.72 1697   7.44   345.2  36828.  2.31  3.53   2.29   4.49   0.35 0.20 0.13 0.00 -1.00  -1.0     -1.  7.58 344.8  27959.
202  9:46:59 0.84 106.98 273.20  3.72 1697   7.85   348.0  35074.  1.87  2.52  -0.85   3.01   3.32 0.45 0.19 0.28 -1.00  -1.0     -1.  7.68 343.8  30948.
202  9:52:23 0.84 106.98 273.15  3.72 1697   6.65   349.1  37438.  2.02  1.93   3.18   4.99  -0.64 0.26 0.11 0.20 -1.00  -1.0     -1.  7.20 350.5  37585.
202  9:57:47 0.84 106.98 273.10  3.72 1697   7.90   350.8  39332.  2.13  1.70   2.80   4.71  -0.14 0.19 0.22 0.17 -1.00  -1.0     -1.  8.06 348.6  37455.
202 10:03:11 0.84 106.98 273.06  3.72 1697   7.05   348.5  38900.  2.11  1.56   3.54   4.57   0.03 0.10 0.20 0.05  0.14 340.3 244011.  6.78 347.8  24955.
202 10:08:35 0.84 106.98 273.01  3.72 1697   7.24   355.5  37861.  0.77  1.40   3.20   4.77  -0.42 0.28 0.23 0.04 -1.00  -1.0     -1.  7.56 356.0  28369.
202 10:13:59 0.84 106.98 272.95  3.72 1697   7.47   342.5  52212.  1.29  0.42   3.93   4.06  -1.53 0.15 0.08 0.25 -1.00  -1.0     -1.  7.22 345.1  30123.
202 10:19:23 0.84 106.98 272.90  3.72 1697   6.23   352.6  37672.  0.20  1.54   6.08  -0.01  -2.51 0.08 0.48 0.00  0.08 331.9 109005.  7.15 347.6  62292.
202 10:24:47 0.84 106.98 272.86  3.72 1697   6.69   352.4  42415.  0.99  1.59   5.86   1.34  -2.31 0.19 0.10 0.16 -1.00  -1.0     -1.  6.59 352.9  33121.
202 10:30:11 0.84 106.98 272.81  3.72 1697   7.50   347.5  53700.  1.02  1.34   5.73   1.26  -2.52 0.16 0.08 0.15 -1.00  -1.0     -1.  7.38 346.1  60015.
202 10:35:35 0.84 106.98 272.76  3.72 1697   7.23   346.6  42146.  0.92  1.60   5.29   2.22  -2.47 0.19 0.13 0.20  0.09 354.7  98961.  8.23 344.2  52745.
202 10:40:59 0.84 106.98 272.71  3.72 1697   7.33   348.3  48113. -0.26  1.94   5.85   0.92  -2.52 0.00 0.00 0.00 -1.00  -1.0     -1.  7.00 347.3  45001.
202 10:46:23 0.84 106.98 272.66  3.72 1697   6.98   350.5  44903. -0.55  1.48   5.35   1.36  -2.95 0.21 0.17 0.39 -1.00  -1.0     -1.  6.94 352.5  35727.
202 10:51:47 0.84 106.98 272.61  3.72 1697   7.74   347.3  50741.  0.06  1.88   5.21  -0.84  -3.43 0.19 0.47 0.16 -1.00  -1.0     -1.  7.54 347.1  57004.
202 10:57:11 0.84 106.98 272.56  3.72 1697   6.87   352.5  49276. -0.49  1.52   5.52  -0.18  -3.97 0.05 0.00 0.20 -1.00  -1.0     -1.  7.33 351.4  39608.
202 11:02:35 0.84 106.98 272.51  3.72 1697   7.30   349.5  51205. -1.73  1.02   6.56   1.22  -2.52 0.00 0.00 0.00 -1.00  -1.0     -1.  8.27 351.1  42535.
202 11:07:59 0.84 106.98 272.46  3.72 1697   7.63   352.4  45833. -0.69  1.54   6.43   2.66  -1.57 0.19 0.12 0.22 -1.00  -1.0     -1.  7.69 353.1  36766.
202 11:13:23 0.84 106.98 272.41  3.72 1697   8.08   354.2  38069. -0.15  1.81   5.80   3.68  -1.42 0.08 0.12 0.00 -1.00  -1.0     -1.  8.69 353.2  35080.
202 11:18:47 0.84 106.98 272.36  3.72 1697   7.90   352.9  39803.  0.44  1.75   3.54   5.62  -1.24 0.00 0.00 0.00  0.15 338.1 115515.  8.47 353.5  39219.
202 11:34:59 0.84 106.98 272.21  3.71 1697   7.53   349.6  35346.  0.30  3.07   0.00   0.00   0.00 0.00 0.00 0.00 -1.00  -1.0     -1.  7.63 346.3  36961.
202 11:40:23 0.84 106.98 272.16  3.71 1697   7.79   345.0  36074.  1.63  1.80   3.62   5.50  -1.40 0.10 0.15 0.20 -1.00  -1.0     -1.  7.50 345.4  26566.
202 11:45:47 0.84 106.98 272.11  3.71 1697   7.21   348.4  33381.  1.89  3.05   2.73   6.21   0.15 0.01 0.00 0.20 -1.00  -1.0     -1.  7.65 345.8  29243.
202 11:51:11 0.84 106.98 272.06  3.71 1697   7.19   341.0  37851.  3.04  3.03   0.83   6.30   1.25 0.16 0.04 0.16 -1.00  -1.0     -1.  7.34 337.8  32907.
202 11:56:35 0.84 106.98 272.01  3.71 1697   8.45   342.6  44166.  2.97  3.45  -0.14   3.92   4.04 0.16 0.22 0.16 -1.00  -1.0     -1.  8.64 340.1  39784.
202 12:01:59 0.84 106.98 271.96  3.71 1697   7.84   341.3  40888.  2.27  3.79  -0.04   3.67   4.00 0.23 0.15 0.23 -1.00  -1.0     -1.  7.50 337.7  34261.
202 12:07:23 0.84 106.98 271.91  3.71 1697   7.49   339.4  44712.  2.11  4.21   0.01   3.91   4.14 0.25 0.14 0.04 -1.00  -1.0     -1.  7.50 339.4  38852.
202 12:12:47 0.84 106.98 271.87  3.71 1697   7.25   340.5  37656.  2.67  4.10  -0.07   4.39   3.72 0.20 0.12 0.00 -1.00  -1.0     -1.  6.87 337.9  32796.
202 12:18:11 0.84 106.98 271.82  3.71 1697   7.35   337.1  36685.  0.95  3.82   0.19   4.24   3.01 0.22 0.15 0.15 -1.00  -1.0     -1.  7.81 337.1  37685.
202 12:23:35 0.84 106.98 271.76  3.71 1697   7.46   338.8  38147.  2.06  4.76  -0.48   4.05   3.14 0.16 0.08 0.20 -1.00  -1.0     -1.  7.94 336.2  37640.
202 12:28:59 0.84 106.98 271.71  3.71 1697   7.03   333.1  41268.  1.95  5.34  -1.00   3.39   3.60 0.00 0.00 0.17  0.08 320.2 125066.  7.31 333.8  37744.
202 12:34:23 0.84 106.98 271.67  3.71 1697   7.17   335.2  42431.  3.14  4.23  -0.14   5.13   1.15 0.22 0.15 0.20 -1.00  -1.0     -1.  7.20 333.9  31562.
202 12:39:47 0.84 106.98 271.62  3.71 1697   7.82   321.7  81592.  0.57  3.72  -1.37   4.63   0.41 0.95 0.62 0.33  0.10 343.8 104392.  7.43 319.6  68478.
202 12:45:11 0.84 106.98 271.57  3.71 1697   7.22   329.0  47116.  0.00  0.00  -1.66   4.72   1.11 0.16 0.29 0.30 -1.00  -1.0     -1.  7.31 330.5  40586.
202 12:50:35 0.84 106.98 271.52  3.71 1697   7.46   332.8  54724.  2.22  3.19   0.25   4.88  -0.76 1.18 0.12 1.06 -1.00  -1.0     -1.  8.05 331.9  53843.
202 12:55:59 0.84 106.98 271.47  3.71 1697   7.86   326.8  51660.  2.66  4.62  -1.47   4.75   0.55 0.25 0.10 0.19 -1.00  -1.0     -1.  8.59 325.8  52573.
202 13:01:20 0.84 106.98 271.42  3.71 1697   6.85   333.6  55838.  0.97  4.66  -3.57   2.69   2.42 0.10 0.34 0.19 -1.00  -1.0     -1.  7.43 333.0  52632.
202 13:06:44 0.84 106.98 271.37  3.71 1697   8.11   342.3  37396.  0.00  0.00   1.47   4.93  -1.14 0.27 0.15 0.19  0.11 324.7 149104.  8.83 343.2  47658.
202 13:08:32 0.84 106.98 271.35  3.71 1697  -1.00    -1.0     -1. -1.00 -1.00   1.46   5.33  -0.58 0.10 0.20 0.00 -1.00  -1.0     -1. -1.00  -1.0     -1.
202 13:13:56 0.84 106.98 271.30  3.71 1697   7.75   338.4  33622.  2.93  3.07   0.64   5.17  -0.85 0.00 0.00 0.20 -1.00  -1.0     -1.  8.17 338.8  36220.
202 13:19:20 0.84 106.98 271.25  3.71 1697   8.05   333.8  44400.  2.77  3.91  -0.54   5.13   0.17 0.14 0.10 0.16  0.11 324.7 128509.  8.29 332.7  34154.
202 13:22:59 0.84 106.98 271.22  3.71 1697   7.71   336.8  34625.  3.64  2.72   0.35   5.66  -0.93 0.31 0.18 0.20  0.07 332.7  61968.  7.29 336.0  31491.
202 13:28:23 0.84 106.98 271.17  3.71 1697   7.89   341.6  39180.  4.01  2.98   1.55   5.73  -1.06 0.24 0.10 0.30  0.08 340.9 102976.  7.99 338.4  32962.
202 13:33:47 0.84 106.98 271.12  3.71 1697   7.73   334.7  38858.  2.51  3.18  -0.56   5.52  -0.23 0.17 0.04 0.19 -1.00  -1.0     -1.  8.07 334.5  51722.
202 13:39:11 0.84 106.98 271.07  3.71 1697   8.02   330.8  46255.  2.20  2.80  -1.49   5.12   1.02 0.22 0.10 0.32 -1.00  -1.0     -1.  8.48 328.1  40781.
202 13:44:35 0.84 106.98 271.02  3.70 1697   7.86   336.0  35701.  2.69  3.73  -0.46   5.23  -0.33 0.25 0.13 0.04 -1.00  -1.0     -1.  7.99 335.9  35064.
202 13:49:59 0.84 106.98 270.97  3.70 1697   8.25   331.6  53551.  2.48  4.27  -2.49   4.42   1.10 0.10 0.24 0.05 -1.00  -1.0     -1.  8.08 330.3  41408.
202 13:55:23 0.84 106.98 270.92  3.70 1697   7.93   331.2  56500.  0.69  5.27  -3.99   2.12   2.84 0.10 0.20 0.20 -1.00  -1.0     -1.  8.47 327.8  46908.
202 14:00:47 0.84 106.98 270.87  3.70 1697   7.69   328.4  45267.  4.12  3.83  -1.93   5.88   0.11 0.08 0.12 0.22 -1.00  -1.0     -1.  7.76 326.3  39449.
202 14:06:11 0.84 106.98 270.82  3.70 1697   7.91   327.3  46463.  2.83  3.78  -2.91   5.16  -0.14 0.10 0.19 0.25 -1.00  -1.0     -1.  7.58 324.7  35018.
202 14:11:35 0.84 106.98 270.77  3.70 1697   8.19   330.6  49766.  3.28  3.38  -3.06   5.31   0.66 0.00 0.00 0.00 -1.00  -1.0     -1.  8.05 328.2  44624.
202 14:16:59 0.84 106.98 270.72  3.70 1697   8.16   331.0  56757.  2.87  3.66  -3.91   4.53   0.34 0.09 0.22 0.17 -1.00  -1.0     -1.  7.54 328.4  49464.
202 14:22:23 0.84 106.98 270.68  3.70 1697  -1.00    -1.0     -1. -1.00 -1.00  -4.52   3.90   0.72 0.42 0.18 0.98 -1.00  -1.0     -1. -1.00  -1.0     -1.
202 14:27:47 0.84 106.98 270.62  3.70 1697   8.14   329.5  70423.  1.08  4.30  -4.98   1.40   2.62 0.00 0.00 0.00 -1.00  -1.0     -1.  7.55 326.3  44517.
202 14:33:11 0.84 106.98 270.57  3.70 1697   8.31   326.4  67331.  1.31  4.61  -5.06   1.71   1.98 0.04 0.16 0.22 -1.00  -1.0     -1.  8.55 322.0  62075.
202 14:34:40 0.84 106.98 270.56  3.70 1697   7.32   320.3  35964.  2.43  3.64  -5.24   1.55   2.11 0.15 0.22 0.00 -1.00  -1.0     -1.  7.10 316.6  28879.
202 14:38:35 0.84 106.98 270.52  3.70 1697   7.75   325.6  70089.  0.68  4.00  -4.98   1.74   2.27 0.12 0.22 0.21 -1.00  -1.0     -1.  8.39 324.5  61490.
202 14:43:59 0.84 106.98 270.48  3.70 1697   7.68   325.9  62897.  2.05  5.11  -4.98   1.06   2.34 0.18 0.18 0.19 -1.00  -1.0     -1.  8.73 323.8  54191.
202 14:49:23 0.84 106.98 270.43  3.70 1697   7.45   320.5  49614.  1.86  4.34  -5.10   1.16   2.22 0.07 0.53 0.43 -1.00  -1.0     -1.  7.96 322.7  53798.
202 14:54:47 0.84 106.98 270.37  3.70 1697   6.92   321.0  35077.  2.67  4.36  -4.90   1.95   2.08 0.16 0.18 0.14 -1.00  -1.0     -1.  7.47 318.1  43481.
202 15:00:11 0.84 106.98 270.33  3.70 1697   7.50   318.2  44004.  2.46  4.35  -4.82   1.75   1.60 0.17 0.23 0.23 -1.00  -1.0     -1.  7.48 317.4  35678.
202 15:05:35 0.84 106.98 270.28  3.70 1697   7.47   319.7  34655.  3.06  3.61  -5.05   1.96   1.17 0.19 0.13 0.22 -1.00  -1.0     -1.  7.51 314.7  29213.
202 15:10:56 0.84 106.98 270.23  3.70 1697   7.20   320.7  44985.  0.00  0.00  -4.99   2.08   1.15 0.19 0.18 0.20 -1.00  -1.0     -1.  7.04 320.7  31487.
202 15:17:52 0.84 106.98 270.16  3.70 1697   7.62   320.5  47301.  2.51  3.49   3.50   3.54  -1.26 0.00 0.00 0.00 -1.00  -1.0     -1.  7.07 318.0  34921.
202 16:01:04 0.84 106.98 269.77  3.69 1697   6.38   318.3  31507.  0.00  2.14   0.00   0.00   0.00 0.00 0.00 0.00 -1.00  -1.0     -1.  6.27 317.1  22944.
202 16:44:16 0.84 106.98 269.37  3.69 1697   9.36   360.6  43877.  1.82 -0.01   0.00   0.00   0.00 0.00 0.00 0.00  0.19 351.7 208057. 10.48 359.4  46612.
202 17:27:28 0.84 106.99 268.97  3.69 1697   8.67   342.6  41743.  1.26  3.82   0.00   0.00   0.00 0.00 0.00 0.00  0.10 354.9 115931.  8.65 342.4  40528.
202 18:10:40 0.84 106.99 268.58  3.69 1697  10.51   338.8  43792.  2.40  3.52   0.00   0.00   0.00 0.00 0.00 0.00 -1.00  -1.0     -1. 10.56 339.5  34957.
202 18:53:52 0.84 106.99 268.18  3.68 1697  11.51   347.7  38891.  2.53  4.02   0.00   0.00   0.00 0.00 0.00 0.00  0.24 344.4 173650. 11.65 348.3  32381.
202 19:37:04 0.84 106.99 267.78  3.68 1697  11.57   334.0  36841.  0.00  0.00   0.00   0.00   0.00 0.00 0.00 0.00  0.18 338.5 107069. 11.36 335.5  33576.
202 20:43:29 0.84 106.99 267.17  3.67 1697  -1.00    -1.0     -1. -1.00 -1.00  -3.61   1.63  -0.26 0.00 0.00 0.00 -1.00  -1.0     -1. -1.00  -1.0     -1.
202 20:46:11 0.84 106.99 267.15  3.67 1697  -1.00    -1.0     -1. -1.00 -1.00  -3.69   1.59  -0.26 0.16 0.08 0.00 -1.00  -1.0     -1. -1.00  -1.0     -1.
202 20:48:53 0.84 106.99 267.12  3.67 1697  12.81   334.9  50254.  2.06  2.68  -3.37   2.06  -0.57 0.08 0.16 0.16  0.22 332.9 139086. 12.46 333.4  38858.
202 20:50:44 0.84 106.92 267.04  3.58 1698  -1.00    -1.0     -1. -1.00 -1.00  -2.63   3.20  -0.45 0.31 0.31 0.21 -1.00  -1.0     -1. -1.00  -1.0     -1.
202 20:51:35 0.84 106.99 267.10  3.67 1697  12.14   330.4  53915.  1.13  2.65  -1.95   3.42  -0.61 0.15 0.27 0.16 -1.00  -1.0     -1. 13.50 328.9  55175.
202 20:53:26 0.84 106.99 267.08  3.67 1697  11.92   326.6  50517.  0.74  1.65  -3.54   1.48  -1.62 0.08 0.22 0.20  0.26 317.5 122597. 12.78 327.4  51069.
202 20:56:08 0.84 106.99 267.06  3.67 1697  12.58   329.3  50695.  1.16  2.50  -3.39   1.94  -0.73 0.18 0.18 0.16  0.22 325.8 135266. 12.56 327.5  43390.
202 20:58:50 0.84 106.99 267.03  3.67 1697  12.11   329.7  42415.  1.49  2.60  -3.33   2.44  -0.57 0.19 0.18 0.16 -1.00  -1.0     -1. 13.03 326.9  47652.
202 21:01:32 0.84 106.99 267.01  3.67 1697  13.10   328.3  48841.  1.77  2.85  -3.33   2.37  -0.33 0.27 0.15 0.16 -1.00  -1.0     -1. 13.24 328.0  40823.
202 21:04:14 0.84 106.99 266.98  3.67 1697  12.53   328.9  42743.  1.39  2.19  -3.28   2.14  -1.85 0.00 0.00 0.00  0.20 337.3 148130. 13.54 327.3  45118.
202 21:06:56 0.84 106.99 266.96  3.67 1697  13.24   329.8  49013.  1.47  1.70   0.00   0.00   0.00 0.00 0.00 0.00  0.25 324.4 127080. 13.50 329.8  42831.
202 21:09:38 0.84 106.99 266.93  3.67 1697  12.73   330.1  42207.  1.55  1.44   0.00   0.00   0.00 0.00 0.00 0.00 -1.00  -1.0     -1. 13.45 328.7  41415.
202 21:54:54 0.84 106.99 266.52  3.67 1697  13.41   336.4  45163.  1.32 -0.08   1.24   2.25  -3.91 0.00 0.00 0.00  0.16 334.0 115281. 13.06 336.8  36435.
202 21:57:36 0.84 106.99 266.49  3.67 1697  12.54   340.3  40541.  1.56  0.21   2.02   1.51  -4.31 0.62 0.82 0.24  0.20 343.7  74507. 12.55 340.4  37315.
202 22:00:18 0.84 106.99 266.47  3.67 1697  11.68   343.0  34284.  1.47  0.56   2.81   1.39  -4.76 0.15 0.22 0.20  0.21 342.5 201742. 12.22 341.8  36451.
202 22:03:00 0.84 106.99 266.44  3.67 1697  11.75   343.0  36630.  0.93 -0.07   2.77   1.39  -4.84 0.23 0.15 0.20  0.10 342.8 129250. 12.31 341.5  35512.
202 22:05:44 0.84 106.99 266.42  3.67 1697  11.88   343.3  35704.  0.34  0.08   2.89   0.09  -4.94 0.22 0.15 0.05  0.15 329.6 121869. 12.53 342.0  32991.
202 22:08:26 0.84 106.99 266.39  3.67 1697  11.74   343.9  41099.  0.61 -0.26   2.35   1.47  -4.76 0.17 0.10 0.20  0.15 341.9 138267. 12.47 342.5  37984.
202 22:11:08 0.84 106.99 266.37  3.67 1697  11.22   343.5  38475. -0.15 -0.27   2.00   2.05  -4.00 0.33 0.73 0.56  0.17 336.1 171519. 12.39 344.7  41772.
202 22:13:50 0.84 106.99 266.34  3.67 1697  12.07   340.2  41847.  2.03  0.91   1.86   2.81  -3.52 0.10 0.20 0.34  0.10 336.3  38956. 11.39 341.7  35100.
202 22:16:32 0.84 106.99 266.32  3.67 1697  11.74   341.2  38150.  2.15  0.50   1.48   2.43  -3.99 0.08 0.29 0.16  0.21 334.0 136253. 12.46 338.6  34505.
202 22:19:14 0.84 106.99 266.29  3.67 1697  12.26   338.8  47769.  1.41  0.58   0.46   1.57  -4.16 0.18 0.40 0.32  0.15 339.2 193036. 12.44 340.1  40648.
202 22:21:56 0.84 106.99 266.27  3.67 1697  11.90   340.1  39560.  1.42  0.58   0.45   1.99  -4.67 0.20 0.08 0.18  0.24 332.9 139931. 12.45 337.3  36818.
202 22:24:38 0.84 106.99 266.24  3.67 1697  12.57   342.8  40421.  2.40  2.59   0.93   4.85  -1.39 0.39 0.00 0.39  0.17 340.7 108797. 12.14 340.0  31643.
202 22:27:20 0.84 106.99 266.22  3.67 1697  12.21   337.2  46710.  3.09  2.09   0.83   4.41  -1.00 0.47 0.27 0.14  0.21 333.3 132771. 13.20 334.9  40008.
202 22:30:02 0.84 106.99 266.19  3.67 1697  11.17   330.2  43679.  0.00  0.00  -2.55   3.04   2.20 0.41 0.30 0.05  0.12 328.8  58654. 11.60 330.5  45758.
202 22:32:44 0.84 106.99 266.17  3.67 1697  12.41   328.4  47950.  2.12  3.62  -2.82   2.12   2.87 0.16 0.04 0.20 -1.00  -1.0     -1. 11.97 328.9  40177.
202 22:35:26 0.84 106.99 266.14  3.67 1697  11.66   331.3  44319.  1.16  4.40  -2.76   0.96   3.35 0.16 0.16 0.16  0.21 327.5 161111. 13.22 329.8  42753.
202 22:38:08 0.84 106.99 266.12  3.67 1697  11.61   331.0  48548.  1.65  3.97  -2.90   1.22   3.03 0.08 0.29 0.00  0.15 327.3 125183. 12.15 329.5  40024.
202 22:40:50 0.84 106.99 266.10  3.67 1697  12.40   330.1  40495.  1.86  5.20  -2.21   1.34   3.06 0.26 0.27 0.04  0.18 321.7 157732. 13.33 328.1  44192.
202 22:43:32 0.84 106.99 266.07  3.67 1697  11.90   332.5  47307.  2.07  3.87  -1.78   1.98   2.76 0.04 0.20 0.34  0.22 328.5 137982. 12.30 331.3  38627.
202 22:46:14 0.84 106.99 266.04  3.67 1697  11.88   328.5  40992.  2.39  4.09  -2.67   2.07   2.53 0.09 0.13 0.17  0.22 323.8 138150. 12.43 327.1  41012.
202 22:48:56 0.84 106.99 266.02  3.67 1697  12.43   327.5  46489.  2.73  4.04  -1.86   1.98   2.84 0.50 0.39 0.46  0.17 327.9 141503. 12.60 326.6  40070.
202 22:51:38 0.84 106.99 265.99  3.67 1697  11.24   332.9  38549.  1.98  3.96  -0.83   1.94   3.55 0.22 0.18 0.00  0.16 319.7 135422. 11.91 332.3  44218.
202 22:54:20 0.84 106.99 265.97  3.67 1697  12.61   333.3  44748.  2.04  4.36  -0.91   2.64   3.08 0.22 0.13 0.16  0.15 329.3 122155. 12.58 332.3  40196.
202 22:57:02 0.84 106.99 265.95  3.66 1697  11.72   332.9  37305.  2.15  4.39  -0.89   3.00   2.60 0.13 0.31 0.41  0.17 322.7 121583. 12.50 333.0  42126.
202 22:59:44 0.84 106.99 265.92  3.66 1697  11.93   329.2  45784.  3.00  4.14  -1.88   3.46   1.68 0.08 0.24 0.20  0.16 324.0 105445. 12.07 328.8  40859.
202 23:02:26 0.84 106.99 265.90  3.66 1697  11.47   329.8  39787.  2.62  3.94  -1.92   3.18   1.84 0.13 0.21 0.00  0.14 337.9 138930. 11.84 327.3  33570.
202 23:05:08 0.84 106.99 265.87  3.66 1697  11.56   330.7  43520.  1.72  3.97  -1.64   0.36   3.77 0.30 0.37 0.20  0.22 328.9 108122. 12.15 330.5  39043.
202 23:07:50 0.84 106.99 265.85  3.66 1697  11.50   330.5  59255.  2.38  3.40  -3.12   2.29  -0.18 0.13 0.29 0.17 -1.00  -1.0     -1. 12.40 327.8  50988.
