222  0:00:06 0.94 104.85  11.79  1.80 1697   9.83   444.5 183717. -4.06  7.08  -0.68   4.82   3.49 0.36 0.13 0.26 -1.00  -1.0     -1. 10.86 440.8 187491.
222  0:02:48 0.94 104.85  11.77  1.80 1697  10.19   442.5 174108. -4.65  6.60  -0.67   4.78   4.75 0.28 0.32 0.20 -1.00  -1.0     -1. 11.42 446.1 170489.
222  0:05:30 0.94 104.85  11.75  1.80 1697  10.59   444.9 169423. -4.46  7.55  -1.06   4.50   4.63 0.04 0.13 0.00 -1.00  -1.0     -1. 11.39 444.5 153171.
222  0:08:12 0.94 104.85  11.72  1.80 1697  10.26   440.1 156865. -4.52  6.96  -1.64   4.12   5.50 0.14 0.30 0.30 -1.00  -1.0     -1. 11.39 440.3 136107.
222  0:10:54 0.94 104.85  11.69  1.80 1697   9.87   432.5 241377. -3.80  5.44  -5.36   3.39  -1.01 0.27 0.12 0.34 -1.00  -1.0     -1. 11.68 437.2 294525.
222  0:13:36 0.94 104.85  11.67  1.80 1697   9.85   434.6 238076. -4.54  2.59  -2.95   3.03  -3.96 0.58 0.41 0.34 -1.00  -1.0     -1. 11.20 438.0 235958.
222  0:16:18 0.94 104.85  11.64  1.80 1697   9.67   430.0 258090. -4.89  3.11  -5.40   2.65  -3.49 0.37 0.22 0.71 -1.00  -1.0     -1. 10.99 429.4 230904.
222  0:19:00 0.94 104.84  11.62  1.80 1697  10.27   431.8 276168. -6.06  4.77  -6.34   1.16  -1.43 0.19 0.10 0.30 -1.00  -1.0     -1. 11.70 433.9 291809.
222  0:21:42 0.94 104.84  11.59  1.80 1697   9.79   428.5 279523. -6.63  5.46  -6.51   1.30  -1.03 0.15 0.36 0.16 -1.00  -1.0     -1. 10.99 438.0 282850.
222  0:24:24 0.94 104.84  11.57  1.80 1697  10.44   431.6 282580. -6.18  5.36  -6.40   1.52  -1.27 0.08 0.24 0.16 -1.00  -1.0     -1. 12.72 431.0 296165.
222  0:27:06 0.94 104.84  11.54  1.80 1697  10.36   427.2 263034. -6.79  4.52  -6.29   1.00  -2.39 0.12 0.22 0.20 -1.00  -1.0     -1. 11.25 431.1 238856.
222  0:29:48 0.94 104.84  11.52  1.80 1697  10.06   433.4 287069. -6.78  3.44  -6.20   0.76  -3.27 0.08 0.24 0.39 -1.00  -1.0     -1. 11.71 431.7 268959.
222  0:32:30 0.94 104.84  11.49  1.80 1697  10.10   432.8 323209. -7.62  4.25  -6.99   0.32  -2.00 0.19 0.16 0.60 -1.00  -1.0     -1. 10.79 437.9 307506.
222  0:35:12 0.94 104.84  11.47  1.80 1697  10.13   440.6 281476. -5.23  2.44  -4.60   2.22  -5.23 0.30 0.20 0.00 -1.00  -1.0     -1. 11.76 436.6 276311.
222  0:37:54 0.94 104.84  11.44  1.80 1697  10.23   446.0 301983. -4.75  2.58  -3.65   2.60  -5.31 0.96 0.31 0.41 -1.00  -1.0     -1. 11.18 447.4 270606.
222  0:40:36 0.94 104.84  11.42  1.80 1697  10.81   448.5 265048. -3.80  1.76  -3.44   4.26  -5.17 0.66 0.32 0.40 -1.00  -1.0     -1. 12.56 452.9 280397.
222  0:43:18 0.94 104.84  11.39  1.80 1697  11.69   460.1 224926. -4.22  0.95   0.48   6.48  -4.88 0.50 0.46 0.70 -1.00  -1.0     -1. 13.80 463.0 208311.
222  0:46:00 0.94 104.84  11.36  1.80 1697  11.80   472.7 198744. -6.11 -0.38   2.31   2.59  -7.24 0.25 0.41 0.16 -1.00  -1.0     -1. 13.56 478.4 204520.
222  0:48:42 0.94 104.84  11.34  1.80 1697  11.90   468.7 217140. -5.20 -0.52   0.77   2.15  -7.43 0.30 0.22 0.22 -1.00  -1.0     -1. 14.16 468.9 201047.
222  0:51:24 0.94 104.84  11.32  1.80 1697  12.67   453.5 250742. -4.23  0.00  -4.57   5.97   2.27 0.25 0.82 1.05  0.32 482.9 332824. 15.16 456.1 283100.
222  0:54:06 0.94 104.84  11.29  1.80 1697  12.14   456.9 274332. -0.75  4.11  -4.33   7.16  -2.70 0.43 0.15 0.61 -1.00  -1.0     -1. 14.35 456.0 260764.
222  0:56:48 0.94 104.84  11.27  1.80 1697  12.02   461.9 207300. -4.56  9.60  -4.00   3.76   5.85 0.28 0.80 0.48 -1.00  -1.0     -1. 14.11 466.1 255345.
222  0:59:30 0.94 104.84  11.24  1.80 1697  11.68   448.8 207307. -4.98 10.80  -5.20   3.28   5.76 0.17 0.21 0.20 -1.00  -1.0     -1. 14.08 451.6 240055.
222  1:00:03 0.94 104.84  11.23  1.80 1697  -1.00    -1.0     -1. -1.00 -1.00  -5.48   3.25   5.31 0.24 0.31 0.32 -1.00  -1.0     -1. -1.00  -1.0     -1.
222  1:10:51 0.94 104.84  11.13  1.80 1697  12.51   461.6 235588. -3.48 10.23  -5.71   5.23   2.64 0.00 0.00 0.00  0.26 493.8 376249. 14.01 460.9 232505.
222  1:21:39 0.94 104.84  11.04  1.80 1697  12.69   459.4 327308. -3.04  8.15  -5.52   6.04  -4.55 0.10 0.20 0.00 -1.00  -1.0     -1. 14.23 461.5 315990.
222  1:32:27 0.94 104.83  10.93  1.79 1697  11.69   459.5 247334. -1.98  0.87  -3.74   5.11  -7.83 0.15 0.05 0.20 -1.00  -1.0     -1. 13.62 454.5 237956.
222  1:37:18 0.94 104.83  10.89  1.79 1697  11.70   451.4 234347. -3.22  0.34  -2.68   4.71  -8.12 0.20 0.05 0.20  0.25 476.7 377497. 12.66 453.2 219531.
222  1:48:06 0.94 104.83  10.79  1.79 1697  10.85   443.1 229478. -2.95  0.63  -3.71   3.83  -7.97 0.33 0.19 0.05  0.31 464.4 356174. 14.73 440.2 326152.
222  1:58:54 0.94 104.83  10.69  1.79 1697  10.47   459.4 184077. -2.79 -0.42  -0.24   3.53  -9.34 0.31 0.21 0.05  0.31 478.7 328172. 11.52 461.5 137416.
222  2:09:42 0.94 104.83  10.59  1.79 1697  10.04   460.3 173354. -3.54 -0.75   0.29   1.76  -9.70 0.05 0.20 0.00 -1.00  -1.0     -1. 12.35 462.0 186640.
222  2:20:30 0.94 104.83  10.48  1.79 1697  10.99   436.6 187043. -1.30  1.52  -2.33   3.96  -8.49 0.35 0.30 0.15 -1.00  -1.0     -1. -1.00  -1.0     -1.
222  2:31:18 0.94 104.83  10.39  1.79 1697  11.35   448.6 204221. -2.12  0.55  -4.51   4.88  -3.00 1.05 0.54 2.03 -1.00  -1.0     -1. 12.96 450.9 260539.
222  2:42:06 0.94 104.83  10.28  1.79 1697  13.64   439.1 243384. -1.57  8.26  -6.26   3.29   1.45 0.29 0.90 1.87 -1.00  -1.0     -1. 15.24 436.0 253165.
222  2:52:54 0.94 104.82  10.18  1.79 1697  11.93   453.1 176368. -1.27  9.72  -3.71   4.15   6.65 0.55 0.70 0.21  0.26 492.7 285215. 14.04 453.3 215535.
222  3:11:27 0.94 104.82  10.01  1.79 1697  -1.00    -1.0     -1. -1.00 -1.00  -7.08   4.86  -0.31 0.00 0.00 0.00 -1.00  -1.0     -1. -1.00  -1.0     -1.
222  3:17:09 0.94 104.82   9.96  1.79 1697  12.33   434.4 238859. -1.79  7.18   0.00   0.00   0.00 0.00 0.00 0.00  0.35 462.2 325470. 13.52 431.0 219359.
222  3:22:33 0.94 104.82   9.91  1.79 1697  12.47   438.6 234344. -2.52  8.65  -6.41   5.08   0.66 0.26 0.25 0.18  0.26 470.1 284552. 13.12 441.2 211345.
222  3:27:57 0.94 104.82   9.86  1.79 1697  12.21   440.6 216734. -0.39  8.63  -5.88   5.14  -1.16 0.11 0.19 0.70  0.28 475.3 462347. 13.35 446.2 220658.
222  3:30:42 0.94 104.82   9.83  1.79 1697  12.34   446.6 225115. -0.02  8.18  -5.04   5.78   0.16 0.33 0.18 0.49  0.28 473.1 332824. 13.64 447.7 190298.
222  3:36:06 0.94 104.82   9.78  1.79 1697  11.87   437.5 225934. -1.17  6.40  -5.90   4.54  -1.64 0.08 0.16 0.20  0.28 464.0 378991. 12.50 439.1 197961.
222  3:41:30 0.94 104.82   9.73  1.79 1697  12.02   443.6 215571. -3.90 10.07  -6.43   0.71   3.87 0.32 0.38 0.04  0.31 458.4 254783. 13.89 441.6 219209.
222  3:46:54 0.94 104.82   9.68  1.79 1697  11.68   433.7 230962. -1.57  7.37  -7.20   3.71  -0.33 0.10 0.29 0.25 -1.00  -1.0     -1. 13.05 432.8 213986.
222  3:52:18 0.94 104.82   9.63  1.79 1697  11.51   436.2 207973. -2.38  7.26  -6.39   4.13  -0.86 0.35 0.20 0.32  0.36 461.1 437048. 12.90 436.7 228912.
222  3:57:42 0.94 104.81   9.58  1.79 1697  11.59   438.8 202535. -0.29  6.71  -4.79   5.81  -0.89 0.08 0.12 0.30  0.28 463.6 289139. 12.56 438.3 192400.
222  4:03:06 0.94 104.81   9.53  1.79 1697  11.26   432.6 214603. -2.24  6.65  -6.84   3.77  -0.70 0.08 0.20 0.16  0.22 453.4 375873. 13.04 433.0 244794.
222  4:08:30 0.94 104.81   9.48  1.78 1697  11.30   426.8 228857. -1.15  6.79  -7.17   3.55  -0.45 0.14 0.10 0.24  0.30 456.8 385293. 12.42 429.3 215584.
222  4:13:54 0.94 104.81   9.43  1.78 1697  10.84   431.9 184402. -1.01  7.26  -5.92   5.35   0.75 0.17 0.16 0.41  0.26 453.3 337606. 12.52 429.4 189531.
222  4:19:18 0.94 104.81   9.38  1.78 1697  10.60   429.1 221905. -1.10  6.59  -6.31   4.31  -2.06 0.13 0.08 0.48  0.28 454.2 367518. 11.58 430.4 201326.
222  4:24:42 0.94 104.81   9.33  1.78 1697  10.69   425.3 193553. -1.94  5.71  -6.83   4.77  -1.13 0.11 0.21 0.57  0.25 447.9 342816. 12.02 424.2 191084.
222  4:30:06 0.94 104.81   9.28  1.78 1697  10.32   429.6 197220.  0.96  3.82  -5.88   4.73  -2.54 0.56 0.43 0.46  0.24 449.1 365724. 12.47 426.3 192390.
222  4:35:30 0.94 104.81   9.23  1.78 1697   9.94   425.7 136510.  0.01  1.27  -1.74   3.06  -7.79 0.15 0.30 0.16  0.36 437.4 340257. 11.48 426.0 125066.
222  4:40:54 0.94 104.81   9.18  1.78 1697   8.98   412.3 152726.  1.30  2.99  -3.95   4.32  -6.61 0.55 0.17 0.14  0.26 434.3 313021. 10.19 409.9 140213.
222  4:46:18 0.94 104.81   9.12  1.78 1697  10.46   413.1 134938.  1.92  0.63  -2.74   4.73  -6.08 0.18 0.17 0.17 -1.00  -1.0     -1. 11.25 411.1 113007.
222  4:51:42 0.94 104.81   9.08  1.78 1697   9.41   417.0 174439.  1.12  0.00  -5.66   5.01  -3.58 0.24 0.08 0.48  0.30 448.7 500548. 10.06 417.9 173650.
222  4:57:06 0.94 104.81   9.03  1.78 1697   9.45   418.2 175803.  1.32  2.42  -4.76   5.14  -4.14 0.31 0.31 0.22  0.27 426.3 252054. 10.57 418.5 156819.
222  5:02:30 0.94 104.81   8.97  1.78 1697  10.11   419.1 191474. -0.52  2.28  -6.38   3.42  -2.72 0.13 0.54 0.30  0.23 462.0 253445. 11.69 423.1 192478.
222  5:07:54 0.94 104.81   8.93  1.78 1697   9.87   405.3 153646.  1.13  4.79  -4.26   4.58  -5.55 0.38 0.17 0.20  0.18 446.2 270636. 11.61 405.6 178444.
222  5:13:18 0.94 104.80   8.87  1.78 1697   9.37   407.3 144852.  2.16  4.43  -4.65   5.88  -3.24 0.00 0.00 0.39 -1.00  -1.0     -1. 11.10 404.1 147145.
222  5:18:42 0.94 104.80   8.82  1.78 1697   9.70   413.8 176427.  1.55  4.21  -4.47   5.40  -3.24 0.12 0.16 0.39  0.25 427.6 232499. 11.11 410.9 158726.
222  5:24:06 0.94 104.80   8.77  1.78 1697   9.53   413.0 165158.  1.44  3.86  -4.75   5.66  -2.94 0.36 0.18 0.47 -1.00  -1.0     -1. 10.66 412.6 149838.
222  5:29:30 0.94 104.80   8.72  1.78 1697   8.90   404.8 136292.  2.49  3.37  -5.17   5.61  -3.60 0.30 0.16 0.33  0.12 443.2 262021.  9.88 402.3 118796.
222  5:34:54 0.94 104.80   8.67  1.78 1697   8.62   403.3 132540.  2.39  2.61  -4.48   5.64  -4.12 0.05 0.20 0.00 -1.00  -1.0     -1.  9.64 400.9 123652.
222  5:40:18 0.94 104.80   8.62  1.78 1697   9.73   410.8 142663.  1.20  3.38  -4.97   6.36  -1.91 0.11 0.16 0.46  0.28 430.0 329381. 11.38 412.5 159593.
222  5:45:42 0.94 104.80   8.57  1.78 1697   8.93   404.7 132784.  2.31  2.47  -5.00   6.52  -2.32 0.08 0.12 0.47  0.19 419.3 296753.  9.28 407.8 107384.
222  5:51:06 0.94 104.80   8.52  1.78 1697   7.84   406.6 134723.  2.11  3.04  -5.20   6.52  -2.32 0.28 0.12 0.16  0.14 418.8 264308.  8.34 409.4 103402.
222  5:56:30 0.94 104.80   8.47  1.78 1697   7.89   407.1 135389.  2.46  4.84  -5.43   6.20  -1.84 0.39 0.25 0.35  0.19 428.9 277587.  9.13 404.7 152005.
222  6:01:54 0.94 104.80   8.42  1.78 1697   9.68   399.1 133979.  3.06  2.57  -4.24   6.62  -2.53 0.12 0.20 0.00  0.15 445.1 276457. 10.65 399.5 118640.
222  6:07:18 0.94 104.80   8.37  1.78 1697   7.56   397.5 119017.  2.05  2.73  -5.13   6.13  -2.87 0.35 0.20 0.19  0.14 453.4 211280.  8.51 399.2 113248.
222  6:12:42 0.94 104.80   8.32  1.78 1697   8.70   389.6 136406.  3.32  3.41  -5.32   5.67  -1.92 0.32 0.13 0.31  0.17 426.8 341218. 10.03 390.2 130926.
222  6:18:06 0.94 104.80   8.27  1.78 1697   8.11   388.5 107371.  4.55  2.27  -4.76   6.05  -2.50 0.09 0.20 0.19 -1.00  -1.0     -1.  8.83 387.1 102996.
222  6:23:30 0.94 104.79   8.22  1.78 1697   9.15   387.3  99731.  3.52  2.56  -4.32   5.03  -2.54 0.05 0.20 0.00  0.23 408.5 292920. 11.02 385.7 128821.
222  6:28:54 0.94 104.79   8.17  1.78 1697   8.94   386.6 115109.  3.23  1.28  -5.26   4.83  -2.81 0.18 0.19 0.20  0.16 426.4 235773.  9.90 382.4 110321.
222  6:34:18 0.94 104.79   8.12  1.78 1697   8.59   386.5  92721.  3.60  2.52  -4.05   5.49  -2.94 0.10 0.20 0.00  0.12 418.8 248468. 10.84 389.0 130292.
222  6:39:42 0.94 104.79   8.07  1.78 1697   9.39   379.5 108216.  3.58  3.50  -4.44   4.89  -2.30 0.26 0.27 0.19  0.22 396.4 307915. 10.45 383.7 104672.
222  6:45:06 0.94 104.79   8.02  1.77 1697   8.92   381.4 110551.  4.12  2.32  -4.58   4.83  -2.23 0.31 0.31 0.16  0.18 396.0 275365. 10.17 377.9  87182.
222  6:50:30 0.94 104.79   7.97  1.77 1697   9.59   377.5 111591.  3.28  2.40  -5.72   3.47  -2.65 0.20 0.16 0.04  0.18 398.8 316582.  9.88 376.4 101427.
222  6:55:54 0.94 104.79   7.92  1.77 1697   8.98   375.6 110776.  3.59  2.75  -5.48   3.63  -2.39 0.10 0.20 0.14  0.20 389.5 235435. 10.23 376.6  93478.
222  7:01:18 0.94 104.79   7.87  1.77 1697   9.17   374.4 109307.  3.21  3.22  -5.60   3.15  -2.29 0.15 0.22 0.14  0.19 386.6 169258.  9.49 373.7  94004.
222  7:06:39 0.94 104.79   7.82  1.77 1697   9.04   371.6 114183.  0.00  0.00  -5.85   3.57  -1.47 0.16 0.16 0.25  0.09 429.3 108473.  8.59 371.2  96567.
222  7:09:03 0.94 104.79   7.80  1.77 1697  -1.00    -1.0     -1. -1.00 -1.00  -5.80   3.59  -0.89 0.22 0.13 0.22 -1.00  -1.0     -1. -1.00  -1.0     -1.
222  7:14:27 0.94 104.79   7.74  1.77 1697   8.35   373.7  94270.  3.41  3.17  -5.57   4.34  -1.64 0.18 0.19 0.20  0.13 402.9 224780.  9.27 374.2  98331.
222  7:19:51 0.94 104.79   7.69  1.77 1697  -1.00    -1.0     -1. -1.00 -1.00  -5.78   4.20  -1.24 0.00 0.00 0.20 -1.00  -1.0     -1.  8.30 375.5  70781.
222  7:25:15 0.94 104.79   7.64  1.77 1697   8.09   373.8  95316.  3.80  2.88  -5.29   4.34  -1.77 0.16 0.08 0.15  0.23 383.3 191802.  9.97 377.9 120521.
222  7:28:18 0.94 104.79   7.61  1.77 1697   8.38   371.7  99185.  3.23  2.90  -5.33   4.22  -2.01 0.08 0.16 0.17  0.20 379.9 300300.  8.71 373.4  83947.
222  7:33:42 0.94 104.78   7.57  1.77 1697   8.21   369.8  91204.  2.92  2.64  -6.57   3.30  -2.70 0.00 0.00 0.00  0.19 381.1 131303.  9.54 369.3 101092.
222  7:39:06 0.94 104.78   7.51  1.77 1697   9.16   369.2 108550.  2.49  2.62   0.00   0.00   0.00 0.00 0.00 0.00  0.10 388.5 260604.  8.96 367.4  78389.
222  7:55:18 0.94 104.78   7.36  1.77 1697  12.78   374.5  81374.  6.36  1.56  -6.33   3.38  -2.70 0.12 0.04 0.00  0.31 379.9 226846. 13.60 374.3  80695.
222  8:00:42 0.94 104.78   7.31  1.77 1697  14.31   372.7  91174.  6.27  1.57  -7.02   2.95  -2.93 0.22 0.17 0.18 -1.00  -1.0     -1. 14.84 372.8  78941.
222  8:06:06 0.94 104.78   7.26  1.77 1697  11.62   385.8 117835.  5.60  2.40  -7.16   5.70  -0.17 0.35 0.06 0.19 -1.00  -1.0     -1. 12.58 385.3 123100.
222  8:11:30 0.94 104.78   7.21  1.77 1697  13.62   382.3 108343.  6.26  2.23  -6.68   5.82  -0.31 0.39 0.30 0.33 -1.00  -1.0     -1. 15.23 380.2 118777.
222  8:16:54 0.94 104.78   7.16  1.77 1697  13.89   382.4 115600.  6.16  1.96  -6.46   5.27  -0.16 0.12 0.08 0.22 -1.00  -1.0     -1. 16.00 377.4 100407.
222  8:22:18 0.94 104.78   7.11  1.77 1697  13.13   383.5 116506.  6.47  2.73  -6.39   5.54  -1.38 0.07 0.13 0.23 -1.00  -1.0     -1. 14.45 384.6 120427.
222  8:27:42 0.94 104.78   7.06  1.77 1697  13.06   381.9 112569.  6.54  2.61  -6.90   4.45  -1.69 0.16 0.23 0.16 -1.00  -1.0     -1. 13.09 381.6  98389.
222  8:33:06 0.94 104.78   7.01  1.77 1697  12.91   380.4 110662.  6.51  1.38  -7.18   4.43  -3.21 0.16 0.16 0.00 -1.00  -1.0     -1. 13.96 376.2  94319.
222  8:38:30 0.94 104.78   6.96  1.77 1697  14.78   382.2 100027.  7.08  1.68  -6.17   5.43  -1.03 0.10 0.34 0.30  0.37 389.5 200560. 16.42 380.4  91386.
222  8:43:54 0.94 104.78   6.91  1.77 1697  15.14   379.7 106351.  6.62  1.59  -6.18   5.73  -0.25 0.17 0.12 0.73 -1.00  -1.0     -1. 16.38 375.3  98636.
222  8:49:18 0.94 104.77   6.86  1.77 1697  14.46   378.4  85860.  7.52  0.83  -6.19   5.85  -1.23 0.12 0.20 0.19 -1.00  -1.0     -1. 16.77 377.5 106299.
222  8:54:42 0.94 104.77   6.81  1.77 1697  13.38   383.3 103843.  6.44  0.45  -6.79   4.05  -3.84 0.12 0.08 0.36  0.39 390.1 257343. 15.62 382.3 129877.
222  9:00:06 0.94 104.77   6.76  1.77 1697  15.00   382.2 106387.  6.38 -0.01  -7.03   3.61  -4.34 0.10 0.25 0.16  0.41 384.9 179562. 16.18 380.4  99042.
222  9:05:30 0.94 104.77   6.71  1.77 1697  15.24   380.0  93871.  7.08  0.45  -6.59   5.04  -3.30 0.43 0.19 0.39 -1.00  -1.0     -1. 16.25 377.3  75004.
222  9:10:54 0.94 104.77   6.66  1.77 1697  13.16   377.6  89333.  6.67  1.97  -7.62   4.82   2.12 0.25 0.10 0.19  0.45 383.5 148805. 14.50 375.9  95316.
222  9:16:18 0.94 104.77   6.61  1.77 1697  14.27   372.3  98285.  7.23  1.92  -7.87   3.11  -2.76 0.00 0.00 0.16  0.39 372.8 157927. 15.22 370.0  90213.
222  9:21:42 0.94 104.77   6.56  1.76 1697  12.55   367.5 105348.  7.67  1.52  -8.67   2.97  -2.41 0.09 0.20 0.19 -1.00  -1.0     -1. 13.58 363.5  82452.
222  9:27:06 0.94 104.77   6.51  1.76 1697  12.93   372.3 101261.  7.83  2.34  -8.52   3.16  -2.88 0.17 0.21 0.05 -1.00  -1.0     -1. 13.67 369.8  84785.
222  9:32:30 0.94 104.77   6.46  1.76 1697  13.76   374.7 103876.  7.79  2.75  -8.16   3.10  -1.73 0.14 0.10 0.30  0.43 384.8 185344. 15.92 372.0 111874.
222  9:37:54 0.94 104.77   6.40  1.76 1697  14.76   369.5 100712.  6.79  1.22  -7.50   3.04  -3.17 0.15 0.23 0.16  0.51 367.7 205627. 16.47 365.8  89580.
222  9:43:18 0.94 104.77   6.36  1.76 1697  13.68   368.6  94225.  7.19  1.52  -8.25   2.82  -2.70 0.13 0.25 0.32 -1.00  -1.0     -1. 15.46 363.2  81916.
222  9:48:42 0.94 104.77   6.31  1.76 1697  13.08   364.2  81764.  7.58  1.94  -8.28   3.36  -3.10 0.16 0.08 0.20 -1.00  -1.0     -1. 14.42 363.8  99708.
222  9:54:06 0.94 104.77   6.25  1.76 1697  14.25   366.8  86802.  6.90  2.10  -8.99   2.40  -0.49 0.06 0.16 0.30 -1.00  -1.0     -1. 15.82 361.8  72496.
222  9:59:30 0.94 104.76   6.21  1.76 1697  14.60   370.0  86156.  7.77  2.98  -8.13   4.20   0.74 0.15 0.27 0.44  0.39 378.2 212826. 15.45 367.1  71352.
222 10:04:54 0.94 104.76   6.15  1.76 1697  15.03   371.1  76930.  7.15  3.29  -8.92   3.45   1.74 0.18 0.19 0.16 -1.00  -1.0     -1. 16.41 365.3  63995.
222 10:10:18 0.94 104.76   6.10  1.76 1697  15.07   374.2  85064.  8.47  2.84  -7.80   5.52  -0.06 0.00 0.00 0.00 -1.00  -1.0     -1. 17.67 370.6  83976.
222 10:15:42 0.94 104.76   6.06  1.76 1697  13.77   363.8  71404.  7.97  3.36  -8.78   3.54   0.37 0.22 0.16 0.19 -1.00  -1.0     -1. 15.76 358.3  65314.
222 10:21:06 0.94 104.76   6.00  1.76 1697  13.03   358.7  67038.  8.01  3.18  -8.72   4.36  -1.21 0.15 0.22 0.19 -1.00  -1.0     -1. 14.43 354.1  63280.
222 10:26:30 0.94 104.76   5.95  1.76 1697  13.54   365.9  73415.  7.80  2.86  -8.66   2.34   0.16 0.10 0.22 0.20 -1.00  -1.0     -1. 16.22 360.4  63001.
222 10:31:54 0.94 104.76   5.90  1.76 1697  12.34   359.4  63699.  7.68  2.80  -8.62   3.13  -0.43 0.20 0.18 0.13  0.38 358.6 189281. 13.70 354.9  49065.
222 10:37:18 0.94 104.76   5.85  1.76 1697  12.87   361.1  67470.  6.71  2.53  -8.04   2.73  -2.24 0.08 0.20 0.19 -1.00  -1.0     -1. 16.06 355.0  67721.
222 10:42:42 0.94 104.76   5.80  1.76 1697  13.81   350.6  66334.  7.49  2.36  -7.60   2.63  -1.97 0.18 0.18 0.32 -1.00  -1.0     -1. 13.68 343.3  35811.
222 10:48:06 0.94 104.76   5.75  1.76 1697  14.25   354.0  64924.  7.42  3.01  -7.42   3.11   0.21 0.19 0.10 0.29  0.40 353.0 145479. 15.99 355.9  67711.
222 10:53:30 0.94 104.76   5.70  1.76 1697  14.13   358.9  67461.  7.26  3.07  -7.39   3.27   1.06 0.27 0.47 0.19 -1.00  -1.0     -1. 16.93 353.9  68162.
222 10:58:54 0.94 104.76   5.65  1.76 1697  14.20   356.4  54162.  6.80  3.08  -7.49   1.46   1.46 0.14 0.20 0.19  0.11 391.0 156459. 16.03 356.3  60317.
222 11:04:18 0.94 104.76   5.60  1.76 1697  15.28   356.1  60298.  6.72  2.98  -7.59   1.61  -0.52 0.24 0.10 0.18  0.30 354.0 139814. 16.42 351.2  49156.
222 11:09:42 0.94 104.75   5.55  1.76 1697  14.40   357.9  64920.  6.92  3.64  -7.66   1.97  -0.88 0.13 0.23 0.36  0.30 354.7 159668. 15.97 356.2  60710.
222 11:15:06 0.94 104.75   5.50  1.76 1697  13.71   355.8  67831.  6.63  2.19  -6.81   0.53  -3.98 0.15 0.10 0.01  0.46 342.6 140762. 15.75 352.1  60106.
222 11:20:30 0.94 104.75   5.45  1.76 1697  13.22   351.9  67019.  6.28  0.88  -5.80   1.47  -2.70 0.22 1.21 2.76  0.32 351.6 172818. 14.54 350.5  67344.
222 11:25:54 0.94 104.75   5.40  1.76 1697  13.99   353.7  66798.  8.37  3.99  -6.83   3.23  -0.37 0.16 0.13 0.44 -1.00  -1.0     -1. 15.72 349.9  57985.
222 11:31:18 0.94 104.75   5.35  1.76 1697  12.92   349.4  57527.  7.93  1.80  -7.50   2.27  -2.84 0.10 0.20 0.05  0.43 347.4 198156. 12.96 345.8  44981.
222 11:36:42 0.94 104.75   5.30  1.76 1697  12.13   348.5  70706.  7.17  2.61  -8.08   2.03  -2.42 0.19 0.18 0.16  0.65 334.1 172259. 13.53 344.7  67383.
222 11:42:06 0.94 104.75   5.25  1.76 1697  12.10   345.4  65534.  7.38  2.62  -7.73   1.70  -1.69 0.05 0.20 0.00  0.08 388.6  88982. 13.85 342.2  53983.
222 11:47:30 0.94 104.75   5.20  1.76 1697  11.95   345.6  71531.  7.19  3.44  -7.33   2.18  -1.57 0.20 0.05 0.15  0.58 333.0 139203. 12.70 341.6  63780.
222 11:52:54 0.94 104.75   5.15  1.75 1697  12.09   345.5  64605.  7.09  2.45  -7.31   2.24  -1.93 0.19 0.11 0.12 -1.00  -1.0     -1. 13.42 341.9  59239.
222 11:58:18 0.94 104.75   5.10  1.75 1697  11.17   342.5  58229.  6.74  2.15  -7.04   2.39  -1.59 0.09 0.26 0.00 -1.00  -1.0     -1. 12.65 344.0  72743.
222 12:03:42 0.94 104.75   5.05  1.75 1697  12.45   346.1  65921.  7.17  2.79  -6.88   2.40  -1.03 0.16 0.08 0.19 -1.00  -1.0     -1. 14.03 340.3  59148.
222 12:09:03 0.94 104.75   5.00  1.75 1697  13.03   344.4  52281.  7.31  3.00  -6.55   2.60  -0.47 0.14 0.08 0.16  0.57 341.2 149988. 15.20 342.4  57056.
222 12:13:51 0.94 104.75   4.95  1.75 1697  -1.00    -1.0     -1. -1.00 -1.00  -5.22   3.79  -3.90 0.16 0.21 0.05 -1.00  -1.0     -1. -1.00  -1.0     -1.
222 12:19:15 0.94 104.75   4.90  1.75 1697  12.14   347.1  53801.  7.58  0.47  -5.27   2.72  -3.87 0.13 0.22 0.00  0.48 346.2 153184. 12.71 346.2  50887.
222 12:24:39 0.94 104.74   4.85  1.75 1697  12.28   340.5  54236.  7.18  1.07  -5.14   2.98  -2.83 0.08 0.12 0.20  0.56 336.2 143673. 13.85 340.9  59684.
222 12:30:03 0.94 104.74   4.80  1.75 1697  12.53   345.7  60853.  7.50  1.39  -5.41   2.26  -3.00 0.20 0.34 0.16  0.44 344.6 161396. 13.94 342.5  47466.
222 12:30:42 0.94 104.74   4.79  1.75 1697  12.57   339.5  56520.  6.29  1.62  -5.07   2.50  -3.07 0.18 0.23 0.00  0.69 336.6 137228. 12.84 338.8  46281.
222 12:36:06 0.94 104.74   4.74  1.75 1697  12.61   336.6  66606.  6.37  2.02  -5.90   1.72  -2.40 0.10 0.49 0.15  0.61 334.0 122493. 13.43 334.2  56871.
222 12:41:30 0.94 104.74   4.70  1.75 1697  12.72   339.8  56260.  5.89  0.23  -4.18   1.94  -4.66 0.21 0.18 0.15  0.68 335.1 158512. 14.19 336.1  45888.
222 12:46:54 0.94 104.74   4.64  1.75 1697  11.68   339.2  69660.  5.67  1.07  -5.46   1.56  -2.52 0.17 0.12 0.32 -1.00  -1.0     -1. 13.80 336.0  59606.
222 12:50:28 0.94 104.74   4.61  1.75 1697  -1.00    -1.0     -1. -1.00 -1.00  -5.21   1.82  -2.91 0.10 0.31 0.20 -1.00  -1.0     -1. -1.00  -1.0     -1.
222 12:51:04 0.94 104.74   4.60  1.75 1697  -1.00    -1.0     -1. -1.00 -1.00  -5.38   0.42  -2.66 0.21 1.48 0.28 -1.00  -1.0     -1. -1.00  -1.0     -1.
222 13:01:52 0.94 104.74   4.50  1.75 1697  13.02   334.0  74185.  5.34  2.92  -5.49   1.64  -1.88 0.00 0.00 0.00  0.57 330.4 125806. 13.30 332.1  64511.
222 13:12:40 0.94 104.74   4.40  1.75 1697  11.94   331.2  64862.  3.60  5.26  -5.80   0.24  -0.68 0.00 0.00 0.00 -1.00  -1.0     -1. 12.72 329.8  51316.
222 13:23:28 0.94 104.74   4.30  1.75 1697  11.39   327.9  59177.  5.40  2.89  -6.00   1.68  -1.14 0.10 0.15 0.06  0.55 327.4 130887. 12.64 328.4  60135.
222 13:30:06 0.94 104.74   4.24  1.75 1697  13.14   337.0  62991.  6.62  5.26  -5.12   3.00   0.53 0.16 0.25 0.00  0.43 335.6 110837. 12.82 334.9  46180.
222 13:40:54 0.94 104.73   4.14  1.75 1697  11.83   348.2  75705.  3.93  3.36  -2.77   2.40  -1.05 0.05 0.19 0.14 -1.00  -1.0     -1. 13.24 352.2  79867.
222 13:51:42 0.94 104.73   4.04  1.75 1697  10.68   347.8  96703.  2.71  4.49  -3.50   2.93  -0.68 0.08 0.14 0.19 -1.00  -1.0     -1. 10.33 348.0  75160.
222 14:02:30 0.94 104.73   3.94  1.75 1697   6.92   376.4 200907.  3.23  3.08   4.45   0.53  -1.07 0.15 0.10 0.00  0.05 452.8 110032.  6.18 373.0 144735.
222 14:13:16 0.94 104.73   3.84  1.75 1697   7.23   365.7 171077.  2.60  2.25   3.81   2.43  -1.58 0.00 0.00 0.00 -1.00  -1.0     -1.  8.59 366.1 155361.
222 14:24:04 0.94 104.73   3.74  1.75 1697   6.76   373.1 176947.  3.00  2.05   3.21   1.88  -2.04 0.30 0.35 0.06 -1.00  -1.0     -1.  7.50 370.3 131985.
222 14:33:17 0.94 104.73   3.65  1.74 1697   9.28   360.2 148708.  0.00  0.00   2.86   3.30  -1.69 0.10 0.37 0.33 -1.00  -1.0     -1. 10.71 354.8 123526.
222 14:37:27 0.94 104.73   3.61  1.74 1697  -1.00    -1.0     -1. -1.00 -1.00   1.97   1.88  -3.30 0.35 0.15 0.00 -1.00  -1.0     -1. -1.00  -1.0     -1.
222 14:38:03 0.94 104.65   3.54  1.56 1698  -1.00    -1.0     -1. -1.00 -1.00   1.67   2.18  -3.75 0.15 0.05 0.05 -1.00  -1.0     -1. -1.00  -1.0     -1.
222 14:44:03 0.94 104.65   3.48  1.56 1698  -1.00    -1.0     -1. -1.00 -1.00  -3.91   0.70   1.05 0.00 0.00 0.00 -1.00  -1.0     -1. -1.00  -1.0     -1.
222 15:16:29 0.94 104.72   3.25  1.74 1697  11.21   345.9  93653.  1.30  4.50   0.00   0.00   0.00 0.00 0.00 0.00  0.27 348.7 176976. 11.83 346.2  68929.
222 15:27:17 0.94 104.72   3.15  1.74 1697  10.86   348.0  87916.  2.09  3.92  -3.81   1.00   1.06 0.10 0.30 0.01 -1.00  -1.0     -1. 12.13 348.9  78587.
222 15:38:05 0.94 104.72   3.05  1.74 1697  10.26   340.1  90525.  1.83  4.39  -4.48   0.33   0.65 0.12 0.25 0.00 -1.00  -1.0     -1. 11.50 338.5  75946.
222 15:48:53 0.94 104.72   2.95  1.74 1697   9.75   343.3  83362. -0.16  4.96  -3.31  -2.10   0.76 0.20 0.10 0.00  0.19 351.7 120518. 11.14 344.4  77037.
222 15:59:41 0.94 104.71   2.85  1.74 1697  11.36   340.7  57186.  0.29  4.89  -4.09  -1.97   1.52 0.12 0.29 0.05 -1.00  -1.0     -1. 11.95 337.3  53395.
222 16:10:29 0.94 104.71   2.74  1.74 1697   9.18   335.6  54132.  1.92  5.14  -5.28  -1.35   2.24 0.05 0.15 0.00  0.23 336.9 105796. 11.02 337.0  45267.
222 16:21:17 0.94 104.71   2.64  1.74 1697  10.15   340.2  74783.  1.37  5.93  -3.84   2.65  -0.55 0.25 0.35 0.01 -1.00  -1.0     -1. 10.59 341.8  70021.
222 16:32:05 0.94 104.71   2.54  1.74 1697   7.99   362.6  82628. -0.03  4.39  -5.72   1.70   1.33 0.00 0.00 0.00 -1.00  -1.0     -1.  9.25 360.9  81423.
222 16:42:53 0.94 104.71   2.44  1.74 1697   8.68   367.7  82131.  0.01  4.02  -4.66   1.45   0.60 0.05 0.15 0.45  0.18 375.2 146285. 10.64 368.1  65599.
222 16:53:41 0.94 104.71   2.34  1.74 1697   9.70   362.4  73958.  0.55  3.15  -4.37  -0.30   1.25 0.06 0.00 0.20  0.31 358.6 120284. 10.40 359.5  74997.
222 17:04:29 0.94 104.71   2.24  1.73 1697   9.06   354.2  59690.  0.66  2.89   0.82  -0.50   3.61 0.29 0.16 0.22  0.28 349.8 122909. 10.94 349.5  61191.
222 17:15:17 0.95 104.70   2.14  1.73 1697   6.41   359.4  69020.  0.95  2.95  -4.08   2.50  -1.80 0.10 0.20 0.06 -1.00  -1.0     -1.  6.79 359.6  46664.
222 17:26:05 0.95 104.70   2.04  1.73 1697   7.18   364.3  90505.  0.49  3.71  -3.28   2.60  -1.74 0.00 0.00 0.00 -1.00  -1.0     -1.  7.99 364.7  78405.
222 17:36:53 0.95 104.70   1.94  1.73 1697   6.62   366.2  70040. -1.00  4.30  -2.67   3.30  -2.53 0.00 0.00 0.00  0.21 361.0 128782.  6.98 366.3  48659.
222 17:47:41 0.95 104.70   1.84  1.73 1697   8.34   364.6  88761.  1.48  2.46  -2.63  -2.27  -0.37 0.19 0.09 0.33  0.22 374.5 137955.  9.37 362.5  69462.
222 17:58:29 0.95 104.70   1.74  1.73 1697   6.94   366.7 105403.  1.24  2.76  -4.43   1.70  -1.40 0.15 0.10 0.05  0.28 355.3 181381.  8.27 367.4  94121.
222 18:09:17 0.95 104.70   1.64  1.73 1697   7.61   365.1  97425.  1.21  2.30  -4.44  -0.30  -1.15 0.05 0.30 0.20  0.17 366.7 182355.  7.35 366.1  78415.
222 18:20:05 0.95 104.69   1.53  1.73 1697   7.69   365.0  81406.  0.65  2.02  -3.98  -0.75  -1.75 0.01 0.05 0.40 -1.00  -1.0     -1.  7.90 367.5  66727.
222 18:30:53 0.95 104.69   1.44  1.73 1697   8.05   370.4  77063.  0.81  1.85  -4.65   1.00  -0.21 0.25 0.10 0.06  0.32 351.4 149273.  8.13 367.2  73366.
222 18:41:41 0.95 104.69   1.34  1.73 1697   9.07   386.0  91792. -0.91  1.03   0.75  -0.75   0.06 0.15 0.35 0.25 -1.00  -1.0     -1. 10.33 385.4  86584.
222 18:52:29 0.95 104.69   1.23  1.73 1697   9.92   383.9 103506. -0.87  1.58   2.69  -2.65   0.83 0.10 0.25 0.00 -1.00  -1.0     -1. 10.60 385.2  83710.
222 19:03:17 0.95 104.69   1.13  1.73 1697   9.37   385.5  85720. -0.40  0.74   1.59  -2.25   0.72 0.10 0.25 0.01 -1.00  -1.0     -1. 10.48 388.3  68387.
222 19:34:04 0.95 104.68   0.84  1.73 1697  10.94   371.3  61100.  1.19 -4.32  -1.51   1.24  -5.99 0.29 0.40 0.22  0.29 372.9 172727. 12.39 372.4  46216.
222 19:34:45 0.95 104.68   0.84  1.73 1697  10.42   374.4  50650.  0.54 -4.51  -0.98   0.33  -5.88 0.41 0.49 0.22  0.38 361.3 183057. 12.24 371.7  54789.
222 19:35:00 0.95 104.68   0.84  1.73 1697  11.43   373.2  59268.  0.98 -5.11  -0.69  -0.11  -5.76 0.35 0.88 0.24  0.29 377.8 164892. 12.96 372.4  48824.
222 19:35:39 0.95 104.68   0.83  1.73 1697  10.57   374.3  50244.  0.24 -5.13  -1.02   0.40  -5.70 0.39 1.32 0.23 -1.00  -1.0     -1. 12.63 374.7  64872.
222 19:36:20 0.95 104.68   0.82  1.73 1697  11.03   376.9  51625.  1.33 -5.36  -1.39   1.94  -5.97 0.31 1.03 0.35  0.33 372.5 172779. 12.18 376.3  46148.
222 19:37:00 0.95 104.68   0.82  1.73 1697  10.37   377.7  48954.  1.46 -5.33  -1.20   1.64  -5.97 0.39 1.23 0.32  0.47 371.7 286371. 11.67 380.4  45988.
222 19:37:41 0.95 104.68   0.81  1.73 1697  11.30   384.3  48240.  3.09 -4.73  -0.46   2.91  -5.93 0.31 0.30 0.17  0.41 375.5 220505. 12.42 382.2  45735.
222 19:38:21 0.95 104.68   0.80  1.73 1697  10.78   381.5  49003.  3.44 -4.50  -0.54   2.80  -6.03 0.57 0.34 0.28  0.53 371.7 218050. 12.16 381.8  42425.
222 19:39:02 0.95 104.68   0.80  1.72 1697   9.47   375.6  42282.  2.23 -4.65  -1.02   1.59  -5.87 0.94 0.87 0.31  0.54 362.0 277366. 10.62 375.0  37984.
222 19:39:42 0.95 104.68   0.79  1.72 1697  11.38   376.2  46375.  1.98 -4.64  -1.52   0.75  -6.03 0.33 0.42 0.24  0.50 371.1 246688. 12.52 376.0  48214.
222 19:40:23 0.95 104.68   0.78  1.72 1697  11.31   375.6  56744.  1.60 -4.39  -1.27   0.61  -6.45 0.24 0.52 0.18  0.40 370.5 173468. 12.17 372.7  52856.
222 19:41:03 0.95 104.68   0.78  1.72 1697  10.66   376.7  48353.  2.11 -4.29  -1.21   0.62  -5.84 1.03 1.34 0.60  0.50 370.9 248910. 11.96 375.4  61428.
222 19:41:44 0.95 104.68   0.77  1.72 1697   9.66   384.3  57511.  2.02 -5.46   0.27   0.96  -5.93 0.45 0.90 0.25 -1.00  -1.0     -1. 11.57 382.4  51569.
222 19:42:24 0.95 104.68   0.77  1.72 1697  12.16   381.5  66616.  0.41 -5.03   0.53   0.49  -5.82 0.45 0.50 0.17  0.36 387.5 169154. 12.72 382.9  53876.
222 19:43:05 0.95 104.68   0.76  1.72 1697  12.24   383.4  51683.  1.74 -5.01   0.30   0.98  -5.69 0.40 0.31 0.22  0.36 374.5 186423. 13.49 380.6  43445.
222 19:43:45 0.95 104.68   0.76  1.72 1697  11.05   377.4  47730.  1.09 -4.34   0.23   0.09  -5.97 0.81 0.83 0.52  0.32 389.1 188203. 12.16 379.2  56627.
222 19:44:26 0.95 104.68   0.75  1.72 1697  11.44   378.4  61142.  1.12 -4.85  -0.48   0.50  -5.79 0.70 1.47 0.28  0.44 371.7 169751. 12.75 377.6  47538.
222 19:45:06 0.95 104.68   0.74  1.72 1697  12.95   373.9  50068. -0.02 -4.28  -1.42   0.07  -5.50 0.72 2.29 0.67  0.47 358.9 182264. 12.80 371.2  46313.
222 19:45:47 0.95 104.68   0.74  1.72 1697  12.53   378.0  58986.  0.84 -4.61  -1.76  -1.31  -4.59 1.15 3.22 1.50  0.27 371.3 192738. 14.35 376.0  47330.
222 19:46:27 0.95 104.68   0.73  1.72 1697  12.40   369.6  51478. -3.18 -2.53  -2.62  -4.15  -3.29 0.91 1.27 1.09  0.43 357.3 170661. 14.13 367.3  49883.
222 19:47:08 0.95 104.68   0.73  1.72 1697  12.89   368.3  56403. -3.52 -3.41  -2.29   0.44  -5.10 0.60 2.51 0.42  0.55 358.6 213606. 14.18 370.5  49594.
222 19:47:48 0.95 104.68   0.72  1.72 1697  12.95   372.1  47015. -0.13 -4.21  -1.48   3.69  -4.86 0.63 0.67 0.67  0.50 361.2 156952. 14.88 369.9  47307.
222 19:48:29 0.95 104.68   0.71  1.72 1697  13.48   368.7  65541.  0.66 -4.37  -2.60   2.06  -4.83 0.71 1.87 0.39  0.39 363.8 136630. 14.90 370.1  53288.
222 19:49:09 0.95 104.68   0.71  1.72 1697  13.59   366.1  69943. -3.03 -3.22  -3.37  -2.81  -3.61 0.74 0.83 1.11  0.41 360.7 174442. 14.51 366.5  55204.
222 19:49:50 0.95 104.68   0.70  1.72 1697  12.77   375.2  58359. -2.61 -4.12  -2.45  -2.27  -5.29 0.50 0.43 0.48  0.48 368.1 149377. 14.64 375.6  43965.
222 19:50:30 0.95 104.68   0.69  1.72 1697  12.61   371.5  51988. -3.37 -3.68  -1.87  -2.10  -5.35 0.40 0.71 0.48  0.49 359.7 201859. 14.59 370.9  46583.
222 19:51:11 0.95 104.68   0.69  1.72 1697  13.31   374.1  57368. -4.30 -2.92  -1.50  -4.02  -4.20 0.73 0.61 0.59  0.36 375.5 155770. 14.98 374.9  45787.
222 19:51:51 0.95 104.68   0.68  1.72 1697  13.86   374.3  44748. -4.18 -3.43  -1.44  -2.73  -4.61 0.73 2.25 1.13  0.47 369.2 214047. 15.03 375.2  44780.
222 19:52:32 0.95 104.68   0.67  1.72 1697  12.97   369.7  62283. -1.93 -5.09  -2.31   1.21  -6.23 0.33 0.31 0.22  0.38 370.1 176274. 14.89 370.8  51439.
222 19:53:12 0.95 104.68   0.67  1.72 1697  13.17   371.4  54860. -1.52 -4.69  -2.04   1.03  -6.21 0.31 0.23 0.18  0.26 367.0 177249. 15.60 370.5  62958.
222 19:53:53 0.95 104.68   0.66  1.72 1697  13.25   367.4  71070. -1.65 -4.64  -2.54   0.79  -5.89 0.44 0.26 0.28  0.46 368.2 188683. 15.06 366.7  65979.
222 19:54:33 0.95 104.68   0.65  1.72 1697  12.69   368.0  61269. -1.71 -5.15  -2.10   0.59  -6.10 0.53 0.59 0.24  0.47 369.5 277756. 14.37 368.2  46018.
222 19:55:14 0.95 104.68   0.65  1.72 1697  14.33   366.4  67821. -1.97 -5.27  -1.76   0.31  -6.14 0.46 0.54 0.22 -1.00  -1.0     -1. 16.14 366.6  62867.
222 19:55:54 0.95 104.68   0.64  1.72 1697  14.00   364.7  62143. -1.41 -0.38  -1.92   0.74  -6.14 0.29 0.25 0.20  0.52 359.7 192517. 15.30 365.2  50400.
222 19:56:35 0.95 104.68   0.63  1.72 1697  13.71   367.9  66454. -1.32 -5.40  -1.99   0.84  -6.16 0.36 0.32 0.18 -1.00  -1.0     -1. 16.20 367.3  65658.
222 19:57:15 0.95 104.68   0.63  1.72 1697  13.78   365.7  69121. -1.30 -0.29  -3.08   0.46  -6.00 0.58 0.43 0.22  0.44 363.6 145011. 14.16 365.3  54753.
222 19:57:56 0.95 104.68   0.62  1.72 1697  13.71   366.9  73483. -1.11 -0.37  -2.56   0.34  -5.92 0.50 0.34 0.19 -1.00  -1.0     -1. 16.29 364.2  61389.
222 19:58:36 0.95 104.68   0.62  1.72 1697  13.77   364.8  57644. -1.45 -0.39  -2.15   0.86  -6.25 0.46 0.44 0.26  0.44 358.1 176222. 15.13 364.4  48279.
222 19:59:17 0.95 104.68   0.61  1.72 1697  15.01   364.4  49604. -0.82 -0.66  -1.78   1.44  -6.62 0.66 0.68 0.31  0.56 354.6 264386. 17.50 365.5  50903.
222 19:59:57 0.95 104.68   0.60  1.72 1697  13.98   363.6  58453. -1.77 -0.28  -2.33   1.02  -6.36 0.60 0.27 0.30  0.42 358.7 186267. 16.03 364.0  48217.
222 20:00:38 0.95 104.68   0.60  1.72 1697  13.46   360.6  55555. -1.57 -0.46  -2.89   0.31  -6.39 0.32 0.32 0.21  0.34 369.3 159291. 16.26 361.5  64180.
222 20:01:18 0.95 104.68   0.59  1.72 1697  13.59   359.4  61750. -2.36 -0.44  -3.14  -0.08  -6.47 0.35 0.23 0.22  0.46 359.7 164034. 15.51 361.1  49747.
222 20:01:59 0.95 104.68   0.59  1.72 1697  13.72   362.2  51134. -1.90 -0.05  -2.56   0.39  -6.19 0.38 0.82 0.17 -1.00  -1.0     -1. 15.96 364.6  56332.
222 20:02:39 0.95 104.68   0.58  1.72 1697  15.41   362.7  57910. -1.25 -5.61  -2.46   0.44  -6.27 0.31 0.33 0.23  0.56 358.8 206030. 16.91 363.3  48168.
222 20:03:20 0.95 104.68   0.57  1.72 1697  15.13   360.2  50773. -1.40 -0.71  -2.24   0.38  -6.30 0.38 0.24 0.24  0.51 358.1 284591. 17.15 360.1  59690.
222 20:04:00 0.95 104.68   0.57  1.72 1697  15.35   361.5  61415. -1.57 -0.67  -2.21   0.09  -6.36 0.30 0.34 0.22 -1.00  -1.0     -1. 17.58 361.8  48818.
222 20:04:41 0.95 104.68   0.56  1.72 1697  15.53   360.8  50874. -1.44 -0.60  -2.20  -0.03  -6.50 0.27 0.25 0.24  0.43 356.9 257096. 17.71 361.1  55214.
222 20:05:21 0.95 104.68   0.55  1.72 1697  15.63   361.7  60795. -1.62 -5.63  -2.37  -0.40  -6.33 0.26 0.29 0.27  0.54 357.8 186721. 17.74 361.8  50617.
222 20:06:02 0.95 104.68   0.55  1.72 1697  14.62   360.9  50900. -1.34 -0.43  -2.02   1.34  -6.62 0.37 0.64 0.23  0.51 358.5 305446. 17.34 360.7  60087.
222 20:06:42 0.95 104.68   0.54  1.72 1697  15.65   363.3  58427. -1.93 -5.11  -2.37   0.03  -6.15 0.32 1.04 0.28  0.46 358.4 165957. 18.58 361.9  53135.
222 20:07:23 0.95 104.68   0.54  1.72 1697  15.97   360.7  52128. -1.93 -0.23  -2.28   0.81  -5.93 0.34 0.76 0.28 -1.00  -1.0     -1. 19.44 362.2  58670.
222 20:08:03 0.95 104.68   0.53  1.72 1697  16.14   359.8  55328. -1.67 -0.57  -1.88  -1.22  -6.15 0.44 1.19 0.25  0.54 357.8 143998. 18.74 360.4  45794.
222 20:08:44 0.95 104.68   0.52  1.72 1697  16.13   359.6  45267. -0.51 -1.09  -2.14  -1.79  -6.06 0.48 0.46 0.35  0.58 347.3 161409. 18.50 357.5  42932.
222 20:09:24 0.95 104.68   0.52  1.72 1697  16.81   360.2  58573. -1.00 -0.51  -1.64  -1.13  -6.17 0.85 1.04 0.80  0.58 356.2 184967. 19.84 360.5  51024.
222 20:10:05 0.95 104.68   0.51  1.72 1697  16.85   359.7  45014. -1.40 -0.29  -1.09  -0.34  -6.73 0.28 0.28 0.23  0.53 347.4 189879. 20.18 359.8  50364.
222 20:10:45 0.95 104.68   0.50  1.72 1697  16.69   358.6  51037. -1.66  0.05  -1.37  -0.89  -6.62 0.30 0.30 0.19  0.50 359.0 184045. 19.57 358.7  46456.
222 20:11:26 0.95 104.68   0.50  1.72 1697  16.87   359.5  48191. -1.81 -0.22  -1.83  -1.11  -6.63 0.43 1.13 0.33  0.57 347.6 189164. 19.42 358.9  49100.
222 20:12:06 0.95 104.68   0.49  1.72 1697  16.77   358.8  51920. -1.25 -0.08  -2.22  -0.07  -6.89 0.24 0.28 0.14  0.52 360.7 151027. 19.20 359.8  43594.
222 20:12:47 0.95 104.68   0.48  1.72 1697  16.72   358.0  46479. -1.05 -0.11  -2.14   0.23  -7.16 0.30 1.04 0.25  0.64 346.9 169842. 18.81 358.6  47736.
222 20:13:27 0.95 104.68   0.48  1.72 1697  16.13   357.1  53616. -0.69 -0.11  -2.42  -0.42  -6.61 0.45 1.34 0.65  0.51 355.5 158746. 18.67 357.4  49208.
222 20:14:08 0.95 104.68   0.47  1.72 1697  15.82   359.2  50049.  0.90 -1.24  -2.27  -0.50  -6.58 0.48 0.65 0.41  0.72 350.9 191230. 18.90 358.1  57865.
222 20:14:48 0.95 104.68   0.47  1.72 1697  16.92   361.0  54743.  0.51 -0.64  -2.81  -0.78  -6.48 0.38 0.59 0.48  0.51 360.1 163657. 19.57 361.5  47668.
222 20:15:29 0.95 104.68   0.46  1.72 1697  16.24   360.8  46768.  0.59 -0.84  -2.42  -0.41  -6.67 0.74 0.90 0.54  0.54 354.9 225170. 19.02 360.9  50806.
222 20:16:09 0.95 104.68   0.45  1.72 1697  16.90   362.5  52924.  0.63 -0.91  -2.15  -0.11  -6.72 0.65 0.54 0.28  0.53 359.8 168101. 20.10 362.2  42766.
222 20:16:50 0.95 104.68   0.45  1.72 1697  16.99   360.7  48545. -0.03 -0.80  -2.30  -1.08  -6.80 0.85 0.58 0.34  0.62 353.1 174715. 19.39 358.8  52352.
222 20:17:30 0.95 104.68   0.44  1.72 1697  16.94   361.6  53853.  0.13 -0.65  -1.74  -1.70  -6.79 0.92 1.22 0.38 -1.00  -1.0     -1. 19.08 360.8  46723.
222 20:18:11 0.95 104.68   0.44  1.72 1697  16.33   363.0  46596. -0.42 -0.38  -3.23  -0.01  -6.34 0.83 1.54 0.47  0.62 357.2 263515. 19.57 364.2  53603.
222 20:18:51 0.95 104.68   0.43  1.72 1697  17.56   357.6  57611.  1.12 -0.25  -4.30   2.00  -5.68 0.25 0.34 0.22 -1.00  -1.0     -1. 20.26 358.0  51650.
222 20:19:32 0.95 104.68   0.42  1.72 1697  17.46   358.4  51631.  0.93 -5.16  -3.90   1.30  -5.98 0.35 0.64 0.40  0.65 349.1 179289. 20.83 358.0  54912.
222 20:20:12 0.95 104.68   0.42  1.72 1697  17.20   357.8  60746.  0.26 -0.51  -3.64   0.46  -6.21 0.33 0.51 0.27  0.51 356.9 170700. 20.82 358.4  49481.
222 20:20:53 0.95 104.68   0.41  1.72 1697  17.32   359.6  50471.  0.57 -0.56  -2.91  -0.51  -6.54 0.42 0.27 0.17  0.64 356.7 254835. 20.10 358.5  56114.
222 20:21:33 0.95 104.68   0.40  1.72 1697  17.52   359.6  55178.  0.30 -0.45  -2.55  -1.28  -6.64 0.35 0.63 0.26  0.52 356.0 184162. 20.07 360.1  49640.
222 20:22:14 0.95 104.68   0.40  1.72 1697  17.67   355.8  47021.  0.03 -1.14  -2.51  -1.89  -6.42 0.53 0.41 0.33  0.68 349.4 185227. 20.58 354.9  43646.
222 20:22:54 0.95 104.68   0.39  1.72 1697  16.98   355.4  53856.  0.57 -1.22  -2.43  -1.55  -6.79 0.32 0.66 0.33  0.81 348.0 245363. 20.74 357.1  47070.
222 20:23:35 0.95 104.68   0.38  1.72 1697  17.20   357.2  45716.  0.66 -1.21  -2.42  -1.18  -7.06 0.37 0.39 0.23  0.51 352.5 170180. 20.42 355.9  42779.
222 20:24:15 0.95 104.68   0.38  1.72 1697  17.65   357.1  54447.  0.62 -1.05  -1.74  -0.69  -6.67 0.45 0.73 0.30  0.62 358.0 186942. 19.87 358.5  49666.
222 20:24:56 0.95 104.68   0.37  1.72 1697  18.15   363.1  47025. -0.21 -0.65  -1.80   1.32  -5.09 0.92 4.52 1.54  0.81 359.0 257941. 21.33 363.5  58199.
222 20:25:36 0.95 104.68   0.36  1.72 1697  18.59   358.6  55350.  0.00  0.75  -2.96   5.14  -4.80 0.31 0.46 0.40  0.61 357.1 173468. 20.69 359.2  46138.
222 20:26:17 0.95 104.68   0.36  1.72 1697  17.12   359.0  49152.  3.33 -4.41  -3.06   4.84  -5.08 0.32 0.30 0.29 -1.00  -1.0     -1. 20.22 357.5  56595.
222 20:26:57 0.95 104.68   0.35  1.72 1697  17.53   357.5  55958.  3.03 -4.61  -3.04   4.27  -5.52 0.20 0.30 0.21  0.57 358.7 196973. 19.93 357.7  50851.
222 20:27:38 0.95 104.68   0.34  1.72 1697  17.84   358.6  48824.  2.88 -4.93  -3.07   3.81  -5.84 0.34 0.35 0.32  0.53 350.3 176417. 19.15 355.0  43783.
222 20:28:18 0.95 104.68   0.34  1.72 1697  16.62   358.0  56988.  2.28 -4.69  -3.16   2.78  -6.37 0.28 0.78 0.37  0.54 355.6 168907. 19.25 356.6  45423.
222 20:28:59 0.95 104.68   0.33  1.72 1697  15.15   361.3  49341.  1.69 -5.17  -3.02   2.59  -6.89 0.42 0.56 0.43  0.49 353.2 207719. 19.19 360.0  62786.
222 20:29:39 0.95 104.68   0.33  1.72 1697  17.26   365.2  57901.  1.02 -0.81  -1.75   1.88  -7.32 0.54 0.50 0.26  0.56 360.9 198780. 19.01 363.7  47749.
222 20:30:20 0.95 104.68   0.32  1.72 1697  15.85   364.5  47496.  1.34 -0.51  -1.34   2.08  -7.40 0.94 0.36 0.21  0.57 353.3 191412. 18.96 365.4  56984.
222 20:31:00 0.95 104.68   0.31  1.72 1697  17.30   367.4  56072.  1.64 -0.84  -0.80   2.91  -7.21 0.58 0.41 0.23  0.53 365.6 153184. 19.68 366.2  44832.
222 20:31:41 0.95 104.68   0.31  1.72 1697  16.30   362.4  48798.  1.76 -0.62  -1.91   2.76  -7.13 0.32 0.39 0.21  0.58 357.5 253796. 19.15 362.2  57277.
222 20:32:21 0.95 104.68   0.30  1.72 1697  16.88   363.7  58833.  1.67 -0.53  -2.36   1.64  -7.27 0.38 1.06 0.24  0.57 359.6 224663. 18.71 362.3  48113.
222 20:33:02 0.95 104.68   0.30  1.72 1697  15.72   363.6  42795.  0.55 -0.42  -2.42   0.89  -7.11 0.40 0.67 0.30  0.49 363.4 254133. 17.93 363.1  47710.
222 20:33:42 0.95 104.68   0.29  1.72 1697  17.44   357.8  55019.  0.93 -0.45  -3.33   1.58  -6.40 0.48 0.38 0.32  0.56 355.5 156173. 19.67 357.7  46148.
222 20:34:23 0.95 104.68   0.28  1.72 1697  18.05   357.7  48256.  1.52 -0.30  -3.42   1.76  -6.53 0.36 0.24 0.30  0.66 353.1 149143. 21.74 356.8  52469.
222 20:35:03 0.95 104.68   0.28  1.72 1697  19.67   359.8  55334.  1.18 -5.34  -2.81   1.73  -6.71 0.38 0.43 0.24  0.66 359.5 160955. 21.29 360.9  48269.
222 20:35:44 0.95 104.68   0.27  1.72 1697  17.34   357.7  49474.  1.44 -5.33  -3.00   2.01  -6.74 0.51 0.27 0.32  0.64 351.6 176794. 19.51 355.4  42321.
222 20:36:24 0.95 104.68   0.27  1.72 1697  17.91   357.5  54123.  1.47 -0.54  -3.03   2.09  -6.89 0.44 0.22 0.20  0.55 357.1 183603. 20.46 358.0  47889.
222 20:37:05 0.95 104.68   0.26  1.72 1697  18.08   360.4  46375.  1.47 -5.42  -2.58   1.98  -7.00 0.30 0.21 0.19  0.55 350.2 187683. 21.61 360.4  50981.
222 20:37:45 0.95 104.68   0.25  1.72 1697  18.67   359.4  54087.  1.36 -5.57  -3.09   1.82  -7.00 0.28 0.28 0.28  0.55 357.7 181264. 20.91 359.7  44501.
222 20:38:26 0.95 104.68   0.25  1.72 1697  17.28   364.0  45690.  0.72 -5.04  -3.20   2.29  -7.13 0.63 0.52 0.46 -1.00  -1.0     -1. 18.37 365.5  38982.
222 20:39:06 0.95 104.68   0.24  1.72 1697  18.21   358.7  52303.  1.74 -4.59  -2.70   2.75  -6.71 0.41 0.55 0.32  0.55 355.0 150975. 20.22 358.4  45949.
222 20:39:47 0.95 104.68   0.23  1.72 1697  18.65   359.7  48902.  1.90 -5.02  -3.01   2.91  -6.66 0.35 0.29 0.15  0.60 349.9 198182. 21.54 357.3  53830.
222 20:40:27 0.95 104.67   0.23  1.72 1697  17.96   358.8  54382.  1.72 -4.24  -3.54   2.73  -6.97 0.31 0.27 0.33  0.51 357.1 132147. 19.79 359.6  45628.
222 20:41:08 0.95 104.67   0.22  1.72 1697  17.07   358.5  44822.  1.39 -4.22  -3.86   2.22  -7.36 0.25 0.22 0.18  0.59 349.9 151391. 19.40 358.6  49094.
222 20:41:48 0.95 104.67   0.21  1.72 1697  17.55   358.8  53996.  1.26 -4.14  -3.61   2.01  -7.56 0.31 0.21 0.21  0.49 357.9 115671. 19.99 358.0  45894.
222 20:42:29 0.95 104.67   0.21  1.72 1697  16.90   360.6  47717.  1.36 -4.29  -3.34   1.81  -7.74 0.24 0.29 0.20  0.49 350.8 165879. 19.96 358.9  46840.
222 20:43:09 0.95 104.67   0.20  1.72 1697  16.71   359.0  53512.  1.19 -4.48  -3.38   1.92  -7.84 0.25 0.16 0.19  0.36 358.6 151937. 18.63 358.8  43458.
222 20:43:50 0.95 104.67   0.19  1.72 1697  16.85   358.5  49208.  1.20 -4.47  -3.46   1.93  -7.81 0.28 0.21 0.22  0.49 354.0 157134. 19.48 358.3  48967.
222 21:01:56 0.95 104.67   0.03  1.72 1697  17.66   354.6  57166.  2.28 -3.70  -4.43   3.82  -5.90 0.09 0.14 0.00  0.62 351.6 192517. 20.08 353.9  53502.
222 21:02:37 0.95 104.67   0.02  1.72 1697  17.54   353.3  58966.  2.48 -4.75  -4.86   3.46  -6.03 0.30 0.49 0.32  0.76 350.0 147688. 20.75 350.6  48984.
222 21:03:17 0.95 104.67   0.02  1.72 1697  18.96   353.4  58774.  2.41 -4.39  -4.76   3.10  -6.17 0.29 0.21 0.27  0.73 350.3 199364. 22.59 350.7  55893.
222 21:03:58 0.95 104.67   0.01  1.72 1697  19.60   348.2  57706.  2.17 -4.39  -4.90   3.16  -5.85 0.42 0.44 0.43  0.65 346.8 161799. 22.13 347.7  48100.
222 21:04:39 0.95 104.67 360.00  1.72 1698  19.81   354.5  56790.  1.73 -5.11  -4.37   3.49  -6.59 0.52 0.76 0.45 -1.00  -1.0     -1. 22.92 351.1  58339.
222 21:05:19 0.95 104.67 360.00  1.72 1698  18.12   355.7  56042.  2.92 -4.36  -4.24   4.03  -6.29 0.32 0.60 0.32  0.79 350.1 174585. 20.95 352.8  48269.
222 21:06:00 0.95 104.67 359.99  1.72 1698  17.51   355.9  58843.  2.28 -4.10  -5.00   5.10  -4.95 0.57 1.00 1.10  0.85 348.0 212709. 20.04 354.6  53801.
222 21:06:40 0.95 104.67 359.98  1.72 1698  17.84   355.1  65278.  4.30 -1.76  -5.30   6.39  -2.32 0.39 0.34 0.39  0.78 349.2 167361. 20.34 354.1  71125.
222 21:07:21 0.95 104.67 359.98  1.72 1698  18.27   355.2  67782.  3.67 -2.25  -5.11   6.30  -2.49 0.31 0.29 0.36 -1.00  -1.0     -1. 20.53 352.6  59638.
222 21:08:01 0.95 104.67 359.97  1.72 1698  17.47   354.9  61175.  3.72 -2.93  -5.19   6.15  -2.82 0.33 0.23 0.57  0.71 348.6 171311. 20.62 354.1  69117.
222 21:08:42 0.95 104.67 359.96  1.72 1698  18.50   355.6  65742.  3.31 -0.04  -4.92   5.39   0.84 0.41 0.57 1.19 -1.00  -1.0     -1. 21.79 352.8  62533.
222 21:09:22 0.95 104.67 359.96  1.72 1698  17.81   355.9  67662.  3.85 -0.54  -4.53   5.69   0.63 0.32 0.18 0.47  0.62 347.5 179640. 21.61 354.4  69413.
222 21:10:03 0.95 104.67 359.95  1.72 1698  18.52   354.6  70407.  2.63 -0.70  -5.30   4.76  -0.18 0.45 0.58 0.46 -1.00  -1.0     -1. 20.61 352.0  67253.
222 21:10:43 0.95 104.67 359.94  1.72 1698  18.65   350.3  69543.  2.63 -0.30  -5.50   4.26   0.19 0.26 0.35 0.49  0.77 346.7 176508. 21.42 349.5  87260.
222 21:11:24 0.95 104.67 359.94  1.72 1698  18.39   352.9  67029.  2.86 -0.91  -5.36   4.44   0.03 0.27 0.18 0.40  0.87 343.1 164957. 21.62 350.2  61217.
222 21:12:04 0.95 104.67 359.93  1.72 1698  18.82   349.7  66905.  2.64 -1.50  -5.48   3.95   0.90 0.22 0.30 0.41  0.89 346.3 195934. 20.21 348.3  57166.
222 21:12:45 0.95 104.67 359.92  1.72 1698  18.18   346.5  58151.  2.46 -1.11  -5.63   4.06   0.73 0.30 0.50 0.44  0.87 339.8 164879. 20.66 347.4  64397.
222 21:13:25 0.95 104.67 359.92  1.72 1698  18.74   347.9  64976.  2.35 -1.42  -5.70   3.57   0.44 0.48 0.48 1.41  0.85 344.3 175261. 19.68 347.1  53707.
222 21:14:06 0.95 104.67 359.91  1.72 1698  19.34   354.8  67652.  2.90 -2.70  -4.01   5.71  -2.05 0.41 0.44 0.65 -1.00  -1.0     -1. 21.36 353.0  61198.
222 21:14:46 0.95 104.67 359.91  1.72 1698  17.22   359.8  52593.  2.51 -2.88  -4.60   5.46  -0.22 0.65 0.48 1.40 -1.00  -1.0     -1. 20.11 358.7  60951.
222 21:15:09 0.95 104.67 359.90  1.72 1698  21.42   363.1  71427.  0.63 -2.70  -5.15   4.91   1.74 0.52 0.42 0.98  0.66 355.8 162410. 24.39 360.2  73279.
222 21:15:27 0.95 104.67 359.90  1.72 1698  16.93   355.0  60857.  2.28 -1.73  -5.40   4.88   1.87 0.45 0.48 0.49  0.63 357.3 196740. 18.34 353.6  54633.
222 21:16:07 0.95 104.67 359.89  1.72 1698  17.09   353.9  64583.  0.00  0.00  -5.20   5.00   0.57 0.64 0.61 0.66  0.80 345.5 172896. 19.61 353.8  50913.
222 21:16:48 0.95 104.67 359.89  1.72 1698  16.39   358.6  69260.  0.94 -2.44  -5.05   4.96  -0.58 0.42 0.36 0.60 -1.00  -1.0     -1. 21.30 355.0  63286.
222 21:17:28 0.95 104.67 359.88  1.72 1698  17.89   355.7  65525.  1.61 -3.06  -4.09   5.41  -1.38 0.71 0.52 0.75 -1.00  -1.0     -1. 20.31 356.3  63403.
222 21:18:09 0.95 104.67 359.88  1.72 1698  17.70   360.6  62094.  1.54 -2.12  -3.64   5.81  -0.33 0.37 0.29 1.32  0.85 356.9 171739. 19.09 362.3  49139.
222 21:18:49 0.95 104.67 359.87  1.72 1698  16.83   361.6  52206.  2.06 -3.44  -3.01   6.06  -0.06 0.45 0.30 1.39  0.76 359.1 205186. 19.13 360.0  66483.
222 21:19:30 0.95 104.67 359.86  1.72 1698  17.89   363.4  63053.  1.76 -4.72  -2.65   5.88  -2.73 0.52 0.45 0.78  0.81 357.8 195635. 20.77 363.5  52190.
222 21:20:10 0.95 104.67 359.86  1.72 1698  15.78   359.9  49815.  2.91 -1.03  -2.99   5.24   3.72 0.68 0.33 1.72  0.72 352.2 199715. 19.50 357.5  62137.
222 21:20:51 0.95 104.67 359.85  1.72 1698  16.61   360.7  66538.  2.34 -1.71  -2.71   5.94   0.59 0.37 0.59 3.11 -1.00  -1.0     -1. 18.42 360.3  55623.
222 21:21:31 0.95 104.67 359.84  1.72 1698  17.44   367.0  67334.  0.90 -3.15  -2.87   6.13  -0.69 0.55 0.78 2.55 -1.00  -1.0     -1. 20.41 364.6  66551.
222 21:22:12 0.95 104.67 359.84  1.72 1698  17.68   366.1  58245.  0.60 -3.47  -2.21   6.56   2.02 0.24 0.26 0.36  0.75 356.9 171012. 20.62 365.4  51222.
222 21:22:52 0.95 104.67 359.83  1.72 1698  17.57   364.4  51215.  0.80 -3.95  -2.84   6.38  -0.21 0.49 0.51 1.78  0.93 347.5 194232. 21.31 365.1  64131.
222 21:23:33 0.95 104.67 359.83  1.72 1698  18.25   365.1  64271.  0.61 -3.96  -3.90   6.27  -1.51 0.48 0.49 0.83  0.50 356.6 189671. 22.49 366.7  72723.
222 21:24:13 0.95 104.67 359.82  1.72 1698  17.91   369.6  59921.  0.35 -3.71  -3.66   6.27  -2.35 0.33 0.24 0.52  0.54 366.3 157381. 20.48 368.9  57836.
222 21:24:54 0.95 104.67 359.81  1.72 1698  17.39   367.8  48152.  0.10 -2.89  -3.49   6.77  -0.50 0.36 0.25 0.65  0.50 362.3 133239. 20.17 365.9  45855.
222 21:25:34 0.95 104.67 359.81  1.72 1698  18.04   364.7  49688. -0.13 -4.15  -3.52   6.65  -0.52 0.36 0.27 0.88 -1.00  -1.0     -1. 20.45 365.3  56211.
222 21:26:15 0.95 104.67 359.80  1.72 1698  16.00   365.5  61188.  0.09 -4.56  -3.49   6.93   1.48 0.33 0.23 0.43  0.45 356.2 147402. 18.12 364.2  50994.
222 21:26:55 0.95 104.67 359.79  1.72 1698  15.24   364.7  52060.  0.68 -3.85  -3.45   6.84   2.10 0.31 0.16 0.30 -1.00  -1.0     -1. 18.24 365.2  55500.
222 21:27:36 0.95 104.67 359.79  1.72 1698  16.61   352.7  55091.  0.00  0.00  -3.65   6.67   1.57 0.26 0.14 0.65 -1.00  -1.0     -1. -1.00  -1.0     -1.
222 21:28:18 0.95 104.67 359.78  1.72 1698  17.42   364.5  72158.  1.07 -3.88  -2.52   4.08  -0.46 0.67 1.09 0.78 -1.00  -1.0     -1. 19.03 361.9  66191.
222 21:28:57 0.95 104.67 359.77  1.72 1698  17.86   363.1  77141.  1.20 -3.38  -1.57   2.84  -0.27 1.46 1.75 0.48 -1.00  -1.0     -1. 21.11 360.0  74442.
222 21:29:37 0.95 104.67 359.77  1.72 1698  19.59   362.9  85331.  1.32 -3.42   1.18   0.04  -0.77 0.78 0.34 0.51  0.27 375.7 199377. 21.61 360.9  79876.
222 21:30:18 0.95 104.67 359.76  1.72 1698  19.96   363.9  77567.  1.30 -3.60   1.21  -0.39  -0.15 0.46 0.36 0.34  0.59 358.1 195258. 22.64 366.2  77518.
222 21:30:58 0.95 104.67 359.75  1.72 1698  20.72   364.6  82868.  1.87 -3.26   1.07   1.25   0.41 0.58 1.25 0.36 -1.00  -1.0     -1. 22.47 362.9  72022.
222 21:31:39 0.95 104.67 359.75  1.72 1698  19.22   362.8  78077.  1.83 -3.39   0.16   2.14   0.12 0.60 1.09 0.39 -1.00  -1.0     -1. 23.01 359.6  72756.
222 21:32:19 0.95 104.67 359.74  1.72 1698  20.88   362.4  84993.  2.13 -3.26   1.23   1.23  -0.35 0.90 0.43 0.51  0.46 369.0 146362. 24.93 361.7  78817.
222 21:33:00 0.95 104.67 359.74  1.72 1698  19.66   362.0  72947.  1.86 -3.30  -1.07   2.15   0.79 0.45 0.40 0.35  0.53 358.6 187384. 23.59 358.6  72009.
222 21:33:40 0.95 104.67 359.73  1.72 1698  20.59   361.2  84398.  1.96 -3.26   0.54   0.29  -0.63 0.75 0.52 0.56 -1.00  -1.0     -1. 23.23 361.0  76920.
222 21:34:21 0.95 104.67 359.72  1.72 1698  20.40   363.6  75959.  1.75 -3.27   2.59  -0.17  -0.16 0.51 0.46 0.46 -1.00  -1.0     -1. 21.95 365.1  72135.
222 21:35:01 0.95 104.67 359.72  1.72 1698  19.42   365.0  83372.  0.00  0.00   2.32   0.27   1.93 0.43 0.34 0.39 -1.00  -1.0     -1. 22.83 365.5  71901.
222 21:35:42 0.95 104.67 359.71  1.72 1698  20.31   366.9  77122.  0.97 -3.45   2.97   0.22   1.28 0.38 0.31 0.52 -1.00  -1.0     -1. 23.25 368.5  77057.
222 21:36:22 0.95 104.67 359.71  1.72 1698  20.49   369.0  77070.  1.34 -3.33   3.12   0.34   0.37 0.34 0.24 0.50  0.56 365.9 145180. 24.22 367.2  78629.
222 21:37:03 0.95 104.67 359.70  1.72 1698  20.10   365.5  72707.  1.24 -3.30   3.14   0.64   0.02 0.27 0.23 0.13 -1.00  -1.0     -1. 24.22 364.8  84181.
222 21:37:43 0.95 104.67 359.69  1.72 1698  20.63   368.9  74562.  1.24 -3.27   2.56   0.52   0.28 0.29 0.22 0.19  0.59 369.5 166204. 23.34 367.3  76098.
222 21:38:24 0.95 104.67 359.69  1.72 1698  20.34   367.4  73493.  1.28 -3.53   3.29   0.39   0.44 0.23 0.26 0.15  0.67 359.7 199832. 23.03 368.4  73961.
222 21:39:04 0.95 104.67 359.68  1.72 1698  19.89   366.0  72561.  1.21 -3.57   2.32   1.58   0.60 1.15 1.27 0.30  0.60 363.9 117711. 23.42 364.6  73340.
222 21:39:45 0.95 104.67 359.67  1.72 1698  20.09   363.2  75832.  1.28 -3.60   1.12   2.49   0.61 0.33 0.36 0.28  0.59 359.4 161422. 22.64 363.7  59106.
222 21:40:25 0.95 104.67 359.67  1.72 1698  20.24   366.7  77268.  1.29 -3.55   0.68   2.23   0.53 0.41 0.48 0.32 -1.00  -1.0     -1. 22.94 364.5  70092.
222 21:41:06 0.95 104.67 359.66  1.72 1698  20.11   364.0  71255.  1.27 -3.39   0.47   2.18   0.36 0.55 0.34 0.29  0.61 358.0 180484. 22.58 361.4  65297.
222 21:41:46 0.95 104.67 359.65  1.72 1698  20.80   363.9  83856.  1.09 -3.48   0.45   1.97   0.09 0.31 0.56 0.35 -1.00  -1.0     -1. 23.12 363.4  75634.
222 21:42:27 0.95 104.67 359.65  1.72 1698  19.55   363.3  69660.  1.00 -3.60  -0.97   1.87   0.36 0.43 0.42 0.37 -1.00  -1.0     -1. 22.23 360.9  70888.
222 21:43:07 0.95 104.67 359.64  1.72 1698  20.57   364.1  81452.  1.21 -3.52  -1.14   2.06   0.47 0.35 0.31 0.33 -1.00  -1.0     -1. 23.74 363.5  74283.
222 21:43:48 0.95 104.67 359.63  1.72 1698  20.00   365.5  74656.  1.00 -3.55  -0.96   2.67   0.39 0.39 0.36 0.24  0.65 360.4 172961. 22.66 364.1  58446.
222 21:44:28 0.95 104.67 359.63  1.72 1698  20.73   364.4  80097.  0.82 -3.52  -0.22   2.88   0.51 0.21 0.74 0.37 -1.00  -1.0     -1. 23.22 363.6  74851.
222 21:45:09 0.95 104.67 359.62  1.72 1698  20.55   364.3  76258.  0.92 -3.29  -0.35   2.58   0.06 0.27 0.61 0.20  0.56 359.1 179172. 23.41 363.8  78980.
222 21:45:49 0.95 104.67 359.61  1.72 1698  20.49   365.0  85698.  0.80 -3.28  -0.16   2.50  -0.19 0.44 0.44 0.22 -1.00  -1.0     -1. 23.65 363.9  80104.
222 21:46:30 0.95 104.67 359.61  1.72 1698  20.10   365.4  74455.  0.87 -3.30   2.78  -0.30  -0.96 0.50 0.46 0.29  0.60 364.7 170882. 23.33 366.8  74299.
222 21:47:10 0.95 104.67 359.60  1.72 1698  20.03   367.3  74055.  1.25 -3.13   3.08  -0.31  -0.80 0.53 0.76 0.19  0.57 365.3 158265. 23.76 365.4  76998.
222 21:47:51 0.95 104.67 359.60  1.72 1698  20.76   367.6  75156.  0.76 -3.21   3.20   0.36  -0.48 0.32 0.34 0.40  0.62 359.5 177976. 25.12 368.0  91915.
222 21:48:31 0.95 104.67 359.59  1.72 1698  20.04   367.6  72379.  0.99 -2.96   2.67   0.18  -0.75 0.77 0.45 0.36  0.69 366.1 162059. 23.51 366.1  72668.
222 21:49:12 0.95 104.67 359.59  1.72 1698  20.55   365.1  69813.  0.50 -2.82   3.19   0.60  -0.81 0.47 0.17 0.26  0.72 357.7 174676. 23.61 364.0  56816.
222 21:49:52 0.95 104.67 359.58  1.72 1698  20.88   366.5  73282.  0.52 -2.92   3.24   0.28  -0.20 0.22 0.22 0.25  0.51 365.1 151690. 23.48 365.1  74321.
222 21:50:33 0.95 104.67 359.57  1.72 1698  21.63   365.1  68406.  0.53 -2.94   3.56   0.42  -0.26 0.27 0.19 0.21  0.75 358.3 179887. 22.87 363.9  58596.
222 21:51:13 0.95 104.66 359.57  1.72 1698  20.36   366.6  71054.  0.64 -2.74   3.43   0.04  -0.14 0.29 0.18 0.18 -1.00  -1.0     -1. 23.77 365.9  71745.
222 21:51:54 0.95 104.66 359.56  1.72 1698  20.78   365.0  68211.  0.45 -2.61   3.77   0.22  -0.59 0.29 0.24 0.24  0.54 356.6 169517. 22.12 364.5  55818.
222 21:52:34 0.95 104.66 359.56  1.72 1698  20.15   366.2  71882.  0.36 -2.47   3.63   0.47  -0.72 0.27 0.21 0.25  0.51 365.5 141321. 23.97 365.0  69114.
222 21:53:15 0.95 104.66 359.55  1.72 1698  20.36   364.9  72804.  0.37 -2.71   3.30   0.31  -0.74 0.24 0.28 0.20  0.68 357.6 191750. 23.34 366.1  72103.
222 21:53:55 0.95 104.66 359.54  1.72 1698  20.52   365.3  71346.  0.72 -2.48   3.76   0.22  -0.54 0.32 0.21 0.20  0.49 364.3 129964. 23.10 364.6  68006.
222 21:54:36 0.95 104.66 359.54  1.72 1698  21.17   362.3  75634.  0.62 -2.67   3.74   0.32  -0.24 0.23 0.22 0.23 -1.00  -1.0     -1. 23.60 360.2  68910.
222 21:55:16 0.95 104.66 359.53  1.72 1698  21.43   362.0  79054.  0.65 -2.80   3.70   0.59  -0.19 0.22 0.20 0.20 -1.00  -1.0     -1. 24.69 362.2  72899.
222 21:55:57 0.95 104.66 359.52  1.72 1698  21.11   364.2  69163.  0.54 -2.79   3.67   0.75  -0.39 0.26 0.27 0.33  0.63 355.2 177989. 24.02 361.3  69124.
222 21:56:37 0.95 104.66 359.52  1.72 1698  20.49   364.8  68201.  0.57 -2.81   3.44   0.52  -0.76 0.28 0.17 0.19  0.47 369.7 198858. 24.02 362.8  69891.
222 21:57:18 0.95 104.66 359.51  1.72 1698  -1.00    -1.0     -1. -1.00 -1.00   2.46   0.28  -0.03 1.24 0.20 0.89 -1.00  -1.0     -1. 24.31 360.2  72847.
222 21:58:21 0.95 104.66 359.50  1.72 1698  20.94   363.7  78356.  0.58 -2.71   0.00   0.00   0.00 0.00 0.00 0.00 -1.00  -1.0     -1. 23.76 364.1  67214.
222 22:41:33 0.95 104.66 359.10  1.71 1698  22.00   366.0  58999.  1.89 -2.70   0.00   0.00   0.00 0.00 0.00 0.00  0.62 358.8 143010. 25.76 364.2  49461.
222 23:24:45 0.95 104.65 358.69  1.71 1698  22.69   353.3  52921.  2.50 -4.22   0.00   0.00   0.00 0.00 0.00 0.00  0.51 345.9 154614. 25.41 351.8  44787.
