1980/316   rh    esh  clong  clat crot    np1     vp1     Tp1   vaz   vel     Bx     By     Bz  sBx  sBy  sBz   nal   val     Tal   np2   vp2     Tp2
hh:mm:ss [AU]  [deg]  [deg] [deg]    # [cm-3]  [km/s]     [K] [deg] [deg]   [nT]   [nT]   [nT] [nT] [nT] [nT][cm-3][km/s]     [K][cm-3][km/s]     [K]
 0:36:45 0.56 102.12 207.75 -6.98 1701  48.36   365.7 193062. -0.99 -1.93  19.52  -4.15  -3.05 0.00 0.00 0.00 -1.00  -1.0     -1. 45.62 362.5 169047.
 1:19:57 0.56 102.16 207.39 -6.98 1701  46.76   364.2 155335. -0.78 -1.69  17.76  -6.84   2.14 0.00 0.00 0.00 -1.00  -1.0     -1. 47.02 366.6 187105.
 2:03:09 0.56 102.20 207.04 -6.98 1701  47.84   379.2 110724. -8.25 -2.20  15.23   8.93   5.27 0.00 0.00 0.00  2.04 370.7 213762. 44.68 382.6  98103.
 2:46:21 0.55 102.23 206.68 -6.99 1701  51.25   364.4 160714. -1.52 -1.62  17.98  -3.38   0.54 0.00 0.00 0.00 -1.00  -1.0     -1. 50.65 367.0 199247.
 3:29:33 0.55 102.27 206.32 -6.99 1701  54.74   365.4 174267. -2.32  0.82  19.40  -2.44  -1.24 0.00 0.00 0.00 -1.00  -1.0     -1. 52.24 365.7 157027.
 4:03:01 0.55 102.30 206.04 -6.99 1701  -1.00    -1.0     -1. -1.00 -1.00  16.12  -9.71   6.35 0.00 0.00 0.00 -1.00  -1.0     -1. -1.00  -1.0     -1.
 4:11:40 0.56 101.89 205.56 -7.07 1701  -1.00    -1.0     -1. -1.00 -1.00  13.47  -7.50  11.31 0.00 0.00 0.00 -1.00  -1.0     -1. -1.00  -1.0     -1.
 4:55:57 0.55 102.34 205.60 -6.99 1701  -1.00    -1.0     -1. -1.00 -1.00   0.00   0.00   0.00 0.00 0.00 0.00 -1.00  -1.0     -1. 45.56 370.6  81192.
 5:29:25 0.56 101.96 204.91 -7.07 1701  -1.00    -1.0     -1. -1.00 -1.00  14.07  -1.04  11.41 0.00 0.00 0.00 -1.00  -1.0     -1. -1.00  -1.0     -1.
 5:45:15 0.55 102.38 205.19 -6.99 1701  -1.00    -1.0     -1. -1.00 -1.00  15.05  -8.72  -0.63 0.34 0.66 0.60 -1.00  -1.0     -1. -1.00  -1.0     -1.
 5:46:36 0.55 102.38 205.18 -7.00 1701  46.26   366.8 175115.  0.00  0.00  14.63  -8.95  -0.93 0.48 0.52 0.52 -1.00  -1.0     -1. 43.41 365.5 158184.
 5:47:57 0.55 102.38 205.17 -7.00 1701  43.28   371.9 142883.  1.97  0.90  14.67  -7.54  -1.57 0.96 1.49 0.56 -1.00  -1.0     -1. 40.64 369.2 125416.
 5:49:18 0.55 102.38 205.16 -7.00 1701  50.31   364.6 189999. -0.57  1.13  13.59  -4.04  -7.35 1.32 1.27 1.63 -1.00  -1.0     -1. 45.93 364.1 170632.
 5:49:29 0.55 102.38 205.15 -7.00 1701  47.88   366.2 142250. -1.50  2.96  12.71  -3.94  -8.66 2.02 1.16 2.42 -1.00  -1.0     -1. 44.79 365.3 130520.
 5:50:50 0.55 102.38 205.14 -7.00 1701  47.49   382.0 139034. -1.20  5.50   9.14  -6.78  -9.78 0.90 4.53 5.43  2.04 397.7 260890. 46.11 381.3 137468.
 5:52:11 0.55 102.39 205.13 -7.00 1701  47.74   375.5 125481.  1.36  1.85  10.35 -11.95  -5.56 1.07 0.81 0.67  2.43 386.0 273689. 44.90 373.3 108222.
 5:53:32 0.55 102.39 205.12 -7.00 1701  -1.00    -1.0     -1. -1.00 -1.00   9.72  -6.48  -6.66 1.53 0.93 1.39 -1.00  -1.0     -1. 43.93 373.0 140304.
 5:54:53 0.55 102.39 205.11 -7.00 1701  44.73   370.6 142179. -1.35  3.22  14.33  -3.09 -11.84 0.00 0.00 0.00 -1.00  -1.0     -1. 44.47 368.4 136776.
 5:56:14 0.55 102.39 205.10 -7.00 1701  48.13   362.8 127924.  0.38  2.58  14.17  -8.57  -6.36 0.80 1.21 0.75 -1.00  -1.0     -1. 48.57 364.4 139622.
 5:57:35 0.55 102.39 205.09 -7.00 1701  47.57   373.5 139973.  1.18  0.31  12.99 -10.01  -1.32 0.88 2.28 3.40 -1.00  -1.0     -1. 45.04 370.0 128805.
 5:58:56 0.55 102.39 205.08 -7.00 1701  45.87   367.8 108583. -2.02  4.05  15.52  -1.71 -11.42 0.58 1.10 0.66  2.53 373.1 250976. 46.52 369.6 130062.
 6:00:17 0.55 102.39 205.07 -7.00 1701  48.00   370.1 117955. -1.70  3.84  16.74  -2.23 -10.27 0.21 1.18 0.54 -1.00  -1.0     -1. 42.81 369.9 103057.
 6:01:38 0.55 102.39 205.05 -7.00 1701  47.73   377.5  97756. -3.74  4.67  11.04  10.24  -8.34 1.26 1.58 1.67  2.69 372.3 270441. 42.44 380.6 118130.
 6:02:59 0.55 102.39 205.04 -7.00 1701  42.61   378.4  96492. -5.51  3.15  11.34   8.27  -9.35 1.58 1.71 0.77  2.51 382.5 263645. 39.96 378.5  96310.
 6:04:20 0.55 102.40 205.03 -7.00 1701  53.24   370.3 152038. -5.32  5.34   3.03 -13.56   3.78 5.54 6.63 5.89  1.00 427.9 164541. 50.12 371.1 152447.
 6:05:41 0.55 102.40 205.02 -7.00 1701  45.41   387.7  93526.  2.41 -1.68   1.16 -17.92   6.66 0.42 0.20 0.37  2.20 388.1 234474. 42.28 385.2  89784.
 6:07:02 0.55 102.40 205.01 -7.00 1701  43.58   387.7 107404.  1.93 -1.09   4.64 -17.92   4.66 0.59 0.30 0.41  2.43 390.0 344622. 41.74 385.3  95774.
 6:08:23 0.55 102.40 205.00 -7.00 1701  43.82   381.4 100809.  2.03 -0.37   8.87 -16.55   3.43 0.58 0.17 0.41  2.30 387.2 258395. 40.77 377.3 100329.
 6:09:44 0.55 102.40 204.99 -7.00 1701  45.48   379.4 127278.  2.00 -0.16   7.84 -16.34   4.45 1.72 0.48 1.86  2.36 376.2 269843. 43.27 376.6 120700.
 6:11:05 0.55 102.40 204.98 -7.00 1701  44.88   382.9 102781.  1.60 -1.49   8.54 -15.65   5.34 1.20 0.31 1.65  2.38 387.4 269544. 42.05 380.0 102518.
 6:12:26 0.55 102.40 204.96 -7.00 1701  44.67   384.6 120969.  1.99 -1.18   8.52 -16.12   4.22 0.72 0.42 0.94  2.26 381.7 239827. 42.50 382.4 106098.
 6:13:47 0.55 102.40 204.95 -7.00 1701  42.93   377.8 123627.  1.76  0.05  10.48 -15.23   2.61 0.72 0.35 0.19 -1.00  -1.0     -1. 42.01 374.6 108131.
 6:15:08 0.55 102.41 204.94 -7.00 1701  46.75   377.2 127210. -2.46  6.37  10.74  -0.79 -14.05 0.86 1.55 0.73  2.56 378.4 238294. 43.17 377.1 120891.
 6:16:27 0.55 102.41 204.93 -7.00 1701  39.73   391.6  88618.  0.00  0.00  10.61  -0.56 -14.05 1.38 2.08 1.19 -1.00  -1.0     -1. 34.91 390.0  68081.
 6:17:48 0.55 102.41 204.92 -7.00 1701  -1.00    -1.0     -1. -1.00 -1.00  11.74  -5.82 -13.21 0.59 0.50 0.61 -1.00  -1.0     -1. -1.00  -1.0     -1.
 7:23:48 0.55 102.46 204.37 -7.00 1701  41.90   369.4 138940.  1.22  2.35  12.13  -5.72 -12.86 0.57 0.37 0.56 -1.00  -1.0     -1. 40.69 368.2 127859.
 7:25:09 0.55 102.46 204.36 -7.00 1701  43.47   377.3 133606. -0.39  4.64  12.51  -8.04 -10.02 0.33 1.44 0.74 -1.00  -1.0     -1. 41.36 375.9 132167.
 7:26:30 0.55 102.47 204.35 -7.00 1701  45.42   373.5 141578.  1.40  2.47  12.55 -12.26  -3.92 0.47 0.52 1.17 -1.00  -1.0     -1. 43.62 370.0 128658.
 7:27:35 0.55 102.47 204.34 -7.00 1701  46.06   373.3 151917.  0.68  3.03  13.05 -11.78  -4.72 0.49 0.80 0.60 -1.00  -1.0     -1. 44.94 370.7 150183.
 7:28:56 0.55 102.47 204.33 -7.00 1701  45.71   371.4 144894.  0.77  2.34  12.82  -7.74  -9.05 0.86 1.14 1.48 -1.00  -1.0     -1. 43.29 368.3 130555.
 7:30:17 0.55 102.47 204.32 -7.00 1701  45.72   371.0 170144.  1.02  2.17  13.66  -8.24  -6.37 0.43 0.61 0.77 -1.00  -1.0     -1. 44.32 368.5 154006.
 7:31:38 0.55 102.47 204.31 -7.00 1701  47.60   372.0 142640.  1.26  2.45  10.43  -8.38  -9.99 1.84 1.04 3.12 -1.00  -1.0     -1. 44.01 368.5 135097.
 7:32:59 0.55 102.47 204.29 -7.00 1701  47.58   382.9 140343.  0.63  4.60   6.91  -7.05 -13.97 1.21 0.69 1.02 -1.00  -1.0     -1. 45.16 380.2 129188.
 7:34:20 0.55 102.47 204.28 -7.00 1701  44.10   387.0 102141.  1.22  3.71   7.35  -8.69 -13.18 2.51 1.57 0.54  2.45 388.6 259071. 42.37 383.9  99315.
 7:35:41 0.55 102.47 204.27 -7.00 1701  41.20   372.5 103483. -2.92  4.24  14.32  -0.06  -9.75 1.19 0.97 1.03 -1.00  -1.0     -1. 41.83 373.6 131319.
 7:37:02 0.55 102.47 204.26 -7.00 1701  45.76   374.8 128610. -0.97  4.66  11.96  -3.80 -12.40 0.15 0.58 0.27  2.60 383.3 267439. 42.02 373.6 112013.
 7:38:23 0.55 102.48 204.25 -7.00 1701  48.77   372.5 152778.  0.17  4.16  11.78  -5.62 -12.09 0.99 0.45 1.19 -1.00  -1.0     -1. 46.03 372.0 138271.
 7:39:44 0.55 102.48 204.24 -7.00 1701  46.29   378.8 123350. -0.13  3.70  11.97 -10.77 -10.07 0.49 0.95 0.89  2.31 385.1 260487. 45.49 379.7 137546.
 7:41:05 0.55 102.48 204.23 -7.00 1701  44.64   376.5 138271.  0.63  2.36  14.29 -10.50  -7.58 0.55 0.53 0.37 -1.00  -1.0     -1. 42.50 374.1 131576.
 7:42:26 0.55 102.48 204.22 -7.00 1701  44.72   373.5 128002. -0.37  2.68  15.50  -8.09  -7.93 0.46 0.33 0.53 -1.00  -1.0     -1. 42.90 372.1 113183.
 7:43:47 0.55 102.48 204.20 -7.00 1701  44.44   377.8 133882.  0.59  2.49  13.17 -11.05  -8.57 0.65 1.13 0.30 -1.00  -1.0     -1. 42.71 376.4 129974.
 7:45:08 0.55 102.48 204.19 -7.00 1701  46.56   373.3 135795. -0.12  2.79  14.30  -9.52  -8.45 0.25 0.41 0.33 -1.00  -1.0     -1. 43.61 370.6 121983.
 7:46:29 0.55 102.48 204.18 -7.00 1701  46.88   375.2 137845.  0.24  1.81  13.95 -11.68  -6.56 0.33 0.44 0.61 -1.00  -1.0     -1. 44.39 373.0 134489.
 7:47:50 0.55 102.48 204.17 -7.00 1701  45.59   374.3 133288.  0.90 -0.55  11.50 -14.53  -1.08 1.43 1.31 2.13 -1.00  -1.0     -1. 41.64 370.9 117159.
 7:49:11 0.55 102.48 204.16 -7.00 1701  49.12   374.5 160867.  2.05 -1.24  10.92 -13.27   4.40 0.66 0.68 0.66 -1.00  -1.0     -1. 45.87 372.4 150712.
 7:50:32 0.55 102.49 204.15 -7.00 1701  45.45   367.8 150585.  0.33 -2.24  10.04 -13.79   0.08 1.84 2.12 4.05 -1.00  -1.0     -1. 44.23 368.9 179412.
 7:51:53 0.55 102.49 204.13 -7.00 1701  47.76   372.9 158986.  2.36  0.87  10.69 -14.09  -1.81 1.30 0.89 1.28 -1.00  -1.0     -1. 45.64 370.0 150634.
 7:53:14 0.55 102.49 204.12 -7.00 1701  47.13   376.3 133713.  2.76  0.73   9.74 -15.04  -1.44 0.61 0.46 1.28 -1.00  -1.0     -1. 46.87 371.5 129253.
 7:54:35 0.55 102.49 204.11 -7.00 1701  44.82   376.8 132544.  1.92  1.19  12.46 -13.36  -3.67 0.46 0.69 0.97 -1.00  -1.0     -1. 42.70 372.8 130890.
 7:55:56 0.55 102.49 204.10 -7.00 1701  46.33   368.6 146808. -0.96  3.06  13.80  -9.92  -6.23 0.81 2.43 2.81 -1.00  -1.0     -1. 44.98 366.2 136000.
 7:57:17 0.55 102.49 204.09 -7.00 1701  48.74   379.2 143718.  1.36  1.01  11.49 -14.93  -2.75 0.30 0.27 0.47 -1.00  -1.0     -1. 45.21 377.0 136172.
 7:58:38 0.55 102.49 204.08 -7.00 1701  44.89   373.5 134759. -0.36  2.31  14.33 -10.43  -6.23 0.58 0.83 0.64 -1.00  -1.0     -1. 43.52 375.2 152960.
 7:59:59 0.55 102.49 204.07 -7.00 1701  44.59   389.5 109892.  2.07  1.32   8.25 -16.99  -5.37 0.33 0.29 0.25  2.03 382.8 249651. 42.16 386.9 101885.
 8:01:20 0.55 102.49 204.06 -7.00 1701  47.63   376.2 128710.  0.38  2.23  11.58 -12.76  -8.24 0.87 0.61 1.76 -1.00  -1.0     -1. 45.24 378.1 145846.
 8:02:41 0.55 102.50 204.05 -7.00 1701  44.98   376.9 142123.  0.93  1.33  12.87 -13.38  -5.39 0.29 0.47 0.78 -1.00  -1.0     -1. 42.88 374.6 137377.
 8:04:02 0.55 102.50 204.04 -7.00 1701  44.52   378.3 124858.  0.44  2.44  11.05 -14.17  -7.00 0.85 0.89 0.73 -1.00  -1.0     -1. 41.84 375.1 107085.
 8:05:23 0.55 102.50 204.03 -7.00 1701  44.66   383.4 124988.  1.24  3.55  10.46 -12.13 -10.79 0.72 1.36 2.16 -1.00  -1.0     -1. 42.06 381.1 109697.
 8:06:44 0.55 102.50 204.01 -7.00 1701  48.45   379.7 122291.  0.75  3.31  12.61 -10.94  -8.98 0.67 1.13 1.30 -1.00  -1.0     -1. 46.00 380.7 136828.
 8:08:05 0.55 102.50 204.00 -7.00 1701  45.90   378.8 132693.  0.97  2.57  10.10 -12.31 -10.62 1.09 0.33 1.03 -1.00  -1.0     -1. 43.81 376.6 131621.
 8:09:26 0.55 102.50 203.99 -7.00 1701  46.16   377.3 128675.  0.46  2.18  10.91  -9.54 -10.96 1.81 1.76 1.63 -1.00  -1.0     -1. 44.69 374.5 115008.
 8:10:45 0.55 102.50 203.98 -7.00 1701  48.84   368.9 168225.  0.00  0.00  15.07  -6.50   5.33 0.80 2.52 3.79 -1.00  -1.0     -1. 44.27 367.6 154545.
 8:12:24 0.55 102.09 203.55 -7.08 1701  -1.00    -1.0     -1. -1.00 -1.00  18.55  -1.26  -0.68 0.06 0.01 0.60 -1.00  -1.0     -1. -1.00  -1.0     -1.
 8:13:27 0.55 102.50 203.96 -7.00 1701  -1.00    -1.0     -1. -1.00 -1.00  16.07  -3.41  -4.53 3.56 3.84 1.87 -1.00  -1.0     -1. -1.00  -1.0     -1.
 8:14:48 0.55 102.51 203.95 -7.00 1701  -1.00    -1.0     -1. -1.00 -1.00   2.96 -17.10  -7.95 1.51 1.30 1.78 -1.00  -1.0     -1. -1.00  -1.0     -1.
 8:14:49 0.55 102.50 203.95 -7.00 1701  47.43   364.4 156920. -1.33  0.38   0.00   0.00   0.00 0.00 0.00 0.00 -1.00  -1.0     -1. 46.46 366.6 184711.
 8:14:50 0.55 102.50 203.95 -7.00 1701  48.49   365.1 176424. -4.04  2.04   0.00   0.00   0.00 0.00 0.00 0.00 -1.00  -1.0     -1. 45.79 365.9 157151.
 8:15:06 0.55 102.51 203.94 -7.00 1701  46.22   399.9  96677.  2.80  1.10   8.61 -14.87  -8.52 1.16 0.31 0.83  2.20 402.0 353432. 45.38 399.1 104448.
 8:16:11 0.55 102.51 203.94 -7.00 1701  42.85   370.1 114144.  0.00  2.25  10.44 -15.00  -5.79 1.22 1.05 0.45 -1.00  -1.0     -1. 41.56 369.8 136546.
 8:17:32 0.55 102.51 203.92 -7.00 1701  45.87   379.9 126534.  2.25  1.50  16.63  -7.15  -4.05 0.00 0.00 0.00 -1.00  -1.0     -1. 43.63 376.6 109418.
 8:18:53 0.55 102.51 203.91 -7.00 1701  46.48   386.3 120986.  2.58 -0.26   0.00   0.00   0.00 0.00 0.00 0.00 -1.00  -1.0     -1. 43.26 382.8 106709.
 8:20:14 0.55 102.51 203.90 -7.00 1701  45.38   367.8 146665. -1.27  3.20   0.00   0.00   0.00 0.00 0.00 0.00 -1.00  -1.0     -1. 42.66 365.9 132560.
 8:24:17 0.55 102.51 203.87 -7.00 1701  45.00   383.0 124195.  0.34  4.29   0.00   0.00   0.00 0.00 0.00 0.00 -1.00  -1.0     -1. 42.83 380.2 120011.
 8:25:38 0.55 102.52 203.85 -7.00 1701  43.77   377.0 130341.  0.70  2.83   0.00   0.00   0.00 0.00 0.00 0.00 -1.00  -1.0     -1. 42.81 373.9 114417.
 8:26:59 0.55 102.52 203.84 -7.00 1701  43.87   378.8 136367.  0.58  2.92   0.00   0.00   0.00 0.00 0.00 0.00 -1.00  -1.0     -1. 42.70 376.0 129224.
 8:28:20 0.55 102.52 203.83 -7.00 1701  43.93   373.2 134005.  0.26  2.69  13.34 -10.64  -7.82 0.35 0.67 0.93 -1.00  -1.0     -1. 41.30 371.7 118682.
 8:29:41 0.55 102.52 203.82 -7.00 1701  45.25   373.8 148766.  0.27  2.35  14.88  -9.51  -5.84 0.29 0.35 1.15 -1.00  -1.0     -1. 43.48 369.7 138885.
 8:31:02 0.55 102.52 203.81 -7.00 1701  45.44   368.0 148273. -0.45  2.42  15.89  -8.51  -4.88 0.17 0.75 0.98 -1.00  -1.0     -1. 44.03 370.2 174306.
 8:32:23 0.55 102.52 203.80 -7.00 1701  45.10   366.6 125368.  1.39  1.09  15.20 -10.45  -3.20 0.36 0.84 1.24 -1.00  -1.0     -1. 44.07 365.8 138313.
 8:33:44 0.55 102.52 203.79 -7.00 1701  43.72   363.7 140229.  0.35  0.70  16.72  -9.07   1.04 0.23 0.47 0.76 -1.00  -1.0     -1. 39.67 362.1 126449.
 8:35:05 0.55 102.52 203.78 -7.00 1701  42.60   360.7 130669.  0.54  0.05  17.05  -8.56   1.77 0.46 0.63 0.28 -1.00  -1.0     -1. 42.05 362.1 154883.
 8:36:26 0.55 102.52 203.77 -7.00 1701  44.47   361.0 146743. -0.98  1.38  18.01  -6.45  -1.21 0.11 0.46 0.88 -1.00  -1.0     -1. 42.55 359.5 134314.
 8:37:47 0.55 102.53 203.76 -7.00 1701  46.26   360.4 172594. -0.17  1.42  17.40  -6.85   0.10 0.25 0.28 1.69 -1.00  -1.0     -1. 43.49 360.4 157112.
 8:39:08 0.55 102.53 203.75 -7.00 1701  44.96   360.5 146700. -0.06  0.71  16.24  -9.48  -0.12 0.78 1.27 0.50 -1.00  -1.0     -1. 42.74 358.1 135636.
 8:40:29 0.55 102.53 203.73 -7.00 1701  44.35   365.4 172688.  0.75 -0.49  15.69  -9.77   1.40 0.45 0.90 0.68 -1.00  -1.0     -1. 41.09 363.4 155146.
 8:41:50 0.55 102.53 203.72 -7.00 1701  45.85   373.1 132693.  1.47  2.00  13.09 -12.46  -3.96 0.80 0.58 1.02 -1.00  -1.0     -1. 43.46 370.2 126099.
 8:43:11 0.55 102.53 203.71 -7.00 1701  46.09   369.1 164992.  1.19  0.64  15.39 -10.75   0.87 0.37 0.40 0.96 -1.00  -1.0     -1. 43.33 367.0 149072.
 8:44:32 0.55 102.53 203.70 -7.00 1701  43.35   377.1 128535.  0.63  3.61  11.75 -11.75  -7.95 0.64 0.85 1.08 -1.00  -1.0     -1. 41.55 374.9 119595.
 8:45:53 0.55 102.53 203.69 -7.00 1701  45.65   364.6 176596.  0.06  1.00  16.30  -7.84   2.06 0.52 1.46 2.64 -1.00  -1.0     -1. 41.42 363.6 159977.
 8:47:14 0.55 102.53 203.68 -7.00 1701  43.90   363.8 154679.  0.69  0.61  16.04  -9.35   1.70 0.47 0.60 0.57 -1.00  -1.0     -1. 41.44 361.3 137562.
 8:48:35 0.55 102.53 203.67 -7.00 1701  44.62   367.5 171986.  1.48  0.94  15.29 -10.64   0.85 0.43 0.58 1.53 -1.00  -1.0     -1. 42.31 365.3 156085.
 8:49:56 0.55 102.54 203.66 -7.00 1701  43.61   363.9 152135.  0.54  0.28  15.63 -10.36   1.01 0.59 0.81 0.77 -1.00  -1.0     -1. 41.47 360.7 138043.
 8:51:17 0.55 102.54 203.64 -7.00 1701  45.30   366.2 171155.  1.03  1.17  15.42 -10.31  -0.31 0.28 0.53 0.56 -1.00  -1.0     -1. 42.75 363.6 155569.
 8:52:38 0.55 102.54 203.63 -7.00 1701  45.83   364.2 148825.  0.82  0.58  16.08  -9.46   0.34 0.42 0.61 0.48 -1.00  -1.0     -1. 42.93 361.5 139905.
 8:53:59 0.55 102.54 203.62 -7.00 1701  46.42   364.2 173065.  0.09  1.40  15.83  -9.90  -1.01 0.81 1.33 0.37 -1.00  -1.0     -1. 43.83 362.0 154529.
 8:55:20 0.55 102.54 203.61 -7.00 1701  43.33   361.5 151173.  0.19  0.89  16.41  -8.50   2.23 0.32 0.75 0.65 -1.00  -1.0     -1. 43.97 363.9 191217.
 8:56:41 0.55 102.54 203.60 -7.00 1701  45.41   363.1 172847.  0.48  0.18  15.68  -9.72   2.51 0.74 0.99 0.89 -1.00  -1.0     -1. 43.45 361.6 158742.
 8:58:02 0.55 102.54 203.59 -7.00 1701  43.74   360.1 144712. -0.41 -1.28  15.98  -8.44   4.51 0.29 0.68 1.21 -1.00  -1.0     -1. 42.99 357.7 134161.
 8:59:23 0.55 102.54 203.58 -7.00 1701  47.39   367.5 167110.  1.03 -1.49  14.81  -8.99   6.09 0.31 0.49 0.34 -1.00  -1.0     -1. 44.95 365.0 151625.
 9:00:44 0.55 102.54 203.56 -7.00 1701  45.05   363.8 146684.  0.03 -1.38  14.66  -8.73   6.27 0.33 0.38 1.19 -1.00  -1.0     -1. 42.01 361.9 131540.
 9:02:05 0.55 102.55 203.55 -7.00 1701  45.40   365.2 166724.  0.36 -1.90  15.06  -9.13   5.85 0.29 0.31 0.63 -1.00  -1.0     -1. 43.07 363.8 148929.
 9:03:26 0.55 102.55 203.54 -7.00 1701  45.66   365.0 143985.  0.40 -1.46  14.80  -8.55   6.28 0.62 1.29 1.68 -1.00  -1.0     -1. 44.52 366.4 180861.
 9:04:47 0.55 102.55 203.53 -7.00 1701  43.85   363.5 126297. -0.78 -3.28  14.02  -7.31   9.56 0.15 0.43 0.35 -1.00  -1.0     -1. 42.83 366.1 145563.
 9:06:08 0.55 102.55 203.52 -7.00 1701  45.86   365.1 159532.  0.08  0.03  14.92  -9.19   1.22 1.04 1.47 3.13 -1.00  -1.0     -1. 45.72 366.2 193254.
 9:07:29 0.55 102.55 203.51 -7.00 1701  45.07   364.7 129532.  1.05  1.43  14.86 -10.53  -2.42 0.65 0.63 0.81 -1.00  -1.0     -1. 44.14 365.5 150735.
 9:08:50 0.55 102.55 203.50 -7.00 1701  44.99   363.6 138443.  0.27  0.05  15.81  -9.10   1.76 0.29 0.30 0.27 -1.00  -1.0     -1. 42.93 360.9 134574.
 9:10:11 0.55 102.55 203.49 -7.00 1701  44.19   360.6 128928.  0.46  0.09  16.04  -9.02   2.13 0.16 0.33 0.80 -1.00  -1.0     -1. 43.17 362.4 145937.
 9:11:32 0.55 102.55 203.48 -7.00 1701  44.54   362.5 150082. -0.15  1.61  15.09 -10.14  -2.63 1.02 1.43 0.60 -1.00  -1.0     -1. 45.10 363.9 182765.
 9:12:53 0.55 102.55 203.46 -7.00 1701  46.53   365.7 176356.  0.43  1.47  15.30  -9.94  -3.44 0.24 0.43 0.46 -1.00  -1.0     -1. 43.90 363.8 159805.
 9:14:14 0.55 102.56 203.45 -7.01 1701  48.07   364.9 143715.  0.72  1.72  15.02 -11.15  -2.94 0.21 0.20 0.25 -1.00  -1.0     -1. 44.33 361.6 135220.
 9:15:35 0.55 102.56 203.44 -7.01 1701  47.70   366.8 163040.  0.81  2.41  14.88 -10.12  -5.03 0.23 0.29 0.54 -1.00  -1.0     -1. 43.88 365.1 150319.
 9:16:56 0.55 102.56 203.43 -7.01 1701  45.70   367.3 139060.  0.40  3.11  14.24  -9.91  -6.74 0.17 0.24 0.72 -1.00  -1.0     -1. 43.53 364.5 129396.
 9:18:17 0.55 102.56 203.42 -7.01 1701  47.69   368.3 166331.  0.17  2.71  14.60  -9.77  -5.15 0.70 0.30 1.49 -1.00  -1.0     -1. 44.75 367.2 150543.
 9:19:38 0.55 102.56 203.41 -7.01 1701  43.56   370.9 152749.  0.18  2.56  14.99  -9.57  -4.27 0.42 0.62 0.27 -1.00  -1.0     -1. 42.83 370.9 176814.
 9:20:59 0.55 102.56 203.40 -7.01 1701  44.34   370.0 167484. -0.18  2.89  15.13  -9.21  -4.75 0.22 0.23 0.26 -1.00  -1.0     -1. 41.49 368.9 149770.
 9:22:20 0.55 102.56 203.39 -7.01 1701  45.06   364.4 156488.  0.00  0.49  15.70  -8.73   2.99 0.18 0.29 0.70 -1.00  -1.0     -1. 43.90 366.9 186169.
 9:23:41 0.55 102.56 203.37 -7.01 1701  46.81   364.2 184987. -0.65 -0.42  16.34  -7.30   2.68 0.27 0.32 0.67 -1.00  -1.0     -1. 44.08 363.2 166877.
 9:25:02 0.55 102.57 203.36 -7.01 1701  45.85   362.8 158703. -1.08  0.56  17.05  -5.35   0.28 0.16 0.67 1.00 -1.00  -1.0     -1. 45.80 363.9 198240.
 9:26:23 0.55 102.57 203.35 -7.01 1701  46.93   365.7 191932. -0.97  1.12  16.90  -5.91   1.20 0.14 0.30 0.28 -1.00  -1.0     -1. 44.25 363.8 168683.
 9:27:44 0.55 102.57 203.34 -7.01 1701  44.64   361.8 158976. -1.02  0.52  17.38  -4.59   1.53 0.21 1.39 0.31 -1.00  -1.0     -1. 43.86 364.8 194170.
 9:29:05 0.55 102.57 203.33 -7.01 1701  46.90   361.2 193027. -2.23  0.34  17.67  -3.65   2.77 0.14 0.43 0.24 -1.00  -1.0     -1. 43.62 362.0 169277.
 9:30:26 0.55 102.57 203.32 -7.01 1701  45.01   363.4 153970. -0.27  0.12  16.78  -6.68   2.85 0.18 0.50 0.00 -1.00  -1.0     -1. 45.09 364.9 186163.
 9:31:47 0.55 102.57 203.31 -7.01 1701  46.71   365.5 183453. -0.03  0.12  16.65  -7.09   2.81 0.25 0.40 0.28 -1.00  -1.0     -1. 44.07 363.5 164531.
 9:33:08 0.55 102.57 203.30 -7.01 1701  45.75   363.1 160860. -0.99  0.56  16.64  -6.68   2.85 0.23 0.20 0.00 -1.00  -1.0     -1. 45.14 365.5 192955.
 9:34:29 0.55 102.57 203.28 -7.01 1701  46.93   365.5 188297. -0.47  0.72  16.66  -5.00   2.62 0.34 1.19 0.50 -1.00  -1.0     -1. 44.15 364.0 167929.
 9:35:50 0.55 102.57 203.27 -7.01 1701  48.18   368.5 166558.  0.23  0.38  15.02  -7.61  -0.50 0.42 0.39 5.43 -1.00  -1.0     -1. 46.05 370.4 200761.
 9:37:11 0.55 102.58 203.26 -7.01 1701  44.96   370.5 156673. -0.52  3.47  15.23  -7.97  -7.94 0.47 0.41 0.40 -1.00  -1.0     -1. 42.06 369.2 148507.
 9:38:32 0.55 102.58 203.25 -7.01 1701  43.75   371.5 134902. -0.69  3.84  15.72  -7.00  -5.09 0.61 0.56 4.21 -1.00  -1.0     -1. 41.85 369.3 130637.
 9:39:53 0.55 102.58 203.24 -7.01 1701  46.47   373.0 204809. -1.25 -0.53  16.35  -7.08   2.45 0.42 0.40 0.52 -1.00  -1.0     -1. 44.39 370.8 185919.
 9:41:14 0.55 102.58 203.23 -7.01 1701  48.75   373.6 227239. -1.94 -0.59  16.88  -7.46  -2.53 0.43 0.70 1.57 -1.00  -1.0     -1. 45.93 372.8 213700.
 9:42:35 0.55 102.58 203.22 -7.01 1701  45.68   373.6 176736. -0.18  1.31  16.20  -7.56  -6.10 0.16 0.94 0.94 -1.00  -1.0     -1. 43.81 371.5 162693.
 9:43:56 0.55 102.58 203.21 -7.01 1701  45.33   371.4 157940. -1.38  1.66  16.18  -5.41  -8.81 0.70 0.90 1.82 -1.00  -1.0     -1. 43.32 373.5 172769.
 9:45:17 0.55 102.58 203.20 -7.01 1701  45.87   371.7 181998. -0.35  0.76  17.46  -7.84  -1.51 0.44 1.06 1.78 -1.00  -1.0     -1. 43.44 369.4 163102.
 9:46:38 0.55 102.58 203.19 -7.01 1701  66.48   380.2 166022. -1.12 -3.77   6.60  -6.86  13.49 2.82 0.53 2.98  2.17 392.8 256433. 64.93 380.7 178964.
 9:47:59 0.55 102.58 203.17 -7.01 1701  48.78   382.6 140353. -1.15 -3.63   7.84  -7.51  13.88 1.26 0.21 0.71 -1.00  -1.0     -1. 45.64 379.8 137208.
 9:49:20 0.55 102.59 203.16 -7.01 1701  46.87   378.9 138553. -0.84 -3.15  11.48  -8.74  10.55 0.70 0.25 0.76 -1.00  -1.0     -1. 44.80 380.5 146252.
 9:50:41 0.55 102.59 203.15 -7.01 1701  46.79   382.2 148815. -0.45 -3.35  11.03  -8.74  10.68 1.21 0.93 0.93 -1.00  -1.0     -1. 44.72 379.6 139742.
 9:52:02 0.55 102.59 203.14 -7.01 1701  45.82   375.7 145313. -0.72 -2.51  11.55  -9.24   9.83 0.30 1.01 0.92 -1.00  -1.0     -1. 45.64 376.5 166152.
 9:53:23 0.55 102.59 203.13 -7.01 1701  47.84   376.4 151339. -1.40 -3.22  11.96  -6.40  11.32 0.43 1.11 0.54 -1.00  -1.0     -1. 44.80 375.3 142497.
 9:54:44 0.55 102.59 203.12 -7.01 1701  47.95   377.5 144115.  0.49 -1.53   9.29 -13.72   4.86 0.67 0.70 0.52 -1.00  -1.0     -1. 47.08 377.5 161572.
 9:56:05 0.55 102.59 203.11 -7.01 1701  47.99   376.1 163488.  0.63 -1.14  13.11  -9.62   5.94 0.97 2.03 1.03 -1.00  -1.0     -1. 44.77 375.0 148617.
 9:57:26 0.55 102.59 203.09 -7.01 1701  48.75   377.8 141493.  1.65 -0.13  11.27 -12.62   4.64 1.41 1.01 1.65 -1.00  -1.0     -1. 47.19 376.9 167435.
 9:58:47 0.55 102.59 203.08 -7.01 1701  49.30   374.9 156556.  0.80 -1.13  11.47 -12.24   5.10 0.81 0.24 1.16 -1.00  -1.0     -1. 47.81 373.3 148019.
10:00:08 0.55 102.60 203.07 -7.01 1701  48.15   381.2 137994.  1.23  1.24  10.90 -14.01  -1.37 0.97 0.62 1.19 -1.00  -1.0     -1. 46.40 380.8 149738.
10:01:29 0.55 102.60 203.06 -7.01 1701  49.06   372.8 164992.  0.62  0.57  12.38 -12.80   1.73 0.43 0.43 0.79 -1.00  -1.0     -1. 46.58 372.3 153113.
10:02:50 0.55 102.60 203.05 -7.01 1701  48.86   373.6 148065.  0.19  1.82  13.23 -11.86  -1.36 0.57 0.82 1.45 -1.00  -1.0     -1. 46.58 373.0 169254.
10:04:11 0.55 102.60 203.04 -7.01 1701  50.35   384.4 136094. -0.24 -4.16  10.29 -11.70   7.76 1.53 0.43 2.42 -1.00  -1.0     -1. 47.20 382.5 132898.
10:05:32 0.55 102.60 203.03 -7.01 1701  48.76   371.9 153853.  0.28 -0.46  13.31 -10.86   4.67 0.47 0.25 0.57 -1.00  -1.0     -1. 48.31 371.9 176768.
10:06:53 0.55 102.60 203.01 -7.01 1701  50.11   370.5 172746.  0.34 -0.18  10.85  -9.85   9.40 2.45 0.57 3.66 -1.00  -1.0     -1. 45.55 369.9 161897.
10:08:14 0.55 102.60 203.00 -7.01 1701  43.44   382.1 139788.  0.40 -2.83  13.02 -11.36  -0.33 1.36 0.47 4.43 -1.00  -1.0     -1. 42.91 383.3 150676.
10:09:35 0.55 102.60 202.99 -7.01 1701  49.37   371.6 167809.  0.83  1.04  14.16 -11.68  -0.69 0.32 0.35 0.64 -1.00  -1.0     -1. 45.61 369.3 149760.
10:10:56 0.55 102.60 202.98 -7.01 1701  46.91   369.8 141292.  0.39  1.28  14.72 -11.10  -1.15 0.12 0.22 0.78 -1.00  -1.0     -1. 44.15 365.9 134727.
10:12:17 0.55 102.61 202.97 -7.01 1701  47.57   369.6 165652.  0.00  2.04  14.54 -11.13  -2.85 0.35 0.43 0.33 -1.00  -1.0     -1. 44.96 367.7 151346.
10:13:38 0.55 102.61 202.96 -7.01 1701  46.89   369.8 144085.  0.04  2.75  14.61 -10.21  -4.99 0.15 0.19 0.20 -1.00  -1.0     -1. 46.87 370.8 172811.
10:14:59 0.55 102.61 202.95 -7.01 1701  48.00   370.9 157937.  0.39  2.61  14.21 -10.67  -4.96 0.21 0.35 0.82 -1.00  -1.0     -1. 45.99 369.8 145232.
10:16:20 0.55 102.61 202.94 -7.01 1701  45.80   368.5 143377.  0.32  2.04  14.09 -11.64  -2.96 0.78 0.85 0.57 -1.00  -1.0     -1. 44.42 366.0 133089.
10:17:41 0.55 102.61 202.93 -7.01 1701  48.06   374.5 158911.  0.89  2.71  13.65 -11.20  -3.80 0.39 0.99 0.98 -1.00  -1.0     -1. 45.52 373.3 140571.
10:19:02 0.55 102.61 202.92 -7.01 1701  48.57   375.2 141038.  1.11  2.26  12.37 -12.63  -2.96 1.02 1.47 1.49 -1.00  -1.0     -1. 46.57 374.6 160529.
10:20:23 0.55 102.61 202.91 -7.01 1701  47.79   371.8 154705.  1.43  0.15  11.28 -13.95   3.43 0.99 0.46 1.11 -1.00  -1.0     -1. 44.70 369.8 147067.
10:21:44 0.55 102.61 202.89 -7.01 1701  45.97   375.0 135850.  1.87  0.52  11.48 -13.47   4.43 0.93 0.99 1.19 -1.00  -1.0     -1. 42.79 370.7 124949.
10:23:05 0.55 102.62 202.88 -7.01 1701  48.54   375.1 159538.  1.89  1.09  11.89 -13.02   2.50 0.54 0.48 1.33 -1.00  -1.0     -1. 43.81 372.9 141772.
10:24:26 0.55 102.62 202.87 -7.01 1701  47.35   373.7 141139.  1.27 -0.23  11.47 -12.98   2.51 0.70 0.53 1.27 -1.00  -1.0     -1. 44.36 370.6 132518.
10:25:47 0.55 102.62 202.86 -7.01 1701  48.55   371.9 163868.  1.88  2.04  12.85 -11.59   1.60 0.45 0.60 1.60 -1.00  -1.0     -1. 44.86 369.7 146622.
10:27:08 0.55 102.62 202.85 -7.01 1701  47.97   373.5 145742.  1.03 -1.08  10.05 -12.97   5.70 0.31 0.29 0.30 -1.00  -1.0     -1. 44.67 370.3 137816.
10:28:29 0.55 102.62 202.84 -7.01 1701  48.02   372.6 162673.  1.25 -0.11  11.21 -12.64   4.31 0.43 0.17 0.47 -1.00  -1.0     -1. 44.73 370.6 150592.
10:29:50 0.55 102.62 202.83 -7.01 1701  46.94   372.8 144920.  0.81 -0.69  10.21 -10.57   5.51 1.70 1.28 1.19 -1.00  -1.0     -1. 46.03 373.3 169008.
10:31:11 0.55 102.62 202.81 -7.01 1701  52.74   374.1 165022.  0.18 -2.39   7.92 -10.63   7.14 2.54 0.62 3.03 -1.00  -1.0     -1. 48.97 372.8 153337.
10:32:32 0.55 102.62 202.80 -7.01 1701  42.99   363.2 157209. -2.35  3.17  15.95  -0.43  -6.64 0.69 2.17 1.27 -1.00  -1.0     -1. 42.48 365.1 184636.
10:33:53 0.55 102.62 202.79 -7.01 1701  41.37   370.6 150218. -2.71  3.89  16.83  -0.28  -8.06 0.61 0.66 0.63 -1.00  -1.0     -1. 39.60 369.4 151755.
10:35:14 0.55 102.63 202.78 -7.01 1701  41.78   371.2 140145. -2.98  3.80  16.26  -0.17  -8.54 0.53 1.73 1.06  1.72 387.5 280186. 40.18 370.3 126622.
10:36:35 0.55 102.63 202.77 -7.01 1701  45.17   365.2 167383. -1.86  3.34  16.65  -5.11  -4.75 0.20 0.49 0.46 -1.00  -1.0     -1. 41.93 364.9 150420.
10:37:56 0.55 102.63 202.76 -7.01 1701  43.73   368.4 132557. -1.74  5.15  14.92  -7.28  -4.09 0.64 2.13 3.59 -1.00  -1.0     -1. 42.17 365.7 124081.
10:39:17 0.55 102.63 202.75 -7.01 1701  42.45   377.3 146882.  1.52 -1.07  12.71 -11.87   3.54 0.34 0.28 0.44 -1.00  -1.0     -1. 40.58 374.0 140454.
10:40:38 0.55 102.63 202.73 -7.01 1701  46.26   370.4 148942.  0.65  1.08  12.06 -12.37   1.87 0.76 0.46 0.79 -1.00  -1.0     -1. 44.32 371.9 169917.
10:41:59 0.55 102.63 202.72 -7.01 1701  48.06   387.0 116279. -0.06 -3.71   4.14  -8.07  14.55 1.03 2.56 1.35  2.31 387.5 394558. 44.72 386.6  98594.
10:43:20 0.55 102.63 202.71 -7.01 1701  47.98   390.9 103834.  0.93 -2.83   1.95  -7.41  15.29 1.12 2.56 1.38  2.20 390.4 251106. 47.94 390.0 116168.
10:44:41 0.55 102.63 202.70 -7.01 1701  47.56   382.9 123201.  0.84 -2.53   4.47 -15.26   8.07 0.41 1.06 1.70  1.93 379.4 253899. 47.43 380.1 117354.
10:46:02 0.55 102.63 202.69 -7.01 1701  45.51   388.5 122009.  0.86 -2.27   3.01 -15.07   6.29 1.31 1.00 1.93  2.25 387.9 284175. 45.61 389.6 133599.
10:47:23 0.55 102.64 202.68 -7.01 1701  39.23   398.5  89502.  1.68 -1.63  -3.44 -10.28  10.70 3.48 3.85 3.48  1.93 400.1 269869. 38.02 396.6  87526.
10:48:44 0.55 102.64 202.67 -7.01 1701  41.58   407.8  69270. -1.57 -3.80  -0.34 -11.97  10.12 3.45 4.18 2.56  2.23 391.8 258616. 41.72 408.6  87137.
10:50:05 0.55 102.64 202.66 -7.01 1701  39.82   384.3  84515. -0.83 -3.70   3.82 -10.45  12.63 3.99 1.46 1.05  1.40 399.2 271857. 39.58 383.7  92620.
10:51:26 0.55 102.64 202.65 -7.01 1701  48.01   411.4 100358. -2.28 -4.05  -4.82  -6.16  15.46 1.86 1.65 1.07  2.35 401.1 360111. 45.26 410.4 103720.
10:52:47 0.55 102.64 202.64 -7.01 1701  46.38   397.4  97207.  1.92 -2.38  -0.96 -16.42   7.32 0.99 0.53 1.15  2.54 393.5 419350. 45.26 393.2  98756.
10:54:08 0.55 102.64 202.63 -7.01 1701  45.21   378.7 117003. -3.53 -3.83   6.24 -10.15  11.41 1.87 4.16 2.96 -1.00  -1.0     -1. 43.91 379.8 105127.
10:55:29 0.55 102.64 202.61 -7.01 1701  46.97   384.3 129389.  1.85  0.37   5.94 -15.32   3.07 1.05 0.57 2.07 -1.00  -1.0     -1. 45.18 380.0 126537.
10:56:50 0.55 102.64 202.60 -7.01 1701  45.66   389.4 103015. -1.53 -3.98   3.68 -12.87  10.13 1.41 1.84 1.79  2.36 387.6 276691. 41.22 389.8  75354.
10:58:11 0.55 102.64 202.59 -7.01 1701  48.57   390.9 116918. -3.19 -4.75   1.45  -4.69  15.87 0.89 3.04 2.63  2.50 389.3 352406. 45.81 392.9  98373.
10:59:32 0.55 102.65 202.58 -7.01 1701  48.44   389.4 101183. -2.48 -4.69   1.50  -5.89  16.09 0.96 2.79 1.03  2.20 386.2 278354. 46.21 387.5  94426.
11:00:53 0.55 102.65 202.57 -7.01 1701  46.79   382.3 122766. -0.57 -3.99   6.75  -9.55  13.38 0.88 1.03 0.67  2.61 385.7 372286. 45.70 380.3 119741.
11:02:14 0.55 102.65 202.56 -7.01 1701  49.68   383.3 116727.  1.12 -2.54   3.35 -12.84  12.34 0.53 0.63 0.96  2.24 387.0 273806. 46.45 382.0 104665.
11:03:35 0.55 102.65 202.55 -7.01 1701  46.31   394.1 123396. -2.82 -4.95  -0.66  -2.76  17.36 0.94 1.34 1.26  1.96 396.3 283356. 45.36 396.5 111961.
11:04:56 0.55 102.65 202.53 -7.01 1701  44.46   394.6 103343. -2.06 -5.29  -3.74  -3.87  17.46 2.00 1.19 0.99  2.12 399.3 329511. 44.91 397.1 105562.
11:06:17 0.55 102.65 202.52 -7.01 1701  45.96   385.1 116828. -2.43 -5.22  -0.34  -2.47  18.66 0.96 0.67 0.19  2.48 387.4 352211. 45.05 385.1 105425.
11:07:38 0.55 102.65 202.51 -7.01 1701  41.67   387.9 100995. -1.02 -4.50   0.00  -5.08  17.93 1.23 1.30 0.47  1.91 387.9 269544. 38.99 385.2  96538.
11:08:59 0.55 102.65 202.50 -7.01 1701  45.21   390.6 127918. -2.20 -4.64   0.45  -4.35  17.73 0.89 1.24 0.29  1.81 396.7 277029. 43.15 391.7 114287.
11:10:20 0.55 102.65 202.49 -7.01 1701  42.27   394.2 106328. -2.58 -4.18  -0.70  -1.52  18.71 0.45 1.13 0.36  1.71 391.1 252249. 41.85 395.6 127944.
11:11:41 0.55 102.66 202.48 -7.01 1701  44.04   393.4 121561. -2.84 -4.56  -0.44   0.41  18.61 0.70 0.78 0.33  1.85 400.5 295259. 42.81 394.8 109681.
11:13:02 0.55 102.66 202.47 -7.01 1701  44.50   390.8 113576. -3.79 -4.70  -0.96   1.67  18.92 1.17 0.52 0.19  2.04 388.5 279419. 43.98 393.3 129110.
11:14:23 0.55 102.66 202.46 -7.01 1701  48.35   380.1 145443. -2.96 -3.77  -1.72   0.73  17.52 3.80 1.37 0.26  1.73 395.3 278614. 47.57 379.5 142481.
11:15:44 0.55 102.66 202.44 -7.01 1701  47.66   391.4 112735. -3.16 -4.88  -1.36  -0.15  17.95 0.51 0.59 0.06  2.08 391.1 247260. 48.04 393.2 129373.
11:17:05 0.55 102.66 202.43 -7.01 1701  44.69   393.8 127362. -4.06 -4.54  -3.65   3.29  17.64 0.76 0.90 0.39  1.95 398.1 285760. 43.62 395.7 117308.
11:18:26 0.55 102.66 202.42 -7.01 1701  47.81   395.0 100455. -3.61 -5.06  -2.62   2.19  18.17 0.57 0.40 0.03  2.04 390.3 243401. 45.05 396.7 108820.
11:19:47 0.55 102.66 202.41 -7.01 1701  46.67   397.4 104971. -4.65 -4.15  -2.97   4.39  17.23 0.39 0.44 0.18  2.03 399.2 286254. 45.07 398.0 104773.
11:21:08 0.55 102.66 202.40 -7.01 1701  45.47   395.1 104522. -4.50 -4.18  -2.51   2.59  17.63 0.30 0.49 0.20  2.20 390.2 258032. 43.95 399.3 105451.
11:22:29 0.55 102.67 202.39 -7.01 1701  47.87   397.8 110704. -4.25 -4.28  -5.01   3.73  17.39 0.77 0.15 0.23  2.13 396.7 275742. 45.96 398.2 108599.
11:23:50 0.55 102.67 202.38 -7.01 1701  46.10   390.0 105689. -4.77 -4.58  -0.65   4.54  17.70 0.62 0.45 0.17  2.06 385.4 276353. 45.46 392.0 121590.
11:25:11 0.55 102.67 202.37 -7.01 1701  47.89   389.2 117454. -3.71 -4.70   0.38   1.62  18.24 0.33 0.98 0.21  2.48 383.9 379914. 46.31 391.0 107248.
11:26:32 0.55 102.67 202.36 -7.01 1701  46.10   389.8  99744. -4.04 -4.59  -0.41   0.26  18.16 0.25 1.30 0.20  2.25 384.8 272650. 45.69 391.0 118656.
11:27:53 0.55 102.67 202.35 -7.01 1701  46.41   389.7 112367. -3.58 -4.65  -1.03  -0.27  18.54 0.55 0.75 0.53  1.98 396.2 240373. 43.04 390.9 103733.
11:29:14 0.55 102.67 202.33 -7.01 1701  45.87   394.3 105328. -3.10 -4.60  -1.61   2.74  18.19 1.35 1.28 0.13  2.08 389.3 260344. 45.45 396.1 121538.
11:30:35 0.55 102.67 202.32 -7.01 1701  46.56   397.8 103223. -4.15 -4.63  -5.02   3.37  18.04 1.22 0.23 0.18  2.16 396.6 266101. 44.94 397.5 100517.
11:31:56 0.55 102.67 202.31 -7.01 1701  44.10   398.9 100426. -3.50 -4.13  -7.55   3.54  17.61 0.37 0.47 0.23  2.02 391.9 240386. 43.40 401.8 104662.
11:33:17 0.55 102.67 202.30 -7.01 1701  43.47   401.1 106101. -4.04 -3.83  -7.67   3.47  17.67 0.27 0.75 0.20  2.14 398.8 270051. 41.92 401.3 101751.
11:34:38 0.55 102.68 202.29 -7.01 1701  43.15   398.2  98750. -3.74 -4.13  -8.81   1.66  17.62 0.59 0.61 0.27  2.09 391.2 230355. 43.17 401.1 103165.
11:35:59 0.55 102.68 202.28 -7.01 1701  46.16   404.2 113605. -3.36 -3.63 -11.34  -0.81  16.04 0.91 0.51 0.79  2.05 398.1 270129. 45.69 405.5 133109.
11:37:20 0.55 102.68 202.27 -7.01 1701  46.56   381.9 102138. -5.09 -4.07   4.92   7.79  16.53 2.06 1.54 1.43  2.06 383.3 281472. 45.14 383.2 100793.
11:38:41 0.55 102.68 202.25 -7.01 1701  46.94   387.9 114313. -4.38 -4.62   2.98   6.04  18.13 0.90 0.72 0.25  2.20 386.5 388464. 44.70 389.6  98678.
11:40:02 0.55 102.68 202.24 -7.01 1701  45.38   383.2  99617. -4.18 -5.14   2.73   3.42  19.88 0.23 0.36 0.15  1.89 383.8 254484. 43.16 383.0  97860.
11:41:23 0.55 102.68 202.23 -7.01 1701  44.69   372.5 100845. -5.45 -4.39   5.70   6.30  18.54 0.84 0.48 0.33  2.10 373.0 237865. 45.29 375.1 113345.
11:42:44 0.55 102.68 202.22 -7.01 1701  49.15   377.2 117100. -6.03 -3.08   5.15  10.16  15.80 0.63 0.35 0.30  2.02 381.9 260721. 45.87 379.8 102453.
11:44:05 0.55 102.68 202.21 -7.01 1701  46.59   379.2 103746. -5.47 -3.79   5.38   9.28  16.33 0.99 1.16 0.51  2.39 382.3 362619. 44.67 382.6 119199.
11:45:26 0.55 102.68 202.20 -7.01 1701  48.24   373.6 116214. -6.95 -3.17   6.83  12.26  13.41 0.24 0.79 0.75  2.04 381.8 246974. 45.16 377.6 103090.
11:46:47 0.55 102.69 202.19 -7.01 1701  46.33   378.3  94589. -7.33 -3.12   5.00  13.63  12.91 0.56 0.43 0.68  2.13 375.1 257811. 44.86 383.8  98935.
11:48:08 0.55 102.69 202.18 -7.01 1701  45.93   378.3  98181. -7.06 -3.73   5.75  13.66  11.26 0.87 1.25 1.45  2.16 383.3 257252. 44.76 381.2  95547.
11:49:29 0.55 102.69 202.16 -7.01 1701  47.61   377.1  99656. -8.96 -1.66   5.37  14.38   9.96 0.88 1.28 1.80  2.40 379.3 400080. 46.96 381.6 109506.
11:50:50 0.55 102.69 202.15 -7.01 1701  39.97   373.9 109106. -6.64 -3.26   6.67   9.16  15.05 0.71 1.13 0.88 -1.00  -1.0     -1. 38.03 378.3  97831.
11:52:11 0.55 102.69 202.14 -7.01 1701  44.45   375.2  99341. -7.60 -3.09   6.36  10.67  13.24 0.69 1.06 1.02  2.01 372.3 241646. 44.48 377.8 113576.
11:53:32 0.55 102.69 202.13 -7.01 1701  46.84   374.8 121268. -5.56 -3.19   5.35   7.67  13.94 1.31 0.79 0.99  2.07 382.8 267010. 44.35 377.2 104899.
11:54:53 0.55 102.69 202.12 -7.01 1701  47.06   378.8 128256. -4.22 -3.59   4.53   4.39  15.00 1.61 1.75 0.37 -1.00  -1.0     -1. 45.98 378.4 126472.
11:56:14 0.55 102.69 202.11 -7.01 1701  46.83   376.2 117068. -2.51 -4.35   5.15  -0.82  15.95 1.25 1.16 0.44  2.05 385.5 258941. 43.76 377.4 103847.
11:57:35 0.55 102.70 202.10 -7.01 1701  44.16   377.4 101716. -2.71 -3.97   5.53  -2.70  15.44 0.71 1.27 0.44 -1.00  -1.0     -1. 45.04 377.3 118871.
11:58:56 0.55 102.70 202.09 -7.01 1701  43.93   394.2 106231. -4.91 -3.37  -4.84   6.79  15.42 0.99 0.51 0.25  2.03 391.5 229458. 42.04 398.1 106085.
12:00:17 0.55 102.70 202.08 -7.01 1701  43.95   396.9 105909. -5.01 -2.96  -6.68   8.52  14.50 1.08 0.57 0.82  2.01 392.3 226197. 42.80 398.0 103639.
12:01:38 0.55 102.70 202.07 -7.01 1701  44.36   387.9 109970. -3.21 -3.62  -0.22   3.14  14.78 0.72 0.73 0.66  1.86 386.4 266543. 43.96 388.9 133323.
12:02:59 0.55 102.70 202.05 -7.01 1701  46.14   370.3 184022.  2.17  0.90   7.35  -7.93   5.14 1.19 1.31 2.76 -1.00  -1.0     -1. 45.21 366.4 178363.
12:04:20 0.55 102.70 202.04 -7.01 1701  45.22   375.5 140684.  0.64  1.40  12.17 -11.69  -1.99 0.31 0.31 0.79 -1.00  -1.0     -1. 43.89 374.1 159376.
12:05:41 0.55 102.70 202.03 -7.01 1701  50.00   371.6 188735.  0.51  1.53  11.83 -11.06  -0.90 0.77 1.51 0.77 -1.00  -1.0     -1. 48.53 369.3 178425.
12:07:02 0.55 102.70 202.02 -7.01 1701  46.47   376.1 147337. -0.05  1.43  11.54 -12.20  -1.16 0.20 0.17 0.40 -1.00  -1.0     -1. 44.71 376.3 171603.
12:08:23 0.55 102.70 202.01 -7.01 1701  45.31   376.1 176550. -0.20 -0.18  11.58 -11.71   1.07 0.31 0.51 2.15 -1.00  -1.0     -1. 42.88 375.0 158785.
12:09:44 0.55 102.71 202.00 -7.01 1701  47.42   374.3 156745. -0.27  0.19   9.89  -5.58   9.34 2.26 3.25 3.89 -1.00  -1.0     -1. 47.92 374.2 177879.
12:11:05 0.55 102.71 201.98 -7.01 1701  48.56   371.2 174065. -2.76 -2.58   7.06   1.74  11.50 1.37 1.37 0.82 -1.00  -1.0     -1. 47.64 370.7 155143.
12:12:26 0.55 102.71 201.97 -7.01 1701  48.08   373.5 133109. -3.63 -2.37   1.62   0.08  14.00 2.87 1.01 1.09 -1.00  -1.0     -1. 46.51 376.8 147191.
12:13:47 0.55 102.71 201.96 -7.01 1701  48.33   390.3 125533. -2.36 -3.48  -2.96  -0.32  14.83 1.68 1.21 0.65 -1.00  -1.0     -1. 46.44 392.2 113813.
12:15:08 0.55 102.71 201.95 -7.01 1701  48.37   390.0 107423. -3.42 -3.91  -1.79   1.77  15.12 0.72 0.77 0.56  2.28 387.6 282785. 47.19 391.0 124010.
12:16:29 0.55 102.71 201.94 -7.01 1701  49.49   394.6 127720. -3.81 -3.61  -4.56   2.47  14.74 0.37 0.89 0.24  2.09 398.2 266075. 48.21 399.0 142305.
12:17:50 0.55 102.71 201.93 -7.01 1701  49.37   389.0 116113. -3.50 -3.43  -1.49   2.88  15.37 0.84 0.95 0.46  2.41 387.8 278588. 49.54 391.2 134470.
12:19:11 0.55 102.71 201.92 -7.01 1701  52.95   389.4 127989. -3.98 -2.88  -3.75   9.02  12.75 2.14 3.42 1.84  1.98 395.4 268141. 49.04 391.4 117841.
12:20:32 0.55 102.71 201.91 -7.01 1701  46.93   397.0 151674. -5.22 -2.14  -4.04   9.78  11.24 0.89 0.63 1.35 -1.00  -1.0     -1. 44.86 398.2 155244.
12:21:53 0.55 102.72 201.90 -7.01 1701  47.69   388.4 125075. -5.65 -0.95  -1.61  11.66   8.65 1.19 0.86 1.11  2.51 386.1 359435. 44.41 391.0 114450.
12:22:21 0.55 102.72 201.89 -7.01 1701  34.78   359.0 110422. -1.36 -5.07  -1.53   8.03   8.06 3.15 2.75 1.90 -1.00  -1.0     -1. 32.67 358.1  93877.
12:23:14 0.55 102.72 201.89 -7.01 1701  46.85   388.3 193748. -3.60 -1.24   3.63   1.46   5.27 3.79 5.71 6.58 -1.00  -1.0     -1. 44.76 389.8 176034.
12:24:35 0.55 102.72 201.87 -7.01 1701  51.79   382.1 192595. -0.67  2.99  11.19  -6.39  -3.94 2.17 1.09 0.72 -1.00  -1.0     -1. 49.08 383.5 204422.
12:25:56 0.55 102.72 201.86 -7.01 1701  40.56   375.3 144550.  0.68  3.08  13.94 -10.33  -4.32 0.69 0.28 0.09 -1.00  -1.0     -1. 40.90 375.1 165886.
12:27:17 0.55 102.72 201.85 -7.01 1701  38.03   371.4 147821.  0.40  2.79  16.66 -13.63  -4.13 0.61 0.66 0.20 -1.00  -1.0     -1. 36.19 368.6 141607.
12:28:38 0.55 102.72 201.84 -7.01 1701  36.63   371.3 132362.  1.00  2.60  16.27 -14.42  -3.29 0.28 0.24 0.35 -1.00  -1.0     -1. 35.03 368.1 124357.
12:29:59 0.55 102.72 201.83 -7.01 1701  35.87   374.3 149423.  1.23  2.10  16.10 -14.61  -2.25 0.34 0.05 0.37 -1.00  -1.0     -1. 34.05 371.3 142572.
12:31:20 0.55 102.72 201.82 -7.01 1701  36.82   370.9 133528.  1.55  2.11  15.36 -14.62  -1.75 0.23 0.21 0.23 -1.00  -1.0     -1. 36.05 369.5 156978.
12:32:41 0.55 102.73 201.81 -7.01 1701  34.60   374.4 143176.  1.33  1.95  16.99 -14.26  -2.05 0.19 0.21 0.23 -1.00  -1.0     -1. 32.42 370.7 133703.
12:34:02 0.55 102.73 201.80 -7.01 1701  34.59   371.8 134116.  1.09  1.71  17.03 -14.19  -1.60 0.14 0.08 0.18 -1.00  -1.0     -1. 32.04 368.4 112306.
12:35:23 0.55 102.73 201.79 -7.01 1701  35.25   371.9 144855.  1.21  1.94  16.64 -14.23  -1.58 0.25 0.30 0.26 -1.00  -1.0     -1. 33.36 368.3 135136.
12:36:44 0.55 102.73 201.77 -7.01 1701  39.90   360.8 145411. -0.02  0.42  16.46  -9.36   0.91 0.45 0.70 0.83 -1.00  -1.0     -1. 38.85 362.2 174085.
12:38:05 0.55 102.73 201.76 -7.01 1701  36.78   365.6 183736.  1.72  1.23  17.10 -12.72  -0.21 0.10 0.24 0.21 -1.00  -1.0     -1. 33.49 361.8 159496.
12:39:26 0.55 102.73 201.75 -7.01 1701  39.87   346.7 142818.  0.00  0.00  17.87 -10.73  -0.42 0.47 0.80 0.57 -1.00  -1.0     -1. -1.00  -1.0     -1.
12:40:09 0.55 102.73 201.74 -7.01 1701  -1.00    -1.0     -1. -1.00 -1.00  17.07 -12.34  -0.40 0.00 0.00 0.00 -1.00  -1.0     -1. -1.00  -1.0     -1.
12:41:30 0.55 102.73 201.73 -7.01 1701  -1.00    -1.0     -1. -1.00 -1.00  17.73 -11.57   4.11 0.30 0.35 0.40 -1.00  -1.0     -1. -1.00  -1.0     -1.
12:42:06 0.55 102.32 201.31 -7.09 1701  -1.00    -1.0     -1. -1.00 -1.00  15.84 -13.42   6.47 0.55 0.60 0.89 -1.00  -1.0     -1. -1.00  -1.0     -1.
12:42:51 0.55 102.73 201.72 -7.01 1701  -1.00    -1.0     -1. -1.00 -1.00  16.48 -13.20   5.18 0.33 0.21 0.98 -1.00  -1.0     -1. -1.00  -1.0     -1.
12:44:12 0.55 102.74 201.71 -7.02 1701  -1.00    -1.0     -1. -1.00 -1.00  16.20 -14.27   5.21 0.29 0.39 0.39 -1.00  -1.0     -1. -1.00  -1.0     -1.
12:44:13 0.55 102.73 201.71 -7.01 1701  36.01   364.2 154071.  0.71 -0.47   0.00   0.00   0.00 0.00 0.00 0.00 -1.00  -1.0     -1. 35.12 364.6 177730.
12:44:14 0.55 102.73 201.71 -7.02 1701  34.78   368.2 162361.  1.18 -0.90   0.00   0.00   0.00 0.00 0.00 0.00 -1.00  -1.0     -1. 33.67 366.3 145502.
12:44:48 0.55 102.74 201.71 -7.02 1701  33.44   366.3 143588.  1.17 -0.94  16.23 -14.25   5.07 0.37 0.52 0.21 -1.00  -1.0     -1. 32.13 367.3 177925.
12:46:11 0.55 102.74 201.69 -7.02 1701  34.93   367.3 162806.  0.87 -1.55  16.40 -12.93   6.07 0.14 0.31 0.24 -1.00  -1.0     -1. 32.85 364.6 146343.
12:47:32 0.55 102.74 201.68 -7.02 1701  33.92   372.4 183759.  0.28 -1.29  16.21 -12.42   6.99 0.20 0.24 0.70 -1.00  -1.0     -1. 31.74 371.0 155435.
12:48:53 0.55 102.74 201.67 -7.02 1701  36.20   372.9 147964.  1.73 -1.98  13.36 -12.92   9.04 0.86 0.58 0.50 -1.00  -1.0     -1. 34.88 368.9 142542.
12:50:14 0.55 102.74 201.66 -7.02 1701  33.79   371.3 138833.  1.22 -3.27  15.18 -12.87   6.37 1.67 0.50 2.06 -1.00  -1.0     -1. 32.36 367.3 125751.
12:51:35 0.55 102.74 201.65 -7.02 1701  32.71   374.1 149838.  0.49 -1.32  16.57 -13.46   5.70 0.18 0.14 0.26 -1.00  -1.0     -1. 31.08 371.2 140876.
12:52:56 0.55 102.74 201.64 -7.02 1701  32.22   367.9 139996.  0.35 -1.17  16.97 -12.84   5.67 0.24 0.36 0.16 -1.00  -1.0     -1. 31.74 368.8 161926.
12:54:17 0.55 102.74 201.63 -7.02 1701  32.91   363.8 109268.  1.69 -0.32  15.68 -11.06   7.88 0.32 1.32 1.37 -1.00  -1.0     -1. 33.14 362.7 137030.
12:55:38 0.55 102.74 201.62 -7.02 1701  33.85   366.2 125735.  1.80 -2.13  13.95 -13.93   7.36 0.87 0.71 0.77 -1.00  -1.0     -1. 32.62 363.6 112998.
12:56:59 0.55 102.75 201.60 -7.02 1701  28.94   367.2 101222.  0.84 -1.76  15.51 -13.27   6.36 0.45 0.51 0.56 -1.00  -1.0     -1. 28.85 366.5 125572.
12:58:20 0.55 102.75 201.59 -7.02 1701  32.15   373.3 170908.  0.40 -0.72  16.20 -14.14   5.24 0.16 0.19 0.24 -1.00  -1.0     -1. 30.67 371.9 146356.
12:59:41 0.55 102.75 201.58 -7.02 1701  30.64   370.1 150764. -0.22 -2.17  16.31 -12.63   7.45 0.28 0.57 0.46 -1.00  -1.0     -1. 29.78 367.5 135747.
13:01:02 0.55 102.75 201.57 -7.02 1701  35.28   363.4 131160.  0.05 -4.19  12.15  -8.79   8.93 2.44 2.70 1.22 -1.00  -1.0     -1. 33.68 360.9 117201.
13:02:21 0.55 102.75 201.56 -7.02 1701  34.81   359.5 117484. -0.22 -4.65   0.00   0.00   0.00 0.00 0.00 0.00 -1.00  -1.0     -1. 32.40 357.7  94556.
13:03:42 0.55 102.75 201.55 -7.02 1701  -1.00    -1.0     -1. -1.00 -1.00   0.00   0.00   0.00 0.00 0.00 0.00 -1.00  -1.0     -1. 31.97 359.1 123337.
13:05:33 0.55 102.75 201.53 -7.02 1701  34.60   361.5 126706.  0.94 -3.74  14.72  -8.77  10.65 0.00 0.00 0.00 -1.00  -1.0     -1. 33.70 358.3 115496.
13:06:24 0.55 102.75 201.53 -7.02 1701  -1.00    -1.0     -1. -1.00 -1.00  15.64  -9.77   9.06 0.00 0.00 0.00 -1.00  -1.0     -1. -1.00  -1.0     -1.
13:48:45 0.55 102.79 201.18 -7.02 1701  30.64   359.4  59275. -0.88 -1.66  20.89  -7.98   5.01 0.00 0.00 0.00  3.42 342.3 226418. 31.11 360.1  75121.
14:31:57 0.55 102.83 200.82 -7.02 1701  30.74   353.3  76849. -1.93  1.29  20.54  -8.94  -2.61 0.00 0.00 0.00  4.97 327.3 216880. 29.28 352.5  69556.
15:15:09 0.55 102.87 200.46 -7.02 1701  31.54   362.8  57186.  1.27  1.13   4.34 -19.57 -12.06 0.00 0.00 0.00 -1.00  -1.0     -1. 31.19 362.1  75890.
15:58:21 0.55 102.90 200.10 -7.02 1701  38.11   432.9  76936. -1.96 -2.03  12.86  -4.63   8.77 0.00 0.00 0.00  1.85 432.3 376652. 36.48 430.5  71343.
16:41:33 0.55 102.94 199.74 -7.03 1701  36.14   387.6 103395. -4.77 -6.07  11.26   0.50  18.54 0.00 0.00 0.00 -1.00  -1.0     -1. 34.53 387.8  93689.
17:24:45 0.55 102.98 199.39 -7.03 1701  35.84   404.3  75189.  2.26  4.76   2.12  -7.96 -18.95 0.00 0.00 0.00  1.50 424.7 293596. 34.69 402.1  93867.
18:07:58 0.55 103.01 199.03 -7.03 1701  39.43   367.9 155010. -3.85  2.66  18.80 -10.70   1.74 0.00 0.00 0.00 -1.00  -1.0     -1. 37.43 367.1 139872.
18:51:10 0.55 103.05 198.67 -7.03 1701  39.48   384.8 103847. -3.20 -4.91  15.03  -1.40  14.85 0.00 0.00 0.00 -1.00  -1.0     -1. 39.11 388.0 125943.
19:34:22 0.55 103.09 198.31 -7.03 1701  40.61   383.7 210753. -3.73 -0.90  20.21  -5.38   3.70 0.00 0.00 0.00  0.76 453.7 299196. 37.97 385.8 190938.
20:17:34 0.55 103.13 197.96 -7.04 1701  38.61   395.0 151290.  1.08 -1.65  15.62  -9.16  12.26 0.00 0.00 0.00  1.51 417.3 325820. 36.38 391.6 143137.
21:00:46 0.55 103.17 197.60 -7.04 1701  30.74   403.6 205829. -4.45  1.61  20.31  -0.08  10.42 0.00 0.00 0.00 -1.00  -1.0     -1. 30.34 406.6 251145.
21:43:58 0.54 103.20 197.24 -7.04 1701  26.82   429.3 150657. -6.12 -1.44  14.89   4.93  17.48 0.00 0.00 0.00  1.06 448.4 409124. 25.47 431.4 124702.
22:27:10 0.54 103.24 196.89 -7.04 1701  31.17   423.7 226681. -2.96 -1.91  14.53   1.42  13.98 0.00 0.00 0.00 -1.00  -1.0     -1. 30.56 423.3 223958.
23:10:22 0.54 103.28 196.53 -7.04 1701  30.53   445.1 168091.  2.36  2.76   9.56  -8.20   8.58 0.00 0.00 0.00 -1.00  -1.0     -1. 29.74 444.8 179766.
23:53:34 0.54 103.32 196.17 -7.05 1701  35.06   435.3 250021.  0.32 -0.96  17.19 -11.01   5.27 0.00 0.00 0.00  0.76 510.8 312424. 33.02 431.6 233850.
