312  0 55 32 0.60  98.11 256.26 -6.65 1701    7.82   600.3  328101.   0.00   0.00 -10.71   4.45   -6.68  0.00  0.00  0.00  -1.00   -1.0        -1.  -1.00   -1.0     -1.
312  1 38 44 0.60  98.14 255.90 -6.65 1701    8.35   556.9  309214.  -0.16  -4.35   0.00   0.00    0.00  0.00  0.00  0.00   0.30  597.5    680357.   8.01  552.2 269060.
312  2 21 56 0.60  98.16 255.53 -6.66 1701   11.12   537.6  275758.  -3.09   4.80  -6.04   9.88    5.26  0.00  0.00  0.00  -1.00   -1.0        -1.  10.61  533.7 253282.
312  3 02 44 0.60  98.19 255.18 -6.66 1701   12.23   541.1  266123.   0.00   0.00   0.00   0.00    0.00  0.00  0.00  0.00   0.27  589.7    676563.  11.11  541.5 274690.
312  3 44 51 0.60  97.85 254.46 -6.77 1701   -1.00    -1.0      -1.  -1.00  -1.00  -7.60  15.38   -3.32  0.00  0.00  0.00  -1.00   -1.0        -1.  -1.00   -1.0     -1.
312  4 31 24 0.60  98.24 254.42 -6.66 1701   -1.00    -1.0      -1.  -1.00  -1.00   0.00   0.00    0.00  0.00  0.00  0.00  -1.00   -1.0        -1.  23.85  747.6 989455.
312  5 23 02 0.60  98.27 253.98 -6.67 1701   -1.00    -1.0      -1.  -1.00  -1.00  -8.78  22.11   -6.39  0.00  0.00  0.00  -1.00   -1.0        -1.  -1.00   -1.0     -1.
312  5 25 44 0.60  98.27 253.95 -6.67 1701   -1.00    -1.0      -1.  -1.00  -1.00  -9.25  20.94   -7.32  2.38  1.02  1.06  -1.00   -1.0        -1.  -1.00   -1.0     -1.
312  5 27 05 0.60  98.27 253.94 -6.67 1701   20.63   702.4  639089.   5.21   2.70  -5.47  20.75  -11.73  0.79  1.82  2.66  -1.00   -1.0        -1.  19.40  698.2 724744.
312  5 27 06 0.60  98.27 253.94 -6.67 1701   18.83   732.2  537997.   6.66  -5.46   0.00   0.00    0.00  0.00  0.00  0.00  -1.00   -1.0        -1.  18.28  729.2 610814.
312  5 27 34 0.60  98.27 253.94 -6.67 1701   21.07   710.3  714817.   1.48  -5.77  -8.42  17.69  -12.98  3.82  0.93  3.51  -1.00   -1.0        -1.  20.90  701.4 694650.
312  5 28 55 0.60  98.27 253.93 -6.67 1701   22.17   671.9  754422.   4.00  -0.09 -13.70  19.08   -3.14  0.53  1.58  4.96  -1.00   -1.0        -1.  21.51  666.5 695378.
312  5 30 16 0.60  98.28 253.92 -6.67 1701   20.29   674.1  643039.   4.52  -4.69 -11.24  21.75   -0.06  2.58  1.11  0.85  -1.00   -1.0        -1.  19.91  669.9 741376.
312  5 31 37 0.60  98.28 253.90 -6.67 1701   21.40   679.5  758996.   4.99  -3.54 -12.54  21.00    1.58  1.03  0.81  1.30  -1.00   -1.0        -1.  19.89  674.6 682696.
312  5 32 58 0.60  98.28 253.89 -6.67 1701   20.51   670.4  803747.   0.00   0.00 -11.97  20.95    3.30  1.07  0.93  2.05  -1.00   -1.0        -1.  19.57  665.2 788102.
312  5 34 19 0.60  98.28 253.88 -6.67 1701   20.05   698.1  849173.   0.00   0.00  -7.57  22.66    5.23  2.30  1.50  1.56  -1.00   -1.0        -1.  -1.00   -1.0     -1.
312  5 35 38 0.60  98.28 253.87 -6.67 1701   22.61   691.6  757229.   5.42  -3.71  -5.03  23.89    3.21  1.69  0.26  2.25  -1.00   -1.0        -1.  21.25  684.2 750004.
312  5 36 59 0.60  98.28 253.86 -6.67 1701   22.39   710.9  665856.   6.66  -3.86  -3.13  23.78    1.95  2.35  0.42  1.15  -1.00   -1.0        -1.  21.03  708.5 695794.
312  5 38 20 0.60  98.28 253.85 -6.67 1701   20.57   696.6  725004.   4.78  -5.76  -4.73  22.84   -4.00  1.87  0.62  1.39  -1.00   -1.0        -1.  20.11  691.4 679006.
312  5 39 41 0.60  98.28 253.84 -6.67 1701   21.25   705.0  654110.   0.00   0.00  -3.43  23.56   -1.58  1.64  0.64  2.51  -1.00   -1.0        -1.  20.86  701.7 734204.
312  5 41 04 0.60  98.28 253.82 -6.67 1701   22.73   694.6  852292.   5.62  -2.43  -8.40  20.88    3.54  0.38  0.50  1.28  -1.00   -1.0        -1.  21.85  688.3 829111.
312  5 42 25 0.60  98.28 253.81 -6.67 1701   21.55   643.9  908276.   0.00  -4.51 -17.94   6.44  -13.37  0.92  2.40  1.29  -1.00   -1.0        -1.  20.85  642.0 814860.
312  5 43 46 0.60  98.28 253.80 -6.67 1701   22.16   659.7  740441.   2.21  -2.91 -14.89  13.79  -13.36  1.38  1.84  0.79  -1.00   -1.0        -1.  21.85  661.2 787063.
312  5 45 07 0.60  98.28 253.79 -6.67 1701   21.92   651.2  799069.  -0.60  -5.44 -16.06   6.74  -16.81  0.24  3.10  1.07  -1.00   -1.0        -1.  21.68  647.8 791984.
312  5 46 28 0.60  98.28 253.78 -6.67 1701   21.67   650.9  791792.   0.23  -4.65 -16.35   5.12  -17.32  0.39  2.10  0.78  -1.00   -1.0        -1.  21.39  654.0 837011.
312  5 47 49 0.60  98.29 253.77 -6.67 1701   22.16   639.6  895707.  -3.21  -4.30 -20.32  -2.67  -13.30  0.53  1.30  0.87  -1.00   -1.0        -1.  21.35  639.0 834438.
312  5 49 10 0.60  98.29 253.75 -6.67 1701   21.30   644.1  807629.   0.00   0.00 -18.68 -10.04  -10.84  0.82  2.37  1.97  -1.00   -1.0        -1.  21.07  642.6 901304.
312  5 50 31 0.60  98.29 253.74 -6.67 1701   -1.00    -1.0      -1.  -1.00  -1.00 -14.49  -3.57  -18.19  1.09  3.70  1.91  -1.00   -1.0        -1.  -1.00   -1.0     -1.
312  5 51 50 0.60  98.29 253.73 -6.67 1701   19.69   665.9  632800.  -4.94  -6.75 -12.82  -5.18  -19.93  0.82  1.16  0.57  -1.00   -1.0        -1.  20.29  668.0 742156.
312  5 53 11 0.60  98.29 253.72 -6.67 1701   20.14   664.7  669390.   0.00   0.00 -12.25  -1.11  -21.15  0.81  1.03  0.50  -1.00   -1.0        -1.  19.48  662.5 615908.
312  5 54 32 0.60  98.29 253.71 -6.67 1701   -1.00    -1.0      -1.  -1.00  -1.00 -12.14   4.65  -15.64  1.22  6.32  8.03  -1.00   -1.0        -1.  -1.00   -1.0     -1.
312  5 55 53 0.60  98.29 253.70 -6.67 1701   -1.00    -1.0      -1.  -1.00  -1.00   0.00   0.00    0.00  0.00  0.00  0.00  -1.00   -1.0        -1.  20.83  646.8 745768.
312  6 56 02 0.60  98.33 253.18 -6.67 1701   19.86   670.1  491479.   0.85   1.23   0.00   0.00    0.00  0.00  0.00  0.00  -1.00   -1.0        -1.  18.27  667.0 443558.
312  6 57 23 0.60  98.33 253.17 -6.67 1701   -1.00    -1.0      -1.  -1.00  -1.00   0.00   0.00    0.00  0.00  0.00  0.00  -1.00   -1.0        -1.  17.64  648.8 574561.
312  6 58 44 0.60  98.33 253.16 -6.67 1701   -1.00    -1.0      -1.  -1.00  -1.00  -9.88  16.21    7.35  0.97  1.53  2.87  -1.00   -1.0        -1.  -1.00   -1.0     -1.
312  7 00 05 0.60  98.33 253.15 -6.67 1701   18.55   668.3  446988.   3.28  -2.34   0.00   0.00    0.00  0.00  0.00  0.00  -1.00   -1.0        -1.  17.85  665.1 510294.
312  7 01 26 0.60  98.33 253.13 -6.67 1701   18.32   674.0  430772.   0.00   0.00  -6.37  17.48    9.08  1.13  0.25  0.57  -1.00   -1.0        -1.  17.44  668.5 452809.
312  7 02 47 0.60  98.33 253.12 -6.67 1701   -1.00    -1.0      -1.  -1.00  -1.00  -8.26  19.03    0.60  1.35  0.61  1.49  -1.00   -1.0        -1.  -1.00   -1.0     -1.
312  7 05 29 0.60  98.33 253.10 -6.67 1701   19.30   682.3  564088.   0.00   0.00   0.00   0.00    0.00  0.00  0.00  0.00   0.82  720.6    808113.  -1.00   -1.0     -1.
312  7 06 50 0.60  98.33 253.09 -6.67 1701   -1.00    -1.0      -1.  -1.00  -1.00  -7.98  17.42   -6.42  1.08  0.94  3.06  -1.00   -1.0        -1.  18.77  650.1 535450.
312  7 08 11 0.60  98.33 253.08 -6.67 1701   18.55   646.1  536967.   1.52  -1.18  -8.66  16.86   -4.07  3.12  0.27  5.31  -1.00   -1.0        -1.  17.05  641.8 473482.
312  7 09 32 0.60  98.33 253.06 -6.67 1701   -1.00    -1.0      -1.  -1.00  -1.00 -13.44  14.61   -0.15  0.48  0.45  1.64  -1.00   -1.0        -1.  -1.00   -1.0     -1.
312  7 12 14 0.60  98.34 253.04 -6.67 1701   18.23   630.5  526319.   0.54  -5.72   0.00   0.00    0.00  0.00  0.00  0.00  -1.00   -1.0        -1.  17.85  633.8 523538.
312  7 13 35 0.60  98.34 253.03 -6.67 1701   17.97   647.8  592636.   0.00   0.00 -16.13  10.10   -6.42  0.20  0.47  0.38  -1.00   -1.0        -1.  -1.00   -1.0     -1.
312  7 14 56 0.60  98.34 253.02 -6.67 1701   -1.00    -1.0      -1.  -1.00  -1.00 -13.90  13.70   -2.30  0.63  0.58  3.77  -1.00   -1.0        -1.  -1.00   -1.0     -1.
312  7 16 17 0.60  98.34 253.01 -6.67 1701   18.25   629.2  534212.   0.00   0.00 -16.21   8.37   -7.65  0.00  0.00  0.00  -1.00   -1.0        -1.  17.57  624.0 519747.
312  7 20 38 0.60  98.34 252.97 -6.67 1701   -1.00    -1.0      -1.  -1.00  -1.00 -18.70   3.94    4.16  0.14  0.05  0.20  -1.00   -1.0        -1.  -1.00   -1.0     -1.
312  7 24 41 0.60  98.34 252.94 -6.67 1701   -1.00    -1.0      -1.  -1.00  -1.00 -16.49   7.33    6.68  1.09  1.06  1.76  -1.00   -1.0        -1.  -1.00   -1.0     -1.
312  7 24 42 0.60  98.34 252.94 -6.67 1701   18.16   623.7  602326.   0.00   0.00   0.00   0.00    0.00  0.00  0.00  0.00  -1.00   -1.0        -1.  17.83  623.9 750894.
312  7 25 44 0.60  98.34 252.93 -6.67 1701   -1.00    -1.0      -1.  -1.00  -1.00 -19.30   2.50    3.08  0.51  1.53  2.02  -1.00   -1.0        -1.  -1.00   -1.0     -1.
312  7 28 26 0.60  98.35 252.90 -6.67 1701   16.33   648.4  567749.   0.62  -0.06 -15.82   5.86    7.30  1.71  5.21  1.30  -1.00   -1.0        -1.  16.06  642.0 554846.
312  7 29 47 0.60  98.35 252.89 -6.67 1701   17.66   634.0  592610.  -0.24   0.75 -17.99   6.94    0.97  0.92  1.63  3.82  -1.00   -1.0        -1.  16.86  634.0 687679.
312  7 31 08 0.60  98.35 252.88 -6.67 1701   -1.00    -1.0      -1.  -1.00  -1.00 -16.06   6.85    0.96  1.58  1.63  6.88  -1.00   -1.0        -1.  -1.00   -1.0     -1.
312  7 32 29 0.60  98.35 252.87 -6.67 1701   -1.00    -1.0      -1.  -1.00  -1.00 -15.95   9.52   -6.21  0.54  0.43  1.43  -1.00   -1.0        -1.  -1.00   -1.0     -1.
312  7 33 50 0.60  98.35 252.86 -6.68 1701   20.25   632.7  636935.  -0.98  -2.42 -13.47  12.92   -5.66  0.51  0.60  1.36   0.59  714.0    896263.  20.08  630.7 573509.
312  7 35 11 0.60  98.35 252.85 -6.68 1701   18.72   627.8  611516.  -0.09  -2.78 -12.07  13.46   -7.30  0.66  1.64  1.82  -1.00   -1.0        -1.  18.63  628.8 709574.
312  7 36 32 0.60  98.35 252.84 -6.68 1701   18.00   643.5  544724.   0.09  -4.40 -14.11  10.80   -8.30  0.10  0.15  0.40  -1.00   -1.0        -1.  16.99  637.9 544666.
312  7 37 53 0.60  98.35 252.82 -6.68 1701   19.03   656.1  507019.  -0.94  -7.53 -11.13  10.17  -11.46  2.30  1.32  2.72   0.71  690.8    858425.  18.53  658.3 532331.
312  7 39 16 0.60  98.35 252.81 -6.68 1701   18.57   630.2  672288.  -0.58  -2.28 -16.64   8.28   -0.24  0.96  0.54  4.25  -1.00   -1.0        -1.  16.59  628.9 614842.
312  7 40 37 0.60  98.35 252.80 -6.68 1701   17.55   623.5  614011.  -0.96  -1.36 -13.40  10.32   -9.46  0.00  0.00  0.00  -1.00   -1.0        -1.  17.42  624.2 731975.
312  7 41 58 0.60  98.35 252.79 -6.68 1701   18.45   632.6  605863.   0.48  -3.26   0.00   0.00    0.00  0.00  0.00  0.00   0.74  685.5    657800.  17.64  632.7 578105.
312  7 43 19 0.60  98.35 252.78 -6.68 1701   17.72   635.4  547437.   0.97  -2.22   0.00   0.00    0.00  0.00  0.00  0.00   0.83  712.7   1210193.  17.34  629.4 536298.
312  7 47 22 0.60  98.36 252.74 -6.68 1701   19.48   642.4  542103.  -0.21  -4.98   0.00   0.00    0.00  0.00  0.00  0.00   0.60  715.5    940130.  18.57  639.6 538689.
312  7 48 43 0.60  98.36 252.73 -6.68 1701   19.31   658.4  492414.   1.06  -5.62   0.00   0.00    0.00  0.00  0.00  0.00   0.79  691.5    800628.  17.67  654.8 441790.
312  7 50 04 0.60  98.36 252.72 -6.68 1701   19.13   664.5  507227.   0.67  -5.59   0.00   0.00    0.00  0.00  0.00  0.00   0.70  714.3    906658.  18.00  663.4 444545.
312  7 51 25 0.60  98.36 252.71 -6.68 1701   18.77   641.0  514134.   0.35  -4.83 -13.35  10.41   -9.77  0.41  0.46  0.57  -1.00   -1.0        -1.  17.68  639.1 465813.
312  7 52 46 0.60  98.36 252.70 -6.68 1701   17.63   638.5  438253.  -0.67  -5.41 -12.54   9.72  -11.29  0.54  0.68  0.81  -1.00   -1.0        -1.  17.37  638.7 516921.
312  7 54 07 0.60  98.36 252.69 -6.68 1701   18.73   630.4  535681.  -0.89  -5.05 -15.22   6.90   -9.39  1.48  0.63  1.88   0.78  692.2    927240.  17.59  624.8 535564.
312  7 55 28 0.60  98.36 252.67 -6.68 1701   18.81   616.2  517051.  -1.56   0.64 -18.26   3.57    5.04  0.35  1.27  2.05  -1.00   -1.0        -1.  17.83  621.2 575380.
312  7 56 49 0.60  98.36 252.66 -6.68 1701   18.97   629.8  520195.  -1.45   2.76 -16.97   4.12    8.11  0.48  0.26  0.88   0.63  697.6    810192.  17.66  625.0 516570.
312  7 58 10 0.60  98.36 252.65 -6.68 1701   17.81   620.8  518967.  -2.20   2.11 -17.70   4.49    6.61  0.28  0.44  0.55  -1.00   -1.0        -1.  17.30  624.6 545325.
312  7 59 31 0.60  98.36 252.64 -6.68 1701   18.59   617.3  551715.  -1.53  -0.22 -18.85   4.39    0.36  0.14  0.38  0.62  -1.00   -1.0        -1.  17.85  611.3 504950.
312  8 00 52 0.60  98.37 252.63 -6.68 1701   18.71   610.4  516388.  -2.08  -0.37 -18.87   3.69    0.04  0.12  0.43  0.38  -1.00   -1.0        -1.  18.85  609.5 616099.
312  8 02 13 0.60  98.37 252.62 -6.68 1701   17.97   614.2  564566.  -2.79  -1.47 -18.76   3.38   -1.59  0.26  1.20  0.42  -1.00   -1.0        -1.  17.99  608.6 532253.
312  8 03 34 0.60  98.37 252.61 -6.68 1701   18.38   614.4  534215.  -1.46  -2.42 -17.84   4.58   -5.07  0.28  1.64  2.30  -1.00   -1.0        -1.  18.35  615.4 591749.
312  8 04 55 0.60  98.37 252.59 -6.68 1701   19.06   617.1  562415.  -1.79  -1.22 -18.97   3.96   -2.77  0.31  0.33  1.40  -1.00   -1.0        -1.  18.61  612.3 541255.
312  8 06 16 0.60  98.37 252.58 -6.68 1701   19.74   625.2  470234.  -2.46  -5.79 -15.67   4.15  -11.16  0.61  0.56  0.65   0.83  692.8   1272356.  18.91  628.6 498421.
312  8 07 37 0.60  98.37 252.57 -6.68 1701   19.46   624.3  500805.  -3.95  -5.14 -17.64  -0.27   -8.81  0.34  2.23  0.92  -1.00   -1.0        -1.  18.95  621.5 506873.
312  8 08 58 0.60  98.37 252.56 -6.68 1701   19.31   637.1  425837.  -2.49  -6.22 -15.70   3.72  -12.14  0.71  0.72  1.11   0.83  689.7   1170276.  19.29  635.2 485722.
312  8 10 19 0.60  98.37 252.55 -6.68 1701   21.07   638.1  522297.  -0.23  -5.51 -15.30   7.03   -9.44  1.87  4.27  1.58   0.68  693.8    840961.  20.87  633.6 537493.
312  8 11 40 0.60  98.37 252.54 -6.68 1701   24.30   647.8  633599.   1.74  -2.49 -10.06  13.67   -1.70  3.48  3.57  6.84   0.80  709.9    809360.  23.02  648.3 604321.
312  8 13 01 0.60  98.37 252.53 -6.68 1701   19.58   627.0  497453.  -2.72  -5.02 -16.18   1.33  -11.39  0.77  2.26  0.73   0.71  703.6   1177553.  18.94  622.6 478150.
312  8 14 22 0.60  98.37 252.51 -6.68 1701   19.33   621.3  483062.  -3.25   0.29 -16.77  -2.24   -9.93  1.29  3.95  1.82   0.80  691.5   1170276.  17.89  621.3 399833.
312  8 15 43 0.60  98.37 252.50 -6.68 1701   18.72   626.0  491664.  -2.50  -5.19 -16.61   3.86  -10.89  0.53  1.22  0.56   0.61  693.4    816844.  18.71  623.8 488091.
312  8 17 04 0.60  98.38 252.49 -6.68 1701   19.16   615.1  492301.  -2.34  -3.95 -18.63   3.64   -7.34  0.49  0.48  1.46   0.66  676.0    888570.  19.02  620.6 529099.
312  8 18 25 0.60  98.38 252.48 -6.68 1701   18.02   619.4  508991.  -1.94  -2.49 -19.44   3.89   -5.72  0.66  1.53  2.06   0.61  702.4   1012895.  17.35  615.6 493847.
312  8 19 46 0.60  98.38 252.47 -6.68 1701   19.63   644.5  608420.  -4.30  -6.79 -12.99  -0.78  -14.98  3.43  1.42  2.49  -1.00   -1.0        -1.  18.75  650.7 581812.
312  8 21 07 0.60  98.38 252.46 -6.68 1701   17.61   625.4  513718.  -3.09  -3.78 -16.57   3.34  -10.13  1.14  4.45  2.80   0.52  685.0    806034.  17.21  620.1 519175.
312  8 22 28 0.60  98.38 252.44 -6.68 1701   19.21   609.4  471130.  -2.92  -1.46 -19.35   3.06   -4.20  0.89  1.14  2.73   0.67  662.9    982334.  20.16  610.2 601358.
312  8 23 49 0.60  98.38 252.43 -6.68 1701   17.59   621.8  495897.  -3.67  -4.03 -16.52   2.18  -10.70  2.14  3.28  1.71   0.57  690.2    793767.  17.28  616.0 496862.
312  8 25 10 0.60  98.38 252.42 -6.68 1701   16.56   704.4  487477.   4.18  -1.01  -1.86  20.74   -1.33  1.84  0.67  2.97  -1.00   -1.0        -1.  15.95  706.6 495429.
312  8 26 31 0.60  98.38 252.41 -6.68 1701   16.16   691.6  531136.   4.07  -2.82  -8.77  16.50    0.26  4.99  4.42  3.68  -1.00   -1.0        -1.  15.73  692.7 487269.
312  8 27 52 0.60  98.38 252.40 -6.68 1701   15.41   617.0  480564.  -1.19  -2.64 -17.32   9.06   -7.39  0.78  1.66  0.96  -1.00   -1.0        -1.  14.66  615.0 405521.
312  8 29 13 0.60  98.38 252.39 -6.68 1701   17.56   630.9  490644.   0.41  -3.05 -16.95  11.03   -6.01  1.08  0.42  2.37   0.52  695.9    702499.  18.44  625.1 524902.
312  8 30 34 0.60  98.38 252.37 -6.68 1701   16.49   623.5  461970.  -3.23  -5.05 -17.84   1.86  -11.03  1.55  2.46  2.81   0.59  671.3    785035.  16.50  632.1 533926.
312  8 31 55 0.60  98.38 252.36 -6.68 1701   16.65   635.0  477507.  -3.99  -6.12 -15.74   4.19  -12.78  0.85  4.79  1.11   0.40  713.1   1011856.  17.51  633.5 485391.
312  8 33 16 0.60  98.39 252.35 -6.68 1701   15.67   633.2  408172.  -3.10  -6.20 -16.52   2.89  -12.85  1.42  2.33  1.15   0.64  681.8   1069444.  15.11  630.0 405992.
312  8 34 37 0.60  98.39 252.34 -6.68 1701   17.56   632.8  530587.  -4.47  -4.57 -17.86  -1.18   -9.23  1.43  5.03  2.15   0.57  682.5    834724.  17.22  638.5 453397.
312  8 35 58 0.60  98.39 252.33 -6.68 1701   15.80   633.7  401292.  -1.52  -5.25 -17.77   1.66  -10.64  0.82  4.61  1.20   0.65  682.2   1040754.  15.15  627.6 380278.
312  8 37 19 0.60  98.39 252.32 -6.68 1701   15.85   620.1  368245.  -1.92  -4.19 -18.77   4.48   -9.46  1.18  2.83  0.71   0.59  673.2    839921.  15.07  626.7 393518.
312  8 38 40 0.60  98.39 252.31 -6.68 1701   15.74   638.1  402663.  -7.60  -5.15 -16.07  -8.38  -11.09  0.79  1.13  1.01  -1.00   -1.0        -1.  15.05  634.1 408383.
312  8 40 01 0.60  98.39 252.29 -6.68 1701   15.58   621.5  350275.  -5.80  -5.11 -18.12  -2.48  -10.71  0.67  1.69  1.31   0.48  685.1    818300.  15.31  627.6 384832.
312  8 41 22 0.60  98.39 252.28 -6.68 1701   16.50   614.6  424872.  -5.86  -2.73 -19.25  -3.21   -7.96  1.29  1.96  2.53  -1.00   -1.0        -1.  16.02  615.6 358110.
312  8 42 43 0.60  98.39 252.27 -6.68 1701   16.03   633.4  475331.  -4.04  -5.47 -16.95   0.95  -12.92  0.66  1.97  0.70   0.46  689.2    821003.  15.67  635.0 424642.
312  8 44 04 0.60  98.39 252.26 -6.68 1701   16.50   631.6  419139.  -7.25  -3.48 -16.86  -8.92   -9.57  1.10  1.31  1.07  -1.00   -1.0        -1.  16.03  628.2 386589.
312  8 45 25 0.60  98.39 252.25 -6.68 1701   16.81   635.0  482646.  -6.73  -5.02 -17.12  -2.49  -12.63  0.58  2.33  1.08   0.52  680.3    759048.  16.06  634.8 472550.
312  8 46 46 0.60  98.39 252.24 -6.68 1701   15.57   623.6  435297.  -2.17   0.39 -17.32   4.17  -12.18  0.37  1.16  1.01  -1.00   -1.0        -1.  14.99  626.3 379228.
312  8 48 07 0.60  98.39 252.22 -6.68 1701   15.47   643.3  491086.  -1.02  -5.77 -13.82   9.79  -11.19  1.56  2.00  1.14  -1.00   -1.0        -1.  15.70  639.8 450509.
312  8 49 28 0.60  98.39 252.21 -6.68 1701   18.68   639.0  658326.  -0.23  -3.04 -17.95   4.81   -7.16  1.51  2.62  0.71  -1.00   -1.0        -1.  17.30  635.1 575721.
312  8 50 49 0.60  98.40 252.20 -6.68 1701   18.24   637.0  584005.  -3.99  -4.91 -17.61  -0.83  -10.94  0.24  1.39  0.38  -1.00   -1.0        -1.  18.42  638.0 683219.
312  8 52 10 0.60  98.40 252.19 -6.68 1701   16.04   633.3  660373.  -0.82  -2.93 -19.15   3.25   -7.13  0.83  1.76  1.84  -1.00   -1.0        -1.  14.72  633.8 558189.
312  8 53 31 0.60  98.40 252.18 -6.68 1701   18.38   627.3  609437.  -2.08  -0.53 -20.77   2.02   -1.53  0.31  1.92  0.70  -1.00   -1.0        -1.  15.83  621.7 536691.
312  8 54 52 0.60  98.40 252.17 -6.68 1701   17.86   631.5  647908.  -6.21  -0.19 -19.11  -6.29   -2.64  1.12  1.93  2.87  -1.00   -1.0        -1.  16.45  632.3 584222.
312  8 56 13 0.60  98.40 252.15 -6.68 1701   17.94   624.8  626813.  -3.77  -0.46 -20.78   1.62   -0.62  0.32  1.83  0.93  -1.00   -1.0        -1.  16.91  619.7 588962.
312  8 57 34 0.60  98.40 252.14 -6.68 1701   18.28   627.2  716448.  -2.73  -1.88 -19.64   3.83   -4.41  0.19  0.88  1.07   5.34  525.6    402614.  17.26  626.9 620628.
312  8 58 55 0.60  98.40 252.13 -6.68 1701   16.60   630.7  599383.  -3.02  -4.51 -16.00   7.78   -7.75  2.43  5.20  0.85  -1.00   -1.0        -1.  15.51  627.4 541814.
312  9 00 16 0.60  98.40 252.12 -6.68 1701   17.50   661.4  531188.   0.08  -5.27 -13.23   9.52  -12.43  1.10  1.49  0.62  -1.00   -1.0        -1.  18.26  656.0 560190.
312  9 01 37 0.60  98.40 252.11 -6.68 1701   17.42   651.9  507019.  -1.59  -6.87 -14.13   3.73  -13.64  1.22  2.43  0.96   0.63  689.3    823289.  17.10  652.5 568766.
312  9 02 58 0.60  98.40 252.10 -6.68 1701   16.23   666.8  489192.  -1.98  -2.78 -11.43   3.52  -16.13  2.30  1.04  1.98  -1.00   -1.0        -1.  15.60  669.6 474119.
312  9 04 19 0.60  98.40 252.08 -6.68 1701   16.89   639.1  539290.  -4.05  -6.12 -16.95   2.00  -10.99  0.50  1.38  1.18  -1.00   -1.0        -1.  16.49  635.5 529486.
312  9 05 40 0.60  98.40 252.07 -6.68 1701   16.91   660.5  554265.  -4.70  -2.45 -12.48   0.69  -14.98  1.37  1.28  1.44  -1.00   -1.0        -1.  17.10  659.4 585866.
312  9 07 01 0.60  98.41 252.06 -6.68 1701   16.73   644.2  526351.  -4.77  -0.66 -12.20   3.29  -11.19  2.35  6.64  4.45  -1.00   -1.0        -1.  16.71  649.9 563465.
312  9 08 22 0.60  98.41 252.05 -6.68 1701   16.55   677.3  451822.   0.16   2.60  -6.99   8.07   14.69  1.33  4.85  3.47  -1.00   -1.0        -1.  15.59  673.5 433838.
312  9 09 43 0.60  98.41 252.04 -6.68 1701   18.34   673.7  614193.  -2.05  -4.04 -10.03   4.62  -11.69  2.28  3.48  4.73  -1.00   -1.0        -1.  17.91  671.4 551874.
312  9 11 04 0.60  98.41 252.03 -6.68 1701   17.37   644.5  638332.  -4.95  -2.14 -10.67  -0.41  -14.00  1.41  0.96  2.43  -1.00   -1.0        -1.  16.09  648.6 557104.
312  9 12 25 0.60  98.41 252.01 -6.68 1701   15.70   646.3  574006.  -5.30  -1.64 -13.30  -2.65  -12.82  2.63  0.82  1.83  -1.00   -1.0        -1.  15.64  644.8 482299.
312  9 13 46 0.60  98.41 252.00 -6.68 1701   17.25   634.7  690778.  -5.24  -6.17 -15.26  -1.00  -10.62  1.12  1.81  1.90  -1.00   -1.0        -1.  16.53  635.0 612013.
312  9 15 07 0.60  98.41 251.99 -6.68 1701   18.33   626.6  635762.  -6.51   0.00 -18.80  -3.91    0.92  0.31  0.75  0.89  -1.00   -1.0        -1.  18.32  632.5 771753.
312  9 16 28 0.60  98.41 251.98 -6.68 1701   13.90   667.9  453641.  -4.69  -7.96 -14.29  -0.67  -11.18  2.98  1.34  3.72  -1.00   -1.0        -1.  13.24  662.0 466271.
312  9 17 49 0.60  98.41 251.97 -6.68 1701   15.41   688.7  428329.  -0.19  -2.85 -10.65   3.00  -14.98  3.52  4.23  1.27  -1.00   -1.0        -1.  13.69  688.8 408734.
312  9 19 10 0.60  98.41 251.96 -6.68 1701   18.91   667.5  506344.  -4.20  -2.18 -11.84  -2.25  -14.04  0.81  5.57  4.13  -1.00   -1.0        -1.  17.13  668.4 429628.
312  9 20 31 0.60  98.41 251.94 -6.68 1701   14.90   663.2  416374.   0.00  -4.31 -10.86   4.26  -12.81  2.41  7.62  2.12  -1.00   -1.0        -1.  14.93  661.9 532487.
312  9 21 52 0.60  98.41 251.93 -6.68 1701   23.47   657.8  598756.  -7.71   0.98 -12.84  -2.01   -7.37  5.85  7.46  5.33  -1.00   -1.0        -1.  23.75  654.7 571261.
312  9 23 13 0.60  98.42 251.92 -6.68 1701   16.50   669.0  368713.  -6.06  -8.61  -2.22  -3.88  -17.23  8.80  4.53  1.42  -1.00   -1.0        -1.  15.04  670.0 311176.
312  9 24 34 0.60  98.42 251.91 -6.68 1701   17.34   772.9  415959.  -0.40  -5.51  14.52  12.65   -8.90  0.39  1.54  1.42  -1.00   -1.0        -1.  16.82  771.5 494545.
312  9 25 55 0.60  98.42 251.90 -6.68 1701   18.33   783.2  473495.   0.11  -5.00  17.32  11.30   -5.42  1.12  1.36  0.62  -1.00   -1.0        -1.  16.13  783.2 419129.
312  9 27 16 0.60  98.42 251.89 -6.68 1701   18.91   800.9  534307.  -1.88  -1.43  16.56   6.07    7.09  3.30  3.35  4.59  -1.00   -1.0        -1.  17.16  796.6 536801.
312  9 28 37 0.60  98.42 251.88 -6.68 1701   17.26   723.0  445844.   0.00   0.00   0.18   4.41  -17.39  2.40  4.00  4.68  -1.00   -1.0        -1.  16.98  721.5 386749.
312  9 29 58 0.60  98.42 251.86 -6.68 1701   19.76   744.2  557747.  -3.52   0.00   6.58   4.46   -7.79  2.26  8.25  8.68  -1.00   -1.0        -1.  19.86  746.0 670742.
312  9 31 19 0.60  98.42 251.85 -6.68 1701   18.59   767.9  532123.   1.94  -0.04  10.43  13.78    7.06  1.82  1.64  0.91  -1.00   -1.0        -1.  17.15  756.0 531344.
312  9 32 40 0.60  98.42 251.84 -6.68 1701   18.47   766.9  473028.   2.95  -1.95  11.67  17.45    2.52  0.83  0.53  0.61  -1.00   -1.0        -1.  17.81  769.6 503745.
312  9 34 01 0.60  98.42 251.83 -6.68 1701   18.59   769.7  495845.   3.10  -3.16  10.79  17.90    0.23  1.67  0.88  1.63  -1.00   -1.0        -1.  18.38  760.1 483579.
312  9 35 22 0.60  98.42 251.82 -6.68 1701   21.56   747.0  466894.   3.61  -4.55   7.23  18.65   -3.57  1.05  0.80  4.63  -1.00   -1.0        -1.  20.12  741.0 410657.
312  9 36 43 0.60  98.42 251.81 -6.68 1701   21.28   731.7  436645.   4.24  -1.33   5.54  19.85    1.51  2.16  0.85  1.69  -1.00   -1.0        -1.  19.83  733.4 505356.
312  9 38 04 0.60  98.42 251.80 -6.68 1701   17.30   741.3  422611.   3.47  -1.97   5.44  22.28    2.81  1.94  0.40  0.92  -1.00   -1.0        -1.  15.39  737.3 367725.
312  9 39 25 0.60  98.43 251.78 -6.68 1701   16.69   744.2  372923.   3.71  -1.65   6.30  21.19    3.97  0.63  0.36  0.47  -1.00   -1.0        -1.  15.89  742.4 412060.
312  9 40 46 0.60  98.43 251.77 -6.68 1701   16.79   739.5  402809.   3.84  -2.23   4.55  22.86    1.69  1.84  0.35  1.67  -1.00   -1.0        -1.  15.20  737.2 364659.
312  9 42 07 0.60  98.43 251.76 -6.68 1701   16.28   744.2  386281.   4.95  -1.93   6.76  21.94    5.11  1.29  0.43  1.13  -1.00   -1.0        -1.  16.43  740.1 470845.
312  9 43 28 0.60  98.43 251.75 -6.68 1701   17.62   751.7  425938.   4.48  -1.92   6.32  21.49    6.72  0.69  0.61  1.24  -1.00   -1.0        -1.  15.34  747.2 365439.
312  9 44 49 0.60  98.43 251.74 -6.68 1701   16.19   738.1  348287.   4.83  -1.38   3.61  21.98    6.94  1.28  0.53  1.82  -1.00   -1.0        -1.  15.48  736.4 419025.
312  9 46 10 0.60  98.43 251.73 -6.68 1701   16.39   743.8  418557.   4.00  -0.45   5.45  19.68   10.88  1.44  1.67  1.79  -1.00   -1.0        -1.  15.54  739.6 362840.
312  9 47 31 0.60  98.43 251.72 -6.68 1701   15.18   741.3  313255.   3.57   0.47   3.91  19.59   11.69  2.14  0.63  1.07  -1.00   -1.0        -1.  14.49  734.5 323806.
312  9 48 52 0.60  98.43 251.70 -6.68 1701   17.76   717.7  353328.   2.52   0.03  -1.92  15.88   13.81  2.56  1.54  0.94  -1.00   -1.0        -1.  18.19  714.3 447248.
312  9 50 13 0.60  98.43 251.69 -6.68 1701   20.50   710.5  432903.   2.37   0.29  -3.96  12.66   14.48  1.69  3.12  1.17  -1.00   -1.0        -1.  19.55  704.5 428952.
312  9 51 34 0.60  98.43 251.68 -6.68 1701   22.50   722.1  569702.   0.00  -3.73  -3.12  -8.49    5.56  4.52 10.07  2.63  -1.00   -1.0        -1.  22.35  714.3 636490.
312  9 52 55 0.60  98.43 251.67 -6.68 1701   22.95   715.8  765389.  -5.49  -3.61  -3.88 -14.56   -2.18  4.32  3.28  2.80  -1.00   -1.0        -1.  23.21  715.8 834932.
312  9 54 16 0.60  98.43 251.66 -6.68 1701   19.01   685.5  411385.  -8.81  -1.36  -9.51 -19.39    2.01  0.24  0.21  0.70   0.47  708.8    890857.  18.26  683.1 435553.
312  9 55 37 0.60  98.43 251.65 -6.68 1701   20.54   683.2  328068.  -8.83  -2.54  -9.62 -19.37   -1.91  0.20  0.38  0.64   0.46  690.2    799589.  19.89  685.8 367414.
312  9 56 58 0.60  98.44 251.63 -6.68 1701   19.32   689.8  402289.  -8.35  -2.49  -9.99 -19.25    1.48  0.28  0.24  0.54   0.44  708.2    683580.  18.73  688.2 419701.
312  9 58 19 0.60  98.44 251.62 -6.68 1701   18.62   690.4  357798.  -7.57  -2.06 -10.50 -19.37    1.37  0.27  0.22  0.14   0.58  703.3   1147407.  17.94  692.4 377341.
312  9 59 40 0.60  98.44 251.61 -6.68 1701   20.22   692.5  360917.  -6.85  -1.19  -9.80 -19.95    2.03  0.17  0.20  0.20   0.45  708.6    923706.  18.85  694.4 319492.
312 10 01 01 0.60  98.44 251.60 -6.68 1701   20.30   687.9  327445.  -6.66  -1.40  -9.45 -20.08    1.78  0.24  0.20  0.19   0.50  689.1    827863.  20.11  689.3 371676.
312 10 02 22 0.60  98.44 251.59 -6.68 1701   22.42   687.8  367310.  -6.76  -1.80  -9.20 -19.94    1.72  0.16  0.21  0.18   0.52  701.0    724952.  20.53  690.1 310812.
312 10 03 43 0.60  98.44 251.58 -6.68 1701   22.38   687.4  308058.  -6.90  -1.93  -9.64 -19.98    1.87  0.21  0.16  0.35   0.51  690.5    840961.  21.57  684.5 312060.
312 10 05 04 0.60  98.44 251.57 -6.68 1701   24.78   688.2  317102.  -6.25  -2.30  -9.50 -19.72    2.02  0.28  0.42  0.70   0.71  686.5   1104372.  22.85  689.3 306914.
312 10 06 25 0.60  98.44 251.55 -6.68 1701   22.42   690.2  266166.  -6.49  -2.32 -10.05 -20.63    3.50  0.29  0.60  0.34   0.66  706.6   1076513.  21.52  688.6 266841.
312 10 07 46 0.60  98.44 251.54 -6.68 1701   23.76   687.9  265022.  -5.79  -2.33 -10.58 -20.27    4.26  0.22  0.23  0.25   0.69  703.3    646781.  21.84  693.4 261020.
312 10 09 07 0.60  98.44 251.53 -6.68 1701   22.30   691.4  261072.  -6.04  -2.58 -10.38 -20.14    4.74  0.58  0.51  0.68   0.59  693.3    734100.  21.23  688.4 257694.
312 10 10 28 0.60  98.44 251.52 -6.68 1701   25.52   682.9  283837.  -6.17  -2.53 -10.69 -18.93    4.80  0.27  0.40  0.84   0.70  701.7    607072.  22.97  689.3 289087.
312 10 11 49 0.60  98.44 251.51 -6.68 1701   24.22   690.9  273182.  -5.42  -3.02 -10.72 -19.13    6.28  0.16  0.21  0.18   0.72  692.3    710191.  21.97  689.7 251145.
312 10 13 10 0.60  98.45 251.50 -6.69 1701   23.35   688.8  219336.  -5.32  -2.97 -11.04 -19.50    4.82  0.22  0.14  0.38   0.83  692.2   1001877.  22.42  690.6 279367.
312 10 14 31 0.60  98.45 251.49 -6.69 1701   23.05   689.3  267257.  -5.57  -3.05 -10.55 -19.99    4.43  0.22  0.20  0.40   0.63  694.5    687114.  21.67  688.7 241321.
312 10 15 52 0.60  98.45 251.47 -6.69 1701   22.47   688.9  216165.  -5.14  -3.56 -11.08 -19.54    6.28  0.65  0.41  0.47   0.77  692.8    948446.  21.11  689.9 265958.
312 10 17 13 0.60  98.45 251.46 -6.69 1701   19.71   687.9  277029.  -5.90  -2.76 -11.68 -19.80    6.44  0.53  0.63  0.46   0.45  699.9    945951.  18.32  683.6 279160.
312 10 18 34 0.60  98.45 251.45 -6.69 1701   30.68   684.1  141997.  -3.85  -2.47  -9.98 -22.02    4.62  0.18  0.19  0.26   0.90  685.0    492102.  24.71  682.2 157693.
312 10 19 55 0.60  98.45 251.44 -6.69 1701   26.07   675.4  149949.  -5.24  -1.74 -10.74 -21.82    5.61  0.33  0.17  0.32   0.57  674.3    924537.  25.84  680.3 137267.
312 10 21 16 0.60  98.45 251.43 -6.69 1701   27.57   681.4  137631.  -4.25  -1.68 -10.33 -21.88    5.96  0.41  0.20  0.17   0.61  684.2    647197.  24.57  679.2 144180.
312 10 22 37 0.60  98.45 251.42 -6.69 1701   25.78   672.4  142568.  -5.01  -1.41 -10.24 -22.20    6.02  0.47  0.18  0.26   0.82  665.4    764037.  26.72  678.3 130926.
312 10 23 58 0.60  98.45 251.40 -6.69 1701   27.27   670.6  105406.  -3.91  -1.66 -11.34 -21.82    6.01  0.21  0.19  0.20   0.67  674.0    552810.  26.10  668.0 124169.
312 10 25 19 0.60  98.45 251.39 -6.69 1701   19.15   663.1  113410.  -4.68  -1.90 -12.43 -22.58    6.71  0.30  0.61  0.32   0.54  666.2    368193.  19.75  672.5  88202.
312 10 26 40 0.60  98.45 251.38 -6.69 1701   21.23   665.8  103899.  -3.19  -1.80 -12.62 -22.61    6.57  0.32  0.46  0.17   0.47  665.7    516011.  23.72  662.1 101716.
312 10 28 01 0.60  98.45 251.37 -6.69 1701   19.66   659.5  119075.  -5.01  -1.58 -12.04 -22.56    6.87  0.41  0.25  0.19   0.53  660.0    396468.  19.35  664.5 128223.
312 10 29 22 0.60  98.46 251.36 -6.69 1701   17.75   658.2  122870.  -3.33  -1.57 -13.53 -22.32    7.05  0.55  0.40  0.17   0.56  653.0    529525.  21.25  657.5  75052.
312 10 30 43 0.60  98.46 251.35 -6.69 1701   19.32   653.5   72869.  -4.11  -1.65 -13.86 -22.98    6.87  0.16  0.20  0.16   0.47  662.6    304575.  18.76  656.2  81757.
312 10 32 04 0.60  98.46 251.34 -6.69 1701   14.35   656.1   88358.  -3.10  -1.54 -13.04 -23.49    6.82  0.16  0.13  0.16   0.58  652.1    491063.  21.40  657.5  66217.
312 10 33 25 0.60  98.46 251.33 -6.69 1701   19.93   655.8   69647.  -4.15  -2.55  -3.73 -22.87   -2.94  7.22  0.47  6.86   0.70  667.2    361125.  16.63  661.0  85032.
312 10 34 46 0.60  98.46 251.31 -6.69 1701   37.31   678.5  112319.  -5.15  -3.51  -6.42 -23.41   -0.84  2.37  0.19  1.87   1.92  681.1    388983.  31.46  676.0 114034.
312 10 36 07 0.60  98.46 251.30 -6.69 1701   35.72   676.8  102859.  -6.23  -3.45  -7.13 -22.91    0.54  0.82  0.41  0.40   2.33  675.7    541999.  31.44  680.6 114658.
312 10 37 28 0.60  98.46 251.29 -6.69 1701   36.26   676.7  114554.  -6.40  -3.50  -8.04 -22.51    1.07  0.30  0.13  0.26   1.71  679.2    480252.  31.35  674.7 118504.
312 10 38 49 0.60  98.46 251.28 -6.69 1701   39.29   679.4  104418.  -6.77  -3.99  -2.22 -22.23   -2.59  1.60  0.21  1.27   3.41  671.5    528485.  35.42  686.0 120271.
312 10 40 10 0.60  98.46 251.27 -6.69 1701   39.37   676.3   86487.  -5.00  -3.64  -5.50 -22.82   -0.35  1.13  0.37  1.00   1.91  677.1    400834.  32.17  678.3  93192.
312 10 41 31 0.60  98.46 251.26 -6.69 1701   38.55   682.6  108161.  -5.76  -4.33  -1.77 -22.48   -3.37  0.68  0.21  0.55   3.15  676.6    525575.  34.23  687.3 134668.
312 10 42 52 0.60  98.46 251.24 -6.69 1701   39.99   680.6  129990.  -4.59  -3.43  -5.48 -21.13   -0.75  1.35  0.29  1.05   2.64  682.6    426821.  35.42  678.1 136539.
312 10 44 13 0.60  98.46 251.23 -6.69 1701   35.76   674.0  127443.  -5.42  -3.81  -2.90 -21.42   -3.81  1.27  0.27  0.70   2.68  673.3    601043.  32.07  679.3 126768.
312 10 45 34 0.60  98.47 251.22 -6.69 1701   43.30   696.2   98285.  -6.06  -4.40   0.58 -21.56   -2.52  0.56  0.24  0.36   2.35  686.4    450730.  34.55  700.8 136019.
312 10 46 55 0.60  98.47 251.21 -6.69 1701   39.54   703.4  128171.  -6.66  -4.57   4.66 -20.77   -2.79  0.63  0.28  0.65   2.35  687.2    411853.  32.17  703.9 106186.
312 10 48 16 0.60  98.47 251.20 -6.69 1701   38.94   701.0  107017.  -6.57  -4.51   4.21 -21.43   -1.06  0.56  0.20  0.95   1.73  686.8    423495.  31.06  706.5 153223.
312 10 49 37 0.60  98.47 251.19 -6.69 1701   30.39   694.1  140853.  -6.54  -3.95   7.02 -20.20   -4.91  1.48  0.90  0.68   2.14  681.3    382539.  29.60  695.2 122194.
312 10 50 58 0.60  98.47 251.18 -6.69 1701   30.78   704.4  116996.  -7.09  -4.08   5.18 -20.90   -2.91  0.91  0.22  0.50   1.71  699.7    424742.  26.61  713.1 148130.
312 10 52 19 0.60  98.47 251.16 -6.69 1701   34.13   696.3  142049.  -6.84  -3.36   5.82 -19.80   -1.42  3.46  1.57  1.53   2.21  686.3    391686.  30.65  696.7 130978.
312 10 53 40 0.60  98.47 251.15 -6.69 1701   31.54   704.4  105146.  -6.63  -3.81   5.38 -20.40   -3.06  0.66  0.21  0.70   2.12  692.9    590648.  25.65  711.7 137371.
312 10 55 01 0.60  98.47 251.14 -6.69 1701   34.95   708.5  119023.  -6.11  -3.61   3.46 -20.52   -1.79  0.43  0.17  0.39   2.08  698.2    276509.  28.90  706.4 106757.
312 10 56 22 0.60  98.47 251.13 -6.69 1701   37.25   699.1  100105.  -5.28  -3.39  -1.42 -20.17    0.65  1.59  0.17  0.89   2.54  689.5    425990.  30.87  703.4 134668.
312 10 57 43 0.60  98.47 251.12 -6.69 1701   35.44   703.1  131602.  -5.72  -3.54   1.07 -20.33   -1.10  1.38  0.22  0.70   1.77  691.7    475470.  28.22  702.2 135448.
312 10 59 04 0.60  98.47 251.11 -6.69 1701   28.05   701.9  108888.  -7.05  -3.50   1.39 -21.05   -1.42  0.39  0.12  0.18   1.55  692.4    611646.  24.64  709.5 142360.
312 11 00 25 0.60  98.47 251.10 -6.69 1701   25.17   702.6  148078.  -7.00  -3.25   1.48 -21.01   -1.22  0.12  0.11  0.28   1.43  689.9    397507.  23.55  700.8 134252.
312 11 01 46 0.60  98.47 251.08 -6.69 1701   21.41   702.1  110084.  -7.62  -2.95   2.56 -22.01    0.08  0.24  0.35  0.45   1.10  691.0    725160.  19.21  708.8 141321.
312 11 03 07 0.60  98.48 251.07 -6.69 1701   18.03   702.2  142568.  -7.61  -2.60   1.92 -22.27    1.60  0.41  0.18  0.21   1.06  687.5    481915.  17.97  702.6 102287.
312 11 04 28 0.60  98.48 251.06 -6.69 1701   25.06   696.0  132641.  -6.56  -2.32   0.19 -19.98    1.37  1.01  0.46  0.44   2.02  690.2    558839.  23.33  702.4 145531.
312 11 05 49 0.60  98.48 251.05 -6.69 1701   17.40   697.3  150053.  -7.35  -1.80   3.32 -21.47    1.27  0.29  0.21  0.24   1.22  682.9    424742.  19.69  696.5 116893.
312 11 07 10 0.60  98.48 251.04 -6.69 1701   26.45   684.4  119751.  -5.95  -2.43  -2.11 -20.11    1.51  1.07  0.42  0.44   1.57  677.4    456136.  27.05  682.8 100260.
312 11 08 31 0.60  98.48 251.03 -6.69 1701   28.88   689.4  106497.  -5.04  -2.44  -1.32 -19.06   -1.47  0.63  0.18  0.61   1.72  673.1    649068.  30.61  688.7 113254.
312 11 09 52 0.60  98.48 251.01 -6.69 1701   22.59   688.9  133629.  -7.31  -1.19  -1.67 -19.91    1.25  0.64  0.13  0.55   1.10  683.6    574847.  21.39  692.5 149949.
312 11 11 13 0.60  98.48 251.00 -6.69 1701   21.43   692.6  146882.  -7.56  -1.92  -0.36 -19.75    2.22  0.17  0.20  0.47   1.47  686.0    406239.  24.94  691.6 130614.
312 11 12 34 0.60  98.48 250.99 -6.69 1701   23.03   689.5  121622.  -7.61  -1.52  -0.17 -20.31    2.56  0.21  0.16  0.21   1.03  683.0    629525.  20.09  689.2 115541.
312 11 13 55 0.60  98.48 250.98 -6.69 1701   18.85   692.4  150936.  -7.89  -1.48   1.12 -20.34    3.75  0.75  0.14  0.27   1.09  682.9    438672.  22.76  693.2 123597.
312 11 15 16 0.60  98.48 250.97 -6.69 1701   19.50   689.4  124637.  -8.06  -1.26   1.47 -20.39    3.96  0.47  0.11  0.33   0.97  680.2    645949.  19.58  687.9 104522.
312 11 16 37 0.60  98.48 250.96 -6.69 1701   15.23   695.8  158473.  -8.16  -1.05   3.54 -20.36    4.33  0.19  0.19  0.19   1.24  677.1    387944.  17.63  696.0 118036.
312 11 17 58 0.60  98.48 250.94 -6.69 1701   15.55   696.4  105978.  -8.50  -0.88   3.29 -20.72    4.53  0.16  0.09  0.22   0.86  676.6    612270.  15.94  697.1 154263.
312 11 19 19 0.60  98.49 250.93 -6.69 1701   15.25   700.7  149533.  -8.37  -1.39   2.83 -20.82    3.63  0.95  0.13  0.13   1.00  680.7    433682.  16.63  699.7 117256.
312 11 20 40 0.60  98.49 250.92 -6.69 1701   17.38   689.0  124169.  -8.15  -0.71   1.51 -20.22    4.00  0.20  0.20  0.15   1.01  676.1    595014.  18.47  686.7 104886.
312 11 22 01 0.60  98.49 250.91 -6.69 1701   15.75   684.3  142984.  -8.45  -0.38   1.52 -20.67    3.52  1.27  0.13  0.84   1.25  675.5    383994.  18.08  689.7 119959.
312 11 23 22 0.60  98.49 250.90 -6.69 1701   16.90   688.5  115853.  -8.13  -0.08   3.85 -20.94    1.99  0.24  0.13  0.19   0.88  666.2    483371.  17.85  684.5  98129.
312 11 24 43 0.60  98.49 250.89 -6.69 1701   17.63   679.8  103795.  -7.96   0.09   2.26 -21.10    2.83  0.24  0.18  0.16   0.99  675.5    415179.  17.83  687.7 113930.
312 11 26 04 0.60  98.49 250.87 -6.69 1701   20.46   687.5  129730.  -8.33  -0.28  -5.05 -18.26    5.74  0.86  0.51  0.41   1.09  682.9    460086.  18.45  693.4 117204.
312 11 27 25 0.60  98.49 250.86 -6.69 1701   19.99   682.7  116269.  -7.64  -0.58  -4.06 -18.25    5.95  0.54  0.21  0.95   1.24  680.8    331187.  24.78  687.4 121622.
312 11 28 46 0.60  98.49 250.85 -6.69 1701   20.72   684.5  126404.  -8.46  -0.34  -4.84 -18.84    4.38  0.12  0.14  0.30   0.99  682.7    429108.  19.48  685.6 109876.
312 11 30 07 0.60  98.49 250.84 -6.69 1701   21.11   682.6  174845.  -7.96  -0.59  -3.32 -18.16    6.57  0.27  0.15  0.27   1.31  679.5    357798.  24.09  688.4 122714.
312 11 31 28 0.60  98.49 250.83 -6.69 1701   23.54   677.4  140541.  -7.92  -0.12  -1.47 -18.91    4.57  0.97  0.64  0.58   1.18  681.0    638881.  21.38  675.5 136851.
312 11 32 49 0.60  98.49 250.82 -6.69 1701   20.82   675.6  107953.  -7.87   0.06   0.80 -19.95    0.46  0.71  0.11  1.31   1.27  661.3    630981.  21.38  682.2 130874.
312 11 34 10 0.60  98.50 250.80 -6.69 1701   22.80   678.9  118192.  -8.18   0.34   1.71 -20.09    2.18  0.48  0.23  0.78   1.21  660.4    383162.  21.70  678.4  94127.
312 11 35 31 0.60  98.50 250.79 -6.69 1701   26.07   668.6   92308.  -7.67   0.85   2.88 -20.39    0.22  1.45  0.28  0.42   1.30  651.1    404368.  20.87  673.3 132329.
312 11 36 52 0.60  98.50 250.78 -6.69 1701   15.66   673.5  134356.  -6.96   0.66   3.44 -21.54    0.69  0.25  0.33  0.59   1.14  656.8    375262.  15.28  673.2 116425.
312 11 38 13 0.60  98.50 250.77 -6.69 1701   16.77   675.7  109824.  -9.16   0.68   4.41 -21.81   -1.68  0.23  0.43  0.93   0.91  650.9    755721.  14.67  682.9 144387.
312 11 39 34 0.60  98.50 250.76 -6.69 1701   17.61   678.5  138358.  -8.71   0.56   4.29 -21.56   -2.06  0.20  0.20  0.50   0.96  659.0    465491.  15.64  677.0 139294.
312 11 40 55 0.60  98.50 250.75 -6.69 1701   21.18   677.5  113202.  -9.16   0.44   5.11 -20.52   -1.60  1.65  0.43  2.38   1.32  654.4    805202.  18.74  684.0 146778.
312 11 42 16 0.60  98.50 250.73 -6.69 1701   18.81   682.4  139658.  -9.63   0.26   5.76 -21.09   -3.02  0.50  0.39  0.54   0.94  665.5    394597.  15.74  684.8 117100.
312 11 43 37 0.60  98.50 250.72 -6.69 1701   21.78   678.8  108836.  -8.50   0.60   5.20 -21.00   -1.95  0.86  0.32  0.61   1.26  656.4    860504.  18.78  685.3 151092.
312 11 44 58 0.60  98.50 250.71 -6.69 1701   24.02   680.2  135967.  -7.85   1.03   5.04 -20.80   -1.02  0.16  0.28  0.27   1.18  661.7    454472.  20.27  678.7 125313.
312 11 46 19 0.60  98.50 250.70 -6.69 1701   23.53   673.4  140645.  -6.91   1.41   3.94 -20.73    0.49  0.81  0.10  0.90   1.44  658.4    696885.  20.43  680.4 152548.
312 11 47 40 0.60  98.50 250.69 -6.69 1701   26.11   664.2  183889.  -4.40   1.76  -3.13 -18.73    4.53  0.50  0.20  1.15   1.72  660.3    538880.  23.07  665.0 153951.
312 11 49 01 0.60  98.50 250.68 -6.69 1701   23.61   659.2  166061.  -3.63   2.02   0.70 -19.21    2.48  0.87  0.59  0.40   1.61  655.0    678798.  22.98  659.0 197766.
312 11 50 22 0.60  98.50 250.67 -6.69 1701   30.05   661.8  194284.  -4.77   0.75   3.93 -16.32   -2.95  6.24  2.02  2.74   1.12  699.4    594598.  24.84  661.5 163254.
312 11 51 43 0.60  98.51 250.65 -6.69 1701   24.30   673.2  225157.  -5.03   0.65   7.46 -16.57   -6.37  1.03  1.20  1.34   2.02  654.5    777967.  22.84  673.5 221467.
312 11 53 04 0.60  98.51 250.64 -6.69 1701   31.00   664.1  208317.  -4.88   1.42  11.19  -7.35  -12.97  0.81  2.01  1.67   1.84  655.5    523288.  29.67  664.5 182174.
312 11 54 25 0.60  98.51 250.63 -6.69 1701   18.33   662.9  142880.  -3.73   1.15  13.54   0.74  -17.25  0.48  0.32  0.28   1.32  659.5    609359.  17.60  666.1 178016.
312 11 55 46 0.60  98.51 250.62 -6.69 1701   24.22   661.8  190698.  -1.72   0.57  10.09   7.19  -15.64  0.49  1.05  0.64   1.38  657.4    512061.  22.63  662.2 166893.
312 11 57 07 0.60  98.51 250.61 -6.69 1701   30.93   669.4  184876.  -0.69   0.46   5.96   8.91  -10.58  0.83  2.90  1.74   2.29  662.4    762582.  30.38  667.6 220583.
312 11 58 28 0.60  98.51 250.60 -6.69 1701   38.98   661.3  220687.  -4.54   2.02   5.74  -1.45   -9.80  1.22  5.48  1.57   2.55  659.1    531604.  35.97  663.4 182070.
312 11 59 49 0.60  98.51 250.58 -6.69 1701   28.47   662.8  152600.  -4.29   1.21   6.57  -7.31  -15.71  0.25  3.22  1.72   1.90  660.9    654473.  26.00  664.0 199637.
312 12 01 10 0.60  98.51 250.57 -6.69 1701   24.15   669.4  141581.  -2.70   1.08   7.25  -6.15  -19.37  0.25  0.54  0.24   1.90  660.5    437009.  22.91  665.1 139398.
312 12 02 31 0.60  98.51 250.56 -6.69 1701   30.22   664.6  173806.   0.00   0.00   5.82  -3.06  -19.75  0.71  2.34  0.63   2.33  664.8    617883.  27.33  663.8 212319.
312 12 03 52 0.60  98.51 250.55 -6.69 1701   25.66   676.3  153691.  -2.71  -0.24   4.92 -13.36  -16.41  0.55  4.23  3.02   2.02  667.6    553849.  24.12  672.4 149897.
312 12 05 13 0.60  98.51 250.54 -6.69 1701   27.98   666.3  184512.  -1.88  -0.08   6.42   0.47  -20.32  0.57  2.90  0.66   2.17  662.3    718923.  25.84  669.1 222195.
312 12 06 34 0.60  98.51 250.53 -6.69 1701   22.78   658.3  177184.  -2.56   0.92   5.88  16.57  -14.79  1.01  2.63  1.12   2.03  650.0    818923.  21.40  659.6 147246.
312 12 07 55 0.60  98.52 250.52 -6.69 1701   23.11   665.3  142672.  -0.82   0.37   3.70  18.71  -12.52  0.59  4.26  3.04   1.64  661.5    607696.  20.76  663.6 174585.
312 12 09 14 0.60  98.52 250.50 -6.69 1701   19.09   674.5   83420.   0.00   0.00   4.55  21.90  -12.09  0.19  0.61  0.95   1.72  669.7    340750.  17.04  670.8  89813.
312 12 10 35 0.60  98.52 250.49 -6.69 1701   -1.00    -1.0      -1.  -1.00  -1.00   4.25  19.70  -14.23  0.94  0.54  0.89  -1.00   -1.0        -1.  -1.00   -1.0     -1.
312 12 11 56 0.60  98.52 250.48 -6.69 1701   -1.00    -1.0      -1.  -1.00  -1.00   2.32  17.84  -15.63  0.35  0.71  0.88  -1.00   -1.0        -1.  -1.00   -1.0     -1.
312 12 13 17 0.60  98.52 250.47 -6.69 1701   -1.00    -1.0      -1.  -1.00  -1.00   2.02  19.07  -15.13  0.38  0.23  0.28  -1.00   -1.0        -1.  -1.00   -1.0     -1.
312 12 13 18 0.60  98.52 250.47 -6.69 1701   15.77   673.6   88826.  -3.25   0.48   0.00   0.00    0.00  0.00  0.00  0.00   1.05  666.1    372351.  16.07  674.1  88878.
312 12 13 19 0.60  98.52 250.47 -6.69 1701   18.04   672.3   95531.  -3.76   0.58   0.00   0.00    0.00  0.00  0.00  0.00   1.70  663.4    588569.  20.28  671.7  99429.
312 12 14 11 0.60  98.52 250.46 -6.69 1701   14.96   672.7   80406.  -2.80   0.39   2.32  19.31  -13.69  0.39  0.42  0.58   1.20  670.0    430148.  14.08  672.2  87111.
312 12 14 40 0.60  98.52 250.46 -6.69 1701   17.75   673.7   84876.  -2.28   0.40   2.55  19.36  -13.80  0.41  0.33  0.35   1.45  671.1    334513.  16.07  674.6  82901.
312 12 16 01 0.60  98.52 250.45 -6.69 1701   16.91   665.4   91113.  -2.20   1.11   1.86  21.46  -10.16  0.32  0.26  0.27   1.43  663.8    355927.  14.42  663.2  90489.
312 12 17 22 0.60  98.52 250.44 -6.69 1701   13.74   670.3   85292.  -2.45   0.00   1.45  21.94   -8.41  0.27  0.19  1.09   1.07  663.4    349898.  13.87  670.8  72038.
312 12 18 43 0.60  98.52 250.42 -6.69 1701   15.02   672.0   89605.  -2.72   0.42   2.11  21.56   -7.46  0.26  0.12  0.42   1.10  667.1    503537.  14.63  670.2  94335.
312 12 20 04 0.60  98.52 250.41 -6.69 1701   12.99   667.8   84720.  -1.40  -0.05  -0.85  16.95  -14.64  0.59  1.01  1.50   1.18  664.2    321623.  12.11  666.4  53119.
312 12 21 25 0.60  98.52 250.40 -6.69 1701   14.26   671.5   78223.  -1.87  -0.49   1.34  18.42  -12.86  0.25  0.31  0.64   1.09  665.7    332850.  14.42  671.8  87007.
312 12 22 46 0.60  98.52 250.39 -6.69 1701   13.63   671.0   74689.  -2.20  -0.14   1.95  20.13  -10.38  0.18  0.17  0.26   0.94  666.6    345740.  12.87  667.6  53015.
312 12 24 07 0.60  98.53 250.38 -6.69 1701   13.78   667.2   71622.  -2.99  -0.01   1.92  20.02   -9.31  0.57  0.27  0.67   1.09  662.4    357382.  13.44  665.0  77287.
312 12 25 28 0.60  98.53 250.37 -6.69 1701   19.05   668.8   91581.  -1.33  -1.33  -2.71  17.10  -11.23  0.31  0.15  0.25   1.57  662.4    535970.  19.45  667.0 100053.
312 12 26 49 0.60  98.53 250.36 -6.69 1701   13.83   667.5   81497.  -3.73  -1.00   2.07  19.61   -7.97  0.65  0.65  0.92   1.06  664.3    350937.  14.18  663.9  87267.
312 12 28 10 0.60  98.16 249.98 -6.80 1701   -1.00    -1.0      -1.  -1.00  -1.00  -0.02  18.96   -7.94  1.02  0.41  0.34  -1.00   -1.0        -1.  -1.00   -1.0     -1.
312 12 29 20 0.60  98.53 250.33 -6.69 1701   25.81   664.4   87578.   0.00   0.00  -1.82  19.52   -6.37  0.34  0.60  1.84   3.76  658.8    228068.  27.51  660.6  77131.
312 12 29 31 0.60  98.53 250.33 -6.69 1701   13.84   667.0  109772.  -2.21  -1.27  -1.74  19.70   -5.42  0.41  0.46  1.77   1.19  667.6    441582.  13.93  670.7  94127.
312 12 30 52 0.60  98.53 250.32 -6.69 1701   20.00   669.8   91736.  -0.73  -0.56  -2.82  18.16   -5.72  0.52  0.22  0.81   1.69  663.7    334513.  21.13  667.3 103535.
312 12 32 13 0.60  98.53 250.31 -6.69 1701   31.60   678.6   84772.  -2.85   0.81  -3.21  10.47  -13.69  0.42  0.56  0.27   3.19  675.4    206654.  27.96  678.8  83368.
312 12 33 34 0.60  98.53 250.30 -6.69 1701   35.47   674.6   85292.  -2.51   0.83  -1.03  12.81  -11.31  0.39  0.46  0.78   2.85  672.3    361956.  31.25  674.7  83732.
312 12 34 55 0.60  98.53 250.29 -6.69 1701   44.45   676.4   87838.   0.00   0.00  -2.75  12.22   -7.86  1.84  2.86  1.73   3.56  673.0    294596.  39.03  674.7  91425.
312 12 36 16 0.60  98.53 250.28 -6.69 1701   40.44   671.0   96882.  -2.66   0.59  -6.50   8.78   -9.64  0.44  0.62  0.24   3.61  671.1    369649.  37.44  669.6 115853.
312 12 37 37 0.60  98.53 250.26 -6.69 1701   38.78   670.4  102599.  -2.66   0.81  -6.07  10.49  -10.93  0.17  0.30  0.58   2.84  666.9    307070.  34.28  671.2  87423.
312 12 38 58 0.60  98.53 250.25 -6.69 1701   38.28   671.1   94907.  -1.98   0.92  -5.34   8.27  -11.10  0.55  0.80  0.59   2.74  670.0    367777.  35.05  668.6 109616.
312 12 40 19 0.60  98.54 250.24 -6.69 1701   36.50   669.2  112631.  -2.10   1.29  -6.12   9.90   -9.64  0.24  0.25  0.76   2.81  666.4    338671.  35.34  670.6  93867.
312 12 41 40 0.60  98.54 250.23 -6.69 1701   40.59   671.9  132797.  -1.51   1.20  -5.04   8.18   -8.82  0.34  0.32  0.39   3.53  660.5    604785.  36.80  668.2 136955.
312 12 43 01 0.60  98.54 250.22 -6.69 1701   44.33   669.2  122766.  -1.55   1.04  -5.09   7.54   -9.40  0.39  0.71  0.75   3.99  665.1    375886.  39.50  669.2 103951.
312 12 44 22 0.60  98.54 250.21 -6.69 1701   34.13   668.8   97558.  -1.43   0.56  -8.19  10.12  -11.02  0.25  0.49  0.45   3.01  666.9    364659.  31.15  666.7 117516.
312 12 45 43 0.60  98.54 250.19 -6.69 1701   33.07   666.4  112163.  -1.35   0.32  -6.45  10.68  -10.22  0.48  1.72  2.20   3.04  672.1    428485.  29.17  667.1  97766.
312 12 47 04 0.60  98.54 250.18 -6.69 1701   41.41   668.4   90957.  -1.17   0.58  -8.30   7.20  -12.00  0.87  2.11  0.30   4.64  662.9    296052.  36.62  666.1 104470.
312 12 48 25 0.60  98.54 250.17 -6.69 1701   35.74   664.2  112059.  -1.38   0.38  -9.58   9.78  -11.01  0.36  0.50  0.16   3.22  669.5    315594.  31.09  665.7 100884.
312 12 49 46 0.60  98.54 250.16 -6.69 1701   41.65   665.6   96778.  -0.94   0.58  -9.15  10.73  -10.05  0.77  0.74  0.34   3.31  664.0    338879.  37.35  661.9 115645.
312 12 51 07 0.60  98.54 250.15 -6.69 1701   38.11   660.6  113566.  -1.23   0.81 -10.78  10.93   -9.32  0.40  0.45  0.60   2.79  664.7    336176.  34.50  657.8 121206.
312 12 52 28 0.60  98.54 250.14 -6.69 1701   39.29   668.9  102859.  -1.01   0.77 -10.08   7.58  -11.40  0.41  1.37  1.33   4.01  665.1    323910.  36.53  666.2 122818.
312 12 53 49 0.60  98.54 250.13 -6.70 1701   43.95   670.5  109460.  -0.70   0.81 -10.13   3.69   -9.55  0.42  0.58  0.35   4.71  670.2    291893.  39.90  670.5  98909.
312 12 55 10 0.60  98.54 250.11 -6.70 1701   40.51   668.9  101144.   0.26   0.87 -12.41   4.26  -12.27  0.73  3.37  0.74   3.93  663.9    328068.  40.52  668.0 111383.
312 12 56 31 0.60  98.55 250.10 -6.70 1701   41.28   666.8   96674.  -0.60   0.73 -13.45   8.97  -11.65  0.37  0.47  0.24   3.55  667.7    299586.  34.22  663.6  94751.
312 12 57 52 0.60  98.55 250.09 -6.70 1701   41.82   667.3   89709.  -1.03   0.80  -9.95  15.10   -8.10  2.08  2.92  1.79   5.92  663.5    264451.  39.79  666.6  99949.
312 12 59 13 0.60  98.55 250.08 -6.70 1701   34.55   669.1  103327.  -1.08   0.74  -7.97  18.91   -6.27  0.64  1.32  0.98   2.98  668.8    316218.  29.91  669.6  95115.
312 13 00 34 0.60  98.55 250.07 -6.70 1701   28.71   676.4   82433.  -1.34   1.22  -6.48  20.78   -4.69  0.19  0.22  0.18   2.21  669.3    373807.  23.44  675.0  83316.
312 13 01 55 0.60  98.55 250.06 -6.70 1701   25.30   675.6   92516.  -0.69   0.99  -5.90  20.47   -4.78  0.18  0.08  0.20   2.47  671.6    306654.  23.53  673.5  93296.
312 13 03 16 0.60  98.55 250.05 -6.70 1701   28.34   676.3   83940.  -0.63   0.81  -6.16  20.00   -5.49  0.28  0.38  0.25   2.13  669.4    344908.  24.32  674.4  84876.
312 13 04 37 0.60  98.55 250.03 -6.70 1701   23.62   678.6   87994.  -1.00   0.73  -7.19  20.22   -4.74  0.32  0.12  0.28   2.46  675.9    207486.  22.62  676.9  86123.
312 13 05 58 0.60  98.55 250.02 -6.70 1701   34.60   678.3   74481.  -1.31   0.73  -6.91  19.71   -4.15  0.47  0.27  0.17   2.94  678.6    347195.  26.46  676.1  78951.
312 13 07 19 0.60  98.55 250.01 -6.70 1701   26.43   675.0   86955.  -1.77   0.61  -3.55   8.59    3.01  0.00  0.00  0.00   2.92  669.7    323702.  25.60  674.3  85655.
312 13 08 38 0.60  98.55 250.00 -6.70 1701   33.79   675.7   81549.  -1.85   0.58   0.00   0.00    0.00  0.00  0.00  0.00   3.22  669.0    325574.  29.62  675.8  78743.
312 13 09 59 0.60  98.55 249.99 -6.70 1701   31.73   669.1   96830.   0.00   0.00   0.00   0.00    0.00  0.00  0.00  0.00   2.72  670.0    267569.  27.15  669.1  85240.
312 15 22 08 0.60  98.64 248.86 -6.70 1701   18.80   614.8   89014.  -2.25  -0.27   0.00   0.00    0.00  0.00  0.00  0.00   1.35  609.1    344908.  17.50  613.1  77076.
312 16 05 20 0.60  98.66 248.49 -6.71 1701    4.63   608.1  103038.  -0.35  -0.59   0.07  15.38    1.93  0.00  0.00  0.00   0.30  609.6    509410.   5.52  609.0  72051.
312 16 48 32 0.60  98.69 248.12 -6.71 1701   16.98   600.5   80919.   0.54   0.07  -9.15 -13.91    3.12  0.00  0.00  0.00   0.82  598.3    397390.  15.18  598.0  99088.
312 17 31 44 0.60  98.72 247.75 -6.71 1701   11.57   592.5   23860.   0.87   0.82 -13.42  -2.23    6.92  0.00  0.00  0.00   0.20  592.1    238593.   8.97  593.2  41424.
312 18 14 56 0.60  98.74 247.39 -6.71 1701   21.64   572.3   31653.   0.25   1.58 -10.12  -0.73    6.65  0.00  0.00  0.00   0.99  576.9    117152.  15.88  580.0  52450.
312 18 58 08 0.60  98.77 247.02 -6.72 1701   21.50   577.7   35753.   0.14   1.18   0.00   0.00    0.00  0.00  0.00  0.00   0.45  561.6     90944.  22.50  572.8  24347.
312 19 41 20 0.60  98.80 246.65 -6.72 1701   21.58   563.9   29317.  -1.05   1.71   0.00   0.00    0.00  0.00  0.00  0.00   0.41  565.0    249209.  16.31  558.6  50907.
312 20 24 32 0.59  98.82 246.28 -6.72 1701   10.70   547.2   28307.  -0.97   0.90   0.00   0.00    0.00  0.00  0.00  0.00   0.56  555.5    113891.  11.67  559.3  45972.
312 21 07 44 0.59  98.85 245.91 -6.73 1701   14.74   523.7  107888.   0.95   0.92   0.00   0.00    0.00  0.00  0.00  0.00   0.34  530.0    428758.  14.56  519.1 111867.
312 21 50 56 0.59  98.88 245.55 -6.73 1701   13.58   509.0  111903.   0.95   1.25 -10.09   5.37    2.47  0.00  0.00  0.00   0.39  515.4    642194.  12.58  506.5 135103.
312 22 34 08 0.59  98.91 245.18 -6.73 1701   12.97   491.3   88108.   1.69  -1.34  -7.47   7.76    0.19  0.00  0.00  0.00   0.32  503.2    257421.  14.19  492.8 100368.
312 23 17 20 0.59  98.93 244.81 -6.73 1701   13.37   483.2  128376.   1.07  -0.44  -8.89   5.24   -1.03  0.00  0.00  0.00   0.44  494.8    509358.  12.78  480.3 125114.
312 23 59 27 0.59  98.59 244.08 -6.84 1701   -1.00    -1.0      -1.  -1.00  -1.00  -7.50   6.85   -0.12  0.00  0.00  0.00  -1.00   -1.0        -1.  -1.00   -1.0     -1.
