1980/205   rh    esh  clong  clat crot    np1     vp1     Tp1   vaz   vel     Bx     By     Bz  sBx  sBy  sBz   nal   val     Tal   np2   vp2     Tp2
hh:mm:ss [AU]  [deg]  [deg] [deg]    # [cm-3]  [km/s]     [K] [deg] [deg]   [nT]   [nT]   [nT] [nT] [nT] [nT][cm-3][km/s]     [K][cm-3][km/s]     [K]
 0:01:00 0.85 106.96 238.86  3.45 1697   8.19   379.8  95781.  4.75 -2.53  -4.27   8.46   2.37 0.29 0.08 0.19  0.12 392.9 270545.  8.11 377.5  84288.
 0:03:42 0.85 106.96 238.83  3.45 1697   6.87   357.5  96801.  0.18  1.74  -7.42   4.77   4.78 0.26 0.11 0.00 -1.00  -1.0     -1.  6.80 357.0  70108.
 0:06:24 0.85 106.96 238.81  3.45 1697   7.39   362.3  77011.  3.63 -0.86  -6.66   6.89   3.04 0.00 0.00 0.20  0.09 395.9 164944.  6.88 358.3  67233.
 0:09:06 0.85 106.96 238.78  3.45 1697   7.38   360.2  98701.  3.67 -1.92  -7.42   6.48   2.85 0.17 0.32 0.32 -1.00  -1.0     -1.  7.08 355.1  50939.
 0:11:48 0.85 106.96 238.76  3.45 1697   7.82   387.2 106712.  6.12 -4.12  -1.27   9.52  -1.10 1.21 0.14 0.78 -1.00  -1.0     -1.  7.61 385.0  84070.
 0:14:30 0.85 106.96 238.74  3.45 1697   7.14   371.8 104295.  5.48 -3.81  -5.67   8.15   1.05 0.16 0.23 0.20  0.08 409.9 138007.  7.52 368.2  83518.
 0:17:12 0.85 106.96 238.71  3.45 1697   7.42   376.9  96190.  5.26 -1.43  -6.32   6.26   3.84 0.97 2.19 1.02 -1.00  -1.0     -1.  7.50 374.9  64167.
 0:19:54 0.85 106.96 238.69  3.45 1697   6.84   350.0  70865. -0.99  2.50  -8.24   2.04   5.74 0.08 0.20 0.20 -1.00  -1.0     -1.  7.64 348.1  60561.
 0:22:36 0.85 106.96 238.66  3.45 1697   7.20   355.1  90720. -0.62  2.49  -7.76   2.89   5.98 0.15 0.30 0.00 -1.00  -1.0     -1.  7.16 354.5  79782.
 0:25:18 0.85 106.96 238.64  3.45 1697   7.91   358.1  96599.  2.27  0.42  -7.57   5.95   3.83 0.35 0.45 0.28 -1.00  -1.0     -1.  7.78 356.5  79019.
 0:28:00 0.85 106.96 238.61  3.45 1697   6.38   362.4  75861.  3.73 -0.65  -7.17   6.23   3.86 0.21 0.36 0.34 -1.00  -1.0     -1.  6.72 357.5  63053.
 0:30:42 0.85 106.96 238.58  3.45 1697   7.12   355.9 105244.  3.22 -1.43  -6.55   6.84   3.22 0.29 0.27 0.72 -1.00  -1.0     -1.  7.89 351.0  90762.
 0:33:24 0.85 106.96 238.56  3.45 1697   7.40   360.6  96460.  3.68 -0.75  -6.42   6.80   4.18 0.34 0.37 0.19 -1.00  -1.0     -1.  7.55 360.9  76245.
 0:36:06 0.85 106.96 238.54  3.45 1697   6.82   357.6  91324.  3.92 -1.15  -6.86   6.91   2.86 0.24 0.05 0.34 -1.00  -1.0     -1.  6.54 359.2  83307.
 0:38:48 0.85 106.96 238.51  3.45 1697   7.19   361.0  92071.  3.98 -0.70  -6.45   6.94   3.46 0.16 0.04 0.20 -1.00  -1.0     -1.  7.12 360.7 100663.
 0:41:30 0.85 106.96 238.49  3.45 1697   7.35   354.4  90297.  2.18  1.79  -7.22   4.42   5.52 0.13 0.53 0.16 -1.00  -1.0     -1.  7.58 351.3  86864.
 0:44:12 0.85 106.96 238.46  3.45 1697   6.66   352.6  89066.  1.27  2.74  -7.10   4.15   5.78 0.22 0.39 0.20 -1.00  -1.0     -1.  6.13 351.8  64108.
 0:46:54 0.85 106.96 238.44  3.45 1697   7.53   361.7 100933.  3.92  1.23  -6.27   6.23   5.03 0.13 0.04 0.20 -1.00  -1.0     -1.  6.39 356.8  55250.
 0:49:36 0.85 106.96 238.41  3.45 1697   6.99   367.8  81731.  5.63 -0.91  -5.36   7.99   3.66 0.29 0.17 0.29 -1.00  -1.0     -1.  8.56 367.5 121210.
 0:52:18 0.85 106.96 238.39  3.45 1697   7.28   353.0 120199.  1.38  1.22  -8.04   3.92   5.00 0.20 0.57 0.35 -1.00  -1.0     -1.  7.44 349.1 107173.
 0:55:00 0.85 106.96 238.36  3.45 1697   7.25   343.0  95950.  0.18  0.44  -8.60   1.72   4.79 0.21 0.44 0.32 -1.00  -1.0     -1.  7.34 334.7  52654.
 0:57:42 0.85 106.96 238.34  3.45 1697   7.64   353.1 112566.  3.11  0.67  -7.45   5.68   3.77 0.23 0.28 0.17 -1.00  -1.0     -1.  8.03 349.4 113959.
 1:00:24 0.85 106.96 238.31  3.45 1697   7.95   346.7 108395.  2.42 -0.85  -7.99   5.28   3.19 0.13 0.23 0.16 -1.00  -1.0     -1.  8.28 350.6 124715.
 1:03:06 0.85 106.96 238.29  3.45 1697   7.47   354.3 125693.  3.39 -1.66  -7.58   6.26   2.72 0.28 0.42 0.00 -1.00  -1.0     -1.  7.81 349.6 114271.
 1:05:48 0.85 106.96 238.26  3.45 1697   7.46   364.2 122327.  5.03 -0.89  -6.05   7.63   3.32 0.32 0.31 0.30 -1.00  -1.0     -1.  7.78 358.8 105838.
 1:08:30 0.85 106.96 238.24  3.45 1697   7.88   368.0 107735.  2.55  2.04  -6.48   6.03   4.94 0.04 0.17 0.17 -1.00  -1.0     -1.  7.49 366.7  67038.
 1:11:12 0.85 106.96 238.21  3.45 1697   7.67   372.3  71489.  4.77 -3.00  -4.96   9.36   1.44 0.16 0.19 0.45  0.05 415.4 157927.  8.61 371.5  77817.
 1:13:54 0.85 106.96 238.19  3.45 1697   7.46   361.0  68588.  4.61 -0.43  -6.77   7.23   3.08 0.34 0.77 0.99 -1.00  -1.0     -1.  7.87 360.5  77622.
 1:16:36 0.85 106.96 238.16  3.45 1697   6.35   357.6  67256.  2.34  3.43  -7.55   4.15   6.58 0.19 0.25 0.19 -1.00  -1.0     -1.  6.55 352.1  69920.
 1:19:18 0.85 106.96 238.14  3.45 1697   6.58   349.9  68692.  4.35  0.68  -8.29   4.92   4.80 0.19 0.28 0.47 -1.00  -1.0     -1.  6.62 344.9  59827.
 1:22:00 0.85 106.96 238.11  3.45 1697   7.40   360.3  85473.  3.44  2.93  -7.34   4.15   6.99 0.18 0.19 0.20 -1.00  -1.0     -1.  7.02 358.2  67980.
 1:24:42 0.85 106.96 238.09  3.45 1697   6.59   356.3  69718.  2.34  3.58  -7.66   3.73   7.23 0.19 0.20 0.00 -1.00  -1.0     -1.  6.12 360.5  61909.
 1:27:24 0.85 106.96 238.06  3.45 1697   7.37   363.7  76043.  0.87  4.64  -6.56   2.70   8.14 0.00 0.00 0.00 -1.00  -1.0     -1.  7.34 364.6  93344.
 1:30:06 0.85 106.96 238.04  3.45 1697   7.08   363.2  94797. -1.01  4.75  -6.47   1.43   8.54 0.14 0.25 0.00 -1.00  -1.0     -1.  7.13 363.1  79409.
 1:32:48 0.85 106.96 238.01  3.45 1697   6.95   370.7  74948. -2.36  5.24  -5.46  -0.32   9.36 0.07 0.51 0.16 -1.00  -1.0     -1.  7.87 369.8  98292.
 1:35:30 0.85 106.96 237.99  3.45 1697   7.12   357.2  92828.  1.76  3.50  -7.73   3.43   6.92 0.32 0.25 0.47 -1.00  -1.0     -1.  7.13 352.3  62465.
 1:38:12 0.85 106.96 237.97  3.45 1697   7.28   355.7  87432.  1.66  2.97  -7.27   3.55   7.16 0.12 0.20 0.16 -1.00  -1.0     -1.  8.14 356.5  72574.
 1:40:54 0.85 106.96 237.94  3.45 1697   6.85   354.3  67851.  0.30  3.43  -7.41   3.33   7.24 0.22 0.50 0.51 -1.00  -1.0     -1.  7.26 357.1  69712.
 1:43:36 0.85 106.96 237.91  3.45 1697   7.39   353.2  85970.  3.49  0.79  -8.12   5.20   5.22 0.09 0.24 0.16 -1.00  -1.0     -1.  7.20 349.9  62809.
 1:46:18 0.85 106.96 237.89  3.45 1697   7.29   350.3  67350.  2.32  2.00  -8.12   4.58   5.29 0.07 0.16 0.19 -1.00  -1.0     -1.  6.94 351.0  56377.
 1:49:00 0.85 106.96 237.86  3.45 1697   6.97   354.6  88186.  3.89  0.73  -7.85   5.98   4.90 0.04 0.16 0.20 -1.00  -1.0     -1.  7.48 350.8  69874.
 1:51:42 0.85 106.96 237.84  3.45 1697   7.80   363.5  88842.  4.48  1.87  -6.47   6.45   5.86 0.18 0.17 0.20 -1.00  -1.0     -1.  7.63 361.1  70738.
 1:54:24 0.86 106.96 237.81  3.45 1697   7.57   362.6  77684.  4.74 -0.80  -7.04   7.45   3.84 0.11 0.20 0.23 -1.00  -1.0     -1.  6.97 362.8  56078.
 1:57:06 0.86 106.96 237.79  3.45 1697   7.33   367.3  92890.  6.91 -2.33  -6.55   8.16   2.37 0.13 0.08 0.48 -1.00  -1.0     -1.  7.46 362.8  82371.
 1:59:48 0.86 106.96 237.77  3.45 1697   7.38   350.0  61633.  5.97 -2.33  -7.14   7.65   3.36 0.47 0.37 0.25 -1.00  -1.0     -1.  6.78 347.3  43585.
 2:02:30 0.86 106.96 237.74  3.45 1697   7.48   365.1  65729.  7.86 -2.44  -5.27   9.49   2.10 0.37 0.30 0.43 -1.00  -1.0     -1.  7.38 364.2  54285.
 2:05:12 0.86 106.96 237.72  3.44 1697   7.31   361.3  65658.  6.56 -1.46  -6.93   7.82   3.68 0.22 0.29 0.29 -1.00  -1.0     -1.  7.95 357.9  73045.
 2:07:54 0.86 106.96 237.69  3.44 1697   7.37   360.9  81962.  6.12 -0.17  -6.02   8.67   2.97 0.41 0.30 0.30 -1.00  -1.0     -1.  6.86 353.4  51982.
 2:10:36 0.86 106.96 237.66  3.44 1697   7.06   341.9  56877.  3.25 -1.18  -8.79   5.65   3.59 0.34 0.33 0.40 -1.00  -1.0     -1.  7.43 341.9  43971.
 2:13:18 0.86 106.96 237.64  3.44 1697   7.62   350.7  63147.  4.08 -0.06  -8.24   5.70   4.56 0.17 0.08 0.20 -1.00  -1.0     -1.  7.61 348.8  47717.
 2:16:00 0.86 106.96 237.62  3.44 1697   7.44   349.8  55412.  4.29  0.26  -8.26   5.79   4.68 0.16 0.16 0.16 -1.00  -1.0     -1.  6.99 347.6  43669.
 2:18:42 0.86 106.96 237.59  3.44 1697   6.90   336.1  51108.  2.09 -2.43  -9.34   3.68   4.21 0.59 0.44 1.45 -1.00  -1.0     -1.  7.62 333.8  38663.
 2:21:24 0.86 106.96 237.57  3.44 1697   7.77   366.5  74208. -4.97  4.35  -6.77   0.05   8.21 0.91 1.69 0.65 -1.00  -1.0     -1.  8.02 368.1  61058.
 2:24:06 0.86 106.96 237.54  3.44 1697   7.28   356.9  65736. -0.08  3.59  -7.53   2.03   7.85 0.21 0.30 0.22 -1.00  -1.0     -1.  7.53 355.0  50689.
 2:26:48 0.86 106.96 237.52  3.44 1697   7.70   352.8  77521.  2.48  1.68  -7.71   5.06   5.93 0.17 0.73 0.57 -1.00  -1.0     -1.  7.77 350.0  65950.
 2:29:30 0.86 106.96 237.49  3.44 1697   7.25   351.7  65086.  2.00  2.50  -7.87   4.34   6.35 0.24 0.10 0.35 -1.00  -1.0     -1.  7.38 347.3  59180.
 2:32:12 0.86 106.96 237.47  3.44 1697   7.33   349.5  56725.  2.27  1.88  -7.77   4.58   6.31 0.17 0.36 0.32 -1.00  -1.0     -1.  7.54 346.3  49292.
 2:34:54 0.86 106.96 237.44  3.44 1697   7.42   348.1  69455.  3.12  0.49  -8.68   4.36   5.08 0.20 0.18 0.16 -1.00  -1.0     -1.  7.45 345.3  58566.
 2:37:36 0.86 106.96 237.42  3.44 1697   7.58   351.1  85441.  4.09 -0.25  -8.06   6.03   4.70 0.23 0.30 0.30 -1.00  -1.0     -1.  7.28 346.5  40213.
 2:40:18 0.86 106.96 237.39  3.44 1697   8.20   375.6  81192.  5.45 -3.87  -6.17   8.92   1.55 0.12 0.22 0.20 -1.00  -1.0     -1.  8.39 371.0  67324.
 2:43:00 0.86 106.96 237.37  3.44 1697  10.99   365.9  70144.  6.79 -5.18  -2.55   1.98   7.31 1.76 3.61 2.95  0.13 383.3 223845. 12.26 362.3  64488.
 2:45:42 0.86 106.96 237.34  3.44 1697  11.30   375.0  56049.  1.96  2.65  -3.51   3.89   8.63 0.59 0.40 0.21  0.13 375.7 229614. 11.63 377.3  41262.
 2:48:24 0.86 106.96 237.32  3.44 1697  10.96   364.5  55474.  3.66  1.00  -6.43   5.74   5.86 0.27 0.24 0.20  0.15 365.0 190762. 11.72 364.8  50663.
 2:51:06 0.86 106.96 237.29  3.44 1697  11.17   359.9  56059.  6.13 -1.51  -5.63   7.36   3.81 0.16 0.19 0.32 -1.00  -1.0     -1. 11.54 356.8  43825.
 2:53:48 0.86 106.96 237.27  3.44 1697  12.16   362.3  55796.  4.94  1.02  -5.59   6.87   4.84 0.27 0.38 0.69  0.11 374.4 130237. 12.39 361.0  54090.
 2:56:30 0.86 106.96 237.24  3.44 1697   8.23   364.7  31117.  4.96  1.06  -5.84   9.58  -2.20 0.36 0.34 0.19  0.21 357.6  96830.  8.74 361.2  23698.
 2:59:12 0.86 106.96 237.22  3.44 1697  10.74   360.2  31218.  4.38  0.98  -5.81   9.29  -2.56 0.46 0.15 0.19  0.28 355.4  53704. 10.58 360.5  31169.
 3:01:54 0.86 106.96 237.19  3.44 1697   9.14   362.6  33310.  4.43  1.77  -5.57   9.48  -2.74 0.32 0.26 0.16  0.32 355.0 130770. 10.23 360.0  23532.
 3:04:36 0.86 106.96 237.17  3.44 1697   9.11   361.0  24630.  4.11  0.82  -6.60   9.20  -2.06 0.31 0.16 0.39  0.27 354.5  56497.  8.71 357.6  20257.
 3:07:18 0.86 106.96 237.14  3.44 1697   8.68   362.6  32608.  4.47  1.02  -5.35   9.76  -2.66 0.27 0.22 0.00  0.30 350.2 148273.  9.19 358.8  28570.
 3:10:00 0.86 106.96 237.12  3.44 1697   8.65   380.1  31348.  3.47 -3.28   2.14   7.22  -8.30 1.37 0.75 0.42  0.17 368.5 158525.  8.65 375.2  24636.
 3:12:42 0.86 106.96 237.09  3.44 1697   9.38   377.1  37451.  3.77 -2.52   2.10   6.82  -8.88 0.20 0.16 0.00  0.29 378.6  85227. 10.20 376.2  34443.
 3:15:24 0.86 106.96 237.07  3.44 1697   8.90   378.0  25777.  3.04 -2.52   0.22   8.49  -8.12 0.15 0.25 0.30  0.20 373.7 122740.  9.23 375.7  22427.
 3:18:06 0.86 106.96 237.05  3.44 1697   9.90   378.0  24984.  3.50 -2.53  -1.11   9.26  -6.71 0.74 0.32 0.73  0.34 377.5 153379. 10.86 377.9  27950.
 3:20:48 0.86 106.96 237.02  3.44 1697   9.18   373.7  24009.  4.45 -0.58  -2.17  10.93  -3.30 0.16 0.25 0.64  0.20 372.8 115203. 10.44 372.2  19913.
 3:23:30 0.86 106.96 236.99  3.44 1697   9.41   372.3  28158.  3.69 -2.91  -2.30   9.81  -5.77 0.08 0.15 0.20  0.32 368.8 170778.  8.90 372.3  22437.
 3:26:12 0.86 106.96 236.97  3.44 1697   9.84   382.7  27073.  4.18 -2.06  -1.65  10.43  -5.13 0.04 0.20 0.16  0.29 381.3 179159.  9.96 378.7  24006.
 3:28:54 0.86 106.96 236.94  3.44 1697   9.47   378.9  24354.  4.94 -2.11  -0.52  10.59  -4.69 0.40 0.08 0.00  0.17 367.8  82069.  9.94 375.5  21531.
 3:31:36 0.86 106.96 236.92  3.44 1697   8.95   381.5  25478.  4.37 -0.61  -3.44   9.74  -4.19 1.53 1.05 0.83  0.31 376.3  83031. 10.91 380.0  17802.
 3:34:18 0.86 106.96 236.89  3.44 1697   9.27   368.6  27823.  3.78 -2.36  -3.30   9.19  -6.37 0.08 0.12 0.20  0.34 361.7 131887. 10.17 367.0  19244.
 3:37:00 0.86 106.96 236.87  3.44 1697   9.11   370.4  24058.  3.68 -2.66  -3.74   8.64  -6.92 0.20 0.20 0.00  0.38 366.9  87007.  9.79 366.8  23746.
 3:39:42 0.86 106.96 236.85  3.44 1697   9.96   369.9  27878.  3.34 -2.49  -3.49   8.62  -6.92 0.04 0.17 0.00  0.31 368.9 159876.  9.29 368.5  29369.
 3:42:24 0.86 106.96 236.82  3.44 1697   8.94   367.8  23019.  3.45 -2.84  -3.74   8.76  -6.60 0.19 0.15 0.16  0.27 361.3  52612.  9.80 367.6  31926.
 3:45:06 0.86 106.96 236.80  3.44 1697   8.73   362.0  21219.  3.60 -2.20  -4.38   8.61  -6.05 0.00 0.00 0.16  0.23 358.9  98311.  9.54 361.1  19647.
 3:47:48 0.86 106.96 236.77  3.44 1697   9.02   367.2  24084.  3.66 -2.73  -3.77   8.31  -6.92 0.00 0.00 0.00  0.37 366.1  81056. 10.11 365.4  31114.
 3:50:30 0.86 106.96 236.74  3.44 1697   9.44   366.4  26887.  3.46 -2.84  -3.45   8.31  -7.00 0.18 0.18 0.30  0.21 359.6 110435.  8.73 362.3  21411.
 3:53:12 0.86 106.96 236.72  3.44 1697   9.50   365.8  22427.  2.93 -3.22  -3.49   8.21  -7.24 0.21 0.18 0.30  0.32 367.0  88787. 10.05 365.6  29200.
 3:55:54 0.86 106.96 236.70  3.44 1697   8.34   363.4  20650.  3.77 -2.55  -3.15   8.67  -6.99 0.16 0.08 0.22  0.24 359.1  80575.  9.56 362.8  23256.
 3:58:36 0.86 106.96 236.67  3.44 1697   8.74   366.3  23110.  3.26 -3.11  -2.98   7.65  -7.79 0.32 0.15 0.18  0.38 362.8 163254.  9.08 363.9  19293.
 4:01:18 0.86 106.96 236.65  3.44 1697   8.64   357.7  26423.  4.92 -0.67  -4.90   9.30  -3.82 0.00 0.00 0.00  0.21 354.7  99195.  9.40 356.0  34875.
 4:04:00 0.86 106.96 236.62  3.44 1697   8.94   353.2  30237.  4.70  1.55  -7.17   9.04  -0.03 0.17 0.14 0.16  0.25 355.0 172220.  8.57 350.5  24373.
 4:06:42 0.86 106.95 236.60  3.44 1697   8.25   353.2  23610.  5.46  1.39  -6.85   9.08  -0.03 0.00 0.00 0.16  0.30 351.5 112137.  8.64 349.5  21505.
 4:09:24 0.86 106.95 236.57  3.44 1697   9.00   356.8  30136.  4.98  0.30  -6.93   9.09  -1.55 0.18 0.22 0.00  0.13 358.9  52833.  8.88 352.5  25945.
 4:12:06 0.86 106.95 236.54  3.44 1697   7.19   355.3  25491.  5.49  0.35  -6.96   9.17  -0.99 0.23 0.10 0.60  0.31 350.0 115281.  7.89 351.0  20478.
 4:14:48 0.86 106.95 236.52  3.44 1697   8.88   356.0  33394.  5.07  2.51  -6.72   8.86   2.53 0.20 0.10 0.16  0.22 347.0  91568.  8.84 352.4  26124.
 4:17:30 0.86 106.95 236.50  3.44 1697   8.85   362.4  56231.  5.14  3.86  -5.41   7.65   5.19 0.85 0.27 1.33  0.20 374.6 248442.  9.82 362.6  53885.
 4:20:12 0.86 106.95 236.47  3.44 1697   9.55   361.9  56793.  5.24  2.09  -5.23   8.41   4.37 0.30 0.31 0.52 -1.00  -1.0     -1. 10.19 357.3  48077.
 4:22:54 0.86 106.95 236.45  3.44 1697   9.39   357.3  53781.  5.52  0.18  -6.01   8.63  -0.54 0.04 0.26 0.17  0.26 359.4 178535.  9.78 354.5  46265.
 4:25:36 0.86 106.95 236.42  3.44 1697   8.43   360.7  37910.  5.32  0.51  -5.61   8.49  -2.31 0.39 0.38 0.30  0.24 366.7 196610.  8.86 362.1  45664.
 4:28:18 0.86 106.95 236.40  3.43 1697   9.09   356.9  52027.  6.36  2.26  -5.80   8.09   3.44 0.16 0.16 0.16  0.25 359.6 151235.  8.75 353.7  35265.
 4:31:00 0.86 106.95 236.37  3.43 1697   7.94   352.6  48282.  4.86  3.69  -6.36   7.33   3.75 0.16 0.08 0.00 -1.00  -1.0     -1.  8.73 350.4  64336.
 4:33:42 0.86 106.95 236.35  3.43 1697   8.10   356.1  49750.  5.78  4.26  -5.89   7.29   4.64 0.09 0.15 0.16 -1.00  -1.0     -1.  8.55 351.8  45339.
 4:36:24 0.86 106.95 236.32  3.43 1697   8.08   353.2  45293.  5.11  3.83  -6.57   7.13   4.07 0.29 0.15 0.30 -1.00  -1.0     -1.  8.12 348.3  40872.
 4:39:06 0.86 106.95 236.30  3.43 1697   7.76   353.1  60353.  5.16  5.41  -7.00   5.69   5.26 0.22 0.20 0.16  0.17 366.0 154588.  7.65 352.1  56790.
 4:41:48 0.86 106.95 236.27  3.43 1697   7.44   373.1  55903.  4.09  6.10  -5.46   5.76   7.14 0.27 0.19 0.16  0.26 369.4 184811.  7.46 371.2  47353.
 4:44:30 0.86 106.95 236.25  3.43 1697   7.53   356.3  90369.  3.21  6.23  -6.76   4.74   6.64 0.16 0.19 0.17  0.17 379.5 217946.  7.08 351.3  49763.
 4:47:12 0.86 106.95 236.22  3.43 1697   7.24   375.8  45936.  2.31  8.10  -4.64   4.78   7.72 0.46 0.19 0.33  0.15 374.2 214957.  6.82 371.5  40775.
 4:49:54 0.86 106.95 236.20  3.43 1697   8.69   369.8  64066.  0.85  8.37  -4.93   2.66   8.35 0.51 0.42 0.29  0.22 375.6 228899.  8.98 368.1  58995.
 4:52:36 0.86 106.95 236.17  3.43 1697   9.14   365.3  77414.  4.55  5.83  -5.79   6.77   4.21 0.51 0.78 0.68  0.24 372.8 214827.  8.42 361.9  61376.
 4:55:18 0.86 106.95 236.15  3.43 1697   7.54   365.1  62770.  5.76  6.05  -5.95   7.87   3.11 0.21 0.28 0.86  0.16 380.5 203860.  7.76 362.2  49939.
 4:58:00 0.86 106.95 236.12  3.43 1697   8.25   354.2  88975.  1.96  6.85  -7.42   5.45   4.43 0.45 0.87 0.38 -1.00  -1.0     -1.  8.06 349.5  70634.
 5:00:42 0.86 106.95 236.10  3.43 1697   7.64   361.8  69234.  6.02  3.08  -5.37   8.90   0.64 0.34 0.18 0.78  0.14 378.8 168803.  7.27 361.4  55464.
 5:03:24 0.86 106.95 236.07  3.43 1697   8.15   376.9  57134. -5.55  9.08  -3.75  -3.56   9.10 0.47 0.76 0.16  0.18 405.2 208122.  8.27 378.1  67233.
 5:06:06 0.86 106.95 236.05  3.43 1697   7.16   384.9  66853. -5.29  9.03  -3.34  -3.24   9.75 0.31 0.45 0.00  0.17 403.8 201976.  7.25 385.2  48883.
 5:08:48 0.86 106.95 236.02  3.43 1697   7.84   364.4  68503.  0.09  9.19  -6.29   1.22   8.47 0.15 0.22 0.20  0.09 415.0 262488.  7.07 364.1  55750.
 5:11:30 0.86 106.95 236.00  3.43 1697   7.83   364.6  83612.  0.31  9.26  -6.48   1.84   8.39 0.24 0.26 0.20 -1.00  -1.0     -1.  7.33 364.2  63010.
 5:14:12 0.86 106.95 235.97  3.43 1697   7.61   360.7  75484.  0.05  8.87  -6.90   1.82   7.82 0.10 0.29 0.00 -1.00  -1.0     -1.  8.03 357.5  68916.
 5:16:54 0.86 106.95 235.95  3.43 1697   7.44   368.3  68065. -1.41  9.27  -6.19   0.16   8.93 0.15 0.30 0.25  0.18 390.8 313047.  7.55 368.4  65388.
 5:19:36 0.86 106.95 235.93  3.43 1697   7.22   357.0  74198. -0.53  8.14  -7.39   1.32   7.86 0.49 0.24 0.51  0.22 372.9 186916.  7.27 356.8  66938.
 5:22:18 0.86 106.95 235.90  3.43 1697   7.81   361.4  86971.  0.93  8.33  -6.97   2.76   7.78 0.14 0.22 0.05 -1.00  -1.0     -1.  8.30 358.9  69095.
 5:25:00 0.86 106.95 235.88  3.43 1697   7.68   365.8  72184.  2.24  8.56  -6.28   5.82   7.20 0.21 0.34 0.22  0.21 385.2 167906.  8.47 361.6  72395.
 5:27:42 0.86 106.95 235.85  3.43 1697   7.53   362.0  65226.  4.06  6.65  -6.41   6.09   6.46 0.17 0.23 0.30  0.17 378.0 204185.  7.73 360.1  69897.
 5:30:24 0.86 106.95 235.82  3.43 1697   8.26   362.0  74000.  3.61  7.78  -6.10   6.65   5.82 0.20 0.30 0.30  0.12 399.6 144855.  8.49 360.1  69329.
 5:33:06 0.86 106.95 235.80  3.43 1697   8.27   357.4  69598.  5.21  5.66  -6.29   7.63   4.14 0.22 0.39 0.50  0.19 377.5 217725.  8.31 357.5  88845.
 5:35:48 0.86 106.95 235.77  3.43 1697   7.42   352.3  86117.  1.31  7.43  -7.82   3.89   5.72 0.15 0.19 0.00  0.23 380.9 200391.  8.15 352.1  75868.
 5:38:30 0.86 106.95 235.75  3.43 1697   7.74   362.4  85646.  5.86  4.92  -6.80   5.67   5.34 0.25 0.76 0.44  0.22 380.0 192075.  7.87 358.6  78954.
 5:41:12 0.86 106.95 235.73  3.43 1697   8.05   357.5  90954.  4.31  5.15  -6.58   8.52   0.32 0.22 0.26 0.78 -1.00  -1.0     -1.  7.45 353.8  71144.
 5:43:54 0.86 106.95 235.70  3.43 1697   7.44   362.4  81413.  5.23  2.83  -5.80   9.14   0.45 0.50 0.22 0.49  0.16 382.5 217231.  7.48 359.9  64125.
 5:46:36 0.86 106.95 235.68  3.43 1697   7.76   365.1  70852.  4.70  4.54  -5.42   9.48   0.48 0.26 0.27 0.16  0.15 374.0 157563.  7.77 362.5  62877.
 5:49:18 0.86 106.95 235.65  3.43 1697   7.08   355.4  65310.  4.39  5.56  -7.15   8.11   0.54 0.13 0.04 0.17 -1.00  -1.0     -1.  7.18 350.6  57777.
 5:52:00 0.86 106.95 235.62  3.43 1697   7.18   357.8  68650.  4.33  4.56  -6.87   8.46   1.40 0.12 0.26 0.41  0.18 376.7 159057.  7.54 351.6  60857.
 5:54:42 0.86 106.95 235.60  3.43 1697   7.17   353.7  68864.  4.38  4.05  -7.24   8.00   1.07 0.07 0.16 0.19 -1.00  -1.0     -1.  8.28 355.6  77583.
 5:57:24 0.86 106.95 235.58  3.43 1697   6.48   349.2  56760.  3.41  5.31  -7.72   7.30   1.14 0.22 0.26 0.16 -1.00  -1.0     -1.  6.28 344.7  44436.
 6:00:06 0.86 106.95 235.55  3.43 1697   8.49   357.9  71486.  4.84  3.10  -6.05   8.88  -0.50 0.13 0.22 0.48  0.18 391.5 273130.  8.23 359.7  79136.
 6:02:48 0.86 106.95 235.53  3.43 1697   7.32   359.4  67561.  4.69  2.47  -5.86   8.97  -1.06 0.17 0.16 0.25 -1.00  -1.0     -1.  7.21 354.2  62806.
 6:05:30 0.86 106.95 235.50  3.43 1697   6.89   354.3  63897.  4.64  0.00  -6.99   8.12   0.19 0.14 0.08 0.60 -1.00  -1.0     -1.  6.84 351.5  51839.
 6:08:12 0.86 106.95 235.48  3.43 1697   7.47   352.2  83810.  3.13  5.80  -7.12   7.88   1.39 0.47 0.37 0.20 -1.00  -1.0     -1.  7.46 350.3  61110.
 6:10:54 0.86 106.95 235.45  3.43 1697   7.42   357.3  64872.  3.91  5.96  -6.70   7.70   2.49 0.24 0.26 0.05 -1.00  -1.0     -1.  7.65 350.8  57426.
 6:13:36 0.86 106.95 235.43  3.43 1697   6.51   357.8  67600.  4.73  3.68  -5.29   8.91  -1.51 0.61 0.37 0.65  0.14 392.3 246662.  5.75 349.4  43325.
 6:16:18 0.86 106.95 235.40  3.43 1697   6.73   372.3  64713.  5.26  0.91  -3.08   9.75  -3.08 0.17 0.05 0.32  0.08 429.1 229276.  6.76 367.7  67415.
 6:19:00 0.86 106.95 235.38  3.43 1697   6.73   380.7  50276.  5.21  0.64  -3.26   9.69  -3.14 0.55 0.28 0.74  0.13 393.3 189398.  7.60 379.5  68682.
 6:21:42 0.86 106.95 235.35  3.43 1697   6.99   365.2  65190.  5.33  1.22  -3.69   9.73  -3.09 0.38 0.10 0.54  0.24 385.2 213515.  6.90 365.2  59421.
 6:24:24 0.86 106.95 235.33  3.43 1697   7.35   371.7  70021.  4.64  0.13  -3.27   9.77  -2.93 0.06 0.21 0.44  0.10 398.7 223585.  8.02 373.4  72350.
 6:27:06 0.86 106.95 235.30  3.43 1697   6.02   371.5  65560.  5.17  1.42  -3.53  10.01  -2.29 0.22 0.10 0.41  0.15 379.3 241114.  6.28 367.8  57920.
 6:29:48 0.86 106.95 235.28  3.43 1697   6.62   372.4  56848.  4.51 -1.35  -2.63   9.91  -3.98 0.18 0.10 0.19  0.08 405.8  96635.  6.12 369.5  44364.
 6:32:30 0.86 106.95 235.25  3.43 1697   6.54   375.1  64170.  5.46 -0.82  -1.91  10.03  -4.09 0.24 0.18 0.30  0.13 390.0 167439.  7.69 369.9  75091.
 6:35:12 0.86 106.95 235.23  3.43 1697   6.62   385.5  69452.  4.84 -0.69  -0.57  10.55  -2.53 0.28 0.16 0.20  0.15 399.6 152470.  7.12 381.3  55929.
 6:37:54 0.86 106.95 235.20  3.43 1697   6.39   378.8  62682.  4.12 -3.05  -1.16   8.98  -5.46 0.31 0.18 0.29  0.12 402.6 217283.  6.69 377.5  51689.
 6:40:36 0.86 106.95 235.18  3.43 1697   6.77   378.0  59203.  4.37 -2.60  -1.14   9.52  -5.42 0.18 0.18 0.16 -1.00  -1.0     -1.  6.94 378.4  65089.
 6:43:18 0.86 106.95 235.15  3.43 1697   6.85   379.6  63738.  4.71 -2.69  -0.88   9.34  -5.42 0.23 0.08 0.16  0.13 376.6 207589.  6.95 378.3  51355.
 6:46:00 0.86 106.95 235.13  3.42 1697   7.44   370.9  70589.  3.81 -2.34  -2.25   8.92  -5.72 0.58 0.17 0.37  0.14 398.8 218296.  8.23 372.6  68058.
 6:48:42 0.86 106.95 235.10  3.42 1697   7.02   385.6  62026.  3.89 -3.79  -0.25   8.85  -6.35 0.21 0.17 0.12  0.17 384.5 232486.  6.05 382.5  45910.
 6:51:24 0.86 106.95 235.08  3.42 1697   7.26   371.2  68104.  4.53 -0.82  -3.82   9.78  -2.45 0.27 0.18 0.16  0.20 388.2 259292.  6.90 370.0  53457.
 6:54:06 0.86 106.95 235.05  3.42 1697   6.62   369.3  53265.  5.49  0.20  -3.75   9.66  -3.06 0.62 0.28 1.30  0.14 365.5 189619.  6.91 366.4  51894.
 6:56:48 0.86 106.95 235.03  3.42 1697   6.53   353.9  90486.  2.96 -1.89  -7.69   6.20  -3.58 0.41 1.07 0.51 -1.00  -1.0     -1.  6.20 345.5  47678.
 6:59:30 0.86 106.95 235.01  3.42 1697   6.50   353.0 124211.  2.37 -0.01  -7.51   7.24  -1.91 0.22 0.20 0.99 -1.00  -1.0     -1.  7.70 350.4 118049.
 7:02:12 0.86 106.95 234.98  3.42 1697   7.25   397.4  71450.  0.95 -6.69  -0.58   6.75  -7.79 1.03 0.34 0.60  0.20 408.0 359266.  7.81 396.6  59479.
 7:04:54 0.86 106.95 234.96  3.42 1697   6.81   389.0  71616.  4.98  0.97  -4.15   9.93  -0.16 0.31 0.23 0.60  0.15 396.7 320532.  6.54 387.1  43010.
 7:07:36 0.86 106.95 234.93  3.42 1697   7.30   388.1  88040.  4.17  8.12  -3.40   8.33  -0.32 0.48 0.19 4.31 -1.00  -1.0     -1.  8.23 385.4  78301.
 7:10:18 0.86 106.95 234.90  3.42 1697   6.78   374.6  86006.  5.00 -1.96  -6.11   8.00  -2.93 0.98 0.37 0.23 -1.00  -1.0     -1.  6.83 372.5  96187.
 7:13:00 0.86 106.95 234.88  3.42 1697   6.92   374.2  60879.  5.57 -1.82  -7.17   7.94  -1.88 0.72 0.51 0.70 -1.00  -1.0     -1.  6.80 369.4  50055.
 7:15:42 0.86 106.95 234.85  3.42 1697   7.14   373.0  78834.  6.25 -0.10  -6.47   8.68  -1.67 0.00 0.00 0.17 -1.00  -1.0     -1.  7.53 367.4  73064.
 7:18:24 0.86 106.95 234.83  3.42 1697   6.85   369.7 110084.  4.11  0.53  -7.26   7.94  -1.19 0.39 0.45 0.26 -1.00  -1.0     -1.  7.11 360.1  66434.
 7:21:06 0.86 106.95 234.81  3.42 1697   7.70   365.5  99929.  4.78 -0.48  -7.38   8.06  -0.63 0.51 0.35 0.86  0.13 387.9 172961.  7.76 360.6  76800.
 7:23:48 0.86 106.95 234.78  3.42 1697   7.43   377.0  66902.  4.44 -0.31  -5.51   9.42  -1.62 0.47 0.31 0.41 -1.00  -1.0     -1.  8.09 375.6  75039.
 7:26:30 0.86 106.95 234.76  3.42 1697   8.00   393.9  58618.  4.30 -3.49  -1.98   9.07  -5.30 0.73 0.17 0.53  0.19 409.4 160058.  8.85 393.8  77814.
 7:29:12 0.86 106.95 234.73  3.42 1697   5.46   382.2  51248.  1.26 -5.78  -5.69   8.64  -2.69 0.62 0.63 1.65  0.10 397.0 152288.  5.65 379.6  32793.
 7:31:54 0.86 106.95 234.70  3.42 1697   7.28   364.6  82680.  5.80  1.11  -7.52   8.39   1.45 0.15 0.07 0.41 -1.00  -1.0     -1.  7.06 361.3  62543.
 7:34:36 0.86 106.95 234.68  3.42 1697   6.53   358.7  69718.  2.56  4.81  -8.30   6.48   3.44 0.22 0.63 0.78 -1.00  -1.0     -1.  6.18 358.3  55130.
 7:37:18 0.86 106.95 234.66  3.42 1697   6.99   368.9  69770.  4.10  5.27  -7.29   6.81   5.14 0.16 0.22 0.19  0.15 390.7 161124.  6.88 365.6  55870.
 7:40:00 0.86 106.95 234.63  3.42 1697   7.88   356.6  92763.  6.41  0.35  -7.20   7.40   3.21 0.21 0.08 0.50 -1.00  -1.0     -1.  7.92 352.7  80942.
 7:42:42 0.86 106.95 234.61  3.42 1697   7.19   359.3  69377.  6.03  2.79  -7.39   6.86   4.25 0.05 0.00 0.20  0.16 396.9 285916.  7.12 355.6  51784.
 7:45:24 0.86 106.95 234.58  3.42 1697   6.92   364.0  72106.  4.77  4.13  -7.08   6.16   5.75 0.26 0.43 0.82  0.13 370.5 235487.  7.19 357.6  74399.
 7:48:06 0.86 106.95 234.56  3.42 1697   6.44   371.7  68081.  3.76  6.09  -6.57   5.14   6.61 1.10 0.40 1.32  0.11 385.4 193244.  6.25 366.1  52258.
 7:50:48 0.86 106.95 234.53  3.42 1697   7.04   386.0  68617. -0.51  9.17  -3.15  -0.10  10.52 0.21 0.15 0.04  0.13 388.1 200729.  6.71 387.8  50052.
 7:53:30 0.86 106.95 234.50  3.42 1697   6.73   382.6  69017. -0.85  9.25  -3.71   0.38  10.44 0.16 0.23 0.00  0.25 392.4 270220.  6.93 383.0  49773.
 7:56:12 0.86 106.95 234.48  3.42 1697   6.64   382.6  70729.  1.37  8.53  -4.42   2.69   9.53 0.12 0.08 0.00  0.13 391.3 201573.  8.02 379.6  82517.
 7:58:54 0.86 106.95 234.46  3.42 1697   7.31   371.9  74565.  2.19  8.23  -5.99   3.40   8.22 0.19 0.17 0.00  0.15 386.3 177600.  7.51 367.2  69579.
 8:01:36 0.86 106.95 234.43  3.42 1697   7.12   369.6  81192.  4.19  7.39  -5.72   4.77   7.82 0.20 0.16 0.00  0.10 395.3 162982.  7.47 366.0  75735.
 8:04:18 0.86 106.95 234.41  3.42 1697   6.96   367.6  81747.  2.96  6.34  -6.24   4.57   7.82 0.12 0.16 0.00  0.13 378.2 197142.  6.88 363.7  55448.
 8:07:00 0.86 106.95 234.38  3.42 1697   7.04   362.9  73071.  4.62  4.43  -6.89   6.58   5.55 0.08 0.16 0.20 -1.00  -1.0     -1.  6.82 358.0  60434.
 8:09:42 0.86 106.95 234.36  3.42 1697   5.63   378.8  92104.  2.58  2.80  -7.46   8.10  -1.35 0.11 0.19 0.41 -1.00  -1.0     -1.  5.72 378.8  66879.
 8:12:24 0.86 106.95 234.33  3.42 1697   5.94   377.6  97246.  3.10  1.50  -7.82   8.05  -0.63 0.20 0.30 0.86  0.19 391.4 193205.  5.33 376.7  74432.
 8:15:06 0.86 106.95 234.31  3.42 1697   6.05   376.4 100329.  2.69 -0.83  -7.09   7.99   1.93 0.21 0.20 0.30  0.24 381.7 198494.  6.03 373.8  83895.
 8:17:48 0.86 106.95 234.28  3.42 1697   7.55   410.5 115999. -2.40  4.66  -1.83   1.85   9.27 0.19 0.18 0.16  0.34 419.7 272507.  7.34 410.7 103766.
 8:20:30 0.86 106.95 234.26  3.42 1697   7.45   420.2 115336. -3.71  4.83  -0.86  -0.05   9.46 0.29 0.22 0.01  0.34 417.9 366335.  7.59 420.5 104422.
 8:23:12 0.86 106.95 234.23  3.42 1697   7.20   413.0  96934. -3.52  4.68  -2.07   1.39   9.10 0.19 0.39 0.20  0.38 419.3 291452.  7.01 413.7 102063.
 8:25:54 0.86 106.95 234.21  3.42 1697   7.66   435.8 105104. -6.01  4.34  -0.38  -0.51   8.96 0.41 0.34 0.21  0.42 428.8 232408.  8.10 433.0 103541.
 8:28:36 0.86 106.95 234.18  3.42 1697   7.76   438.6 122769. -6.16  4.05   1.63  -2.79   8.02 0.12 0.76 0.28  0.54 419.3 280615.  7.91 442.3 107160.
 8:31:18 0.86 106.95 234.16  3.42 1697   7.82   425.4 127265. -5.64  4.85  -1.14   0.39   8.87 0.41 0.60 0.18 -1.00  -1.0     -1.  7.95 426.7 103343.
 8:34:00 0.86 106.95 234.13  3.42 1697   6.77   412.4 127115. -2.29  4.85  -2.74   3.09   8.84 0.16 0.20 0.00  0.29 422.5 282564.  7.07 412.5 104932.
 8:36:42 0.86 106.95 234.11  3.42 1697   7.00   415.0 130705. -1.78  4.47  -2.13   4.21   8.45 0.12 0.17 0.00  0.37 419.0 372546.  7.28 413.5 136386.
 8:39:24 0.86 106.95 234.08  3.42 1697   7.33   413.2 128879. -0.06  3.26  -2.72   6.11   6.89 0.09 0.64 0.63 -1.00  -1.0     -1.  7.29 413.8 122723.
 8:42:06 0.86 106.95 234.06  3.42 1697   6.39   414.1 129769. -0.67  4.11  -2.70   5.40   8.05 0.21 0.17 0.00  0.27 423.9 344324.  6.81 411.1 128200.
 8:44:48 0.86 106.95 234.03  3.42 1697   6.81   422.5 105276. -1.63  4.78  -1.94   3.97   8.43 0.09 0.15 0.19  0.33 423.5 261371.  6.72 422.7  83927.
 8:47:30 0.86 106.95 234.01  3.42 1697   7.29   425.9 152437. -0.16  3.75  -1.77   3.89   7.67 0.41 1.24 0.38 -1.00  -1.0     -1.  7.19 427.4 131748.
 8:50:12 0.86 106.95 233.98  3.42 1697   7.19   425.2 106816. -3.53  5.28  -0.13  -0.43   8.26 1.18 2.42 0.34  0.43 425.1 275183.  7.58 430.1 115863.
 8:52:54 0.86 106.95 233.96  3.42 1697   7.16   437.6 114437. -4.83  5.22   0.06   1.15   8.41 0.62 0.41 0.14 -1.00  -1.0     -1.  7.85 436.1 106533.
 8:55:36 0.86 106.95 233.93  3.42 1697   6.79   426.7 141090. -6.41  5.07  -1.41   1.03   8.53 0.24 0.54 0.15 -1.00  -1.0     -1.  7.65 430.1 119982.
 8:58:18 0.86 106.95 233.91  3.42 1697   7.19   419.9 124143. -1.86  4.81  -1.96   3.99   7.73 0.10 0.21 0.04 -1.00  -1.0     -1.  6.82 421.1  99435.
 9:01:00 0.86 106.95 233.89  3.42 1697   7.04   423.3 110236. -2.40  4.99  -1.42   3.11   8.16 0.26 0.29 0.00  0.36 420.3 268375.  7.09 420.7 107992.
 9:03:42 0.86 106.95 233.86  3.42 1697   7.20   429.2 128165. -2.56  5.01   1.69   1.65   7.84 1.76 1.39 0.08 -1.00  -1.0     -1.  7.72 433.2 101021.
 9:06:24 0.86 106.95 233.83  3.42 1697   6.80   420.2 102580. -1.16  3.80  -2.03   4.21   7.37 0.44 0.31 0.20  0.41 430.3 330719.  7.23 417.6  89862.
 9:09:06 0.86 106.95 233.81  3.41 1697   6.85   435.5  96469. -3.97  5.27   0.01   1.17   8.89 0.17 0.10 0.19  0.33 433.0 318206.  7.25 432.8  87250.
 9:11:48 0.86 106.95 233.78  3.41 1697   7.09   441.9 101771. -3.86  4.93   0.83   0.93   8.86 0.26 0.27 0.16  0.39 419.9 286111.  7.54 441.4 103262.
 9:14:30 0.86 106.95 233.76  3.41 1697   7.38   445.7 123019. -7.26  3.05   3.17  -3.57   7.13 0.22 0.31 0.26  0.36 432.2 313892.  8.08 448.9 143345.
 9:19:52 0.86 106.95 233.71  3.41 1697   6.78   408.4 106439. -1.20  5.66  -3.23   3.60   7.44 0.99 0.85 0.72  0.31 415.0 195882.  7.19 406.9  91665.
 9:25:16 0.86 106.95 233.66  3.41 1697   6.31   411.4 132794. -1.68  3.73  -4.47   4.29   6.48 0.13 0.08 0.19  0.38 421.1 243569.  6.83 411.0 114450.
 9:30:40 0.86 106.95 233.61  3.41 1697   7.20   408.2 207486. -2.29 -0.12  -7.44   3.24   0.48 0.18 0.19 0.36  0.46 441.1 314386.  7.60 406.1 178785.
 9:36:06 0.86 106.95 233.56  3.41 1697   7.83   411.3 209133. -1.79  1.42  -6.78   3.50   1.69 0.12 0.20 0.25 -1.00  -1.0     -1.  7.59 412.6 198815.
 9:41:30 0.86 106.95 233.51  3.41 1697   7.29   412.9 258909. -3.50  2.53  -7.33   1.46   2.47 0.13 0.36 0.36  0.44 443.3 289814.  7.85 412.6 247939.
 9:46:54 0.86 106.95 233.46  3.41 1697   7.35   404.8 221132. -4.59  1.29  -8.23   0.29   1.36 0.18 0.34 0.17 -1.00  -1.0     -1.  7.78 404.9 212537.
 9:52:18 0.86 106.95 233.41  3.41 1697   7.35   403.9 210611. -4.43  1.27  -8.31   1.02  -0.50 0.10 0.20 0.20 -1.00  -1.0     -1.  7.99 403.0 176463.
 9:57:42 0.86 106.95 233.36  3.41 1697   7.19   406.1 212413. -3.57  1.51  -6.49   4.73  -1.51 0.16 0.08 0.25 -1.00  -1.0     -1.  7.71 407.2 195632.
10:03:06 0.86 106.95 233.31  3.41 1697   6.98   414.9 166136. -3.35  4.86  -6.25   2.85   3.29 0.48 0.54 1.41  0.38 454.4 468727.  7.46 418.9 208028.
10:08:30 0.86 106.95 233.26  3.41 1697   6.88   420.1 184090.  0.00  0.00  -6.20   0.67   6.39 0.30 0.59 0.25 -1.00  -1.0     -1.  7.13 419.1 146379.
10:09:40 0.86 106.95 233.25  3.41 1697  -1.00    -1.0     -1. -1.00 -1.00  -6.99   1.99   5.24 0.26 0.15 0.34 -1.00  -1.0     -1. -1.00  -1.0     -1.
10:15:04 0.86 106.95 233.20  3.41 1697   7.31   413.7 159272. -4.65  4.30  -6.67   2.35   4.91 0.04 0.00 0.16  0.39 440.5 265997.  7.22 413.1 137942.
10:19:18 0.86 106.95 233.16  3.41 1697   7.74   412.8 186786. -4.30  2.27  -8.46   0.86   2.52 0.11 0.27 0.17  0.36 448.9 318947.  7.77 410.3 160480.
10:24:42 0.86 106.95 233.11  3.41 1697   7.78   405.3 174923. -2.88  1.15  -8.10   3.14  -0.19 0.16 0.04 0.20 -1.00  -1.0     -1.  7.77 404.7 149101.
10:30:06 0.86 106.95 233.06  3.41 1697   7.46   407.5 199907. -3.35  1.70  -8.47   2.69   0.37 0.17 0.23 0.49 -1.00  -1.0     -1.  7.07 402.1 120833.
10:35:30 0.86 106.95 233.01  3.41 1697   7.59   404.2 183207. -2.79  1.17  -7.43   3.95  -0.73 0.04 0.16 0.00 -1.00  -1.0     -1.  8.17 403.5 133856.
10:40:54 0.86 106.95 232.97  3.41 1697   7.50   407.7 185250. -3.27 -0.35  -7.18   3.21  -3.29 0.23 0.17 0.32 -1.00  -1.0     -1.  7.79 409.4 168956.
10:57:06 0.86 106.95 232.81  3.41 1697   7.52   402.8 162459. -2.94  1.12  -6.55   1.78  -5.43 0.00 0.00 0.00 -1.00  -1.0     -1.  7.97 401.3 140541.
11:02:30 0.86 106.95 232.77  3.41 1697   7.33   413.6 134233. -4.14 -2.45   0.00   0.00   0.00 0.00 0.00 0.00  0.34 435.7 274209.  7.61 416.8 107803.
11:07:54 0.86 106.95 232.71  3.41 1697   7.86   411.4 141370. -3.86 -1.19  -5.90   2.16  -5.82 0.36 0.23 0.25  0.39 438.0 334734.  8.28 408.7 116236.
11:13:18 0.86 106.95 232.66  3.41 1697   7.40   406.6 137303. -3.73 -1.59  -5.45   2.11  -5.79 0.32 0.40 0.45  0.37 435.1 396962.  7.84 412.3 156199.
11:18:42 0.86 106.95 232.62  3.41 1697   7.91   404.6 147571. -3.32 -0.07  -6.97   2.79  -3.45 0.22 0.20 0.39 -1.00  -1.0     -1.  8.35 404.9 131894.
11:24:06 0.86 106.94 232.57  3.41 1697   7.86   412.0 163037. -5.47 -1.79  -5.67   0.46  -5.64 0.38 0.64 0.28  0.37 429.7 206498.  7.51 413.4 147464.
11:29:30 0.86 106.94 232.52  3.40 1697   7.16   405.8 171330. -2.59 -0.99  -6.33   3.89  -2.72 0.08 0.24 0.00  0.36 450.3 408656.  7.96 405.3 157628.
11:34:54 0.86 106.94 232.47  3.40 1697   8.10   417.1 177606. -5.76  0.85  -4.76   0.31  -5.71 0.13 0.20 0.00 -1.00  -1.0     -1.  8.57 418.9 160337.
11:40:18 0.86 106.94 232.42  3.40 1697   7.01   407.9 150871. -5.83 -1.77  -6.60   0.68  -4.87 0.15 0.22 0.20  0.34 441.2 277184.  8.05 409.4 142091.
11:45:42 0.86 106.94 232.37  3.40 1697   7.55   404.9 206342. -6.24  0.50  -7.69   0.31  -2.19 0.21 0.23 0.40 -1.00  -1.0     -1.  7.88 404.2 195879.
11:51:06 0.86 106.94 232.32  3.40 1697   8.42   406.7 160789. -8.69  1.31  -6.94  -2.45  -2.39 0.78 1.19 1.37  0.36 433.4 316920.  9.28 410.5 151216.
11:56:30 0.86 106.94 232.27  3.40 1697   7.38   430.3 141220.-11.39  0.58  -4.91  -5.68  -2.34 0.31 0.18 0.43 -1.00  -1.0     -1.  7.98 435.0 121336.
12:01:54 0.86 106.94 232.22  3.40 1697   6.92   415.3 136058. -2.37  5.87  -6.54   3.28   2.69 0.46 0.38 1.05  0.39 438.0 316166.  7.40 415.5 112364.
12:07:18 0.86 106.94 232.17  3.40 1697   7.41   401.4 149156. -3.16  0.41  -7.37   2.69  -1.62 0.18 0.23 0.77  0.34 430.4 240477.  8.21 403.1 178616.
12:12:42 0.86 106.94 232.12  3.40 1697   7.18   401.3 166581. -2.51  0.95  -6.37   2.93  -3.55 0.42 0.42 0.73  0.36 435.3 343999.  7.33 402.6 132576.
12:18:06 0.86 106.94 232.07  3.40 1697   7.25   398.2 133479. -3.96  3.69  -7.28   1.82  -1.04 0.19 0.42 0.59 -1.00  -1.0     -1.  7.32 401.5 119641.
12:23:30 0.86 106.94 232.02  3.40 1697   6.30   413.1 125410. -7.46 -3.15  -4.65  -1.40  -5.54 0.64 1.41 0.24  0.38 426.3 426445.  6.45 410.0  79305.
12:28:54 0.86 106.94 231.97  3.40 1697   7.27   400.1 132979. -4.97 -0.45  -7.25   1.37  -2.84 0.12 0.52 0.16  0.19 474.8 303861.  6.89 401.5 113488.
12:34:18 0.86 106.94 231.92  3.40 1697   7.35   402.5 160328. -6.10  3.34  -7.49   1.18   0.76 0.25 0.75 0.69 -1.00  -1.0     -1.  7.85 400.4 140678.
12:39:42 0.86 106.94 231.87  3.40 1697   7.45   412.4 144842. -4.54 -2.42  -5.47   2.00  -4.63 0.27 1.06 0.26  0.36 436.4 398846.  7.90 418.1 155978.
12:45:06 0.86 106.94 231.82  3.40 1697   6.90   434.0 124010. -9.64 -3.58  -1.93  -4.44  -6.31 0.35 0.20 0.16  0.29 446.6 415205.  7.28 440.5 147392.
12:50:30 0.86 106.94 231.77  3.40 1697   7.19   438.4 136195. -7.94 -3.25  -1.40  -3.08  -7.10 0.36 0.56 0.20  0.29 445.6 248052.  7.39 440.5 115119.
12:55:54 0.86 106.94 231.72  3.40 1697   7.09   448.4 148123.-11.59 -0.84  -1.05  -6.65  -4.06 0.27 0.35 0.47  0.29 460.0 357681.  7.46 454.0 121710.
13:01:18 0.86 106.94 231.67  3.40 1697   6.78   423.5 117601.  0.66  1.85  -4.24   6.61  -0.52 0.35 0.15 0.17  0.29 451.3 326600.  7.22 426.2 124819.
13:06:42 0.86 106.94 231.62  3.40 1697   7.62   429.7 136364.  0.76  5.94  -4.27   6.10   2.46 0.35 0.12 1.03  0.29 450.7 411190.  7.91 432.5 147707.
13:12:06 0.86 106.94 231.57  3.40 1697   8.20   421.8 158820. -2.15  5.82  -5.63   4.78   2.81 0.25 0.27 0.20  0.33 447.8 342024.  8.10 424.1 137569.
13:17:30 0.86 106.94 231.52  3.40 1697   7.25   441.6 114995. -2.91  7.31  -3.52   2.86   7.22 0.48 0.20 0.19  0.35 445.6 240165.  7.22 444.4 109129.
13:22:54 0.86 106.94 231.47  3.40 1697   6.54   438.3 147295. -0.25  4.93  -4.18   5.40   4.46 0.70 0.35 0.24  0.36 453.5 305940.  7.05 439.3 125946.
13:28:18 0.86 106.94 231.42  3.40 1697   6.93   427.7 121827. -1.17  5.62  -4.79   5.49   4.24 0.17 0.23 0.16  0.38 440.8 308967.  7.02 428.7 111841.
13:33:42 0.86 106.94 231.37  3.40 1697   7.35   433.0 129058.  0.76  2.98  -4.07   6.80   2.40 0.40 0.25 0.35  0.36 453.3 268167.  8.31 432.9 127486.
13:39:06 0.86 106.94 231.32  3.40 1697   7.37   424.7 126869. -1.21  6.02  -5.72   5.10   1.77 0.32 0.49 1.86  0.32 440.4 314204.  7.16 421.8 103044.
13:44:30 0.86 106.94 231.27  3.40 1697   7.32   417.2 118150. -0.80  0.03  -5.90   5.72  -2.25 0.26 0.18 0.33  0.28 434.2 235877.  8.46 419.6 136448.
13:49:54 0.86 106.94 231.22  3.39 1697   7.92   417.4 140139. -0.60  1.78  -5.93   4.87  -2.96 0.41 0.46 0.21  0.35 438.8 307811.  8.47 416.9 150170.
13:55:18 0.86 106.94 231.17  3.39 1697   6.04   416.7 116077. -1.80 -1.26  -4.58   4.64  -5.45 0.25 0.12 0.25  0.33 424.4 264347.  7.70 417.9 140710.
14:00:42 0.86 106.94 231.12  3.39 1697   6.62   428.5 122438. -1.90 -2.69  -3.55   3.92  -6.21 0.37 0.63 0.30  0.44 439.8 310774.  7.00 429.4 121028.
14:06:06 0.86 106.94 231.07  3.39 1697   6.28   416.4 135945.  0.00  0.00  -4.68   6.58   0.00 0.41 0.23 0.20  0.34 442.3 463659.  6.92 416.6 104159.
14:08:28 0.86 106.94 231.05  3.39 1697  -1.00    -1.0     -1. -1.00 -1.00  -6.79   4.41  -0.69 0.22 0.29 0.30 -1.00  -1.0     -1. -1.00  -1.0     -1.
14:13:52 0.86 106.94 231.00  3.39 1697   6.43   412.4 122912. -2.23 -0.68  -5.57   4.17  -3.07 0.00 0.00 0.00  0.26 449.6 320805.  7.06 413.1 104152.
14:16:54 0.86 106.94 230.97  3.39 1697   7.39   410.0 132099. -4.99  6.16  -7.18   1.84   2.11 0.22 0.35 0.32  0.30 432.0 258720.  8.05 414.2 142740.
14:22:18 0.86 106.94 230.92  3.39 1697   7.38   415.2 135997. -1.60  5.89  -6.16   4.12   1.66 0.14 0.42 1.08  0.37 446.2 391361.  7.97 413.7 128054.
14:27:42 0.86 106.94 230.87  3.39 1697   7.40   415.7 132644. -1.34  5.20  -5.72   3.13   4.13 0.19 0.62 0.49  0.27 432.9 223208.  7.54 417.3 134437.
14:33:06 0.86 106.94 230.82  3.39 1697   7.26   419.3 144810.  0.08  2.66  -5.11   6.13  -1.00 0.31 0.22 0.74  0.31 442.7 294804.  7.77 417.6 125397.
14:34:48 0.86 106.94 230.81  3.39 1697   7.07   425.5 129529.  1.00  0.85  -5.46   6.00  -0.46 0.21 0.15 0.21  0.38 439.6 269622.  6.86 425.6 100283.
14:38:30 0.86 106.94 230.78  3.39 1697   6.76   413.2 122542. -1.99  2.41  -6.73   4.23  -1.26 0.34 0.65 0.30  0.31 449.9 287566.  7.44 412.6 135662.
14:43:54 0.86 106.94 230.73  3.39 1697   6.86   427.1 131066.  0.00  7.81  -5.71   3.09   4.62 0.32 0.45 0.32  0.31 441.4 303705.  7.08 428.1 100394.
14:49:18 0.86 106.94 230.67  3.39 1697   6.75   435.7 133271. -3.05  8.08  -4.55   2.68   5.93 0.11 0.23 0.17  0.33 455.7 237397.  7.32 438.0 118946.
14:54:42 0.86 106.94 230.62  3.39 1697   6.77   418.8 136523. -0.10  0.81  -5.22   5.53  -3.39 0.18 0.20 0.59  0.36 451.1 339737.  7.12 418.5 119186.
15:00:06 0.86 106.94 230.58  3.39 1697   6.39   443.5 102453. -4.81 -3.49  -1.88   0.80  -8.13 0.37 0.99 0.18  0.42 446.1 424197.  7.12 444.4 106147.
15:05:30 0.86 106.94 230.53  3.39 1697   6.28   415.0 129951. -2.08  0.00  -5.56   3.56  -4.68 0.38 0.87 0.36 -1.00  -1.0     -1.  6.63 414.7  92818.
15:10:54 0.86 106.87 230.41  3.28 1698  -1.00    -1.0     -1. -1.00 -1.00  -4.62   5.47  -4.26 0.17 0.40 0.26 -1.00  -1.0     -1. -1.00  -1.0     -1.
15:18:00 0.86 106.94 230.41  3.39 1697   6.62   423.2 108391. -6.17 -3.17  -2.84   6.21  -5.02 0.00 0.00 0.00  0.38 441.0 413906.  7.10 424.0 113313.
16:01:12 0.86 106.94 230.01  3.39 1697   6.80   436.5 111792.  0.98 -1.48  -2.85   6.21  -4.62 0.00 0.00 0.00  0.27 452.4 358799.  6.77 434.7  94550.
16:44:24 0.86 106.94 229.61  3.38 1697   6.34   416.5 101183. -0.38  1.49   0.00   0.00   0.00 0.00 0.00 0.00  0.27 446.3 399612.  7.38 412.2  95089.
17:27:36 0.86 106.94 229.22  3.38 1697   6.16   432.9 102560. -3.65 -5.09   0.00   0.00   0.00 0.00 0.00 0.00  0.27 444.5 305199.  6.58 433.3  95927.
18:10:48 0.86 106.93 228.82  3.38 1697   6.00   410.2 103113. -4.17  6.14  -7.82   1.60   1.52 0.00 0.00 0.00 -1.00  -1.0     -1.  6.57 409.9  91015.
18:54:00 0.86 106.93 228.42  3.37 1697   6.36   412.4 116964.  0.00  0.00  -6.48   1.06   3.99 0.00 0.00 0.00 -1.00  -1.0     -1.  6.79 412.2  97545.
20:00:55 0.86 106.93 227.80  3.37 1697   5.93   415.9 104110.  0.00  0.00   0.00   0.00   0.00 0.00 0.00 0.00 -1.00  -1.0     -1.  6.10 411.7  88231.
20:43:36 0.86 106.93 227.41  3.37 1697  -1.00    -1.0     -1. -1.00 -1.00  -7.54   3.08   1.08 0.00 0.00 0.00 -1.00  -1.0     -1. -1.00  -1.0     -1.
20:46:18 0.86 106.93 227.38  3.37 1697  -1.00    -1.0     -1. -1.00 -1.00  -7.82   2.30   0.67 0.16 0.44 0.26 -1.00  -1.0     -1. -1.00  -1.0     -1.
20:49:00 0.86 106.93 227.36  3.37 1697   6.09   397.2  48392. -1.83  4.79  -7.13   3.90   0.04 0.47 1.05 0.19 -1.00  -1.0     -1.  6.12 402.3  61601.
20:50:50 0.86 106.86 227.27  3.26 1698  -1.00    -1.0     -1. -1.00 -1.00  -6.90   4.03  -2.75 0.38 0.61 0.40 -1.00  -1.0     -1. -1.00  -1.0     -1.
20:51:42 0.86 106.93 227.33  3.37 1697   5.30   406.3  60948. -0.04  5.44  -6.07   4.81  -3.14 0.18 0.10 0.20  0.24 421.1 308396.  5.55 402.6  49035.
20:53:32 0.86 106.93 227.32  3.36 1697   5.45   404.2  61669.  0.07  0.85  -6.30   4.73  -2.91 0.00 0.05 0.36  0.25 420.7 246376.  5.82 401.6  56293.
20:56:14 0.86 106.93 227.29  3.36 1697   5.45   395.6  44806. -2.02  2.25  -7.42   3.03  -2.37 0.16 0.20 0.20 -1.00  -1.0     -1.  5.21 395.8  47317.
20:58:56 0.86 106.93 227.27  3.36 1697   5.64   398.3  53587. -1.11  1.42  -7.31   3.63  -1.49 0.06 0.36 0.32  0.23 424.7 263931.  5.09 397.7  46352.
21:01:38 0.86 106.93 227.24  3.36 1697   5.52   397.8  50338. -0.80  0.56  -7.02   3.69  -3.01 0.10 0.24 0.16  0.93 351.6 184759.  5.85 400.2  57605.
21:04:20 0.86 106.93 227.22  3.36 1697   5.76   399.7  58203. -1.36 -0.25  -6.95   3.81  -3.32 0.17 0.19 0.00 -1.00  -1.0     -1.  5.57 398.9  48984.
21:07:02 0.86 106.93 227.19  3.36 1697   4.89   396.6  50065. -1.20  0.08  -6.82   3.87  -3.08 0.21 0.25 0.19  0.75 348.6 178782.  5.33 400.6  57969.
21:09:44 0.86 106.93 227.17  3.36 1697  -1.00    -1.0     -1. -1.00 -1.00  -5.91   4.17  -3.73 0.23 0.18 0.56 -1.00  -1.0     -1.  5.15 403.9  50205.
21:24:48 0.86 106.93 227.03  3.36 1697   5.36   411.9 135500.  0.00  0.00  -4.62   6.48  -0.80 0.00 0.00 0.00  0.16 444.0 250430.  5.58 409.3 112741.
21:48:42 0.86 106.93 226.81  3.36 1697   5.95   427.5 129769.  1.77  2.62  -4.27   6.21   0.86 0.46 0.18 1.47  0.13 472.0 266633.  5.62 424.8 100134.
21:51:24 0.86 106.93 226.78  3.36 1697   5.86   423.6 134353.  0.89  4.01  -4.72   6.21  -0.90 0.58 0.44 0.76 -1.00  -1.0     -1.  6.40 421.9 154149.
21:54:06 0.86 106.93 226.76  3.36 1697   5.81   424.7 130737.  1.60  0.42  -2.64   6.24  -3.98 0.22 0.17 0.17  0.26 453.4 321376.  5.92 421.6 111789.
21:56:48 0.86 106.93 226.73  3.36 1697   6.10   427.8 134048. -2.32  8.10  -4.43   5.53   2.53 0.48 0.43 0.36  0.22 469.9 445611.  5.73 430.0 124825.
21:59:30 0.86 106.93 226.71  3.36 1697  -1.00    -1.0     -1. -1.00 -1.00  -6.50   1.70   3.96 0.08 0.46 0.28 -1.00  -1.0     -1. -1.00  -1.0     -1.
22:02:12 0.86 106.93 226.69  3.36 1697   5.42   414.8 102200.  0.29  3.27  -6.90   3.38   1.66 0.26 0.50 0.60 -1.00  -1.0     -1.  5.64 409.5  92032.
22:08:00 0.86 106.93 226.63  3.36 1697  -1.00    -1.0     -1. -1.00 -1.00  -7.39  -1.80  -0.99 0.00 0.00 0.00 -1.00  -1.0     -1. -1.00  -1.0     -1.
