1981/071   rh    esh  clong  clat crot    np1     vp1     Tp1   vaz   vel     Bx     By     Bz  sBx  sBy  sBz   nal   val     Tal   np2   vp2     Tp2
hh:mm:ss [AU]  [deg]  [deg] [deg]    # [cm-3]  [km/s]     [K] [deg] [deg]   [nT]   [nT]   [nT] [nT] [nT] [nT][cm-3][km/s]     [K][cm-3][km/s]     [K]
 0:08:56 0.98 267.90 220.65 -0.42 1706  -1.00    -1.0     -1. -1.00 -1.00   0.00   0.00   0.00 0.00 0.00 0.00 -1.00  -1.0     -1. 14.32 380.9  64271.
 0:11:38 0.98 267.90 220.62 -0.42 1706  -1.00    -1.0     -1. -1.00 -1.00   0.00   0.00   0.00 0.00 0.00 0.00 -1.00  -1.0     -1. 10.62 387.8  42370.
 0:14:20 0.98 267.90 220.60 -0.42 1706  -1.00    -1.0     -1. -1.00 -1.00   0.00   0.00   0.00 0.00 0.00 0.00 -1.00  -1.0     -1. 10.72 386.1  46125.
 0:17:02 0.98 267.90 220.57 -0.42 1706  -1.00    -1.0     -1. -1.00 -1.00   0.00   0.00   0.00 0.00 0.00 0.00 -1.00  -1.0     -1.  8.96 383.8  35217.
 0:19:46 0.98 267.90 220.55 -0.42 1706  -1.00    -1.0     -1. -1.00 -1.00   0.00   0.00   0.00 0.00 0.00 0.00 -1.00  -1.0     -1.  9.34 376.6  30591.
 0:22:28 0.98 267.90 220.52 -0.42 1706  -1.00    -1.0     -1. -1.00 -1.00   0.00   0.00   0.00 0.00 0.00 0.00 -1.00  -1.0     -1.  9.47 377.1  29684.
 0:25:10 0.98 267.89 220.50 -0.42 1706  -1.00    -1.0     -1. -1.00 -1.00   0.00   0.00   0.00 0.00 0.00 0.00 -1.00  -1.0     -1. 11.90 377.2  39485.
 0:27:52 0.98 267.89 220.47 -0.42 1706  -1.00    -1.0     -1. -1.00 -1.00   0.00   0.00   0.00 0.00 0.00 0.00 -1.00  -1.0     -1.  9.83 377.5  21005.
 0:30:34 0.98 267.89 220.44 -0.42 1706  -1.00    -1.0     -1. -1.00 -1.00   0.00   0.00   0.00 0.00 0.00 0.00 -1.00  -1.0     -1. 11.53 376.3  23425.
 0:33:16 0.98 267.89 220.42 -0.42 1706  -1.00    -1.0     -1. -1.00 -1.00   0.00   0.00   0.00 0.00 0.00 0.00 -1.00  -1.0     -1. 14.35 377.6  24701.
 0:35:58 0.98 267.89 220.40 -0.42 1706  -1.00    -1.0     -1. -1.00 -1.00   0.00   0.00   0.00 0.00 0.00 0.00 -1.00  -1.0     -1. 14.72 380.3  29977.
 0:38:40 0.98 267.89 220.37 -0.42 1706  -1.00    -1.0     -1. -1.00 -1.00   0.00   0.00   0.00 0.00 0.00 0.00 -1.00  -1.0     -1. 13.79 388.1  24250.
 0:41:22 0.98 267.89 220.34 -0.42 1706  -1.00    -1.0     -1. -1.00 -1.00   0.00   0.00   0.00 0.00 0.00 0.00 -1.00  -1.0     -1. 13.91 376.1  25192.
 0:44:04 0.98 267.89 220.32 -0.42 1706  -1.00    -1.0     -1. -1.00 -1.00   0.00   0.00   0.00 0.00 0.00 0.00 -1.00  -1.0     -1. 13.56 377.4  24880.
 0:46:46 0.98 267.89 220.29 -0.42 1706  -1.00    -1.0     -1. -1.00 -1.00   0.00   0.00   0.00 0.00 0.00 0.00 -1.00  -1.0     -1. 14.49 380.6  34018.
 0:49:28 0.98 267.89 220.27 -0.42 1706  -1.00    -1.0     -1. -1.00 -1.00   0.00   0.00   0.00 0.00 0.00 0.00 -1.00  -1.0     -1. 12.30 382.8  29113.
 0:52:10 0.98 267.89 220.24 -0.42 1706  -1.00    -1.0     -1. -1.00 -1.00   0.00   0.00   0.00 0.00 0.00 0.00 -1.00  -1.0     -1. 13.37 383.3  37910.
 0:54:52 0.98 267.89 220.22 -0.42 1706  -1.00    -1.0     -1. -1.00 -1.00   0.00   0.00   0.00 0.00 0.00 0.00 -1.00  -1.0     -1. 15.69 395.2  34138.
 0:57:34 0.98 267.89 220.19 -0.43 1706  -1.00    -1.0     -1. -1.00 -1.00   0.00   0.00   0.00 0.00 0.00 0.00 -1.00  -1.0     -1. 13.07 394.1  33108.
 1:00:16 0.98 267.89 220.17 -0.43 1706  -1.00    -1.0     -1. -1.00 -1.00   0.00   0.00   0.00 0.00 0.00 0.00 -1.00  -1.0     -1.  9.19 394.0  58342.
 1:02:58 0.98 267.89 220.14 -0.43 1706  -1.00    -1.0     -1. -1.00 -1.00   0.00   0.00   0.00 0.00 0.00 0.00 -1.00  -1.0     -1.  9.59 389.3  56091.
 1:05:40 0.98 267.89 220.12 -0.43 1706  -1.00    -1.0     -1. -1.00 -1.00   0.00   0.00   0.00 0.00 0.00 0.00 -1.00  -1.0     -1. 10.54 397.1  73311.
 1:08:22 0.98 267.89 220.09 -0.43 1706  -1.00    -1.0     -1. -1.00 -1.00   0.00   0.00   0.00 0.00 0.00 0.00 -1.00  -1.0     -1. 11.04 400.8  50903.
 1:11:04 0.98 267.88 220.07 -0.43 1706  -1.00    -1.0     -1. -1.00 -1.00   0.00   0.00   0.00 0.00 0.00 0.00 -1.00  -1.0     -1. 13.31 400.8  69998.
 1:13:46 0.98 267.88 220.04 -0.43 1706  -1.00    -1.0     -1. -1.00 -1.00   0.00   0.00   0.00 0.00 0.00 0.00 -1.00  -1.0     -1. 12.57 402.4  78648.
 1:16:28 0.98 267.88 220.02 -0.43 1706  -1.00    -1.0     -1. -1.00 -1.00   0.00   0.00   0.00 0.00 0.00 0.00 -1.00  -1.0     -1. 16.50 400.4  57030.
 1:19:10 0.98 267.88 219.99 -0.43 1706  -1.00    -1.0     -1. -1.00 -1.00   0.00   0.00   0.00 0.00 0.00 0.00 -1.00  -1.0     -1. 18.12 393.3  31721.
 1:21:52 0.98 267.88 219.96 -0.43 1706  -1.00    -1.0     -1. -1.00 -1.00   0.00   0.00   0.00 0.00 0.00 0.00 -1.00  -1.0     -1. 18.68 397.0  46706.
 1:24:34 0.98 267.88 219.94 -0.43 1706  -1.00    -1.0     -1. -1.00 -1.00   0.00   0.00   0.00 0.00 0.00 0.00 -1.00  -1.0     -1. 21.58 397.6  31072.
 1:27:16 0.98 267.88 219.92 -0.43 1706  -1.00    -1.0     -1. -1.00 -1.00   0.00   0.00   0.00 0.00 0.00 0.00 -1.00  -1.0     -1. 20.36 392.9  40317.
 1:29:58 0.98 267.88 219.89 -0.43 1706  -1.00    -1.0     -1. -1.00 -1.00   0.00   0.00   0.00 0.00 0.00 0.00 -1.00  -1.0     -1. 18.50 395.3  31452.
 1:32:40 0.98 267.88 219.86 -0.43 1706  -1.00    -1.0     -1. -1.00 -1.00   0.00   0.00   0.00 0.00 0.00 0.00 -1.00  -1.0     -1. 21.69 395.5  39846.
 1:35:22 0.98 267.88 219.84 -0.43 1706  -1.00    -1.0     -1. -1.00 -1.00   0.00   0.00   0.00 0.00 0.00 0.00 -1.00  -1.0     -1. 24.31 398.1  26407.
 1:38:04 0.98 267.88 219.81 -0.43 1706  -1.00    -1.0     -1. -1.00 -1.00   0.00   0.00   0.00 0.00 0.00 0.00 -1.00  -1.0     -1. 23.94 394.7  33381.
 1:40:46 0.98 267.88 219.79 -0.43 1706  -1.00    -1.0     -1. -1.00 -1.00   0.00   0.00   0.00 0.00 0.00 0.00 -1.00  -1.0     -1. 21.66 391.7  26322.
 1:43:28 0.98 267.88 219.76 -0.43 1706  -1.00    -1.0     -1. -1.00 -1.00   0.00   0.00   0.00 0.00 0.00 0.00 -1.00  -1.0     -1. 21.30 393.8  29795.
 1:46:10 0.98 267.88 219.74 -0.43 1706  -1.00    -1.0     -1. -1.00 -1.00   0.00   0.00   0.00 0.00 0.00 0.00 -1.00  -1.0     -1. 19.71 389.5  26745.
 1:48:52 0.98 267.88 219.71 -0.43 1706  -1.00    -1.0     -1. -1.00 -1.00   0.00   0.00   0.00 0.00 0.00 0.00 -1.00  -1.0     -1. 22.59 393.9  29486.
 1:51:34 0.98 267.88 219.69 -0.43 1706  -1.00    -1.0     -1. -1.00 -1.00   0.00   0.00   0.00 0.00 0.00 0.00 -1.00  -1.0     -1. 22.94 394.1  27225.
 1:54:16 0.98 267.88 219.66 -0.43 1706  -1.00    -1.0     -1. -1.00 -1.00   0.00   0.00   0.00 0.00 0.00 0.00 -1.00  -1.0     -1. 25.17 393.8  38312.
 1:56:58 0.98 267.88 219.64 -0.43 1706  -1.00    -1.0     -1. -1.00 -1.00   0.00   0.00   0.00 0.00 0.00 0.00 -1.00  -1.0     -1. 22.46 395.9  25354.
 1:59:40 0.98 267.87 219.61 -0.43 1706  -1.00    -1.0     -1. -1.00 -1.00   0.00   0.00   0.00 0.00 0.00 0.00 -1.00  -1.0     -1. 22.70 393.7  30461.
 2:02:22 0.98 267.87 219.58 -0.43 1706  -1.00    -1.0     -1. -1.00 -1.00   0.00   0.00   0.00 0.00 0.00 0.00 -1.00  -1.0     -1. 21.22 390.6  36760.
 2:05:04 0.98 267.87 219.56 -0.43 1706  -1.00    -1.0     -1. -1.00 -1.00   0.00   0.00   0.00 0.00 0.00 0.00 -1.00  -1.0     -1. 21.58 388.8  28281.
 2:07:46 0.98 267.87 219.54 -0.43 1706  -1.00    -1.0     -1. -1.00 -1.00   0.00   0.00   0.00 0.00 0.00 0.00 -1.00  -1.0     -1. 20.65 388.4  39092.
 2:10:28 0.98 267.87 219.51 -0.43 1706  -1.00    -1.0     -1. -1.00 -1.00   0.00   0.00   0.00 0.00 0.00 0.00 -1.00  -1.0     -1. 23.42 386.9  42201.
 2:13:10 0.98 267.87 219.49 -0.43 1706  -1.00    -1.0     -1. -1.00 -1.00   0.00   0.00   0.00 0.00 0.00 0.00 -1.00  -1.0     -1. 21.56 392.4  45881.
 2:15:52 0.98 267.87 219.46 -0.43 1706  -1.00    -1.0     -1. -1.00 -1.00   0.00   0.00   0.00 0.00 0.00 0.00 -1.00  -1.0     -1. 22.27 395.5  44426.
 2:18:34 0.98 267.87 219.43 -0.43 1706  -1.00    -1.0     -1. -1.00 -1.00   0.00   0.00   0.00 0.00 0.00 0.00 -1.00  -1.0     -1. 20.19 390.5  37997.
 2:21:16 0.98 267.87 219.41 -0.43 1706  -1.00    -1.0     -1. -1.00 -1.00   0.00   0.00   0.00 0.00 0.00 0.00 -1.00  -1.0     -1. 22.76 392.8  38621.
 2:23:58 0.98 267.87 219.39 -0.43 1706  -1.00    -1.0     -1. -1.00 -1.00   0.00   0.00   0.00 0.00 0.00 0.00 -1.00  -1.0     -1. 21.73 390.3  37276.
 2:26:40 0.98 267.87 219.36 -0.43 1706  -1.00    -1.0     -1. -1.00 -1.00   0.00   0.00   0.00 0.00 0.00 0.00 -1.00  -1.0     -1. 23.33 392.3  42594.
 2:29:22 0.98 267.87 219.33 -0.43 1706  -1.00    -1.0     -1. -1.00 -1.00   0.00   0.00   0.00 0.00 0.00 0.00 -1.00  -1.0     -1. 24.64 390.6  42266.
 2:32:04 0.98 267.87 219.31 -0.43 1706  -1.00    -1.0     -1. -1.00 -1.00   0.00   0.00   0.00 0.00 0.00 0.00 -1.00  -1.0     -1. 23.50 392.6  43841.
 2:34:46 0.98 267.87 219.28 -0.43 1706  -1.00    -1.0     -1. -1.00 -1.00   0.00   0.00   0.00 0.00 0.00 0.00 -1.00  -1.0     -1. 23.79 389.8  44322.
 2:37:28 0.98 267.87 219.26 -0.43 1706  -1.00    -1.0     -1. -1.00 -1.00   0.00   0.00   0.00 0.00 0.00 0.00 -1.00  -1.0     -1. 25.92 392.1  37890.
 2:40:10 0.98 267.87 219.23 -0.43 1706  -1.00    -1.0     -1. -1.00 -1.00   0.00   0.00   0.00 0.00 0.00 0.00 -1.00  -1.0     -1. 21.14 389.4  45803.
 2:42:52 0.98 267.87 219.21 -0.43 1706  -1.00    -1.0     -1. -1.00 -1.00   0.00   0.00   0.00 0.00 0.00 0.00 -1.00  -1.0     -1. 22.18 391.1  39680.
 2:45:34 0.98 267.86 219.18 -0.43 1706  -1.00    -1.0     -1. -1.00 -1.00   0.00   0.00   0.00 0.00 0.00 0.00 -1.00  -1.0     -1. 21.76 391.4  29987.
 2:48:16 0.98 267.86 219.16 -0.43 1706  -1.00    -1.0     -1. -1.00 -1.00   0.00   0.00   0.00 0.00 0.00 0.00 -1.00  -1.0     -1. 24.13 389.6  26017.
 2:50:58 0.98 267.86 219.13 -0.43 1706  -1.00    -1.0     -1. -1.00 -1.00   0.00   0.00   0.00 0.00 0.00 0.00 -1.00  -1.0     -1. 22.75 392.5  31130.
 2:53:40 0.98 267.86 219.11 -0.43 1706  -1.00    -1.0     -1. -1.00 -1.00   0.00   0.00   0.00 0.00 0.00 0.00 -1.00  -1.0     -1. 22.24 394.6  37968.
 2:56:22 0.98 267.86 219.08 -0.43 1706  -1.00    -1.0     -1. -1.00 -1.00   0.00   0.00   0.00 0.00 0.00 0.00 -1.00  -1.0     -1. 18.40 391.6  26494.
 2:59:04 0.98 267.86 219.05 -0.43 1706  -1.00    -1.0     -1. -1.00 -1.00   0.00   0.00   0.00 0.00 0.00 0.00 -1.00  -1.0     -1. 18.46 390.6  23688.
 3:01:46 0.98 267.86 219.03 -0.43 1706  -1.00    -1.0     -1. -1.00 -1.00   0.00   0.00   0.00 0.00 0.00 0.00 -1.00  -1.0     -1. 19.07 389.3  42279.
 3:04:28 0.98 267.86 219.01 -0.43 1706  -1.00    -1.0     -1. -1.00 -1.00   0.00   0.00   0.00 0.00 0.00 0.00 -1.00  -1.0     -1. 19.01 386.3  28164.
 3:07:10 0.98 267.86 218.98 -0.43 1706  -1.00    -1.0     -1. -1.00 -1.00   0.00   0.00   0.00 0.00 0.00 0.00 -1.00  -1.0     -1. 19.27 387.1  34223.
 3:09:52 0.98 267.86 218.95 -0.43 1706  -1.00    -1.0     -1. -1.00 -1.00   0.00   0.00   0.00 0.00 0.00 0.00 -1.00  -1.0     -1. 17.44 388.4  28749.
 3:12:34 0.98 267.86 218.93 -0.43 1706  -1.00    -1.0     -1. -1.00 -1.00   0.00   0.00   0.00 0.00 0.00 0.00 -1.00  -1.0     -1. 19.79 389.2  27043.
 3:15:16 0.98 267.86 218.90 -0.43 1706  -1.00    -1.0     -1. -1.00 -1.00   0.00   0.00   0.00 0.00 0.00 0.00 -1.00  -1.0     -1. 17.52 389.1  22219.
 3:17:58 0.98 267.86 218.88 -0.43 1706  -1.00    -1.0     -1. -1.00 -1.00   0.00   0.00   0.00 0.00 0.00 0.00 -1.00  -1.0     -1. 18.88 387.0  29395.
 3:20:40 0.98 267.86 218.85 -0.43 1706  -1.00    -1.0     -1. -1.00 -1.00   0.00   0.00   0.00 0.00 0.00 0.00 -1.00  -1.0     -1. 18.19 392.0  22382.
 3:23:22 0.98 267.86 218.83 -0.43 1706  -1.00    -1.0     -1. -1.00 -1.00   0.00   0.00   0.00 0.00 0.00 0.00 -1.00  -1.0     -1. 22.62 392.1  26972.
 3:26:04 0.98 267.86 218.80 -0.43 1706  -1.00    -1.0     -1. -1.00 -1.00   0.00   0.00   0.00 0.00 0.00 0.00 -1.00  -1.0     -1. 23.04 394.9  34469.
 3:28:46 0.98 267.86 218.78 -0.43 1706  -1.00    -1.0     -1. -1.00 -1.00   0.00   0.00   0.00 0.00 0.00 0.00 -1.00  -1.0     -1. 20.57 391.8  26053.
 3:31:28 0.98 267.86 218.75 -0.43 1706  -1.00    -1.0     -1. -1.00 -1.00   0.00   0.00   0.00 0.00 0.00 0.00 -1.00  -1.0     -1. 23.03 393.3  38296.
 3:34:10 0.98 267.85 218.73 -0.43 1706  -1.00    -1.0     -1. -1.00 -1.00   0.00   0.00   0.00 0.00 0.00 0.00 -1.00  -1.0     -1. 21.74 388.8  30672.
 3:36:52 0.98 267.85 218.70 -0.43 1706  -1.00    -1.0     -1. -1.00 -1.00   0.00   0.00   0.00 0.00 0.00 0.00 -1.00  -1.0     -1. 24.32 392.2  37026.
 3:39:34 0.98 267.85 218.67 -0.43 1706  -1.00    -1.0     -1. -1.00 -1.00   0.00   0.00   0.00 0.00 0.00 0.00 -1.00  -1.0     -1. 21.06 390.1  26274.
 3:42:16 0.98 267.85 218.65 -0.44 1706  -1.00    -1.0     -1. -1.00 -1.00   0.00   0.00   0.00 0.00 0.00 0.00 -1.00  -1.0     -1. 20.94 384.7  25588.
 3:44:58 0.98 267.85 218.63 -0.44 1706  -1.00    -1.0     -1. -1.00 -1.00   0.00   0.00   0.00 0.00 0.00 0.00 -1.00  -1.0     -1. 20.61 383.2  36311.
 3:47:40 0.98 267.85 218.60 -0.44 1706  -1.00    -1.0     -1. -1.00 -1.00   0.00   0.00   0.00 0.00 0.00 0.00 -1.00  -1.0     -1. 18.68 387.2  25396.
 3:50:22 0.98 267.85 218.57 -0.44 1706  -1.00    -1.0     -1. -1.00 -1.00   0.00   0.00   0.00 0.00 0.00 0.00 -1.00  -1.0     -1. 20.66 385.7  33190.
 3:53:04 0.98 267.85 218.55 -0.44 1706  -1.00    -1.0     -1. -1.00 -1.00   0.00   0.00   0.00 0.00 0.00 0.00 -1.00  -1.0     -1. 19.23 387.9  21667.
 3:55:46 0.98 267.85 218.52 -0.44 1706  -1.00    -1.0     -1. -1.00 -1.00   0.00   0.00   0.00 0.00 0.00 0.00 -1.00  -1.0     -1. 20.08 387.8  29077.
 3:58:28 0.98 267.85 218.50 -0.44 1706  -1.00    -1.0     -1. -1.00 -1.00   0.00   0.00   0.00 0.00 0.00 0.00 -1.00  -1.0     -1. 19.28 386.0  28863.
 4:01:10 0.98 267.85 218.47 -0.44 1706  -1.00    -1.0     -1. -1.00 -1.00   0.00   0.00   0.00 0.00 0.00 0.00 -1.00  -1.0     -1. 18.57 384.3  39173.
 4:03:52 0.98 267.85 218.45 -0.44 1706  -1.00    -1.0     -1. -1.00 -1.00   0.00   0.00   0.00 0.00 0.00 0.00 -1.00  -1.0     -1. 14.40 381.5  29109.
 4:06:34 0.98 267.85 218.42 -0.44 1706  -1.00    -1.0     -1. -1.00 -1.00   0.00   0.00   0.00 0.00 0.00 0.00 -1.00  -1.0     -1. 15.44 380.6  37149.
 4:09:16 0.98 267.85 218.40 -0.44 1706  -1.00    -1.0     -1. -1.00 -1.00   0.00   0.00   0.00 0.00 0.00 0.00 -1.00  -1.0     -1. 13.82 378.6  28063.
 4:11:58 0.98 267.85 218.37 -0.44 1706  -1.00    -1.0     -1. -1.00 -1.00   0.00   0.00   0.00 0.00 0.00 0.00 -1.00  -1.0     -1. 15.49 376.5  34450.
 4:14:40 0.98 267.85 218.35 -0.44 1706  -1.00    -1.0     -1. -1.00 -1.00   0.00   0.00   0.00 0.00 0.00 0.00 -1.00  -1.0     -1. 12.31 377.8  25634.
 4:17:22 0.98 267.85 218.32 -0.44 1706  -1.00    -1.0     -1. -1.00 -1.00   0.00   0.00   0.00 0.00 0.00 0.00 -1.00  -1.0     -1. 14.31 380.6  35444.
 4:20:04 0.98 267.85 218.29 -0.44 1706  -1.00    -1.0     -1. -1.00 -1.00   0.00   0.00   0.00 0.00 0.00 0.00 -1.00  -1.0     -1. 14.94 395.8  37361.
 4:22:46 0.98 267.84 218.27 -0.44 1706  -1.00    -1.0     -1. -1.00 -1.00   0.00   0.00   0.00 0.00 0.00 0.00 -1.00  -1.0     -1. 13.91 376.1  38933.
 4:25:28 0.98 267.84 218.25 -0.44 1706  -1.00    -1.0     -1. -1.00 -1.00   0.00   0.00   0.00 0.00 0.00 0.00 -1.00  -1.0     -1. 14.15 379.2  32020.
 4:28:10 0.98 267.84 218.22 -0.44 1706  -1.00    -1.0     -1. -1.00 -1.00   0.00   0.00   0.00 0.00 0.00 0.00 -1.00  -1.0     -1. 16.54 383.8  34953.
 4:30:52 0.98 267.84 218.19 -0.44 1706  -1.00    -1.0     -1. -1.00 -1.00   0.00   0.00   0.00 0.00 0.00 0.00 -1.00  -1.0     -1. 13.94 393.6  33375.
 4:33:34 0.98 267.84 218.17 -0.44 1706  -1.00    -1.0     -1. -1.00 -1.00   0.00   0.00   0.00 0.00 0.00 0.00 -1.00  -1.0     -1. 15.26 381.0  46515.
 4:36:16 0.98 267.84 218.15 -0.44 1706  -1.00    -1.0     -1. -1.00 -1.00   0.00   0.00   0.00 0.00 0.00 0.00 -1.00  -1.0     -1. 13.56 382.2  31084.
 4:38:58 0.98 267.84 218.12 -0.44 1706  -1.00    -1.0     -1. -1.00 -1.00   0.00   0.00   0.00 0.00 0.00 0.00 -1.00  -1.0     -1. 12.95 378.0  37133.
 4:41:40 0.98 267.84 218.09 -0.44 1706  -1.00    -1.0     -1. -1.00 -1.00   0.00   0.00   0.00 0.00 0.00 0.00 -1.00  -1.0     -1. 14.66 383.6  41327.
 4:44:22 0.98 267.84 218.07 -0.44 1706  -1.00    -1.0     -1. -1.00 -1.00   0.00   0.00   0.00 0.00 0.00 0.00 -1.00  -1.0     -1. 15.71 370.7  27589.
 4:47:04 0.98 267.84 218.04 -0.44 1706  -1.00    -1.0     -1. -1.00 -1.00   0.00   0.00   0.00 0.00 0.00 0.00 -1.00  -1.0     -1. 15.41 378.7  29558.
 4:49:46 0.98 267.84 218.02 -0.44 1706  -1.00    -1.0     -1. -1.00 -1.00   0.00   0.00   0.00 0.00 0.00 0.00 -1.00  -1.0     -1. 12.61 374.2  32774.
 4:52:28 0.98 267.84 217.99 -0.44 1706  -1.00    -1.0     -1. -1.00 -1.00   0.00   0.00   0.00 0.00 0.00 0.00 -1.00  -1.0     -1. 13.33 373.7  26231.
 4:55:10 0.98 267.84 217.97 -0.44 1706  -1.00    -1.0     -1. -1.00 -1.00   0.00   0.00   0.00 0.00 0.00 0.00 -1.00  -1.0     -1. 14.77 382.0  38134.
 4:57:52 0.98 267.84 217.94 -0.44 1706  -1.00    -1.0     -1. -1.00 -1.00   0.00   0.00   0.00 0.00 0.00 0.00 -1.00  -1.0     -1. 13.72 372.7  27933.
 5:00:34 0.98 267.84 217.92 -0.44 1706  -1.00    -1.0     -1. -1.00 -1.00   0.00   0.00   0.00 0.00 0.00 0.00 -1.00  -1.0     -1. 13.62 371.2  28479.
 5:03:16 0.98 267.84 217.89 -0.44 1706  -1.00    -1.0     -1. -1.00 -1.00   0.00   0.00   0.00 0.00 0.00 0.00 -1.00  -1.0     -1. 13.88 381.6  25263.
 5:05:58 0.98 267.84 217.87 -0.44 1706  -1.00    -1.0     -1. -1.00 -1.00   0.00   0.00   0.00 0.00 0.00 0.00 -1.00  -1.0     -1. 14.62 384.0  30925.
 5:08:40 0.98 267.84 217.84 -0.44 1706  -1.00    -1.0     -1. -1.00 -1.00   0.00   0.00   0.00 0.00 0.00 0.00 -1.00  -1.0     -1. 15.13 385.4  31952.
 5:11:22 0.98 267.83 217.82 -0.44 1706  -1.00    -1.0     -1. -1.00 -1.00   0.00   0.00   0.00 0.00 0.00 0.00 -1.00  -1.0     -1. 14.91 359.4  40729.
 5:14:04 0.98 267.83 217.79 -0.44 1706  -1.00    -1.0     -1. -1.00 -1.00   0.00   0.00   0.00 0.00 0.00 0.00 -1.00  -1.0     -1. 13.03 358.6  25020.
 5:16:46 0.98 267.83 217.77 -0.44 1706  -1.00    -1.0     -1. -1.00 -1.00   0.00   0.00   0.00 0.00 0.00 0.00 -1.00  -1.0     -1. 13.73 385.8  31227.
 5:19:28 0.98 267.83 217.74 -0.44 1706  -1.00    -1.0     -1. -1.00 -1.00   0.00   0.00   0.00 0.00 0.00 0.00 -1.00  -1.0     -1. 13.22 386.0  45459.
 5:22:10 0.98 267.83 217.72 -0.44 1706  -1.00    -1.0     -1. -1.00 -1.00   0.00   0.00   0.00 0.00 0.00 0.00 -1.00  -1.0     -1. 14.54 381.7  32335.
 5:24:52 0.98 267.83 217.69 -0.44 1706  -1.00    -1.0     -1. -1.00 -1.00   0.00   0.00   0.00 0.00 0.00 0.00 -1.00  -1.0     -1. 14.61 421.1  29197.
 5:27:34 0.98 267.83 217.66 -0.44 1706  -1.00    -1.0     -1. -1.00 -1.00   0.00   0.00   0.00 0.00 0.00 0.00 -1.00  -1.0     -1. 16.39 362.9  40892.
 5:30:16 0.98 267.83 217.64 -0.44 1706  -1.00    -1.0     -1. -1.00 -1.00   0.00   0.00   0.00 0.00 0.00 0.00 -1.00  -1.0     -1. 15.61 344.7  36214.
 5:32:58 0.98 267.83 217.62 -0.44 1706  -1.00    -1.0     -1. -1.00 -1.00   0.00   0.00   0.00 0.00 0.00 0.00 -1.00  -1.0     -1. 14.94 383.4  42938.
 5:35:40 0.98 267.83 217.59 -0.44 1706  -1.00    -1.0     -1. -1.00 -1.00   0.00   0.00   0.00 0.00 0.00 0.00 -1.00  -1.0     -1. 15.30 360.7  41398.
 5:38:22 0.98 267.83 217.56 -0.44 1706  -1.00    -1.0     -1. -1.00 -1.00   0.00   0.00   0.00 0.00 0.00 0.00 -1.00  -1.0     -1. 15.60 359.7  41954.
 5:41:04 0.98 267.83 217.54 -0.44 1706  -1.00    -1.0     -1. -1.00 -1.00   0.00   0.00   0.00 0.00 0.00 0.00 -1.00  -1.0     -1. 15.31 356.6  24438.
 5:43:46 0.98 267.83 217.51 -0.44 1706  -1.00    -1.0     -1. -1.00 -1.00   0.00   0.00   0.00 0.00 0.00 0.00 -1.00  -1.0     -1. 12.30 372.0  25068.
 5:46:28 0.98 267.83 217.49 -0.44 1706  -1.00    -1.0     -1. -1.00 -1.00   0.00   0.00   0.00 0.00 0.00 0.00 -1.00  -1.0     -1. 13.10 352.2  27151.
 5:49:10 0.98 267.83 217.46 -0.44 1706  -1.00    -1.0     -1. -1.00 -1.00   0.00   0.00   0.00 0.00 0.00 0.00 -1.00  -1.0     -1. 14.56 358.8  36539.
 5:51:52 0.98 267.83 217.44 -0.44 1706  -1.00    -1.0     -1. -1.00 -1.00   0.00   0.00   0.00 0.00 0.00 0.00 -1.00  -1.0     -1. 13.19 377.0  30175.
 5:54:34 0.98 267.83 217.41 -0.44 1706  -1.00    -1.0     -1. -1.00 -1.00   0.00   0.00   0.00 0.00 0.00 0.00 -1.00  -1.0     -1. 15.92 376.2  34726.
 5:57:16 0.98 267.83 217.39 -0.44 1706  -1.00    -1.0     -1. -1.00 -1.00   0.00   0.00   0.00 0.00 0.00 0.00 -1.00  -1.0     -1. 15.22 369.0  45085.
 5:59:58 0.98 267.82 217.36 -0.44 1706  -1.00    -1.0     -1. -1.00 -1.00   0.00   0.00   0.00 0.00 0.00 0.00 -1.00  -1.0     -1. 15.01 370.6  35337.
 6:02:40 0.98 267.82 217.34 -0.44 1706  -1.00    -1.0     -1. -1.00 -1.00   0.00   0.00   0.00 0.00 0.00 0.00 -1.00  -1.0     -1. 13.79 368.0  30266.
 6:05:22 0.98 267.82 217.31 -0.44 1706  -1.00    -1.0     -1. -1.00 -1.00   0.00   0.00   0.00 0.00 0.00 0.00 -1.00  -1.0     -1. 13.90 371.1  28596.
 6:08:04 0.98 267.82 217.28 -0.44 1706  -1.00    -1.0     -1. -1.00 -1.00   0.00   0.00   0.00 0.00 0.00 0.00 -1.00  -1.0     -1. 13.17 373.5  38631.
 6:10:46 0.98 267.82 217.26 -0.44 1706  -1.00    -1.0     -1. -1.00 -1.00   0.00   0.00   0.00 0.00 0.00 0.00 -1.00  -1.0     -1. 16.42 382.0  36006.
 6:13:28 0.98 267.82 217.24 -0.44 1706  -1.00    -1.0     -1. -1.00 -1.00   0.00   0.00   0.00 0.00 0.00 0.00 -1.00  -1.0     -1. 14.09 393.7  34336.
 6:16:10 0.98 267.82 217.21 -0.44 1706  -1.00    -1.0     -1. -1.00 -1.00   0.00   0.00   0.00 0.00 0.00 0.00 -1.00  -1.0     -1. 21.23 395.1  53528.
 6:18:52 0.98 267.82 217.18 -0.44 1706  -1.00    -1.0     -1. -1.00 -1.00   0.00   0.00   0.00 0.00 0.00 0.00 -1.00  -1.0     -1. 12.52 403.5  27355.
 6:21:34 0.98 267.82 217.16 -0.44 1706  -1.00    -1.0     -1. -1.00 -1.00   0.00   0.00   0.00 0.00 0.00 0.00 -1.00  -1.0     -1. 15.10 393.7  31039.
 6:24:16 0.98 267.82 217.13 -0.45 1706  -1.00    -1.0     -1. -1.00 -1.00   0.00   0.00   0.00 0.00 0.00 0.00 -1.00  -1.0     -1. 16.40 391.5  30461.
 6:26:58 0.98 267.82 217.11 -0.45 1706  -1.00    -1.0     -1. -1.00 -1.00   0.00   0.00   0.00 0.00 0.00 0.00 -1.00  -1.0     -1. 16.20 391.5  29360.
 6:29:40 0.98 267.82 217.08 -0.45 1706  -1.00    -1.0     -1. -1.00 -1.00   0.00   0.00   0.00 0.00 0.00 0.00 -1.00  -1.0     -1. 15.54 402.1  25513.
 6:32:22 0.98 267.82 217.06 -0.45 1706  -1.00    -1.0     -1. -1.00 -1.00   0.00   0.00   0.00 0.00 0.00 0.00 -1.00  -1.0     -1. 17.76 396.8  31637.
 6:35:04 0.98 267.82 217.03 -0.45 1706  -1.00    -1.0     -1. -1.00 -1.00   0.00   0.00   0.00 0.00 0.00 0.00 -1.00  -1.0     -1. 19.52 387.2  28619.
 6:37:46 0.98 267.82 217.01 -0.45 1706  -1.00    -1.0     -1. -1.00 -1.00   0.00   0.00   0.00 0.00 0.00 0.00 -1.00  -1.0     -1. 17.39 386.6  34037.
 6:40:28 0.98 267.82 216.98 -0.45 1706  -1.00    -1.0     -1. -1.00 -1.00   0.00   0.00   0.00 0.00 0.00 0.00 -1.00  -1.0     -1. 16.25 388.4  28642.
 6:43:10 0.98 267.82 216.96 -0.45 1706  -1.00    -1.0     -1. -1.00 -1.00   0.00   0.00   0.00 0.00 0.00 0.00 -1.00  -1.0     -1. 17.57 392.2  29278.
 6:45:52 0.98 267.82 216.93 -0.45 1706  -1.00    -1.0     -1. -1.00 -1.00   0.00   0.00   0.00 0.00 0.00 0.00 -1.00  -1.0     -1. 15.41 392.8  37741.
 6:48:34 0.98 267.81 216.90 -0.45 1706  -1.00    -1.0     -1. -1.00 -1.00   0.00   0.00   0.00 0.00 0.00 0.00 -1.00  -1.0     -1. 14.63 389.3  39547.
 6:51:16 0.98 267.81 216.88 -0.45 1706  -1.00    -1.0     -1. -1.00 -1.00   0.00   0.00   0.00 0.00 0.00 0.00 -1.00  -1.0     -1. 15.20 395.4  48675.
 6:53:58 0.98 267.81 216.86 -0.45 1706  -1.00    -1.0     -1. -1.00 -1.00   0.00   0.00   0.00 0.00 0.00 0.00 -1.00  -1.0     -1. 14.52 389.9  37442.
 6:56:40 0.98 267.81 216.83 -0.45 1706  -1.00    -1.0     -1. -1.00 -1.00   0.00   0.00   0.00 0.00 0.00 0.00 -1.00  -1.0     -1. 14.07 394.4  53551.
 6:59:22 0.98 267.81 216.80 -0.45 1706  -1.00    -1.0     -1. -1.00 -1.00   0.00   0.00   0.00 0.00 0.00 0.00 -1.00  -1.0     -1. 15.33 390.4  46310.
 7:02:04 0.98 267.81 216.78 -0.45 1706  -1.00    -1.0     -1. -1.00 -1.00   0.00   0.00   0.00 0.00 0.00 0.00 -1.00  -1.0     -1. 15.67 397.1  43312.
 7:04:46 0.98 267.81 216.75 -0.45 1706  -1.00    -1.0     -1. -1.00 -1.00   0.00   0.00   0.00 0.00 0.00 0.00 -1.00  -1.0     -1. 14.10 396.2  39131.
 7:07:28 0.98 267.81 216.73 -0.45 1706  -1.00    -1.0     -1. -1.00 -1.00   0.00   0.00   0.00 0.00 0.00 0.00 -1.00  -1.0     -1. 14.10 388.7  39712.
 7:10:10 0.98 267.81 216.70 -0.45 1706  -1.00    -1.0     -1. -1.00 -1.00   0.00   0.00   0.00 0.00 0.00 0.00 -1.00  -1.0     -1. 13.88 400.2  51368.
 7:12:52 0.98 267.81 216.68 -0.45 1706  -1.00    -1.0     -1. -1.00 -1.00   0.00   0.00   0.00 0.00 0.00 0.00 -1.00  -1.0     -1. 14.75 381.9  60639.
 7:15:34 0.98 267.81 216.65 -0.45 1706  -1.00    -1.0     -1. -1.00 -1.00   0.00   0.00   0.00 0.00 0.00 0.00 -1.00  -1.0     -1. 12.91 384.2  38855.
 7:18:16 0.98 267.81 216.63 -0.45 1706  -1.00    -1.0     -1. -1.00 -1.00   0.00   0.00   0.00 0.00 0.00 0.00 -1.00  -1.0     -1. 13.52 391.7  37036.
 7:20:58 0.98 267.81 216.60 -0.45 1706  -1.00    -1.0     -1. -1.00 -1.00   0.00   0.00   0.00 0.00 0.00 0.00 -1.00  -1.0     -1. 14.03 387.7  51806.
 7:23:40 0.98 267.81 216.58 -0.45 1706  -1.00    -1.0     -1. -1.00 -1.00   0.00   0.00   0.00 0.00 0.00 0.00 -1.00  -1.0     -1. 14.59 382.9  43481.
 7:26:22 0.98 267.81 216.55 -0.45 1706  -1.00    -1.0     -1. -1.00 -1.00   0.00   0.00   0.00 0.00 0.00 0.00 -1.00  -1.0     -1. 15.02 383.7  47385.
 7:29:04 0.98 267.81 216.52 -0.45 1706  -1.00    -1.0     -1. -1.00 -1.00   0.00   0.00   0.00 0.00 0.00 0.00 -1.00  -1.0     -1. 15.50 372.7  39771.
 7:31:46 0.98 267.81 216.50 -0.45 1706  -1.00    -1.0     -1. -1.00 -1.00   0.00   0.00   0.00 0.00 0.00 0.00 -1.00  -1.0     -1. 16.27 369.3  39764.
 7:34:28 0.98 267.80 216.48 -0.45 1706  -1.00    -1.0     -1. -1.00 -1.00   0.00   0.00   0.00 0.00 0.00 0.00 -1.00  -1.0     -1. 13.97 387.1  38410.
 7:37:10 0.98 267.80 216.45 -0.45 1706  -1.00    -1.0     -1. -1.00 -1.00   0.00   0.00   0.00 0.00 0.00 0.00 -1.00  -1.0     -1. 13.48 384.1  32826.
 7:39:52 0.98 267.80 216.42 -0.45 1706  -1.00    -1.0     -1. -1.00 -1.00   0.00   0.00   0.00 0.00 0.00 0.00 -1.00  -1.0     -1. 14.03 383.8  36315.
 7:42:34 0.98 267.80 216.40 -0.45 1706  -1.00    -1.0     -1. -1.00 -1.00   0.00   0.00   0.00 0.00 0.00 0.00 -1.00  -1.0     -1. 14.16 388.0  40940.
 7:45:16 0.98 267.80 216.37 -0.45 1706  -1.00    -1.0     -1. -1.00 -1.00   0.00   0.00   0.00 0.00 0.00 0.00 -1.00  -1.0     -1. 14.85 373.5  43663.
 7:47:58 0.98 267.80 216.35 -0.45 1706  -1.00    -1.0     -1. -1.00 -1.00   0.00   0.00   0.00 0.00 0.00 0.00 -1.00  -1.0     -1. 12.55 392.0  31685.
 7:50:40 0.98 267.80 216.32 -0.45 1706  -1.00    -1.0     -1. -1.00 -1.00   0.00   0.00   0.00 0.00 0.00 0.00 -1.00  -1.0     -1. 16.02 390.2  42571.
 7:53:22 0.98 267.80 216.30 -0.45 1706  -1.00    -1.0     -1. -1.00 -1.00   0.00   0.00   0.00 0.00 0.00 0.00 -1.00  -1.0     -1. 16.07 398.0  34287.
 7:56:04 0.98 267.80 216.27 -0.45 1706  -1.00    -1.0     -1. -1.00 -1.00   0.00   0.00   0.00 0.00 0.00 0.00 -1.00  -1.0     -1. 16.24 373.1  33540.
 7:58:46 0.98 267.80 216.25 -0.45 1706  -1.00    -1.0     -1. -1.00 -1.00   0.00   0.00   0.00 0.00 0.00 0.00 -1.00  -1.0     -1. 16.89 381.4  33021.
 8:01:28 0.98 267.80 216.23 -0.45 1706  -1.00    -1.0     -1. -1.00 -1.00   0.00   0.00   0.00 0.00 0.00 0.00 -1.00  -1.0     -1. 17.36 381.6  27755.
 8:04:10 0.98 267.80 216.20 -0.45 1706  -1.00    -1.0     -1. -1.00 -1.00   0.00   0.00   0.00 0.00 0.00 0.00 -1.00  -1.0     -1. 16.84 382.4  38582.
 8:06:52 0.98 267.80 216.17 -0.45 1706  -1.00    -1.0     -1. -1.00 -1.00   0.00   0.00   0.00 0.00 0.00 0.00 -1.00  -1.0     -1. 17.34 383.9  34002.
 8:09:34 0.98 267.80 216.15 -0.45 1706  -1.00    -1.0     -1. -1.00 -1.00   0.00   0.00   0.00 0.00 0.00 0.00 -1.00  -1.0     -1. 15.94 391.3  41895.
 8:12:16 0.98 267.80 216.12 -0.45 1706  -1.00    -1.0     -1. -1.00 -1.00   0.00   0.00   0.00 0.00 0.00 0.00 -1.00  -1.0     -1. 16.22 387.5  38166.
 8:14:58 0.98 267.80 216.10 -0.45 1706  -1.00    -1.0     -1. -1.00 -1.00   0.00   0.00   0.00 0.00 0.00 0.00 -1.00  -1.0     -1. 14.48 391.4  32407.
 8:17:40 0.98 267.80 216.07 -0.45 1706  -1.00    -1.0     -1. -1.00 -1.00   0.00   0.00   0.00 0.00 0.00 0.00 -1.00  -1.0     -1. 16.37 394.8  45059.
 8:20:22 0.98 267.80 216.05 -0.45 1706  -1.00    -1.0     -1. -1.00 -1.00   0.00   0.00   0.00 0.00 0.00 0.00 -1.00  -1.0     -1. 13.16 395.7  31698.
 8:23:04 0.98 267.79 216.02 -0.45 1706  -1.00    -1.0     -1. -1.00 -1.00   0.00   0.00   0.00 0.00 0.00 0.00 -1.00  -1.0     -1. 15.64 390.1  33784.
 8:25:46 0.98 267.79 216.00 -0.45 1706  -1.00    -1.0     -1. -1.00 -1.00   0.00   0.00   0.00 0.00 0.00 0.00 -1.00  -1.0     -1. 14.50 382.3  27492.
 8:28:28 0.98 267.79 215.97 -0.45 1706  -1.00    -1.0     -1. -1.00 -1.00   0.00   0.00   0.00 0.00 0.00 0.00 -1.00  -1.0     -1. 19.76 367.0  46986.
 8:31:10 0.98 267.79 215.95 -0.45 1706  -1.00    -1.0     -1. -1.00 -1.00   0.00   0.00   0.00 0.00 0.00 0.00 -1.00  -1.0     -1. 18.78 371.8  50445.
 8:33:52 0.98 267.79 215.92 -0.45 1706  -1.00    -1.0     -1. -1.00 -1.00   0.00   0.00   0.00 0.00 0.00 0.00 -1.00  -1.0     -1. 19.64 387.8  45657.
 8:36:34 0.98 267.79 215.89 -0.45 1706  -1.00    -1.0     -1. -1.00 -1.00   0.00   0.00   0.00 0.00 0.00 0.00 -1.00  -1.0     -1. 17.69 398.0  30730.
 8:39:16 0.98 267.79 215.87 -0.45 1706  -1.00    -1.0     -1. -1.00 -1.00   0.00   0.00   0.00 0.00 0.00 0.00 -1.00  -1.0     -1. 16.64 374.3  38348.
 8:41:58 0.98 267.79 215.85 -0.45 1706  -1.00    -1.0     -1. -1.00 -1.00   0.00   0.00   0.00 0.00 0.00 0.00 -1.00  -1.0     -1. 15.86 368.5  40343.
 8:44:40 0.98 267.79 215.82 -0.45 1706  -1.00    -1.0     -1. -1.00 -1.00   0.00   0.00   0.00 0.00 0.00 0.00 -1.00  -1.0     -1. 17.13 370.0  46641.
 8:47:22 0.98 267.79 215.79 -0.45 1706  -1.00    -1.0     -1. -1.00 -1.00   0.00   0.00   0.00 0.00 0.00 0.00 -1.00  -1.0     -1. 17.02 372.6  37140.
 8:50:04 0.98 267.79 215.77 -0.45 1706  -1.00    -1.0     -1. -1.00 -1.00   0.00   0.00   0.00 0.00 0.00 0.00 -1.00  -1.0     -1. 18.51 371.1  43049.
 8:52:46 0.98 267.79 215.74 -0.45 1706  -1.00    -1.0     -1. -1.00 -1.00   0.00   0.00   0.00 0.00 0.00 0.00 -1.00  -1.0     -1. 18.79 383.5  42594.
 8:55:28 0.98 267.79 215.72 -0.45 1706  -1.00    -1.0     -1. -1.00 -1.00   0.00   0.00   0.00 0.00 0.00 0.00 -1.00  -1.0     -1. 14.77 381.4  30315.
 8:58:10 0.98 267.79 215.69 -0.45 1706  -1.00    -1.0     -1. -1.00 -1.00   0.00   0.00   0.00 0.00 0.00 0.00 -1.00  -1.0     -1. 16.86 384.2  39189.
 9:00:52 0.98 267.79 215.67 -0.45 1706  -1.00    -1.0     -1. -1.00 -1.00   0.00   0.00   0.00 0.00 0.00 0.00 -1.00  -1.0     -1. 15.74 383.6  31406.
 9:03:34 0.98 267.79 215.64 -0.45 1706  -1.00    -1.0     -1. -1.00 -1.00   0.00   0.00   0.00 0.00 0.00 0.00 -1.00  -1.0     -1. 16.47 381.8  39605.
 9:06:16 0.98 267.79 215.62 -0.45 1706  -1.00    -1.0     -1. -1.00 -1.00   0.00   0.00   0.00 0.00 0.00 0.00 -1.00  -1.0     -1. 17.05 366.4  36971.
 9:08:58 0.98 267.79 215.59 -0.45 1706  -1.00    -1.0     -1. -1.00 -1.00   0.00   0.00   0.00 0.00 0.00 0.00 -1.00  -1.0     -1. 16.34 380.2  37663.
 9:11:40 0.98 267.78 215.57 -0.46 1706  -1.00    -1.0     -1. -1.00 -1.00   0.00   0.00   0.00 0.00 0.00 0.00 -1.00  -1.0     -1. 15.04 394.3  34593.
 9:14:22 0.98 267.78 215.54 -0.46 1706  -1.00    -1.0     -1. -1.00 -1.00   0.00   0.00   0.00 0.00 0.00 0.00 -1.00  -1.0     -1. 16.56 393.9  30497.
 9:17:05 0.98 267.78 215.51 -0.46 1706  -1.00    -1.0     -1. -1.00 -1.00   0.00   0.00   0.00 0.00 0.00 0.00 -1.00  -1.0     -1. 15.53 368.6  31318.
 9:26:29 0.98 267.78 215.43 -0.46 1706  -1.00    -1.0     -1. -1.00 -1.00   0.00   0.00   0.00 0.00 0.00 0.00 -1.00  -1.0     -1. 21.34 372.8  36428.
 9:26:31 0.98 267.78 215.43 -0.46 1706  -1.00    -1.0     -1. -1.00 -1.00   0.00   0.00   0.00 0.00 0.00 0.00 -1.00  -1.0     -1. 21.74 374.9  40901.
 9:27:52 0.98 267.78 215.41 -0.46 1706  -1.00    -1.0     -1. -1.00 -1.00   0.00   0.00   0.00 0.00 0.00 0.00 -1.00  -1.0     -1. 18.82 367.4  34801.
 9:29:13 0.98 267.78 215.40 -0.46 1706  -1.00    -1.0     -1. -1.00 -1.00   0.00   0.00   0.00 0.00 0.00 0.00 -1.00  -1.0     -1. 19.90 368.1  24432.
 9:30:34 0.98 267.78 215.39 -0.46 1706  -1.00    -1.0     -1. -1.00 -1.00   0.00   0.00   0.00 0.00 0.00 0.00 -1.00  -1.0     -1. 16.76 376.2  25841.
 9:31:55 0.98 267.78 215.37 -0.46 1706  -1.00    -1.0     -1. -1.00 -1.00   0.00   0.00   0.00 0.00 0.00 0.00 -1.00  -1.0     -1. 16.13 374.3  32855.
 9:33:16 0.98 267.78 215.36 -0.46 1706  -1.00    -1.0     -1. -1.00 -1.00   0.00   0.00   0.00 0.00 0.00 0.00 -1.00  -1.0     -1. 15.27 368.9  29639.
 9:34:37 0.98 267.78 215.35 -0.46 1706  -1.00    -1.0     -1. -1.00 -1.00   0.00   0.00   0.00 0.00 0.00 0.00 -1.00  -1.0     -1. 15.02 369.5  31643.
 9:35:58 0.98 267.78 215.34 -0.46 1706  -1.00    -1.0     -1. -1.00 -1.00   0.00   0.00   0.00 0.00 0.00 0.00 -1.00  -1.0     -1. 14.85 372.1  32634.
 9:37:19 0.98 267.78 215.33 -0.46 1706  -1.00    -1.0     -1. -1.00 -1.00   0.00   0.00   0.00 0.00 0.00 0.00 -1.00  -1.0     -1. 16.00 372.7  30071.
 9:38:40 0.98 267.78 215.31 -0.46 1706  -1.00    -1.0     -1. -1.00 -1.00   0.00   0.00   0.00 0.00 0.00 0.00 -1.00  -1.0     -1. 17.54 374.5  36051.
 9:40:01 0.98 267.78 215.30 -0.46 1706  -1.00    -1.0     -1. -1.00 -1.00   0.00   0.00   0.00 0.00 0.00 0.00 -1.00  -1.0     -1. 16.33 362.6  33661.
 9:41:22 0.98 267.78 215.29 -0.46 1706  -1.00    -1.0     -1. -1.00 -1.00   0.00   0.00   0.00 0.00 0.00 0.00 -1.00  -1.0     -1. 18.17 366.8  33628.
 9:42:43 0.98 267.78 215.27 -0.46 1706  -1.00    -1.0     -1. -1.00 -1.00   0.00   0.00   0.00 0.00 0.00 0.00 -1.00  -1.0     -1. 15.22 371.7  30549.
 9:44:04 0.98 267.78 215.26 -0.46 1706  -1.00    -1.0     -1. -1.00 -1.00   0.00   0.00   0.00 0.00 0.00 0.00 -1.00  -1.0     -1. 16.53 371.2  30233.
 9:45:25 0.98 267.78 215.25 -0.46 1706  -1.00    -1.0     -1. -1.00 -1.00   0.00   0.00   0.00 0.00 0.00 0.00 -1.00  -1.0     -1. 16.05 362.7  33553.
 9:46:46 0.98 267.78 215.24 -0.46 1706  -1.00    -1.0     -1. -1.00 -1.00   0.00   0.00   0.00 0.00 0.00 0.00 -1.00  -1.0     -1. 18.05 366.5  33095.
 9:48:07 0.98 267.78 215.23 -0.46 1706  -1.00    -1.0     -1. -1.00 -1.00   0.00   0.00   0.00 0.00 0.00 0.00 -1.00  -1.0     -1. 17.36 363.9  33258.
 9:49:28 0.98 267.78 215.21 -0.46 1706  -1.00    -1.0     -1. -1.00 -1.00   0.00   0.00   0.00 0.00 0.00 0.00 -1.00  -1.0     -1. 17.71 367.5  34011.
 9:50:49 0.98 267.78 215.20 -0.46 1706  -1.00    -1.0     -1. -1.00 -1.00   0.00   0.00   0.00 0.00 0.00 0.00 -1.00  -1.0     -1. 17.68 361.9  36094.
 9:52:10 0.98 267.78 215.19 -0.46 1706  -1.00    -1.0     -1. -1.00 -1.00   0.00   0.00   0.00 0.00 0.00 0.00 -1.00  -1.0     -1. 17.74 360.5  29181.
 9:53:31 0.98 267.78 215.17 -0.46 1706  -1.00    -1.0     -1. -1.00 -1.00   0.00   0.00   0.00 0.00 0.00 0.00 -1.00  -1.0     -1. 19.01 365.3  36558.
 9:54:52 0.98 267.78 215.16 -0.46 1706  -1.00    -1.0     -1. -1.00 -1.00   0.00   0.00   0.00 0.00 0.00 0.00 -1.00  -1.0     -1. 16.75 366.1  43205.
 9:56:13 0.98 267.78 215.15 -0.46 1706  -1.00    -1.0     -1. -1.00 -1.00   0.00   0.00   0.00 0.00 0.00 0.00 -1.00  -1.0     -1. 14.43 365.2  27089.
 9:57:34 0.98 267.78 215.13 -0.46 1706  -1.00    -1.0     -1. -1.00 -1.00   0.00   0.00   0.00 0.00 0.00 0.00 -1.00  -1.0     -1. 16.30 365.9  34684.
 9:58:55 0.98 267.77 215.12 -0.46 1706  -1.00    -1.0     -1. -1.00 -1.00   0.00   0.00   0.00 0.00 0.00 0.00 -1.00  -1.0     -1. 17.11 364.8  39108.
10:00:16 0.98 267.77 215.11 -0.46 1706  -1.00    -1.0     -1. -1.00 -1.00   0.00   0.00   0.00 0.00 0.00 0.00 -1.00  -1.0     -1. 17.12 363.0  41402.
10:01:37 0.98 267.77 215.10 -0.46 1706  -1.00    -1.0     -1. -1.00 -1.00   0.00   0.00   0.00 0.00 0.00 0.00 -1.00  -1.0     -1. 16.73 364.6  25478.
10:02:58 0.98 267.77 215.09 -0.46 1706  -1.00    -1.0     -1. -1.00 -1.00   0.00   0.00   0.00 0.00 0.00 0.00 -1.00  -1.0     -1. 15.42 361.2  28921.
10:04:19 0.98 267.77 215.07 -0.46 1706  -1.00    -1.0     -1. -1.00 -1.00   0.00   0.00   0.00 0.00 0.00 0.00 -1.00  -1.0     -1. 19.65 357.6  32842.
10:05:40 0.98 267.77 215.06 -0.46 1706  -1.00    -1.0     -1. -1.00 -1.00   0.00   0.00   0.00 0.00 0.00 0.00 -1.00  -1.0     -1. 21.45 356.8  40011.
10:07:01 0.98 267.77 215.05 -0.46 1706  -1.00    -1.0     -1. -1.00 -1.00   0.00   0.00   0.00 0.00 0.00 0.00 -1.00  -1.0     -1. 17.59 360.1  34703.
10:08:22 0.98 267.77 215.03 -0.46 1706  -1.00    -1.0     -1. -1.00 -1.00   0.00   0.00   0.00 0.00 0.00 0.00 -1.00  -1.0     -1. 17.00 362.4  33618.
10:09:43 0.98 267.77 215.02 -0.46 1706  -1.00    -1.0     -1. -1.00 -1.00   0.00   0.00   0.00 0.00 0.00 0.00 -1.00  -1.0     -1. 17.53 359.4  33069.
10:11:04 0.98 267.77 215.01 -0.46 1706  -1.00    -1.0     -1. -1.00 -1.00   0.00   0.00   0.00 0.00 0.00 0.00 -1.00  -1.0     -1. 15.94 360.4  29412.
10:12:25 0.98 267.77 215.00 -0.46 1706  -1.00    -1.0     -1. -1.00 -1.00   0.00   0.00   0.00 0.00 0.00 0.00 -1.00  -1.0     -1. 16.99 364.0  40008.
10:13:46 0.98 267.77 214.98 -0.46 1706  -1.00    -1.0     -1. -1.00 -1.00   0.00   0.00   0.00 0.00 0.00 0.00 -1.00  -1.0     -1. 18.29 362.1  36760.
10:15:07 0.98 267.77 214.97 -0.46 1706  -1.00    -1.0     -1. -1.00 -1.00   0.00   0.00   0.00 0.00 0.00 0.00 -1.00  -1.0     -1. 20.08 356.8  32368.
10:16:28 0.98 267.77 214.96 -0.46 1706  -1.00    -1.0     -1. -1.00 -1.00   0.00   0.00   0.00 0.00 0.00 0.00 -1.00  -1.0     -1. 16.42 359.0  26702.
10:17:49 0.98 267.77 214.95 -0.46 1706  -1.00    -1.0     -1. -1.00 -1.00   0.00   0.00   0.00 0.00 0.00 0.00 -1.00  -1.0     -1. 18.07 359.6  39547.
10:19:10 0.98 267.77 214.93 -0.46 1706  -1.00    -1.0     -1. -1.00 -1.00   0.00   0.00   0.00 0.00 0.00 0.00 -1.00  -1.0     -1. 15.50 364.2  28979.
10:20:31 0.98 267.77 214.92 -0.46 1706  -1.00    -1.0     -1. -1.00 -1.00   0.00   0.00   0.00 0.00 0.00 0.00 -1.00  -1.0     -1. 15.74 360.0  30630.
10:21:52 0.98 267.77 214.91 -0.46 1706  -1.00    -1.0     -1. -1.00 -1.00   0.00   0.00   0.00 0.00 0.00 0.00 -1.00  -1.0     -1. 18.45 361.9  34853.
10:23:13 0.98 267.77 214.89 -0.46 1706  -1.00    -1.0     -1. -1.00 -1.00   0.00   0.00   0.00 0.00 0.00 0.00 -1.00  -1.0     -1. 16.89 360.7  33128.
10:24:34 0.98 267.77 214.88 -0.46 1706  -1.00    -1.0     -1. -1.00 -1.00   0.00   0.00   0.00 0.00 0.00 0.00 -1.00  -1.0     -1. 17.81 360.9  35934.
10:25:55 0.98 267.77 214.87 -0.46 1706  -1.00    -1.0     -1. -1.00 -1.00   0.00   0.00   0.00 0.00 0.00 0.00 -1.00  -1.0     -1. 17.34 356.6  29386.
10:27:16 0.98 267.77 214.86 -0.46 1706  -1.00    -1.0     -1. -1.00 -1.00   0.00   0.00   0.00 0.00 0.00 0.00 -1.00  -1.0     -1. 15.15 365.6  28788.
10:28:37 0.98 267.77 214.85 -0.46 1706  -1.00    -1.0     -1. -1.00 -1.00   0.00   0.00   0.00 0.00 0.00 0.00 -1.00  -1.0     -1. 18.54 361.6  36591.
10:29:58 0.98 267.77 214.83 -0.46 1706  -1.00    -1.0     -1. -1.00 -1.00   0.00   0.00   0.00 0.00 0.00 0.00 -1.00  -1.0     -1. 18.95 362.8  36058.
10:31:19 0.98 267.77 214.82 -0.46 1706  -1.00    -1.0     -1. -1.00 -1.00   0.00   0.00   0.00 0.00 0.00 0.00 -1.00  -1.0     -1. 19.43 361.4  36899.
10:32:40 0.98 267.77 214.81 -0.46 1706  -1.00    -1.0     -1. -1.00 -1.00   0.00   0.00   0.00 0.00 0.00 0.00 -1.00  -1.0     -1. 16.20 363.5  32835.
10:34:01 0.98 267.77 214.79 -0.46 1706  -1.00    -1.0     -1. -1.00 -1.00   0.00   0.00   0.00 0.00 0.00 0.00 -1.00  -1.0     -1. 16.33 365.0  28372.
10:35:22 0.98 267.77 214.78 -0.46 1706  -1.00    -1.0     -1. -1.00 -1.00   0.00   0.00   0.00 0.00 0.00 0.00 -1.00  -1.0     -1. 15.05 360.3  28431.
10:36:43 0.98 267.77 214.77 -0.46 1706  -1.00    -1.0     -1. -1.00 -1.00   0.00   0.00   0.00 0.00 0.00 0.00 -1.00  -1.0     -1. 18.25 356.5  35860.
10:38:04 0.98 267.77 214.75 -0.46 1706  -1.00    -1.0     -1. -1.00 -1.00   0.00   0.00   0.00 0.00 0.00 0.00 -1.00  -1.0     -1. 14.69 359.1  28366.
10:39:25 0.98 267.77 214.74 -0.46 1706  -1.00    -1.0     -1. -1.00 -1.00   0.00   0.00   0.00 0.00 0.00 0.00 -1.00  -1.0     -1. 17.99 359.2  33901.
10:40:46 0.98 267.77 214.73 -0.46 1706  -1.00    -1.0     -1. -1.00 -1.00   0.00   0.00   0.00 0.00 0.00 0.00 -1.00  -1.0     -1. 14.90 359.0  24201.
10:42:07 0.98 267.77 214.72 -0.46 1706  -1.00    -1.0     -1. -1.00 -1.00   0.00   0.00   0.00 0.00 0.00 0.00 -1.00  -1.0     -1. 14.45 359.7  31809.
10:43:28 0.98 267.77 214.71 -0.46 1706  -1.00    -1.0     -1. -1.00 -1.00   0.00   0.00   0.00 0.00 0.00 0.00 -1.00  -1.0     -1. 14.13 362.2  25133.
10:44:49 0.98 267.77 214.70 -0.46 1706  -1.00    -1.0     -1. -1.00 -1.00   0.00   0.00   0.00 0.00 0.00 0.00 -1.00  -1.0     -1. 14.43 366.8  22180.
10:46:10 0.98 267.76 214.68 -0.46 1706  -1.00    -1.0     -1. -1.00 -1.00   0.00   0.00   0.00 0.00 0.00 0.00 -1.00  -1.0     -1. 13.79 370.5  27261.
10:47:31 0.98 267.76 214.67 -0.46 1706  -1.00    -1.0     -1. -1.00 -1.00   0.00   0.00   0.00 0.00 0.00 0.00 -1.00  -1.0     -1. 14.24 372.9  26592.
10:48:52 0.98 267.76 214.66 -0.46 1706  -1.00    -1.0     -1. -1.00 -1.00   0.00   0.00   0.00 0.00 0.00 0.00 -1.00  -1.0     -1. 15.10 366.7  34593.
10:50:13 0.98 267.76 214.64 -0.46 1706  -1.00    -1.0     -1. -1.00 -1.00   0.00   0.00   0.00 0.00 0.00 0.00 -1.00  -1.0     -1. 15.70 372.2  25962.
10:51:34 0.98 267.76 214.63 -0.46 1706  -1.00    -1.0     -1. -1.00 -1.00   0.00   0.00   0.00 0.00 0.00 0.00 -1.00  -1.0     -1. 14.92 374.6  34232.
10:52:55 0.98 267.76 214.62 -0.46 1706  -1.00    -1.0     -1. -1.00 -1.00   0.00   0.00   0.00 0.00 0.00 0.00 -1.00  -1.0     -1. 15.75 373.3  25338.
10:54:16 0.98 267.76 214.60 -0.46 1706  -1.00    -1.0     -1. -1.00 -1.00   0.00   0.00   0.00 0.00 0.00 0.00 -1.00  -1.0     -1. 15.89 377.5  23243.
10:55:37 0.98 267.76 214.59 -0.46 1706  -1.00    -1.0     -1. -1.00 -1.00   0.00   0.00   0.00 0.00 0.00 0.00 -1.00  -1.0     -1. 17.57 377.3  36594.
10:56:58 0.98 267.76 214.58 -0.46 1706  -1.00    -1.0     -1. -1.00 -1.00   0.00   0.00   0.00 0.00 0.00 0.00 -1.00  -1.0     -1. 17.91 371.4  38783.
10:58:19 0.98 267.76 214.57 -0.46 1706  -1.00    -1.0     -1. -1.00 -1.00   0.00   0.00   0.00 0.00 0.00 0.00 -1.00  -1.0     -1. 15.22 375.0  27953.
10:59:40 0.98 267.76 214.56 -0.46 1706  -1.00    -1.0     -1. -1.00 -1.00   0.00   0.00   0.00 0.00 0.00 0.00 -1.00  -1.0     -1. 14.44 375.8  23931.
11:01:01 0.98 267.76 214.54 -0.46 1706  -1.00    -1.0     -1. -1.00 -1.00   0.00   0.00   0.00 0.00 0.00 0.00 -1.00  -1.0     -1. 15.56 371.3  26592.
11:02:22 0.98 267.76 214.53 -0.46 1706  -1.00    -1.0     -1. -1.00 -1.00   0.00   0.00   0.00 0.00 0.00 0.00 -1.00  -1.0     -1. 16.90 377.5  29083.
11:03:43 0.98 267.76 214.52 -0.46 1706  -1.00    -1.0     -1. -1.00 -1.00   0.00   0.00   0.00 0.00 0.00 0.00 -1.00  -1.0     -1. 16.15 379.5  31445.
11:05:04 0.98 267.76 214.50 -0.46 1706  -1.00    -1.0     -1. -1.00 -1.00   0.00   0.00   0.00 0.00 0.00 0.00 -1.00  -1.0     -1. 17.37 371.7  35957.
11:06:25 0.98 267.76 214.49 -0.46 1706  -1.00    -1.0     -1. -1.00 -1.00   0.00   0.00   0.00 0.00 0.00 0.00 -1.00  -1.0     -1. 16.50 371.2  33099.
11:07:46 0.98 267.76 214.48 -0.46 1706  -1.00    -1.0     -1. -1.00 -1.00   0.00   0.00   0.00 0.00 0.00 0.00 -1.00  -1.0     -1. 16.57 376.0  28219.
11:09:07 0.98 267.76 214.47 -0.46 1706  -1.00    -1.0     -1. -1.00 -1.00   0.00   0.00   0.00 0.00 0.00 0.00 -1.00  -1.0     -1. 16.78 376.7  38741.
11:10:28 0.98 267.76 214.45 -0.46 1706  -1.00    -1.0     -1. -1.00 -1.00   0.00   0.00   0.00 0.00 0.00 0.00 -1.00  -1.0     -1. 15.74 376.4  24799.
11:11:49 0.98 267.76 214.44 -0.46 1706  -1.00    -1.0     -1. -1.00 -1.00   0.00   0.00   0.00 0.00 0.00 0.00 -1.00  -1.0     -1. 17.09 381.1  30877.
11:13:10 0.98 267.76 214.43 -0.46 1706  -1.00    -1.0     -1. -1.00 -1.00   0.00   0.00   0.00 0.00 0.00 0.00 -1.00  -1.0     -1. 16.23 384.2  29431.
11:14:31 0.98 267.76 214.42 -0.46 1706  -1.00    -1.0     -1. -1.00 -1.00   0.00   0.00   0.00 0.00 0.00 0.00 -1.00  -1.0     -1. 15.26 376.6  27118.
11:15:52 0.98 267.76 214.40 -0.46 1706  -1.00    -1.0     -1. -1.00 -1.00   0.00   0.00   0.00 0.00 0.00 0.00 -1.00  -1.0     -1. 16.93 380.5  26329.
11:17:13 0.98 267.76 214.39 -0.46 1706  -1.00    -1.0     -1. -1.00 -1.00   0.00   0.00   0.00 0.00 0.00 0.00 -1.00  -1.0     -1. 16.73 378.4  32387.
11:18:34 0.98 267.76 214.38 -0.46 1706  -1.00    -1.0     -1. -1.00 -1.00   0.00   0.00   0.00 0.00 0.00 0.00 -1.00  -1.0     -1. 17.73 378.5  20270.
11:19:55 0.98 267.76 214.36 -0.46 1706  -1.00    -1.0     -1. -1.00 -1.00   0.00   0.00   0.00 0.00 0.00 0.00 -1.00  -1.0     -1. 19.07 380.3  30126.
11:21:16 0.98 267.76 214.35 -0.46 1706  -1.00    -1.0     -1. -1.00 -1.00   0.00   0.00   0.00 0.00 0.00 0.00 -1.00  -1.0     -1. 16.98 379.4  22161.
11:22:37 0.98 267.76 214.34 -0.46 1706  -1.00    -1.0     -1. -1.00 -1.00   0.00   0.00   0.00 0.00 0.00 0.00 -1.00  -1.0     -1. 18.28 383.2  27739.
11:23:58 0.98 267.76 214.33 -0.46 1706  -1.00    -1.0     -1. -1.00 -1.00   0.00   0.00   0.00 0.00 0.00 0.00 -1.00  -1.0     -1. 18.04 385.3  22359.
11:25:19 0.98 267.76 214.32 -0.46 1706  -1.00    -1.0     -1. -1.00 -1.00   0.00   0.00   0.00 0.00 0.00 0.00 -1.00  -1.0     -1. 17.49 384.6  20049.
11:26:40 0.98 267.76 214.30 -0.46 1706  -1.00    -1.0     -1. -1.00 -1.00   0.00   0.00   0.00 0.00 0.00 0.00 -1.00  -1.0     -1. 16.31 384.7  23990.
11:28:01 0.98 267.76 214.29 -0.46 1706  -1.00    -1.0     -1. -1.00 -1.00   0.00   0.00   0.00 0.00 0.00 0.00 -1.00  -1.0     -1. 16.31 386.5  22986.
11:29:22 0.98 267.76 214.28 -0.46 1706  -1.00    -1.0     -1. -1.00 -1.00   0.00   0.00   0.00 0.00 0.00 0.00 -1.00  -1.0     -1. 16.68 384.9  27787.
11:32:11 0.98 267.76 214.25 -0.46 1706  -1.00    -1.0     -1. -1.00 -1.00   0.00   0.00   0.00 0.00 0.00 0.00 -1.00  -1.0     -1. 14.63 386.7  20816.
11:33:32 0.98 267.76 214.24 -0.46 1706  -1.00    -1.0     -1. -1.00 -1.00   0.00   0.00   0.00 0.00 0.00 0.00 -1.00  -1.0     -1. 12.17 386.0  20647.
11:34:53 0.98 267.76 214.22 -0.46 1706  -1.00    -1.0     -1. -1.00 -1.00   0.00   0.00   0.00 0.00 0.00 0.00 -1.00  -1.0     -1. 13.51 385.7  18412.
11:36:07 0.98 267.75 214.21 -0.46 1706  -1.00    -1.0     -1. -1.00 -1.00   0.00   0.00   0.00 0.00 0.00 0.00 -1.00  -1.0     -1. 14.21 388.9  22811.
11:37:28 0.98 267.75 214.20 -0.46 1706  -1.00    -1.0     -1. -1.00 -1.00   0.00   0.00   0.00 0.00 0.00 0.00 -1.00  -1.0     -1. 14.05 387.7  27303.
11:38:49 0.98 267.75 214.19 -0.46 1706  -1.00    -1.0     -1. -1.00 -1.00   0.00   0.00   0.00 0.00 0.00 0.00 -1.00  -1.0     -1. 13.22 388.7  17061.
11:40:10 0.98 267.75 214.18 -0.46 1706  -1.00    -1.0     -1. -1.00 -1.00   0.00   0.00   0.00 0.00 0.00 0.00 -1.00  -1.0     -1. 11.25 388.6  22791.
11:41:31 0.98 267.75 214.16 -0.46 1706  -1.00    -1.0     -1. -1.00 -1.00   0.00   0.00   0.00 0.00 0.00 0.00 -1.00  -1.0     -1. 11.31 388.8  22375.
11:42:52 0.98 267.75 214.15 -0.46 1706  -1.00    -1.0     -1. -1.00 -1.00   0.00   0.00   0.00 0.00 0.00 0.00 -1.00  -1.0     -1.  9.99 386.5  28002.
11:44:13 0.98 267.75 214.14 -0.46 1706  -1.00    -1.0     -1. -1.00 -1.00   0.00   0.00   0.00 0.00 0.00 0.00 -1.00  -1.0     -1.  9.63 388.0  10164.
11:45:34 0.98 267.75 214.12 -0.46 1706  -1.00    -1.0     -1. -1.00 -1.00   0.00   0.00   0.00 0.00 0.00 0.00 -1.00  -1.0     -1.  9.99 385.8  14433.
11:46:55 0.98 267.75 214.11 -0.46 1706  -1.00    -1.0     -1. -1.00 -1.00   0.00   0.00   0.00 0.00 0.00 0.00 -1.00  -1.0     -1.  9.88 390.5  13406.
11:48:16 0.98 267.75 214.10 -0.46 1706  -1.00    -1.0     -1. -1.00 -1.00   0.00   0.00   0.00 0.00 0.00 0.00 -1.00  -1.0     -1.  9.26 387.5  13631.
11:49:37 0.98 267.75 214.09 -0.46 1706  -1.00    -1.0     -1. -1.00 -1.00   0.00   0.00   0.00 0.00 0.00 0.00 -1.00  -1.0     -1. 11.10 391.8  14027.
11:50:58 0.98 267.75 214.08 -0.46 1706  -1.00    -1.0     -1. -1.00 -1.00   0.00   0.00   0.00 0.00 0.00 0.00 -1.00  -1.0     -1. 11.21 389.3  24204.
11:52:19 0.98 267.75 214.06 -0.46 1706  -1.00    -1.0     -1. -1.00 -1.00   0.00   0.00   0.00 0.00 0.00 0.00 -1.00  -1.0     -1. 15.18 390.8  19351.
11:53:40 0.98 267.75 214.05 -0.47 1706  -1.00    -1.0     -1. -1.00 -1.00   0.00   0.00   0.00 0.00 0.00 0.00 -1.00  -1.0     -1. 14.07 387.9  19656.
11:55:01 0.98 267.75 214.04 -0.47 1706  -1.00    -1.0     -1. -1.00 -1.00   0.00   0.00   0.00 0.00 0.00 0.00 -1.00  -1.0     -1. 15.89 393.9  15904.
11:56:22 0.98 267.75 214.02 -0.47 1706  -1.00    -1.0     -1. -1.00 -1.00   0.00   0.00   0.00 0.00 0.00 0.00 -1.00  -1.0     -1. 14.85 389.5  26813.
11:57:43 0.98 267.75 214.01 -0.47 1706  -1.00    -1.0     -1. -1.00 -1.00   0.00   0.00   0.00 0.00 0.00 0.00 -1.00  -1.0     -1. 13.57 391.0  27745.
11:59:04 0.98 267.75 214.00 -0.47 1706  -1.00    -1.0     -1. -1.00 -1.00   0.00   0.00   0.00 0.00 0.00 0.00 -1.00  -1.0     -1. 14.34 389.6  21443.
12:00:25 0.98 267.75 213.98 -0.47 1706  -1.00    -1.0     -1. -1.00 -1.00   0.00   0.00   0.00 0.00 0.00 0.00 -1.00  -1.0     -1. 13.82 389.8  18156.
12:01:46 0.98 267.75 213.97 -0.47 1706  -1.00    -1.0     -1. -1.00 -1.00   0.00   0.00   0.00 0.00 0.00 0.00 -1.00  -1.0     -1. 13.38 387.4  20556.
12:03:07 0.98 267.75 213.96 -0.47 1706  -1.00    -1.0     -1. -1.00 -1.00   0.00   0.00   0.00 0.00 0.00 0.00 -1.00  -1.0     -1. 12.92 388.2  22850.
12:04:28 0.98 267.75 213.95 -0.47 1706  -1.00    -1.0     -1. -1.00 -1.00   0.00   0.00   0.00 0.00 0.00 0.00 -1.00  -1.0     -1. 12.86 388.6  26537.
12:05:49 0.98 267.75 213.94 -0.47 1706  -1.00    -1.0     -1. -1.00 -1.00   0.00   0.00   0.00 0.00 0.00 0.00 -1.00  -1.0     -1. 10.36 389.0  24123.
12:07:10 0.98 267.75 213.92 -0.47 1706  -1.00    -1.0     -1. -1.00 -1.00   0.00   0.00   0.00 0.00 0.00 0.00 -1.00  -1.0     -1. 12.03 390.7  20966.
12:08:31 0.98 267.75 213.91 -0.47 1706  -1.00    -1.0     -1. -1.00 -1.00   0.00   0.00   0.00 0.00 0.00 0.00 -1.00  -1.0     -1. 13.19 393.3  21229.
12:09:52 0.98 267.75 213.90 -0.47 1706  -1.00    -1.0     -1. -1.00 -1.00   0.00   0.00   0.00 0.00 0.00 0.00 -1.00  -1.0     -1. 10.57 391.0  16882.
12:11:13 0.98 267.75 213.88 -0.47 1706  -1.00    -1.0     -1. -1.00 -1.00   0.00   0.00   0.00 0.00 0.00 0.00 -1.00  -1.0     -1. 10.82 393.0  15177.
12:12:34 0.98 267.75 213.87 -0.47 1706  -1.00    -1.0     -1. -1.00 -1.00   0.00   0.00   0.00 0.00 0.00 0.00 -1.00  -1.0     -1.  9.88 390.2  20430.
12:13:55 0.98 267.75 213.86 -0.47 1706  -1.00    -1.0     -1. -1.00 -1.00   0.00   0.00   0.00 0.00 0.00 0.00 -1.00  -1.0     -1. 10.05 392.1  14420.
12:15:16 0.98 267.75 213.85 -0.47 1706  -1.00    -1.0     -1. -1.00 -1.00   0.00   0.00   0.00 0.00 0.00 0.00 -1.00  -1.0     -1.  8.35 390.3  10103.
12:16:37 0.98 267.75 213.83 -0.47 1706  -1.00    -1.0     -1. -1.00 -1.00   0.00   0.00   0.00 0.00 0.00 0.00 -1.00  -1.0     -1. 11.29 394.7  17675.
12:17:58 0.98 267.75 213.82 -0.47 1706  -1.00    -1.0     -1. -1.00 -1.00   0.00   0.00   0.00 0.00 0.00 0.00 -1.00  -1.0     -1. 12.73 400.9  18422.
12:19:19 0.98 267.75 213.81 -0.47 1706  -1.00    -1.0     -1. -1.00 -1.00   0.00   0.00   0.00 0.00 0.00 0.00 -1.00  -1.0     -1. 12.29 394.4  22096.
12:20:40 0.98 267.75 213.80 -0.47 1706  -1.00    -1.0     -1. -1.00 -1.00   0.00   0.00   0.00 0.00 0.00 0.00 -1.00  -1.0     -1. 13.33 396.0  16187.
12:22:01 0.98 267.74 213.78 -0.47 1706  -1.00    -1.0     -1. -1.00 -1.00   0.00   0.00   0.00 0.00 0.00 0.00 -1.00  -1.0     -1. 16.17 396.6  20326.
12:23:22 0.98 267.74 213.77 -0.47 1706  -1.00    -1.0     -1. -1.00 -1.00   0.00   0.00   0.00 0.00 0.00 0.00 -1.00  -1.0     -1. 15.91 397.2  26420.
12:24:43 0.98 267.74 213.76 -0.47 1706  -1.00    -1.0     -1. -1.00 -1.00   0.00   0.00   0.00 0.00 0.00 0.00 -1.00  -1.0     -1. 15.73 398.5  25039.
12:26:04 0.98 267.74 213.74 -0.47 1706  -1.00    -1.0     -1. -1.00 -1.00   0.00   0.00   0.00 0.00 0.00 0.00 -1.00  -1.0     -1. 13.15 396.7  16947.
12:27:25 0.98 267.74 213.73 -0.47 1706  -1.00    -1.0     -1. -1.00 -1.00   0.00   0.00   0.00 0.00 0.00 0.00 -1.00  -1.0     -1. 14.51 401.1  21849.
12:28:46 0.98 267.74 213.72 -0.47 1706  -1.00    -1.0     -1. -1.00 -1.00   0.00   0.00   0.00 0.00 0.00 0.00 -1.00  -1.0     -1. 15.17 400.0  29717.
12:30:07 0.98 267.74 213.71 -0.47 1706  -1.00    -1.0     -1. -1.00 -1.00   0.00   0.00   0.00 0.00 0.00 0.00 -1.00  -1.0     -1. 14.69 393.8  17337.
12:31:28 0.98 267.74 213.70 -0.47 1706  -1.00    -1.0     -1. -1.00 -1.00   0.00   0.00   0.00 0.00 0.00 0.00 -1.00  -1.0     -1. 15.52 392.6  25510.
12:32:49 0.98 267.74 213.68 -0.47 1706  -1.00    -1.0     -1. -1.00 -1.00   0.00   0.00   0.00 0.00 0.00 0.00 -1.00  -1.0     -1. 14.56 392.1  16103.
12:34:10 0.98 267.74 213.67 -0.47 1706  -1.00    -1.0     -1. -1.00 -1.00   0.00   0.00   0.00 0.00 0.00 0.00 -1.00  -1.0     -1. 15.15 392.6  22934.
12:35:31 0.98 267.74 213.66 -0.47 1706  -1.00    -1.0     -1. -1.00 -1.00   0.00   0.00   0.00 0.00 0.00 0.00 -1.00  -1.0     -1. 14.30 392.6  21683.
12:36:52 0.98 267.74 213.64 -0.47 1706  -1.00    -1.0     -1. -1.00 -1.00   0.00   0.00   0.00 0.00 0.00 0.00 -1.00  -1.0     -1. 14.31 393.9  21625.
12:38:13 0.98 267.74 213.63 -0.47 1706  -1.00    -1.0     -1. -1.00 -1.00   0.00   0.00   0.00 0.00 0.00 0.00 -1.00  -1.0     -1. 16.02 395.2  14849.
12:39:34 0.98 267.74 213.62 -0.47 1706  -1.00    -1.0     -1. -1.00 -1.00   0.00   0.00   0.00 0.00 0.00 0.00 -1.00  -1.0     -1. 15.83 395.0  26189.
12:40:55 0.98 267.74 213.60 -0.47 1706  -1.00    -1.0     -1. -1.00 -1.00   0.00   0.00   0.00 0.00 0.00 0.00 -1.00  -1.0     -1. 15.74 394.3  22807.
12:42:16 0.98 267.74 213.59 -0.47 1706  -1.00    -1.0     -1. -1.00 -1.00   0.00   0.00   0.00 0.00 0.00 0.00 -1.00  -1.0     -1. 16.56 398.9  29233.
12:43:37 0.98 267.74 213.58 -0.47 1706  -1.00    -1.0     -1. -1.00 -1.00   0.00   0.00   0.00 0.00 0.00 0.00 -1.00  -1.0     -1. 20.72 396.6  15622.
12:44:58 0.98 267.74 213.57 -0.47 1706  -1.00    -1.0     -1. -1.00 -1.00   0.00   0.00   0.00 0.00 0.00 0.00 -1.00  -1.0     -1. 13.94 389.8  29782.
12:46:19 0.98 267.74 213.56 -0.47 1706  -1.00    -1.0     -1. -1.00 -1.00   0.00   0.00   0.00 0.00 0.00 0.00 -1.00  -1.0     -1. 16.07 385.5  28515.
12:47:40 0.98 267.74 213.54 -0.47 1706  -1.00    -1.0     -1. -1.00 -1.00   0.00   0.00   0.00 0.00 0.00 0.00 -1.00  -1.0     -1. 14.42 388.7  29126.
12:49:01 0.98 267.74 213.53 -0.47 1706  -1.00    -1.0     -1. -1.00 -1.00   0.00   0.00   0.00 0.00 0.00 0.00 -1.00  -1.0     -1. 13.09 391.2  27631.
12:50:22 0.98 267.74 213.52 -0.47 1706  -1.00    -1.0     -1. -1.00 -1.00   0.00   0.00   0.00 0.00 0.00 0.00 -1.00  -1.0     -1. 11.52 390.8  21677.
12:51:43 0.98 267.74 213.50 -0.47 1706  -1.00    -1.0     -1. -1.00 -1.00   0.00   0.00   0.00 0.00 0.00 0.00 -1.00  -1.0     -1. 11.38 389.7  26939.
12:53:04 0.98 267.74 213.49 -0.47 1706  -1.00    -1.0     -1. -1.00 -1.00   0.00   0.00   0.00 0.00 0.00 0.00 -1.00  -1.0     -1. 13.09 388.2  24389.
12:54:25 0.98 267.74 213.48 -0.47 1706  -1.00    -1.0     -1. -1.00 -1.00   0.00   0.00   0.00 0.00 0.00 0.00 -1.00  -1.0     -1. 12.64 388.4  22028.
12:55:46 0.98 267.74 213.47 -0.47 1706  -1.00    -1.0     -1. -1.00 -1.00   0.00   0.00   0.00 0.00 0.00 0.00 -1.00  -1.0     -1. 12.73 388.9  20205.
12:57:07 0.98 267.74 213.45 -0.47 1706  -1.00    -1.0     -1. -1.00 -1.00   0.00   0.00   0.00 0.00 0.00 0.00 -1.00  -1.0     -1. 12.68 390.8  19585.
12:58:28 0.98 267.74 213.44 -0.47 1706  -1.00    -1.0     -1. -1.00 -1.00   0.00   0.00   0.00 0.00 0.00 0.00 -1.00  -1.0     -1. 13.02 388.8  23772.
12:59:49 0.98 267.74 213.43 -0.47 1706  -1.00    -1.0     -1. -1.00 -1.00   0.00   0.00   0.00 0.00 0.00 0.00 -1.00  -1.0     -1. 13.44 391.6  25816.
13:01:10 0.98 267.74 213.42 -0.47 1706  -1.00    -1.0     -1. -1.00 -1.00   0.00   0.00   0.00 0.00 0.00 0.00 -1.00  -1.0     -1. 13.37 391.1  22876.
13:02:31 0.98 267.74 213.40 -0.47 1706  -1.00    -1.0     -1. -1.00 -1.00   0.00   0.00   0.00 0.00 0.00 0.00 -1.00  -1.0     -1. 13.10 392.3  23360.
13:03:52 0.98 267.74 213.39 -0.47 1706  -1.00    -1.0     -1. -1.00 -1.00   0.00   0.00   0.00 0.00 0.00 0.00 -1.00  -1.0     -1. 13.41 393.2  22535.
13:05:13 0.98 267.74 213.38 -0.47 1706  -1.00    -1.0     -1. -1.00 -1.00   0.00   0.00   0.00 0.00 0.00 0.00 -1.00  -1.0     -1. 13.79 394.5  19614.
13:06:34 0.98 267.74 213.36 -0.47 1706  -1.00    -1.0     -1. -1.00 -1.00   0.00   0.00   0.00 0.00 0.00 0.00 -1.00  -1.0     -1. 13.86 392.6  23636.
13:07:55 0.98 267.74 213.35 -0.47 1706  -1.00    -1.0     -1. -1.00 -1.00   0.00   0.00   0.00 0.00 0.00 0.00 -1.00  -1.0     -1. 16.01 395.8  27193.
13:09:16 0.98 267.74 213.34 -0.47 1706  -1.00    -1.0     -1. -1.00 -1.00   0.00   0.00   0.00 0.00 0.00 0.00 -1.00  -1.0     -1. 16.58 392.9  32410.
13:10:37 0.98 267.73 213.33 -0.47 1706  -1.00    -1.0     -1. -1.00 -1.00   0.00   0.00   0.00 0.00 0.00 0.00 -1.00  -1.0     -1. 15.71 392.2  22798.
13:11:58 0.98 267.73 213.32 -0.47 1706  -1.00    -1.0     -1. -1.00 -1.00   0.00   0.00   0.00 0.00 0.00 0.00 -1.00  -1.0     -1. 15.55 391.1  25396.
13:13:19 0.98 267.73 213.30 -0.47 1706  -1.00    -1.0     -1. -1.00 -1.00   0.00   0.00   0.00 0.00 0.00 0.00 -1.00  -1.0     -1. 16.01 393.5  23607.
13:14:40 0.98 267.73 213.29 -0.47 1706  -1.00    -1.0     -1. -1.00 -1.00   0.00   0.00   0.00 0.00 0.00 0.00 -1.00  -1.0     -1. 17.60 390.9  29496.
13:16:01 0.98 267.73 213.28 -0.47 1706  -1.00    -1.0     -1. -1.00 -1.00   0.00   0.00   0.00 0.00 0.00 0.00 -1.00  -1.0     -1. 18.64 394.8  14530.
13:17:22 0.98 267.73 213.26 -0.47 1706  -1.00    -1.0     -1. -1.00 -1.00   0.00   0.00   0.00 0.00 0.00 0.00 -1.00  -1.0     -1. 16.42 395.2  29106.
13:18:43 0.98 267.73 213.25 -0.47 1706  -1.00    -1.0     -1. -1.00 -1.00   0.00   0.00   0.00 0.00 0.00 0.00 -1.00  -1.0     -1. 18.40 395.7  16580.
13:20:04 0.98 267.73 213.24 -0.47 1706  -1.00    -1.0     -1. -1.00 -1.00   0.00   0.00   0.00 0.00 0.00 0.00 -1.00  -1.0     -1. 17.87 395.6  29282.
13:21:25 0.98 267.73 213.23 -0.47 1706  -1.00    -1.0     -1. -1.00 -1.00   0.00   0.00   0.00 0.00 0.00 0.00 -1.00  -1.0     -1. 17.94 394.8  27544.
13:22:46 0.98 267.73 213.21 -0.47 1706  -1.00    -1.0     -1. -1.00 -1.00   0.00   0.00   0.00 0.00 0.00 0.00 -1.00  -1.0     -1. 17.27 393.5  22574.
13:24:07 0.98 267.73 213.20 -0.47 1706  -1.00    -1.0     -1. -1.00 -1.00   0.00   0.00   0.00 0.00 0.00 0.00 -1.00  -1.0     -1. 16.64 393.7  25325.
13:25:28 0.98 267.73 213.19 -0.47 1706  -1.00    -1.0     -1. -1.00 -1.00   0.00   0.00   0.00 0.00 0.00 0.00 -1.00  -1.0     -1. 16.45 393.3  21424.
13:26:49 0.98 267.73 213.18 -0.47 1706  -1.00    -1.0     -1. -1.00 -1.00   0.00   0.00   0.00 0.00 0.00 0.00 -1.00  -1.0     -1. 16.93 394.7  25344.
13:28:10 0.98 267.73 213.16 -0.47 1706  -1.00    -1.0     -1. -1.00 -1.00   0.00   0.00   0.00 0.00 0.00 0.00 -1.00  -1.0     -1. 16.02 398.2  24753.
13:29:31 0.98 267.73 213.15 -0.47 1706  -1.00    -1.0     -1. -1.00 -1.00   0.00   0.00   0.00 0.00 0.00 0.00 -1.00  -1.0     -1. 16.56 394.0  19371.
13:30:52 0.98 267.73 213.14 -0.47 1706  -1.00    -1.0     -1. -1.00 -1.00   0.00   0.00   0.00 0.00 0.00 0.00 -1.00  -1.0     -1. 15.93 397.7  21138.
13:32:13 0.98 267.73 213.12 -0.47 1706  -1.00    -1.0     -1. -1.00 -1.00   0.00   0.00   0.00 0.00 0.00 0.00 -1.00  -1.0     -1. 17.08 392.7  24451.
13:33:34 0.98 267.73 213.11 -0.47 1706  -1.00    -1.0     -1. -1.00 -1.00   0.00   0.00   0.00 0.00 0.00 0.00 -1.00  -1.0     -1. 14.95 395.8  16834.
13:34:55 0.98 267.73 213.10 -0.47 1706  -1.00    -1.0     -1. -1.00 -1.00   0.00   0.00   0.00 0.00 0.00 0.00 -1.00  -1.0     -1. 15.31 394.7  24009.
13:36:16 0.98 267.73 213.09 -0.47 1706  -1.00    -1.0     -1. -1.00 -1.00   0.00   0.00   0.00 0.00 0.00 0.00 -1.00  -1.0     -1. 15.13 394.7  20495.
13:37:37 0.98 267.73 213.08 -0.47 1706  -1.00    -1.0     -1. -1.00 -1.00   0.00   0.00   0.00 0.00 0.00 0.00 -1.00  -1.0     -1. 16.10 394.8  19013.
13:38:58 0.98 267.73 213.06 -0.47 1706  -1.00    -1.0     -1. -1.00 -1.00   0.00   0.00   0.00 0.00 0.00 0.00 -1.00  -1.0     -1. 15.43 393.3  19432.
13:40:19 0.98 267.73 213.05 -0.47 1706  -1.00    -1.0     -1. -1.00 -1.00   0.00   0.00   0.00 0.00 0.00 0.00 -1.00  -1.0     -1. 16.77 393.0  20829.
13:41:40 0.98 267.73 213.04 -0.47 1706  -1.00    -1.0     -1. -1.00 -1.00   0.00   0.00   0.00 0.00 0.00 0.00 -1.00  -1.0     -1. 14.95 392.7  21209.
13:43:01 0.98 267.73 213.02 -0.47 1706  -1.00    -1.0     -1. -1.00 -1.00   0.00   0.00   0.00 0.00 0.00 0.00 -1.00  -1.0     -1. 15.92 393.3  24185.
13:44:22 0.98 267.73 213.01 -0.47 1706  -1.00    -1.0     -1. -1.00 -1.00   0.00   0.00   0.00 0.00 0.00 0.00 -1.00  -1.0     -1. 15.48 391.7  21612.
13:45:43 0.98 267.73 213.00 -0.47 1706  -1.00    -1.0     -1. -1.00 -1.00   0.00   0.00   0.00 0.00 0.00 0.00 -1.00  -1.0     -1. 15.12 392.2  21560.
13:47:04 0.98 267.73 212.99 -0.47 1706  -1.00    -1.0     -1. -1.00 -1.00   0.00   0.00   0.00 0.00 0.00 0.00 -1.00  -1.0     -1. 15.45 392.8  22122.
13:48:25 0.98 267.73 212.97 -0.47 1706  -1.00    -1.0     -1. -1.00 -1.00   0.00   0.00   0.00 0.00 0.00 0.00 -1.00  -1.0     -1. 15.65 392.7  25952.
13:49:46 0.98 267.73 212.96 -0.47 1706  -1.00    -1.0     -1. -1.00 -1.00   0.00   0.00   0.00 0.00 0.00 0.00 -1.00  -1.0     -1. 15.50 392.6  25786.
13:51:07 0.98 267.73 212.95 -0.47 1706  -1.00    -1.0     -1. -1.00 -1.00   0.00   0.00   0.00 0.00 0.00 0.00 -1.00  -1.0     -1. 15.29 392.1  24731.
13:52:28 0.98 267.73 212.94 -0.47 1706  -1.00    -1.0     -1. -1.00 -1.00   0.00   0.00   0.00 0.00 0.00 0.00 -1.00  -1.0     -1. 15.29 393.3  23892.
13:53:49 0.98 267.73 212.93 -0.47 1706  -1.00    -1.0     -1. -1.00 -1.00   0.00   0.00   0.00 0.00 0.00 0.00 -1.00  -1.0     -1. 15.59 392.1  20235.
13:55:10 0.98 267.73 212.91 -0.47 1706  -1.00    -1.0     -1. -1.00 -1.00   0.00   0.00   0.00 0.00 0.00 0.00 -1.00  -1.0     -1. 14.90 392.0  20413.
13:56:31 0.98 267.73 212.90 -0.47 1706  -1.00    -1.0     -1. -1.00 -1.00   0.00   0.00   0.00 0.00 0.00 0.00 -1.00  -1.0     -1. 17.33 395.0  15820.
13:57:52 0.98 267.73 212.89 -0.47 1706  -1.00    -1.0     -1. -1.00 -1.00   0.00   0.00   0.00 0.00 0.00 0.00 -1.00  -1.0     -1. 14.86 392.6  20689.
13:59:13 0.98 267.72 212.87 -0.47 1706  -1.00    -1.0     -1. -1.00 -1.00   0.00   0.00   0.00 0.00 0.00 0.00 -1.00  -1.0     -1. 16.80 395.8  17220.
14:00:34 0.98 267.72 212.86 -0.47 1706  -1.00    -1.0     -1. -1.00 -1.00   0.00   0.00   0.00 0.00 0.00 0.00 -1.00  -1.0     -1. 15.05 393.1  21329.
14:01:55 0.98 267.72 212.85 -0.47 1706  -1.00    -1.0     -1. -1.00 -1.00   0.00   0.00   0.00 0.00 0.00 0.00 -1.00  -1.0     -1. 15.67 392.9  27946.
14:03:16 0.98 267.72 212.83 -0.47 1706  -1.00    -1.0     -1. -1.00 -1.00   0.00   0.00   0.00 0.00 0.00 0.00 -1.00  -1.0     -1. 15.46 390.8  25942.
14:04:37 0.98 267.72 212.82 -0.47 1706  -1.00    -1.0     -1. -1.00 -1.00   0.00   0.00   0.00 0.00 0.00 0.00 -1.00  -1.0     -1. 14.54 392.9  19682.
14:05:58 0.98 267.72 212.81 -0.47 1706  -1.00    -1.0     -1. -1.00 -1.00   0.00   0.00   0.00 0.00 0.00 0.00 -1.00  -1.0     -1. 14.96 391.7  23675.
14:07:19 0.98 267.72 212.80 -0.47 1706  -1.00    -1.0     -1. -1.00 -1.00   0.00   0.00   0.00 0.00 0.00 0.00 -1.00  -1.0     -1. 15.30 391.7  20628.
14:08:40 0.98 267.72 212.79 -0.47 1706  -1.00    -1.0     -1. -1.00 -1.00   0.00   0.00   0.00 0.00 0.00 0.00 -1.00  -1.0     -1. 14.71 392.0  21830.
14:10:01 0.98 267.72 212.77 -0.47 1706  -1.00    -1.0     -1. -1.00 -1.00   0.00   0.00   0.00 0.00 0.00 0.00 -1.00  -1.0     -1. 16.29 393.5  14066.
14:11:22 0.98 267.72 212.76 -0.47 1706  -1.00    -1.0     -1. -1.00 -1.00   0.00   0.00   0.00 0.00 0.00 0.00 -1.00  -1.0     -1. 14.43 391.4  20335.
14:12:43 0.98 267.72 212.75 -0.47 1706  -1.00    -1.0     -1. -1.00 -1.00   0.00   0.00   0.00 0.00 0.00 0.00 -1.00  -1.0     -1. 15.75 393.6  19536.
14:14:04 0.98 267.72 212.73 -0.47 1706  -1.00    -1.0     -1. -1.00 -1.00   0.00   0.00   0.00 0.00 0.00 0.00 -1.00  -1.0     -1. 14.96 389.8  19682.
14:15:25 0.98 267.72 212.72 -0.47 1706  -1.00    -1.0     -1. -1.00 -1.00   0.00   0.00   0.00 0.00 0.00 0.00 -1.00  -1.0     -1. 15.59 393.5  23753.
14:16:46 0.98 267.72 212.71 -0.47 1706  -1.00    -1.0     -1. -1.00 -1.00   0.00   0.00   0.00 0.00 0.00 0.00 -1.00  -1.0     -1. 16.13 390.4  23181.
14:18:07 0.98 267.72 212.70 -0.47 1706  -1.00    -1.0     -1. -1.00 -1.00   0.00   0.00   0.00 0.00 0.00 0.00 -1.00  -1.0     -1. 17.67 392.6  20972.
14:19:28 0.98 267.72 212.68 -0.47 1706  -1.00    -1.0     -1. -1.00 -1.00   0.00   0.00   0.00 0.00 0.00 0.00 -1.00  -1.0     -1. 18.55 389.3  23093.
14:20:49 0.98 267.72 212.67 -0.47 1706  -1.00    -1.0     -1. -1.00 -1.00   0.00   0.00   0.00 0.00 0.00 0.00 -1.00  -1.0     -1. 19.23 390.4  29587.
14:22:10 0.98 267.72 212.66 -0.47 1706  -1.00    -1.0     -1. -1.00 -1.00   0.00   0.00   0.00 0.00 0.00 0.00 -1.00  -1.0     -1. 19.80 389.2  23805.
14:23:31 0.98 267.72 212.65 -0.47 1706  -1.00    -1.0     -1. -1.00 -1.00   0.00   0.00   0.00 0.00 0.00 0.00 -1.00  -1.0     -1. 17.95 389.6  24480.
14:24:52 0.98 267.72 212.63 -0.47 1706  -1.00    -1.0     -1. -1.00 -1.00   0.00   0.00   0.00 0.00 0.00 0.00 -1.00  -1.0     -1. 16.40 391.1  29964.
14:26:13 0.98 267.72 212.62 -0.47 1706  -1.00    -1.0     -1. -1.00 -1.00   0.00   0.00   0.00 0.00 0.00 0.00 -1.00  -1.0     -1. 16.60 390.4  24272.
14:27:34 0.98 267.72 212.61 -0.47 1706  -1.00    -1.0     -1. -1.00 -1.00   0.00   0.00   0.00 0.00 0.00 0.00 -1.00  -1.0     -1. 16.27 390.7  34057.
14:28:55 0.98 267.72 212.59 -0.47 1706  -1.00    -1.0     -1. -1.00 -1.00   0.00   0.00   0.00 0.00 0.00 0.00 -1.00  -1.0     -1. 17.52 390.0  24942.
14:30:16 0.98 267.72 212.58 -0.47 1706  -1.00    -1.0     -1. -1.00 -1.00   0.00   0.00   0.00 0.00 0.00 0.00 -1.00  -1.0     -1. 20.25 387.3  27492.
14:31:37 0.98 267.72 212.57 -0.47 1706  -1.00    -1.0     -1. -1.00 -1.00   0.00   0.00   0.00 0.00 0.00 0.00 -1.00  -1.0     -1. 19.05 390.6  25182.
14:32:58 0.98 267.72 212.56 -0.47 1706  -1.00    -1.0     -1. -1.00 -1.00   0.00   0.00   0.00 0.00 0.00 0.00 -1.00  -1.0     -1. 19.59 388.9  28479.
14:34:19 0.98 267.72 212.55 -0.47 1706  -1.00    -1.0     -1. -1.00 -1.00   0.00   0.00   0.00 0.00 0.00 0.00 -1.00  -1.0     -1. 19.98 392.1  27693.
14:35:40 0.98 267.72 212.53 -0.47 1706  -1.00    -1.0     -1. -1.00 -1.00   0.00   0.00   0.00 0.00 0.00 0.00 -1.00  -1.0     -1. 19.71 391.8  23889.
14:37:01 0.98 267.72 212.52 -0.48 1706  -1.00    -1.0     -1. -1.00 -1.00   0.00   0.00   0.00 0.00 0.00 0.00 -1.00  -1.0     -1. 18.77 390.6  24675.
14:38:22 0.98 267.72 212.51 -0.48 1706  -1.00    -1.0     -1. -1.00 -1.00   0.00   0.00   0.00 0.00 0.00 0.00 -1.00  -1.0     -1. 19.54 391.8  23555.
14:39:43 0.98 267.72 212.49 -0.48 1706  -1.00    -1.0     -1. -1.00 -1.00   0.00   0.00   0.00 0.00 0.00 0.00 -1.00  -1.0     -1. 21.40 393.2  24052.
14:41:04 0.98 267.72 212.48 -0.48 1706  -1.00    -1.0     -1. -1.00 -1.00   0.00   0.00   0.00 0.00 0.00 0.00 -1.00  -1.0     -1. 21.35 392.7  27989.
14:42:25 0.98 267.72 212.47 -0.48 1706  -1.00    -1.0     -1. -1.00 -1.00   0.00   0.00   0.00 0.00 0.00 0.00 -1.00  -1.0     -1. 20.76 391.9  23902.
14:43:46 0.98 267.72 212.45 -0.48 1706  -1.00    -1.0     -1. -1.00 -1.00   0.00   0.00   0.00 0.00 0.00 0.00 -1.00  -1.0     -1. 21.09 392.4  28687.
14:45:07 0.98 267.72 212.44 -0.48 1706  -1.00    -1.0     -1. -1.00 -1.00   0.00   0.00   0.00 0.00 0.00 0.00 -1.00  -1.0     -1. 21.29 393.3  26793.
14:46:28 0.98 267.71 212.43 -0.48 1706  -1.00    -1.0     -1. -1.00 -1.00   0.00   0.00   0.00 0.00 0.00 0.00 -1.00  -1.0     -1. 22.30 394.7  29490.
14:47:49 0.98 267.71 212.42 -0.48 1706  -1.00    -1.0     -1. -1.00 -1.00   0.00   0.00   0.00 0.00 0.00 0.00 -1.00  -1.0     -1. 21.82 393.5  27677.
14:49:10 0.98 267.71 212.41 -0.48 1706  -1.00    -1.0     -1. -1.00 -1.00   0.00   0.00   0.00 0.00 0.00 0.00 -1.00  -1.0     -1. 22.21 392.7  29207.
14:50:31 0.98 267.71 212.39 -0.48 1706  -1.00    -1.0     -1. -1.00 -1.00   0.00   0.00   0.00 0.00 0.00 0.00 -1.00  -1.0     -1. 22.46 391.2  24812.
14:51:52 0.98 267.71 212.38 -0.48 1706  -1.00    -1.0     -1. -1.00 -1.00   0.00   0.00   0.00 0.00 0.00 0.00 -1.00  -1.0     -1. 22.48 390.0  27014.
14:53:13 0.98 267.71 212.37 -0.48 1706  -1.00    -1.0     -1. -1.00 -1.00   0.00   0.00   0.00 0.00 0.00 0.00 -1.00  -1.0     -1. 22.84 389.9  24571.
14:54:34 0.98 267.71 212.35 -0.48 1706  -1.00    -1.0     -1. -1.00 -1.00   0.00   0.00   0.00 0.00 0.00 0.00 -1.00  -1.0     -1. 22.82 391.2  32572.
14:55:55 0.98 267.71 212.34 -0.48 1706  -1.00    -1.0     -1. -1.00 -1.00   0.00   0.00   0.00 0.00 0.00 0.00 -1.00  -1.0     -1. 21.47 391.2  24766.
14:57:16 0.98 267.71 212.33 -0.48 1706  -1.00    -1.0     -1. -1.00 -1.00   0.00   0.00   0.00 0.00 0.00 0.00 -1.00  -1.0     -1. 21.88 394.5  29473.
14:58:37 0.98 267.71 212.32 -0.48 1706  -1.00    -1.0     -1. -1.00 -1.00   0.00   0.00   0.00 0.00 0.00 0.00 -1.00  -1.0     -1. 21.13 392.3  23551.
14:59:58 0.98 267.71 212.30 -0.48 1706  -1.00    -1.0     -1. -1.00 -1.00   0.00   0.00   0.00 0.00 0.00 0.00 -1.00  -1.0     -1. 21.40 393.4  31815.
15:01:19 0.98 267.71 212.29 -0.48 1706  -1.00    -1.0     -1. -1.00 -1.00   0.00   0.00   0.00 0.00 0.00 0.00 -1.00  -1.0     -1. 20.23 393.5  22310.
15:02:40 0.98 267.71 212.28 -0.48 1706  -1.00    -1.0     -1. -1.00 -1.00   0.00   0.00   0.00 0.00 0.00 0.00 -1.00  -1.0     -1. 20.81 395.2  28395.
15:04:01 0.98 267.71 212.27 -0.48 1706  -1.00    -1.0     -1. -1.00 -1.00   0.00   0.00   0.00 0.00 0.00 0.00 -1.00  -1.0     -1. 20.68 393.8  26982.
15:05:22 0.98 267.71 212.25 -0.48 1706  -1.00    -1.0     -1. -1.00 -1.00   0.00   0.00   0.00 0.00 0.00 0.00 -1.00  -1.0     -1. 20.30 395.8  30289.
15:06:43 0.98 267.71 212.24 -0.48 1706  -1.00    -1.0     -1. -1.00 -1.00   0.00   0.00   0.00 0.00 0.00 0.00 -1.00  -1.0     -1. 20.40 393.4  25484.
15:08:04 0.98 267.71 212.23 -0.48 1706  -1.00    -1.0     -1. -1.00 -1.00   0.00   0.00   0.00 0.00 0.00 0.00 -1.00  -1.0     -1. 21.05 394.1  29977.
15:09:25 0.98 267.71 212.21 -0.48 1706  -1.00    -1.0     -1. -1.00 -1.00   0.00   0.00   0.00 0.00 0.00 0.00 -1.00  -1.0     -1. 21.36 393.7  26004.
15:10:46 0.98 267.71 212.20 -0.48 1706  -1.00    -1.0     -1. -1.00 -1.00   0.00   0.00   0.00 0.00 0.00 0.00 -1.00  -1.0     -1. 22.68 394.4  31770.
15:12:07 0.98 267.71 212.19 -0.48 1706  -1.00    -1.0     -1. -1.00 -1.00   0.00   0.00   0.00 0.00 0.00 0.00 -1.00  -1.0     -1. 21.31 393.4  22661.
15:13:28 0.98 267.71 212.18 -0.48 1706  -1.00    -1.0     -1. -1.00 -1.00   0.00   0.00   0.00 0.00 0.00 0.00 -1.00  -1.0     -1. 23.28 393.9  33784.
15:14:49 0.98 267.71 212.17 -0.48 1706  -1.00    -1.0     -1. -1.00 -1.00   0.00   0.00   0.00 0.00 0.00 0.00 -1.00  -1.0     -1. 22.77 392.8  23782.
15:16:10 0.98 267.71 212.15 -0.48 1706  -1.00    -1.0     -1. -1.00 -1.00   0.00   0.00   0.00 0.00 0.00 0.00 -1.00  -1.0     -1. 23.91 395.3  35736.
15:17:31 0.98 267.71 212.14 -0.48 1706  -1.00    -1.0     -1. -1.00 -1.00   0.00   0.00   0.00 0.00 0.00 0.00 -1.00  -1.0     -1. 22.43 393.6  25679.
15:18:52 0.98 267.71 212.13 -0.48 1706  -1.00    -1.0     -1. -1.00 -1.00   0.00   0.00   0.00 0.00 0.00 0.00 -1.00  -1.0     -1. 24.58 394.3  35759.
15:20:13 0.98 267.71 212.11 -0.48 1706  -1.00    -1.0     -1. -1.00 -1.00   0.00   0.00   0.00 0.00 0.00 0.00 -1.00  -1.0     -1. 22.85 392.1  23376.
15:21:34 0.98 267.71 212.10 -0.48 1706  -1.00    -1.0     -1. -1.00 -1.00   0.00   0.00   0.00 0.00 0.00 0.00 -1.00  -1.0     -1. 23.23 394.0  29337.
15:22:55 0.98 267.71 212.09 -0.48 1706  -1.00    -1.0     -1. -1.00 -1.00   0.00   0.00   0.00 0.00 0.00 0.00 -1.00  -1.0     -1. 23.73 391.5  22827.
15:24:16 0.98 267.71 212.08 -0.48 1706  -1.00    -1.0     -1. -1.00 -1.00   0.00   0.00   0.00 0.00 0.00 0.00 -1.00  -1.0     -1. 23.69 392.7  31416.
15:25:37 0.98 267.71 212.06 -0.48 1706  -1.00    -1.0     -1. -1.00 -1.00   0.00   0.00   0.00 0.00 0.00 0.00 -1.00  -1.0     -1. 22.23 393.1  24971.
15:26:58 0.98 267.71 212.05 -0.48 1706  -1.00    -1.0     -1. -1.00 -1.00   0.00   0.00   0.00 0.00 0.00 0.00 -1.00  -1.0     -1. 23.10 393.8  29002.
15:28:19 0.98 267.71 212.04 -0.48 1706  -1.00    -1.0     -1. -1.00 -1.00   0.00   0.00   0.00 0.00 0.00 0.00 -1.00  -1.0     -1. 22.80 393.0  23730.
15:29:40 0.98 267.71 212.03 -0.48 1706  -1.00    -1.0     -1. -1.00 -1.00   0.00   0.00   0.00 0.00 0.00 0.00 -1.00  -1.0     -1. 23.27 396.5  37406.
15:31:01 0.98 267.71 212.01 -0.48 1706  -1.00    -1.0     -1. -1.00 -1.00   0.00   0.00   0.00 0.00 0.00 0.00 -1.00  -1.0     -1. 21.88 397.7  27852.
15:32:22 0.98 267.71 212.00 -0.48 1706  -1.00    -1.0     -1. -1.00 -1.00   0.00   0.00   0.00 0.00 0.00 0.00 -1.00  -1.0     -1. 22.79 397.4  30516.
15:33:43 0.98 267.71 211.99 -0.48 1706  -1.00    -1.0     -1. -1.00 -1.00   0.00   0.00   0.00 0.00 0.00 0.00 -1.00  -1.0     -1. 21.68 397.5  28148.
15:35:04 0.98 267.70 211.97 -0.48 1706  -1.00    -1.0     -1. -1.00 -1.00   0.00   0.00   0.00 0.00 0.00 0.00 -1.00  -1.0     -1. 20.00 394.9  33251.
15:36:25 0.98 267.70 211.96 -0.48 1706  -1.00    -1.0     -1. -1.00 -1.00   0.00   0.00   0.00 0.00 0.00 0.00 -1.00  -1.0     -1. 21.64 393.7  31955.
15:37:46 0.98 267.70 211.95 -0.48 1706  -1.00    -1.0     -1. -1.00 -1.00   0.00   0.00   0.00 0.00 0.00 0.00 -1.00  -1.0     -1. 21.73 391.6  40512.
15:39:07 0.98 267.70 211.94 -0.48 1706  -1.00    -1.0     -1. -1.00 -1.00   0.00   0.00   0.00 0.00 0.00 0.00 -1.00  -1.0     -1. 18.71 389.9  44978.
15:40:28 0.98 267.70 211.93 -0.48 1706  -1.00    -1.0     -1. -1.00 -1.00   0.00   0.00   0.00 0.00 0.00 0.00 -1.00  -1.0     -1. 17.95 392.2  33911.
15:41:49 0.98 267.70 211.91 -0.48 1706  -1.00    -1.0     -1. -1.00 -1.00   0.00   0.00   0.00 0.00 0.00 0.00 -1.00  -1.0     -1. 18.26 392.5  31458.
15:43:10 0.98 267.70 211.90 -0.48 1706  -1.00    -1.0     -1. -1.00 -1.00   0.00   0.00   0.00 0.00 0.00 0.00 -1.00  -1.0     -1. 18.35 394.3  38559.
15:44:31 0.98 267.70 211.89 -0.48 1706  -1.00    -1.0     -1. -1.00 -1.00   0.00   0.00   0.00 0.00 0.00 0.00 -1.00  -1.0     -1. 17.17 392.9  27778.
15:45:52 0.98 267.70 211.87 -0.48 1706  -1.00    -1.0     -1. -1.00 -1.00   0.00   0.00   0.00 0.00 0.00 0.00 -1.00  -1.0     -1. 18.13 394.9  33352.
15:47:13 0.98 267.70 211.86 -0.48 1706  -1.00    -1.0     -1. -1.00 -1.00   0.00   0.00   0.00 0.00 0.00 0.00 -1.00  -1.0     -1. 17.16 393.3  31491.
15:48:34 0.98 267.70 211.85 -0.48 1706  -1.00    -1.0     -1. -1.00 -1.00   0.00   0.00   0.00 0.00 0.00 0.00 -1.00  -1.0     -1. 16.96 394.3  38735.
15:51:32 0.98 267.70 211.82 -0.48 1706  -1.00    -1.0     -1. -1.00 -1.00   0.00   0.00   0.00 0.00 0.00 0.00 -1.00  -1.0     -1. 16.28 393.1  35938.
15:52:53 0.98 267.70 211.81 -0.48 1706  -1.00    -1.0     -1. -1.00 -1.00   0.00   0.00   0.00 0.00 0.00 0.00 -1.00  -1.0     -1. 12.51 392.5  42120.
15:54:14 0.98 267.70 211.79 -0.48 1706  -1.00    -1.0     -1. -1.00 -1.00   0.00   0.00   0.00 0.00 0.00 0.00 -1.00  -1.0     -1. 10.91 394.4  43510.
15:55:19 0.98 267.70 211.79 -0.48 1706  -1.00    -1.0     -1. -1.00 -1.00   0.00   0.00   0.00 0.00 0.00 0.00 -1.00  -1.0     -1. 13.94 392.3  39556.
15:56:40 0.98 267.70 211.77 -0.48 1706  -1.00    -1.0     -1. -1.00 -1.00   0.00   0.00   0.00 0.00 0.00 0.00 -1.00  -1.0     -1. 16.04 393.6  49201.
15:58:01 0.98 267.70 211.76 -0.48 1706  -1.00    -1.0     -1. -1.00 -1.00   0.00   0.00   0.00 0.00 0.00 0.00 -1.00  -1.0     -1. 13.59 392.0  43932.
15:59:22 0.98 267.70 211.75 -0.48 1706  -1.00    -1.0     -1. -1.00 -1.00   0.00   0.00   0.00 0.00 0.00 0.00 -1.00  -1.0     -1. 15.98 393.2  36152.
16:00:43 0.98 267.70 211.73 -0.48 1706  -1.00    -1.0     -1. -1.00 -1.00   0.00   0.00   0.00 0.00 0.00 0.00 -1.00  -1.0     -1. 13.35 393.9  33761.
16:02:04 0.98 267.70 211.72 -0.48 1706  -1.00    -1.0     -1. -1.00 -1.00   0.00   0.00   0.00 0.00 0.00 0.00 -1.00  -1.0     -1. 13.43 396.3  41233.
16:03:25 0.98 267.70 211.71 -0.48 1706  -1.00    -1.0     -1. -1.00 -1.00   0.00   0.00   0.00 0.00 0.00 0.00 -1.00  -1.0     -1. 13.06 393.3  44923.
16:04:46 0.98 267.70 211.70 -0.48 1706  -1.00    -1.0     -1. -1.00 -1.00   0.00   0.00   0.00 0.00 0.00 0.00 -1.00  -1.0     -1. 13.72 396.3  47359.
16:06:07 0.98 267.70 211.68 -0.48 1706  -1.00    -1.0     -1. -1.00 -1.00   0.00   0.00   0.00 0.00 0.00 0.00 -1.00  -1.0     -1. 17.11 392.2  43633.
16:07:28 0.98 267.70 211.67 -0.48 1706  -1.00    -1.0     -1. -1.00 -1.00   0.00   0.00   0.00 0.00 0.00 0.00 -1.00  -1.0     -1. 17.71 395.0  43081.
16:08:49 0.98 267.70 211.66 -0.48 1706  -1.00    -1.0     -1. -1.00 -1.00   0.00   0.00   0.00 0.00 0.00 0.00 -1.00  -1.0     -1. 17.20 392.5  45858.
16:10:10 0.98 267.70 211.65 -0.48 1706  -1.00    -1.0     -1. -1.00 -1.00   0.00   0.00   0.00 0.00 0.00 0.00 -1.00  -1.0     -1. 18.13 394.3  42003.
16:11:31 0.98 267.70 211.63 -0.48 1706  -1.00    -1.0     -1. -1.00 -1.00   0.00   0.00   0.00 0.00 0.00 0.00 -1.00  -1.0     -1. 18.84 390.1  48691.
16:12:52 0.98 267.70 211.62 -0.48 1706  -1.00    -1.0     -1. -1.00 -1.00   0.00   0.00   0.00 0.00 0.00 0.00 -1.00  -1.0     -1. 18.57 391.9  42860.
16:14:13 0.98 267.70 211.61 -0.48 1706  -1.00    -1.0     -1. -1.00 -1.00   0.00   0.00   0.00 0.00 0.00 0.00 -1.00  -1.0     -1. 19.95 388.9  44397.
16:15:34 0.98 267.70 211.59 -0.48 1706  -1.00    -1.0     -1. -1.00 -1.00   0.00   0.00   0.00 0.00 0.00 0.00 -1.00  -1.0     -1. 17.90 393.4  40076.
16:16:55 0.98 267.70 211.58 -0.48 1706  -1.00    -1.0     -1. -1.00 -1.00   0.00   0.00   0.00 0.00 0.00 0.00 -1.00  -1.0     -1. 17.87 392.1  38078.
16:18:16 0.98 267.70 211.57 -0.48 1706  -1.00    -1.0     -1. -1.00 -1.00   0.00   0.00   0.00 0.00 0.00 0.00 -1.00  -1.0     -1. 16.83 399.0  36165.
16:19:37 0.98 267.70 211.56 -0.48 1706  -1.00    -1.0     -1. -1.00 -1.00   0.00   0.00   0.00 0.00 0.00 0.00 -1.00  -1.0     -1. 16.98 398.3  36951.
16:20:58 0.98 267.70 211.55 -0.48 1706  -1.00    -1.0     -1. -1.00 -1.00   0.00   0.00   0.00 0.00 0.00 0.00 -1.00  -1.0     -1. 17.57 397.7  39751.
16:22:19 0.98 267.70 211.53 -0.48 1706  -1.00    -1.0     -1. -1.00 -1.00   0.00   0.00   0.00 0.00 0.00 0.00 -1.00  -1.0     -1. 17.40 396.2  35119.
16:23:40 0.98 267.69 211.52 -0.48 1706  -1.00    -1.0     -1. -1.00 -1.00   0.00   0.00   0.00 0.00 0.00 0.00 -1.00  -1.0     -1. 17.86 395.9  35957.
16:25:01 0.98 267.69 211.51 -0.48 1706  -1.00    -1.0     -1. -1.00 -1.00   0.00   0.00   0.00 0.00 0.00 0.00 -1.00  -1.0     -1. 17.70 395.0  28843.
16:26:22 0.98 267.69 211.49 -0.48 1706  -1.00    -1.0     -1. -1.00 -1.00   0.00   0.00   0.00 0.00 0.00 0.00 -1.00  -1.0     -1. 14.57 395.3  49165.
16:27:43 0.98 267.69 211.48 -0.48 1706  -1.00    -1.0     -1. -1.00 -1.00   0.00   0.00   0.00 0.00 0.00 0.00 -1.00  -1.0     -1. 13.71 396.0  31932.
16:29:04 0.98 267.69 211.47 -0.48 1706  -1.00    -1.0     -1. -1.00 -1.00   0.00   0.00   0.00 0.00 0.00 0.00 -1.00  -1.0     -1. 14.95 396.8  39820.
16:30:25 0.98 267.69 211.46 -0.48 1706  -1.00    -1.0     -1. -1.00 -1.00   0.00   0.00   0.00 0.00 0.00 0.00 -1.00  -1.0     -1. 14.74 395.1  31432.
16:31:46 0.98 267.69 211.44 -0.48 1706  -1.00    -1.0     -1. -1.00 -1.00   0.00   0.00   0.00 0.00 0.00 0.00 -1.00  -1.0     -1. 15.76 394.1  40105.
16:33:07 0.98 267.69 211.43 -0.48 1706  -1.00    -1.0     -1. -1.00 -1.00   0.00   0.00   0.00 0.00 0.00 0.00 -1.00  -1.0     -1. 13.20 391.0  51485.
16:34:28 0.98 267.69 211.42 -0.48 1706  -1.00    -1.0     -1. -1.00 -1.00   0.00   0.00   0.00 0.00 0.00 0.00 -1.00  -1.0     -1. 13.57 395.6  36048.
16:35:49 0.98 267.69 211.41 -0.48 1706  -1.00    -1.0     -1. -1.00 -1.00   0.00   0.00   0.00 0.00 0.00 0.00 -1.00  -1.0     -1. 13.03 394.7  28827.
16:37:10 0.98 267.69 211.40 -0.48 1706  -1.00    -1.0     -1. -1.00 -1.00   0.00   0.00   0.00 0.00 0.00 0.00 -1.00  -1.0     -1. 15.36 397.0  40541.
16:38:31 0.98 267.69 211.38 -0.48 1706  -1.00    -1.0     -1. -1.00 -1.00   0.00   0.00   0.00 0.00 0.00 0.00 -1.00  -1.0     -1. 14.75 395.4  32455.
16:39:52 0.98 267.69 211.37 -0.48 1706  -1.00    -1.0     -1. -1.00 -1.00   0.00   0.00   0.00 0.00 0.00 0.00 -1.00  -1.0     -1. 12.71 396.9  38725.
16:41:13 0.98 267.69 211.36 -0.48 1706  -1.00    -1.0     -1. -1.00 -1.00   0.00   0.00   0.00 0.00 0.00 0.00 -1.00  -1.0     -1. 13.46 389.0  33777.
16:42:34 0.98 267.69 211.34 -0.48 1706  -1.00    -1.0     -1. -1.00 -1.00   0.00   0.00   0.00 0.00 0.00 0.00 -1.00  -1.0     -1.  9.31 395.9  43864.
16:43:55 0.98 267.69 211.33 -0.48 1706  -1.00    -1.0     -1. -1.00 -1.00   0.00   0.00   0.00 0.00 0.00 0.00 -1.00  -1.0     -1.  7.78 395.5  31494.
16:45:16 0.98 267.69 211.32 -0.48 1706  -1.00    -1.0     -1. -1.00 -1.00   0.00   0.00   0.00 0.00 0.00 0.00 -1.00  -1.0     -1. 11.95 392.2  46687.
16:46:37 0.98 267.69 211.30 -0.48 1706  -1.00    -1.0     -1. -1.00 -1.00   0.00   0.00   0.00 0.00 0.00 0.00 -1.00  -1.0     -1. 13.32 390.3  43308.
16:47:58 0.98 267.69 211.29 -0.48 1706  -1.00    -1.0     -1. -1.00 -1.00   0.00   0.00   0.00 0.00 0.00 0.00 -1.00  -1.0     -1. 12.96 390.1  44322.
16:49:19 0.98 267.69 211.28 -0.48 1706  -1.00    -1.0     -1. -1.00 -1.00   0.00   0.00   0.00 0.00 0.00 0.00 -1.00  -1.0     -1. 10.03 395.5  47466.
16:50:40 0.98 267.69 211.27 -0.48 1706  -1.00    -1.0     -1. -1.00 -1.00   0.00   0.00   0.00 0.00 0.00 0.00 -1.00  -1.0     -1.  9.28 394.5  45079.
16:52:01 0.98 267.69 211.26 -0.48 1706  -1.00    -1.0     -1. -1.00 -1.00   0.00   0.00   0.00 0.00 0.00 0.00 -1.00  -1.0     -1. 11.54 387.4  50601.
16:53:22 0.98 267.69 211.24 -0.48 1706  -1.00    -1.0     -1. -1.00 -1.00   0.00   0.00   0.00 0.00 0.00 0.00 -1.00  -1.0     -1. 10.32 390.6  39888.
16:54:43 0.98 267.69 211.23 -0.48 1706  -1.00    -1.0     -1. -1.00 -1.00   0.00   0.00   0.00 0.00 0.00 0.00 -1.00  -1.0     -1.  9.25 388.9  48097.
16:56:04 0.98 267.69 211.22 -0.48 1706  -1.00    -1.0     -1. -1.00 -1.00   0.00   0.00   0.00 0.00 0.00 0.00 -1.00  -1.0     -1. 13.04 390.1  45316.
16:57:25 0.98 267.69 211.20 -0.48 1706  -1.00    -1.0     -1. -1.00 -1.00   0.00   0.00   0.00 0.00 0.00 0.00 -1.00  -1.0     -1. 11.36 388.4  35658.
16:58:46 0.98 267.69 211.19 -0.48 1706  -1.00    -1.0     -1. -1.00 -1.00   0.00   0.00   0.00 0.00 0.00 0.00 -1.00  -1.0     -1. 11.61 392.0  41882.
17:00:07 0.98 267.69 211.18 -0.48 1706  -1.00    -1.0     -1. -1.00 -1.00   0.00   0.00   0.00 0.00 0.00 0.00 -1.00  -1.0     -1. 11.73 384.7  48171.
17:01:28 0.98 267.69 211.17 -0.48 1706  -1.00    -1.0     -1. -1.00 -1.00   0.00   0.00   0.00 0.00 0.00 0.00 -1.00  -1.0     -1. 11.88 386.8  46330.
17:02:49 0.98 267.69 211.16 -0.48 1706  -1.00    -1.0     -1. -1.00 -1.00   0.00   0.00   0.00 0.00 0.00 0.00 -1.00  -1.0     -1. 11.52 385.6  53853.
17:04:10 0.98 267.69 211.14 -0.48 1706  -1.00    -1.0     -1. -1.00 -1.00   0.00   0.00   0.00 0.00 0.00 0.00 -1.00  -1.0     -1. 10.75 394.8  55217.
17:05:31 0.98 267.69 211.13 -0.48 1706  -1.00    -1.0     -1. -1.00 -1.00   0.00   0.00   0.00 0.00 0.00 0.00 -1.00  -1.0     -1.  9.32 388.0  54792.
17:06:52 0.98 267.69 211.12 -0.48 1706  -1.00    -1.0     -1. -1.00 -1.00   0.00   0.00   0.00 0.00 0.00 0.00 -1.00  -1.0     -1.  8.77 393.1  44387.
17:08:13 0.98 267.69 211.10 -0.48 1706  -1.00    -1.0     -1. -1.00 -1.00   0.00   0.00   0.00 0.00 0.00 0.00 -1.00  -1.0     -1.  6.97 386.3  50510.
17:09:34 0.98 267.69 211.09 -0.48 1706  -1.00    -1.0     -1. -1.00 -1.00   0.00   0.00   0.00 0.00 0.00 0.00 -1.00  -1.0     -1.  6.91 400.7  40999.
17:10:55 0.98 267.69 211.08 -0.48 1706  -1.00    -1.0     -1. -1.00 -1.00   0.00   0.00   0.00 0.00 0.00 0.00 -1.00  -1.0     -1.  6.82 402.3  42509.
17:12:16 0.98 267.68 211.06 -0.48 1706  -1.00    -1.0     -1. -1.00 -1.00   0.00   0.00   0.00 0.00 0.00 0.00 -1.00  -1.0     -1.  8.22 394.8  58596.
17:13:37 0.98 267.68 211.05 -0.48 1706  -1.00    -1.0     -1. -1.00 -1.00   0.00   0.00   0.00 0.00 0.00 0.00 -1.00  -1.0     -1.  9.06 386.7  39872.
17:14:58 0.98 267.68 211.04 -0.48 1706  -1.00    -1.0     -1. -1.00 -1.00   0.00   0.00   0.00 0.00 0.00 0.00 -1.00  -1.0     -1.  9.89 390.3  54015.
17:16:19 0.98 267.68 211.03 -0.48 1706  -1.00    -1.0     -1. -1.00 -1.00   0.00   0.00   0.00 0.00 0.00 0.00 -1.00  -1.0     -1. 10.03 381.3  76599.
17:17:40 0.98 267.68 211.02 -0.48 1706  -1.00    -1.0     -1. -1.00 -1.00   0.00   0.00   0.00 0.00 0.00 0.00 -1.00  -1.0     -1.  9.24 387.9  47444.
17:19:01 0.98 267.68 211.00 -0.48 1706  -1.00    -1.0     -1. -1.00 -1.00   0.00   0.00   0.00 0.00 0.00 0.00 -1.00  -1.0     -1.  7.97 383.0  37383.
17:20:22 0.98 267.68 210.99 -0.48 1706  -1.00    -1.0     -1. -1.00 -1.00   0.00   0.00   0.00 0.00 0.00 0.00 -1.00  -1.0     -1.  8.95 388.1  46784.
17:21:43 0.98 267.68 210.98 -0.48 1706  -1.00    -1.0     -1. -1.00 -1.00   0.00   0.00   0.00 0.00 0.00 0.00 -1.00  -1.0     -1.  8.60 394.1  63137.
17:23:04 0.98 267.68 210.96 -0.49 1706  -1.00    -1.0     -1. -1.00 -1.00   0.00   0.00   0.00 0.00 0.00 0.00 -1.00  -1.0     -1.  6.29 398.4  56299.
17:24:25 0.98 267.68 210.95 -0.49 1706  -1.00    -1.0     -1. -1.00 -1.00   0.00   0.00   0.00 0.00 0.00 0.00 -1.00  -1.0     -1.  6.55 405.3  53639.
17:25:46 0.98 267.68 210.94 -0.49 1706  -1.00    -1.0     -1. -1.00 -1.00   0.00   0.00   0.00 0.00 0.00 0.00 -1.00  -1.0     -1.  6.52 401.5  45904.
17:36:32 0.98 267.68 210.84 -0.49 1706  -1.00    -1.0     -1. -1.00 -1.00   0.00   0.00   0.00 0.00 0.00 0.00 -1.00  -1.0     -1.  4.90 419.6  35892.
17:36:34 0.98 267.68 210.84 -0.49 1706  -1.00    -1.0     -1. -1.00 -1.00   0.00   0.00   0.00 0.00 0.00 0.00 -1.00  -1.0     -1.  6.26 421.4  83645.
17:39:17 0.98 267.68 210.81 -0.49 1706  -1.00    -1.0     -1. -1.00 -1.00   0.00   0.00   0.00 0.00 0.00 0.00 -1.00  -1.0     -1.  7.06 403.7  58771.
17:41:59 0.98 267.68 210.79 -0.49 1706  -1.00    -1.0     -1. -1.00 -1.00   0.00   0.00   0.00 0.00 0.00 0.00 -1.00  -1.0     -1.  6.22 427.2  41928.
17:44:41 0.98 267.68 210.76 -0.49 1706  -1.00    -1.0     -1. -1.00 -1.00   0.00   0.00   0.00 0.00 0.00 0.00 -1.00  -1.0     -1.  5.87 426.5  57888.
17:47:23 0.98 267.68 210.74 -0.49 1706  -1.00    -1.0     -1. -1.00 -1.00   0.00   0.00   0.00 0.00 0.00 0.00 -1.00  -1.0     -1.  6.68 423.6  40183.
17:50:05 0.98 267.68 210.71 -0.49 1706  -1.00    -1.0     -1. -1.00 -1.00   0.00   0.00   0.00 0.00 0.00 0.00 -1.00  -1.0     -1.  6.55 416.3  42003.
17:52:47 0.98 267.68 210.68 -0.49 1706  -1.00    -1.0     -1. -1.00 -1.00   0.00   0.00   0.00 0.00 0.00 0.00 -1.00  -1.0     -1.  6.85 415.8  61539.
17:55:29 0.98 267.68 210.66 -0.49 1706  -1.00    -1.0     -1. -1.00 -1.00   0.00   0.00   0.00 0.00 0.00 0.00 -1.00  -1.0     -1.  6.21 409.7  63222.
17:58:11 0.98 267.68 210.64 -0.49 1706  -1.00    -1.0     -1. -1.00 -1.00   0.00   0.00   0.00 0.00 0.00 0.00 -1.00  -1.0     -1.  6.69 412.3  59444.
18:00:53 0.98 267.67 210.61 -0.49 1706  -1.00    -1.0     -1. -1.00 -1.00   0.00   0.00   0.00 0.00 0.00 0.00 -1.00  -1.0     -1.  6.16 415.5  43269.
18:03:35 0.98 267.67 210.58 -0.49 1706  -1.00    -1.0     -1. -1.00 -1.00   0.00   0.00   0.00 0.00 0.00 0.00 -1.00  -1.0     -1.  7.20 410.3  61968.
18:06:17 0.98 267.67 210.56 -0.49 1706  -1.00    -1.0     -1. -1.00 -1.00   0.00   0.00   0.00 0.00 0.00 0.00 -1.00  -1.0     -1.  6.89 407.0  76612.
18:08:59 0.98 267.67 210.53 -0.49 1706  -1.00    -1.0     -1. -1.00 -1.00   0.00   0.00   0.00 0.00 0.00 0.00 -1.00  -1.0     -1.  7.82 401.8  90674.
18:11:41 0.98 267.67 210.51 -0.49 1706  -1.00    -1.0     -1. -1.00 -1.00   0.00   0.00   0.00 0.00 0.00 0.00 -1.00  -1.0     -1.  6.31 410.8  84151.
18:14:23 0.98 267.67 210.48 -0.49 1706  -1.00    -1.0     -1. -1.00 -1.00   0.00   0.00   0.00 0.00 0.00 0.00 -1.00  -1.0     -1.  7.29 408.0 107875.
18:17:05 0.98 267.67 210.46 -0.49 1706  -1.00    -1.0     -1. -1.00 -1.00   0.00   0.00   0.00 0.00 0.00 0.00 -1.00  -1.0     -1.  6.24 413.8  80023.
18:19:47 0.98 267.67 210.43 -0.49 1706  -1.00    -1.0     -1. -1.00 -1.00   0.00   0.00   0.00 0.00 0.00 0.00 -1.00  -1.0     -1.  7.25 404.8  94956.
18:22:29 0.98 267.67 210.41 -0.49 1706  -1.00    -1.0     -1. -1.00 -1.00   0.00   0.00   0.00 0.00 0.00 0.00 -1.00  -1.0     -1.  5.94 404.4  60896.
18:25:11 0.98 267.67 210.38 -0.49 1706  -1.00    -1.0     -1. -1.00 -1.00   0.00   0.00   0.00 0.00 0.00 0.00 -1.00  -1.0     -1.  5.38 416.9  77356.
18:27:53 0.98 267.67 210.36 -0.49 1706  -1.00    -1.0     -1. -1.00 -1.00   0.00   0.00   0.00 0.00 0.00 0.00 -1.00  -1.0     -1.  4.37 417.4  46174.
18:30:35 0.98 267.67 210.33 -0.49 1706  -1.00    -1.0     -1. -1.00 -1.00   0.00   0.00   0.00 0.00 0.00 0.00 -1.00  -1.0     -1.  5.52 419.3  73298.
18:33:17 0.98 267.67 210.30 -0.49 1706  -1.00    -1.0     -1. -1.00 -1.00   0.00   0.00   0.00 0.00 0.00 0.00 -1.00  -1.0     -1.  4.15 416.4  21722.
18:35:59 0.98 267.67 210.28 -0.49 1706  -1.00    -1.0     -1. -1.00 -1.00   0.00   0.00   0.00 0.00 0.00 0.00 -1.00  -1.0     -1.  4.44 414.0  42201.
18:38:41 0.98 267.67 210.26 -0.49 1706  -1.00    -1.0     -1. -1.00 -1.00   0.00   0.00   0.00 0.00 0.00 0.00 -1.00  -1.0     -1.  4.38 415.5  19627.
18:41:23 0.98 267.67 210.23 -0.49 1706  -1.00    -1.0     -1. -1.00 -1.00   0.00   0.00   0.00 0.00 0.00 0.00 -1.00  -1.0     -1.  4.63 413.9  39657.
18:44:05 0.98 267.67 210.20 -0.49 1706  -1.00    -1.0     -1. -1.00 -1.00   0.00   0.00   0.00 0.00 0.00 0.00 -1.00  -1.0     -1.  4.07 417.4  33232.
18:46:47 0.98 267.67 210.18 -0.49 1706  -1.00    -1.0     -1. -1.00 -1.00   0.00   0.00   0.00 0.00 0.00 0.00 -1.00  -1.0     -1.  3.47 424.4  42438.
18:49:29 0.98 267.66 210.15 -0.49 1706  -1.00    -1.0     -1. -1.00 -1.00   0.00   0.00   0.00 0.00 0.00 0.00 -1.00  -1.0     -1.  5.04 420.7  60272.
18:53:58 0.98 267.66 210.11 -0.49 1706  -1.00    -1.0     -1. -1.00 -1.00   0.00   0.00   0.00 0.00 0.00 0.00 -1.00  -1.0     -1.  6.08 401.2  25455.
18:57:35 0.98 267.66 210.08 -0.49 1706  -1.00    -1.0     -1. -1.00 -1.00   0.00   0.00   0.00 0.00 0.00 0.00 -1.00  -1.0     -1.  5.48 411.6  71278.
19:00:17 0.98 267.66 210.05 -0.49 1706  -1.00    -1.0     -1. -1.00 -1.00   0.00   0.00   0.00 0.00 0.00 0.00 -1.00  -1.0     -1.  6.15 408.4  52037.
19:02:59 0.98 267.66 210.03 -0.49 1706  -1.00    -1.0     -1. -1.00 -1.00   0.00   0.00   0.00 0.00 0.00 0.00 -1.00  -1.0     -1.  5.51 412.1  19822.
19:05:41 0.98 267.66 210.00 -0.49 1706  -1.00    -1.0     -1. -1.00 -1.00   0.00   0.00   0.00 0.00 0.00 0.00 -1.00  -1.0     -1.  4.72 412.2  45904.
19:08:23 0.98 267.66 209.98 -0.49 1706  -1.00    -1.0     -1. -1.00 -1.00   0.00   0.00   0.00 0.00 0.00 0.00 -1.00  -1.0     -1.  5.36 415.4  24156.
19:11:05 0.98 267.66 209.95 -0.49 1706  -1.00    -1.0     -1. -1.00 -1.00   0.00   0.00   0.00 0.00 0.00 0.00 -1.00  -1.0     -1.  6.80 414.8  27076.
19:13:47 0.98 267.66 209.93 -0.49 1706  -1.00    -1.0     -1. -1.00 -1.00   0.00   0.00   0.00 0.00 0.00 0.00 -1.00  -1.0     -1.  6.87 417.2  13056.
19:16:29 0.98 267.66 209.90 -0.49 1706  -1.00    -1.0     -1. -1.00 -1.00   0.00   0.00   0.00 0.00 0.00 0.00 -1.00  -1.0     -1.  6.02 413.4  19468.
19:19:11 0.98 267.66 209.88 -0.49 1706  -1.00    -1.0     -1. -1.00 -1.00   0.00   0.00   0.00 0.00 0.00 0.00 -1.00  -1.0     -1.  5.09 411.2  34512.
19:21:53 0.98 267.66 209.85 -0.49 1706  -1.00    -1.0     -1. -1.00 -1.00   0.00   0.00   0.00 0.00 0.00 0.00 -1.00  -1.0     -1.  6.07 404.1  36620.
19:24:35 0.98 267.66 209.83 -0.49 1706  -1.00    -1.0     -1. -1.00 -1.00   0.00   0.00   0.00 0.00 0.00 0.00 -1.00  -1.0     -1.  7.55 406.4  36561.
19:27:17 0.98 267.66 209.80 -0.49 1706  -1.00    -1.0     -1. -1.00 -1.00   0.00   0.00   0.00 0.00 0.00 0.00 -1.00  -1.0     -1.  6.89 401.5  46840.
19:29:59 0.98 267.66 209.78 -0.49 1706  -1.00    -1.0     -1. -1.00 -1.00   0.00   0.00   0.00 0.00 0.00 0.00 -1.00  -1.0     -1.  6.29 404.3  29723.
21:46:47 0.98 267.63 208.49 -0.50 1706  -1.00    -1.0     -1. -1.00 -1.00   0.00   0.00   0.00 0.00 0.00 0.00 -1.00  -1.0     -1.  5.90 375.4  36025.
22:29:59 0.98 267.62 208.09 -0.50 1706  -1.00    -1.0     -1. -1.00 -1.00   0.00   0.00   0.00 0.00 0.00 0.00 -1.00  -1.0     -1.  4.49 381.0  17116.
23:13:11 0.98 267.61 207.68 -0.51 1706  -1.00    -1.0     -1. -1.00 -1.00   0.00   0.00   0.00 0.00 0.00 0.00 -1.00  -1.0     -1.  5.60 390.7  66896.
23:56:23 0.98 267.60 207.28 -0.51 1706  -1.00    -1.0     -1. -1.00 -1.00   0.00   0.00   0.00 0.00 0.00 0.00 -1.00  -1.0     -1.  5.05 399.3  60243.
