1981/092   rh    esh  clong  clat crot    np1     vp1     Tp1   vaz   vel     Bx     By     Bz  sBx  sBy  sBz   nal   val     Tal   np2   vp2     Tp2
hh:mm:ss [AU]  [deg]  [deg] [deg]    # [cm-3]  [km/s]     [K] [deg] [deg]   [nT]   [nT]   [nT] [nT] [nT] [nT][cm-3][km/s]     [K][cm-3][km/s]     [K]
 0:00:31 0.94 262.18 297.97 -2.28 1707  -1.00    -1.0     -1. -1.00 -1.00   0.00   0.00   0.00 0.00 0.00 0.00 -1.00  -1.0     -1.  3.72 403.4  42116.
 0:03:13 0.94 262.18 297.95 -2.28 1707  -1.00    -1.0     -1. -1.00 -1.00   0.00   0.00   0.00 0.00 0.00 0.00 -1.00  -1.0     -1.  4.27 398.7  30334.
 0:05:55 0.94 262.18 297.92 -2.28 1707  -1.00    -1.0     -1. -1.00 -1.00   0.00   0.00   0.00 0.00 0.00 0.00 -1.00  -1.0     -1.  3.49 395.2  31224.
 0:08:37 0.94 262.18 297.89 -2.28 1707  -1.00    -1.0     -1. -1.00 -1.00   0.00   0.00   0.00 0.00 0.00 0.00 -1.00  -1.0     -1.  4.00 402.1  35866.
 0:11:19 0.94 262.18 297.87 -2.28 1707  -1.00    -1.0     -1. -1.00 -1.00   0.00   0.00   0.00 0.00 0.00 0.00 -1.00  -1.0     -1.  4.65 397.4  43289.
 0:14:01 0.94 262.18 297.85 -2.28 1707  -1.00    -1.0     -1. -1.00 -1.00   0.00   0.00   0.00 0.00 0.00 0.00 -1.00  -1.0     -1.  4.13 391.9  51654.
 0:16:43 0.94 262.18 297.82 -2.28 1707  -1.00    -1.0     -1. -1.00 -1.00   0.00   0.00   0.00 0.00 0.00 0.00 -1.00  -1.0     -1.  3.43 394.3  24731.
 0:19:25 0.94 262.18 297.80 -2.29 1707  -1.00    -1.0     -1. -1.00 -1.00   0.00   0.00   0.00 0.00 0.00 0.00 -1.00  -1.0     -1.  3.87 393.7  45774.
 0:22:07 0.94 262.18 297.77 -2.29 1707  -1.00    -1.0     -1. -1.00 -1.00   0.00   0.00   0.00 0.00 0.00 0.00 -1.00  -1.0     -1.  3.98 384.5  54334.
 0:24:49 0.94 262.18 297.74 -2.29 1707  -1.00    -1.0     -1. -1.00 -1.00   0.00   0.00   0.00 0.00 0.00 0.00 -1.00  -1.0     -1.  4.75 392.4  50462.
 0:27:31 0.94 262.18 297.72 -2.29 1707  -1.00    -1.0     -1. -1.00 -1.00   0.00   0.00   0.00 0.00 0.00 0.00 -1.00  -1.0     -1.  4.89 403.5  40713.
 0:30:13 0.94 262.18 297.70 -2.29 1707  -1.00    -1.0     -1. -1.00 -1.00   0.00   0.00   0.00 0.00 0.00 0.00 -1.00  -1.0     -1.  4.87 396.1  34736.
 0:32:55 0.94 262.18 297.67 -2.29 1707  -1.00    -1.0     -1. -1.00 -1.00   0.00   0.00   0.00 0.00 0.00 0.00 -1.00  -1.0     -1.  4.07 389.1  38991.
 0:35:37 0.94 262.18 297.64 -2.29 1707  -1.00    -1.0     -1. -1.00 -1.00   0.00   0.00   0.00 0.00 0.00 0.00 -1.00  -1.0     -1.  5.49 404.4  75699.
 0:38:19 0.94 262.18 297.62 -2.29 1707  -1.00    -1.0     -1. -1.00 -1.00   0.00   0.00   0.00 0.00 0.00 0.00 -1.00  -1.0     -1.  4.47 383.3  51875.
 0:41:01 0.94 262.18 297.59 -2.29 1707  -1.00    -1.0     -1. -1.00 -1.00   0.00   0.00   0.00 0.00 0.00 0.00 -1.00  -1.0     -1.  3.48 392.4  55860.
 0:43:43 0.94 262.18 297.57 -2.29 1707  -1.00    -1.0     -1. -1.00 -1.00   0.00   0.00   0.00 0.00 0.00 0.00 -1.00  -1.0     -1.  4.08 389.1  35223.
 0:46:25 0.94 262.18 297.54 -2.29 1707  -1.00    -1.0     -1. -1.00 -1.00   0.00   0.00   0.00 0.00 0.00 0.00 -1.00  -1.0     -1.  4.47 391.7  37734.
 0:49:07 0.94 262.18 297.52 -2.29 1707  -1.00    -1.0     -1. -1.00 -1.00   0.00   0.00   0.00 0.00 0.00 0.00 -1.00  -1.0     -1.  4.27 392.8  62984.
 0:51:49 0.94 262.18 297.49 -2.29 1707  -1.00    -1.0     -1. -1.00 -1.00   0.00   0.00   0.00 0.00 0.00 0.00 -1.00  -1.0     -1.  4.21 382.4  40534.
 0:54:31 0.94 262.18 297.47 -2.29 1707  -1.00    -1.0     -1. -1.00 -1.00   0.00   0.00   0.00 0.00 0.00 0.00 -1.00  -1.0     -1.  3.29 388.0  33381.
 0:57:13 0.94 262.18 297.44 -2.29 1707  -1.00    -1.0     -1. -1.00 -1.00   0.00   0.00   0.00 0.00 0.00 0.00 -1.00  -1.0     -1.  4.94 386.6  55435.
 0:59:55 0.94 262.18 297.42 -2.29 1707  -1.00    -1.0     -1. -1.00 -1.00   0.00   0.00   0.00 0.00 0.00 0.00 -1.00  -1.0     -1.  4.45 389.2  30698.
 1:02:37 0.94 262.18 297.39 -2.29 1707  -1.00    -1.0     -1. -1.00 -1.00   0.00   0.00   0.00 0.00 0.00 0.00 -1.00  -1.0     -1.  3.92 390.2  43282.
 1:05:19 0.94 262.17 297.37 -2.29 1707  -1.00    -1.0     -1. -1.00 -1.00   0.00   0.00   0.00 0.00 0.00 0.00 -1.00  -1.0     -1.  4.44 388.6  67919.
 1:08:01 0.94 262.17 297.34 -2.29 1707  -1.00    -1.0     -1. -1.00 -1.00   0.00   0.00   0.00 0.00 0.00 0.00 -1.00  -1.0     -1.  3.82 393.4  54925.
 1:10:43 0.94 262.17 297.32 -2.29 1707  -1.00    -1.0     -1. -1.00 -1.00   0.00   0.00   0.00 0.00 0.00 0.00 -1.00  -1.0     -1.  3.48 382.3  46255.
 1:13:25 0.94 262.17 297.29 -2.29 1707  -1.00    -1.0     -1. -1.00 -1.00   0.00   0.00   0.00 0.00 0.00 0.00 -1.00  -1.0     -1.  4.34 385.1  68997.
 1:16:07 0.94 262.17 297.27 -2.29 1707  -1.00    -1.0     -1. -1.00 -1.00   0.00   0.00   0.00 0.00 0.00 0.00 -1.00  -1.0     -1.  4.19 398.1  48824.
 1:18:49 0.94 262.17 297.24 -2.29 1707  -1.00    -1.0     -1. -1.00 -1.00   0.00   0.00   0.00 0.00 0.00 0.00 -1.00  -1.0     -1.  3.65 386.5  48954.
 1:21:31 0.94 262.17 297.22 -2.29 1707  -1.00    -1.0     -1. -1.00 -1.00   0.00   0.00   0.00 0.00 0.00 0.00 -1.00  -1.0     -1.  4.10 388.8  37724.
 1:24:13 0.94 262.17 297.19 -2.29 1707  -1.00    -1.0     -1. -1.00 -1.00   0.00   0.00   0.00 0.00 0.00 0.00 -1.00  -1.0     -1.  4.98 385.3  78125.
 1:26:55 0.94 262.17 297.17 -2.29 1707  -1.00    -1.0     -1. -1.00 -1.00   0.00   0.00   0.00 0.00 0.00 0.00 -1.00  -1.0     -1.  3.60 382.3  49731.
 1:29:37 0.94 262.17 297.14 -2.29 1707  -1.00    -1.0     -1. -1.00 -1.00   0.00   0.00   0.00 0.00 0.00 0.00 -1.00  -1.0     -1.  3.74 389.7  49065.
 1:32:19 0.94 262.17 297.12 -2.29 1707  -1.00    -1.0     -1. -1.00 -1.00   0.00   0.00   0.00 0.00 0.00 0.00 -1.00  -1.0     -1.  4.19 383.8  50946.
 1:35:01 0.94 262.17 297.09 -2.29 1707  -1.00    -1.0     -1. -1.00 -1.00   0.00   0.00   0.00 0.00 0.00 0.00 -1.00  -1.0     -1.  4.29 390.6  55175.
 1:37:43 0.94 262.17 297.06 -2.29 1707  -1.00    -1.0     -1. -1.00 -1.00   0.00   0.00   0.00 0.00 0.00 0.00 -1.00  -1.0     -1.  4.09 389.0  61480.
 1:40:25 0.94 262.17 297.04 -2.29 1707  -1.00    -1.0     -1. -1.00 -1.00   0.00   0.00   0.00 0.00 0.00 0.00 -1.00  -1.0     -1.  3.09 386.3  39069.
 1:43:07 0.94 262.17 297.02 -2.29 1707  -1.00    -1.0     -1. -1.00 -1.00   0.00   0.00   0.00 0.00 0.00 0.00 -1.00  -1.0     -1.  3.78 393.3  61867.
 1:45:49 0.94 262.17 296.99 -2.29 1707  -1.00    -1.0     -1. -1.00 -1.00   0.00   0.00   0.00 0.00 0.00 0.00 -1.00  -1.0     -1.  3.75 384.2  43981.
 1:48:31 0.94 262.17 296.96 -2.29 1707  -1.00    -1.0     -1. -1.00 -1.00   0.00   0.00   0.00 0.00 0.00 0.00 -1.00  -1.0     -1.  3.56 380.2  49110.
 1:51:13 0.94 262.17 296.94 -2.29 1707  -1.00    -1.0     -1. -1.00 -1.00   0.00   0.00   0.00 0.00 0.00 0.00 -1.00  -1.0     -1.  3.65 385.0  52687.
 1:53:55 0.94 262.17 296.91 -2.29 1707  -1.00    -1.0     -1. -1.00 -1.00   0.00   0.00   0.00 0.00 0.00 0.00 -1.00  -1.0     -1.  4.29 384.7  50007.
 1:56:37 0.94 262.17 296.89 -2.29 1707  -1.00    -1.0     -1. -1.00 -1.00   0.00   0.00   0.00 0.00 0.00 0.00 -1.00  -1.0     -1.  4.03 383.6  49926.
 1:59:19 0.94 262.17 296.87 -2.29 1707  -1.00    -1.0     -1. -1.00 -1.00   0.00   0.00   0.00 0.00 0.00 0.00 -1.00  -1.0     -1.  4.10 387.6  53950.
 2:02:01 0.94 262.17 296.84 -2.29 1707  -1.00    -1.0     -1. -1.00 -1.00   0.00   0.00   0.00 0.00 0.00 0.00 -1.00  -1.0     -1.  4.62 392.9  56799.
 2:04:43 0.94 262.17 296.81 -2.29 1707  -1.00    -1.0     -1. -1.00 -1.00   0.00   0.00   0.00 0.00 0.00 0.00 -1.00  -1.0     -1.  4.08 387.2  42977.
 2:07:25 0.94 262.17 296.79 -2.29 1707  -1.00    -1.0     -1. -1.00 -1.00   0.00   0.00   0.00 0.00 0.00 0.00 -1.00  -1.0     -1.  3.51 378.1  39030.
 2:10:07 0.94 262.16 296.76 -2.29 1707  -1.00    -1.0     -1. -1.00 -1.00   0.00   0.00   0.00 0.00 0.00 0.00 -1.00  -1.0     -1.  3.77 379.6  54028.
 2:12:49 0.94 262.16 296.74 -2.29 1707  -1.00    -1.0     -1. -1.00 -1.00   0.00   0.00   0.00 0.00 0.00 0.00 -1.00  -1.0     -1.  3.77 383.7  48126.
 2:15:31 0.94 262.16 296.71 -2.29 1707  -1.00    -1.0     -1. -1.00 -1.00   0.00   0.00   0.00 0.00 0.00 0.00 -1.00  -1.0     -1.  4.82 382.7  83891.
 2:18:13 0.94 262.16 296.69 -2.29 1707  -1.00    -1.0     -1. -1.00 -1.00   0.00   0.00   0.00 0.00 0.00 0.00 -1.00  -1.0     -1.  3.67 377.9  38049.
 2:20:55 0.94 262.16 296.66 -2.29 1707  -1.00    -1.0     -1. -1.00 -1.00   0.00   0.00   0.00 0.00 0.00 0.00 -1.00  -1.0     -1.  3.50 386.7  34297.
 2:23:37 0.94 262.16 296.64 -2.29 1707  -1.00    -1.0     -1. -1.00 -1.00   0.00   0.00   0.00 0.00 0.00 0.00 -1.00  -1.0     -1.  4.19 386.3  45836.
 2:26:19 0.94 262.16 296.61 -2.29 1707  -1.00    -1.0     -1. -1.00 -1.00   0.00   0.00   0.00 0.00 0.00 0.00 -1.00  -1.0     -1.  4.37 379.7  45488.
 2:29:01 0.94 262.16 296.59 -2.29 1707  -1.00    -1.0     -1. -1.00 -1.00   0.00   0.00   0.00 0.00 0.00 0.00 -1.00  -1.0     -1.  4.04 377.5  30454.
 2:31:43 0.94 262.16 296.56 -2.29 1707  -1.00    -1.0     -1. -1.00 -1.00   0.00   0.00   0.00 0.00 0.00 0.00 -1.00  -1.0     -1.  4.01 387.3  27683.
 2:34:25 0.94 262.16 296.54 -2.29 1707  -1.00    -1.0     -1. -1.00 -1.00   0.00   0.00   0.00 0.00 0.00 0.00 -1.00  -1.0     -1.  3.73 374.1  31611.
 2:37:07 0.94 262.16 296.51 -2.29 1707  -1.00    -1.0     -1. -1.00 -1.00   0.00   0.00   0.00 0.00 0.00 0.00 -1.00  -1.0     -1.  3.75 373.8  42516.
 2:39:49 0.94 262.16 296.48 -2.29 1707  -1.00    -1.0     -1. -1.00 -1.00   0.00   0.00   0.00 0.00 0.00 0.00 -1.00  -1.0     -1.  3.40 380.3  62075.
 2:42:31 0.94 262.16 296.46 -2.29 1707  -1.00    -1.0     -1. -1.00 -1.00   0.00   0.00   0.00 0.00 0.00 0.00 -1.00  -1.0     -1.  4.03 376.6  49828.
 2:45:13 0.94 262.16 296.44 -2.29 1707  -1.00    -1.0     -1. -1.00 -1.00   0.00   0.00   0.00 0.00 0.00 0.00 -1.00  -1.0     -1.  3.93 367.4  42779.
 2:47:55 0.94 262.16 296.41 -2.29 1707  -1.00    -1.0     -1. -1.00 -1.00   0.00   0.00   0.00 0.00 0.00 0.00 -1.00  -1.0     -1.  3.68 369.7  52930.
 2:50:37 0.94 262.16 296.38 -2.29 1707  -1.00    -1.0     -1. -1.00 -1.00   0.00   0.00   0.00 0.00 0.00 0.00 -1.00  -1.0     -1.  3.37 367.2  42347.
 2:53:19 0.94 262.16 296.36 -2.29 1707  -1.00    -1.0     -1. -1.00 -1.00   0.00   0.00   0.00 0.00 0.00 0.00 -1.00  -1.0     -1.  4.15 376.2  87354.
 2:56:01 0.94 262.16 296.33 -2.29 1707  -1.00    -1.0     -1. -1.00 -1.00   0.00   0.00   0.00 0.00 0.00 0.00 -1.00  -1.0     -1.  3.57 374.0  30162.
 2:58:43 0.94 262.16 296.31 -2.30 1707  -1.00    -1.0     -1. -1.00 -1.00   0.00   0.00   0.00 0.00 0.00 0.00 -1.00  -1.0     -1.  3.76 360.6  33937.
 3:01:25 0.94 262.16 296.29 -2.30 1707  -1.00    -1.0     -1. -1.00 -1.00   0.00   0.00   0.00 0.00 0.00 0.00 -1.00  -1.0     -1.  3.17 363.2  40037.
 3:04:07 0.94 262.16 296.26 -2.30 1707  -1.00    -1.0     -1. -1.00 -1.00   0.00   0.00   0.00 0.00 0.00 0.00 -1.00  -1.0     -1.  3.66 370.2  46820.
 3:06:49 0.94 262.16 296.23 -2.30 1707  -1.00    -1.0     -1. -1.00 -1.00   0.00   0.00   0.00 0.00 0.00 0.00 -1.00  -1.0     -1.  3.33 369.8  26420.
 3:09:31 0.94 262.16 296.21 -2.30 1707  -1.00    -1.0     -1. -1.00 -1.00   0.00   0.00   0.00 0.00 0.00 0.00 -1.00  -1.0     -1.  3.89 375.9  46245.
 3:12:13 0.94 262.15 296.18 -2.30 1707  -1.00    -1.0     -1. -1.00 -1.00   0.00   0.00   0.00 0.00 0.00 0.00 -1.00  -1.0     -1.  3.65 373.6  23584.
 3:14:55 0.94 262.15 296.16 -2.30 1707  -1.00    -1.0     -1. -1.00 -1.00   0.00   0.00   0.00 0.00 0.00 0.00 -1.00  -1.0     -1.  3.84 374.4  37633.
 3:17:37 0.94 262.15 296.13 -2.30 1707  -1.00    -1.0     -1. -1.00 -1.00   0.00   0.00   0.00 0.00 0.00 0.00 -1.00  -1.0     -1.  3.62 371.4  33108.
 3:20:19 0.94 262.15 296.11 -2.30 1707  -1.00    -1.0     -1. -1.00 -1.00   0.00   0.00   0.00 0.00 0.00 0.00 -1.00  -1.0     -1.  3.53 369.7  26715.
 3:23:01 0.94 262.15 296.08 -2.30 1707  -1.00    -1.0     -1. -1.00 -1.00   0.00   0.00   0.00 0.00 0.00 0.00 -1.00  -1.0     -1.  7.16 364.2  28301.
 3:25:43 0.94 262.15 296.06 -2.30 1707  -1.00    -1.0     -1. -1.00 -1.00   0.00   0.00   0.00 0.00 0.00 0.00 -1.00  -1.0     -1.  7.49 368.4  26225.
 3:28:25 0.94 262.15 296.03 -2.30 1707  -1.00    -1.0     -1. -1.00 -1.00   0.00   0.00   0.00 0.00 0.00 0.00 -1.00  -1.0     -1.  8.02 366.7  34054.
 3:31:07 0.94 262.15 296.01 -2.30 1707  -1.00    -1.0     -1. -1.00 -1.00   0.00   0.00   0.00 0.00 0.00 0.00 -1.00  -1.0     -1.  3.69 369.3  27589.
 3:33:49 0.94 262.15 295.98 -2.30 1707  -1.00    -1.0     -1. -1.00 -1.00   0.00   0.00   0.00 0.00 0.00 0.00 -1.00  -1.0     -1.  6.81 369.2  28398.
 3:36:31 0.94 262.15 295.96 -2.30 1707  -1.00    -1.0     -1. -1.00 -1.00   0.00   0.00   0.00 0.00 0.00 0.00 -1.00  -1.0     -1.  7.03 367.7  26027.
 3:39:13 0.94 262.15 295.93 -2.30 1707  -1.00    -1.0     -1. -1.00 -1.00   0.00   0.00   0.00 0.00 0.00 0.00 -1.00  -1.0     -1.  7.66 366.9  25835.
 3:41:55 0.94 262.15 295.91 -2.30 1707  -1.00    -1.0     -1. -1.00 -1.00   0.00   0.00   0.00 0.00 0.00 0.00 -1.00  -1.0     -1.  7.46 366.8  29330.
 3:44:37 0.94 262.15 295.88 -2.30 1707  -1.00    -1.0     -1. -1.00 -1.00   0.00   0.00   0.00 0.00 0.00 0.00 -1.00  -1.0     -1.  7.46 365.8  26696.
 3:47:19 0.94 262.15 295.86 -2.30 1707  -1.00    -1.0     -1. -1.00 -1.00   0.00   0.00   0.00 0.00 0.00 0.00 -1.00  -1.0     -1.  6.47 365.4  21329.
 3:50:01 0.94 262.15 295.83 -2.30 1707  -1.00    -1.0     -1. -1.00 -1.00   0.00   0.00   0.00 0.00 0.00 0.00 -1.00  -1.0     -1.  6.60 382.7  37698.
 3:52:43 0.94 262.15 295.80 -2.30 1707  -1.00    -1.0     -1. -1.00 -1.00   0.00   0.00   0.00 0.00 0.00 0.00 -1.00  -1.0     -1.  6.73 384.0  32465.
 3:55:25 0.94 262.15 295.78 -2.30 1707  -1.00    -1.0     -1. -1.00 -1.00   0.00   0.00   0.00 0.00 0.00 0.00 -1.00  -1.0     -1.  7.26 366.3  36542.
 3:58:07 0.94 262.15 295.76 -2.30 1707  -1.00    -1.0     -1. -1.00 -1.00   0.00   0.00   0.00 0.00 0.00 0.00 -1.00  -1.0     -1.  7.31 386.2  31923.
 4:00:49 0.94 262.15 295.73 -2.30 1707  -1.00    -1.0     -1. -1.00 -1.00   0.00   0.00   0.00 0.00 0.00 0.00 -1.00  -1.0     -1.  6.42 373.5  31903.
 4:03:31 0.94 262.15 295.71 -2.30 1707  -1.00    -1.0     -1. -1.00 -1.00   0.00   0.00   0.00 0.00 0.00 0.00 -1.00  -1.0     -1.  7.08 373.8  34755.
 4:06:13 0.94 262.15 295.68 -2.30 1707  -1.00    -1.0     -1. -1.00 -1.00   0.00   0.00   0.00 0.00 0.00 0.00 -1.00  -1.0     -1.  6.55 373.9  24354.
 4:08:55 0.94 262.15 295.65 -2.30 1707  -1.00    -1.0     -1. -1.00 -1.00   0.00   0.00   0.00 0.00 0.00 0.00 -1.00  -1.0     -1.  5.94 369.3  25692.
 4:11:37 0.94 262.15 295.63 -2.30 1707  -1.00    -1.0     -1. -1.00 -1.00   0.00   0.00   0.00 0.00 0.00 0.00 -1.00  -1.0     -1.  5.94 369.9  31429.
 4:14:19 0.94 262.15 295.61 -2.30 1707  -1.00    -1.0     -1. -1.00 -1.00   0.00   0.00   0.00 0.00 0.00 0.00 -1.00  -1.0     -1.  6.24 366.3  29964.
 4:17:01 0.94 262.14 295.58 -2.30 1707  -1.00    -1.0     -1. -1.00 -1.00   0.00   0.00   0.00 0.00 0.00 0.00 -1.00  -1.0     -1.  6.59 371.0  29918.
 4:19:43 0.94 262.14 295.55 -2.30 1707  -1.00    -1.0     -1. -1.00 -1.00   0.00   0.00   0.00 0.00 0.00 0.00 -1.00  -1.0     -1.  5.62 374.9  33807.
 4:22:25 0.94 262.14 295.53 -2.30 1707  -1.00    -1.0     -1. -1.00 -1.00   0.00   0.00   0.00 0.00 0.00 0.00 -1.00  -1.0     -1.  5.71 377.9  25520.
 4:25:07 0.94 262.14 295.50 -2.30 1707  -1.00    -1.0     -1. -1.00 -1.00   0.00   0.00   0.00 0.00 0.00 0.00 -1.00  -1.0     -1.  6.30 378.8  41941.
 4:27:49 0.94 262.14 295.48 -2.30 1707  -1.00    -1.0     -1. -1.00 -1.00   0.00   0.00   0.00 0.00 0.00 0.00 -1.00  -1.0     -1.  8.47 363.0  50773.
 4:30:31 0.94 262.14 295.46 -2.30 1707  -1.00    -1.0     -1. -1.00 -1.00   0.00   0.00   0.00 0.00 0.00 0.00 -1.00  -1.0     -1.  5.58 369.8  28041.
 4:33:13 0.94 262.14 295.43 -2.30 1707  -1.00    -1.0     -1. -1.00 -1.00   0.00   0.00   0.00 0.00 0.00 0.00 -1.00  -1.0     -1.  4.68 371.3  45089.
 4:35:55 0.94 262.14 295.40 -2.30 1707  -1.00    -1.0     -1. -1.00 -1.00   0.00   0.00   0.00 0.00 0.00 0.00 -1.00  -1.0     -1.  4.86 368.7  28327.
 4:38:37 0.94 262.14 295.38 -2.30 1707  -1.00    -1.0     -1. -1.00 -1.00   0.00   0.00   0.00 0.00 0.00 0.00 -1.00  -1.0     -1.  3.90 375.5  25786.
 4:41:19 0.94 262.14 295.35 -2.30 1707  -1.00    -1.0     -1. -1.00 -1.00   0.00   0.00   0.00 0.00 0.00 0.00 -1.00  -1.0     -1.  4.52 368.5  24386.
 4:44:01 0.94 262.14 295.33 -2.30 1707  -1.00    -1.0     -1. -1.00 -1.00   0.00   0.00   0.00 0.00 0.00 0.00 -1.00  -1.0     -1.  6.73 365.3  33784.
 4:46:43 0.94 262.14 295.30 -2.30 1707  -1.00    -1.0     -1. -1.00 -1.00   0.00   0.00   0.00 0.00 0.00 0.00 -1.00  -1.0     -1.  5.89 360.5  30721.
 4:49:25 0.94 262.14 295.28 -2.30 1707  -1.00    -1.0     -1. -1.00 -1.00   0.00   0.00   0.00 0.00 0.00 0.00 -1.00  -1.0     -1.  5.68 373.9  21732.
 4:52:07 0.94 262.14 295.25 -2.30 1707  -1.00    -1.0     -1. -1.00 -1.00   0.00   0.00   0.00 0.00 0.00 0.00 -1.00  -1.0     -1.  5.78 390.9  22603.
 4:54:49 0.94 262.14 295.23 -2.30 1707  -1.00    -1.0     -1. -1.00 -1.00   0.00   0.00   0.00 0.00 0.00 0.00 -1.00  -1.0     -1.  6.10 392.7  29399.
 4:57:31 0.94 262.14 295.20 -2.30 1707  -1.00    -1.0     -1. -1.00 -1.00   0.00   0.00   0.00 0.00 0.00 0.00 -1.00  -1.0     -1.  5.23 391.7  18708.
 5:00:13 0.94 262.14 295.18 -2.30 1707  -1.00    -1.0     -1. -1.00 -1.00   0.00   0.00   0.00 0.00 0.00 0.00 -1.00  -1.0     -1.  6.12 396.3  26527.
 5:02:55 0.94 262.14 295.15 -2.30 1707  -1.00    -1.0     -1. -1.00 -1.00   0.00   0.00   0.00 0.00 0.00 0.00 -1.00  -1.0     -1.  6.21 396.7  24682.
 5:05:37 0.94 262.14 295.13 -2.30 1707  -1.00    -1.0     -1. -1.00 -1.00   0.00   0.00   0.00 0.00 0.00 0.00 -1.00  -1.0     -1.  7.02 400.6  28249.
 5:08:19 0.94 262.14 295.10 -2.30 1707  -1.00    -1.0     -1. -1.00 -1.00   0.00   0.00   0.00 0.00 0.00 0.00 -1.00  -1.0     -1.  7.20 390.2  35135.
 5:11:01 0.94 262.14 295.08 -2.30 1707  -1.00    -1.0     -1. -1.00 -1.00   0.00   0.00   0.00 0.00 0.00 0.00 -1.00  -1.0     -1.  6.54 399.1  26355.
 5:16:23 0.94 262.14 295.03 -2.30 1707  -1.00    -1.0     -1. -1.00 -1.00   0.00   0.00   0.00 0.00 0.00 0.00 -1.00  -1.0     -1.  5.71 384.6  27232.
 5:19:05 0.94 262.14 295.00 -2.30 1707  -1.00    -1.0     -1. -1.00 -1.00   0.00   0.00   0.00 0.00 0.00 0.00 -1.00  -1.0     -1.  7.14 372.8  39943.
 5:21:47 0.94 262.13 294.97 -2.30 1707  -1.00    -1.0     -1. -1.00 -1.00   0.00   0.00   0.00 0.00 0.00 0.00 -1.00  -1.0     -1.  6.29 372.4  40486.
 5:24:29 0.94 262.13 294.95 -2.30 1707  -1.00    -1.0     -1. -1.00 -1.00   0.00   0.00   0.00 0.00 0.00 0.00 -1.00  -1.0     -1.  5.67 371.5  26436.
 5:27:13 0.94 262.13 294.93 -2.30 1707  -1.00    -1.0     -1. -1.00 -1.00   0.00   0.00   0.00 0.00 0.00 0.00 -1.00  -1.0     -1.  6.27 384.9  39306.
 5:29:55 0.94 262.13 294.90 -2.30 1707  -1.00    -1.0     -1. -1.00 -1.00   0.00   0.00   0.00 0.00 0.00 0.00 -1.00  -1.0     -1.  5.21 394.9  27527.
 5:32:37 0.94 262.13 294.88 -2.30 1707  -1.00    -1.0     -1. -1.00 -1.00   0.00   0.00   0.00 0.00 0.00 0.00 -1.00  -1.0     -1.  6.05 388.7  33034.
 5:35:19 0.94 262.13 294.85 -2.31 1707  -1.00    -1.0     -1. -1.00 -1.00   0.00   0.00   0.00 0.00 0.00 0.00 -1.00  -1.0     -1.  6.28 383.9  30233.
 5:38:01 0.94 262.13 294.82 -2.31 1707  -1.00    -1.0     -1. -1.00 -1.00   0.00   0.00   0.00 0.00 0.00 0.00 -1.00  -1.0     -1.  5.77 378.9  24337.
 5:40:43 0.94 262.13 294.80 -2.31 1707  -1.00    -1.0     -1. -1.00 -1.00   0.00   0.00   0.00 0.00 0.00 0.00 -1.00  -1.0     -1.  6.05 377.3  46206.
 5:43:25 0.94 262.13 294.78 -2.31 1707  -1.00    -1.0     -1. -1.00 -1.00   0.00   0.00   0.00 0.00 0.00 0.00 -1.00  -1.0     -1.  6.52 388.9  39433.
 5:46:07 0.94 262.13 294.75 -2.31 1707  -1.00    -1.0     -1. -1.00 -1.00   0.00   0.00   0.00 0.00 0.00 0.00 -1.00  -1.0     -1.  6.22 387.1  30344.
 5:48:49 0.94 262.13 294.72 -2.31 1707  -1.00    -1.0     -1. -1.00 -1.00   0.00   0.00   0.00 0.00 0.00 0.00 -1.00  -1.0     -1.  6.50 389.4  42746.
 5:51:31 0.94 262.13 294.70 -2.31 1707  -1.00    -1.0     -1. -1.00 -1.00   0.00   0.00   0.00 0.00 0.00 0.00 -1.00  -1.0     -1.  6.46 361.4  25383.
 5:54:13 0.94 262.13 294.67 -2.31 1707  -1.00    -1.0     -1. -1.00 -1.00   0.00   0.00   0.00 0.00 0.00 0.00 -1.00  -1.0     -1.  6.47 374.0  31409.
 5:56:55 0.94 262.13 294.65 -2.31 1707  -1.00    -1.0     -1. -1.00 -1.00   0.00   0.00   0.00 0.00 0.00 0.00 -1.00  -1.0     -1.  6.06 376.3  38433.
 5:59:37 0.94 262.13 294.62 -2.31 1707  -1.00    -1.0     -1. -1.00 -1.00   0.00   0.00   0.00 0.00 0.00 0.00 -1.00  -1.0     -1.  5.79 383.4  26852.
 6:02:19 0.94 262.13 294.60 -2.31 1707  -1.00    -1.0     -1. -1.00 -1.00   0.00   0.00   0.00 0.00 0.00 0.00 -1.00  -1.0     -1.  5.96 378.0  40196.
 6:05:01 0.94 262.13 294.57 -2.31 1707  -1.00    -1.0     -1. -1.00 -1.00   0.00   0.00   0.00 0.00 0.00 0.00 -1.00  -1.0     -1.  4.53 379.8  26732.
 6:07:43 0.94 262.13 294.55 -2.31 1707  -1.00    -1.0     -1. -1.00 -1.00   0.00   0.00   0.00 0.00 0.00 0.00 -1.00  -1.0     -1.  5.57 369.5  23220.
 6:10:25 0.94 262.13 294.52 -2.31 1707  -1.00    -1.0     -1. -1.00 -1.00   0.00   0.00   0.00 0.00 0.00 0.00 -1.00  -1.0     -1.  5.41 363.8  29048.
 6:13:07 0.94 262.13 294.50 -2.31 1707  -1.00    -1.0     -1. -1.00 -1.00   0.00   0.00   0.00 0.00 0.00 0.00 -1.00  -1.0     -1.  5.21 361.3  25215.
 6:15:49 0.94 262.13 294.47 -2.31 1707  -1.00    -1.0     -1. -1.00 -1.00   0.00   0.00   0.00 0.00 0.00 0.00 -1.00  -1.0     -1.  5.74 364.1  25984.
 6:18:31 0.94 262.13 294.45 -2.31 1707  -1.00    -1.0     -1. -1.00 -1.00   0.00   0.00   0.00 0.00 0.00 0.00 -1.00  -1.0     -1.  5.50 369.1  26530.
 6:21:13 0.94 262.13 294.42 -2.31 1707  -1.00    -1.0     -1. -1.00 -1.00   0.00   0.00   0.00 0.00 0.00 0.00 -1.00  -1.0     -1.  5.71 374.7  22012.
 6:23:55 0.94 262.13 294.40 -2.31 1707  -1.00    -1.0     -1. -1.00 -1.00   0.00   0.00   0.00 0.00 0.00 0.00 -1.00  -1.0     -1.  4.91 379.9  24588.
 6:26:37 0.94 262.12 294.37 -2.31 1707  -1.00    -1.0     -1. -1.00 -1.00   0.00   0.00   0.00 0.00 0.00 0.00 -1.00  -1.0     -1.  5.71 376.4  22993.
 6:29:19 0.94 262.12 294.35 -2.31 1707  -1.00    -1.0     -1. -1.00 -1.00   0.00   0.00   0.00 0.00 0.00 0.00 -1.00  -1.0     -1.  5.21 360.0  21011.
 6:32:01 0.94 262.12 294.32 -2.31 1707  -1.00    -1.0     -1. -1.00 -1.00   0.00   0.00   0.00 0.00 0.00 0.00 -1.00  -1.0     -1.  5.79 363.2  28278.
 6:34:43 0.94 262.12 294.30 -2.31 1707  -1.00    -1.0     -1. -1.00 -1.00   0.00   0.00   0.00 0.00 0.00 0.00 -1.00  -1.0     -1.  5.06 364.9  18932.
 6:37:25 0.94 262.12 294.27 -2.31 1707  -1.00    -1.0     -1. -1.00 -1.00   0.00   0.00   0.00 0.00 0.00 0.00 -1.00  -1.0     -1.  4.95 360.2  28859.
 6:40:07 0.94 262.12 294.25 -2.31 1707  -1.00    -1.0     -1. -1.00 -1.00   0.00   0.00   0.00 0.00 0.00 0.00 -1.00  -1.0     -1.  4.70 360.5  23652.
 6:42:49 0.94 262.12 294.22 -2.31 1707  -1.00    -1.0     -1. -1.00 -1.00   0.00   0.00   0.00 0.00 0.00 0.00 -1.00  -1.0     -1.  4.27 362.4  16694.
 6:45:31 0.94 262.12 294.20 -2.31 1707  -1.00    -1.0     -1. -1.00 -1.00   0.00   0.00   0.00 0.00 0.00 0.00 -1.00  -1.0     -1.  5.02 366.6  31374.
 6:48:13 0.94 262.12 294.17 -2.31 1707  -1.00    -1.0     -1. -1.00 -1.00   0.00   0.00   0.00 0.00 0.00 0.00 -1.00  -1.0     -1.  5.87 362.8  37081.
 6:50:55 0.94 262.12 294.14 -2.31 1707  -1.00    -1.0     -1. -1.00 -1.00   0.00   0.00   0.00 0.00 0.00 0.00 -1.00  -1.0     -1.  4.21 366.2  25471.
 6:53:37 0.94 262.12 294.12 -2.31 1707  -1.00    -1.0     -1. -1.00 -1.00   0.00   0.00   0.00 0.00 0.00 0.00 -1.00  -1.0     -1.  4.58 362.5  29762.
 6:56:19 0.94 262.12 294.10 -2.31 1707  -1.00    -1.0     -1. -1.00 -1.00   0.00   0.00   0.00 0.00 0.00 0.00 -1.00  -1.0     -1.  4.75 357.9  21134.
 6:59:01 0.94 262.12 294.07 -2.31 1707  -1.00    -1.0     -1. -1.00 -1.00   0.00   0.00   0.00 0.00 0.00 0.00 -1.00  -1.0     -1.  3.87 371.3  27154.
 7:01:43 0.94 262.12 294.04 -2.31 1707  -1.00    -1.0     -1. -1.00 -1.00   0.00   0.00   0.00 0.00 0.00 0.00 -1.00  -1.0     -1.  5.36 359.0  14196.
 7:04:25 0.94 262.12 294.02 -2.31 1707  -1.00    -1.0     -1. -1.00 -1.00   0.00   0.00   0.00 0.00 0.00 0.00 -1.00  -1.0     -1.  3.92 362.6  26309.
 7:07:07 0.94 262.12 293.99 -2.31 1707  -1.00    -1.0     -1. -1.00 -1.00   0.00   0.00   0.00 0.00 0.00 0.00 -1.00  -1.0     -1.  4.72 362.5  19286.
 7:09:49 0.94 262.12 293.97 -2.31 1707  -1.00    -1.0     -1. -1.00 -1.00   0.00   0.00   0.00 0.00 0.00 0.00 -1.00  -1.0     -1.  4.01 362.5  16294.
 7:12:31 0.94 262.12 293.95 -2.31 1707  -1.00    -1.0     -1. -1.00 -1.00   0.00   0.00   0.00 0.00 0.00 0.00 -1.00  -1.0     -1.  3.92 364.3  22541.
 7:15:13 0.94 262.12 293.92 -2.31 1707  -1.00    -1.0     -1. -1.00 -1.00   0.00   0.00   0.00 0.00 0.00 0.00 -1.00  -1.0     -1.  3.25 366.8  12084.
 7:17:55 0.94 262.12 293.89 -2.31 1707  -1.00    -1.0     -1. -1.00 -1.00   0.00   0.00   0.00 0.00 0.00 0.00 -1.00  -1.0     -1.  4.15 368.8  28534.
 7:20:37 0.94 262.12 293.87 -2.31 1707  -1.00    -1.0     -1. -1.00 -1.00   0.00   0.00   0.00 0.00 0.00 0.00 -1.00  -1.0     -1.  4.52 365.4  24078.
 7:23:19 0.94 262.12 293.84 -2.31 1707  -1.00    -1.0     -1. -1.00 -1.00   0.00   0.00   0.00 0.00 0.00 0.00 -1.00  -1.0     -1.  3.84 355.0  23145.
 7:26:01 0.94 262.12 293.82 -2.31 1707  -1.00    -1.0     -1. -1.00 -1.00   0.00   0.00   0.00 0.00 0.00 0.00 -1.00  -1.0     -1.  3.27 358.2  12565.
 7:28:43 0.94 262.11 293.79 -2.31 1707  -1.00    -1.0     -1. -1.00 -1.00   0.00   0.00   0.00 0.00 0.00 0.00 -1.00  -1.0     -1.  3.66 351.9  21891.
 7:31:25 0.94 262.11 293.77 -2.31 1707  -1.00    -1.0     -1. -1.00 -1.00   0.00   0.00   0.00 0.00 0.00 0.00 -1.00  -1.0     -1.  5.02 357.7  25289.
 7:34:07 0.94 262.11 293.74 -2.31 1707  -1.00    -1.0     -1. -1.00 -1.00   0.00   0.00   0.00 0.00 0.00 0.00 -1.00  -1.0     -1.  3.89 360.4  18208.
 7:36:49 0.94 262.11 293.72 -2.31 1707  -1.00    -1.0     -1. -1.00 -1.00   0.00   0.00   0.00 0.00 0.00 0.00 -1.00  -1.0     -1.  3.38 363.9  15336.
 7:39:31 0.94 262.11 293.69 -2.31 1707  -1.00    -1.0     -1. -1.00 -1.00   0.00   0.00   0.00 0.00 0.00 0.00 -1.00  -1.0     -1.  3.39 365.6  21147.
 7:42:13 0.94 262.11 293.67 -2.31 1707  -1.00    -1.0     -1. -1.00 -1.00   0.00   0.00   0.00 0.00 0.00 0.00 -1.00  -1.0     -1.  3.50 361.8  15177.
 7:44:55 0.94 262.11 293.64 -2.31 1707  -1.00    -1.0     -1. -1.00 -1.00   0.00   0.00   0.00 0.00 0.00 0.00 -1.00  -1.0     -1.  3.80 355.5  19929.
 7:47:37 0.94 262.11 293.62 -2.31 1707  -1.00    -1.0     -1. -1.00 -1.00   0.00   0.00   0.00 0.00 0.00 0.00 -1.00  -1.0     -1.  3.58 361.8  15703.
 7:50:19 0.94 262.11 293.59 -2.31 1707  -1.00    -1.0     -1. -1.00 -1.00   0.00   0.00   0.00 0.00 0.00 0.00 -1.00  -1.0     -1.  3.81 359.7  15742.
 7:53:01 0.94 262.11 293.57 -2.31 1707  -1.00    -1.0     -1. -1.00 -1.00   0.00   0.00   0.00 0.00 0.00 0.00 -1.00  -1.0     -1.  2.73 369.2  25309.
 7:55:43 0.94 262.11 293.54 -2.31 1707  -1.00    -1.0     -1. -1.00 -1.00   0.00   0.00   0.00 0.00 0.00 0.00 -1.00  -1.0     -1.  3.06 365.3  27115.
 7:58:25 0.94 262.11 293.52 -2.31 1707  -1.00    -1.0     -1. -1.00 -1.00   0.00   0.00   0.00 0.00 0.00 0.00 -1.00  -1.0     -1.  2.69 367.2  21856.
 8:01:07 0.94 262.11 293.49 -2.31 1707  -1.00    -1.0     -1. -1.00 -1.00   0.00   0.00   0.00 0.00 0.00 0.00 -1.00  -1.0     -1.  4.24 364.6  23496.
 8:03:49 0.94 262.11 293.47 -2.31 1707  -1.00    -1.0     -1. -1.00 -1.00   0.00   0.00   0.00 0.00 0.00 0.00 -1.00  -1.0     -1.  4.28 368.6  20797.
 8:06:31 0.94 262.11 293.44 -2.31 1707  -1.00    -1.0     -1. -1.00 -1.00   0.00   0.00   0.00 0.00 0.00 0.00 -1.00  -1.0     -1.  4.64 364.4  25273.
 8:09:13 0.94 262.11 293.42 -2.31 1707  -1.00    -1.0     -1. -1.00 -1.00   0.00   0.00   0.00 0.00 0.00 0.00 -1.00  -1.0     -1.  3.84 372.1  20043.
 8:11:55 0.94 262.11 293.39 -2.31 1707  -1.00    -1.0     -1. -1.00 -1.00   0.00   0.00   0.00 0.00 0.00 0.00 -1.00  -1.0     -1.  3.36 364.0  22567.
 8:14:37 0.94 262.11 293.37 -2.32 1707  -1.00    -1.0     -1. -1.00 -1.00   0.00   0.00   0.00 0.00 0.00 0.00 -1.00  -1.0     -1.  3.73 362.8  14280.
 8:17:19 0.94 262.11 293.34 -2.32 1707  -1.00    -1.0     -1. -1.00 -1.00   0.00   0.00   0.00 0.00 0.00 0.00 -1.00  -1.0     -1.  3.03 360.8  17191.
 8:20:01 0.94 262.11 293.31 -2.32 1707  -1.00    -1.0     -1. -1.00 -1.00   0.00   0.00   0.00 0.00 0.00 0.00 -1.00  -1.0     -1.  3.48 361.3  12711.
 8:22:43 0.94 262.11 293.29 -2.32 1707  -1.00    -1.0     -1. -1.00 -1.00   0.00   0.00   0.00 0.00 0.00 0.00 -1.00  -1.0     -1.  3.02 361.7  31689.
 8:25:25 0.94 262.11 293.27 -2.32 1707  -1.00    -1.0     -1. -1.00 -1.00   0.00   0.00   0.00 0.00 0.00 0.00 -1.00  -1.0     -1.  3.83 366.4  11932.
 8:28:07 0.94 262.11 293.24 -2.32 1707  -1.00    -1.0     -1. -1.00 -1.00   0.00   0.00   0.00 0.00 0.00 0.00 -1.00  -1.0     -1.  3.05 361.6  24779.
 8:30:49 0.94 262.11 293.21 -2.32 1707  -1.00    -1.0     -1. -1.00 -1.00   0.00   0.00   0.00 0.00 0.00 0.00 -1.00  -1.0     -1.  3.71 365.2  13341.
 8:33:31 0.94 262.10 293.19 -2.32 1707  -1.00    -1.0     -1. -1.00 -1.00   0.00   0.00   0.00 0.00 0.00 0.00 -1.00  -1.0     -1.  3.08 373.9  39323.
 8:36:13 0.94 262.10 293.16 -2.32 1707  -1.00    -1.0     -1. -1.00 -1.00   0.00   0.00   0.00 0.00 0.00 0.00 -1.00  -1.0     -1.  3.55 371.0  22401.
 8:38:55 0.94 262.10 293.14 -2.32 1707  -1.00    -1.0     -1. -1.00 -1.00   0.00   0.00   0.00 0.00 0.00 0.00 -1.00  -1.0     -1.  3.28 371.0  32611.
 8:41:37 0.94 262.10 293.11 -2.32 1707  -1.00    -1.0     -1. -1.00 -1.00   0.00   0.00   0.00 0.00 0.00 0.00 -1.00  -1.0     -1.  3.25 374.8  23620.
 8:44:19 0.94 262.10 293.09 -2.32 1707  -1.00    -1.0     -1. -1.00 -1.00   0.00   0.00   0.00 0.00 0.00 0.00 -1.00  -1.0     -1.  3.23 374.5  23048.
 8:47:01 0.94 262.10 293.06 -2.32 1707  -1.00    -1.0     -1. -1.00 -1.00   0.00   0.00   0.00 0.00 0.00 0.00 -1.00  -1.0     -1.  3.81 360.7  39982.
 8:49:43 0.94 262.10 293.04 -2.32 1707  -1.00    -1.0     -1. -1.00 -1.00   0.00   0.00   0.00 0.00 0.00 0.00 -1.00  -1.0     -1.  4.24 360.9  29519.
 8:52:25 0.94 262.10 293.01 -2.32 1707  -1.00    -1.0     -1. -1.00 -1.00   0.00   0.00   0.00 0.00 0.00 0.00 -1.00  -1.0     -1.  3.81 363.5  13754.
 8:55:07 0.94 262.10 292.99 -2.32 1707  -1.00    -1.0     -1. -1.00 -1.00   0.00   0.00   0.00 0.00 0.00 0.00 -1.00  -1.0     -1.  6.06 368.4  15222.
 8:57:49 0.94 262.10 292.96 -2.32 1707  -1.00    -1.0     -1. -1.00 -1.00   0.00   0.00   0.00 0.00 0.00 0.00 -1.00  -1.0     -1.  7.03 367.6  15502.
 9:00:31 0.94 262.10 292.94 -2.32 1707  -1.00    -1.0     -1. -1.00 -1.00   0.00   0.00   0.00 0.00 0.00 0.00 -1.00  -1.0     -1.  6.06 364.3  16405.
 9:03:13 0.94 262.10 292.91 -2.32 1707  -1.00    -1.0     -1. -1.00 -1.00   0.00   0.00   0.00 0.00 0.00 0.00 -1.00  -1.0     -1.  7.65 362.9  10947.
 9:05:55 0.94 262.10 292.89 -2.32 1707  -1.00    -1.0     -1. -1.00 -1.00   0.00   0.00   0.00 0.00 0.00 0.00 -1.00  -1.0     -1.  6.82 367.5  14576.
 9:08:37 0.94 262.10 292.86 -2.32 1707  -1.00    -1.0     -1. -1.00 -1.00   0.00   0.00   0.00 0.00 0.00 0.00 -1.00  -1.0     -1.  8.65 367.3  20865.
 9:11:19 0.94 262.10 292.84 -2.32 1707  -1.00    -1.0     -1. -1.00 -1.00   0.00   0.00   0.00 0.00 0.00 0.00 -1.00  -1.0     -1.  6.37 369.5  24230.
 9:14:01 0.94 262.10 292.81 -2.32 1707  -1.00    -1.0     -1. -1.00 -1.00   0.00   0.00   0.00 0.00 0.00 0.00 -1.00  -1.0     -1.  3.20 368.2  26413.
 9:16:43 0.94 262.10 292.79 -2.32 1707  -1.00    -1.0     -1. -1.00 -1.00   0.00   0.00   0.00 0.00 0.00 0.00 -1.00  -1.0     -1.  3.39 367.5  30006.
 9:19:25 0.94 262.10 292.76 -2.32 1707  -1.00    -1.0     -1. -1.00 -1.00   0.00   0.00   0.00 0.00 0.00 0.00 -1.00  -1.0     -1.  8.88 367.4  22180.
 9:22:07 0.94 262.10 292.73 -2.32 1707  -1.00    -1.0     -1. -1.00 -1.00   0.00   0.00   0.00 0.00 0.00 0.00 -1.00  -1.0     -1.  9.31 369.1  19176.
 9:24:49 0.94 262.10 292.71 -2.32 1707  -1.00    -1.0     -1. -1.00 -1.00   0.00   0.00   0.00 0.00 0.00 0.00 -1.00  -1.0     -1.  8.14 369.1  15817.
 9:27:31 0.94 262.10 292.69 -2.32 1707  -1.00    -1.0     -1. -1.00 -1.00   0.00   0.00   0.00 0.00 0.00 0.00 -1.00  -1.0     -1. 10.19 371.5  15014.
 9:30:13 0.94 262.10 292.66 -2.32 1707  -1.00    -1.0     -1. -1.00 -1.00   0.00   0.00   0.00 0.00 0.00 0.00 -1.00  -1.0     -1.  9.69 371.6  13546.
 9:32:55 0.94 262.10 292.63 -2.32 1707  -1.00    -1.0     -1. -1.00 -1.00   0.00   0.00   0.00 0.00 0.00 0.00 -1.00  -1.0     -1.  9.50 374.8  13627.
 9:35:37 0.94 262.10 292.61 -2.32 1707  -1.00    -1.0     -1. -1.00 -1.00   0.00   0.00   0.00 0.00 0.00 0.00 -1.00  -1.0     -1.  9.35 373.2  24646.
 9:38:19 0.94 262.09 292.58 -2.32 1707  -1.00    -1.0     -1. -1.00 -1.00   0.00   0.00   0.00 0.00 0.00 0.00 -1.00  -1.0     -1.  9.09 374.3  12425.
 9:41:01 0.94 262.09 292.56 -2.32 1707  -1.00    -1.0     -1. -1.00 -1.00   0.00   0.00   0.00 0.00 0.00 0.00 -1.00  -1.0     -1.  8.18 373.2  17964.
 9:43:43 0.94 262.09 292.54 -2.32 1707  -1.00    -1.0     -1. -1.00 -1.00   0.00   0.00   0.00 0.00 0.00 0.00 -1.00  -1.0     -1.  5.42 361.2  20118.
 9:46:25 0.94 262.09 292.51 -2.32 1707  -1.00    -1.0     -1. -1.00 -1.00   0.00   0.00   0.00 0.00 0.00 0.00 -1.00  -1.0     -1.  6.66 371.8  18620.
 9:49:07 0.94 262.09 292.48 -2.32 1707  -1.00    -1.0     -1. -1.00 -1.00   0.00   0.00   0.00 0.00 0.00 0.00 -1.00  -1.0     -1.  4.64 376.1  16174.
 9:51:49 0.94 262.09 292.46 -2.32 1707  -1.00    -1.0     -1. -1.00 -1.00   0.00   0.00   0.00 0.00 0.00 0.00 -1.00  -1.0     -1.  7.20 371.0  15937.
 9:54:31 0.94 262.09 292.43 -2.32 1707  -1.00    -1.0     -1. -1.00 -1.00   0.00   0.00   0.00 0.00 0.00 0.00 -1.00  -1.0     -1.  5.72 368.5  18250.
 9:57:13 0.94 262.09 292.41 -2.32 1707  -1.00    -1.0     -1. -1.00 -1.00   0.00   0.00   0.00 0.00 0.00 0.00 -1.00  -1.0     -1.  6.15 372.4  18669.
 9:59:55 0.94 262.09 292.38 -2.32 1707  -1.00    -1.0     -1. -1.00 -1.00   0.00   0.00   0.00 0.00 0.00 0.00 -1.00  -1.0     -1.  6.97 373.8  20917.
10:02:37 0.94 262.09 292.36 -2.32 1707  -1.00    -1.0     -1. -1.00 -1.00   0.00   0.00   0.00 0.00 0.00 0.00 -1.00  -1.0     -1.  5.80 370.3  15684.
10:05:19 0.94 262.09 292.33 -2.32 1707  -1.00    -1.0     -1. -1.00 -1.00   0.00   0.00   0.00 0.00 0.00 0.00 -1.00  -1.0     -1.  6.47 371.9  21212.
10:08:01 0.94 262.09 292.31 -2.32 1707  -1.00    -1.0     -1. -1.00 -1.00   0.00   0.00   0.00 0.00 0.00 0.00 -1.00  -1.0     -1.  7.43 371.2  15979.
10:10:43 0.94 262.09 292.28 -2.32 1707  -1.00    -1.0     -1. -1.00 -1.00   0.00   0.00   0.00 0.00 0.00 0.00 -1.00  -1.0     -1.  5.83 374.9  15342.
10:13:25 0.94 262.09 292.26 -2.32 1707  -1.00    -1.0     -1. -1.00 -1.00   0.00   0.00   0.00 0.00 0.00 0.00 -1.00  -1.0     -1.  6.87 368.2  20852.
10:16:07 0.94 262.09 292.23 -2.32 1707  -1.00    -1.0     -1. -1.00 -1.00   0.00   0.00   0.00 0.00 0.00 0.00 -1.00  -1.0     -1.  4.83 360.8  16704.
10:18:49 0.94 262.09 292.21 -2.32 1707  -1.00    -1.0     -1. -1.00 -1.00   0.00   0.00   0.00 0.00 0.00 0.00 -1.00  -1.0     -1.  6.90 363.9  11779.
10:21:31 0.94 262.09 292.18 -2.32 1707  -1.00    -1.0     -1. -1.00 -1.00   0.00   0.00   0.00 0.00 0.00 0.00 -1.00  -1.0     -1.  5.37 359.0  14206.
10:24:13 0.94 262.09 292.16 -2.32 1707  -1.00    -1.0     -1. -1.00 -1.00   0.00   0.00   0.00 0.00 0.00 0.00 -1.00  -1.0     -1.  5.61 358.9  20745.
10:26:55 0.94 262.09 292.13 -2.32 1707  -1.00    -1.0     -1. -1.00 -1.00   0.00   0.00   0.00 0.00 0.00 0.00 -1.00  -1.0     -1.  7.06 353.3   9723.
10:29:37 0.94 262.09 292.11 -2.32 1707  -1.00    -1.0     -1. -1.00 -1.00   0.00   0.00   0.00 0.00 0.00 0.00 -1.00  -1.0     -1.  6.72 365.7  12032.
10:32:19 0.94 262.09 292.08 -2.32 1707  -1.00    -1.0     -1. -1.00 -1.00   0.00   0.00   0.00 0.00 0.00 0.00 -1.00  -1.0     -1.  7.00 359.9  19049.
10:35:01 0.94 262.09 292.05 -2.32 1707  -1.00    -1.0     -1. -1.00 -1.00   0.00   0.00   0.00 0.00 0.00 0.00 -1.00  -1.0     -1.  6.87 380.8  14881.
10:37:43 0.94 262.09 292.03 -2.32 1707  -1.00    -1.0     -1. -1.00 -1.00   0.00   0.00   0.00 0.00 0.00 0.00 -1.00  -1.0     -1.  7.64 385.0  18113.
10:40:25 0.94 262.09 292.01 -2.32 1707  -1.00    -1.0     -1. -1.00 -1.00   0.00   0.00   0.00 0.00 0.00 0.00 -1.00  -1.0     -1.  7.83 375.3  20871.
10:43:07 0.94 262.08 291.98 -2.32 1707  -1.00    -1.0     -1. -1.00 -1.00   0.00   0.00   0.00 0.00 0.00 0.00 -1.00  -1.0     -1.  4.81 371.1  37019.
10:45:49 0.94 262.08 291.96 -2.32 1707  -1.00    -1.0     -1. -1.00 -1.00   0.00   0.00   0.00 0.00 0.00 0.00 -1.00  -1.0     -1.  7.48 372.2  21037.
10:48:31 0.94 262.08 291.93 -2.32 1707  -1.00    -1.0     -1. -1.00 -1.00   0.00   0.00   0.00 0.00 0.00 0.00 -1.00  -1.0     -1.  7.50 366.8  30958.
10:51:13 0.94 262.08 291.90 -2.32 1707  -1.00    -1.0     -1. -1.00 -1.00   0.00   0.00   0.00 0.00 0.00 0.00 -1.00  -1.0     -1.  6.59 369.0  27722.
10:53:55 0.94 262.08 291.88 -2.33 1707  -1.00    -1.0     -1. -1.00 -1.00   0.00   0.00   0.00 0.00 0.00 0.00 -1.00  -1.0     -1.  6.11 361.4  22414.
10:56:37 0.94 262.08 291.86 -2.33 1707  -1.00    -1.0     -1. -1.00 -1.00   0.00   0.00   0.00 0.00 0.00 0.00 -1.00  -1.0     -1.  5.52 365.6   9252.
10:59:19 0.94 262.08 291.83 -2.33 1707  -1.00    -1.0     -1. -1.00 -1.00   0.00   0.00   0.00 0.00 0.00 0.00 -1.00  -1.0     -1.  3.87 367.3  25322.
11:02:01 0.94 262.08 291.80 -2.33 1707  -1.00    -1.0     -1. -1.00 -1.00   0.00   0.00   0.00 0.00 0.00 0.00 -1.00  -1.0     -1.  6.29 366.7   9648.
11:04:43 0.94 262.08 291.78 -2.33 1707  -1.00    -1.0     -1. -1.00 -1.00   0.00   0.00   0.00 0.00 0.00 0.00 -1.00  -1.0     -1.  4.20 366.7  24688.
11:07:25 0.94 262.08 291.75 -2.33 1707  -1.00    -1.0     -1. -1.00 -1.00   0.00   0.00   0.00 0.00 0.00 0.00 -1.00  -1.0     -1.  5.50 359.8   9648.
11:10:07 0.94 262.08 291.73 -2.33 1707  -1.00    -1.0     -1. -1.00 -1.00   0.00   0.00   0.00 0.00 0.00 0.00 -1.00  -1.0     -1.  4.86 361.4  19046.
11:12:49 0.94 262.08 291.71 -2.33 1707  -1.00    -1.0     -1. -1.00 -1.00   0.00   0.00   0.00 0.00 0.00 0.00 -1.00  -1.0     -1.  6.24 360.6  11565.
11:15:31 0.94 262.08 291.68 -2.33 1707  -1.00    -1.0     -1. -1.00 -1.00   0.00   0.00   0.00 0.00 0.00 0.00 -1.00  -1.0     -1.  5.15 361.2  15515.
11:18:13 0.94 262.08 291.65 -2.33 1707  -1.00    -1.0     -1. -1.00 -1.00   0.00   0.00   0.00 0.00 0.00 0.00 -1.00  -1.0     -1.  6.86 364.0  12503.
11:20:55 0.94 262.08 291.63 -2.33 1707  -1.00    -1.0     -1. -1.00 -1.00   0.00   0.00   0.00 0.00 0.00 0.00 -1.00  -1.0     -1.  4.97 361.3  17421.
11:23:37 0.94 262.08 291.60 -2.33 1707  -1.00    -1.0     -1. -1.00 -1.00   0.00   0.00   0.00 0.00 0.00 0.00 -1.00  -1.0     -1.  7.09 373.5  28450.
11:26:19 0.94 262.08 291.58 -2.33 1707  -1.00    -1.0     -1. -1.00 -1.00   0.00   0.00   0.00 0.00 0.00 0.00 -1.00  -1.0     -1.  7.66 377.3  35808.
11:29:01 0.94 262.08 291.55 -2.33 1707  -1.00    -1.0     -1. -1.00 -1.00   0.00   0.00   0.00 0.00 0.00 0.00 -1.00  -1.0     -1.  4.84 358.2  43312.
11:31:43 0.94 262.08 291.53 -2.33 1707  -1.00    -1.0     -1. -1.00 -1.00   0.00   0.00   0.00 0.00 0.00 0.00 -1.00  -1.0     -1.  6.16 358.0  46599.
11:34:25 0.94 262.08 291.50 -2.33 1707  -1.00    -1.0     -1. -1.00 -1.00   0.00   0.00   0.00 0.00 0.00 0.00 -1.00  -1.0     -1.  6.06 365.0  57836.
11:37:07 0.94 262.08 291.48 -2.33 1707  -1.00    -1.0     -1. -1.00 -1.00   0.00   0.00   0.00 0.00 0.00 0.00 -1.00  -1.0     -1.  5.36 346.5  24724.
11:39:49 0.94 262.08 291.45 -2.33 1707  -1.00    -1.0     -1. -1.00 -1.00   0.00   0.00   0.00 0.00 0.00 0.00 -1.00  -1.0     -1.  6.61 359.0  50354.
11:42:31 0.94 262.08 291.43 -2.33 1707  -1.00    -1.0     -1. -1.00 -1.00   0.00   0.00   0.00 0.00 0.00 0.00 -1.00  -1.0     -1.  4.73 351.6  44881.
11:45:13 0.94 262.08 291.40 -2.33 1707  -1.00    -1.0     -1. -1.00 -1.00   0.00   0.00   0.00 0.00 0.00 0.00 -1.00  -1.0     -1.  4.81 368.3  94394.
11:47:55 0.94 262.07 291.38 -2.33 1707  -1.00    -1.0     -1. -1.00 -1.00   0.00   0.00   0.00 0.00 0.00 0.00 -1.00  -1.0     -1.  4.39 360.8  69764.
11:50:37 0.94 262.07 291.35 -2.33 1707  -1.00    -1.0     -1. -1.00 -1.00   0.00   0.00   0.00 0.00 0.00 0.00 -1.00  -1.0     -1.  4.18 356.5  80539.
11:53:19 0.94 262.07 291.33 -2.33 1707  -1.00    -1.0     -1. -1.00 -1.00   0.00   0.00   0.00 0.00 0.00 0.00 -1.00  -1.0     -1.  4.60 349.6  34759.
11:56:01 0.94 262.07 291.30 -2.33 1707  -1.00    -1.0     -1. -1.00 -1.00   0.00   0.00   0.00 0.00 0.00 0.00 -1.00  -1.0     -1.  3.74 350.0  24487.
11:58:43 0.94 262.07 291.28 -2.33 1707  -1.00    -1.0     -1. -1.00 -1.00   0.00   0.00   0.00 0.00 0.00 0.00 -1.00  -1.0     -1.  4.58 360.5  63598.
12:01:25 0.94 262.07 291.25 -2.33 1707  -1.00    -1.0     -1. -1.00 -1.00   0.00   0.00   0.00 0.00 0.00 0.00 -1.00  -1.0     -1.  4.83 361.4  87887.
12:04:07 0.94 262.07 291.22 -2.33 1707  -1.00    -1.0     -1. -1.00 -1.00   0.00   0.00   0.00 0.00 0.00 0.00 -1.00  -1.0     -1.  5.64 365.2  61717.
12:06:49 0.94 262.07 291.20 -2.33 1707  -1.00    -1.0     -1. -1.00 -1.00   0.00   0.00   0.00 0.00 0.00 0.00 -1.00  -1.0     -1.  5.52 363.7  85064.
12:09:31 0.94 262.07 291.18 -2.33 1707  -1.00    -1.0     -1. -1.00 -1.00   0.00   0.00   0.00 0.00 0.00 0.00 -1.00  -1.0     -1.  5.19 359.2  34443.
12:12:13 0.94 262.07 291.15 -2.33 1707  -1.00    -1.0     -1. -1.00 -1.00   0.00   0.00   0.00 0.00 0.00 0.00 -1.00  -1.0     -1.  5.35 361.9  51917.
12:14:55 0.94 262.07 291.13 -2.33 1707  -1.00    -1.0     -1. -1.00 -1.00   0.00   0.00   0.00 0.00 0.00 0.00 -1.00  -1.0     -1.  5.83 361.9  57689.
12:17:37 0.94 262.07 291.10 -2.33 1707  -1.00    -1.0     -1. -1.00 -1.00   0.00   0.00   0.00 0.00 0.00 0.00 -1.00  -1.0     -1.  5.16 363.0 104876.
12:20:19 0.94 262.07 291.07 -2.33 1707  -1.00    -1.0     -1. -1.00 -1.00   0.00   0.00   0.00 0.00 0.00 0.00 -1.00  -1.0     -1.  3.88 350.1  14501.
12:23:01 0.94 262.07 291.05 -2.33 1707  -1.00    -1.0     -1. -1.00 -1.00   0.00   0.00   0.00 0.00 0.00 0.00 -1.00  -1.0     -1.  4.81 366.2 118637.
12:25:43 0.94 262.07 291.03 -2.33 1707  -1.00    -1.0     -1. -1.00 -1.00   0.00   0.00   0.00 0.00 0.00 0.00 -1.00  -1.0     -1.  5.24 359.8  89281.
12:28:25 0.94 262.07 291.00 -2.33 1707  -1.00    -1.0     -1. -1.00 -1.00   0.00   0.00   0.00 0.00 0.00 0.00 -1.00  -1.0     -1.  4.44 363.3  74494.
12:31:07 0.94 262.07 290.97 -2.33 1707  -1.00    -1.0     -1. -1.00 -1.00   0.00   0.00   0.00 0.00 0.00 0.00 -1.00  -1.0     -1.  4.72 353.2  41769.
12:33:49 0.94 262.07 290.95 -2.33 1707  -1.00    -1.0     -1. -1.00 -1.00   0.00   0.00   0.00 0.00 0.00 0.00 -1.00  -1.0     -1.  4.45 349.3  27888.
12:36:31 0.94 262.07 290.92 -2.33 1707  -1.00    -1.0     -1. -1.00 -1.00   0.00   0.00   0.00 0.00 0.00 0.00 -1.00  -1.0     -1.  4.95 360.8  55685.
12:39:13 0.94 262.07 290.90 -2.33 1707  -1.00    -1.0     -1. -1.00 -1.00   0.00   0.00   0.00 0.00 0.00 0.00 -1.00  -1.0     -1.  4.99 356.0  49422.
12:41:55 0.94 262.07 290.88 -2.33 1707  -1.00    -1.0     -1. -1.00 -1.00   0.00   0.00   0.00 0.00 0.00 0.00 -1.00  -1.0     -1.  5.42 357.5  64914.
12:44:37 0.94 262.07 290.85 -2.33 1707  -1.00    -1.0     -1. -1.00 -1.00   0.00   0.00   0.00 0.00 0.00 0.00 -1.00  -1.0     -1.  5.00 355.4  55685.
12:49:59 0.94 262.07 290.80 -2.33 1707  -1.00    -1.0     -1. -1.00 -1.00   0.00   0.00   0.00 0.00 0.00 0.00 -1.00  -1.0     -1.  4.80 354.3  41142.
12:52:41 0.94 262.06 290.77 -2.33 1707  -1.00    -1.0     -1. -1.00 -1.00   0.00   0.00   0.00 0.00 0.00 0.00 -1.00  -1.0     -1.  4.99 356.0  32478.
12:55:23 0.94 262.06 290.75 -2.33 1707  -1.00    -1.0     -1. -1.00 -1.00   0.00   0.00   0.00 0.00 0.00 0.00 -1.00  -1.0     -1.  4.79 363.6  44432.
12:58:05 0.94 262.06 290.72 -2.33 1707  -1.00    -1.0     -1. -1.00 -1.00   0.00   0.00   0.00 0.00 0.00 0.00 -1.00  -1.0     -1.  5.43 359.7  50569.
13:00:49 0.94 262.06 290.70 -2.33 1707  -1.00    -1.0     -1. -1.00 -1.00   0.00   0.00   0.00 0.00 0.00 0.00 -1.00  -1.0     -1.  4.70 350.2  23415.
13:03:31 0.94 262.06 290.67 -2.33 1707  -1.00    -1.0     -1. -1.00 -1.00   0.00   0.00   0.00 0.00 0.00 0.00 -1.00  -1.0     -1.  4.41 354.8  30292.
13:06:13 0.94 262.06 290.65 -2.33 1707  -1.00    -1.0     -1. -1.00 -1.00   0.00   0.00   0.00 0.00 0.00 0.00 -1.00  -1.0     -1.  4.95 358.8  89359.
13:08:55 0.94 262.06 290.62 -2.33 1707  -1.00    -1.0     -1. -1.00 -1.00   0.00   0.00   0.00 0.00 0.00 0.00 -1.00  -1.0     -1.  4.77 353.0  22411.
13:11:37 0.94 262.06 290.60 -2.33 1707  -1.00    -1.0     -1. -1.00 -1.00   0.00   0.00   0.00 0.00 0.00 0.00 -1.00  -1.0     -1.  4.66 353.4  26274.
13:14:19 0.94 262.06 290.57 -2.33 1707  -1.00    -1.0     -1. -1.00 -1.00   0.00   0.00   0.00 0.00 0.00 0.00 -1.00  -1.0     -1.  4.98 350.1  13575.
13:17:01 0.94 262.06 290.55 -2.33 1707  -1.00    -1.0     -1. -1.00 -1.00   0.00   0.00   0.00 0.00 0.00 0.00 -1.00  -1.0     -1.  4.26 353.8  26514.
13:19:43 0.94 262.06 290.52 -2.33 1707  -1.00    -1.0     -1. -1.00 -1.00   0.00   0.00   0.00 0.00 0.00 0.00 -1.00  -1.0     -1.  5.89 358.8  25731.
13:22:25 0.94 262.06 290.50 -2.33 1707  -1.00    -1.0     -1. -1.00 -1.00   0.00   0.00   0.00 0.00 0.00 0.00 -1.00  -1.0     -1.  5.84 361.1  42467.
13:25:07 0.94 262.06 290.47 -2.33 1707  -1.00    -1.0     -1. -1.00 -1.00   0.00   0.00   0.00 0.00 0.00 0.00 -1.00  -1.0     -1. 10.13 365.8  41177.
13:27:49 0.94 262.06 290.45 -2.33 1707  -1.00    -1.0     -1. -1.00 -1.00   0.00   0.00   0.00 0.00 0.00 0.00 -1.00  -1.0     -1.  6.09 364.5  42630.
13:30:31 0.94 262.06 290.42 -2.34 1707  -1.00    -1.0     -1. -1.00 -1.00   0.00   0.00   0.00 0.00 0.00 0.00 -1.00  -1.0     -1.  9.24 362.6  31958.
13:33:13 0.94 262.06 290.39 -2.34 1707  -1.00    -1.0     -1. -1.00 -1.00   0.00   0.00   0.00 0.00 0.00 0.00 -1.00  -1.0     -1. 11.26 369.4  21982.
13:35:55 0.94 262.06 290.37 -2.34 1707  -1.00    -1.0     -1. -1.00 -1.00   0.00   0.00   0.00 0.00 0.00 0.00 -1.00  -1.0     -1.  8.19 367.4  25280.
13:38:37 0.94 262.06 290.35 -2.34 1707  -1.00    -1.0     -1. -1.00 -1.00   0.00   0.00   0.00 0.00 0.00 0.00 -1.00  -1.0     -1.  9.31 360.9  38280.
13:41:19 0.94 262.06 290.32 -2.34 1707  -1.00    -1.0     -1. -1.00 -1.00   0.00   0.00   0.00 0.00 0.00 0.00 -1.00  -1.0     -1.  8.94 362.9  22697.
13:44:01 0.94 262.06 290.30 -2.34 1707  -1.00    -1.0     -1. -1.00 -1.00   0.00   0.00   0.00 0.00 0.00 0.00 -1.00  -1.0     -1.  8.21 370.5  28206.
13:46:43 0.94 262.06 290.27 -2.34 1707  -1.00    -1.0     -1. -1.00 -1.00   0.00   0.00   0.00 0.00 0.00 0.00 -1.00  -1.0     -1.  7.27 371.1  31536.
13:49:25 0.94 262.06 290.24 -2.34 1707  -1.00    -1.0     -1. -1.00 -1.00   0.00   0.00   0.00 0.00 0.00 0.00 -1.00  -1.0     -1.  8.54 368.3  22148.
13:52:07 0.94 262.06 290.22 -2.34 1707  -1.00    -1.0     -1. -1.00 -1.00   0.00   0.00   0.00 0.00 0.00 0.00 -1.00  -1.0     -1.  7.86 370.9  40008.
13:54:49 0.94 262.06 290.20 -2.34 1707  -1.00    -1.0     -1. -1.00 -1.00   0.00   0.00   0.00 0.00 0.00 0.00 -1.00  -1.0     -1.  8.40 366.6  26322.
13:57:31 0.94 262.05 290.17 -2.34 1707  -1.00    -1.0     -1. -1.00 -1.00   0.00   0.00   0.00 0.00 0.00 0.00 -1.00  -1.0     -1.  9.21 364.7  21586.
14:00:13 0.94 262.05 290.14 -2.34 1707  -1.00    -1.0     -1. -1.00 -1.00   0.00   0.00   0.00 0.00 0.00 0.00 -1.00  -1.0     -1.  8.55 368.2  29694.
14:02:55 0.94 262.05 290.12 -2.34 1707  -1.00    -1.0     -1. -1.00 -1.00   0.00   0.00   0.00 0.00 0.00 0.00 -1.00  -1.0     -1.  7.89 370.6  34866.
14:05:37 0.94 262.05 290.09 -2.34 1707  -1.00    -1.0     -1. -1.00 -1.00   0.00   0.00   0.00 0.00 0.00 0.00 -1.00  -1.0     -1.  8.83 372.1  25790.
14:08:19 0.94 262.05 290.07 -2.34 1707  -1.00    -1.0     -1. -1.00 -1.00   0.00   0.00   0.00 0.00 0.00 0.00 -1.00  -1.0     -1.  7.82 369.2  39479.
14:11:01 0.94 262.05 290.04 -2.34 1707  -1.00    -1.0     -1. -1.00 -1.00   0.00   0.00   0.00 0.00 0.00 0.00 -1.00  -1.0     -1.  8.77 370.8  29155.
14:16:23 0.94 262.05 289.99 -2.34 1707  -1.00    -1.0     -1. -1.00 -1.00   0.00   0.00   0.00 0.00 0.00 0.00 -1.00  -1.0     -1.  7.12 367.2  46440.
14:19:05 0.94 262.05 289.97 -2.34 1707  -1.00    -1.0     -1. -1.00 -1.00   0.00   0.00   0.00 0.00 0.00 0.00 -1.00  -1.0     -1.  8.37 365.6  37117.
14:21:47 0.94 262.05 289.94 -2.34 1707  -1.00    -1.0     -1. -1.00 -1.00   0.00   0.00   0.00 0.00 0.00 0.00 -1.00  -1.0     -1.  7.82 361.3  41184.
14:24:29 0.94 262.05 289.92 -2.34 1707  -1.00    -1.0     -1. -1.00 -1.00   0.00   0.00   0.00 0.00 0.00 0.00 -1.00  -1.0     -1.  7.53 359.1  32491.
14:27:13 0.94 262.05 289.89 -2.34 1707  -1.00    -1.0     -1. -1.00 -1.00   0.00   0.00   0.00 0.00 0.00 0.00 -1.00  -1.0     -1.  5.63 368.8  24032.
14:29:55 0.94 262.05 289.87 -2.34 1707  -1.00    -1.0     -1. -1.00 -1.00   0.00   0.00   0.00 0.00 0.00 0.00 -1.00  -1.0     -1.  5.98 357.0  22505.
14:32:37 0.94 262.05 289.84 -2.34 1707  -1.00    -1.0     -1. -1.00 -1.00   0.00   0.00   0.00 0.00 0.00 0.00 -1.00  -1.0     -1.  4.83 356.4  23438.
14:35:19 0.94 262.05 289.81 -2.34 1707  -1.00    -1.0     -1. -1.00 -1.00   0.00   0.00   0.00 0.00 0.00 0.00 -1.00  -1.0     -1.  7.21 361.4  29200.
14:38:01 0.94 262.05 289.79 -2.34 1707  -1.00    -1.0     -1. -1.00 -1.00   0.00   0.00   0.00 0.00 0.00 0.00 -1.00  -1.0     -1.  6.81 362.9  42266.
14:40:43 0.94 262.05 289.77 -2.34 1707  -1.00    -1.0     -1. -1.00 -1.00   0.00   0.00   0.00 0.00 0.00 0.00 -1.00  -1.0     -1.  7.09 361.3  27995.
14:43:25 0.94 262.05 289.74 -2.34 1707  -1.00    -1.0     -1. -1.00 -1.00   0.00   0.00   0.00 0.00 0.00 0.00 -1.00  -1.0     -1.  6.74 364.1  32420.
14:48:47 0.94 262.05 289.69 -2.34 1707  -1.00    -1.0     -1. -1.00 -1.00   0.00   0.00   0.00 0.00 0.00 0.00 -1.00  -1.0     -1.  6.47 361.8  27976.
14:51:29 0.94 262.05 289.67 -2.34 1707  -1.00    -1.0     -1. -1.00 -1.00   0.00   0.00   0.00 0.00 0.00 0.00 -1.00  -1.0     -1.  7.37 361.5  23187.
14:59:35 0.94 262.05 289.59 -2.34 1707  -1.00    -1.0     -1. -1.00 -1.00   0.00   0.00   0.00 0.00 0.00 0.00 -1.00  -1.0     -1.  6.26 372.5  28177.
15:02:17 0.94 262.04 289.56 -2.34 1707  -1.00    -1.0     -1. -1.00 -1.00   0.00   0.00   0.00 0.00 0.00 0.00 -1.00  -1.0     -1.  7.11 370.2  20767.
15:04:59 0.94 262.04 289.54 -2.34 1707  -1.00    -1.0     -1. -1.00 -1.00   0.00   0.00   0.00 0.00 0.00 0.00 -1.00  -1.0     -1.  7.21 375.9  29886.
15:07:41 0.94 262.04 289.52 -2.34 1707  -1.00    -1.0     -1. -1.00 -1.00   0.00   0.00   0.00 0.00 0.00 0.00 -1.00  -1.0     -1. 10.27 378.0  48597.
15:10:25 0.94 262.04 289.49 -2.34 1707  -1.00    -1.0     -1. -1.00 -1.00   0.00   0.00   0.00 0.00 0.00 0.00 -1.00  -1.0     -1.  6.90 370.8  83297.
15:13:07 0.94 262.04 289.46 -2.34 1707  -1.00    -1.0     -1. -1.00 -1.00   0.00   0.00   0.00 0.00 0.00 0.00 -1.00  -1.0     -1.  5.71 364.5  23077.
15:15:49 0.94 262.04 289.44 -2.34 1707  -1.00    -1.0     -1. -1.00 -1.00   0.00   0.00   0.00 0.00 0.00 0.00 -1.00  -1.0     -1.  5.86 361.3  35184.
15:18:31 0.94 262.04 289.41 -2.34 1707  -1.00    -1.0     -1. -1.00 -1.00   0.00   0.00   0.00 0.00 0.00 0.00 -1.00  -1.0     -1.  6.14 362.7  28431.
15:21:13 0.94 262.04 289.39 -2.34 1707  -1.00    -1.0     -1. -1.00 -1.00   0.00   0.00   0.00 0.00 0.00 0.00 -1.00  -1.0     -1.  5.67 361.8  36392.
15:23:55 0.94 262.04 289.36 -2.34 1707  -1.00    -1.0     -1. -1.00 -1.00   0.00   0.00   0.00 0.00 0.00 0.00 -1.00  -1.0     -1.  5.62 357.4  32114.
15:26:37 0.94 262.04 289.34 -2.34 1707  -1.00    -1.0     -1. -1.00 -1.00   0.00   0.00   0.00 0.00 0.00 0.00 -1.00  -1.0     -1.  5.83 365.5  42399.
15:29:19 0.94 262.04 289.31 -2.34 1707  -1.00    -1.0     -1. -1.00 -1.00   0.00   0.00   0.00 0.00 0.00 0.00 -1.00  -1.0     -1.  6.71 358.8  59723.
15:32:01 0.94 262.04 289.29 -2.34 1707  -1.00    -1.0     -1. -1.00 -1.00   0.00   0.00   0.00 0.00 0.00 0.00 -1.00  -1.0     -1.  5.50 359.1  33232.
15:34:43 0.94 262.04 289.26 -2.34 1707  -1.00    -1.0     -1. -1.00 -1.00   0.00   0.00   0.00 0.00 0.00 0.00 -1.00  -1.0     -1.  6.10 361.1  34210.
15:37:25 0.94 262.04 289.24 -2.34 1707  -1.00    -1.0     -1. -1.00 -1.00   0.00   0.00   0.00 0.00 0.00 0.00 -1.00  -1.0     -1.  5.35 361.9  39076.
15:40:07 0.94 262.04 289.21 -2.34 1707  -1.00    -1.0     -1. -1.00 -1.00   0.00   0.00   0.00 0.00 0.00 0.00 -1.00  -1.0     -1.  6.08 357.5  39569.
15:42:49 0.94 262.04 289.19 -2.34 1707  -1.00    -1.0     -1. -1.00 -1.00   0.00   0.00   0.00 0.00 0.00 0.00 -1.00  -1.0     -1.  5.69 362.0  45212.
15:45:31 0.94 262.04 289.16 -2.34 1707  -1.00    -1.0     -1. -1.00 -1.00   0.00   0.00   0.00 0.00 0.00 0.00 -1.00  -1.0     -1.  5.56 361.8  33865.
15:48:13 0.94 262.04 289.14 -2.34 1707  -1.00    -1.0     -1. -1.00 -1.00   0.00   0.00   0.00 0.00 0.00 0.00 -1.00  -1.0     -1.  6.32 366.1  41226.
15:50:55 0.94 262.04 289.11 -2.34 1707  -1.00    -1.0     -1. -1.00 -1.00   0.00   0.00   0.00 0.00 0.00 0.00 -1.00  -1.0     -1.  5.97 366.3  34460.
15:53:37 0.94 262.04 289.09 -2.34 1707  -1.00    -1.0     -1. -1.00 -1.00   0.00   0.00   0.00 0.00 0.00 0.00 -1.00  -1.0     -1.  5.77 362.3  35853.
15:56:19 0.94 262.04 289.06 -2.34 1707  -1.00    -1.0     -1. -1.00 -1.00   0.00   0.00   0.00 0.00 0.00 0.00 -1.00  -1.0     -1.  5.84 361.7  32449.
15:59:01 0.94 262.04 289.04 -2.34 1707  -1.00    -1.0     -1. -1.00 -1.00   0.00   0.00   0.00 0.00 0.00 0.00 -1.00  -1.0     -1.  6.14 368.0  87621.
16:01:43 0.94 262.04 289.01 -2.34 1707  -1.00    -1.0     -1. -1.00 -1.00   0.00   0.00   0.00 0.00 0.00 0.00 -1.00  -1.0     -1.  5.91 363.4  53866.
16:04:25 0.94 262.04 288.98 -2.34 1707  -1.00    -1.0     -1. -1.00 -1.00   0.00   0.00   0.00 0.00 0.00 0.00 -1.00  -1.0     -1.  5.98 366.8  39066.
16:07:07 0.94 262.03 288.96 -2.34 1707  -1.00    -1.0     -1. -1.00 -1.00   0.00   0.00   0.00 0.00 0.00 0.00 -1.00  -1.0     -1.  6.36 369.0  48402.
16:09:49 0.94 262.03 288.94 -2.35 1707  -1.00    -1.0     -1. -1.00 -1.00   0.00   0.00   0.00 0.00 0.00 0.00 -1.00  -1.0     -1.  6.36 371.0  32462.
16:12:31 0.94 262.03 288.91 -2.35 1707  -1.00    -1.0     -1. -1.00 -1.00   0.00   0.00   0.00 0.00 0.00 0.00 -1.00  -1.0     -1.  5.45 369.8  41207.
16:15:13 0.94 262.03 288.89 -2.35 1707  -1.00    -1.0     -1. -1.00 -1.00   0.00   0.00   0.00 0.00 0.00 0.00 -1.00  -1.0     -1.  5.11 367.5  25289.
16:17:55 0.94 262.03 288.86 -2.35 1707  -1.00    -1.0     -1. -1.00 -1.00   0.00   0.00   0.00 0.00 0.00 0.00 -1.00  -1.0     -1.  6.15 366.5  30536.
16:20:37 0.94 262.03 288.83 -2.35 1707  -1.00    -1.0     -1. -1.00 -1.00   0.00   0.00   0.00 0.00 0.00 0.00 -1.00  -1.0     -1.  5.88 365.8  32407.
16:23:19 0.94 262.03 288.81 -2.35 1707  -1.00    -1.0     -1. -1.00 -1.00   0.00   0.00   0.00 0.00 0.00 0.00 -1.00  -1.0     -1.  5.11 362.0  33479.
16:26:01 0.94 262.03 288.79 -2.35 1707  -1.00    -1.0     -1. -1.00 -1.00   0.00   0.00   0.00 0.00 0.00 0.00 -1.00  -1.0     -1.  6.04 364.6  40125.
16:28:43 0.94 262.03 288.76 -2.35 1707  -1.00    -1.0     -1. -1.00 -1.00   0.00   0.00   0.00 0.00 0.00 0.00 -1.00  -1.0     -1.  5.70 361.3  35359.
16:31:25 0.94 262.03 288.73 -2.35 1707  -1.00    -1.0     -1. -1.00 -1.00   0.00   0.00   0.00 0.00 0.00 0.00 -1.00  -1.0     -1.  5.96 358.6  44225.
16:34:07 0.94 262.03 288.71 -2.35 1707  -1.00    -1.0     -1. -1.00 -1.00   0.00   0.00   0.00 0.00 0.00 0.00 -1.00  -1.0     -1.  6.25 377.4  38605.
16:36:49 0.94 262.03 288.68 -2.35 1707  -1.00    -1.0     -1. -1.00 -1.00   0.00   0.00   0.00 0.00 0.00 0.00 -1.00  -1.0     -1.  5.98 365.7  38000.
16:39:31 0.94 262.03 288.66 -2.35 1707  -1.00    -1.0     -1. -1.00 -1.00   0.00   0.00   0.00 0.00 0.00 0.00 -1.00  -1.0     -1.  5.98 364.3  43825.
16:42:13 0.94 262.03 288.64 -2.35 1707  -1.00    -1.0     -1. -1.00 -1.00   0.00   0.00   0.00 0.00 0.00 0.00 -1.00  -1.0     -1.  5.73 360.9  36831.
16:44:55 0.94 262.03 288.61 -2.35 1707  -1.00    -1.0     -1. -1.00 -1.00   0.00   0.00   0.00 0.00 0.00 0.00 -1.00  -1.0     -1.  6.36 365.6  49805.
16:47:37 0.94 262.03 288.58 -2.35 1707  -1.00    -1.0     -1. -1.00 -1.00   0.00   0.00   0.00 0.00 0.00 0.00 -1.00  -1.0     -1.  5.89 363.8  40495.
16:50:19 0.94 262.03 288.56 -2.35 1707  -1.00    -1.0     -1. -1.00 -1.00   0.00   0.00   0.00 0.00 0.00 0.00 -1.00  -1.0     -1.  5.88 364.2  36607.
16:53:01 0.94 262.03 288.53 -2.35 1707  -1.00    -1.0     -1. -1.00 -1.00   0.00   0.00   0.00 0.00 0.00 0.00 -1.00  -1.0     -1.  5.86 364.9  40209.
16:55:43 0.94 262.03 288.51 -2.35 1707  -1.00    -1.0     -1. -1.00 -1.00   0.00   0.00   0.00 0.00 0.00 0.00 -1.00  -1.0     -1.  6.16 355.3  43815.
16:58:25 0.94 262.03 288.48 -2.35 1707  -1.00    -1.0     -1. -1.00 -1.00   0.00   0.00   0.00 0.00 0.00 0.00 -1.00  -1.0     -1.  5.21 355.9  46463.
17:01:07 0.94 262.03 288.46 -2.35 1707  -1.00    -1.0     -1. -1.00 -1.00   0.00   0.00   0.00 0.00 0.00 0.00 -1.00  -1.0     -1.  5.47 354.4  42370.
17:03:49 0.94 262.03 288.43 -2.35 1707  -1.00    -1.0     -1. -1.00 -1.00   0.00   0.00   0.00 0.00 0.00 0.00 -1.00  -1.0     -1.  5.14 358.6  48266.
17:06:31 0.94 262.03 288.41 -2.35 1707  -1.00    -1.0     -1. -1.00 -1.00   0.00   0.00   0.00 0.00 0.00 0.00 -1.00  -1.0     -1.  5.56 354.3  42617.
17:09:13 0.94 262.03 288.38 -2.35 1707  -1.00    -1.0     -1. -1.00 -1.00   0.00   0.00   0.00 0.00 0.00 0.00 -1.00  -1.0     -1.  5.44 357.9  45615.
17:11:55 0.94 262.03 288.36 -2.35 1707  -1.00    -1.0     -1. -1.00 -1.00   0.00   0.00   0.00 0.00 0.00 0.00 -1.00  -1.0     -1.  5.16 354.6  46937.
17:14:37 0.94 262.02 288.33 -2.35 1707  -1.00    -1.0     -1. -1.00 -1.00   0.00   0.00   0.00 0.00 0.00 0.00 -1.00  -1.0     -1.  5.49 355.1  59015.
17:17:19 0.94 262.02 288.31 -2.35 1707  -1.00    -1.0     -1. -1.00 -1.00   0.00   0.00   0.00 0.00 0.00 0.00 -1.00  -1.0     -1.  6.07 356.8  39384.
17:20:01 0.94 262.02 288.28 -2.35 1707  -1.00    -1.0     -1. -1.00 -1.00   0.00   0.00   0.00 0.00 0.00 0.00 -1.00  -1.0     -1.  4.80 354.9  27316.
17:22:43 0.94 262.02 288.26 -2.35 1707  -1.00    -1.0     -1. -1.00 -1.00   0.00   0.00   0.00 0.00 0.00 0.00 -1.00  -1.0     -1.  5.55 360.6  34781.
17:25:25 0.94 262.02 288.23 -2.35 1707  -1.00    -1.0     -1. -1.00 -1.00   0.00   0.00   0.00 0.00 0.00 0.00 -1.00  -1.0     -1.  5.91 354.1  53349.
17:28:07 0.94 262.02 288.21 -2.35 1707  -1.00    -1.0     -1. -1.00 -1.00   0.00   0.00   0.00 0.00 0.00 0.00 -1.00  -1.0     -1.  6.07 356.3  44533.
17:30:49 0.94 262.02 288.18 -2.35 1707  -1.00    -1.0     -1. -1.00 -1.00   0.00   0.00   0.00 0.00 0.00 0.00 -1.00  -1.0     -1.  5.01 358.6  46924.
17:33:31 0.94 262.02 288.15 -2.35 1707  -1.00    -1.0     -1. -1.00 -1.00   0.00   0.00   0.00 0.00 0.00 0.00 -1.00  -1.0     -1.  5.29 357.7  29941.
17:36:13 0.94 262.02 288.13 -2.35 1707  -1.00    -1.0     -1. -1.00 -1.00   0.00   0.00   0.00 0.00 0.00 0.00 -1.00  -1.0     -1.  5.93 359.8  41827.
17:38:55 0.94 262.02 288.11 -2.35 1707  -1.00    -1.0     -1. -1.00 -1.00   0.00   0.00   0.00 0.00 0.00 0.00 -1.00  -1.0     -1.  5.41 353.4  35022.
17:41:37 0.94 262.02 288.08 -2.35 1707  -1.00    -1.0     -1. -1.00 -1.00   0.00   0.00   0.00 0.00 0.00 0.00 -1.00  -1.0     -1.  5.86 355.5  39719.
17:44:19 0.94 262.02 288.06 -2.35 1707  -1.00    -1.0     -1. -1.00 -1.00   0.00   0.00   0.00 0.00 0.00 0.00 -1.00  -1.0     -1.  5.98 355.3  40053.
17:47:01 0.94 262.02 288.03 -2.35 1707  -1.00    -1.0     -1. -1.00 -1.00   0.00   0.00   0.00 0.00 0.00 0.00 -1.00  -1.0     -1.  5.61 359.1  36789.
17:49:43 0.94 262.02 288.00 -2.35 1707  -1.00    -1.0     -1. -1.00 -1.00   0.00   0.00   0.00 0.00 0.00 0.00 -1.00  -1.0     -1.  6.31 359.7  65252.
17:52:25 0.94 262.02 287.98 -2.35 1707  -1.00    -1.0     -1. -1.00 -1.00   0.00   0.00   0.00 0.00 0.00 0.00 -1.00  -1.0     -1.  5.70 360.5  55734.
17:55:07 0.94 262.02 287.96 -2.35 1707  -1.00    -1.0     -1. -1.00 -1.00   0.00   0.00   0.00 0.00 0.00 0.00 -1.00  -1.0     -1.  6.58 358.5  71619.
17:57:49 0.94 262.02 287.93 -2.35 1707  -1.00    -1.0     -1. -1.00 -1.00   0.00   0.00   0.00 0.00 0.00 0.00 -1.00  -1.0     -1.  6.00 355.9  60769.
18:00:31 0.94 262.02 287.90 -2.35 1707  -1.00    -1.0     -1. -1.00 -1.00   0.00   0.00   0.00 0.00 0.00 0.00 -1.00  -1.0     -1.  6.58 376.1  41847.
18:03:13 0.94 262.02 287.88 -2.35 1707  -1.00    -1.0     -1. -1.00 -1.00   0.00   0.00   0.00 0.00 0.00 0.00 -1.00  -1.0     -1.  6.13 364.5  50075.
18:05:55 0.94 262.02 287.85 -2.35 1707  -1.00    -1.0     -1. -1.00 -1.00   0.00   0.00   0.00 0.00 0.00 0.00 -1.00  -1.0     -1.  6.48 354.4  64602.
18:08:37 0.94 262.02 287.83 -2.35 1707  -1.00    -1.0     -1. -1.00 -1.00   0.00   0.00   0.00 0.00 0.00 0.00 -1.00  -1.0     -1.  5.93 354.6  58154.
18:11:19 0.94 262.02 287.80 -2.35 1707  -1.00    -1.0     -1. -1.00 -1.00   0.00   0.00   0.00 0.00 0.00 0.00 -1.00  -1.0     -1.  5.55 356.9  42620.
18:14:01 0.94 262.02 287.78 -2.35 1707  -1.00    -1.0     -1. -1.00 -1.00   0.00   0.00   0.00 0.00 0.00 0.00 -1.00  -1.0     -1.  5.74 364.3  72587.
18:16:43 0.94 262.01 287.75 -2.35 1707  -1.00    -1.0     -1. -1.00 -1.00   0.00   0.00   0.00 0.00 0.00 0.00 -1.00  -1.0     -1.  6.02 357.1  80214.
18:19:25 0.94 262.01 287.73 -2.35 1707  -1.00    -1.0     -1. -1.00 -1.00   0.00   0.00   0.00 0.00 0.00 0.00 -1.00  -1.0     -1.  5.55 367.6  43922.
18:22:07 0.94 262.01 287.70 -2.35 1707  -1.00    -1.0     -1. -1.00 -1.00   0.00   0.00   0.00 0.00 0.00 0.00 -1.00  -1.0     -1.  6.38 364.4  38842.
18:24:49 0.94 262.01 287.68 -2.35 1707  -1.00    -1.0     -1. -1.00 -1.00   0.00   0.00   0.00 0.00 0.00 0.00 -1.00  -1.0     -1.  5.88 366.4  47525.
18:27:31 0.94 262.01 287.65 -2.35 1707  -1.00    -1.0     -1. -1.00 -1.00   0.00   0.00   0.00 0.00 0.00 0.00 -1.00  -1.0     -1.  5.98 364.5  42474.
18:30:13 0.94 262.01 287.63 -2.35 1707  -1.00    -1.0     -1. -1.00 -1.00   0.00   0.00   0.00 0.00 0.00 0.00 -1.00  -1.0     -1.  5.75 372.7  33615.
18:32:55 0.94 262.01 287.60 -2.35 1707  -1.00    -1.0     -1. -1.00 -1.00   0.00   0.00   0.00 0.00 0.00 0.00 -1.00  -1.0     -1.  5.71 375.6  41752.
18:35:37 0.94 262.01 287.58 -2.35 1707  -1.00    -1.0     -1. -1.00 -1.00   0.00   0.00   0.00 0.00 0.00 0.00 -1.00  -1.0     -1.  5.35 372.8  25806.
18:38:19 0.94 262.01 287.55 -2.35 1707  -1.00    -1.0     -1. -1.00 -1.00   0.00   0.00   0.00 0.00 0.00 0.00 -1.00  -1.0     -1.  5.55 363.3  31672.
18:41:01 0.94 262.01 287.53 -2.35 1707  -1.00    -1.0     -1. -1.00 -1.00   0.00   0.00   0.00 0.00 0.00 0.00 -1.00  -1.0     -1.  5.56 363.8  32319.
18:43:43 0.94 262.01 287.50 -2.35 1707  -1.00    -1.0     -1. -1.00 -1.00   0.00   0.00   0.00 0.00 0.00 0.00 -1.00  -1.0     -1.  6.16 356.6  45251.
18:46:25 0.94 262.01 287.48 -2.36 1707  -1.00    -1.0     -1. -1.00 -1.00   0.00   0.00   0.00 0.00 0.00 0.00 -1.00  -1.0     -1.  5.05 359.8  34918.
18:49:07 0.94 262.01 287.45 -2.36 1707  -1.00    -1.0     -1. -1.00 -1.00   0.00   0.00   0.00 0.00 0.00 0.00 -1.00  -1.0     -1.  5.50 353.0  41775.
18:51:49 0.94 262.01 287.43 -2.36 1707  -1.00    -1.0     -1. -1.00 -1.00   0.00   0.00   0.00 0.00 0.00 0.00 -1.00  -1.0     -1.  5.18 362.5  41639.
18:54:31 0.94 262.01 287.40 -2.36 1707  -1.00    -1.0     -1. -1.00 -1.00   0.00   0.00   0.00 0.00 0.00 0.00 -1.00  -1.0     -1.  5.06 350.9  43633.
18:57:13 0.94 262.01 287.38 -2.36 1707  -1.00    -1.0     -1. -1.00 -1.00   0.00   0.00   0.00 0.00 0.00 0.00 -1.00  -1.0     -1.  5.33 350.4  50371.
18:59:55 0.94 262.01 287.35 -2.36 1707  -1.00    -1.0     -1. -1.00 -1.00   0.00   0.00   0.00 0.00 0.00 0.00 -1.00  -1.0     -1.  5.61 346.4 102122.
19:02:37 0.94 262.01 287.32 -2.36 1707  -1.00    -1.0     -1. -1.00 -1.00   0.00   0.00   0.00 0.00 0.00 0.00 -1.00  -1.0     -1.  5.82 364.9  38368.
19:05:19 0.94 262.01 287.30 -2.36 1707  -1.00    -1.0     -1. -1.00 -1.00   0.00   0.00   0.00 0.00 0.00 0.00 -1.00  -1.0     -1.  5.89 367.0  31854.
19:08:01 0.94 262.01 287.28 -2.36 1707  -1.00    -1.0     -1. -1.00 -1.00   0.00   0.00   0.00 0.00 0.00 0.00 -1.00  -1.0     -1.  6.32 350.0  69407.
19:10:43 0.94 262.01 287.25 -2.36 1707  -1.00    -1.0     -1. -1.00 -1.00   0.00   0.00   0.00 0.00 0.00 0.00 -1.00  -1.0     -1.  6.13 350.3  75270.
19:13:25 0.94 262.01 287.23 -2.36 1707  -1.00    -1.0     -1. -1.00 -1.00   0.00   0.00   0.00 0.00 0.00 0.00 -1.00  -1.0     -1.  5.97 361.3  40002.
19:16:07 0.94 262.01 287.20 -2.36 1707  -1.00    -1.0     -1. -1.00 -1.00   0.00   0.00   0.00 0.00 0.00 0.00 -1.00  -1.0     -1.  6.55 358.8  51056.
19:18:49 0.94 262.01 287.17 -2.36 1707  -1.00    -1.0     -1. -1.00 -1.00   0.00   0.00   0.00 0.00 0.00 0.00 -1.00  -1.0     -1.  5.95 362.3  38101.
19:21:31 0.94 262.01 287.15 -2.36 1707  -1.00    -1.0     -1. -1.00 -1.00   0.00   0.00   0.00 0.00 0.00 0.00 -1.00  -1.0     -1.  5.43 359.6  27407.
19:24:13 0.94 262.00 287.13 -2.36 1707  -1.00    -1.0     -1. -1.00 -1.00   0.00   0.00   0.00 0.00 0.00 0.00 -1.00  -1.0     -1.  5.94 362.2  37646.
19:26:55 0.94 262.00 287.10 -2.36 1707  -1.00    -1.0     -1. -1.00 -1.00   0.00   0.00   0.00 0.00 0.00 0.00 -1.00  -1.0     -1.  5.94 361.7  28547.
19:29:37 0.94 262.00 287.07 -2.36 1707  -1.00    -1.0     -1. -1.00 -1.00   0.00   0.00   0.00 0.00 0.00 0.00 -1.00  -1.0     -1.  6.35 355.2  38228.
19:32:19 0.94 262.00 287.05 -2.36 1707  -1.00    -1.0     -1. -1.00 -1.00   0.00   0.00   0.00 0.00 0.00 0.00 -1.00  -1.0     -1.  6.23 354.0  85168.
19:35:01 0.94 262.00 287.02 -2.36 1707  -1.00    -1.0     -1. -1.00 -1.00   0.00   0.00   0.00 0.00 0.00 0.00 -1.00  -1.0     -1.  6.42 347.9  76706.
19:37:43 0.94 262.00 287.00 -2.36 1707  -1.00    -1.0     -1. -1.00 -1.00   0.00   0.00   0.00 0.00 0.00 0.00 -1.00  -1.0     -1.  6.63 347.0  90502.
19:40:25 0.94 262.00 286.97 -2.36 1707  -1.00    -1.0     -1. -1.00 -1.00   0.00   0.00   0.00 0.00 0.00 0.00 -1.00  -1.0     -1.  6.24 351.4  75910.
19:43:07 0.94 262.00 286.95 -2.36 1707  -1.00    -1.0     -1. -1.00 -1.00   0.00   0.00   0.00 0.00 0.00 0.00 -1.00  -1.0     -1.  5.94 348.2  80075.
19:45:49 0.94 262.00 286.92 -2.36 1707  -1.00    -1.0     -1. -1.00 -1.00   0.00   0.00   0.00 0.00 0.00 0.00 -1.00  -1.0     -1.  5.69 356.0  47148.
19:48:31 0.94 262.00 286.90 -2.36 1707  -1.00    -1.0     -1. -1.00 -1.00   0.00   0.00   0.00 0.00 0.00 0.00 -1.00  -1.0     -1.  5.96 350.2  50630.
19:51:13 0.94 262.00 286.87 -2.36 1707  -1.00    -1.0     -1. -1.00 -1.00   0.00   0.00   0.00 0.00 0.00 0.00 -1.00  -1.0     -1.  6.41 350.5  66509.
19:53:55 0.94 262.00 286.85 -2.36 1707  -1.00    -1.0     -1. -1.00 -1.00   0.00   0.00   0.00 0.00 0.00 0.00 -1.00  -1.0     -1.  5.70 350.6  52333.
19:56:37 0.94 262.00 286.82 -2.36 1707  -1.00    -1.0     -1. -1.00 -1.00   0.00   0.00   0.00 0.00 0.00 0.00 -1.00  -1.0     -1.  6.00 359.0  52329.
19:59:19 0.94 262.00 286.80 -2.36 1707  -1.00    -1.0     -1. -1.00 -1.00   0.00   0.00   0.00 0.00 0.00 0.00 -1.00  -1.0     -1.  6.90 365.3  38813.
20:02:01 0.94 262.00 286.77 -2.36 1707  -1.00    -1.0     -1. -1.00 -1.00   0.00   0.00   0.00 0.00 0.00 0.00 -1.00  -1.0     -1.  5.60 358.0  53989.
20:04:43 0.94 262.00 286.74 -2.36 1707  -1.00    -1.0     -1. -1.00 -1.00   0.00   0.00   0.00 0.00 0.00 0.00 -1.00  -1.0     -1.  6.09 353.1  43062.
20:07:25 0.94 262.00 286.72 -2.36 1707  -1.00    -1.0     -1. -1.00 -1.00   0.00   0.00   0.00 0.00 0.00 0.00 -1.00  -1.0     -1.  5.87 359.5  44439.
20:10:07 0.94 262.00 286.70 -2.36 1707  -1.00    -1.0     -1. -1.00 -1.00   0.00   0.00   0.00 0.00 0.00 0.00 -1.00  -1.0     -1.  6.58 356.9  58056.
20:12:49 0.94 262.00 286.67 -2.36 1707  -1.00    -1.0     -1. -1.00 -1.00   0.00   0.00   0.00 0.00 0.00 0.00 -1.00  -1.0     -1.  5.74 362.0  43715.
20:15:31 0.94 262.00 286.65 -2.36 1707  -1.00    -1.0     -1. -1.00 -1.00   0.00   0.00   0.00 0.00 0.00 0.00 -1.00  -1.0     -1.  6.48 363.2  44761.
20:18:13 0.94 262.00 286.62 -2.36 1707  -1.00    -1.0     -1. -1.00 -1.00   0.00   0.00   0.00 0.00 0.00 0.00 -1.00  -1.0     -1.  6.34 364.1  39790.
20:20:55 0.94 262.00 286.59 -2.36 1707  -1.00    -1.0     -1. -1.00 -1.00   0.00   0.00   0.00 0.00 0.00 0.00 -1.00  -1.0     -1.  6.74 365.3  58177.
20:23:37 0.94 262.00 286.57 -2.36 1707  -1.00    -1.0     -1. -1.00 -1.00   0.00   0.00   0.00 0.00 0.00 0.00 -1.00  -1.0     -1.  5.84 363.0  43114.
20:26:19 0.94 262.00 286.55 -2.36 1707  -1.00    -1.0     -1. -1.00 -1.00   0.00   0.00   0.00 0.00 0.00 0.00 -1.00  -1.0     -1.  6.67 352.9  46242.
20:29:01 0.94 261.99 286.52 -2.36 1707  -1.00    -1.0     -1. -1.00 -1.00   0.00   0.00   0.00 0.00 0.00 0.00 -1.00  -1.0     -1.  6.08 349.9  58430.
20:31:43 0.94 261.99 286.49 -2.36 1707  -1.00    -1.0     -1. -1.00 -1.00   0.00   0.00   0.00 0.00 0.00 0.00 -1.00  -1.0     -1.  6.97 352.9  74211.
20:34:25 0.94 261.99 286.47 -2.36 1707  -1.00    -1.0     -1. -1.00 -1.00   0.00   0.00   0.00 0.00 0.00 0.00 -1.00  -1.0     -1.  6.34 348.0  75176.
20:37:07 0.94 261.99 286.44 -2.36 1707  -1.00    -1.0     -1. -1.00 -1.00   0.00   0.00   0.00 0.00 0.00 0.00 -1.00  -1.0     -1.  6.66 362.0  41061.
20:39:49 0.94 261.99 286.42 -2.36 1707  -1.00    -1.0     -1. -1.00 -1.00   0.00   0.00   0.00 0.00 0.00 0.00 -1.00  -1.0     -1.  6.77 347.5  64219.
20:42:31 0.94 261.99 286.40 -2.36 1707  -1.00    -1.0     -1. -1.00 -1.00   0.00   0.00   0.00 0.00 0.00 0.00 -1.00  -1.0     -1.  6.79 372.5  42171.
20:45:13 0.94 261.99 286.37 -2.36 1707  -1.00    -1.0     -1. -1.00 -1.00   0.00   0.00   0.00 0.00 0.00 0.00 -1.00  -1.0     -1.  6.17 362.8  45667.
20:47:55 0.94 261.99 286.34 -2.36 1707  -1.00    -1.0     -1. -1.00 -1.00   0.00   0.00   0.00 0.00 0.00 0.00 -1.00  -1.0     -1.  6.57 365.7  44595.
20:50:37 0.94 261.99 286.32 -2.36 1707  -1.00    -1.0     -1. -1.00 -1.00   0.00   0.00   0.00 0.00 0.00 0.00 -1.00  -1.0     -1.  6.52 373.6  32650.
20:53:19 0.94 261.99 286.29 -2.36 1707  -1.00    -1.0     -1. -1.00 -1.00   0.00   0.00   0.00 0.00 0.00 0.00 -1.00  -1.0     -1.  6.51 376.6  36711.
20:56:01 0.94 261.99 286.27 -2.36 1707  -1.00    -1.0     -1. -1.00 -1.00   0.00   0.00   0.00 0.00 0.00 0.00 -1.00  -1.0     -1.  6.29 367.1  34983.
20:58:43 0.94 261.99 286.24 -2.36 1707  -1.00    -1.0     -1. -1.00 -1.00   0.00   0.00   0.00 0.00 0.00 0.00 -1.00  -1.0     -1.  7.21 360.6  62845.
21:01:25 0.94 261.99 286.22 -2.36 1707  -1.00    -1.0     -1. -1.00 -1.00   0.00   0.00   0.00 0.00 0.00 0.00 -1.00  -1.0     -1.  6.22 354.5  58463.
21:04:07 0.94 261.99 286.19 -2.36 1707  -1.00    -1.0     -1. -1.00 -1.00   0.00   0.00   0.00 0.00 0.00 0.00 -1.00  -1.0     -1.  5.81 358.2  37052.
21:06:49 0.94 261.99 286.17 -2.36 1707  -1.00    -1.0     -1. -1.00 -1.00   0.00   0.00   0.00 0.00 0.00 0.00 -1.00  -1.0     -1.  6.47 352.7  53518.
21:09:31 0.94 261.99 286.14 -2.36 1707  -1.00    -1.0     -1. -1.00 -1.00   0.00   0.00   0.00 0.00 0.00 0.00 -1.00  -1.0     -1.  6.68 353.4  61987.
21:12:13 0.94 261.99 286.12 -2.36 1707  -1.00    -1.0     -1. -1.00 -1.00   0.00   0.00   0.00 0.00 0.00 0.00 -1.00  -1.0     -1.  6.38 357.1  48106.
21:14:55 0.94 261.99 286.09 -2.36 1707  -1.00    -1.0     -1. -1.00 -1.00   0.00   0.00   0.00 0.00 0.00 0.00 -1.00  -1.0     -1.  6.53 352.4  47960.
21:17:37 0.94 261.99 286.07 -2.36 1707  -1.00    -1.0     -1. -1.00 -1.00   0.00   0.00   0.00 0.00 0.00 0.00 -1.00  -1.0     -1.  5.67 359.2  38010.
21:20:19 0.94 261.99 286.04 -2.36 1707  -1.00    -1.0     -1. -1.00 -1.00   0.00   0.00   0.00 0.00 0.00 0.00 -1.00  -1.0     -1.  7.03 339.1 108882.
21:23:01 0.94 261.99 286.02 -2.36 1707  -1.00    -1.0     -1. -1.00 -1.00   0.00   0.00   0.00 0.00 0.00 0.00 -1.00  -1.0     -1.  6.00 345.2  71372.
21:25:43 0.94 261.99 285.99 -2.37 1707  -1.00    -1.0     -1. -1.00 -1.00   0.00   0.00   0.00 0.00 0.00 0.00 -1.00  -1.0     -1.  6.45 350.1  87146.
21:28:25 0.94 261.99 285.97 -2.37 1707  -1.00    -1.0     -1. -1.00 -1.00   0.00   0.00   0.00 0.00 0.00 0.00 -1.00  -1.0     -1.  6.40 358.8  53876.
21:31:07 0.94 261.99 285.94 -2.37 1707  -1.00    -1.0     -1. -1.00 -1.00   0.00   0.00   0.00 0.00 0.00 0.00 -1.00  -1.0     -1.  7.06 374.7  38481.
21:33:49 0.94 261.98 285.91 -2.37 1707  -1.00    -1.0     -1. -1.00 -1.00   0.00   0.00   0.00 0.00 0.00 0.00 -1.00  -1.0     -1.  7.21 368.1  42984.
21:36:31 0.94 261.98 285.89 -2.37 1707  -1.00    -1.0     -1. -1.00 -1.00   0.00   0.00   0.00 0.00 0.00 0.00 -1.00  -1.0     -1.  7.40 358.5  40992.
21:39:13 0.94 261.98 285.87 -2.37 1707  -1.00    -1.0     -1. -1.00 -1.00   0.00   0.00   0.00 0.00 0.00 0.00 -1.00  -1.0     -1.  7.53 362.5  45059.
21:41:55 0.94 261.98 285.84 -2.37 1707  -1.00    -1.0     -1. -1.00 -1.00   0.00   0.00   0.00 0.00 0.00 0.00 -1.00  -1.0     -1.  7.53 350.8  86675.
21:44:37 0.94 261.98 285.82 -2.37 1707  -1.00    -1.0     -1. -1.00 -1.00   0.00   0.00   0.00 0.00 0.00 0.00 -1.00  -1.0     -1.  7.13 348.4  66889.
21:47:19 0.94 261.98 285.79 -2.37 1707  -1.00    -1.0     -1. -1.00 -1.00   0.00   0.00   0.00 0.00 0.00 0.00 -1.00  -1.0     -1.  8.21 361.1  58742.
21:50:01 0.94 261.98 285.76 -2.37 1707  -1.00    -1.0     -1. -1.00 -1.00   0.00   0.00   0.00 0.00 0.00 0.00 -1.00  -1.0     -1.  7.63 359.9  57621.
21:52:43 0.94 261.98 285.74 -2.37 1707  -1.00    -1.0     -1. -1.00 -1.00   0.00   0.00   0.00 0.00 0.00 0.00 -1.00  -1.0     -1.  7.43 360.8  52732.
21:55:25 0.94 261.98 285.72 -2.37 1707  -1.00    -1.0     -1. -1.00 -1.00   0.00   0.00   0.00 0.00 0.00 0.00 -1.00  -1.0     -1.  7.30 352.5  69472.
21:58:07 0.94 261.98 285.69 -2.37 1707  -1.00    -1.0     -1. -1.00 -1.00   0.00   0.00   0.00 0.00 0.00 0.00 -1.00  -1.0     -1.  7.27 365.3  54291.
22:00:49 0.94 261.98 285.66 -2.37 1707  -1.00    -1.0     -1. -1.00 -1.00   0.00   0.00   0.00 0.00 0.00 0.00 -1.00  -1.0     -1.  6.36 360.1  39056.
22:03:31 0.94 261.98 285.64 -2.37 1707  -1.00    -1.0     -1. -1.00 -1.00   0.00   0.00   0.00 0.00 0.00 0.00 -1.00  -1.0     -1.  8.20 337.4  52917.
22:06:13 0.94 261.98 285.61 -2.37 1707  -1.00    -1.0     -1. -1.00 -1.00   0.00   0.00   0.00 0.00 0.00 0.00 -1.00  -1.0     -1.  6.67 338.0  74250.
22:08:55 0.94 261.98 285.59 -2.37 1707  -1.00    -1.0     -1. -1.00 -1.00   0.00   0.00   0.00 0.00 0.00 0.00 -1.00  -1.0     -1.  6.73 333.3  70391.
22:11:37 0.94 261.98 285.57 -2.37 1707  -1.00    -1.0     -1. -1.00 -1.00   0.00   0.00   0.00 0.00 0.00 0.00 -1.00  -1.0     -1.  7.92 341.2  77421.
22:14:19 0.94 261.98 285.54 -2.37 1707  -1.00    -1.0     -1. -1.00 -1.00   0.00   0.00   0.00 0.00 0.00 0.00 -1.00  -1.0     -1.  7.57 349.3  79623.
22:17:01 0.94 261.98 285.51 -2.37 1707  -1.00    -1.0     -1. -1.00 -1.00   0.00   0.00   0.00 0.00 0.00 0.00 -1.00  -1.0     -1.  7.96 346.0  63439.
22:19:43 0.94 261.98 285.49 -2.37 1707  -1.00    -1.0     -1. -1.00 -1.00   0.00   0.00   0.00 0.00 0.00 0.00 -1.00  -1.0     -1.  7.21 345.4  55006.
22:22:25 0.94 261.98 285.46 -2.37 1707  -1.00    -1.0     -1. -1.00 -1.00   0.00   0.00   0.00 0.00 0.00 0.00 -1.00  -1.0     -1.  7.38 343.6  73954.
22:25:07 0.94 261.98 285.44 -2.37 1707  -1.00    -1.0     -1. -1.00 -1.00   0.00   0.00   0.00 0.00 0.00 0.00 -1.00  -1.0     -1.  7.30 344.3  59593.
22:27:49 0.94 261.98 285.41 -2.37 1707  -1.00    -1.0     -1. -1.00 -1.00   0.00   0.00   0.00 0.00 0.00 0.00 -1.00  -1.0     -1.  7.18 347.3  73506.
22:30:31 0.94 261.98 285.39 -2.37 1707  -1.00    -1.0     -1. -1.00 -1.00   0.00   0.00   0.00 0.00 0.00 0.00 -1.00  -1.0     -1.  8.36 340.0  67704.
22:33:13 0.94 261.98 285.36 -2.37 1707  -1.00    -1.0     -1. -1.00 -1.00   0.00   0.00   0.00 0.00 0.00 0.00 -1.00  -1.0     -1.  6.85 339.8  58648.
22:35:55 0.94 261.98 285.34 -2.37 1707  -1.00    -1.0     -1. -1.00 -1.00   0.00   0.00   0.00 0.00 0.00 0.00 -1.00  -1.0     -1.  7.24 341.5  50270.
22:38:37 0.94 261.97 285.31 -2.37 1707  -1.00    -1.0     -1. -1.00 -1.00   0.00   0.00   0.00 0.00 0.00 0.00 -1.00  -1.0     -1.  7.67 341.7  68897.
22:41:19 0.94 261.97 285.29 -2.37 1707  -1.00    -1.0     -1. -1.00 -1.00   0.00   0.00   0.00 0.00 0.00 0.00 -1.00  -1.0     -1.  6.63 342.4  48717.
22:44:01 0.94 261.97 285.26 -2.37 1707  -1.00    -1.0     -1. -1.00 -1.00   0.00   0.00   0.00 0.00 0.00 0.00 -1.00  -1.0     -1.  7.10 345.8  61701.
22:46:43 0.94 261.97 285.24 -2.37 1707  -1.00    -1.0     -1. -1.00 -1.00   0.00   0.00   0.00 0.00 0.00 0.00 -1.00  -1.0     -1.  6.77 352.0  45011.
22:49:25 0.94 261.97 285.21 -2.37 1707  -1.00    -1.0     -1. -1.00 -1.00   0.00   0.00   0.00 0.00 0.00 0.00 -1.00  -1.0     -1.  7.07 364.2  34996.
22:52:07 0.94 261.97 285.19 -2.37 1707  -1.00    -1.0     -1. -1.00 -1.00   0.00   0.00   0.00 0.00 0.00 0.00 -1.00  -1.0     -1.  6.91 352.1  32387.
22:54:49 0.94 261.97 285.16 -2.37 1707  -1.00    -1.0     -1. -1.00 -1.00   0.00   0.00   0.00 0.00 0.00 0.00 -1.00  -1.0     -1.  7.38 359.7  38247.
22:57:31 0.94 261.97 285.14 -2.37 1707  -1.00    -1.0     -1. -1.00 -1.00   0.00   0.00   0.00 0.00 0.00 0.00 -1.00  -1.0     -1.  7.13 353.2  37250.
23:00:13 0.94 261.97 285.11 -2.37 1707  -1.00    -1.0     -1. -1.00 -1.00   0.00   0.00   0.00 0.00 0.00 0.00 -1.00  -1.0     -1.  7.14 363.5  39147.
23:02:55 0.94 261.97 285.08 -2.37 1707  -1.00    -1.0     -1. -1.00 -1.00   0.00   0.00   0.00 0.00 0.00 0.00 -1.00  -1.0     -1.  7.88 353.6  41233.
23:05:37 0.94 261.97 285.06 -2.37 1707  -1.00    -1.0     -1. -1.00 -1.00   0.00   0.00   0.00 0.00 0.00 0.00 -1.00  -1.0     -1.  6.62 353.0  36347.
23:08:19 0.94 261.97 285.04 -2.37 1707  -1.00    -1.0     -1. -1.00 -1.00   0.00   0.00   0.00 0.00 0.00 0.00 -1.00  -1.0     -1.  7.64 346.4  51423.
23:11:01 0.94 261.97 285.01 -2.37 1707  -1.00    -1.0     -1. -1.00 -1.00   0.00   0.00   0.00 0.00 0.00 0.00 -1.00  -1.0     -1.  7.01 361.8  49143.
23:13:43 0.94 261.97 284.99 -2.37 1707  -1.00    -1.0     -1. -1.00 -1.00   0.00   0.00   0.00 0.00 0.00 0.00 -1.00  -1.0     -1.  7.13 357.2  79620.
23:16:25 0.94 261.97 284.96 -2.37 1707  -1.00    -1.0     -1. -1.00 -1.00   0.00   0.00   0.00 0.00 0.00 0.00 -1.00  -1.0     -1.  7.71 360.3  46612.
23:19:07 0.94 261.97 284.93 -2.37 1707  -1.00    -1.0     -1. -1.00 -1.00   0.00   0.00   0.00 0.00 0.00 0.00 -1.00  -1.0     -1.  8.28 352.3  74870.
23:21:49 0.94 261.97 284.91 -2.37 1707  -1.00    -1.0     -1. -1.00 -1.00   0.00   0.00   0.00 0.00 0.00 0.00 -1.00  -1.0     -1.  9.10 345.9  81952.
23:24:31 0.94 261.97 284.89 -2.37 1707  -1.00    -1.0     -1. -1.00 -1.00   0.00   0.00   0.00 0.00 0.00 0.00 -1.00  -1.0     -1.  9.30 356.2  62195.
23:27:13 0.94 261.97 284.86 -2.37 1707  -1.00    -1.0     -1. -1.00 -1.00   0.00   0.00   0.00 0.00 0.00 0.00 -1.00  -1.0     -1.  8.68 344.7  78285.
23:29:55 0.94 261.97 284.83 -2.37 1707  -1.00    -1.0     -1. -1.00 -1.00   0.00   0.00   0.00 0.00 0.00 0.00 -1.00  -1.0     -1.  8.25 356.2  45043.
23:32:37 0.94 261.97 284.81 -2.37 1707  -1.00    -1.0     -1. -1.00 -1.00   0.00   0.00   0.00 0.00 0.00 0.00 -1.00  -1.0     -1.  9.61 363.8  45930.
23:35:19 0.94 261.97 284.78 -2.37 1707  -1.00    -1.0     -1. -1.00 -1.00   0.00   0.00   0.00 0.00 0.00 0.00 -1.00  -1.0     -1. 10.35 349.7  42623.
23:38:01 0.94 261.97 284.76 -2.37 1707  -1.00    -1.0     -1. -1.00 -1.00   0.00   0.00   0.00 0.00 0.00 0.00 -1.00  -1.0     -1. 10.11 362.9  33245.
23:40:43 0.94 261.97 284.74 -2.37 1707  -1.00    -1.0     -1. -1.00 -1.00   0.00   0.00   0.00 0.00 0.00 0.00 -1.00  -1.0     -1. 11.62 350.8  45719.
23:43:25 0.94 261.97 284.71 -2.37 1707  -1.00    -1.0     -1. -1.00 -1.00   0.00   0.00   0.00 0.00 0.00 0.00 -1.00  -1.0     -1. 10.75 349.5  56520.
23:53:17 0.94 261.96 284.62 -2.37 1707  -1.00    -1.0     -1. -1.00 -1.00   0.00   0.00   0.00 0.00 0.00 0.00 -1.00  -1.0     -1.  9.05 355.2  27638.
23:54:13 0.94 261.96 284.61 -2.37 1707  -1.00    -1.0     -1. -1.00 -1.00   0.00   0.00   0.00 0.00 0.00 0.00 -1.00  -1.0     -1.  9.97 344.9  24864.
23:56:55 0.94 261.96 284.58 -2.37 1707  -1.00    -1.0     -1. -1.00 -1.00   0.00   0.00   0.00 0.00 0.00 0.00 -1.00  -1.0     -1.  9.10 352.7  30828.
23:59:37 0.94 261.96 284.56 -2.37 1707  -1.00    -1.0     -1. -1.00 -1.00   0.00   0.00   0.00 0.00 0.00 0.00 -1.00  -1.0     -1.  9.30 359.3  31182.
