295  0:42:39 0.88  76.26 307.85 -3.48 1714  -1.00    -1.0     -1. -1.00 -1.00   0.00   0.00   0.00 0.00 0.00 0.00 -1.00  -1.0     -1. 11.85 394.0  29727.
295  0:44:00 0.88  76.26 307.84 -3.48 1714  -1.00    -1.0     -1. -1.00 -1.00   0.00   0.00   0.00 0.00 0.00 0.00 -1.00  -1.0     -1. 12.43 395.8  44556.
295  0:45:14 0.88  76.26 307.83 -3.48 1714  -1.00    -1.0     -1. -1.00 -1.00   0.00   0.00   0.00 0.00 0.00 0.00 -1.00  -1.0     -1. 12.77 395.0  40638.
295  0:46:35 0.88  76.26 307.82 -3.49 1714  -1.00    -1.0     -1. -1.00 -1.00   0.00   0.00   0.00 0.00 0.00 0.00 -1.00  -1.0     -1. 12.85 397.6  40586.
295  0:47:56 0.88  76.26 307.80 -3.49 1714  -1.00    -1.0     -1. -1.00 -1.00   0.00   0.00   0.00 0.00 0.00 0.00 -1.00  -1.0     -1. 12.89 395.2  44689.
295  0:49:17 0.88  76.26 307.79 -3.49 1714  -1.00    -1.0     -1. -1.00 -1.00   0.00   0.00   0.00 0.00 0.00 0.00 -1.00  -1.0     -1. 13.23 397.7  44871.
295  0:50:38 0.88  76.26 307.78 -3.49 1714  -1.00    -1.0     -1. -1.00 -1.00   0.00   0.00   0.00 0.00 0.00 0.00 -1.00  -1.0     -1. 12.02 392.6  41834.
295  0:51:59 0.88  76.26 307.76 -3.49 1714  -1.00    -1.0     -1. -1.00 -1.00   0.00   0.00   0.00 0.00 0.00 0.00 -1.00  -1.0     -1. 11.45 394.3  29090.
295  0:53:20 0.88  76.26 307.75 -3.49 1714  -1.00    -1.0     -1. -1.00 -1.00   0.00   0.00   0.00 0.00 0.00 0.00 -1.00  -1.0     -1. 11.27 395.1  34106.
295  0:54:41 0.88  76.26 307.74 -3.49 1714  -1.00    -1.0     -1. -1.00 -1.00   0.00   0.00   0.00 0.00 0.00 0.00 -1.00  -1.0     -1. 11.38 393.6  29996.
295  0:56:02 0.88  76.26 307.73 -3.49 1714  -1.00    -1.0     -1. -1.00 -1.00   0.00   0.00   0.00 0.00 0.00 0.00 -1.00  -1.0     -1. 11.17 397.6  30435.
295  0:57:23 0.88  76.26 307.72 -3.49 1714  -1.00    -1.0     -1. -1.00 -1.00   0.00   0.00   0.00 0.00 0.00 0.00 -1.00  -1.0     -1. 11.89 394.4  30617.
295  0:58:44 0.88  76.26 307.71 -3.49 1714  -1.00    -1.0     -1. -1.00 -1.00   0.00   0.00   0.00 0.00 0.00 0.00 -1.00  -1.0     -1. 12.53 397.4  38104.
295  1:00:05 0.88  76.26 307.69 -3.49 1714  -1.00    -1.0     -1. -1.00 -1.00   0.00   0.00   0.00 0.00 0.00 0.00 -1.00  -1.0     -1. 11.77 397.3  35418.
295  1:01:26 0.88  76.26 307.68 -3.49 1714  -1.00    -1.0     -1. -1.00 -1.00   0.00   0.00   0.00 0.00 0.00 0.00 -1.00  -1.0     -1. 11.89 399.6  26936.
295  1:02:47 0.88  76.26 307.67 -3.49 1714  -1.00    -1.0     -1. -1.00 -1.00   0.00   0.00   0.00 0.00 0.00 0.00 -1.00  -1.0     -1. 12.07 395.8  29899.
295  1:04:08 0.88  76.26 307.65 -3.49 1714  -1.00    -1.0     -1. -1.00 -1.00   0.00   0.00   0.00 0.00 0.00 0.00 -1.00  -1.0     -1. 11.25 396.9  37195.
295  1:05:29 0.88  76.26 307.64 -3.49 1714  -1.00    -1.0     -1. -1.00 -1.00   0.00   0.00   0.00 0.00 0.00 0.00 -1.00  -1.0     -1. 11.91 397.6  34746.
295  1:06:50 0.88  76.26 307.63 -3.49 1714  -1.00    -1.0     -1. -1.00 -1.00   0.00   0.00   0.00 0.00 0.00 0.00 -1.00  -1.0     -1. 11.13 398.5  30929.
295  1:08:11 0.88  76.26 307.61 -3.49 1714  -1.00    -1.0     -1. -1.00 -1.00   0.00   0.00   0.00 0.00 0.00 0.00 -1.00  -1.0     -1. 11.39 398.9  32634.
295  1:09:32 0.88  76.26 307.60 -3.49 1714  -1.00    -1.0     -1. -1.00 -1.00   0.00   0.00   0.00 0.00 0.00 0.00 -1.00  -1.0     -1. 11.93 399.0  30942.
295  1:10:53 0.88  76.26 307.59 -3.49 1714  -1.00    -1.0     -1. -1.00 -1.00   0.00   0.00   0.00 0.00 0.00 0.00 -1.00  -1.0     -1. 12.90 397.5  34973.
295  1:12:14 0.88  76.26 307.58 -3.49 1714  -1.00    -1.0     -1. -1.00 -1.00   0.00   0.00   0.00 0.00 0.00 0.00 -1.00  -1.0     -1. 12.13 393.3  40534.
295  1:13:35 0.88  76.26 307.57 -3.49 1714  -1.00    -1.0     -1. -1.00 -1.00   0.00   0.00   0.00 0.00 0.00 0.00 -1.00  -1.0     -1. 12.16 400.5  44608.
295  1:14:56 0.88  76.26 307.56 -3.49 1714  -1.00    -1.0     -1. -1.00 -1.00   0.00   0.00   0.00 0.00 0.00 0.00 -1.00  -1.0     -1. 11.05 398.2  32959.
295  1:16:17 0.88  76.26 307.54 -3.49 1714  -1.00    -1.0     -1. -1.00 -1.00   0.00   0.00   0.00 0.00 0.00 0.00 -1.00  -1.0     -1. 12.31 396.1  42016.
295  1:17:38 0.88  76.26 307.53 -3.49 1714  -1.00    -1.0     -1. -1.00 -1.00   0.00   0.00   0.00 0.00 0.00 0.00 -1.00  -1.0     -1. 11.70 395.8  38754.
295  1:18:59 0.88  76.26 307.52 -3.49 1714  -1.00    -1.0     -1. -1.00 -1.00   0.00   0.00   0.00 0.00 0.00 0.00 -1.00  -1.0     -1. 11.62 394.2  30753.
295  1:20:20 0.88  76.26 307.50 -3.49 1714  -1.00    -1.0     -1. -1.00 -1.00   0.00   0.00   0.00 0.00 0.00 0.00 -1.00  -1.0     -1. 11.97 396.1  39492.
295  1:21:39 0.88  76.26 307.49 -3.49 1714  -1.00    -1.0     -1. -1.00 -1.00   0.00   0.00   0.00 0.00 0.00 0.00 -1.00  -1.0     -1. 11.57 396.4  46213.
295  1:23:00 0.88  76.26 307.48 -3.49 1714  -1.00    -1.0     -1. -1.00 -1.00   0.00   0.00   0.00 0.00 0.00 0.00 -1.00  -1.0     -1. 11.78 395.1  49383.
295  1:40:24 0.88  76.26 307.32 -3.49 1714  -1.00    -1.0     -1. -1.00 -1.00   0.00   0.00   0.00 0.00 0.00 0.00 -1.00  -1.0     -1. 11.52 394.5  45693.
295  1:41:45 0.88  76.26 307.31 -3.49 1714  -1.00    -1.0     -1. -1.00 -1.00   0.00   0.00   0.00 0.00 0.00 0.00 -1.00  -1.0     -1. 11.04 391.8  32991.
295  1:43:15 0.88  76.26 307.29 -3.49 1714  -1.00    -1.0     -1. -1.00 -1.00   0.00   0.00   0.00 0.00 0.00 0.00 -1.00  -1.0     -1. 11.60 392.5  30711.
295  1:44:36 0.88  76.26 307.28 -3.49 1714  -1.00    -1.0     -1. -1.00 -1.00   0.00   0.00   0.00 0.00 0.00 0.00 -1.00  -1.0     -1. 11.09 393.3  37874.
295  1:45:57 0.88  76.26 307.27 -3.49 1714  -1.00    -1.0     -1. -1.00 -1.00   0.00   0.00   0.00 0.00 0.00 0.00 -1.00  -1.0     -1. 11.05 393.5  31588.
295  1:47:18 0.88  76.26 307.26 -3.49 1714  -1.00    -1.0     -1. -1.00 -1.00   0.00   0.00   0.00 0.00 0.00 0.00 -1.00  -1.0     -1. 10.93 392.2  46791.
295  1:48:41 0.88  76.26 307.24 -3.49 1714  -1.00    -1.0     -1. -1.00 -1.00   0.00   0.00   0.00 0.00 0.00 0.00 -1.00  -1.0     -1.  9.50 394.3  30542.
295  1:50:02 0.88  76.26 307.23 -3.49 1714  -1.00    -1.0     -1. -1.00 -1.00   0.00   0.00   0.00 0.00 0.00 0.00 -1.00  -1.0     -1.  9.68 405.3  32088.
295  1:51:23 0.88  76.26 307.22 -3.49 1714  -1.00    -1.0     -1. -1.00 -1.00   0.00   0.00   0.00 0.00 0.00 0.00 -1.00  -1.0     -1. 11.59 407.1  44514.
295  1:52:44 0.88  76.26 307.20 -3.49 1714  -1.00    -1.0     -1. -1.00 -1.00   0.00   0.00   0.00 0.00 0.00 0.00 -1.00  -1.0     -1.  9.77 402.6  36490.
295  1:56:27 0.88  76.26 307.17 -3.49 1714  -1.00    -1.0     -1. -1.00 -1.00   0.00   0.00   0.00 0.00 0.00 0.00 -1.00  -1.0     -1.  9.10 403.9  36461.
295  1:57:48 0.88  76.26 307.16 -3.49 1714  -1.00    -1.0     -1. -1.00 -1.00   0.00   0.00   0.00 0.00 0.00 0.00 -1.00  -1.0     -1.  9.46 402.4  40300.
295  1:59:09 0.88  76.26 307.15 -3.49 1714  -1.00    -1.0     -1. -1.00 -1.00   0.00   0.00   0.00 0.00 0.00 0.00 -1.00  -1.0     -1.  9.85 407.7  31007.
295  1:59:29 0.88  76.26 307.14 -3.49 1714  -1.00    -1.0     -1. -1.00 -1.00   0.00   0.00   0.00 0.00 0.00 0.00 -1.00  -1.0     -1. 10.06 410.4  34648.
295  2:00:50 0.88  76.25 307.13 -3.49 1714  -1.00    -1.0     -1. -1.00 -1.00   0.00   0.00   0.00 0.00 0.00 0.00 -1.00  -1.0     -1.  9.89 430.8  36077.
295  2:02:11 0.88  76.25 307.12 -3.49 1714  -1.00    -1.0     -1. -1.00 -1.00   0.00   0.00   0.00 0.00 0.00 0.00 -1.00  -1.0     -1. 11.71 421.0  36662.
295  2:03:32 0.88  76.25 307.11 -3.49 1714  -1.00    -1.0     -1. -1.00 -1.00   0.00   0.00   0.00 0.00 0.00 0.00 -1.00  -1.0     -1. 11.65 423.0  35873.
295  2:04:53 0.88  76.25 307.09 -3.49 1714  -1.00    -1.0     -1. -1.00 -1.00   0.00   0.00   0.00 0.00 0.00 0.00 -1.00  -1.0     -1. 11.45 422.1  33466.
295  2:06:14 0.88  76.25 307.08 -3.49 1714  -1.00    -1.0     -1. -1.00 -1.00   0.00   0.00   0.00 0.00 0.00 0.00 -1.00  -1.0     -1. 11.24 416.9  39508.
295  2:07:35 0.88  76.25 307.07 -3.49 1714  -1.00    -1.0     -1. -1.00 -1.00   0.00   0.00   0.00 0.00 0.00 0.00 -1.00  -1.0     -1. 10.95 401.4  42899.
295  2:08:56 0.88  76.25 307.06 -3.49 1714  -1.00    -1.0     -1. -1.00 -1.00   0.00   0.00   0.00 0.00 0.00 0.00 -1.00  -1.0     -1. 10.40 407.4  31643.
295  2:10:15 0.88  76.25 307.04 -3.49 1714  -1.00    -1.0     -1. -1.00 -1.00   0.00   0.00   0.00 0.00 0.00 0.00 -1.00  -1.0     -1. 11.16 411.1  36328.
295  2:12:57 0.88  76.25 307.02 -3.49 1714  -1.00    -1.0     -1. -1.00 -1.00   0.00   0.00   0.00 0.00 0.00 0.00 -1.00  -1.0     -1. 10.63 405.2  43971.
295  2:14:18 0.88  76.25 307.00 -3.49 1714  -1.00    -1.0     -1. -1.00 -1.00   0.00   0.00   0.00 0.00 0.00 0.00 -1.00  -1.0     -1.  9.04 405.2  32936.
295  2:15:41 0.88  76.25 306.99 -3.49 1714  -1.00    -1.0     -1. -1.00 -1.00   0.00   0.00   0.00 0.00 0.00 0.00 -1.00  -1.0     -1. 11.45 402.4  43562.
295  2:17:02 0.88  76.25 306.98 -3.49 1714  -1.00    -1.0     -1. -1.00 -1.00   0.00   0.00   0.00 0.00 0.00 0.00 -1.00  -1.0     -1. 10.84 404.5  35116.
295  2:18:23 0.88  76.25 306.97 -3.49 1714  -1.00    -1.0     -1. -1.00 -1.00   0.00   0.00   0.00 0.00 0.00 0.00 -1.00  -1.0     -1. 10.56 401.8  43867.
295  2:19:44 0.88  76.25 306.96 -3.49 1714  -1.00    -1.0     -1. -1.00 -1.00   0.00   0.00   0.00 0.00 0.00 0.00 -1.00  -1.0     -1.  9.81 404.0  33622.
295  2:21:05 0.88  76.25 306.94 -3.49 1714  -1.00    -1.0     -1. -1.00 -1.00   0.00   0.00   0.00 0.00 0.00 0.00 -1.00  -1.0     -1. 11.30 406.0  46310.
295  2:22:26 0.88  76.25 306.93 -3.49 1714  -1.00    -1.0     -1. -1.00 -1.00   0.00   0.00   0.00 0.00 0.00 0.00 -1.00  -1.0     -1. 10.25 402.8  36825.
295  2:23:47 0.88  76.25 306.92 -3.49 1714  -1.00    -1.0     -1. -1.00 -1.00   0.00   0.00   0.00 0.00 0.00 0.00 -1.00  -1.0     -1. 10.14 400.7  38783.
295  2:25:08 0.88  76.25 306.91 -3.49 1714  -1.00    -1.0     -1. -1.00 -1.00   0.00   0.00   0.00 0.00 0.00 0.00 -1.00  -1.0     -1.  9.86 396.6  39820.
295  2:26:29 0.88  76.25 306.89 -3.49 1714  -1.00    -1.0     -1. -1.00 -1.00   0.00   0.00   0.00 0.00 0.00 0.00 -1.00  -1.0     -1. 10.21 394.5  31377.
295  2:27:50 0.88  76.25 306.88 -3.49 1714  -1.00    -1.0     -1. -1.00 -1.00   0.00   0.00   0.00 0.00 0.00 0.00 -1.00  -1.0     -1. 10.21 398.2  35100.
295  2:29:11 0.88  76.25 306.87 -3.49 1714  -1.00    -1.0     -1. -1.00 -1.00   0.00   0.00   0.00 0.00 0.00 0.00 -1.00  -1.0     -1. 10.55 395.4  29834.
295  2:30:32 0.88  76.25 306.85 -3.49 1714  -1.00    -1.0     -1. -1.00 -1.00   0.00   0.00   0.00 0.00 0.00 0.00 -1.00  -1.0     -1.  8.66 395.0  42581.
295  2:31:53 0.88  76.25 306.84 -3.49 1714  -1.00    -1.0     -1. -1.00 -1.00   0.00   0.00   0.00 0.00 0.00 0.00 -1.00  -1.0     -1. 10.38 393.7  32390.
295  2:33:14 0.88  76.25 306.83 -3.49 1714  -1.00    -1.0     -1. -1.00 -1.00   0.00   0.00   0.00 0.00 0.00 0.00 -1.00  -1.0     -1. 10.21 398.6  34645.
295  2:34:35 0.88  76.25 306.82 -3.49 1714  -1.00    -1.0     -1. -1.00 -1.00   0.00   0.00   0.00 0.00 0.00 0.00 -1.00  -1.0     -1. 11.27 398.6  40148.
295  2:35:56 0.88  76.25 306.81 -3.49 1714  -1.00    -1.0     -1. -1.00 -1.00   0.00   0.00   0.00 0.00 0.00 0.00 -1.00  -1.0     -1. 10.05 398.7  34810.
295  2:37:17 0.88  76.25 306.79 -3.49 1714  -1.00    -1.0     -1. -1.00 -1.00   0.00   0.00   0.00 0.00 0.00 0.00 -1.00  -1.0     -1. 10.48 394.8  31114.
295  2:38:38 0.88  76.25 306.78 -3.49 1714  -1.00    -1.0     -1. -1.00 -1.00   0.00   0.00   0.00 0.00 0.00 0.00 -1.00  -1.0     -1. 10.62 397.0  35048.
295  2:39:59 0.88  76.25 306.77 -3.49 1714  -1.00    -1.0     -1. -1.00 -1.00   0.00   0.00   0.00 0.00 0.00 0.00 -1.00  -1.0     -1. 10.49 401.7  36396.
295  2:41:20 0.88  76.25 306.76 -3.49 1714  -1.00    -1.0     -1. -1.00 -1.00   0.00   0.00   0.00 0.00 0.00 0.00 -1.00  -1.0     -1.  9.93 397.3  35584.
295  2:42:41 0.88  76.25 306.74 -3.49 1714  -1.00    -1.0     -1. -1.00 -1.00   0.00   0.00   0.00 0.00 0.00 0.00 -1.00  -1.0     -1.  9.33 394.7  27407.
295  2:44:02 0.88  76.25 306.73 -3.49 1714  -1.00    -1.0     -1. -1.00 -1.00   0.00   0.00   0.00 0.00 0.00 0.00 -1.00  -1.0     -1.  9.07 395.1  33053.
295  2:45:23 0.88  76.25 306.72 -3.49 1714  -1.00    -1.0     -1. -1.00 -1.00   0.00   0.00   0.00 0.00 0.00 0.00 -1.00  -1.0     -1.  9.75 392.6  30029.
295  2:46:44 0.88  76.25 306.70 -3.49 1714  -1.00    -1.0     -1. -1.00 -1.00   0.00   0.00   0.00 0.00 0.00 0.00 -1.00  -1.0     -1. 10.30 393.0  39482.
295  2:48:05 0.88  76.25 306.69 -3.49 1714  -1.00    -1.0     -1. -1.00 -1.00   0.00   0.00   0.00 0.00 0.00 0.00 -1.00  -1.0     -1. 10.22 398.3  43955.
295  2:49:26 0.88  76.25 306.68 -3.49 1714  -1.00    -1.0     -1. -1.00 -1.00   0.00   0.00   0.00 0.00 0.00 0.00 -1.00  -1.0     -1.  9.19 395.3  32475.
295  2:50:47 0.88  76.25 306.67 -3.49 1714  -1.00    -1.0     -1. -1.00 -1.00   0.00   0.00   0.00 0.00 0.00 0.00 -1.00  -1.0     -1.  9.88 392.4  30734.
295  2:52:08 0.88  76.25 306.66 -3.49 1714  -1.00    -1.0     -1. -1.00 -1.00   0.00   0.00   0.00 0.00 0.00 0.00 -1.00  -1.0     -1. 10.74 386.1  44361.
295  2:53:29 0.88  76.25 306.64 -3.49 1714  -1.00    -1.0     -1. -1.00 -1.00   0.00   0.00   0.00 0.00 0.00 0.00 -1.00  -1.0     -1. 10.11 389.2  36019.
295  2:54:50 0.88  76.25 306.63 -3.49 1714  -1.00    -1.0     -1. -1.00 -1.00   0.00   0.00   0.00 0.00 0.00 0.00 -1.00  -1.0     -1.  9.99 390.2  38848.
295  2:56:11 0.88  76.25 306.62 -3.49 1714  -1.00    -1.0     -1. -1.00 -1.00   0.00   0.00   0.00 0.00 0.00 0.00 -1.00  -1.0     -1.  9.97 390.2  33144.
295  2:57:32 0.88  76.25 306.61 -3.49 1714  -1.00    -1.0     -1. -1.00 -1.00   0.00   0.00   0.00 0.00 0.00 0.00 -1.00  -1.0     -1. 10.37 388.4  42902.
295  2:58:53 0.88  76.25 306.59 -3.49 1714  -1.00    -1.0     -1. -1.00 -1.00   0.00   0.00   0.00 0.00 0.00 0.00 -1.00  -1.0     -1. 10.02 386.0  34499.
295  3:00:14 0.88  76.25 306.58 -3.49 1714  -1.00    -1.0     -1. -1.00 -1.00   0.00   0.00   0.00 0.00 0.00 0.00 -1.00  -1.0     -1.  9.99 384.4  34726.
295  3:01:35 0.88  76.25 306.57 -3.49 1714  -1.00    -1.0     -1. -1.00 -1.00   0.00   0.00   0.00 0.00 0.00 0.00 -1.00  -1.0     -1.  9.97 386.2  33040.
295  3:02:56 0.88  76.25 306.55 -3.49 1714  -1.00    -1.0     -1. -1.00 -1.00   0.00   0.00   0.00 0.00 0.00 0.00 -1.00  -1.0     -1. 10.17 384.8  40255.
295  3:04:17 0.88  76.25 306.54 -3.49 1714  -1.00    -1.0     -1. -1.00 -1.00   0.00   0.00   0.00 0.00 0.00 0.00 -1.00  -1.0     -1.  9.15 388.8  35938.
295  3:05:38 0.88  76.25 306.53 -3.49 1714  -1.00    -1.0     -1. -1.00 -1.00   0.00   0.00   0.00 0.00 0.00 0.00 -1.00  -1.0     -1.  8.78 389.8  39092.
295  3:06:59 0.88  76.25 306.52 -3.49 1714  -1.00    -1.0     -1. -1.00 -1.00   0.00   0.00   0.00 0.00 0.00 0.00 -1.00  -1.0     -1.  7.74 392.9  31234.
295  3:08:20 0.88  76.25 306.51 -3.49 1714  -1.00    -1.0     -1. -1.00 -1.00   0.00   0.00   0.00 0.00 0.00 0.00 -1.00  -1.0     -1.  7.69 397.4  37101.
295  3:09:41 0.88  76.25 306.50 -3.49 1714  -1.00    -1.0     -1. -1.00 -1.00   0.00   0.00   0.00 0.00 0.00 0.00 -1.00  -1.0     -1.  6.89 395.4  32040.
295  3:11:02 0.88  76.25 306.48 -3.49 1714  -1.00    -1.0     -1. -1.00 -1.00   0.00   0.00   0.00 0.00 0.00 0.00 -1.00  -1.0     -1.  6.48 394.6  45264.
295  3:12:23 0.88  76.25 306.47 -3.49 1714  -1.00    -1.0     -1. -1.00 -1.00   0.00   0.00   0.00 0.00 0.00 0.00 -1.00  -1.0     -1.  6.92 403.0  39245.
295  3:13:44 0.88  76.25 306.46 -3.49 1714  -1.00    -1.0     -1. -1.00 -1.00   0.00   0.00   0.00 0.00 0.00 0.00 -1.00  -1.0     -1.  7.74 395.0  51621.
295  3:15:05 0.88  76.25 306.44 -3.49 1714  -1.00    -1.0     -1. -1.00 -1.00   0.00   0.00   0.00 0.00 0.00 0.00 -1.00  -1.0     -1.  8.03 394.5  32387.
295  3:16:26 0.88  76.25 306.43 -3.50 1714  -1.00    -1.0     -1. -1.00 -1.00   0.00   0.00   0.00 0.00 0.00 0.00 -1.00  -1.0     -1.  7.14 393.1  43903.
295  3:17:47 0.88  76.25 306.42 -3.50 1714  -1.00    -1.0     -1. -1.00 -1.00   0.00   0.00   0.00 0.00 0.00 0.00 -1.00  -1.0     -1.  7.32 388.4  35061.
295  3:19:08 0.88  76.25 306.40 -3.50 1714  -1.00    -1.0     -1. -1.00 -1.00   0.00   0.00   0.00 0.00 0.00 0.00 -1.00  -1.0     -1.  7.20 390.2  44962.
295  3:46:33 0.88  76.25 306.15 -3.50 1714  -1.00    -1.0     -1. -1.00 -1.00   0.00   0.00   0.00 0.00 0.00 0.00 -1.00  -1.0     -1.  7.40 385.9  42016.
295  3:47:54 0.88  76.25 306.14 -3.50 1714  -1.00    -1.0     -1. -1.00 -1.00   0.00   0.00   0.00 0.00 0.00 0.00 -1.00  -1.0     -1.  6.96 382.4  53999.
295  3:49:15 0.88  76.25 306.13 -3.50 1714  -1.00    -1.0     -1. -1.00 -1.00   0.00   0.00   0.00 0.00 0.00 0.00 -1.00  -1.0     -1.  8.49 383.9  47038.
295  3:50:36 0.88  76.25 306.12 -3.50 1714  -1.00    -1.0     -1. -1.00 -1.00   0.00   0.00   0.00 0.00 0.00 0.00 -1.00  -1.0     -1.  7.36 389.2  36253.
295  3:51:57 0.88  76.25 306.10 -3.50 1714  -1.00    -1.0     -1. -1.00 -1.00   0.00   0.00   0.00 0.00 0.00 0.00 -1.00  -1.0     -1.  7.53 385.3  49013.
295  3:53:18 0.88  76.25 306.09 -3.50 1714  -1.00    -1.0     -1. -1.00 -1.00   0.00   0.00   0.00 0.00 0.00 0.00 -1.00  -1.0     -1.  7.37 388.9  59707.
295  3:57:21 0.88  76.24 306.05 -3.50 1714  -1.00    -1.0     -1. -1.00 -1.00   0.00   0.00   0.00 0.00 0.00 0.00 -1.00  -1.0     -1.  7.83 385.6  51693.
295  3:58:42 0.88  76.24 306.04 -3.50 1714  -1.00    -1.0     -1. -1.00 -1.00   0.00   0.00   0.00 0.00 0.00 0.00 -1.00  -1.0     -1.  7.86 382.9  46099.
295  3:58:44 0.88  76.24 306.04 -3.50 1714  -1.00    -1.0     -1. -1.00 -1.00   0.00   0.00   0.00 0.00 0.00 0.00 -1.00  -1.0     -1.  7.77 384.3  44686.
295  4:00:05 0.88  76.24 306.03 -3.50 1714  -1.00    -1.0     -1. -1.00 -1.00   0.00   0.00   0.00 0.00 0.00 0.00 -1.00  -1.0     -1.  7.39 384.1  49809.
295  4:01:26 0.88  76.24 306.01 -3.50 1714  -1.00    -1.0     -1. -1.00 -1.00   0.00   0.00   0.00 0.00 0.00 0.00 -1.00  -1.0     -1.  7.74 381.5  47148.
295  4:02:47 0.88  76.24 306.00 -3.50 1714  -1.00    -1.0     -1. -1.00 -1.00   0.00   0.00   0.00 0.00 0.00 0.00 -1.00  -1.0     -1.  7.10 380.9  26118.
295  4:04:08 0.88  76.24 305.99 -3.50 1714  -1.00    -1.0     -1. -1.00 -1.00   0.00   0.00   0.00 0.00 0.00 0.00 -1.00  -1.0     -1.  8.17 382.1  44637.
295  4:05:29 0.88  76.24 305.98 -3.50 1714  -1.00    -1.0     -1. -1.00 -1.00   0.00   0.00   0.00 0.00 0.00 0.00 -1.00  -1.0     -1.  7.50 382.2  46537.
295  4:06:50 0.88  76.24 305.97 -3.50 1714  -1.00    -1.0     -1. -1.00 -1.00   0.00   0.00   0.00 0.00 0.00 0.00 -1.00  -1.0     -1.  6.61 381.8  43516.
295  4:08:11 0.88  76.24 305.95 -3.50 1714  -1.00    -1.0     -1. -1.00 -1.00   0.00   0.00   0.00 0.00 0.00 0.00 -1.00  -1.0     -1.  7.21 381.0  47648.
295  4:09:32 0.88  76.24 305.94 -3.50 1714  -1.00    -1.0     -1. -1.00 -1.00   0.00   0.00   0.00 0.00 0.00 0.00 -1.00  -1.0     -1.  6.68 380.7  46801.
295  4:10:53 0.88  76.24 305.93 -3.50 1714  -1.00    -1.0     -1. -1.00 -1.00   0.00   0.00   0.00 0.00 0.00 0.00 -1.00  -1.0     -1.  6.39 379.6  29412.
295  4:12:14 0.88  76.24 305.92 -3.50 1714  -1.00    -1.0     -1. -1.00 -1.00   0.00   0.00   0.00 0.00 0.00 0.00 -1.00  -1.0     -1.  6.59 384.2  36730.
295  4:13:35 0.88  76.24 305.90 -3.50 1714  -1.00    -1.0     -1. -1.00 -1.00   0.00   0.00   0.00 0.00 0.00 0.00 -1.00  -1.0     -1.  7.02 388.4  47317.
295  4:14:56 0.88  76.24 305.89 -3.50 1714  -1.00    -1.0     -1. -1.00 -1.00   0.00   0.00   0.00 0.00 0.00 0.00 -1.00  -1.0     -1.  6.44 381.7  50306.
295  4:16:17 0.88  76.24 305.88 -3.50 1714  -1.00    -1.0     -1. -1.00 -1.00   0.00   0.00   0.00 0.00 0.00 0.00 -1.00  -1.0     -1.  6.69 383.5  53609.
295  4:17:38 0.88  76.24 305.86 -3.50 1714  -1.00    -1.0     -1. -1.00 -1.00   0.00   0.00   0.00 0.00 0.00 0.00 -1.00  -1.0     -1.  7.08 384.9  48123.
295  4:18:59 0.88  76.24 305.85 -3.50 1714  -1.00    -1.0     -1. -1.00 -1.00   0.00   0.00   0.00 0.00 0.00 0.00 -1.00  -1.0     -1.  7.00 388.1  50985.
295  4:20:20 0.88  76.24 305.84 -3.50 1714  -1.00    -1.0     -1. -1.00 -1.00   0.00   0.00   0.00 0.00 0.00 0.00 -1.00  -1.0     -1.  7.05 387.2  46674.
295  4:21:41 0.88  76.24 305.83 -3.50 1714  -1.00    -1.0     -1. -1.00 -1.00   0.00   0.00   0.00 0.00 0.00 0.00 -1.00  -1.0     -1.  7.62 386.1  53561.
295  4:23:02 0.88  76.24 305.82 -3.50 1714  -1.00    -1.0     -1. -1.00 -1.00   0.00   0.00   0.00 0.00 0.00 0.00 -1.00  -1.0     -1.  7.15 385.9  50471.
295  4:24:23 0.88  76.24 305.81 -3.50 1714  -1.00    -1.0     -1. -1.00 -1.00   0.00   0.00   0.00 0.00 0.00 0.00 -1.00  -1.0     -1.  7.99 385.9  45462.
295  4:25:44 0.88  76.24 305.79 -3.50 1714  -1.00    -1.0     -1. -1.00 -1.00   0.00   0.00   0.00 0.00 0.00 0.00 -1.00  -1.0     -1.  7.97 388.8  35061.
295  4:27:05 0.88  76.24 305.78 -3.50 1714  -1.00    -1.0     -1. -1.00 -1.00   0.00   0.00   0.00 0.00 0.00 0.00 -1.00  -1.0     -1.  8.55 384.3  36682.
295  4:28:26 0.88  76.24 305.77 -3.50 1714  -1.00    -1.0     -1. -1.00 -1.00   0.00   0.00   0.00 0.00 0.00 0.00 -1.00  -1.0     -1.  8.46 385.1  35184.
295  4:29:47 0.88  76.24 305.75 -3.50 1714  -1.00    -1.0     -1. -1.00 -1.00   0.00   0.00   0.00 0.00 0.00 0.00 -1.00  -1.0     -1.  8.54 385.1  40255.
295  4:31:08 0.88  76.24 305.74 -3.50 1714  -1.00    -1.0     -1. -1.00 -1.00   0.00   0.00   0.00 0.00 0.00 0.00 -1.00  -1.0     -1.  8.51 385.9  26576.
295  4:32:29 0.88  76.24 305.73 -3.50 1714  -1.00    -1.0     -1. -1.00 -1.00   0.00   0.00   0.00 0.00 0.00 0.00 -1.00  -1.0     -1.  7.93 381.0  27680.
295  4:33:50 0.88  76.24 305.71 -3.50 1714  -1.00    -1.0     -1. -1.00 -1.00   0.00   0.00   0.00 0.00 0.00 0.00 -1.00  -1.0     -1.  8.29 386.4  29990.
295  4:35:11 0.88  76.24 305.70 -3.50 1714  -1.00    -1.0     -1. -1.00 -1.00   0.00   0.00   0.00 0.00 0.00 0.00 -1.00  -1.0     -1.  8.32 382.8  33693.
295  4:36:32 0.88  76.24 305.69 -3.50 1714  -1.00    -1.0     -1. -1.00 -1.00   0.00   0.00   0.00 0.00 0.00 0.00 -1.00  -1.0     -1.  7.47 386.9  32809.
295  4:37:53 0.88  76.24 305.68 -3.50 1714  -1.00    -1.0     -1. -1.00 -1.00   0.00   0.00   0.00 0.00 0.00 0.00 -1.00  -1.0     -1.  7.81 382.0  27485.
295  4:39:14 0.88  76.24 305.67 -3.50 1714  -1.00    -1.0     -1. -1.00 -1.00   0.00   0.00   0.00 0.00 0.00 0.00 -1.00  -1.0     -1.  7.72 383.2  50595.
295  4:40:35 0.88  76.24 305.66 -3.50 1714  -1.00    -1.0     -1. -1.00 -1.00   0.00   0.00   0.00 0.00 0.00 0.00 -1.00  -1.0     -1.  8.42 386.9  43760.
295  4:41:56 0.88  76.24 305.64 -3.50 1714  -1.00    -1.0     -1. -1.00 -1.00   0.00   0.00   0.00 0.00 0.00 0.00 -1.00  -1.0     -1.  7.65 384.8  49978.
295  4:43:17 0.88  76.24 305.63 -3.50 1714  -1.00    -1.0     -1. -1.00 -1.00   0.00   0.00   0.00 0.00 0.00 0.00 -1.00  -1.0     -1.  8.53 388.2  44111.
295  4:44:38 0.88  76.24 305.62 -3.50 1714  -1.00    -1.0     -1. -1.00 -1.00   0.00   0.00   0.00 0.00 0.00 0.00 -1.00  -1.0     -1.  7.21 380.3  38137.
295  4:45:59 0.88  76.24 305.60 -3.50 1714  -1.00    -1.0     -1. -1.00 -1.00   0.00   0.00   0.00 0.00 0.00 0.00 -1.00  -1.0     -1.  7.85 379.2  26345.
295  4:47:20 0.88  76.24 305.59 -3.50 1714  -1.00    -1.0     -1. -1.00 -1.00   0.00   0.00   0.00 0.00 0.00 0.00 -1.00  -1.0     -1.  6.96 380.3  27404.
295  4:48:41 0.88  76.24 305.58 -3.50 1714  -1.00    -1.0     -1. -1.00 -1.00   0.00   0.00   0.00 0.00 0.00 0.00 -1.00  -1.0     -1.  7.83 378.1  25929.
295  4:50:02 0.88  76.24 305.56 -3.50 1714  -1.00    -1.0     -1. -1.00 -1.00   0.00   0.00   0.00 0.00 0.00 0.00 -1.00  -1.0     -1.  6.88 379.9  27521.
295  4:51:23 0.88  76.24 305.55 -3.50 1714  -1.00    -1.0     -1. -1.00 -1.00   0.00   0.00   0.00 0.00 0.00 0.00 -1.00  -1.0     -1.  7.59 380.0  23496.
295  4:52:44 0.88  76.24 305.54 -3.50 1714  -1.00    -1.0     -1. -1.00 -1.00   0.00   0.00   0.00 0.00 0.00 0.00 -1.00  -1.0     -1.  7.22 376.8  38809.
295  4:54:05 0.88  76.24 305.53 -3.50 1714  -1.00    -1.0     -1. -1.00 -1.00   0.00   0.00   0.00 0.00 0.00 0.00 -1.00  -1.0     -1.  7.99 377.8  26559.
295  4:55:26 0.88  76.24 305.52 -3.50 1714  -1.00    -1.0     -1. -1.00 -1.00   0.00   0.00   0.00 0.00 0.00 0.00 -1.00  -1.0     -1.  6.70 378.8  26361.
295  4:56:47 0.88  76.24 305.51 -3.50 1714  -1.00    -1.0     -1. -1.00 -1.00   0.00   0.00   0.00 0.00 0.00 0.00 -1.00  -1.0     -1.  7.18 377.7  24773.
295  4:58:08 0.88  76.24 305.49 -3.50 1714  -1.00    -1.0     -1. -1.00 -1.00   0.00   0.00   0.00 0.00 0.00 0.00 -1.00  -1.0     -1.  7.06 377.3  41694.
295  4:59:29 0.88  76.24 305.48 -3.50 1714  -1.00    -1.0     -1. -1.00 -1.00   0.00   0.00   0.00 0.00 0.00 0.00 -1.00  -1.0     -1.  7.51 377.7  23340.
295  5:00:50 0.88  76.24 305.47 -3.50 1714  -1.00    -1.0     -1. -1.00 -1.00   0.00   0.00   0.00 0.00 0.00 0.00 -1.00  -1.0     -1.  6.34 376.5  23993.
295  5:02:11 0.88  76.24 305.45 -3.50 1714  -1.00    -1.0     -1. -1.00 -1.00   0.00   0.00   0.00 0.00 0.00 0.00 -1.00  -1.0     -1.  7.35 378.5  20127.
295  5:03:32 0.88  76.24 305.44 -3.50 1714  -1.00    -1.0     -1. -1.00 -1.00   0.00   0.00   0.00 0.00 0.00 0.00 -1.00  -1.0     -1.  6.55 376.2  30896.
295  5:04:53 0.88  76.24 305.43 -3.50 1714  -1.00    -1.0     -1. -1.00 -1.00   0.00   0.00   0.00 0.00 0.00 0.00 -1.00  -1.0     -1.  7.22 378.2  26251.
295  5:06:14 0.88  76.24 305.41 -3.50 1714  -1.00    -1.0     -1. -1.00 -1.00   0.00   0.00   0.00 0.00 0.00 0.00 -1.00  -1.0     -1.  6.67 375.0  37221.
295  5:07:35 0.88  76.24 305.40 -3.50 1714  -1.00    -1.0     -1. -1.00 -1.00   0.00   0.00   0.00 0.00 0.00 0.00 -1.00  -1.0     -1.  7.66 378.3  27326.
295  5:08:56 0.88  76.24 305.39 -3.50 1714  -1.00    -1.0     -1. -1.00 -1.00   0.00   0.00   0.00 0.00 0.00 0.00 -1.00  -1.0     -1.  7.02 373.9  36967.
295  5:10:17 0.88  76.24 305.38 -3.50 1714  -1.00    -1.0     -1. -1.00 -1.00   0.00   0.00   0.00 0.00 0.00 0.00 -1.00  -1.0     -1.  7.47 377.8  25552.
295  5:11:38 0.88  76.24 305.37 -3.50 1714  -1.00    -1.0     -1. -1.00 -1.00   0.00   0.00   0.00 0.00 0.00 0.00 -1.00  -1.0     -1.  7.03 376.6  37877.
295  5:12:59 0.88  76.24 305.36 -3.50 1714  -1.00    -1.0     -1. -1.00 -1.00   0.00   0.00   0.00 0.00 0.00 0.00 -1.00  -1.0     -1.  7.89 377.1  27563.
295  5:14:20 0.88  76.24 305.34 -3.50 1714  -1.00    -1.0     -1. -1.00 -1.00   0.00   0.00   0.00 0.00 0.00 0.00 -1.00  -1.0     -1.  7.51 378.1  48724.
295  5:15:41 0.88  76.24 305.33 -3.50 1714  -1.00    -1.0     -1. -1.00 -1.00   0.00   0.00   0.00 0.00 0.00 0.00 -1.00  -1.0     -1.  8.32 380.0  27641.
295  5:17:02 0.88  76.24 305.32 -3.50 1714  -1.00    -1.0     -1. -1.00 -1.00   0.00   0.00   0.00 0.00 0.00 0.00 -1.00  -1.0     -1.  7.70 380.5  48136.
295  5:18:23 0.88  76.24 305.30 -3.50 1714  -1.00    -1.0     -1. -1.00 -1.00   0.00   0.00   0.00 0.00 0.00 0.00 -1.00  -1.0     -1.  8.51 378.1  25812.
295  5:19:44 0.88  76.24 305.29 -3.50 1714  -1.00    -1.0     -1. -1.00 -1.00   0.00   0.00   0.00 0.00 0.00 0.00 -1.00  -1.0     -1.  7.74 378.8  48766.
295  5:21:05 0.88  76.24 305.28 -3.50 1714  -1.00    -1.0     -1. -1.00 -1.00   0.00   0.00   0.00 0.00 0.00 0.00 -1.00  -1.0     -1.  8.33 377.3  29256.
295  5:22:26 0.88  76.24 305.27 -3.50 1714  -1.00    -1.0     -1. -1.00 -1.00   0.00   0.00   0.00 0.00 0.00 0.00 -1.00  -1.0     -1.  7.69 375.5  42867.
295  5:23:47 0.88  76.24 305.25 -3.50 1714  -1.00    -1.0     -1. -1.00 -1.00   0.00   0.00   0.00 0.00 0.00 0.00 -1.00  -1.0     -1.  8.60 375.0  21401.
295  5:25:08 0.88  76.24 305.24 -3.50 1714  -1.00    -1.0     -1. -1.00 -1.00   0.00   0.00   0.00 0.00 0.00 0.00 -1.00  -1.0     -1.  7.24 374.7  41574.
295  5:26:29 0.88  76.24 305.23 -3.50 1714  -1.00    -1.0     -1. -1.00 -1.00   0.00   0.00   0.00 0.00 0.00 0.00 -1.00  -1.0     -1.  8.27 376.9  27385.
295  5:27:50 0.88  76.24 305.22 -3.50 1714  -1.00    -1.0     -1. -1.00 -1.00   0.00   0.00   0.00 0.00 0.00 0.00 -1.00  -1.0     -1.  7.90 380.4  43016.
295  5:29:11 0.88  76.24 305.21 -3.50 1714  -1.00    -1.0     -1. -1.00 -1.00   0.00   0.00   0.00 0.00 0.00 0.00 -1.00  -1.0     -1.  8.68 379.4  28398.
295  5:30:32 0.88  76.24 305.19 -3.50 1714  -1.00    -1.0     -1. -1.00 -1.00   0.00   0.00   0.00 0.00 0.00 0.00 -1.00  -1.0     -1.  7.97 379.1  43572.
295  5:31:53 0.88  76.24 305.18 -3.50 1714  -1.00    -1.0     -1. -1.00 -1.00   0.00   0.00   0.00 0.00 0.00 0.00 -1.00  -1.0     -1.  8.65 376.4  30370.
295  5:33:14 0.88  76.24 305.17 -3.50 1714  -1.00    -1.0     -1. -1.00 -1.00   0.00   0.00   0.00 0.00 0.00 0.00 -1.00  -1.0     -1.  7.66 374.3  36295.
295  5:34:35 0.88  76.24 305.15 -3.50 1714  -1.00    -1.0     -1. -1.00 -1.00   0.00   0.00   0.00 0.00 0.00 0.00 -1.00  -1.0     -1.  7.92 378.2  26403.
295  5:35:56 0.88  76.24 305.14 -3.50 1714  -1.00    -1.0     -1. -1.00 -1.00   0.00   0.00   0.00 0.00 0.00 0.00 -1.00  -1.0     -1.  7.72 376.7  36604.
295  5:37:17 0.88  76.24 305.13 -3.50 1714  -1.00    -1.0     -1. -1.00 -1.00   0.00   0.00   0.00 0.00 0.00 0.00 -1.00  -1.0     -1.  8.60 376.1  27557.
295  5:38:38 0.88  76.24 305.12 -3.50 1714  -1.00    -1.0     -1. -1.00 -1.00   0.00   0.00   0.00 0.00 0.00 0.00 -1.00  -1.0     -1.  8.01 377.8  49562.
295  5:39:59 0.88  76.24 305.10 -3.50 1714  -1.00    -1.0     -1. -1.00 -1.00   0.00   0.00   0.00 0.00 0.00 0.00 -1.00  -1.0     -1.  8.32 380.1  24925.
295  5:41:20 0.88  76.24 305.09 -3.50 1714  -1.00    -1.0     -1. -1.00 -1.00   0.00   0.00   0.00 0.00 0.00 0.00 -1.00  -1.0     -1.  7.36 378.4  42984.
295  5:42:41 0.88  76.24 305.08 -3.50 1714  -1.00    -1.0     -1. -1.00 -1.00   0.00   0.00   0.00 0.00 0.00 0.00 -1.00  -1.0     -1.  9.09 380.8  29239.
295  5:44:02 0.88  76.24 305.07 -3.50 1714  -1.00    -1.0     -1. -1.00 -1.00   0.00   0.00   0.00 0.00 0.00 0.00 -1.00  -1.0     -1.  8.55 376.6  41681.
295  5:45:23 0.88  76.24 305.06 -3.50 1714  -1.00    -1.0     -1. -1.00 -1.00   0.00   0.00   0.00 0.00 0.00 0.00 -1.00  -1.0     -1.  8.94 379.2  30659.
295  5:46:44 0.88  76.24 305.04 -3.51 1714  -1.00    -1.0     -1. -1.00 -1.00   0.00   0.00   0.00 0.00 0.00 0.00 -1.00  -1.0     -1.  8.83 376.3  37205.
295  5:48:05 0.88  76.24 305.03 -3.51 1714  -1.00    -1.0     -1. -1.00 -1.00   0.00   0.00   0.00 0.00 0.00 0.00 -1.00  -1.0     -1.  9.53 378.2  28265.
295  5:49:26 0.88  76.24 305.02 -3.51 1714  -1.00    -1.0     -1. -1.00 -1.00   0.00   0.00   0.00 0.00 0.00 0.00 -1.00  -1.0     -1.  8.24 378.6  45810.
295  5:50:47 0.88  76.24 305.00 -3.51 1714  -1.00    -1.0     -1. -1.00 -1.00   0.00   0.00   0.00 0.00 0.00 0.00 -1.00  -1.0     -1.  9.21 377.2  28648.
295  5:52:08 0.88  76.24 304.99 -3.51 1714  -1.00    -1.0     -1. -1.00 -1.00   0.00   0.00   0.00 0.00 0.00 0.00 -1.00  -1.0     -1.  8.95 377.6  45504.
295  5:53:29 0.88  76.24 304.98 -3.51 1714  -1.00    -1.0     -1. -1.00 -1.00   0.00   0.00   0.00 0.00 0.00 0.00 -1.00  -1.0     -1.  8.89 379.6  26777.
295  5:54:50 0.88  76.24 304.97 -3.51 1714  -1.00    -1.0     -1. -1.00 -1.00   0.00   0.00   0.00 0.00 0.00 0.00 -1.00  -1.0     -1.  8.15 375.9  38465.
295  5:56:11 0.88  76.23 304.95 -3.51 1714  -1.00    -1.0     -1. -1.00 -1.00   0.00   0.00   0.00 0.00 0.00 0.00 -1.00  -1.0     -1.  9.17 379.6  28645.
295  5:57:32 0.88  76.23 304.94 -3.51 1714  -1.00    -1.0     -1. -1.00 -1.00   0.00   0.00   0.00 0.00 0.00 0.00 -1.00  -1.0     -1.  7.94 380.3  30539.
295  5:58:53 0.88  76.23 304.93 -3.51 1714  -1.00    -1.0     -1. -1.00 -1.00   0.00   0.00   0.00 0.00 0.00 0.00 -1.00  -1.0     -1.  9.65 378.9  27060.
295  6:00:14 0.88  76.23 304.92 -3.51 1714  -1.00    -1.0     -1. -1.00 -1.00   0.00   0.00   0.00 0.00 0.00 0.00 -1.00  -1.0     -1.  8.78 375.2  34008.
295  6:01:35 0.88  76.23 304.91 -3.51 1714  -1.00    -1.0     -1. -1.00 -1.00   0.00   0.00   0.00 0.00 0.00 0.00 -1.00  -1.0     -1.  8.76 377.0  26842.
295  6:02:56 0.88  76.23 304.89 -3.51 1714  -1.00    -1.0     -1. -1.00 -1.00   0.00   0.00   0.00 0.00 0.00 0.00 -1.00  -1.0     -1.  8.05 377.2  28596.
295  6:04:17 0.88  76.23 304.88 -3.51 1714  -1.00    -1.0     -1. -1.00 -1.00   0.00   0.00   0.00 0.00 0.00 0.00 -1.00  -1.0     -1.  8.53 376.3  22616.
295  6:05:38 0.88  76.23 304.87 -3.51 1714  -1.00    -1.0     -1. -1.00 -1.00   0.00   0.00   0.00 0.00 0.00 0.00 -1.00  -1.0     -1.  8.33 379.5  29671.
295  6:06:59 0.88  76.23 304.86 -3.51 1714  -1.00    -1.0     -1. -1.00 -1.00   0.00   0.00   0.00 0.00 0.00 0.00 -1.00  -1.0     -1.  8.94 380.3  24363.
295  6:08:20 0.88  76.23 304.84 -3.51 1714  -1.00    -1.0     -1. -1.00 -1.00   0.00   0.00   0.00 0.00 0.00 0.00 -1.00  -1.0     -1.  8.63 377.5  35317.
295  6:09:41 0.88  76.23 304.83 -3.51 1714  -1.00    -1.0     -1. -1.00 -1.00   0.00   0.00   0.00 0.00 0.00 0.00 -1.00  -1.0     -1.  9.50 381.4  27316.
295  6:11:02 0.88  76.23 304.82 -3.51 1714  -1.00    -1.0     -1. -1.00 -1.00   0.00   0.00   0.00 0.00 0.00 0.00 -1.00  -1.0     -1.  7.79 381.3  32358.
295  6:12:23 0.88  76.23 304.80 -3.51 1714  -1.00    -1.0     -1. -1.00 -1.00   0.00   0.00   0.00 0.00 0.00 0.00 -1.00  -1.0     -1.  8.86 380.5  27674.
295  6:13:44 0.88  76.23 304.79 -3.51 1714  -1.00    -1.0     -1. -1.00 -1.00   0.00   0.00   0.00 0.00 0.00 0.00 -1.00  -1.0     -1.  7.57 378.1  27852.
295  6:15:05 0.88  76.23 304.78 -3.51 1714  -1.00    -1.0     -1. -1.00 -1.00   0.00   0.00   0.00 0.00 0.00 0.00 -1.00  -1.0     -1.  9.00 378.3  23509.
295  6:16:26 0.88  76.23 304.77 -3.51 1714  -1.00    -1.0     -1. -1.00 -1.00   0.00   0.00   0.00 0.00 0.00 0.00 -1.00  -1.0     -1.  8.44 376.4  38114.
295  6:17:47 0.88  76.23 304.76 -3.51 1714  -1.00    -1.0     -1. -1.00 -1.00   0.00   0.00   0.00 0.00 0.00 0.00 -1.00  -1.0     -1.  8.59 379.8  26819.
295  6:19:08 0.88  76.23 304.74 -3.51 1714  -1.00    -1.0     -1. -1.00 -1.00   0.00   0.00   0.00 0.00 0.00 0.00 -1.00  -1.0     -1.  9.01 381.2  42103.
295  6:20:29 0.88  76.23 304.73 -3.51 1714  -1.00    -1.0     -1. -1.00 -1.00   0.00   0.00   0.00 0.00 0.00 0.00 -1.00  -1.0     -1.  8.96 381.1  28281.
295  6:21:50 0.88  76.23 304.72 -3.51 1714  -1.00    -1.0     -1. -1.00 -1.00   0.00   0.00   0.00 0.00 0.00 0.00 -1.00  -1.0     -1.  8.38 379.1  39638.
295  6:23:11 0.88  76.23 304.71 -3.51 1714  -1.00    -1.0     -1. -1.00 -1.00   0.00   0.00   0.00 0.00 0.00 0.00 -1.00  -1.0     -1.  8.91 380.0  31416.
295  6:24:32 0.88  76.23 304.69 -3.51 1714  -1.00    -1.0     -1. -1.00 -1.00   0.00   0.00   0.00 0.00 0.00 0.00 -1.00  -1.0     -1.  8.26 379.3  45982.
295  6:25:53 0.88  76.23 304.68 -3.51 1714  -1.00    -1.0     -1. -1.00 -1.00   0.00   0.00   0.00 0.00 0.00 0.00 -1.00  -1.0     -1.  8.74 381.3  28681.
295  6:27:14 0.88  76.23 304.67 -3.51 1714  -1.00    -1.0     -1. -1.00 -1.00   0.00   0.00   0.00 0.00 0.00 0.00 -1.00  -1.0     -1.  8.60 373.9  40453.
295  6:28:35 0.88  76.23 304.65 -3.51 1714  -1.00    -1.0     -1. -1.00 -1.00   0.00   0.00   0.00 0.00 0.00 0.00 -1.00  -1.0     -1.  8.06 378.8  30932.
295  6:29:56 0.88  76.23 304.64 -3.51 1714  -1.00    -1.0     -1. -1.00 -1.00   0.00   0.00   0.00 0.00 0.00 0.00 -1.00  -1.0     -1.  7.97 376.7  49617.
295  6:31:17 0.88  76.23 304.63 -3.51 1714  -1.00    -1.0     -1. -1.00 -1.00   0.00   0.00   0.00 0.00 0.00 0.00 -1.00  -1.0     -1.  8.55 379.4  32306.
295  6:33:57 0.88  76.23 304.61 -3.51 1714  -1.00    -1.0     -1. -1.00 -1.00   0.00   0.00   0.00 0.00 0.00 0.00 -1.00  -1.0     -1.  8.90 379.5  31400.
295  6:35:18 0.88  76.23 304.59 -3.51 1714  -1.00    -1.0     -1. -1.00 -1.00   0.00   0.00   0.00 0.00 0.00 0.00 -1.00  -1.0     -1.  8.89 376.1  40602.
295  6:36:39 0.88  76.23 304.58 -3.51 1714  -1.00    -1.0     -1. -1.00 -1.00   0.00   0.00   0.00 0.00 0.00 0.00 -1.00  -1.0     -1.  8.81 378.8  28931.
295  6:38:00 0.88  76.23 304.57 -3.51 1714  -1.00    -1.0     -1. -1.00 -1.00   0.00   0.00   0.00 0.00 0.00 0.00 -1.00  -1.0     -1.  9.00 379.4  47018.
295  6:39:23 0.88  76.23 304.56 -3.51 1714  -1.00    -1.0     -1. -1.00 -1.00   0.00   0.00   0.00 0.00 0.00 0.00 -1.00  -1.0     -1.  9.08 380.4  30201.
295  6:40:44 0.88  76.23 304.54 -3.51 1714  -1.00    -1.0     -1. -1.00 -1.00   0.00   0.00   0.00 0.00 0.00 0.00 -1.00  -1.0     -1.  8.74 378.7  44686.
295  6:42:05 0.88  76.23 304.53 -3.51 1714  -1.00    -1.0     -1. -1.00 -1.00   0.00   0.00   0.00 0.00 0.00 0.00 -1.00  -1.0     -1.  8.75 380.0  30152.
295  6:43:26 0.88  76.23 304.52 -3.51 1714  -1.00    -1.0     -1. -1.00 -1.00   0.00   0.00   0.00 0.00 0.00 0.00 -1.00  -1.0     -1.  8.18 378.9  30539.
295  6:44:47 0.88  76.23 304.50 -3.51 1714  -1.00    -1.0     -1. -1.00 -1.00   0.00   0.00   0.00 0.00 0.00 0.00 -1.00  -1.0     -1.  9.39 380.5  31595.
295  6:46:08 0.88  76.23 304.49 -3.51 1714  -1.00    -1.0     -1. -1.00 -1.00   0.00   0.00   0.00 0.00 0.00 0.00 -1.00  -1.0     -1.  8.36 379.1  45173.
295  6:47:29 0.88  76.23 304.48 -3.51 1714  -1.00    -1.0     -1. -1.00 -1.00   0.00   0.00   0.00 0.00 0.00 0.00 -1.00  -1.0     -1.  8.75 381.1  30750.
295  6:48:50 0.88  76.23 304.47 -3.51 1714  -1.00    -1.0     -1. -1.00 -1.00   0.00   0.00   0.00 0.00 0.00 0.00 -1.00  -1.0     -1.  8.63 380.8  47246.
295  6:50:11 0.88  76.23 304.46 -3.51 1714  -1.00    -1.0     -1. -1.00 -1.00   0.00   0.00   0.00 0.00 0.00 0.00 -1.00  -1.0     -1.  8.85 382.6  25955.
295  6:51:32 0.88  76.23 304.45 -3.51 1714  -1.00    -1.0     -1. -1.00 -1.00   0.00   0.00   0.00 0.00 0.00 0.00 -1.00  -1.0     -1.  8.39 381.2  41155.
295  6:52:53 0.88  76.23 304.43 -3.51 1714  -1.00    -1.0     -1. -1.00 -1.00   0.00   0.00   0.00 0.00 0.00 0.00 -1.00  -1.0     -1.  8.68 382.6  26702.
295  6:54:14 0.88  76.23 304.42 -3.51 1714  -1.00    -1.0     -1. -1.00 -1.00   0.00   0.00   0.00 0.00 0.00 0.00 -1.00  -1.0     -1.  8.35 382.9  31575.
295  6:55:35 0.88  76.23 304.41 -3.51 1714  -1.00    -1.0     -1. -1.00 -1.00   0.00   0.00   0.00 0.00 0.00 0.00 -1.00  -1.0     -1.  9.54 381.3  26719.
295  6:56:56 0.88  76.23 304.39 -3.51 1714  -1.00    -1.0     -1. -1.00 -1.00   0.00   0.00   0.00 0.00 0.00 0.00 -1.00  -1.0     -1.  8.21 381.3  39193.
295  6:58:17 0.88  76.23 304.38 -3.51 1714  -1.00    -1.0     -1. -1.00 -1.00   0.00   0.00   0.00 0.00 0.00 0.00 -1.00  -1.0     -1.  8.89 382.1  25075.
295  7:03:30 0.88  76.23 304.33 -3.51 1714  -1.00    -1.0     -1. -1.00 -1.00   0.00   0.00   0.00 0.00 0.00 0.00 -1.00  -1.0     -1.  8.54 382.8  44241.
295  7:03:41 0.88  76.23 304.33 -3.51 1714  -1.00    -1.0     -1. -1.00 -1.00   0.00   0.00   0.00 0.00 0.00 0.00 -1.00  -1.0     -1.  9.06 381.8  26218.
295  7:05:02 0.88  76.23 304.32 -3.51 1714  -1.00    -1.0     -1. -1.00 -1.00   0.00   0.00   0.00 0.00 0.00 0.00 -1.00  -1.0     -1.  8.52 379.8  44410.
295  7:06:23 0.88  76.23 304.31 -3.51 1714  -1.00    -1.0     -1. -1.00 -1.00   0.00   0.00   0.00 0.00 0.00 0.00 -1.00  -1.0     -1.  9.57 380.9  27703.
295  7:07:44 0.88  76.23 304.30 -3.51 1714  -1.00    -1.0     -1. -1.00 -1.00   0.00   0.00   0.00 0.00 0.00 0.00 -1.00  -1.0     -1.  8.37 383.3  33797.
295  7:09:05 0.88  76.23 304.28 -3.51 1714  -1.00    -1.0     -1. -1.00 -1.00   0.00   0.00   0.00 0.00 0.00 0.00 -1.00  -1.0     -1.  9.04 383.4  24649.
295  7:10:26 0.88  76.23 304.27 -3.51 1714  -1.00    -1.0     -1. -1.00 -1.00   0.00   0.00   0.00 0.00 0.00 0.00 -1.00  -1.0     -1.  6.69 385.1  32628.
295  7:11:47 0.88  76.23 304.26 -3.51 1714  -1.00    -1.0     -1. -1.00 -1.00   0.00   0.00   0.00 0.00 0.00 0.00 -1.00  -1.0     -1.  8.65 380.7  29821.
295  7:13:08 0.88  76.23 304.24 -3.51 1714  -1.00    -1.0     -1. -1.00 -1.00   0.00   0.00   0.00 0.00 0.00 0.00 -1.00  -1.0     -1.  8.75 378.5  46953.
295  7:14:29 0.88  76.23 304.23 -3.51 1714  -1.00    -1.0     -1. -1.00 -1.00   0.00   0.00   0.00 0.00 0.00 0.00 -1.00  -1.0     -1.  9.98 380.7  51962.
295  7:15:50 0.88  76.23 304.22 -3.51 1714  -1.00    -1.0     -1. -1.00 -1.00   0.00   0.00   0.00 0.00 0.00 0.00 -1.00  -1.0     -1.  9.22 377.9  47928.
295  7:17:11 0.88  76.23 304.21 -3.51 1714  -1.00    -1.0     -1. -1.00 -1.00   0.00   0.00   0.00 0.00 0.00 0.00 -1.00  -1.0     -1.  9.62 378.3  32199.
295  7:18:32 0.88  76.23 304.19 -3.51 1714  -1.00    -1.0     -1. -1.00 -1.00   0.00   0.00   0.00 0.00 0.00 0.00 -1.00  -1.0     -1.  8.86 376.9  42711.
295  7:19:53 0.88  76.23 304.18 -3.51 1714  -1.00    -1.0     -1. -1.00 -1.00   0.00   0.00   0.00 0.00 0.00 0.00 -1.00  -1.0     -1.  9.33 379.6  29766.
295  7:21:14 0.88  76.23 304.17 -3.51 1714  -1.00    -1.0     -1. -1.00 -1.00   0.00   0.00   0.00 0.00 0.00 0.00 -1.00  -1.0     -1.  8.19 369.8  32303.
295  7:22:35 0.88  76.23 304.16 -3.51 1714  -1.00    -1.0     -1. -1.00 -1.00   0.00   0.00   0.00 0.00 0.00 0.00 -1.00  -1.0     -1.  8.87 369.8  39453.
295  7:23:56 0.88  76.23 304.15 -3.51 1714  -1.00    -1.0     -1. -1.00 -1.00   0.00   0.00   0.00 0.00 0.00 0.00 -1.00  -1.0     -1.  8.20 368.7  27557.
295  7:25:17 0.88  76.23 304.13 -3.51 1714  -1.00    -1.0     -1. -1.00 -1.00   0.00   0.00   0.00 0.00 0.00 0.00 -1.00  -1.0     -1.  8.49 371.9  26745.
295  7:26:38 0.88  76.23 304.12 -3.51 1714  -1.00    -1.0     -1. -1.00 -1.00   0.00   0.00   0.00 0.00 0.00 0.00 -1.00  -1.0     -1.  8.16 368.8  28096.
295  7:27:59 0.88  76.23 304.11 -3.51 1714  -1.00    -1.0     -1. -1.00 -1.00   0.00   0.00   0.00 0.00 0.00 0.00 -1.00  -1.0     -1.  7.94 370.3  39686.
295  7:29:20 0.88  76.23 304.09 -3.51 1714  -1.00    -1.0     -1. -1.00 -1.00   0.00   0.00   0.00 0.00 0.00 0.00 -1.00  -1.0     -1.  7.89 367.7  26988.
295  7:30:41 0.88  76.23 304.08 -3.51 1714  -1.00    -1.0     -1. -1.00 -1.00   0.00   0.00   0.00 0.00 0.00 0.00 -1.00  -1.0     -1.  8.41 369.3  33066.
295  7:32:02 0.88  76.23 304.07 -3.51 1714  -1.00    -1.0     -1. -1.00 -1.00   0.00   0.00   0.00 0.00 0.00 0.00 -1.00  -1.0     -1.  7.69 368.1  26429.
295  7:33:23 0.88  76.23 304.06 -3.51 1714  -1.00    -1.0     -1. -1.00 -1.00   0.00   0.00   0.00 0.00 0.00 0.00 -1.00  -1.0     -1.  8.19 370.0  34011.
295  7:34:44 0.88  76.23 304.04 -3.51 1714  -1.00    -1.0     -1. -1.00 -1.00   0.00   0.00   0.00 0.00 0.00 0.00 -1.00  -1.0     -1.  8.24 368.0  28145.
295  7:36:05 0.88  76.23 304.03 -3.51 1714  -1.00    -1.0     -1. -1.00 -1.00   0.00   0.00   0.00 0.00 0.00 0.00 -1.00  -1.0     -1.  8.24 370.5  37653.
295  7:37:26 0.88  76.23 304.02 -3.51 1714  -1.00    -1.0     -1. -1.00 -1.00   0.00   0.00   0.00 0.00 0.00 0.00 -1.00  -1.0     -1.  8.05 369.0  27310.
295  7:38:47 0.88  76.23 304.01 -3.51 1714  -1.00    -1.0     -1. -1.00 -1.00   0.00   0.00   0.00 0.00 0.00 0.00 -1.00  -1.0     -1.  7.66 369.8  29054.
295  7:40:08 0.88  76.23 304.00 -3.51 1714  -1.00    -1.0     -1. -1.00 -1.00   0.00   0.00   0.00 0.00 0.00 0.00 -1.00  -1.0     -1.  7.71 367.9  27004.
295  7:41:29 0.88  76.23 303.98 -3.51 1714  -1.00    -1.0     -1. -1.00 -1.00   0.00   0.00   0.00 0.00 0.00 0.00 -1.00  -1.0     -1.  8.08 368.1  45371.
295  7:42:50 0.88  76.23 303.97 -3.51 1714  -1.00    -1.0     -1. -1.00 -1.00   0.00   0.00   0.00 0.00 0.00 0.00 -1.00  -1.0     -1.  7.83 367.7  27862.
295  7:44:11 0.88  76.23 303.96 -3.51 1714  -1.00    -1.0     -1. -1.00 -1.00   0.00   0.00   0.00 0.00 0.00 0.00 -1.00  -1.0     -1.  7.64 366.5  39176.
295  7:45:32 0.88  76.23 303.94 -3.51 1714  -1.00    -1.0     -1. -1.00 -1.00   0.00   0.00   0.00 0.00 0.00 0.00 -1.00  -1.0     -1.  8.14 366.9  24630.
295  7:46:53 0.88  76.23 303.93 -3.51 1714  -1.00    -1.0     -1. -1.00 -1.00   0.00   0.00   0.00 0.00 0.00 0.00 -1.00  -1.0     -1.  6.60 368.6  25481.
295  7:48:14 0.88  76.23 303.92 -3.51 1714  -1.00    -1.0     -1. -1.00 -1.00   0.00   0.00   0.00 0.00 0.00 0.00 -1.00  -1.0     -1.  8.02 366.7  21537.
295  7:49:35 0.88  76.23 303.91 -3.51 1714  -1.00    -1.0     -1. -1.00 -1.00   0.00   0.00   0.00 0.00 0.00 0.00 -1.00  -1.0     -1.  7.94 363.8  36516.
295  7:50:56 0.88  76.23 303.89 -3.51 1714  -1.00    -1.0     -1. -1.00 -1.00   0.00   0.00   0.00 0.00 0.00 0.00 -1.00  -1.0     -1.  8.92 364.0  20624.
295  7:52:17 0.88  76.23 303.88 -3.51 1714  -1.00    -1.0     -1. -1.00 -1.00   0.00   0.00   0.00 0.00 0.00 0.00 -1.00  -1.0     -1.  7.97 362.6  38163.
295  7:53:38 0.88  76.23 303.87 -3.51 1714  -1.00    -1.0     -1. -1.00 -1.00   0.00   0.00   0.00 0.00 0.00 0.00 -1.00  -1.0     -1.  8.97 364.6  25400.
295  7:54:59 0.88  76.22 303.86 -3.51 1714  -1.00    -1.0     -1. -1.00 -1.00   0.00   0.00   0.00 0.00 0.00 0.00 -1.00  -1.0     -1.  8.07 362.4  33683.
295  7:56:20 0.88  76.22 303.85 -3.51 1714  -1.00    -1.0     -1. -1.00 -1.00   0.00   0.00   0.00 0.00 0.00 0.00 -1.00  -1.0     -1.  8.43 364.0  22093.
295  7:57:41 0.88  76.22 303.83 -3.51 1714  -1.00    -1.0     -1. -1.00 -1.00   0.00   0.00   0.00 0.00 0.00 0.00 -1.00  -1.0     -1.  8.31 362.8  35259.
295  7:59:02 0.88  76.22 303.82 -3.51 1714  -1.00    -1.0     -1. -1.00 -1.00   0.00   0.00   0.00 0.00 0.00 0.00 -1.00  -1.0     -1.  8.83 364.6  23379.
295  8:00:23 0.88  76.22 303.81 -3.51 1714  -1.00    -1.0     -1. -1.00 -1.00   0.00   0.00   0.00 0.00 0.00 0.00 -1.00  -1.0     -1.  7.93 364.6  24451.
295  8:01:44 0.88  76.22 303.79 -3.51 1714  -1.00    -1.0     -1. -1.00 -1.00   0.00   0.00   0.00 0.00 0.00 0.00 -1.00  -1.0     -1.  8.70 363.6  20897.
295  8:03:05 0.88  76.22 303.78 -3.51 1714  -1.00    -1.0     -1. -1.00 -1.00   0.00   0.00   0.00 0.00 0.00 0.00 -1.00  -1.0     -1.  7.86 365.2  23223.
295  8:04:26 0.88  76.22 303.77 -3.51 1714  -1.00    -1.0     -1. -1.00 -1.00   0.00   0.00   0.00 0.00 0.00 0.00 -1.00  -1.0     -1.  9.63 362.8  25754.
295  8:05:47 0.88  76.22 303.76 -3.51 1714  -1.00    -1.0     -1. -1.00 -1.00   0.00   0.00   0.00 0.00 0.00 0.00 -1.00  -1.0     -1.  9.06 360.0  29678.
295  8:07:08 0.88  76.22 303.74 -3.51 1714  -1.00    -1.0     -1. -1.00 -1.00   0.00   0.00   0.00 0.00 0.00 0.00 -1.00  -1.0     -1.  9.16 363.5  22031.
295  8:08:29 0.88  76.22 303.73 -3.51 1714  -1.00    -1.0     -1. -1.00 -1.00   0.00   0.00   0.00 0.00 0.00 0.00 -1.00  -1.0     -1.  9.29 359.1  32056.
295  8:09:50 0.88  76.22 303.72 -3.51 1714  -1.00    -1.0     -1. -1.00 -1.00   0.00   0.00   0.00 0.00 0.00 0.00 -1.00  -1.0     -1.  9.64 360.5  21294.
295  8:11:11 0.88  76.22 303.71 -3.51 1714  -1.00    -1.0     -1. -1.00 -1.00   0.00   0.00   0.00 0.00 0.00 0.00 -1.00  -1.0     -1.  9.00 359.3  33511.
295  8:12:32 0.88  76.22 303.70 -3.51 1714  -1.00    -1.0     -1. -1.00 -1.00   0.00   0.00   0.00 0.00 0.00 0.00 -1.00  -1.0     -1.  9.39 361.1  24367.
295  8:13:53 0.88  76.22 303.68 -3.51 1714  -1.00    -1.0     -1. -1.00 -1.00   0.00   0.00   0.00 0.00 0.00 0.00 -1.00  -1.0     -1.  8.83 358.8  32530.
295  8:15:14 0.88  76.22 303.67 -3.51 1714  -1.00    -1.0     -1. -1.00 -1.00   0.00   0.00   0.00 0.00 0.00 0.00 -1.00  -1.0     -1.  9.91 361.5  24542.
295  8:16:35 0.88  76.22 303.66 -3.52 1714  -1.00    -1.0     -1. -1.00 -1.00   0.00   0.00   0.00 0.00 0.00 0.00 -1.00  -1.0     -1.  9.54 359.5  29129.
295  8:17:56 0.88  76.22 303.64 -3.52 1714  -1.00    -1.0     -1. -1.00 -1.00   0.00   0.00   0.00 0.00 0.00 0.00 -1.00  -1.0     -1. 10.35 362.0  20192.
295  8:19:17 0.88  76.22 303.63 -3.52 1714  -1.00    -1.0     -1. -1.00 -1.00   0.00   0.00   0.00 0.00 0.00 0.00 -1.00  -1.0     -1.  9.70 361.8  26514.
295  8:20:38 0.88  76.22 303.62 -3.52 1714  -1.00    -1.0     -1. -1.00 -1.00   0.00   0.00   0.00 0.00 0.00 0.00 -1.00  -1.0     -1. 10.35 362.9  26121.
295  8:21:59 0.88  76.22 303.61 -3.52 1714  -1.00    -1.0     -1. -1.00 -1.00   0.00   0.00   0.00 0.00 0.00 0.00 -1.00  -1.0     -1.  9.39 362.9  22742.
295  8:23:20 0.88  76.22 303.59 -3.52 1714  -1.00    -1.0     -1. -1.00 -1.00   0.00   0.00   0.00 0.00 0.00 0.00 -1.00  -1.0     -1. 10.79 363.1  21385.
295  8:24:41 0.88  76.22 303.58 -3.52 1714  -1.00    -1.0     -1. -1.00 -1.00   0.00   0.00   0.00 0.00 0.00 0.00 -1.00  -1.0     -1. 10.61 362.0  31890.
295  8:26:02 0.88  76.22 303.57 -3.52 1714  -1.00    -1.0     -1. -1.00 -1.00   0.00   0.00   0.00 0.00 0.00 0.00 -1.00  -1.0     -1. 10.85 362.6  23941.
295  8:27:23 0.88  76.22 303.56 -3.52 1714  -1.00    -1.0     -1. -1.00 -1.00   0.00   0.00   0.00 0.00 0.00 0.00 -1.00  -1.0     -1. 10.69 361.8  33303.
295  8:28:44 0.88  76.22 303.55 -3.52 1714  -1.00    -1.0     -1. -1.00 -1.00   0.00   0.00   0.00 0.00 0.00 0.00 -1.00  -1.0     -1. 10.57 363.3  23827.
295  8:30:05 0.88  76.22 303.53 -3.52 1714  -1.00    -1.0     -1. -1.00 -1.00   0.00   0.00   0.00 0.00 0.00 0.00 -1.00  -1.0     -1. 10.04 364.2  23714.
295  8:31:26 0.88  76.22 303.52 -3.52 1714  -1.00    -1.0     -1. -1.00 -1.00   0.00   0.00   0.00 0.00 0.00 0.00 -1.00  -1.0     -1. 11.08 364.2  23639.
295  8:32:47 0.88  76.22 303.51 -3.52 1714  -1.00    -1.0     -1. -1.00 -1.00   0.00   0.00   0.00 0.00 0.00 0.00 -1.00  -1.0     -1. 10.24 362.9  29840.
295  8:34:08 0.88  76.22 303.50 -3.52 1714  -1.00    -1.0     -1. -1.00 -1.00   0.00   0.00   0.00 0.00 0.00 0.00 -1.00  -1.0     -1. 10.68 363.6  23633.
295  8:35:29 0.88  76.22 303.48 -3.52 1714  -1.00    -1.0     -1. -1.00 -1.00   0.00   0.00   0.00 0.00 0.00 0.00 -1.00  -1.0     -1. 10.06 363.1  31218.
295  8:38:09 0.88  76.22 303.46 -3.52 1714  -1.00    -1.0     -1. -1.00 -1.00   0.00   0.00   0.00 0.00 0.00 0.00 -1.00  -1.0     -1.  9.91 362.3  30919.
295  8:39:30 0.88  76.22 303.45 -3.52 1714  -1.00    -1.0     -1. -1.00 -1.00   0.00   0.00   0.00 0.00 0.00 0.00 -1.00  -1.0     -1. 10.51 364.4  27674.
295  8:40:51 0.88  76.22 303.43 -3.52 1714  -1.00    -1.0     -1. -1.00 -1.00   0.00   0.00   0.00 0.00 0.00 0.00 -1.00  -1.0     -1.  9.95 362.9  31848.
295  8:42:12 0.88  76.22 303.42 -3.52 1714  -1.00    -1.0     -1. -1.00 -1.00   0.00   0.00   0.00 0.00 0.00 0.00 -1.00  -1.0     -1. 10.53 363.5  27073.
295  8:43:35 0.88  76.22 303.41 -3.52 1714  -1.00    -1.0     -1. -1.00 -1.00   0.00   0.00   0.00 0.00 0.00 0.00 -1.00  -1.0     -1.  9.50 362.9  34424.
295  8:44:56 0.88  76.22 303.40 -3.52 1714  -1.00    -1.0     -1. -1.00 -1.00   0.00   0.00   0.00 0.00 0.00 0.00 -1.00  -1.0     -1. 10.61 363.3  23275.
295  8:46:17 0.88  76.22 303.38 -3.52 1714  -1.00    -1.0     -1. -1.00 -1.00   0.00   0.00   0.00 0.00 0.00 0.00 -1.00  -1.0     -1.  9.79 362.4  37075.
295  8:47:38 0.88  76.22 303.37 -3.52 1714  -1.00    -1.0     -1. -1.00 -1.00   0.00   0.00   0.00 0.00 0.00 0.00 -1.00  -1.0     -1. 10.61 363.6  24039.
295  8:48:59 0.88  76.22 303.36 -3.52 1714  -1.00    -1.0     -1. -1.00 -1.00   0.00   0.00   0.00 0.00 0.00 0.00 -1.00  -1.0     -1.  9.60 362.4  33722.
295  8:50:20 0.88  76.22 303.35 -3.52 1714  -1.00    -1.0     -1. -1.00 -1.00   0.00   0.00   0.00 0.00 0.00 0.00 -1.00  -1.0     -1. 10.31 364.9  24782.
295  8:51:41 0.88  76.22 303.33 -3.52 1714  -1.00    -1.0     -1. -1.00 -1.00   0.00   0.00   0.00 0.00 0.00 0.00 -1.00  -1.0     -1.  9.35 362.7  36435.
295  8:53:02 0.88  76.22 303.32 -3.52 1714  -1.00    -1.0     -1. -1.00 -1.00   0.00   0.00   0.00 0.00 0.00 0.00 -1.00  -1.0     -1. 10.07 363.3  22918.
295  8:54:23 0.88  76.22 303.31 -3.52 1714  -1.00    -1.0     -1. -1.00 -1.00   0.00   0.00   0.00 0.00 0.00 0.00 -1.00  -1.0     -1.  8.75 362.5  34167.
295  8:55:44 0.88  76.22 303.30 -3.52 1714  -1.00    -1.0     -1. -1.00 -1.00   0.00   0.00   0.00 0.00 0.00 0.00 -1.00  -1.0     -1. 10.33 362.8  21956.
295  8:57:05 0.88  76.22 303.28 -3.52 1714  -1.00    -1.0     -1. -1.00 -1.00   0.00   0.00   0.00 0.00 0.00 0.00 -1.00  -1.0     -1.  8.97 362.8  35733.
295  8:58:26 0.88  76.22 303.27 -3.52 1714  -1.00    -1.0     -1. -1.00 -1.00   0.00   0.00   0.00 0.00 0.00 0.00 -1.00  -1.0     -1. 10.39 362.5  22164.
295  8:59:47 0.88  76.22 303.26 -3.52 1714  -1.00    -1.0     -1. -1.00 -1.00   0.00   0.00   0.00 0.00 0.00 0.00 -1.00  -1.0     -1.  9.77 360.9  32143.
295  9:01:08 0.88  76.22 303.25 -3.52 1714  -1.00    -1.0     -1. -1.00 -1.00   0.00   0.00   0.00 0.00 0.00 0.00 -1.00  -1.0     -1. 10.51 361.0  19634.
295  9:02:29 0.88  76.22 303.23 -3.52 1714  -1.00    -1.0     -1. -1.00 -1.00   0.00   0.00   0.00 0.00 0.00 0.00 -1.00  -1.0     -1.  9.94 361.5  29366.
295  9:03:50 0.88  76.22 303.22 -3.52 1714  -1.00    -1.0     -1. -1.00 -1.00   0.00   0.00   0.00 0.00 0.00 0.00 -1.00  -1.0     -1. 10.26 361.4  19247.
295 10:19:07 0.88  76.21 302.53 -3.52 1714  -1.00    -1.0     -1. -1.00 -1.00   0.00   0.00   0.00 0.00 0.00 0.00 -1.00  -1.0     -1.  9.51 357.0  31344.
295 10:29:55 0.88  76.21 302.43 -3.52 1714  -1.00    -1.0     -1. -1.00 -1.00   0.00   0.00   0.00 0.00 0.00 0.00 -1.00  -1.0     -1.  8.59 358.4  28733.
295 10:40:43 0.88  76.21 302.32 -3.52 1714  -1.00    -1.0     -1. -1.00 -1.00   0.00   0.00   0.00 0.00 0.00 0.00 -1.00  -1.0     -1.  9.63 358.7  20933.
295 10:49:08 0.88  76.21 302.25 -3.53 1714  -1.00    -1.0     -1. -1.00 -1.00   0.00   0.00   0.00 0.00 0.00 0.00 -1.00  -1.0     -1.  6.86 361.9  19942.
295 10:59:56 0.88  76.21 302.15 -3.53 1714  -1.00    -1.0     -1. -1.00 -1.00   0.00   0.00   0.00 0.00 0.00 0.00 -1.00  -1.0     -1.  7.17 362.3  20767.
295 11:10:44 0.88  76.21 302.05 -3.53 1714  -1.00    -1.0     -1. -1.00 -1.00   0.00   0.00   0.00 0.00 0.00 0.00 -1.00  -1.0     -1.  6.64 361.5  20969.
295 11:21:32 0.88  76.21 301.95 -3.53 1714  -1.00    -1.0     -1. -1.00 -1.00   0.00   0.00   0.00 0.00 0.00 0.00 -1.00  -1.0     -1.  7.18 361.9  16957.
295 11:32:20 0.88  76.21 301.85 -3.53 1714  -1.00    -1.0     -1. -1.00 -1.00   0.00   0.00   0.00 0.00 0.00 0.00 -1.00  -1.0     -1.  6.89 358.3  15148.
295 11:43:08 0.88  76.21 301.75 -3.53 1714  -1.00    -1.0     -1. -1.00 -1.00   0.00   0.00   0.00 0.00 0.00 0.00 -1.00  -1.0     -1.  7.17 361.1  22596.
295 11:53:56 0.88  76.21 301.65 -3.53 1714  -1.00    -1.0     -1. -1.00 -1.00   0.00   0.00   0.00 0.00 0.00 0.00 -1.00  -1.0     -1.  6.80 357.0  13471.
295 12:04:44 0.88  76.20 301.55 -3.53 1714  -1.00    -1.0     -1. -1.00 -1.00   0.00   0.00   0.00 0.00 0.00 0.00 -1.00  -1.0     -1.  7.42 358.8  21495.
295 12:15:32 0.88  76.20 301.45 -3.53 1714  -1.00    -1.0     -1. -1.00 -1.00   0.00   0.00   0.00 0.00 0.00 0.00 -1.00  -1.0     -1.  8.21 353.0  16674.
295 12:26:20 0.88  76.20 301.35 -3.53 1714  -1.00    -1.0     -1. -1.00 -1.00   0.00   0.00   0.00 0.00 0.00 0.00 -1.00  -1.0     -1.  6.60 353.9  22398.
295 12:47:56 0.88  76.20 301.15 -3.53 1714  -1.00    -1.0     -1. -1.00 -1.00   0.00   0.00   0.00 0.00 0.00 0.00 -1.00  -1.0     -1.  6.21 353.0  22083.
295 12:58:44 0.88  76.20 301.05 -3.53 1714  -1.00    -1.0     -1. -1.00 -1.00   0.00   0.00   0.00 0.00 0.00 0.00 -1.00  -1.0     -1.  7.94 351.2  17581.
295 13:09:32 0.88  76.20 300.95 -3.53 1714  -1.00    -1.0     -1. -1.00 -1.00   0.00   0.00   0.00 0.00 0.00 0.00 -1.00  -1.0     -1.  6.37 350.2  19705.
295 13:20:20 0.88  76.20 300.85 -3.54 1714  -1.00    -1.0     -1. -1.00 -1.00   0.00   0.00   0.00 0.00 0.00 0.00 -1.00  -1.0     -1.  8.34 350.0  15391.
295 13:31:08 0.88  76.20 300.75 -3.54 1714  -1.00    -1.0     -1. -1.00 -1.00   0.00   0.00   0.00 0.00 0.00 0.00 -1.00  -1.0     -1.  6.90 350.2  20199.
295 13:41:56 0.88  76.20 300.65 -3.54 1714  -1.00    -1.0     -1. -1.00 -1.00   0.00   0.00   0.00 0.00 0.00 0.00 -1.00  -1.0     -1.  8.67 349.5  16064.
295 13:52:44 0.88  76.20 300.55 -3.54 1714  -1.00    -1.0     -1. -1.00 -1.00   0.00   0.00   0.00 0.00 0.00 0.00 -1.00  -1.0     -1.  7.67 353.6  22466.
295 14:03:32 0.88  76.19 300.45 -3.54 1714  -1.00    -1.0     -1. -1.00 -1.00   0.00   0.00   0.00 0.00 0.00 0.00 -1.00  -1.0     -1.  9.39 355.8  12874.
295 14:14:20 0.88  76.19 300.35 -3.54 1714  -1.00    -1.0     -1. -1.00 -1.00   0.00   0.00   0.00 0.00 0.00 0.00 -1.00  -1.0     -1.  9.33 360.1  23110.
295 14:52:07 0.88  76.19 300.00 -3.54 1714  -1.00    -1.0     -1. -1.00 -1.00   0.00   0.00   0.00 0.00 0.00 0.00 -1.00  -1.0     -1. 11.22 353.6  19949.
295 14:54:51 0.88  76.19 299.98 -3.54 1714  -1.00    -1.0     -1. -1.00 -1.00   0.00   0.00   0.00 0.00 0.00 0.00 -1.00  -1.0     -1. 13.46 353.1  22031.
295 14:57:33 0.88  76.19 299.95 -3.54 1714  -1.00    -1.0     -1. -1.00 -1.00   0.00   0.00   0.00 0.00 0.00 0.00 -1.00  -1.0     -1. 10.77 350.4  19397.
295 15:00:15 0.88  76.19 299.93 -3.54 1714  -1.00    -1.0     -1. -1.00 -1.00   0.00   0.00   0.00 0.00 0.00 0.00 -1.00  -1.0     -1. 12.51 353.3  22073.
295 15:02:57 0.88  76.19 299.90 -3.54 1714  -1.00    -1.0     -1. -1.00 -1.00   0.00   0.00   0.00 0.00 0.00 0.00 -1.00  -1.0     -1. 11.16 362.0  20105.
295 15:05:39 0.88  76.19 299.88 -3.54 1714  -1.00    -1.0     -1. -1.00 -1.00   0.00   0.00   0.00 0.00 0.00 0.00 -1.00  -1.0     -1. 11.76 361.2  19000.
295 15:08:21 0.88  76.19 299.85 -3.54 1714  -1.00    -1.0     -1. -1.00 -1.00   0.00   0.00   0.00 0.00 0.00 0.00 -1.00  -1.0     -1. 12.51 361.1  22229.
295 15:11:03 0.88  76.19 299.83 -3.54 1714  -1.00    -1.0     -1. -1.00 -1.00   0.00   0.00   0.00 0.00 0.00 0.00 -1.00  -1.0     -1. 13.13 358.5  15521.
295 15:13:45 0.88  76.19 299.81 -3.54 1714  -1.00    -1.0     -1. -1.00 -1.00   0.00   0.00   0.00 0.00 0.00 0.00 -1.00  -1.0     -1. 11.97 362.2  21450.
295 15:25:34 0.88  76.19 299.70 -3.54 1714  -1.00    -1.0     -1. -1.00 -1.00   0.00   0.00   0.00 0.00 0.00 0.00 -1.00  -1.0     -1. 10.21 367.6  17944.
295 15:25:53 0.88  76.19 299.69 -3.54 1714  -1.00    -1.0     -1. -1.00 -1.00   0.00   0.00   0.00 0.00 0.00 0.00 -1.00  -1.0     -1. 10.08 365.3  20511.
295 15:27:14 0.88  76.19 299.68 -3.54 1714  -1.00    -1.0     -1. -1.00 -1.00   0.00   0.00   0.00 0.00 0.00 0.00 -1.00  -1.0     -1.  9.91 362.6  18188.
295 15:28:35 0.88  76.19 299.67 -3.54 1714  -1.00    -1.0     -1. -1.00 -1.00   0.00   0.00   0.00 0.00 0.00 0.00 -1.00  -1.0     -1. 10.75 366.1  21342.
295 15:29:56 0.88  76.19 299.66 -3.54 1714  -1.00    -1.0     -1. -1.00 -1.00   0.00   0.00   0.00 0.00 0.00 0.00 -1.00  -1.0     -1. 11.46 366.3  21417.
295 15:31:17 0.88  76.19 299.64 -3.54 1714  -1.00    -1.0     -1. -1.00 -1.00   0.00   0.00   0.00 0.00 0.00 0.00 -1.00  -1.0     -1. 12.93 390.4  32092.
295 15:32:38 0.88  76.19 299.63 -3.54 1714  -1.00    -1.0     -1. -1.00 -1.00   0.00   0.00   0.00 0.00 0.00 0.00 -1.00  -1.0     -1. 13.77 404.1  33670.
295 15:33:59 0.88  76.19 299.62 -3.54 1714  -1.00    -1.0     -1. -1.00 -1.00   0.00   0.00   0.00 0.00 0.00 0.00 -1.00  -1.0     -1. 15.15 397.7  27544.
295 15:35:20 0.88  76.19 299.60 -3.54 1714  -1.00    -1.0     -1. -1.00 -1.00   0.00   0.00   0.00 0.00 0.00 0.00 -1.00  -1.0     -1. 14.69 380.2  35639.
295 15:36:41 0.88  76.19 299.59 -3.54 1714  -1.00    -1.0     -1. -1.00 -1.00   0.00   0.00   0.00 0.00 0.00 0.00 -1.00  -1.0     -1. 13.37 382.1  32839.
295 15:38:02 0.88  76.19 299.58 -3.54 1714  -1.00    -1.0     -1. -1.00 -1.00   0.00   0.00   0.00 0.00 0.00 0.00 -1.00  -1.0     -1. 14.06 385.5  30149.
295 15:39:23 0.88  76.19 299.57 -3.54 1714  -1.00    -1.0     -1. -1.00 -1.00   0.00   0.00   0.00 0.00 0.00 0.00 -1.00  -1.0     -1. 12.42 360.4  45514.
295 15:40:44 0.88  76.19 299.55 -3.54 1714  -1.00    -1.0     -1. -1.00 -1.00   0.00   0.00   0.00 0.00 0.00 0.00 -1.00  -1.0     -1. 13.70 374.7  43653.
295 15:42:05 0.88  76.19 299.54 -3.54 1714  -1.00    -1.0     -1. -1.00 -1.00   0.00   0.00   0.00 0.00 0.00 0.00 -1.00  -1.0     -1. 13.76 380.3  42370.
295 15:43:26 0.88  76.19 299.53 -3.54 1714  -1.00    -1.0     -1. -1.00 -1.00   0.00   0.00   0.00 0.00 0.00 0.00 -1.00  -1.0     -1. 12.47 390.9  48402.
295 15:44:47 0.88  76.19 299.52 -3.55 1714  -1.00    -1.0     -1. -1.00 -1.00   0.00   0.00   0.00 0.00 0.00 0.00 -1.00  -1.0     -1. 16.64 411.2  26066.
295 15:46:08 0.88  76.19 299.51 -3.55 1714  -1.00    -1.0     -1. -1.00 -1.00   0.00   0.00   0.00 0.00 0.00 0.00 -1.00  -1.0     -1. 18.12 412.2  29632.
295 15:47:29 0.88  76.19 299.49 -3.55 1714  -1.00    -1.0     -1. -1.00 -1.00   0.00   0.00   0.00 0.00 0.00 0.00 -1.00  -1.0     -1. 20.01 410.9  26150.
295 15:48:50 0.88  76.19 299.48 -3.55 1714  -1.00    -1.0     -1. -1.00 -1.00   0.00   0.00   0.00 0.00 0.00 0.00 -1.00  -1.0     -1. 14.74 393.7  37162.
295 15:50:11 0.88  76.19 299.47 -3.55 1714  -1.00    -1.0     -1. -1.00 -1.00   0.00   0.00   0.00 0.00 0.00 0.00 -1.00  -1.0     -1. 17.77 408.4  32433.
295 15:51:32 0.88  76.19 299.46 -3.55 1714  -1.00    -1.0     -1. -1.00 -1.00   0.00   0.00   0.00 0.00 0.00 0.00 -1.00  -1.0     -1. 16.53 405.4  39095.
295 15:52:53 0.88  76.19 299.44 -3.55 1714  -1.00    -1.0     -1. -1.00 -1.00   0.00   0.00   0.00 0.00 0.00 0.00 -1.00  -1.0     -1. 16.87 400.8  32770.
295 15:54:14 0.88  76.19 299.43 -3.55 1714  -1.00    -1.0     -1. -1.00 -1.00   0.00   0.00   0.00 0.00 0.00 0.00 -1.00  -1.0     -1. 16.25 404.0  35103.
295 15:55:35 0.88  76.19 299.42 -3.55 1714  -1.00    -1.0     -1. -1.00 -1.00   0.00   0.00   0.00 0.00 0.00 0.00 -1.00  -1.0     -1. 16.38 409.3  28424.
295 15:56:56 0.88  76.19 299.40 -3.55 1714  -1.00    -1.0     -1. -1.00 -1.00   0.00   0.00   0.00 0.00 0.00 0.00 -1.00  -1.0     -1. 17.71 415.1  32348.
295 15:58:17 0.88  76.18 299.39 -3.55 1714  -1.00    -1.0     -1. -1.00 -1.00   0.00   0.00   0.00 0.00 0.00 0.00 -1.00  -1.0     -1. 16.59 406.8  30393.
295 15:59:38 0.88  76.18 299.38 -3.55 1714  -1.00    -1.0     -1. -1.00 -1.00   0.00   0.00   0.00 0.00 0.00 0.00 -1.00  -1.0     -1.  7.35 412.5  96811.
295 16:00:59 0.88  76.18 299.37 -3.55 1714  -1.00    -1.0     -1. -1.00 -1.00   0.00   0.00   0.00 0.00 0.00 0.00 -1.00  -1.0     -1. 11.79 392.4 144709.
295 16:02:20 0.88  76.18 299.36 -3.55 1714  -1.00    -1.0     -1. -1.00 -1.00   0.00   0.00   0.00 0.00 0.00 0.00 -1.00  -1.0     -1.  5.94 412.9  50494.
295 16:03:41 0.88  76.18 299.34 -3.55 1714  -1.00    -1.0     -1. -1.00 -1.00   0.00   0.00   0.00 0.00 0.00 0.00 -1.00  -1.0     -1.  6.94 417.8  50718.
295 16:05:02 0.88  76.18 299.33 -3.55 1714  -1.00    -1.0     -1. -1.00 -1.00   0.00   0.00   0.00 0.00 0.00 0.00 -1.00  -1.0     -1.  7.59 416.0  80075.
295 16:06:23 0.88  76.18 299.32 -3.55 1714  -1.00    -1.0     -1. -1.00 -1.00   0.00   0.00   0.00 0.00 0.00 0.00 -1.00  -1.0     -1.  7.02 417.0  56159.
295 16:07:44 0.88  76.18 299.31 -3.55 1714  -1.00    -1.0     -1. -1.00 -1.00   0.00   0.00   0.00 0.00 0.00 0.00 -1.00  -1.0     -1.  6.78 417.5  34596.
295 16:09:05 0.88  76.18 299.29 -3.55 1714  -1.00    -1.0     -1. -1.00 -1.00   0.00   0.00   0.00 0.00 0.00 0.00 -1.00  -1.0     -1.  7.30 415.7  50744.
295 16:10:26 0.88  76.18 299.28 -3.55 1714  -1.00    -1.0     -1. -1.00 -1.00   0.00   0.00   0.00 0.00 0.00 0.00 -1.00  -1.0     -1.  7.14 414.5  35866.
295 16:11:47 0.88  76.18 299.27 -3.55 1714  -1.00    -1.0     -1. -1.00 -1.00   0.00   0.00   0.00 0.00 0.00 0.00 -1.00  -1.0     -1.  6.86 414.8  25988.
295 16:13:08 0.88  76.18 299.25 -3.55 1714  -1.00    -1.0     -1. -1.00 -1.00   0.00   0.00   0.00 0.00 0.00 0.00 -1.00  -1.0     -1.  7.00 414.8  39972.
295 16:14:29 0.88  76.18 299.24 -3.55 1714  -1.00    -1.0     -1. -1.00 -1.00   0.00   0.00   0.00 0.00 0.00 0.00 -1.00  -1.0     -1.  7.50 411.5  34707.
295 16:15:50 0.88  76.18 299.23 -3.55 1714  -1.00    -1.0     -1. -1.00 -1.00   0.00   0.00   0.00 0.00 0.00 0.00 -1.00  -1.0     -1.  7.24 413.5  37003.
295 16:17:11 0.88  76.18 299.22 -3.55 1714  -1.00    -1.0     -1. -1.00 -1.00   0.00   0.00   0.00 0.00 0.00 0.00 -1.00  -1.0     -1.  7.61 416.0  45488.
295 16:18:32 0.88  76.18 299.21 -3.55 1714  -1.00    -1.0     -1. -1.00 -1.00   0.00   0.00   0.00 0.00 0.00 0.00 -1.00  -1.0     -1.  7.82 415.8  44387.
295 16:19:53 0.88  76.18 299.20 -3.55 1714  -1.00    -1.0     -1. -1.00 -1.00   0.00   0.00   0.00 0.00 0.00 0.00 -1.00  -1.0     -1.  9.91 409.3  57995.
295 16:21:14 0.88  76.18 299.18 -3.55 1714  -1.00    -1.0     -1. -1.00 -1.00   0.00   0.00   0.00 0.00 0.00 0.00 -1.00  -1.0     -1. 10.33 403.0  65694.
295 16:22:35 0.88  76.18 299.17 -3.55 1714  -1.00    -1.0     -1. -1.00 -1.00   0.00   0.00   0.00 0.00 0.00 0.00 -1.00  -1.0     -1.  9.83 404.1  82686.
295 16:23:56 0.88  76.18 299.16 -3.55 1714  -1.00    -1.0     -1. -1.00 -1.00   0.00   0.00   0.00 0.00 0.00 0.00 -1.00  -1.0     -1. 10.94 400.3  70254.
295 16:25:17 0.88  76.18 299.14 -3.55 1714  -1.00    -1.0     -1. -1.00 -1.00   0.00   0.00   0.00 0.00 0.00 0.00 -1.00  -1.0     -1. 15.29 388.9  50289.
295 16:26:38 0.88  76.18 299.13 -3.55 1714  -1.00    -1.0     -1. -1.00 -1.00   0.00   0.00   0.00 0.00 0.00 0.00 -1.00  -1.0     -1. 11.30 400.2  57676.
295 16:27:59 0.88  76.18 299.12 -3.55 1714  -1.00    -1.0     -1. -1.00 -1.00   0.00   0.00   0.00 0.00 0.00 0.00 -1.00  -1.0     -1. 12.64 395.0  52800.
295 16:29:20 0.88  76.18 299.10 -3.55 1714  -1.00    -1.0     -1. -1.00 -1.00   0.00   0.00   0.00 0.00 0.00 0.00 -1.00  -1.0     -1. 11.11 400.4  63800.
295 16:30:41 0.88  76.18 299.09 -3.55 1714  -1.00    -1.0     -1. -1.00 -1.00   0.00   0.00   0.00 0.00 0.00 0.00 -1.00  -1.0     -1. 11.82 396.1  51339.
295 16:32:02 0.88  76.18 299.08 -3.55 1714  -1.00    -1.0     -1. -1.00 -1.00   0.00   0.00   0.00 0.00 0.00 0.00 -1.00  -1.0     -1. 10.53 401.2  59934.
295 16:33:23 0.88  76.18 299.07 -3.55 1714  -1.00    -1.0     -1. -1.00 -1.00   0.00   0.00   0.00 0.00 0.00 0.00 -1.00  -1.0     -1. 10.54 398.0  83316.
295 16:34:44 0.88  76.18 299.06 -3.55 1714  -1.00    -1.0     -1. -1.00 -1.00   0.00   0.00   0.00 0.00 0.00 0.00 -1.00  -1.0     -1. 12.86 397.3  55565.
295 16:36:05 0.88  76.18 299.05 -3.55 1714  -1.00    -1.0     -1. -1.00 -1.00   0.00   0.00   0.00 0.00 0.00 0.00 -1.00  -1.0     -1. 11.75 393.8  53164.
295 16:37:26 0.88  76.18 299.03 -3.55 1714  -1.00    -1.0     -1. -1.00 -1.00   0.00   0.00   0.00 0.00 0.00 0.00 -1.00  -1.0     -1. 11.82 396.6  62854.
295 16:38:47 0.88  76.18 299.02 -3.55 1714  -1.00    -1.0     -1. -1.00 -1.00   0.00   0.00   0.00 0.00 0.00 0.00 -1.00  -1.0     -1.  8.33 412.5  63689.
295 16:40:43 0.88  76.18 299.00 -3.55 1714  -1.00    -1.0     -1. -1.00 -1.00   0.00   0.00   0.00 0.00 0.00 0.00 -1.00  -1.0     -1. 10.55 393.8  81657.
295 16:42:50 0.88  76.18 298.98 -3.55 1714  -1.00    -1.0     -1. -1.00 -1.00   0.00   0.00   0.00 0.00 0.00 0.00 -1.00  -1.0     -1. 11.07 399.2  63377.
295 16:44:11 0.88  76.18 298.97 -3.55 1714  -1.00    -1.0     -1. -1.00 -1.00   0.00   0.00   0.00 0.00 0.00 0.00 -1.00  -1.0     -1. 11.52 400.5  74490.
295 16:45:32 0.88  76.18 298.95 -3.55 1714  -1.00    -1.0     -1. -1.00 -1.00   0.00   0.00   0.00 0.00 0.00 0.00 -1.00  -1.0     -1. 10.91 394.2  67432.
295 16:46:53 0.88  76.18 298.94 -3.55 1714  -1.00    -1.0     -1. -1.00 -1.00   0.00   0.00   0.00 0.00 0.00 0.00 -1.00  -1.0     -1. 10.06 408.3  64985.
295 16:48:14 0.88  76.18 298.93 -3.55 1714  -1.00    -1.0     -1. -1.00 -1.00   0.00   0.00   0.00 0.00 0.00 0.00 -1.00  -1.0     -1. 11.40 392.3  81393.
295 16:49:35 0.88  76.18 298.92 -3.55 1714  -1.00    -1.0     -1. -1.00 -1.00   0.00   0.00   0.00 0.00 0.00 0.00 -1.00  -1.0     -1. 10.50 395.1  52251.
295 16:50:56 0.88  76.18 298.91 -3.55 1714  -1.00    -1.0     -1. -1.00 -1.00   0.00   0.00   0.00 0.00 0.00 0.00 -1.00  -1.0     -1. 10.66 396.4  66418.
295 16:52:17 0.88  76.18 298.90 -3.55 1714  -1.00    -1.0     -1. -1.00 -1.00   0.00   0.00   0.00 0.00 0.00 0.00 -1.00  -1.0     -1.  9.89 399.1  89904.
295 16:54:58 0.88  76.18 298.87 -3.55 1714  -1.00    -1.0     -1. -1.00 -1.00   0.00   0.00   0.00 0.00 0.00 0.00 -1.00  -1.0     -1.  7.19 412.1  66437.
295 16:56:19 0.88  76.18 298.86 -3.55 1714  -1.00    -1.0     -1. -1.00 -1.00   0.00   0.00   0.00 0.00 0.00 0.00 -1.00  -1.0     -1. 10.25 396.1  81819.
295 16:57:40 0.88  76.18 298.84 -3.55 1714  -1.00    -1.0     -1. -1.00 -1.00   0.00   0.00   0.00 0.00 0.00 0.00 -1.00  -1.0     -1. 10.96 390.7  59135.
295 16:59:01 0.88  76.18 298.83 -3.55 1714  -1.00    -1.0     -1. -1.00 -1.00   0.00   0.00   0.00 0.00 0.00 0.00 -1.00  -1.0     -1. 10.57 391.9  69813.
295 17:00:23 0.88  76.18 298.82 -3.55 1714  -1.00    -1.0     -1. -1.00 -1.00   0.00   0.00   0.00 0.00 0.00 0.00 -1.00  -1.0     -1. 10.80 394.5  55968.
295 17:01:44 0.88  76.18 298.80 -3.55 1714  -1.00    -1.0     -1. -1.00 -1.00   0.00   0.00   0.00 0.00 0.00 0.00 -1.00  -1.0     -1. 10.04 391.6  72463.
295 17:03:05 0.88  76.18 298.79 -3.55 1714  -1.00    -1.0     -1. -1.00 -1.00   0.00   0.00   0.00 0.00 0.00 0.00 -1.00  -1.0     -1. 10.24 390.2  61568.
295 17:04:26 0.88  76.18 298.78 -3.55 1714  -1.00    -1.0     -1. -1.00 -1.00   0.00   0.00   0.00 0.00 0.00 0.00 -1.00  -1.0     -1. 10.20 393.5  62013.
295 17:05:47 0.88  76.18 298.77 -3.55 1714  -1.00    -1.0     -1. -1.00 -1.00   0.00   0.00   0.00 0.00 0.00 0.00 -1.00  -1.0     -1.  9.94 391.4  59301.
295 17:07:08 0.88  76.18 298.76 -3.55 1714  -1.00    -1.0     -1. -1.00 -1.00   0.00   0.00   0.00 0.00 0.00 0.00 -1.00  -1.0     -1. 11.54 389.6  77859.
295 17:08:29 0.88  76.18 298.75 -3.55 1714  -1.00    -1.0     -1. -1.00 -1.00   0.00   0.00   0.00 0.00 0.00 0.00 -1.00  -1.0     -1. 10.38 388.2  63335.
295 17:09:50 0.88  76.18 298.73 -3.55 1714  -1.00    -1.0     -1. -1.00 -1.00   0.00   0.00   0.00 0.00 0.00 0.00 -1.00  -1.0     -1. 10.10 390.7  85597.
295 17:11:11 0.88  76.18 298.72 -3.55 1714  -1.00    -1.0     -1. -1.00 -1.00   0.00   0.00   0.00 0.00 0.00 0.00 -1.00  -1.0     -1. 10.67 390.2  64953.
295 17:12:32 0.88  76.18 298.71 -3.55 1714  -1.00    -1.0     -1. -1.00 -1.00   0.00   0.00   0.00 0.00 0.00 0.00 -1.00  -1.0     -1. 11.08 391.3  85214.
295 17:13:53 0.88  76.18 298.69 -3.55 1714  -1.00    -1.0     -1. -1.00 -1.00   0.00   0.00   0.00 0.00 0.00 0.00 -1.00  -1.0     -1. 11.78 388.6  53840.
295 17:15:14 0.88  76.18 298.68 -3.55 1714  -1.00    -1.0     -1. -1.00 -1.00   0.00   0.00   0.00 0.00 0.00 0.00 -1.00  -1.0     -1.  9.97 393.1  86750.
295 17:16:35 0.88  76.18 298.67 -3.55 1714  -1.00    -1.0     -1. -1.00 -1.00   0.00   0.00   0.00 0.00 0.00 0.00 -1.00  -1.0     -1.  9.33 393.5  57222.
295 17:17:56 0.88  76.18 298.66 -3.55 1714  -1.00    -1.0     -1. -1.00 -1.00   0.00   0.00   0.00 0.00 0.00 0.00 -1.00  -1.0     -1. 11.37 387.5  74767.
295 17:19:17 0.88  76.18 298.64 -3.55 1714  -1.00    -1.0     -1. -1.00 -1.00   0.00   0.00   0.00 0.00 0.00 0.00 -1.00  -1.0     -1. 11.17 393.7  89134.
295 17:20:38 0.88  76.18 298.63 -3.55 1714  -1.00    -1.0     -1. -1.00 -1.00   0.00   0.00   0.00 0.00 0.00 0.00 -1.00  -1.0     -1.  7.55 404.0  55107.
295 17:21:58 0.88  76.18 298.62 -3.55 1714  -1.00    -1.0     -1. -1.00 -1.00   0.00   0.00   0.00 0.00 0.00 0.00 -1.00  -1.0     -1. 10.21 391.6  64729.
295 17:23:55 0.88  76.18 298.60 -3.55 1714  -1.00    -1.0     -1. -1.00 -1.00   0.00   0.00   0.00 0.00 0.00 0.00 -1.00  -1.0     -1. 10.72 395.6  89508.
295 18:07:07 0.88  76.17 298.20 -3.55 1714  -1.00    -1.0     -1. -1.00 -1.00   0.00   0.00   0.00 0.00 0.00 0.00 -1.00  -1.0     -1.  9.02 389.0  82394.
295 18:50:19 0.88  76.17 297.80 -3.56 1714  -1.00    -1.0     -1. -1.00 -1.00   0.00   0.00   0.00 0.00 0.00 0.00 -1.00  -1.0     -1.  4.49 406.3  50133.
295 19:33:32 0.88  76.17 297.41 -3.56 1714  -1.00    -1.0     -1. -1.00 -1.00   0.00   0.00   0.00 0.00 0.00 0.00 -1.00  -1.0     -1.  9.50 370.6  56919.
295 20:16:44 0.88  76.16 297.00 -3.56 1714  -1.00    -1.0     -1. -1.00 -1.00   0.00   0.00   0.00 0.00 0.00 0.00 -1.00  -1.0     -1.  3.94 394.6  34349.
295 20:59:56 0.88  76.16 296.61 -3.57 1714  -1.00    -1.0     -1. -1.00 -1.00   0.00   0.00   0.00 0.00 0.00 0.00 -1.00  -1.0     -1.  3.42 393.7  24922.
295 21:43:08 0.88  76.16 296.21 -3.57 1714  -1.00    -1.0     -1. -1.00 -1.00   0.00   0.00   0.00 0.00 0.00 0.00 -1.00  -1.0     -1.  2.82 405.6  33056.
295 22:26:20 0.88  76.15 295.81 -3.57 1714  -1.00    -1.0     -1. -1.00 -1.00   0.00   0.00   0.00 0.00 0.00 0.00 -1.00  -1.0     -1.  3.18 394.6  51358.
295 23:09:24 0.88  76.15 295.41 -3.57 1714  -1.00    -1.0     -1. -1.00 -1.00   0.00   0.00   0.00 0.00 0.00 0.00 -1.00  -1.0     -1.  3.38 387.5  44403.
