219  0 27 38 0.73  76.31  94.39  5.14 1724   38.88   398.7  252041.   3.67  -0.97   0.00   0.00    0.00  0.00  0.00  0.00  -1.00   -1.0        -1.  42.33  394.7 250342.
219  1 10 50 0.73  76.32  94.00  5.14 1724   50.05   393.0  118478.   4.60   0.15   0.00   0.00    0.00  0.00  0.00  0.00  -1.00   -1.0        -1.  53.61  393.5 133784.
219  1 54 02 0.73  76.33  93.62  5.13 1724   48.50   409.5  186783.   3.58   4.20   0.00   0.00    0.00  0.00  0.00  0.00  -1.00   -1.0        -1.  51.63  405.9 179948.
219  2 37 14 0.73  76.34  93.23  5.13 1724   50.61   412.2  130978.   4.02   0.87   0.00   0.00    0.00  0.00  0.00  0.00  -1.00   -1.0        -1.  55.78  407.8 125829.
219  3 20 26 0.73  76.35  92.84  5.13 1724   54.67   409.2  184119.   1.65   2.99   0.00   0.00    0.00  0.00  0.00  0.00  -1.00   -1.0        -1.  57.91  405.9 184149.
219  4 03 38 0.73  76.36  92.45  5.12 1724   45.19   413.8  139177.  -1.41   2.17   0.00   0.00    0.00  0.00  0.00  0.00  -1.00   -1.0        -1.  49.66  415.0 166636.
219  4 46 50 0.73  76.37  92.07  5.12 1724   39.32   422.1  255215.  -0.34  -2.14   0.00   0.00    0.00  0.00  0.00  0.00  -1.00   -1.0        -1.  41.95  422.7 230478.
219  5 30 02 0.73  76.38  91.68  5.12 1724   28.64   478.7  298962.  -2.62   5.91   0.00   0.00    0.00  0.00  0.00  0.00  -1.00   -1.0        -1.  30.07  479.8 280339.
219  6 13 14 0.73  76.39  91.29  5.11 1724   29.17   457.1  355368.  -1.06  -0.49   0.00   0.00    0.00  0.00  0.00  0.00  -1.00   -1.0        -1.  32.29  456.9 401025.
219  6 56 26 0.73  76.40  90.90  5.11 1724   25.51   476.5  341790.   2.00   1.33   0.00   0.00    0.00  0.00  0.00  0.00  -1.00   -1.0        -1.  26.71  473.2 336608.
219  7 39 38 0.73  76.41  90.52  5.11 1724   28.85   493.3  405086.   0.00   0.00   0.00   0.00    0.00  0.00  0.00  0.00  -1.00   -1.0        -1.  30.93  497.1 444214.
219  8 50 31 0.73  76.42  89.88  5.10 1724   20.06   533.5  363879.   2.02   9.48   0.00   0.00    0.00  0.00  0.00  0.00   0.06  732.5    504161.  20.25  531.7 331970.
219  8 51 52 0.73  76.42  89.87  5.10 1724   23.29   509.3  409254.  -4.12  10.35   0.00   0.00    0.00  0.00  0.00  0.00  -1.00   -1.0        -1.  24.77  509.6 368859.
219  8 53 13 0.73  76.42  89.86  5.10 1724   22.80   525.5  264473.  -3.94  10.51   0.00   0.00    0.00  0.00  0.00  0.00   0.61  587.3    498288.  23.70  527.0 318739.
219  8 53 23 0.73  76.42  89.86  5.10 1724   25.52   526.2  323004.   0.14  10.09   0.00   0.00    0.00  0.00  0.00  0.00   0.56  599.0    582929.  25.22  524.4 271831.
219  8 54 45 0.73  76.42  89.84  5.10 1724   24.47   511.0  293579.   0.12   9.07   0.00   0.00    0.00  0.00  0.00  0.00  -1.00   -1.0        -1.  25.15  515.9 327532.
219  8 56 06 0.73  76.42  89.83  5.10 1724   23.47   519.3  316488.   0.50   9.74   0.00   0.00    0.00  0.00  0.00  0.00   0.68  587.6    734697.  25.33  514.7 314880.
219  8 57 27 0.73  76.42  89.82  5.10 1724   24.84   522.4  380593.   2.74   5.35   0.00   0.00    0.00  0.00  0.00  0.00   0.81  563.8    386800.  25.98  519.9 356382.
219  8 58 48 0.73  76.42  89.81  5.10 1724   22.69   518.5  361138.   3.37   0.00   0.00   0.00    0.00  0.00  0.00  0.00  -1.00   -1.0        -1.  23.62  514.4 336420.
219  9 00 09 0.73  76.42  89.79  5.10 1724   21.46   546.0  333188.   4.13   5.52   0.00   0.00    0.00  0.00  0.00  0.00  -1.00   -1.0        -1.  22.60  541.8 330105.
219  9 01 30 0.73  76.42  89.78  5.10 1724   23.15   572.6  402055.   3.03   3.91   0.00   0.00    0.00  0.00  0.00  0.00  -1.00   -1.0        -1.  24.66  569.4 393879.
219  9 02 51 0.73  76.42  89.77  5.10 1724   24.48   501.0  321195.  -0.04   7.96   0.00   0.00    0.00  0.00  0.00  0.00   0.54  597.2    278094.  24.65  496.2 311677.
219  9 04 12 0.73  76.42  89.76  5.10 1724   19.29   504.9  357074.   0.61   5.79   0.00   0.00    0.00  0.00  0.00  0.00   0.80  566.4    509514.  19.65  502.9 321568.
219  9 05 33 0.73  76.42  89.74  5.10 1724   20.01   513.3  305690.   1.42   8.18   0.00   0.00    0.00  0.00  0.00  0.00  -1.00   -1.0        -1.  21.57  512.7 370090.
219  9 06 54 0.73  76.42  89.73  5.10 1724   20.64   516.9  323228.   1.01   8.39   0.00   0.00    0.00  0.00  0.00  0.00   0.72  585.0    735880.  21.10  513.8 311300.
219  9 08 15 0.73  76.42  89.72  5.10 1724   21.46   516.7  302831.   1.89   8.67   0.00   0.00    0.00  0.00  0.00  0.00   0.58  592.7    462528.  21.63  519.6 332902.
219  9 09 36 0.73  76.43  89.71  5.10 1724   22.63   523.6  325457.   1.80   7.40   0.00   0.00    0.00  0.00  0.00  0.00  -1.00   -1.0        -1.  23.11  520.3 326025.
219  9 10 57 0.73  76.43  89.69  5.10 1724   21.63   518.9  305258.   1.97   8.61   0.00   0.00    0.00  0.00  0.00  0.00  -1.00   -1.0        -1.  22.01  520.3 324495.
219  9 12 18 0.73  76.43  89.68  5.10 1724   22.03   497.5  338824.  -1.03   7.75   0.00   0.00    0.00  0.00  0.00  0.00  -1.00   -1.0        -1.  22.98  499.2 317514.
219  9 13 39 0.73  76.43  89.67  5.10 1724   19.64   499.2  314854.   0.96   6.62   0.00   0.00    0.00  0.00  0.00  0.00  -1.00   -1.0        -1.  21.79  502.4 386960.
219  9 15 00 0.73  76.43  89.66  5.10 1724   21.14   503.0  354381.   0.42   6.59   0.00   0.00    0.00  0.00  0.00  0.00   0.68  570.3    535112.  21.37  502.5 321435.
219  9 16 21 0.73  76.43  89.65  5.10 1724   21.57   497.5  291159.  -0.93   6.95   0.00   0.00    0.00  0.00  0.00  0.00  -1.00   -1.0        -1.  21.54  496.1 250086.
219  9 17 42 0.73  76.43  89.64  5.10 1724   21.18   500.8  323598.   0.40   5.59   0.00   0.00    0.00  0.00  0.00  0.00  -1.00   -1.0        -1.  21.05  500.9 294229.
219  9 19 03 0.73  76.43  89.62  5.10 1724   22.51   493.4  335254.  -0.52   3.18   0.00   0.00    0.00  0.00  0.00  0.00   0.51  589.6    560359.  23.83  491.5 301100.
219  9 20 24 0.73  76.43  89.61  5.10 1724   20.04   522.3  314928.   2.19   2.39   0.00   0.00    0.00  0.00  0.00  0.00  -1.00   -1.0        -1.  21.15  516.7 302490.
219  9 21 45 0.73  76.43  89.60  5.10 1724   20.69   517.5  310238.   1.70   8.68   0.00   0.00    0.00  0.00  0.00  0.00  -1.00   -1.0        -1.  21.97  518.9 330199.
219  9 23 06 0.73  76.43  89.59  5.10 1724   21.49   521.2  324895.   2.39   7.21   0.00   0.00    0.00  0.00  0.00  0.00   0.69  567.4    556812.  22.26  515.9 318856.
219  9 24 27 0.73  76.43  89.58  5.10 1724   19.68   501.0  303075.   0.00   0.00   0.00   0.00    0.00  0.00  0.00  0.00   0.66  588.2    562048.  21.79  501.0 360751.
219  9 58 01 0.73  76.44  89.28  5.09 1724   19.39   560.6  334006.   0.00   8.56   0.00   0.00    0.00  0.00  0.00  0.00  -1.00   -1.0        -1.  19.65  559.7 294456.
219  9 59 22 0.73  76.44  89.26  5.09 1724   19.03   556.6  304433.   1.34   7.42   0.00   0.00    0.00  0.00  0.00  0.00  -1.00   -1.0        -1.  20.26  555.8 350002.
219 10 00 43 0.73  76.44  89.25  5.09 1724   23.11   519.7  494389.  -1.67  13.64   0.00   0.00    0.00  0.00  0.00  0.00  -1.00   -1.0        -1.  24.87  517.4 490108.
219 10 02 04 0.73  76.44  89.24  5.09 1724   22.52   523.6  433348.   0.00   8.89   0.00   0.00    0.00  0.00  0.00  0.00  -1.00   -1.0        -1.  24.37  527.3 465926.
219 10 03 27 0.73  76.44  89.23  5.09 1724   21.66   522.0  506883.  -0.01   2.92   0.00   0.00    0.00  0.00  0.00  0.00  -1.00   -1.0        -1.  23.44  524.2 577225.
219 10 04 48 0.73  76.44  89.21  5.09 1724   22.58   525.8  510502.  -0.50   2.00   0.00   0.00    0.00  0.00  0.00  0.00  -1.00   -1.0        -1.  24.07  526.1 487681.
219 10 06 09 0.73  76.44  89.20  5.09 1724   23.30   534.3  389740.   0.00   0.87   0.00   0.00    0.00  0.00  0.00  0.00  -1.00   -1.0        -1.  25.18  533.2 349105.
219 10 07 30 0.73  76.44  89.19  5.09 1724   22.00   534.6  318372.  -8.25   0.97   0.00   0.00    0.00  0.00  0.00  0.00  -1.00   -1.0        -1.  23.22  542.4 342885.
219 10 08 51 0.73  76.44  89.18  5.09 1724   22.63   549.7  337154. -11.18   1.94   0.00   0.00    0.00  0.00  0.00  0.00  -1.00   -1.0        -1.  23.40  553.9 303019.
219 10 10 12 0.73  76.44  89.16  5.09 1724   23.60   556.2  290084. -10.93   3.59   0.00   0.00    0.00  0.00  0.00  0.00  -1.00   -1.0        -1.  24.37  559.9 312976.
219 10 11 33 0.73  76.44  89.15  5.09 1724   23.87   544.9  353208. -10.05   1.89   0.00   0.00    0.00  0.00  0.00  0.00  -1.00   -1.0        -1.  25.73  551.8 402149.
219 10 12 54 0.73  76.44  89.14  5.09 1724   22.98   530.0  374882.   0.00   0.00   0.00   0.00    0.00  0.00  0.00  0.00  -1.00   -1.0        -1.  25.06  531.5 424395.
219 10 14 15 0.73  76.44  89.13  5.09 1724   21.99   545.8  382123.  -8.57   1.04   0.00   0.00    0.00  0.00  0.00  0.00   0.71  584.2    532903.  23.38  552.2 437769.
219 10 15 36 0.73  76.44  89.11  5.09 1724   22.24   541.5  410085.  -9.22  -0.15   0.00   0.00    0.00  0.00  0.00  0.00  -1.00   -1.0        -1.  23.31  546.3 383162.
219 10 16 57 0.73  76.44  89.10  5.09 1724   23.08   535.7  357074.  -8.96  -0.18   0.00   0.00    0.00  0.00  0.00  0.00  -1.00   -1.0        -1.  23.98  537.7 358870.
219 10 18 18 0.73  76.44  89.09  5.09 1724   23.27   547.5  421494.  -9.64   1.34   0.00   0.00    0.00  0.00  0.00  0.00  -1.00   -1.0        -1.  24.07  551.7 400249.
219 10 19 39 0.73  76.44  89.08  5.09 1724   20.94   537.7  373943.  -8.38   0.67   0.00   0.00    0.00  0.00  0.00  0.00  -1.00   -1.0        -1.  22.37  543.8 429531.
219 10 21 00 0.73  76.44  89.07  5.09 1724   20.76   543.5  401984.   0.00  -0.84   0.00   0.00    0.00  0.00  0.00  0.00  -1.00   -1.0        -1.  22.20  544.2 368174.
219 10 22 21 0.73  76.44  89.06  5.09 1724   23.39   576.5  391845.  -2.06   0.37   0.00   0.00    0.00  0.00  0.00  0.00  -1.00   -1.0        -1.  24.57  575.7 397822.
219 10 23 42 0.73  76.44  89.04  5.09 1724   22.35   560.7  348845.  -3.19  -1.50   0.00   0.00    0.00  0.00  0.00  0.00  -1.00   -1.0        -1.  23.01  559.2 353994.
219 10 25 03 0.73  76.44  89.03  5.09 1724   20.51   547.5  358929.  -6.63  -1.16   0.00   0.00    0.00  0.00  0.00  0.00  -1.00   -1.0        -1.  21.61  548.7 347741.
219 10 26 24 0.73  76.44  89.02  5.09 1724   22.21   545.6  410284.  -7.52  -0.60   0.00   0.00    0.00  0.00  0.00  0.00  -1.00   -1.0        -1.  22.81  550.9 378121.
219 10 27 45 0.73  76.44  89.01  5.09 1724   23.17   543.2  393099.  -6.29   0.45   0.00   0.00    0.00  0.00  0.00  0.00  -1.00   -1.0        -1.  24.11  543.3 380388.
219 10 29 06 0.73  76.44  89.00  5.09 1724   19.27   552.9  370477.  -7.66   1.39   0.00   0.00    0.00  0.00  0.00  0.00  -1.00   -1.0        -1.  21.25  554.4 378718.
219 10 30 27 0.73  76.44  88.98  5.09 1724   19.98   546.2  354920.  -7.75   1.69   0.00   0.00    0.00  0.00  0.00  0.00  -1.00   -1.0        -1.  20.17  550.3 319116.
219 10 31 48 0.73  76.44  88.97  5.09 1724   22.16   558.8  384858.  -9.07   1.05   0.00   0.00    0.00  0.00  0.00  0.00  -1.00   -1.0        -1.  24.04  561.2 379806.
219 10 33 09 0.73  76.44  88.96  5.09 1724   19.77   546.7  329891.  -9.33   1.59   0.00   0.00    0.00  0.00  0.00  0.00  -1.00   -1.0        -1.  20.35  552.5 290630.
219 10 34 30 0.73  76.44  88.95  5.09 1724   21.16   559.9  350759. -10.14   2.93   0.00   0.00    0.00  0.00  0.00  0.00  -1.00   -1.0        -1.  21.66  566.5 311780.
219 10 35 51 0.73  76.44  88.94  5.09 1724   19.36   548.9  322611. -10.21   2.38   0.00   0.00    0.00  0.00  0.00  0.00  -1.00   -1.0        -1.  20.45  553.2 291630.
219 10 37 12 0.73  76.44  88.92  5.09 1724   23.37   572.9  340565. -10.66   3.21   0.00   0.00    0.00  0.00  0.00  0.00  -1.00   -1.0        -1.  23.74  577.2 311400.
219 10 38 33 0.73  76.44  88.91  5.09 1724   23.11   569.9  306550. -10.41   2.70   0.00   0.00    0.00  0.00  0.00  0.00  -1.00   -1.0        -1.  24.45  575.6 344411.
219 10 39 54 0.73  76.44  88.90  5.09 1724   24.37   562.8  369460. -10.97   2.63   0.00   0.00    0.00  0.00  0.00  0.00  -1.00   -1.0        -1.  25.17  565.1 362557.
219 10 43 57 0.73  76.45  88.86  5.09 1724   19.37   535.0  304358.  -6.10   2.11   0.00   0.00    0.00  0.00  0.00  0.00   0.59  591.3    588036.  20.28  538.0 271292.
219 10 45 18 0.73  76.45  88.85  5.09 1724   19.53   536.8  272266.  -5.96   1.32   0.00   0.00    0.00  0.00  0.00  0.00   0.68  595.9    742000.  20.23  540.3 304894.
219 10 46 39 0.73  76.45  88.84  5.09 1724   20.08   550.2  313912.   0.00   0.70   0.00   0.00    0.00  0.00  0.00  0.00  -1.00   -1.0        -1.  20.08  549.1 276119.
219 10 48 00 0.73  76.45  88.83  5.09 1724   19.62   536.4  265302.  -7.08   1.40   0.00   0.00    0.00  0.00  0.00  0.00   0.45  605.1    543298.  20.34  537.5 255644.
219 10 49 21 0.73  76.45  88.81  5.09 1724   19.86   540.8  301808.  -6.72   1.31   0.00   0.00    0.00  0.00  0.00  0.00  -1.00   -1.0        -1.  20.58  544.2 273104.
219 10 50 42 0.73  76.45  88.80  5.09 1724   19.29   543.6  259467.  -8.38   1.18   0.00   0.00    0.00  0.00  0.00  0.00   0.68  595.2    780020.  20.70  548.4 309679.
219 10 52 03 0.73  76.45  88.79  5.09 1724   19.74   537.7  297624.  -9.88   2.38   0.00   0.00    0.00  0.00  0.00  0.00   0.49  597.1    443635.  20.12  542.0 262761.
219 10 53 24 0.73  76.45  88.78  5.09 1724   19.49   547.7  340698. -12.24   3.31   0.00   0.00    0.00  0.00  0.00  0.00   0.61  597.0    588855.  20.15  549.5 343401.
219 10 54 45 0.73  76.45  88.76  5.09 1724   18.20   532.1  290945.  -4.47   3.00   0.00   0.00    0.00  0.00  0.00  0.00  -1.00   -1.0        -1.  18.83  532.0 258236.
219 10 56 06 0.73  76.45  88.75  5.09 1724   18.53   529.9  282181.  -8.54   3.06   0.00   0.00    0.00  0.00  0.00  0.00   0.52  612.6    562269.  20.34  538.8 322913.
219 10 57 27 0.73  76.45  88.74  5.09 1724   17.76   532.9  242429.  -4.23   2.03   0.00   0.00    0.00  0.00  0.00  0.00   0.60  610.5    816624.  19.13  537.4 259545.
219 10 58 48 0.73  76.45  88.73  5.09 1724   17.42   531.4  254185.  -5.65   2.08   0.00   0.00    0.00  0.00  0.00  0.00   0.61  604.0    623990.  18.82  534.1 294879.
219 11 00 09 0.73  76.45  88.72  5.09 1724   17.21   526.2  220859.  -6.65   2.06   0.00   0.00    0.00  0.00  0.00  0.00  -1.00   -1.0        -1.  18.08  532.2 246811.
219 11 01 30 0.73  76.45  88.70  5.09 1724   17.65   528.0  240792.  -9.78   4.15   0.00   0.00    0.00  0.00  0.00  0.00   0.48  618.8    915935.  19.15  531.0 229708.
219 11 02 51 0.73  76.45  88.69  5.09 1724   16.62   523.3  211835.  -7.83   3.10   0.00   0.00    0.00  0.00  0.00  0.00   0.56  610.0    728486.  17.94  531.3 260198.
219 11 04 12 0.73  76.45  88.68  5.09 1724   16.68   529.5  245265.  -5.59   3.23   0.00   0.00    0.00  0.00  0.00  0.00  -1.00   -1.0        -1.  17.58  527.4 214086.
219 11 05 33 0.73  76.45  88.67  5.09 1724   16.76   525.7  231248.  -6.09   1.72   0.00   0.00    0.00  0.00  0.00  0.00   0.47  598.7    398521.  17.66  532.5 248686.
219 11 06 54 0.73  76.45  88.66  5.09 1724   16.38   534.8  228042.  -5.83   1.60   0.00   0.00    0.00  0.00  0.00  0.00   0.58  573.1    604018.  17.64  535.3 212163.
219 11 08 15 0.73  76.45  88.65  5.09 1724   17.12   523.7  225170.  -4.46   2.51   0.00   0.00    0.00  0.00  0.00  0.00   0.40  597.4    455772.  19.18  527.5 291666.
219 11 09 36 0.73  76.45  88.63  5.09 1724   18.01   528.5  251794.  -6.10   2.14   0.00   0.00    0.00  0.00  0.00  0.00  -1.00   -1.0        -1.  19.93  534.2 309019.
219 11 10 57 0.73  76.45  88.62  5.09 1724   17.75   535.2  307038.  -5.37   2.06   0.00   0.00    0.00  0.00  0.00  0.00  -1.00   -1.0        -1.  18.60  534.8 279744.
219 11 12 18 0.73  76.45  88.61  5.09 1724   16.87   588.2  287742.   0.00   0.00   0.00   0.00    0.00  0.00  0.00  0.00  -1.00   -1.0        -1.  17.43  584.1 279536.
219 11 13 39 0.73  76.45  88.60  5.09 1724   17.82   572.4  311011.   2.86   0.00   0.00   0.00    0.00  0.00  0.00  0.00   0.56  608.6    847458.  18.62  572.2 337934.
219 11 15 00 0.73  76.45  88.58  5.09 1724   17.55   564.0  321955.   2.01   7.37   0.00   0.00    0.00  0.00  0.00  0.00   0.41  616.7    593363.  16.99  563.7 286114.
219 11 16 21 0.73  76.45  88.57  5.09 1724   16.76   618.5  288164.   2.57  11.33   0.00   0.00    0.00  0.00  0.00  0.00  -1.00   -1.0        -1.  17.20  618.2 301148.
219 11 17 42 0.73  76.45  88.56  5.09 1724   17.16   567.2  324654.   2.31   7.33   0.00   0.00    0.00  0.00  0.00  0.00  -1.00   -1.0        -1.  18.28  565.9 302113.
219 11 19 03 0.73  76.45  88.55  5.09 1724   17.10   553.2  297582.   0.90  11.23   0.00   0.00    0.00  0.00  0.00  0.00   0.53  598.5    513503.  17.79  550.5 279173.
219 11 20 24 0.73  76.45  88.53  5.09 1724   17.10   549.0  276450.   1.85   7.93   0.00   0.00    0.00  0.00  0.00  0.00   0.44  613.2    581292.  19.10  546.4 352812.
219 11 21 45 0.73  76.45  88.52  5.09 1724   18.16   588.3  364471.   2.99  10.05   0.00   0.00    0.00  0.00  0.00  0.00  -1.00   -1.0        -1.  19.41  585.5 358243.
219 11 23 06 0.73  76.45  88.51  5.09 1724   18.86   607.2  370298.   1.76  10.18   0.00   0.00    0.00  0.00  0.00  0.00  -1.00   -1.0        -1.  19.48  602.1 380404.
219 11 24 27 0.73  76.45  88.50  5.09 1724   15.52   611.0  293700.   2.04  10.45   0.00   0.00    0.00  0.00  0.00  0.00  -1.00   -1.0        -1.  15.75  607.5 234175.
219 11 25 48 0.73  76.45  88.49  5.09 1724   16.16   595.4  300414.   0.36  12.64   0.00   0.00    0.00  0.00  0.00  0.00   0.56  615.5    573782.  17.64  594.5 362655.
219 11 27 09 0.73  76.45  88.47  5.09 1724   16.83   640.6  324800.   2.92   7.28   0.00   0.00    0.00  0.00  0.00  0.00  -1.00   -1.0        -1.  16.59  633.7 327607.
219 11 28 30 0.73  76.45  88.46  5.09 1724   17.56   584.1  313759.   1.95   8.92   0.00   0.00    0.00  0.00  0.00  0.00   0.51  610.2    579954.  17.80  579.5 322569.
219 11 29 51 0.73  76.45  88.45  5.09 1724   18.78   560.5  338139.   1.51   6.52   0.00   0.00    0.00  0.00  0.00  0.00   0.54  609.1    898914.  18.77  557.8 301402.
219 11 31 12 0.73  76.46  88.44  5.09 1724   17.21   559.0  313122.   1.38   6.89   0.00   0.00    0.00  0.00  0.00  0.00   0.57  601.9    785997.  17.34  560.3 284835.
219 11 32 33 0.73  76.46  88.42  5.09 1724   16.95   551.4  300171.   1.45   5.59   0.00   0.00    0.00  0.00  0.00  0.00   0.42  596.0    589024.  16.48  550.6 282327.
219 11 33 54 0.73  76.46  88.41  5.09 1724   20.65   586.9  347988.   0.98   7.01   0.00   0.00    0.00  0.00  0.00  0.00  -1.00   -1.0        -1.  22.43  588.5 391290.
219 11 35 15 0.73  76.46  88.40  5.09 1724   16.19   585.7  287385.   0.33   8.78   0.00   0.00    0.00  0.00  0.00  0.00   0.41  595.5    624666.  16.58  585.0 289909.
219 11 36 36 0.73  76.46  88.39  5.09 1724   16.39   618.0  295382.   1.23   3.93   0.00   0.00    0.00  0.00  0.00  0.00  -1.00   -1.0        -1.  17.71  613.8 314301.
219 11 37 57 0.73  76.46  88.38  5.09 1724   17.15   544.1  257320.  -1.07   7.34   0.00   0.00    0.00  0.00  0.00  0.00   0.41  590.5    605071.  19.11  541.9 281213.
219 11 39 18 0.73  76.46  88.37  5.09 1724   17.91   543.4  268085.  -0.40   3.80   0.00   0.00    0.00  0.00  0.00  0.00   0.39  610.7    650705.  19.86  543.4 296477.
219 11 40 39 0.73  76.46  88.35  5.09 1724   16.52   558.7  271451.  -0.38   7.55   0.00   0.00    0.00  0.00  0.00  0.00  -1.00   -1.0        -1.  16.63  552.9 273147.
219 11 42 00 0.73  76.46  88.34  5.09 1724   14.21   586.6  289824.   2.25   5.26   0.00   0.00    0.00  0.00  0.00  0.00   0.44  607.7    572573.  14.53  582.6 304601.
219 11 43 21 0.73  76.46  88.33  5.09 1724   14.96   564.4  268202.   1.26   4.11   0.00   0.00    0.00  0.00  0.00  0.00   0.49  609.9    934971.  15.43  561.3 270684.
219 11 44 42 0.73  76.46  88.32  5.09 1724   14.25   558.5  253045.   1.52   3.95   0.00   0.00    0.00  0.00  0.00  0.00   0.47  607.8    510879.  14.77  559.0 253318.
219 11 46 03 0.73  76.46  88.31  5.09 1724   14.07   529.7  214145.  -1.93   5.00   0.00   0.00    0.00  0.00  0.00  0.00   0.53  607.1    854059.  14.65  533.3 247802.
219 11 47 24 0.73  76.46  88.29  5.09 1724   15.09   559.9  264931.   0.65   6.06   0.00   0.00    0.00  0.00  0.00  0.00   0.50  593.6    926188.  16.07  561.6 278711.
219 11 48 45 0.73  76.46  88.28  5.09 1724   16.48   562.8  260039.   0.95   4.34   0.00   0.00    0.00  0.00  0.00  0.00   0.54  608.3    759788.  16.71  558.5 262043.
219 11 50 06 0.73  76.46  88.27  5.09 1724   15.59   582.4  261874.   1.21   6.28   0.00   0.00    0.00  0.00  0.00  0.00   0.42  603.4    549639.  16.36  578.4 283106.
219 11 51 27 0.73  76.46  88.26  5.09 1724   18.34   599.8  392963.   1.82   7.20   0.00   0.00    0.00  0.00  0.00  0.00   0.40  620.1    593298.  18.30  598.8 334539.
219 11 52 48 0.73  76.46  88.24  5.09 1724   16.69   592.1  273783.   1.33   7.65   0.00   0.00    0.00  0.00  0.00  0.00   0.43  609.6    555006.  16.41  589.6 224452.
219 11 54 09 0.73  76.46  88.23  5.09 1724   15.21   602.6  274043.   1.63   8.62   0.00   0.00    0.00  0.00  0.00  0.00   0.38  622.1    564829.  15.37  598.4 275554.
219 11 55 30 0.73  76.46  88.22  5.09 1724   15.11   591.0  245596.  -0.43  11.27   0.00   0.00    0.00  0.00  0.00  0.00   0.45  614.7    615518.  15.93  588.3 210481.
219 11 56 51 0.73  76.46  88.21  5.08 1724   15.78   561.6  253120.  -0.03   7.83   0.00   0.00    0.00  0.00  0.00  0.00   0.48  609.3    878617.  16.55  555.7 265464.
219 11 58 12 0.73  76.46  88.20  5.08 1724   15.04   589.1  267624.   0.87   7.28   0.00   0.00    0.00  0.00  0.00  0.00   0.49  608.8    588894.  16.15  582.7 273572.
219 11 59 33 0.73  76.46  88.18  5.08 1724   15.53   577.1  274998.   1.22   7.33   0.00   0.00    0.00  0.00  0.00  0.00   0.39  625.0    570338.  16.70  580.3 291689.
219 12 00 54 0.73  76.46  88.17  5.08 1724   14.64   581.5  261472.   1.82   4.84   0.00   0.00    0.00  0.00  0.00  0.00   0.46  612.9    585190.  14.95  577.5 257408.
219 12 02 15 0.73  76.46  88.16  5.08 1724   16.54   597.9  293352.   1.95   5.69   0.00   0.00    0.00  0.00  0.00  0.00   0.45  624.1    628421.  17.26  594.5 316013.
219 12 03 36 0.73  76.46  88.15  5.08 1724   15.30   579.0  252957.   1.16   6.36   0.00   0.00    0.00  0.00  0.00  0.00   0.37  609.3    595611.  16.30  574.0 256056.
219 12 04 57 0.73  76.46  88.13  5.08 1724   15.86   587.6  306157.   1.50   6.73   0.00   0.00    0.00  0.00  0.00  0.00   0.48  611.7    758762.  16.33  587.3 282671.
219 12 06 18 0.73  76.46  88.12  5.08 1724   15.45   564.5  224004.   1.07   4.82   0.00   0.00    0.00  0.00  0.00  0.00   0.40  616.9    551237.  16.81  562.1 259929.
219 12 07 39 0.73  76.46  88.11  5.08 1724   16.84   571.3  283766.  -0.13   8.44   0.00   0.00    0.00  0.00  0.00  0.00   0.50  611.7    798575.  16.98  566.8 274433.
219 12 09 00 0.73  76.46  88.10  5.08 1724   15.50   593.3  286352.   0.98   6.05   0.00   0.00    0.00  0.00  0.00  0.00   0.40  616.6    521027.  16.55  598.7 305160.
219 12 10 21 0.73  76.46  88.08  5.08 1724   14.89   575.7  258944.   0.71   7.91   0.00   0.00    0.00  0.00  0.00  0.00   0.48  606.8    884334.  15.36  573.3 231625.
219 12 11 42 0.73  76.46  88.07  5.08 1724   14.71   568.0  309084.   0.46   7.44   0.00   0.00    0.00  0.00  0.00  0.00   0.42  609.1    552069.  15.37  569.0 274027.
219 12 13 03 0.73  76.46  88.06  5.08 1724   16.10   576.9  259955.   0.61   8.06   0.00   0.00    0.00  0.00  0.00  0.00   0.49  606.6    815506.  15.93  579.8 281700.
219 12 14 24 0.73  76.46  88.05  5.08 1724   14.53   590.1  272237.  -0.83   9.85   0.00   0.00    0.00  0.00  0.00  0.00   0.54  600.1    532435.  15.64  585.5 265045.
219 12 15 45 0.73  76.46  88.04  5.08 1724   15.18   584.2  258779.   0.94   0.00   0.00   0.00    0.00  0.00  0.00  0.00   0.53  595.2    495676.  15.50  584.5 278874.
219 12 17 06 0.73  76.46  88.03  5.08 1724   15.56   548.7  275440.   0.11   4.85   0.00   0.00    0.00  0.00  0.00  0.00   0.45  603.5    592363.  17.04  550.0 334971.
219 12 18 27 0.73  76.47  88.01  5.08 1724   15.26   543.9  289847.  -0.91   2.08   0.00   0.00    0.00  0.00  0.00  0.00   0.41  588.3    532981.  16.19  543.7 272091.
219 12 19 48 0.73  76.47  88.00  5.08 1724   14.24   590.7  264249.   0.43   7.51   0.00   0.00    0.00  0.00  0.00  0.00   0.38  611.4    527381.  14.64  590.2 231300.
219 12 21 09 0.73  76.47  87.99  5.08 1724   14.77   612.1  256885.   1.88   5.06   0.00   0.00    0.00  0.00  0.00  0.00   0.41  621.2    557098.  14.94  607.8 227064.
219 12 22 30 0.73  76.47  87.98  5.08 1724   14.42   570.1  292738.   1.12   5.48   0.00   0.00    0.00  0.00  0.00  0.00   0.40  618.1    456019.  14.71  569.7 266464.
219 12 23 51 0.73  76.47  87.97  5.08 1724   15.04   553.0  301548.   0.40   4.05   0.00   0.00    0.00  0.00  0.00  0.00   0.46  596.6    515816.  15.21  552.0 261696.
219 12 25 12 0.73  76.47  87.95  5.08 1724   14.01   542.8  230436.  -0.16   4.82   0.00   0.00    0.00  0.00  0.00  0.00  -1.00   -1.0        -1.  14.63  542.0 277389.
219 12 26 33 0.73  76.47  87.94  5.08 1724   11.61   563.1  237209.   2.04   4.46   0.00   0.00    0.00  0.00  0.00  0.00   0.29  605.0    419935.  11.88  558.0 248523.
219 12 27 54 0.73  76.47  87.93  5.08 1724   11.32   547.9  244271.   0.38   3.22   0.00   0.00    0.00  0.00  0.00  0.00   0.44  601.1    760568.  11.80  546.1 184633.
219 12 29 15 0.73  76.47  87.92  5.08 1724   13.59   556.3  263681.   0.76   3.34   0.00   0.00    0.00  0.00  0.00  0.00   0.50  589.9    565583.  14.62  552.9 263138.
219 12 30 36 0.73  76.47  87.91  5.08 1724   14.16   649.7  234181.  -0.50   8.07   0.00   0.00    0.00  0.00  0.00  0.00   0.45  615.0    435008.  13.40  645.4 221951.
219 12 31 57 0.73  76.47  87.89  5.08 1724   16.60   608.9  327081.   2.26   4.93   0.00   0.00    0.00  0.00  0.00  0.00  -1.00   -1.0        -1.  16.39  603.8 322640.
219 12 33 18 0.73  76.47  87.88  5.08 1724   12.92   563.2  229556.   1.75   5.24   0.00   0.00    0.00  0.00  0.00  0.00   0.42  613.2    605227.  13.20  566.4 256404.
219 12 34 39 0.73  76.47  87.87  5.08 1724   12.43   596.7  201723.   2.05   6.69   0.00   0.00    0.00  0.00  0.00  0.00   0.44  596.3    538062.  14.21  593.0 253240.
219 12 36 00 0.73  76.47  87.86  5.08 1724   14.53   637.0  269577.   0.00   8.58   0.00   0.00    0.00  0.00  0.00  0.00   0.33  643.1    539985.  14.56  636.1 247191.
219 12 37 21 0.73  76.47  87.84  5.08 1724   12.15   562.7  244232.   1.14   0.72   0.00   0.00    0.00  0.00  0.00  0.00   0.48  589.2    511359.  13.89  558.8 227590.
219 12 38 42 0.73  76.47  87.83  5.08 1724   13.42   582.6  247396.   2.18   3.29   0.00   0.00    0.00  0.00  0.00  0.00   0.33  614.4    427237.  14.39  576.9 250778.
219 12 40 03 0.73  76.47  87.82  5.08 1724   13.54   552.5  252762.  -0.48  -0.77   0.00   0.00    0.00  0.00  0.00  0.00   0.45  615.4    841546.  14.25  550.8 278211.
219 12 41 24 0.73  76.47  87.81  5.08 1724   15.04   559.4  343200.  -5.59  -4.95   0.00   0.00    0.00  0.00  0.00  0.00   0.44  601.6    588569.  15.90  563.9 325726.
219 12 42 45 0.73  76.47  87.79  5.08 1724   14.53   598.1  274582.   2.04   6.57   0.00   0.00    0.00  0.00  0.00  0.00   0.52  610.2    830046.  15.06  592.2 262069.
219 12 44 06 0.73  76.47  87.78  5.08 1724   15.41   569.6  303419.   1.31   8.03   0.00   0.00    0.00  0.00  0.00  0.00   0.40  607.3    564153.  15.54  568.9 280732.
219 12 45 27 0.73  76.47  87.77  5.08 1724   13.69   602.2  293095.   1.72   8.78   0.00   0.00    0.00  0.00  0.00  0.00   0.45  627.2    568454.  14.84  599.0 286891.
219 12 46 48 0.73  76.47  87.76  5.08 1724   14.05   576.1  259997.   1.53   6.38   0.00   0.00    0.00  0.00  0.00  0.00   0.41  606.8    607020.  14.71  570.0 251164.
219 12 48 09 0.73  76.47  87.75  5.08 1724   15.64   597.2  335286.   2.34   5.83   0.00   0.00    0.00  0.00  0.00  0.00   0.42  626.8    551588.  16.26  595.6 294044.
219 12 49 30 0.73  76.47  87.73  5.08 1724   11.70   572.1  253208.   1.42   4.37   0.00   0.00    0.00  0.00  0.00  0.00   0.38  606.4    597989.  12.36  568.7 247926.
219 12 50 51 0.73  76.47  87.72  5.08 1724   13.22   611.1  290282.   2.39   6.98   0.00   0.00    0.00  0.00  0.00  0.00   0.40  627.5    645365.  13.93  608.7 249881.
219 12 52 12 0.73  76.47  87.71  5.08 1724   13.69   570.0  301999.   1.04   5.04   0.00   0.00    0.00  0.00  0.00  0.00   0.45  609.8    597716.  13.12  568.6 247084.
219 12 53 33 0.73  76.47  87.70  5.08 1724   13.82   540.5  219719.   0.59   4.64   0.00   0.00    0.00  0.00  0.00  0.00   0.42  619.6    781111.  14.37  542.0 229539.
219 12 54 54 0.73  76.47  87.69  5.08 1724   13.63   515.8  141042.  -6.58   3.40   0.00   0.00    0.00  0.00  0.00  0.00  -1.00   -1.0        -1.  13.98  517.0 132531.
219 12 56 15 0.73  76.47  87.68  5.08 1724   13.20   546.8  309240.  -1.87   7.27   0.00   0.00    0.00  0.00  0.00  0.00   0.42  601.0    487243.  14.55  548.3 283837.
219 12 57 36 0.73  76.47  87.66  5.08 1724   13.71   547.6  236228.  -0.24   5.34   0.00   0.00    0.00  0.00  0.00  0.00   0.42  606.1    533189.  13.81  545.6 180715.
219 12 58 57 0.73  76.47  87.65  5.08 1724   14.57   529.3  196759.  -3.00   3.60   0.00   0.00    0.00  0.00  0.00  0.00   0.41  593.4    512386.  14.90  527.5 166854.
219 13 00 18 0.73  76.47  87.64  5.08 1724   14.39   528.6  219706.  -3.78   2.42   0.00   0.00    0.00  0.00  0.00  0.00   0.47  600.8    779760.  15.28  528.3 200703.
219 13 01 39 0.73  76.47  87.63  5.08 1724   14.24   528.7  212949.  -2.95   6.50   0.00   0.00    0.00  0.00  0.00  0.00   0.48  618.3    816169.  15.04  528.8 180283.
219 13 03 00 0.73  76.47  87.62  5.08 1724   15.12   524.9  158924.  -3.05   5.31   0.00   0.00    0.00  0.00  0.00  0.00   0.30  639.1    624120.  15.34  526.6 126511.
219 13 04 21 0.73  76.47  87.60  5.08 1724   15.70   539.7  281524.  -1.06   4.63   0.00   0.00    0.00  0.00  0.00  0.00   0.47  603.7    461827.  15.94  538.7 253744.
219 13 05 42 0.73  76.48  87.59  5.08 1724   15.99   582.5  316055.   1.06   5.75   0.00   0.00    0.00  0.00  0.00  0.00   0.41  609.0    632319.  16.37  577.3 319489.
219 13 07 03 0.73  76.48  87.58  5.08 1724   14.50   578.8  269476.   1.33   8.30   0.00   0.00    0.00  0.00  0.00  0.00   0.55  606.7    677356.  14.56  578.1 280378.
219 13 08 24 0.73  76.48  87.57  5.08 1724   16.12   544.8  344525.  -0.20   6.28   0.00   0.00    0.00  0.00  0.00  0.00   0.47  576.0    543285.  16.73  545.8 347923.
219 13 09 45 0.73  76.48  87.55  5.08 1724   14.77   546.5  335299.  -1.20   7.05   0.00   0.00    0.00  0.00  0.00  0.00   0.51  591.9    536684.  15.05  546.4 287791.
219 13 11 06 0.73  76.48  87.54  5.08 1724   14.21   531.8  292397.  -1.35   5.46   0.00   0.00    0.00  0.00  0.00  0.00   0.43  587.6    785191.  14.15  530.5 266432.
219 13 12 27 0.73  76.48  87.53  5.08 1724   14.83   539.1  318323.   0.00   1.54   0.00   0.00    0.00  0.00  0.00  0.00   0.53  600.9    472742.  16.09  538.3 267361.
219 13 13 48 0.73  76.48  87.52  5.08 1724   14.51   521.1  273078.  -7.00   3.31   0.00   0.00    0.00  0.00  0.00  0.00   0.55  620.0    857398.  16.17  526.7 352169.
219 13 15 09 0.73  76.48  87.50  5.08 1724   13.82   532.9  328595.  -5.04   1.57   0.00   0.00    0.00  0.00  0.00  0.00  -1.00   -1.0        -1.  14.21  534.1 293173.
219 13 16 30 0.73  76.48  87.49  5.08 1724   14.41   553.4  317631.  -1.25   3.08   0.00   0.00    0.00  0.00  0.00  0.00  -1.00   -1.0        -1.  15.27  550.0 321578.
219 13 17 51 0.73  76.48  87.48  5.08 1724   13.97   545.0  348488.  -1.24   3.38   0.00   0.00    0.00  0.00  0.00  0.00   0.43  618.9    817169.  14.68  540.9 333799.
219 13 19 12 0.73  76.48  87.47  5.08 1724   14.68   550.4  314438.  -1.96   4.59   0.00   0.00    0.00  0.00  0.00  0.00   0.52  607.5    641545.  15.55  549.1 300515.
219 13 20 33 0.73  76.48  87.45  5.08 1724   14.47   585.5  338736.   0.11   5.30   0.00   0.00    0.00  0.00  0.00  0.00  -1.00   -1.0        -1.  15.42  582.7 366982.
219 13 21 54 0.73  76.48  87.44  5.08 1724   16.52   580.6  362814.   3.30   5.90   0.00   0.00    0.00  0.00  0.00  0.00   0.60  616.8    587152.  17.22  577.0 329075.
219 13 23 15 0.73  76.48  87.43  5.08 1724   15.17   579.3  369957.   0.76   7.03   0.00   0.00    0.00  0.00  0.00  0.00   0.47  626.6    594299.  16.00  579.9 387619.
219 13 24 36 0.73  76.48  87.42  5.08 1724   13.84   588.6  316393.  -0.82   9.07   0.00   0.00    0.00  0.00  0.00  0.00   0.53  616.9    506006.  15.26  587.3 378205.
219 13 25 57 0.73  76.48  87.41  5.08 1724   14.89   574.0  298400.   0.00   0.00   0.00   0.00    0.00  0.00  0.00  0.00   0.41  635.1    610061.  15.83  572.0 354228.
219 13 27 18 0.73  76.48  87.39  5.08 1724   17.23   568.2  365273.  -0.82   6.48   0.00   0.00    0.00  0.00  0.00  0.00   0.51  614.3    623977.  17.61  567.0 338551.
219 13 28 39 0.73  76.48  87.38  5.08 1724   15.42   590.2  357460.   1.24   5.27   0.00   0.00    0.00  0.00  0.00  0.00   0.54  633.0    599536.  16.51  596.4 459293.
219 13 30 00 0.73  76.48  87.37  5.08 1724   17.72   613.9  387999.   1.57   4.01   0.00   0.00    0.00  0.00  0.00  0.00   0.54  647.3    648054.  18.27  611.1 350629.
219 13 31 21 0.73  76.48  87.36  5.08 1724   16.53   584.9  350197.   1.48   4.27   0.00   0.00    0.00  0.00  0.00  0.00  -1.00   -1.0        -1.  17.00  586.8 323901.
219 13 32 42 0.73  76.48  87.35  5.08 1724   15.67   606.4  345945.   1.05   7.87   0.00   0.00    0.00  0.00  0.00  0.00   0.53  650.9    646755.  15.74  605.0 342761.
219 13 34 03 0.73  76.48  87.34  5.08 1724   15.93   592.6  357399.   1.82   6.80   0.00   0.00    0.00  0.00  0.00  0.00   0.52  637.3    547625.  16.22  589.5 321214.
219 13 35 24 0.73  76.48  87.32  5.08 1724   16.55   573.6  353552.  -0.22   2.76   0.00   0.00    0.00  0.00  0.00  0.00   0.52  622.5    444441.  16.59  571.3 294089.
219 13 36 45 0.73  76.48  87.31  5.08 1724   -1.00    -1.0      -1.  -1.00  -1.00   0.00   0.00    0.00  0.00  0.00  0.00  -1.00   -1.0        -1.  18.29  561.1 370272.
219 13 38 06 0.73  76.48  87.30  5.08 1724   17.07   644.4  327968.   0.00   7.16   0.00   0.00    0.00  0.00  0.00  0.00  -1.00   -1.0        -1.  17.57  647.2 346971.
219 13 39 27 0.73  76.48  87.29  5.08 1724   14.75   635.2  253799.   2.18   4.04   0.00   0.00    0.00  0.00  0.00  0.00   0.63  633.0    675796.  15.47  631.4 290636.
219 13 40 48 0.73  76.48  87.28  5.08 1724   16.42   624.8  310546.   0.98   7.98   0.00   0.00    0.00  0.00  0.00  0.00   0.50  642.6    585424.  17.19  617.8 324021.
219 13 42 09 0.73  76.48  87.26  5.08 1724   16.65   619.5  347631.   1.59   2.17   0.00   0.00    0.00  0.00  0.00  0.00   0.64  635.1    711010.  17.84  618.5 385907.
219 13 43 30 0.73  76.48  87.25  5.08 1724   19.21   590.1  369970.   0.35   4.37   0.00   0.00    0.00  0.00  0.00  0.00   0.47  660.5    476952.  20.29  590.0 444071.
219 13 44 51 0.73  76.48  87.24  5.08 1724   13.11   580.0  299336.   0.25   6.66   0.00   0.00    0.00  0.00  0.00  0.00   0.51  633.1    617441.  15.30  572.9 298114.
219 13 46 12 0.73  76.48  87.23  5.08 1724   14.90   598.0  363983.   1.13   6.46   0.00   0.00    0.00  0.00  0.00  0.00  -1.00   -1.0        -1.  15.05  595.5 366046.
219 13 47 33 0.73  76.48  87.21  5.08 1724   15.47   569.8  356271.  -0.11   2.91   0.00   0.00    0.00  0.00  0.00  0.00   0.53  630.2    657033.  16.55  569.6 378475.
219 13 48 54 0.73  76.48  87.20  5.08 1724   14.63   577.8  302597.  -2.12  -0.37   0.00   0.00    0.00  0.00  0.00  0.00   0.57  638.9    792039.  15.35  576.6 291945.
219 13 50 15 0.73  76.48  87.19  5.08 1724   15.35   586.0  338415.  -1.66  -0.36   0.00   0.00    0.00  0.00  0.00  0.00   0.53  625.4    629135.  16.10  587.2 315360.
219 13 51 36 0.73  76.48  87.18  5.08 1724   15.96   573.8  328666.  -1.55  -0.27   0.00   0.00    0.00  0.00  0.00  0.00   0.56  626.7    850693.  16.31  574.6 296942.
219 13 52 57 0.73  76.48  87.16  5.08 1724   16.98   594.4  386294.   0.35   1.30   0.00   0.00    0.00  0.00  0.00  0.00   0.56  636.0    666948.  17.89  592.5 346010.
219 13 54 18 0.73  76.49  87.15  5.08 1724   18.46   609.7  414922.  -5.18  -2.47   0.00   0.00    0.00  0.00  0.00  0.00  -1.00   -1.0        -1.  18.95  614.4 378705.
219 13 55 39 0.73  76.49  87.14  5.08 1724   15.96   604.7  319336.  -3.95  -2.04   0.00   0.00    0.00  0.00  0.00  0.00  -1.00   -1.0        -1.  16.15  604.3 307229.
219 13 57 00 0.73  76.49  87.13  5.08 1724   20.39   628.2  548713.  -6.57  -1.03   0.00   0.00    0.00  0.00  0.00  0.00  -1.00   -1.0        -1.  20.03  632.4 493295.
219 13 58 21 0.73  76.49  87.11  5.08 1724   17.32   618.3  430973.  -5.31  -1.39   0.00   0.00    0.00  0.00  0.00  0.00  -1.00   -1.0        -1.  18.99  615.5 433926.
219 13 59 42 0.73  76.49  87.10  5.08 1724   15.55   607.6  342842.  -7.56  11.95   0.00   0.00    0.00  0.00  0.00  0.00   0.48  647.7    675017.  15.84  611.1 323410.
219 14 01 03 0.73  76.49  87.09  5.08 1724   16.20   611.8  320691.  -5.06  11.75   0.00   0.00    0.00  0.00  0.00  0.00  -1.00   -1.0        -1.  17.40  614.4 378858.
219 14 02 24 0.73  76.49  87.08  5.08 1724   16.30   613.0  339220.  -5.94  11.95   0.00   0.00    0.00  0.00  0.00  0.00  -1.00   -1.0        -1.  15.83  615.8 336043.
219 14 03 45 0.73  76.49  87.07  5.07 1724   17.32   626.8  323904.  -4.65  11.65   0.00   0.00    0.00  0.00  0.00  0.00  -1.00   -1.0        -1.  18.17  631.4 343089.
219 14 05 06 0.73  76.49  87.06  5.07 1724   16.52   573.5  344704.   0.00   9.52   0.00   0.00    0.00  0.00  0.00  0.00  -1.00   -1.0        -1.  16.09  570.5 310650.
219 14 06 27 0.73  76.49  87.04  5.07 1724   16.25   590.7  334845.  -4.31  11.10   0.00   0.00    0.00  0.00  0.00  0.00   0.49  623.6    650172.  16.79  588.7 307532.
219 14 07 48 0.73  76.49  87.03  5.07 1724   15.55   592.3  316416.  -4.09  11.52   0.00   0.00    0.00  0.00  0.00  0.00   0.45  647.2    581591.  16.41  592.5 356038.
219 14 09 09 0.73  76.49  87.02  5.07 1724   16.06   579.1  413837.  -4.14   9.60   0.00   0.00    0.00  0.00  0.00  0.00  -1.00   -1.0        -1.  16.75  577.8 406908.
219 14 10 30 0.73  76.49  87.01  5.07 1724   16.43   572.0  376886.  -1.65   0.00   0.00   0.00    0.00  0.00  0.00  0.00   0.47  646.9    645521.  17.03  570.6 315822.
219 14 11 51 0.73  76.49  87.00  5.07 1724   16.75   572.0  368726.  -3.43   1.11   0.00   0.00    0.00  0.00  0.00  0.00  -1.00   -1.0        -1.  17.68  571.3 362908.
219 14 13 12 0.73  76.49  86.99  5.07 1724   15.97   572.1  322751.  -4.49   0.44   0.00   0.00    0.00  0.00  0.00  0.00  -1.00   -1.0        -1.  17.24  575.2 361716.
219 14 14 33 0.73  76.49  86.97  5.07 1724   16.73   579.8  349440.  -5.75  -0.83   0.00   0.00    0.00  0.00  0.00  0.00   0.50  627.2    637607.  16.17  582.8 314984.
219 14 15 54 0.73  76.49  86.96  5.07 1724   16.12   633.1  322409.  -8.40  -2.17   0.00   0.00    0.00  0.00  0.00  0.00   0.51  638.9    595001.  16.97  634.8 322702.
219 14 17 15 0.73  76.49  86.95  5.07 1724   16.03   582.9  364873.  -6.63  -1.15   0.00   0.00    0.00  0.00  0.00  0.00   0.63  630.5    608176.  16.58  587.0 343450.
219 14 18 36 0.73  76.49  86.94  5.07 1724   13.85   593.7  282047.  -6.31  -1.32   0.00   0.00    0.00  0.00  0.00  0.00  -1.00   -1.0        -1.  15.32  595.7 293219.
219 14 19 57 0.73  76.49  86.92  5.07 1724   17.25   575.0  411027.  -0.94   3.10   0.00   0.00    0.00  0.00  0.00  0.00  -1.00   -1.0        -1.  17.01  576.5 395331.
219 14 21 18 0.73  76.49  86.91  5.07 1724   15.12   610.7  289737.   0.44   8.45   0.00   0.00    0.00  0.00  0.00  0.00   0.41  665.4    431460.  14.73  611.3 275684.
219 14 22 39 0.73  76.49  86.90  5.07 1724   15.34   580.0  362612.   0.00  -0.95   0.00   0.00    0.00  0.00  0.00  0.00   0.44  636.5    653187.  16.72  576.3 350775.
219 14 24 00 0.73  76.49  86.89  5.07 1724   16.19   587.3  375223.  -1.20   7.92   0.00   0.00    0.00  0.00  0.00  0.00   0.61  632.1   1039221.  17.67  587.6 366611.
219 14 25 21 0.73  76.49  86.87  5.07 1724   15.77   581.7  392443.  -4.92  -0.41   0.00   0.00    0.00  0.00  0.00  0.00  -1.00   -1.0        -1.  17.42  583.4 382041.
219 14 26 42 0.73  76.49  86.86  5.07 1724   14.56   602.6  249517.  -6.06  -1.87   0.00   0.00    0.00  0.00  0.00  0.00  -1.00   -1.0        -1.  15.33  606.2 316582.
219 14 28 03 0.73  76.49  86.85  5.07 1724   16.18   589.0  425217.  -0.16   0.00   0.00   0.00    0.00  0.00  0.00  0.00  -1.00   -1.0        -1.  17.36  587.0 387905.
219 14 29 24 0.73  76.49  86.84  5.07 1724   18.24   580.6  440975.  -0.80   7.23   0.00   0.00    0.00  0.00  0.00  0.00  -1.00   -1.0        -1.  18.88  581.1 409848.
219 14 30 45 0.73  76.49  86.82  5.07 1724   17.06   581.7  376724.  -0.23   5.67   0.00   0.00    0.00  0.00  0.00  0.00   0.58  630.7    689180.  17.03  582.1 340952.
219 14 32 06 0.73  76.49  86.81  5.07 1724   16.62   572.7  383399.  -3.79   0.57   0.00   0.00    0.00  0.00  0.00  0.00  -1.00   -1.0        -1.  17.87  575.9 405122.
219 14 33 27 0.73  76.49  86.80  5.07 1724   15.43   579.5  347491.  -1.43   2.14   0.00   0.00    0.00  0.00  0.00  0.00   0.50  631.2    721496.  15.72  579.2 315818.
219 14 34 48 0.73  76.49  86.79  5.07 1724   16.36   564.4  328253.  -3.76   2.94   0.00   0.00    0.00  0.00  0.00  0.00  -1.00   -1.0        -1.  16.33  563.0 303000.
219 14 36 09 0.73  76.49  86.78  5.07 1724   14.73   566.0  294859.   0.00   2.46   0.00   0.00    0.00  0.00  0.00  0.00   0.48  605.5    479719.  15.96  568.9 335062.
219 14 38 33 0.73  76.49  86.76  5.07 1724   15.29   582.0  284240.  -1.31   0.31   0.00   0.00    0.00  0.00  0.00  0.00   0.49  634.6    875771.  16.74  578.7 294336.
219 14 38 51 0.73  76.49  86.75  5.07 1724   22.26   607.4  511301.   0.00   4.65   0.00   0.00    0.00  0.00  0.00  0.00  -1.00   -1.0        -1.  21.63  605.6 511980.
219 14 40 12 0.73  76.49  86.74  5.07 1724   17.72   622.5  319983.   0.59   7.52   0.00   0.00    0.00  0.00  0.00  0.00  -1.00   -1.0        -1.  18.14  619.0 322049.
219 14 41 33 0.73  76.50  86.73  5.07 1724   18.11   632.7  382119.   1.07   7.63   0.00   0.00    0.00  0.00  0.00  0.00  -1.00   -1.0        -1.  18.77  629.4 336544.
219 14 42 54 0.73  76.50  86.72  5.07 1724   17.28   637.7  314308.   0.40   6.80   0.00   0.00    0.00  0.00  0.00  0.00  -1.00   -1.0        -1.  17.28  637.5 274306.
219 14 44 15 0.73  76.50  86.70  5.07 1724   15.88   642.3  302708.   0.02   6.88   0.00   0.00    0.00  0.00  0.00  0.00  -1.00   -1.0        -1.  16.31  640.9 289723.
219 14 45 36 0.73  76.50  86.69  5.07 1724   17.69   632.5  306648.  -1.17   7.92   0.00   0.00    0.00  0.00  0.00  0.00  -1.00   -1.0        -1.  17.57  631.8 254803.
219 14 46 57 0.73  76.50  86.68  5.07 1724   15.02   623.8  223832.   0.00   0.00   0.00   0.00    0.00  0.00  0.00  0.00  -1.00   -1.0        -1.  14.76  620.0 215269.
219 14 49 21 0.73  76.50  86.66  5.07 1724   17.37   580.3  346078.  -1.33   1.52   0.00   0.00    0.00  0.00  0.00  0.00   0.41  638.6    624445.  18.33  579.2 351438.
219 15 00 09 0.73  76.50  86.56  5.07 1724   14.71   584.7  291663.  -4.00  -2.35   0.00   0.00    0.00  0.00  0.00  0.00   0.33  612.5    555980.  16.00  582.3 295067.
219 15 10 57 0.73  76.50  86.47  5.07 1724   16.43   569.5  268232.  -1.12   7.19   0.00   0.00    0.00  0.00  0.00  0.00  -1.00   -1.0        -1.  17.13  572.4 281450.
219 15 21 45 0.73  76.50  86.37  5.07 1724   14.65   544.4  116129.  -2.08   5.12   0.00   0.00    0.00  0.00  0.00  0.00   0.32  609.8    554863.  15.73  543.9 150680.
219 15 32 33 0.73  76.51  86.27  5.07 1724   14.34   559.4  235877.  -2.03  -1.18   0.00   0.00    0.00  0.00  0.00  0.00   0.39  612.8    819950.  14.51  558.0 227415.
219 15 43 21 0.73  76.51  86.17  5.07 1724   13.21   543.4  200683.  -6.17  -0.64   0.00   0.00    0.00  0.00  0.00  0.00   0.43  585.2    900382.  14.37  543.8 180926.
219 15 54 09 0.73  76.51  86.08  5.07 1724   12.02   548.3  174689.  -0.51   2.63   0.00   0.00    0.00  0.00  0.00  0.00   0.29  618.0    783294.  12.93  549.5 205052.
219 16 04 57 0.73  76.51  85.98  5.07 1724   14.25   563.9  295382.  -1.35   5.50   0.00   0.00    0.00  0.00  0.00  0.00   0.34  614.5    601887.  14.49  566.1 264688.
219 16 15 45 0.73  76.51  85.88  5.06 1724   14.15   570.6  274443.  -1.87   0.80   0.00   0.00    0.00  0.00  0.00  0.00   0.35  635.5    644637.  15.48  574.6 309104.
219 16 26 33 0.73  76.52  85.79  5.06 1724   15.71   608.6  378111.  -3.19   8.16   0.00   0.00    0.00  0.00  0.00  0.00  -1.00   -1.0        -1.  15.26  610.1 348677.
219 16 37 21 0.73  76.52  85.69  5.06 1724   11.86   617.7  299495.  -0.31   4.91   0.00   0.00    0.00  0.00  0.00  0.00   0.48  627.7    623236.  12.57  621.3 306719.
219 16 48 09 0.73  76.52  85.59  5.06 1724   12.65   611.9  363506.   1.16   4.26   0.00   0.00    0.00  0.00  0.00  0.00  -1.00   -1.0        -1.  13.15  611.5 349859.
219 16 58 57 0.73  76.52  85.50  5.06 1724   11.29   625.4  300882.   1.49   2.49   0.00   0.00    0.00  0.00  0.00  0.00   0.36  645.8    552992.  11.59  626.6 304559.
219 17 09 45 0.73  76.53  85.40  5.06 1724   11.76   661.9  273173.  -1.67   6.68   0.00   0.00    0.00  0.00  0.00  0.00  -1.00   -1.0        -1.  12.44  663.1 295139.
219 17 20 33 0.73  76.53  85.30  5.06 1724   11.99   589.7  296185.  -2.63   0.58   0.00   0.00    0.00  0.00  0.00  0.00   0.44  639.2    729435.  12.52  591.3 270701.
219 17 31 21 0.73  76.53  85.20  5.06 1724   12.40   590.1  265214.  -6.07   0.52   0.00   0.00    0.00  0.00  0.00  0.00  -1.00   -1.0        -1.  12.88  593.8 292062.
219 17 42 09 0.73  76.53  85.11  5.06 1724   10.79   589.4  281492.  -4.56   0.19   0.00   0.00    0.00  0.00  0.00  0.00   0.48  654.6   1061765.  10.86  591.8 227145.
219 17 52 57 0.73  76.53  85.01  5.06 1724   11.47   587.3  247315.  -3.34   0.12   0.00   0.00    0.00  0.00  0.00  0.00   0.23  662.5    674341.  11.53  586.9 204036.
219 18 03 45 0.73  76.54  84.91  5.06 1724    9.80   571.5  200261.  -1.64   4.15   0.00   0.00    0.00  0.00  0.00  0.00   0.29  641.0    654084.  11.22  572.4 247909.
219 18 14 33 0.73  76.54  84.82  5.06 1724   10.95   573.7  301012.  -1.88   6.16   0.00   0.00    0.00  0.00  0.00  0.00   0.30  622.6    461190.  11.08  571.9 273826.
219 18 25 21 0.73  76.54  84.72  5.05 1724    9.65   575.8  332379.  -5.30   2.30   0.00   0.00    0.00  0.00  0.00  0.00  -1.00   -1.0        -1.   9.85  574.8 312112.
219 18 36 09 0.73  76.54  84.62  5.05 1724   10.16   576.0  229572.  -1.75   2.79   0.00   0.00    0.00  0.00  0.00  0.00   0.28  652.9    743585.   9.88  576.5 198166.
219 18 46 57 0.74  76.55  84.53  5.05 1724    9.67   586.5  306395.  -5.91   2.82   0.00   0.00    0.00  0.00  0.00  0.00   0.42  657.8    841637.  10.19  587.7 295308.
219 18 57 45 0.74  76.55  84.43  5.05 1724    8.96   584.1  249374.  -4.34  -0.37   0.00   0.00    0.00  0.00  0.00  0.00   0.33  687.2    678798.   9.68  581.5 214460.
219 19 08 32 0.74  76.55  84.33  5.05 1724    9.71   590.5  278883.  -1.80   3.76   0.00   0.00    0.00  0.00  0.00  0.00   0.38  643.8    678070.  10.23  590.0 264876.
219 19 30 08 0.74  76.55  84.14  5.05 1724    9.63   629.5  238827.  -1.72   7.57   0.00   0.00    0.00  0.00  0.00  0.00   0.47  652.4    845496.   9.55  624.9 238119.
219 19 31 10 0.74  76.55  84.13  5.05 1724    9.45   624.1  314321.   0.97   6.40   0.00   0.00    0.00  0.00  0.00  0.00   0.34  653.9    589166.   9.65  622.6 324817.
219 19 31 29 0.74  76.55  84.12  5.05 1724    8.46   638.6  223237.   0.68   5.73   0.00   0.00    0.00  0.00  0.00  0.00   0.36  660.0    882476.   8.71  641.3 238547.
219 19 32 10 0.74  76.55  84.12  5.05 1724    8.79   624.6  281303.   0.52   5.74   0.00   0.00    0.00  0.00  0.00  0.00   0.39  656.6    573418.   9.59  618.9 293943.
219 19 32 50 0.74  76.55  84.11  5.05 1724    9.50   613.5  274638.   0.11   5.79   0.00   0.00    0.00  0.00  0.00  0.00   0.42  655.8    827330.   9.44  611.6 251944.
219 19 33 31 0.74  76.56  84.11  5.05 1724    8.32   611.5  227714.   0.32   5.12   0.00   0.00    0.00  0.00  0.00  0.00   0.36  646.0    851187.   8.73  614.0 263343.
219 19 34 11 0.74  76.56  84.10  5.05 1724    8.12   621.0  218849.  -2.52   7.21   0.00   0.00    0.00  0.00  0.00  0.00   0.35  653.6    907970.   8.63  621.2 219758.
219 19 34 52 0.74  76.56  84.09  5.05 1724    8.34   611.6  200095.  -1.17   6.29   0.00   0.00    0.00  0.00  0.00  0.00   0.35  653.4    604057.   8.83  615.6 232655.
219 19 35 32 0.74  76.56  84.09  5.05 1724    8.44   603.4  265360.  -1.61   5.87   0.00   0.00    0.00  0.00  0.00  0.00   0.31  639.5    558163.   8.41  604.9 234487.
219 19 36 13 0.74  76.56  84.08  5.05 1724    8.19   599.1  233896.  -0.96   5.45   0.00   0.00    0.00  0.00  0.00  0.00   0.29  642.9    922172.   9.60  598.8 292426.
219 19 36 53 0.74  76.56  84.08  5.05 1724    9.00   605.1  281388.  -2.14   6.01   0.00   0.00    0.00  0.00  0.00  0.00   0.36  638.2    631786.   9.83  600.8 264649.
219 19 37 34 0.74  76.56  84.07  5.05 1724    8.40   589.4  268846.  -2.98   5.11   0.00   0.00    0.00  0.00  0.00  0.00   0.37  640.2    677486.   8.00  589.7 227064.
219 19 38 14 0.74  76.56  84.06  5.05 1724    7.68   593.0  247344.  -1.54   4.52   0.00   0.00    0.00  0.00  0.00  0.00   0.32  657.3    750173.   8.00  594.4 232346.
219 19 38 55 0.74  76.56  84.06  5.05 1724    8.75   593.6  269859.  -4.50   5.27   0.00   0.00    0.00  0.00  0.00  0.00   0.41  652.8    657917.  10.38  595.5 287632.
219 19 39 35 0.74  76.56  84.05  5.05 1724    7.55   608.5  253126.  -5.87   6.32   0.00   0.00    0.00  0.00  0.00  0.00   0.39  653.7    970471.   8.29  608.2 214833.
219 19 40 16 0.74  76.56  84.04  5.05 1724    9.40   589.9  249478.  -0.29   3.91   0.00   0.00    0.00  0.00  0.00  0.00   0.37  640.6    927474.   9.42  587.9 217335.
219 19 40 56 0.74  76.56  84.04  5.05 1724    8.87   587.3  204815.   0.96   0.05   0.00   0.00    0.00  0.00  0.00  0.00   0.34  662.1    851993.   9.67  586.9 241633.
219 19 41 37 0.74  76.56  84.03  5.05 1724    9.05   590.3  235208.   0.80   0.60   0.00   0.00    0.00  0.00  0.00  0.00   0.29  655.4    690895.   9.09  587.9 213437.
219 19 42 17 0.74  76.56  84.03  5.05 1724    8.68   600.2  272526.   1.52   0.96   0.00   0.00    0.00  0.00  0.00  0.00   0.27  641.3    521157.   8.73  602.3 241140.
219 19 42 58 0.74  76.56  84.02  5.05 1724    9.11   589.5  248864.   0.42   2.12   0.00   0.00    0.00  0.00  0.00  0.00   0.35  645.3    953760.   9.42  588.2 200102.
219 19 43 38 0.74  76.56  84.01  5.05 1724    9.01   586.1  210185.   0.00   4.27   0.00   0.00    0.00  0.00  0.00  0.00  -1.00   -1.0        -1.   9.11  589.3 246730.
219 19 44 19 0.74  76.56  84.01  5.05 1724    9.03   586.1  233265.  -1.05   3.79   0.00   0.00    0.00  0.00  0.00  0.00   0.32  656.9    633917.   9.68  583.4 194794.
219 19 44 59 0.74  76.56  84.00  5.05 1724    8.74   603.4  261865.  -0.53   5.12   0.00   0.00    0.00  0.00  0.00  0.00   0.33  634.2    735958.   9.30  603.8 235744.
219 19 45 40 0.74  76.56  84.00  5.05 1724    8.25   598.5  202493.  -6.70   5.85   0.00   0.00    0.00  0.00  0.00  0.00   0.42  645.4    932775.   8.88  601.5 245869.
219 19 46 20 0.74  76.56  83.99  5.05 1724    9.12   592.3  252970.   1.01   0.51   0.00   0.00    0.00  0.00  0.00  0.00   0.43  658.2    918404.   9.08  586.1 255907.
219 19 47 01 0.74  76.56  83.98  5.05 1724    9.59   605.7  297247.  -2.06   6.68   0.00   0.00    0.00  0.00  0.00  0.00   0.40  638.4    943586.   8.61  612.7 287752.
219 19 47 41 0.74  76.56  83.98  5.05 1724    9.48   590.8  258866.  -3.15   4.97   0.00   0.00    0.00  0.00  0.00  0.00   0.38  656.8    942352.   9.75  589.8 248000.
219 19 48 22 0.74  76.56  83.97  5.05 1724    9.12   582.9  226505.  -2.53   4.27   0.00   0.00    0.00  0.00  0.00  0.00  -1.00   -1.0        -1.   9.51  582.8 192491.
219 19 49 02 0.74  76.56  83.97  5.05 1724    9.01   579.9  201248.  -2.87   4.11   0.00   0.00    0.00  0.00  0.00  0.00   0.32  654.8    854462.   9.81  584.9 256151.
219 19 49 43 0.74  76.56  83.96  5.05 1724   10.21   609.5  299713.   0.00   4.02   0.00   0.00    0.00  0.00  0.00  0.00   0.45  634.6   1015351.  10.47  612.8 317521.
219 19 50 23 0.74  76.56  83.95  5.05 1724   10.08   660.0  308746.   1.73   3.92   0.00   0.00    0.00  0.00  0.00  0.00   0.40  641.2    499431.   9.92  661.9 258174.
219 19 51 04 0.74  76.56  83.95  5.05 1724    9.47   605.4  239639.  -0.13   5.82   0.00   0.00    0.00  0.00  0.00  0.00   0.43  644.5    857736.   9.44  607.4 298738.
219 19 51 44 0.74  76.56  83.94  5.05 1724    8.73   623.0  278006.   1.12   4.58   0.00   0.00    0.00  0.00  0.00  0.00   0.40  638.3    609827.   9.31  620.8 253419.
219 19 52 25 0.74  76.56  83.94  5.05 1724    8.41   604.0  239551.   1.52   3.18   0.00   0.00    0.00  0.00  0.00  0.00   0.36  641.5    792533.   9.49  604.4 296665.
219 19 53 05 0.74  76.56  83.93  5.05 1724    8.96   601.6  272429.   0.81   4.21   0.00   0.00    0.00  0.00  0.00  0.00   0.31  638.6    607059.   9.66  596.5 248819.
219 19 53 46 0.74  76.56  83.92  5.05 1724    9.49   611.3  246828.   1.02   3.87   0.00   0.00    0.00  0.00  0.00  0.00   0.37  641.6    912284.   9.19  610.2 264658.
219 19 54 26 0.74  76.56  83.92  5.05 1724    9.01   618.2  267342.   2.38   2.64   0.00   0.00    0.00  0.00  0.00  0.00   0.34  641.9    613738.   9.48  615.5 252074.
219 19 55 07 0.74  76.56  83.91  5.05 1724    8.89   592.1  262557.   0.54   3.80   0.00   0.00    0.00  0.00  0.00  0.00   0.38  638.1    847289.   8.90  589.7 223955.
219 19 55 47 0.74  76.56  83.91  5.05 1724    8.82   567.6  201307.   0.00   1.80   0.00   0.00    0.00  0.00  0.00  0.00   0.38  648.3    802980.   9.42  563.0 190139.
219 19 56 28 0.74  76.56  83.90  5.05 1724    8.41   605.4  224991.   1.16   2.88   0.00   0.00    0.00  0.00  0.00  0.00   0.44  642.6   1010180.   8.95  603.6 273039.
219 19 57 08 0.74  76.56  83.90  5.05 1724   10.25   613.0  300372.   0.13   4.98   0.00   0.00    0.00  0.00  0.00  0.00   0.29  641.3    614154.  10.22  613.3 272601.
219 19 57 49 0.74  76.56  83.89  5.05 1724    8.55   585.3  236273.   0.74   1.40   0.00   0.00    0.00  0.00  0.00  0.00   0.31  642.1    862973.   8.77  582.5 202834.
219 19 58 29 0.74  76.56  83.88  5.05 1724   11.49   607.5  294258.   0.81   3.06   0.00   0.00    0.00  0.00  0.00  0.00   0.40  647.7    773133.  11.87  604.0 309260.
219 19 59 10 0.74  76.56  83.88  5.05 1724    9.21   625.5  289097.   0.28   5.46   0.00   0.00    0.00  0.00  0.00  0.00   0.29  658.9    462723.  10.67  620.8 286849.
219 19 59 50 0.74  76.56  83.87  5.05 1724    8.64   636.0  228191.  -0.58   6.54   0.00   0.00    0.00  0.00  0.00  0.00   0.45  653.6    804656.   9.01  634.8 256729.
219 20 00 31 0.74  76.56  83.87  5.05 1724    8.42   604.1  245551.   2.04   1.39   0.00   0.00    0.00  0.00  0.00  0.00   0.35  657.4    664206.   9.36  602.4 263226.
219 20 01 11 0.74  76.56  83.86  5.05 1724    9.66   600.6  277295.   1.28   0.58   0.00   0.00    0.00  0.00  0.00  0.00   0.41  652.7    852889.   9.76  597.0 274644.
219 20 01 52 0.74  76.56  83.85  5.05 1724    8.66   667.0  213411.  -1.36   0.00   0.00   0.00    0.00  0.00  0.00  0.00   0.30  654.6    635100.   8.57  661.8 184529.
219 20 02 32 0.74  76.56  83.85  5.05 1724    8.38   602.2  252305.   1.68   1.98   0.00   0.00    0.00  0.00  0.00  0.00   0.35  642.1    482929.   8.19  601.3 223929.
219 20 03 13 0.74  76.56  83.84  5.05 1724    8.22   586.5  240457.   0.03   0.00   0.00   0.00    0.00  0.00  0.00  0.00   0.32  625.2    534995.   8.04  581.5 187631.
219 20 03 53 0.74  76.56  83.83  5.05 1724    9.15   589.2  209948.   0.06  -1.78   0.00   0.00    0.00  0.00  0.00  0.00   0.29  644.9    555642.  10.02  590.0 244914.
219 20 04 54 0.74  76.56  83.82  5.05 1724    7.92   584.6  203737.  -0.50  -3.26   0.00   0.00    0.00  0.00  0.00  0.00   0.31  645.6    778097.   8.95  588.8 248991.
219 20 06 15 0.74  76.56  83.81  5.05 1724    9.34   579.0  229841.  -0.01   1.46   0.00   0.00    0.00  0.00  0.00  0.00   0.34  641.8    855891.   9.56  580.9 205182.
219 20 07 36 0.74  76.56  83.80  5.05 1724    8.66   589.6  259367.   0.99   2.52   0.00   0.00    0.00  0.00  0.00  0.00   0.37  635.1    657735.   9.98  584.2 253425.
219 20 08 57 0.74  76.56  83.79  5.05 1724    8.09   616.7  217426.  -3.15   7.19   0.00   0.00    0.00  0.00  0.00  0.00   0.32  660.1    595339.   8.45  619.1 267368.
219 20 10 18 0.74  76.56  83.78  5.05 1724    8.32   578.9  184054.  -0.79   3.17   0.00   0.00    0.00  0.00  0.00  0.00   0.26  652.3    926577.   9.00  573.8 171538.
219 20 11 39 0.74  76.56  83.76  5.05 1724    8.35   574.0  218010.   0.04   0.69   0.00   0.00    0.00  0.00  0.00  0.00  -1.00   -1.0        -1.   8.29  566.9 124880.
219 20 13 00 0.74  76.56  83.75  5.05 1724    8.86   581.7  180533.   0.77   0.76   0.00   0.00    0.00  0.00  0.00  0.00   0.32  643.8    459553.  10.24  580.4 225498.
219 20 14 21 0.74  76.56  83.74  5.05 1724    8.32   583.5  216143.  -1.89  -5.13   0.00   0.00    0.00  0.00  0.00  0.00   0.37  608.5    671015.   9.26  583.2 194177.
219 20 15 42 0.74  76.56  83.73  5.05 1724    7.40   569.5  105315.  -1.20  -2.71   0.00   0.00    0.00  0.00  0.00  0.00   0.33  649.1    966728.   8.86  568.8 129097.
219 20 17 03 0.74  76.56  83.72  5.05 1724    8.90   573.1  224114.  -2.48   2.67   0.00   0.00    0.00  0.00  0.00  0.00   0.33  642.6    867027.   8.69  568.9 120742.
219 20 18 24 0.74  76.56  83.70  5.05 1724    8.30   579.5  179835.  -1.83   3.84   0.00   0.00    0.00  0.00  0.00  0.00   0.32  650.9    881853.   8.62  574.6 153551.
219 20 19 45 0.74  76.56  83.69  5.05 1724    9.93   628.7  346952.  -5.31  -7.92   0.00   0.00    0.00  0.00  0.00  0.00   0.24  659.2    643585.   9.49  636.5 340818.
219 20 21 06 0.74  76.56  83.68  5.05 1724   10.84   614.3  318768.   0.16  -5.67   0.00   0.00    0.00  0.00  0.00  0.00   0.39  665.2    855254.  11.22  620.7 377367.
219 20 22 27 0.74  76.57  83.67  5.05 1724   10.36   599.7  260543.   0.00  -1.18   0.00   0.00    0.00  0.00  0.00  0.00   0.41  636.0    982711.   9.60  600.8 230923.
219 20 23 48 0.74  76.57  83.66  5.05 1724   11.30   576.5  190035.  -2.61   2.41   0.00   0.00    0.00  0.00  0.00  0.00   0.27  647.2    497677.  12.28  579.6 258827.
219 20 25 09 0.74  76.57  83.64  5.05 1724    9.00   575.0  232687.  -0.96   0.64   0.00   0.00    0.00  0.00  0.00  0.00  -1.00   -1.0        -1.   9.26  576.8 199316.
219 20 26 30 0.74  76.57  83.63  5.04 1724    9.35   567.5  183814.  -2.70  -1.33   0.00   0.00    0.00  0.00  0.00  0.00   0.33  636.6    696573.  10.52  570.2 272461.
219 20 27 51 0.74  76.57  83.62  5.04 1724    8.78   596.1  201193.   0.00  -1.65   0.00   0.00    0.00  0.00  0.00  0.00   0.37  635.5   1123888.   8.87  594.0 178178.
219 20 29 12 0.74  76.57  83.61  5.04 1724    8.87   586.6  172181.   0.26   1.52   0.00   0.00    0.00  0.00  0.00  0.00   0.33  645.5    537802.   9.10  587.5 199809.
219 20 30 33 0.74  76.57  83.59  5.04 1724    9.48   595.4  202106.   1.00  -2.03   0.00   0.00    0.00  0.00  0.00  0.00   0.33  645.6    861751.  10.09  589.1 181647.
219 20 31 54 0.74  76.57  83.58  5.04 1724    9.61   603.4  282385.   0.80   2.85   0.00   0.00    0.00  0.00  0.00  0.00   0.34  666.4    902058.   9.78  605.3 225352.
219 20 33 15 0.74  76.57  83.57  5.04 1724    9.77   582.8  226174.  -1.14   2.33   0.00   0.00    0.00  0.00  0.00  0.00   0.38  642.5    869612.  10.07  580.9 233428.
219 20 34 36 0.74  76.57  83.56  5.04 1724    9.03   595.8  246889.  -4.35   5.64   0.00   0.00    0.00  0.00  0.00  0.00   0.32  633.3    701420.   9.28  595.5 210143.
219 20 35 57 0.74  76.57  83.54  5.04 1724    8.39   612.7  198182. -11.40   0.82   0.00   0.00    0.00  0.00  0.00  0.00   0.26  652.4    402302.   8.95  620.0 214444.
219 20 37 18 0.74  76.57  83.53  5.04 1724    9.53   591.3  261907.  -1.72   4.06   0.00   0.00    0.00  0.00  0.00  0.00   0.33  654.7   1123174.   9.40  589.4 241484.
219 20 38 39 0.74  76.57  83.52  5.04 1724    8.65   612.7  211692.   0.66   4.62   0.00   0.00    0.00  0.00  0.00  0.00   0.37  648.6    827486.   8.94  617.1 219138.
219 20 50 47 0.74  76.57  83.41  5.04 1724    8.49   608.0  267621.  -0.14   2.16   0.00   0.00    0.00  0.00  0.00  0.00   0.36  668.3    868157.   9.11  605.9 237371.
219 20 52 09 0.74  76.57  83.40  5.04 1724    8.75   605.7  211413.   1.29   0.84   0.00   0.00    0.00  0.00  0.00  0.00   0.20  664.2    522456.   9.07  605.3 256099.
219 20 53 30 0.74  76.57  83.39  5.04 1724    9.55   608.7  277932.   0.68   1.53   0.00   0.00    0.00  0.00  0.00  0.00   0.31  634.2    690648.   9.75  609.4 247831.
219 20 54 51 0.74  76.57  83.38  5.04 1724    8.90   598.9  216399.  -1.77  -4.58   0.00   0.00    0.00  0.00  0.00  0.00   0.27  653.2    749211.   9.02  596.0 196256.
219 20 56 12 0.74  76.57  83.36  5.04 1724    9.17   579.0  167646.  -3.19  -3.40   0.00   0.00    0.00  0.00  0.00  0.00   0.28  642.6    544260.   9.59  577.6 159675.
219 20 57 33 0.74  76.57  83.35  5.04 1724    8.24   577.9  137666.  -4.41  -3.60   0.00   0.00    0.00  0.00  0.00  0.00   0.26  626.2    553122.   9.42  580.5 185714.
219 20 58 54 0.74  76.57  83.34  5.04 1724    8.75   662.2  224936.  -1.41  -6.45   0.00   0.00    0.00  0.00  0.00  0.00   0.42  662.0    870470.   9.23  661.8 230221.
219 21 00 15 0.74  76.57  83.33  5.04 1724    9.34   626.1  286832.  -1.68  -6.62   0.00   0.00    0.00  0.00  0.00  0.00   0.28  665.0    433085.   9.62  627.0 297335.
219 21 01 36 0.74  76.57  83.32  5.04 1724    8.61   618.9  215607.  -0.79  -4.96   0.00   0.00    0.00  0.00  0.00  0.00   0.40  657.1    759736.   9.17  615.2 207632.
219 21 02 57 0.74  76.57  83.30  5.04 1724    8.72   601.8  207593.  -2.55  -5.27   0.00   0.00    0.00  0.00  0.00  0.00   0.30  651.0    716623.   9.50  602.8 257236.
219 21 04 18 0.74  76.57  83.29  5.04 1724   10.11   587.8  255004.  -2.10   2.86   0.00   0.00    0.00  0.00  0.00  0.00   0.36  636.8    784620.  10.20  588.8 249095.
219 21 05 39 0.74  76.57  83.28  5.04 1724    9.53   580.2  224758.  -2.55  -0.13   0.00   0.00    0.00  0.00  0.00  0.00   0.26  657.0    788557.  10.05  579.3 203964.
219 21 07 00 0.74  76.57  83.27  5.04 1724    8.95   582.2  191633.  -3.26   3.43   0.00   0.00    0.00  0.00  0.00  0.00   0.33  650.1   1088714.   8.86  586.0 204451.
219 21 08 21 0.74  76.57  83.25  5.04 1724    8.22   610.2  189278.   0.24   4.18   0.00   0.00    0.00  0.00  0.00  0.00   0.32  658.1    590037.   8.18  604.5 170492.
219 21 09 42 0.74  76.57  83.24  5.04 1724    9.19   613.9  253126.   1.23   0.85   0.00   0.00    0.00  0.00  0.00  0.00   0.41  657.5    853942.   9.55  611.5 214034.
219 21 11 03 0.74  76.57  83.23  5.04 1724    9.89   640.0  280387.   0.00  -3.51   0.00   0.00    0.00  0.00  0.00  0.00   0.34  652.9    563958.  10.13  640.9 239236.
219 21 12 24 0.74  76.58  83.22  5.04 1724    9.72   589.3  178769.  -0.41   0.51   0.00   0.00    0.00  0.00  0.00  0.00   0.32  664.9    906398.  10.05  592.8 207307.
219 21 13 45 0.74  76.58  83.20  5.04 1724    8.45   643.8  214129.   0.00  -4.37   0.00   0.00    0.00  0.00  0.00  0.00   0.34  650.1    617506.   8.92  641.7 214190.
219 21 15 06 0.74  76.58  83.19  5.04 1724    8.18   619.6  237267.   1.62  -1.96   0.00   0.00    0.00  0.00  0.00  0.00   0.33  664.9    840974.   9.40  621.9 276772.
219 21 16 27 0.74  76.58  83.18  5.04 1724    9.39   641.6  203363.   0.00  -3.69   0.00   0.00    0.00  0.00  0.00  0.00   0.34  657.2    707475.   9.70  639.0 225401.
219 21 17 48 0.74  76.58  83.17  5.04 1724   10.20   620.4  258009.   0.19  -4.43   0.00   0.00    0.00  0.00  0.00  0.00   0.40  649.8    875810.  10.77  619.6 242475.
219 21 19 09 0.74  76.58  83.16  5.04 1724    9.96   618.6  226164.   0.00  -2.56   0.00   0.00    0.00  0.00  0.00  0.00   0.41  636.9    925928.  10.20  619.3 242556.
219 21 20 30 0.74  76.58  83.14  5.04 1724    9.40   625.5  245938.   0.98  -3.08   0.00   0.00    0.00  0.00  0.00  0.00   0.36  657.3    862102.  10.27  620.8 245402.
219 21 21 51 0.74  76.58  83.13  5.04 1724    9.38   637.0  202158.   0.00   3.78   0.00   0.00    0.00  0.00  0.00  0.00   0.34  661.8    566154.   9.94  633.7 217611.
219 21 23 12 0.74  76.58  83.12  5.04 1724    9.02   640.5  233905.   1.85   0.91   0.00   0.00    0.00  0.00  0.00  0.00   0.34  664.3    995133.   9.75  641.1 262290.
219 21 24 33 0.74  76.58  83.11  5.04 1724    8.89   664.3  223656.   0.00  -0.47   0.00   0.00    0.00  0.00  0.00  0.00   0.34  651.3    581448.   8.54  662.8 181251.
219 21 25 54 0.74  76.58  83.10  5.04 1724    8.81   647.2  227389.   2.02  -0.57   0.00   0.00    0.00  0.00  0.00  0.00   0.33  654.9    911829.   9.31  649.4 236923.
219 21 27 15 0.74  76.58  83.09  5.04 1724    9.26   630.9  281437.   0.00  -0.05   0.00   0.00    0.00  0.00  0.00  0.00   0.33  649.4    616843.   8.89  635.8 217653.
219 21 28 36 0.74  76.58  83.07  5.04 1724    9.22   635.7  238313.   1.82  -1.36   0.00   0.00    0.00  0.00  0.00  0.00   0.34  651.4    847393.   9.22  635.7 245905.
219 21 29 57 0.74  76.58  83.06  5.04 1724    9.00   613.1  213882.   0.00   0.54   0.00   0.00    0.00  0.00  0.00  0.00   0.41  644.2    981905.   9.57  612.7 264441.
219 21 31 18 0.74  76.58  83.05  5.04 1724    8.85   619.4  209659.   1.69   0.40   0.00   0.00    0.00  0.00  0.00  0.00   0.35  653.2    785062.   9.05  618.0 211806.
219 21 32 39 0.74  76.58  83.04  5.04 1724    8.30   637.4  202155.   0.00  -1.11   0.00   0.00    0.00  0.00  0.00  0.00   0.33  657.1    532500.   9.28  631.6 213940.
219 21 34 00 0.74  76.58  83.02  5.04 1724    8.85   632.0  224988.   1.42   0.10   0.00   0.00    0.00  0.00  0.00  0.00   0.33  657.9    943534.   9.79  632.4 259321.
219 21 35 21 0.74  76.58  83.01  5.04 1724    9.40   591.4  244060.  -1.15   2.83   0.00   0.00    0.00  0.00  0.00  0.00   0.42  643.0    724900.   9.35  597.1 253588.
219 21 36 42 0.74  76.58  83.00  5.04 1724    9.49   575.8  173666.  -2.75   1.13   0.00   0.00    0.00  0.00  0.00  0.00   0.27  637.2    691779.   9.85  579.1 186413.
219 21 38 03 0.74  76.58  82.99  5.04 1724    9.89   581.6  201992.  -4.90   2.36   0.00   0.00    0.00  0.00  0.00  0.00   0.33  615.1    664154.  10.29  580.5 183850.
219 21 39 24 0.74  76.58  82.98  5.04 1724   10.15   638.5  343157.  -9.32   3.48   0.00   0.00    0.00  0.00  0.00  0.00   0.26  658.0    889636.  11.68  635.2 332970.
219 21 40 45 0.74  76.58  82.96  5.04 1724    9.69   588.8  198101.  -9.41   0.16   0.00   0.00    0.00  0.00  0.00  0.00   0.39  640.8    823627.  10.05  590.3 189109.
219 21 42 06 0.74  76.58  82.95  5.04 1724    9.70   607.7  230270. -10.67   1.79   0.00   0.00    0.00  0.00  0.00  0.00   0.37  654.9    845990.  10.02  613.3 229819.
219 21 43 27 0.74  76.58  82.94  5.04 1724    8.08   619.4  212319. -10.08   0.88   0.00   0.00    0.00  0.00  0.00  0.00   0.40  646.6    600770.   8.54  619.8 252899.
219 21 44 48 0.74  76.58  82.93  5.04 1724   10.57   613.1  324190.   0.47   1.50   0.00   0.00    0.00  0.00  0.00  0.00   0.39  653.1    920561.  10.12  622.5 310260.
219 21 46 09 0.74  76.58  82.91  5.04 1724    8.77   595.7  198068.   0.50   1.04   0.00   0.00    0.00  0.00  0.00  0.00   0.31  650.6    766623.   9.03  590.7 192637.
219 21 47 30 0.74  76.58  82.90  5.04 1724    9.95   662.6  211663.   0.73   2.69   0.00   0.00    0.00  0.00  0.00  0.00   0.35  656.6    840766.  10.09  657.4 202584.
219 21 48 51 0.74  76.58  82.89  5.04 1724   10.54   653.2  269404.   0.00  -1.92   0.00   0.00    0.00  0.00  0.00  0.00   0.29  647.5    706709.  10.90  653.0 297802.
219 21 50 12 0.74  76.58  82.88  5.04 1724    9.34   668.2  216721.  -0.48  -4.51   0.00   0.00    0.00  0.00  0.00  0.00   0.38  654.1    705643.  10.20  664.9 221509.
219 21 51 33 0.74  76.58  82.86  5.04 1724    8.50   598.3  202863.  -1.80   4.80   0.00   0.00    0.00  0.00  0.00  0.00   0.36  644.4    762998.   9.10  597.2 183898.
219 21 52 54 0.74  76.58  82.85  5.04 1724    8.15   604.5  249651.  -3.82   4.93   0.00   0.00    0.00  0.00  0.00  0.00   0.28  646.1    523015.   8.90  610.9 327259.
219 21 54 15 0.74  76.58  82.84  5.04 1724    8.48   595.4  208710.   0.11  -0.14   0.00   0.00    0.00  0.00  0.00  0.00   0.37  645.4    867897.   9.39  597.1 276574.
219 21 55 36 0.74  76.58  82.83  5.04 1724    9.26   587.7  186929.  -1.73  -1.39   0.00   0.00    0.00  0.00  0.00  0.00   0.36  654.6    851928.  10.00  587.0 221340.
219 21 56 17 0.74  76.58  82.82  5.04 1724    9.09   587.2  219550.   0.00   0.00   0.00   0.00    0.00  0.00  0.00  0.00   0.30  643.1    871497.   9.21  587.2 195817.
219 21 56 57 0.74  76.58  82.82  5.04 1724    8.56   578.4  206924.  -3.16  -2.26   0.00   0.00    0.00  0.00  0.00  0.00   0.35  643.7    799822.   9.03  579.6 179006.
219 21 58 18 0.74  76.58  82.81  5.04 1724    8.94   572.8  182336.  -6.06  -0.63   0.00   0.00    0.00  0.00  0.00  0.00   0.33  649.9    968067.   9.90  575.9 207417.
219 21 59 39 0.74  76.58  82.79  5.04 1724    7.46   582.7  248604.  -8.15  -0.97   0.00   0.00    0.00  0.00  0.00  0.00   0.40  632.2    900486.   7.71  581.7 197818.
219 22 01 00 0.74  76.59  82.78  5.04 1724    8.50   578.7  204832.  -6.82   1.12   0.00   0.00    0.00  0.00  0.00  0.00   0.29  635.7    603901.   8.62  585.3 243651.
219 22 02 21 0.74  76.59  82.77  5.04 1724    7.83   580.9  227899.  -4.91   2.86   0.00   0.00    0.00  0.00  0.00  0.00   0.28  624.9    492219.   9.05  579.2 184581.
219 22 03 42 0.74  76.59  82.76  5.04 1724    8.18   585.2  254517.  -5.36   4.15   0.00   0.00    0.00  0.00  0.00  0.00   0.37  647.9    928202.   8.91  588.5 255293.
219 22 05 03 0.74  76.59  82.75  5.04 1724    8.39   593.9  209691.  -8.60   4.16   0.00   0.00    0.00  0.00  0.00  0.00   0.37  637.0    798055.   9.39  597.5 214499.
219 22 06 24 0.74  76.59  82.73  5.04 1724    9.00   612.8  213264.  -5.35   6.06   0.00   0.00    0.00  0.00  0.00  0.00   0.35  634.2    625835.   9.34  614.8 232824.
219 22 07 45 0.74  76.59  82.72  5.04 1724    8.46   619.8  160315.  -4.67   5.88   0.00   0.00    0.00  0.00  0.00  0.00   0.31  649.7    603979.   9.34  620.1 209539.
219 22 09 06 0.74  76.59  82.71  5.04 1724    9.40   614.1  249504.  -1.73   5.16   0.00   0.00    0.00  0.00  0.00  0.00   0.33  642.5    552342.   9.38  616.2 211608.
219 22 10 27 0.74  76.59  82.70  5.04 1724    8.37   596.7  213966.   0.18   1.04   0.00   0.00    0.00  0.00  0.00  0.00   0.34  643.8    903526.   9.14  591.1 196798.
219 22 11 48 0.74  76.59  82.68  5.04 1724    9.92   613.2  265633.  -6.32   5.46   0.00   0.00    0.00  0.00  0.00  0.00   0.39  643.8    902825.   9.71  617.5 223741.
219 22 13 09 0.74  76.59  82.67  5.04 1724    9.41   615.0  225069.  -5.35   6.03   0.00   0.00    0.00  0.00  0.00  0.00   0.36  638.6   1011583.  10.10  618.6 253260.
219 22 14 30 0.74  76.59  82.66  5.04 1724    9.45   582.8  190519.  -1.23  -0.65   0.00   0.00    0.00  0.00  0.00  0.00   0.34  649.6    727213.   9.96  583.0 225843.
219 22 15 51 0.74  76.59  82.65  5.04 1724    9.83   578.8  215792.  -2.31   1.11   0.00   0.00    0.00  0.00  0.00  0.00   0.29  654.1    640609.   9.67  581.7 194320.
219 22 17 12 0.74  76.59  82.64  5.04 1724    8.56   579.9  190207.  -2.66   3.27   0.00   0.00    0.00  0.00  0.00  0.00   0.39  650.6    909529.   9.59  586.3 239623.
219 22 18 33 0.74  76.59  82.62  5.04 1724   10.00   579.4  205787.  -4.52   3.62   0.00   0.00    0.00  0.00  0.00  0.00   0.26  657.9    670560.   9.75  580.9 180614.
219 22 19 54 0.74  76.59  82.61  5.04 1724    9.02   575.2  156754.  -5.32   3.50   0.00   0.00    0.00  0.00  0.00  0.00   0.31  650.9    778188.   9.25  575.7 125478.
219 22 21 15 0.74  76.59  82.60  5.04 1724    8.93   568.0  140596.  -3.64   2.09   0.00   0.00    0.00  0.00  0.00  0.00   0.34  646.5    820067.   9.21  569.4 115021.
219 22 22 36 0.74  76.59  82.59  5.04 1724    9.97   599.0  279166.  -1.05  -3.48   0.00   0.00    0.00  0.00  0.00  0.00   0.33  650.8    806125.   9.47  605.4 231609.
219 22 23 57 0.74  76.59  82.57  5.04 1724    7.73   600.8  181819.  -1.06  -4.32   0.00   0.00    0.00  0.00  0.00  0.00   0.30  642.3    839532.   8.32  598.9 167923.
219 22 25 18 0.74  76.59  82.56  5.04 1724    9.15   583.2  172090.  -1.63  -2.03   0.00   0.00    0.00  0.00  0.00  0.00   0.31  654.3    912310.   9.22  586.1 203181.
219 22 26 39 0.74  76.59  82.55  5.04 1724    8.96   614.7  199234.  -5.64  -7.26   0.00   0.00    0.00  0.00  0.00  0.00   0.42  643.6    892404.   8.75  611.9 188605.
219 22 28 00 0.74  76.59  82.54  5.04 1724    9.57   622.6  234776.  -5.36  -7.19   0.00   0.00    0.00  0.00  0.00  0.00   0.37  647.5    791649.  10.18  623.1 221343.
219 22 29 21 0.74  76.59  82.53  5.04 1724    8.43   582.1  178220.  -8.07  -3.11   0.00   0.00    0.00  0.00  0.00  0.00   0.33  640.5    901395.   8.74  583.1 167257.
219 22 30 42 0.74  76.59  82.51  5.04 1724    8.76   568.6  160841.  -4.33   0.51   0.00   0.00    0.00  0.00  0.00  0.00   0.31  651.3    839402.   9.18  567.8 153821.
219 22 32 03 0.74  76.59  82.50  5.04 1724   10.46   601.7  275261.  -2.72  -4.49   0.00   0.00    0.00  0.00  0.00  0.00   0.36  641.8    769508.   9.63  612.4 318550.
219 22 33 24 0.74  76.59  82.49  5.04 1724    8.91   571.1  162254.  -7.56  -2.20   0.00   0.00    0.00  0.00  0.00  0.00   0.30  633.7    640401.   9.19  571.9 147581.
219 22 34 45 0.74  76.59  82.48  5.03 1724    7.07   578.2  125608.  -4.80  -3.84   0.00   0.00    0.00  0.00  0.00  0.00   0.32  666.8    944418.   8.93  580.2 165977.
219 22 36 06 0.74  76.59  82.47  5.03 1724   10.42   601.1  246831.  -0.01  -2.28   0.00   0.00    0.00  0.00  0.00  0.00   0.25  650.4    803955.  11.83  602.0 228490.
219 22 38 07 0.74  76.59  82.45  5.03 1724    8.34   578.1  156930.  -0.77  -1.02   0.00   0.00    0.00  0.00  0.00  0.00   0.29  644.7    970055.   9.39  582.1 179503.
