1982/223   rh    esh  clong  clat crot    np1     vp1     Tp1   vaz   vel     Bx     By     Bz  sBx  sBy  sBz   nal   val     Tal   np2   vp2     Tp2
hh:mm:ss [AU]  [deg]  [deg] [deg]    # [cm-3]  [km/s]     [K] [deg] [deg]   [nT]   [nT]   [nT] [nT] [nT] [nT][cm-3][km/s]     [K][cm-3][km/s]     [K]
 0:20:28 0.76  77.33  42.56  4.69 1724  18.21   440.7 135425. -1.05 -0.39   0.00   0.00   0.00 0.00 0.00 0.00  0.30 494.1 249664. 18.52 442.0 109317.
 0:42:04 0.76  77.34  42.37  4.69 1724  15.87   442.3 116746. -0.34 -0.41   0.00   0.00   0.00 0.00 0.00 0.00 -1.00  -1.0     -1. 18.74 443.6 145589.
 1:03:40 0.76  77.34  42.17  4.69 1724  15.36   433.1  99097. -0.44  0.25   0.00   0.00   0.00 0.00 0.00 0.00  0.23 492.5 218946. 17.82 434.4 108749.
 1:25:16 0.77  77.34  41.97  4.69 1724  14.45   425.7  73571. -0.58  0.81   0.00   0.00   0.00 0.00 0.00 0.00  0.31 468.9 361268. 15.43 426.0  81796.
 1:46:52 0.77  77.35  41.78  4.68 1724  14.80   421.4  73311. -0.81  1.61   0.00   0.00   0.00 0.00 0.00 0.00  1.14 397.0 259799. 14.80 421.6  62078.
 2:08:28 0.77  77.35  41.58  4.68 1724  14.68   434.0 153626. -3.41  2.81   0.00   0.00   0.00 0.00 0.00 0.00 -1.00  -1.0     -1. 15.74 428.3  96340.
 2:30:04 0.77  77.35  41.39  4.68 1724  15.74   429.8 143796. -1.33  4.24   0.00   0.00   0.00 0.00 0.00 0.00 -1.00  -1.0     -1. 15.43 426.2  74179.
 2:51:40 0.77  77.36  41.19  4.68 1724  15.17   444.6 150417.  2.68  3.11   0.00   0.00   0.00 0.00 0.00 0.00  0.21 513.3 234500. 15.80 442.9 138069.
 3:13:16 0.77  77.36  41.00  4.68 1724  15.32   436.8 153028.  1.23  5.21   0.00   0.00   0.00 0.00 0.00 0.00 -1.00  -1.0     -1. 16.00 438.8 169807.
 3:34:52 0.77  77.36  40.80  4.68 1724  15.62   431.2 116834. -3.32  2.72   0.00   0.00   0.00 0.00 0.00 0.00 -1.00  -1.0     -1. 16.71 433.6 127993.
 3:56:28 0.77  77.36  40.61  4.67 1724  15.47   431.5 146548. -1.39  6.02   0.00   0.00   0.00 0.00 0.00 0.00 -1.00  -1.0     -1. 15.57 432.0 120761.
 4:18:04 0.77  77.37  40.41  4.67 1724  13.55   426.7 101222. -3.25  3.29   0.00   0.00   0.00 0.00 0.00 0.00 -1.00  -1.0     -1. 14.81 427.2  90626.
 4:39:40 0.77  77.37  40.21  4.67 1724  14.33   421.7  88514. -3.17  4.55   0.00   0.00   0.00 0.00 0.00 0.00 -1.00  -1.0     -1. 16.56 425.9 113699.
 5:01:16 0.77  77.37  40.02  4.67 1724  13.57   420.3  69374. -2.11  5.41   0.00   0.00   0.00 0.00 0.00 0.00 -1.00  -1.0     -1. 14.96 419.8  77427.
 5:22:52 0.77  77.38  39.82  4.67 1724  13.50   417.5  91061. -2.97  4.12   0.00   0.00   0.00 0.00 0.00 0.00 -1.00  -1.0     -1. 13.46 420.4  70686.
 5:44:28 0.77  77.38  39.63  4.67 1724  14.01   419.2 108323. -2.49  5.77   0.00   0.00   0.00 0.00 0.00 0.00 -1.00  -1.0     -1. 14.43 415.6  59489.
 6:06:04 0.77  77.38  39.43  4.66 1724  12.67   419.8  77625. -5.06  2.61   0.00   0.00   0.00 0.00 0.00 0.00  0.28 460.2 257798. 13.55 422.8  64901.
 7:52:16 0.77  77.40  38.47  4.66 1724  13.77   416.6  75046.  1.70  3.66   0.00   0.00   0.00 0.00 0.00 0.00 -1.00  -1.0     -1. 14.93 415.0  60759.
 7:53:37 0.77  77.40  38.46  4.66 1724  13.80   410.4  58745. -0.49  4.18   0.00   0.00   0.00 0.00 0.00 0.00 -1.00  -1.0     -1. 15.46 410.6  70027.
 7:53:57 0.77  77.40  38.45  4.66 1724  13.78   408.1  58401. -1.46  3.99   0.00   0.00   0.00 0.00 0.00 0.00 -1.00  -1.0     -1. 14.66 407.0  46226.
 7:55:18 0.77  77.40  38.44  4.66 1724  13.09   408.2  65317. -2.27  3.25   0.00   0.00   0.00 0.00 0.00 0.00 -1.00  -1.0     -1. 14.36 409.0  55058.
 7:56:39 0.77  77.40  38.43  4.66 1724  12.99   407.8  57183. -2.57  3.10   0.00   0.00   0.00 0.00 0.00 0.00  0.40 418.1 290386. 14.36 408.2  59973.
 7:58:00 0.77  77.40  38.42  4.66 1724  13.77   407.5  66564. -2.86  3.49   0.00   0.00   0.00 0.00 0.00 0.00 -1.00  -1.0     -1. 14.38 408.7  53349.
 7:59:21 0.77  77.40  38.40  4.66 1724  12.97   408.2  58921. -2.88  3.40   0.00   0.00   0.00 0.00 0.00 0.00  0.51 420.4 284240. 14.84 408.8  65099.
 8:00:42 0.77  77.40  38.39  4.66 1724  13.32   408.5  64560. -3.00  3.04   0.00   0.00   0.00 0.00 0.00 0.00 -1.00  -1.0     -1. 13.89 411.1  57176.
 8:02:03 0.77  77.40  38.38  4.66 1724  13.53   408.5  58307. -3.20  3.72   0.00   0.00   0.00 0.00 0.00 0.00  0.50 419.4 291452. 14.72 410.2  70336.
 8:03:24 0.77  77.40  38.37  4.66 1724  13.51   408.2  68192. -2.81  3.73   0.00   0.00   0.00 0.00 0.00 0.00 -1.00  -1.0     -1. 14.57 410.4  59788.
 8:04:45 0.77  77.40  38.36  4.66 1724  13.63   407.5  56029. -2.66  2.40   0.00   0.00   0.00 0.00 0.00 0.00 -1.00  -1.0     -1. 13.69 406.6  46317.
 8:06:06 0.77  77.40  38.35  4.66 1724  13.54   407.2  67942. -2.71  3.16   0.00   0.00   0.00 0.00 0.00 0.00 -1.00  -1.0     -1. 14.40 409.9  53580.
 8:07:27 0.77  77.40  38.33  4.66 1724  13.50   407.5  56517. -2.12  3.47   0.00   0.00   0.00 0.00 0.00 0.00  0.48 420.2 271285. 14.69 408.7  65301.
 8:08:48 0.77  77.40  38.32  4.66 1724  13.59   407.5  67795. -2.05  3.67   0.00   0.00   0.00 0.00 0.00 0.00 -1.00  -1.0     -1. 14.42 407.5  57101.
 8:10:09 0.77  77.40  38.31  4.65 1724  13.41   407.3  56075. -2.00  3.78   0.00   0.00   0.00 0.00 0.00 0.00  0.48 416.4 242699. 14.65 405.0  53444.
 8:11:30 0.77  77.40  38.30  4.65 1724  13.59   407.0  64859. -1.26  2.61   0.00   0.00   0.00 0.00 0.00 0.00  0.37 432.6 297806. 13.94 407.9  56383.
 8:12:51 0.77  77.40  38.28  4.65 1724  13.12   408.3  55864. -0.01  3.76   0.00   0.00   0.00 0.00 0.00 0.00 -1.00  -1.0     -1. 15.19 408.9  76527.
 8:14:12 0.77  77.40  38.27  4.65 1724  13.42   415.1  69316.  1.61  5.28   0.00   0.00   0.00 0.00 0.00 0.00 -1.00  -1.0     -1. 14.38 412.9  57511.
 8:15:33 0.77  77.40  38.26  4.65 1724  13.38   411.1  59167.  0.63  2.86   0.00   0.00   0.00 0.00 0.00 0.00  0.42 417.7 212891. 15.03 410.3  71862.
 8:16:54 0.77  77.40  38.25  4.65 1724  13.45   408.3  68185. -0.66  3.05   0.00   0.00   0.00 0.00 0.00 0.00  0.35 431.0 271987. 15.03 409.4  61958.
 8:18:15 0.77  77.40  38.23  4.65 1724  13.45   409.4  58631. -2.29  1.56   0.00   0.00   0.00 0.00 0.00 0.00  0.39 418.3 238619. 14.23 411.9  70375.
 8:19:36 0.77  77.40  38.22  4.65 1724  13.31   408.7  64404. -1.72  2.53   0.00   0.00   0.00 0.00 0.00 0.00  0.38 417.7 192114. 14.19 409.0  57046.
 8:20:57 0.77  77.40  38.21  4.65 1724  12.67   408.1  57709. -1.65  4.01   0.00   0.00   0.00 0.00 0.00 0.00  0.33 426.1 174299. 13.52 405.2  48880.
 8:22:18 0.77  77.40  38.20  4.65 1724  12.97   408.3  65424. -2.12  2.19   0.00   0.00   0.00 0.00 0.00 0.00 -1.00  -1.0     -1. 13.88 410.3  56604.
 8:23:39 0.77  77.40  38.18  4.65 1724  13.02   409.6  57244. -2.61  0.92   0.00   0.00   0.00 0.00 0.00 0.00 -1.00  -1.0     -1. 14.03 411.4  67698.
 8:25:00 0.77  77.40  38.17  4.65 1724  13.12   409.7  68344. -2.49  1.86   0.00   0.00   0.00 0.00 0.00 0.00 -1.00  -1.0     -1. 13.33 411.4  56302.
 8:26:21 0.77  77.40  38.16  4.65 1724  12.92   410.4  57030. -1.38  1.43   0.00   0.00   0.00 0.00 0.00 0.00 -1.00  -1.0     -1. 14.76 412.8  77297.
 8:27:42 0.77  77.40  38.15  4.65 1724  13.33   409.2  69150. -1.65  1.81   0.00   0.00   0.00 0.00 0.00 0.00 -1.00  -1.0     -1. 13.87 410.3  57751.
 8:29:03 0.77  77.40  38.14  4.65 1724  13.24   408.5  60343. -2.02  2.68   0.00   0.00   0.00 0.00 0.00 0.00 -1.00  -1.0     -1. 14.36 410.4  70248.
 8:30:24 0.77  77.40  38.12  4.65 1724  13.34   408.2  67548. -2.12  2.25   0.00   0.00   0.00 0.00 0.00 0.00 -1.00  -1.0     -1. 14.45 410.0  61107.
 8:31:45 0.77  77.40  38.11  4.65 1724  13.83   409.5  58505. -1.09  2.55   0.00   0.00   0.00 0.00 0.00 0.00  0.43 419.3 267608. 15.44 410.0  77586.
 8:33:06 0.77  77.40  38.10  4.65 1724  13.19   408.4  71239. -1.68  3.35   0.00   0.00   0.00 0.00 0.00 0.00 -1.00  -1.0     -1. 13.44 408.3  61415.
 8:34:27 0.77  77.40  38.09  4.65 1724  13.01   408.7  56228. -1.12  3.42   0.00   0.00   0.00 0.00 0.00 0.00 -1.00  -1.0     -1. 13.60 407.3  45420.
 8:35:48 0.77  77.40  38.08  4.65 1724  14.39   410.2  72756. -1.57  1.51   0.00   0.00   0.00 0.00 0.00 0.00 -1.00  -1.0     -1. 14.75 411.3  61445.
 8:37:09 0.77  77.40  38.07  4.65 1724  12.82   407.5  59255. -1.35  2.77   0.00   0.00   0.00 0.00 0.00 0.00 -1.00  -1.0     -1. 13.63 406.5  47720.
 8:38:30 0.77  77.40  38.05  4.65 1724  13.06   407.9  67279. -1.08  2.28   0.00   0.00   0.00 0.00 0.00 0.00  0.51 408.0 269934. 14.10 410.1  59327.
 8:39:51 0.77  77.40  38.04  4.65 1724  13.38   409.0  55305. -0.87  1.90   0.00   0.00   0.00 0.00 0.00 0.00 -1.00  -1.0     -1. 14.36 408.4  61968.
 8:41:12 0.77  77.40  38.03  4.65 1724  13.75   409.4  73516.  0.12  3.65   0.00   0.00   0.00 0.00 0.00 0.00 -1.00  -1.0     -1. 13.94 409.7  58212.
 8:42:33 0.77  77.40  38.02  4.65 1724  12.50   407.8  58937. -1.63  3.41   0.00   0.00   0.00 0.00 0.00 0.00  1.74 363.8 204770. 13.68 407.3  46424.
 8:43:54 0.77  77.40  38.00  4.65 1724  13.02   409.5  74770. -0.50  1.83   0.00   0.00   0.00 0.00 0.00 0.00 -1.00  -1.0     -1. 15.20 410.8  65733.
 8:45:15 0.77  77.40  37.99  4.65 1724  13.13   411.5  58066. -0.37  1.37   0.00   0.00   0.00 0.00 0.00 0.00 -1.00  -1.0     -1. 13.88 411.5  77479.
 8:46:36 0.77  77.40  37.98  4.65 1724  13.27   410.0  78908.  0.28  3.40   0.00   0.00   0.00 0.00 0.00 0.00 -1.00  -1.0     -1. 14.03 411.0  64112.
 8:47:57 0.77  77.40  37.97  4.65 1724  12.94   416.3 101829.  0.90  3.38   0.00   0.00   0.00 0.00 0.00 0.00 -1.00  -1.0     -1. 14.92 418.0 123753.
 8:49:18 0.77  77.40  37.95  4.65 1724  13.54   412.8  78843.  0.38  1.82   0.00   0.00   0.00 0.00 0.00 0.00 -1.00  -1.0     -1. 13.11 412.5  60019.
 8:50:39 0.77  77.40  37.94  4.65 1724  14.12   416.0  96135.  0.77  2.29   0.00   0.00   0.00 0.00 0.00 0.00 -1.00  -1.0     -1. 15.03 413.7  84395.
 8:52:00 0.77  77.40  37.93  4.65 1724  13.79   417.2 121762. -2.34  1.94   0.00   0.00   0.00 0.00 0.00 0.00  0.11 514.8 286800. 15.40 418.5 107222.
 8:53:21 0.77  77.40  37.92  4.65 1724  13.00   411.7  60246. -1.57  1.78   0.00   0.00   0.00 0.00 0.00 0.00 -1.00  -1.0     -1. 15.87 419.3 133603.
 8:54:42 0.77  77.40  37.90  4.65 1724  13.21   413.4  75806. -2.12  1.27   0.00   0.00   0.00 0.00 0.00 0.00 -1.00  -1.0     -1. 13.73 413.3  61451.
 8:56:03 0.77  77.40  37.89  4.65 1724  12.82   412.1  60272. -1.71  1.58   0.00   0.00   0.00 0.00 0.00 0.00  0.09 513.5 321169. 16.00 416.4 121535.
 8:57:24 0.77  77.40  37.88  4.65 1724  12.76   410.4  67367. -1.87  1.55   0.00   0.00   0.00 0.00 0.00 0.00 -1.00  -1.0     -1. 14.35 411.2  63452.
 8:58:45 0.77  77.40  37.87  4.65 1724  12.98   409.2  56679. -2.44  2.95   0.00   0.00   0.00 0.00 0.00 0.00 -1.00  -1.0     -1. 13.51 406.5  49208.
 9:00:06 0.77  77.40  37.86  4.65 1724  13.30   409.5  65905. -3.79  2.96   0.00   0.00   0.00 0.00 0.00 0.00 -1.00  -1.0     -1. 13.62 412.2  59690.
 9:01:27 0.77  77.40  37.84  4.65 1724  13.19   408.8  55695. -3.11  3.50   0.00   0.00   0.00 0.00 0.00 0.00  0.58 416.2 243310. 13.53 408.3  47207.
 9:02:48 0.77  77.40  37.83  4.65 1724  14.17   411.4  65349. -3.51  3.83   0.00   0.00   0.00 0.00 0.00 0.00  0.46 411.0 276366. 15.22 409.4  59970.
 9:04:09 0.77  77.41  37.82  4.65 1724  13.50   410.1  59424. -4.58  4.01   0.00   0.00   0.00 0.00 0.00 0.00 -1.00  -1.0     -1. 14.44 413.4  62741.
 9:05:30 0.77  77.41  37.81  4.65 1724  12.47   417.1  63598. -4.72  0.74   0.00   0.00   0.00 0.00 0.00 0.00 -1.00  -1.0     -1. 13.23 417.7  50770.
 9:06:51 0.77  77.41  37.80  4.65 1724  11.41   426.8  68445. -6.56 -0.27   0.00   0.00   0.00 0.00 0.00 0.00 -1.00  -1.0     -1. 12.17 427.8  54909.
 9:08:12 0.77  77.41  37.78  4.65 1724  12.56   419.8  65957. -5.98  1.69   0.00   0.00   0.00 0.00 0.00 0.00 -1.00  -1.0     -1. 13.45 419.3  57647.
 9:09:33 0.77  77.41  37.77  4.65 1724  13.53   422.0  77638. -6.35  1.41   0.00   0.00   0.00 0.00 0.00 0.00 -1.00  -1.0     -1. 14.67 424.4  65976.
 9:10:54 0.77  77.41  37.76  4.65 1724  12.89   419.2  64579. -5.52  1.49   0.00   0.00   0.00 0.00 0.00 0.00 -1.00  -1.0     -1. 14.06 418.1  56887.
 9:12:15 0.77  77.41  37.75  4.65 1724  12.79   410.8  56539. -4.43  3.16   0.00   0.00   0.00 0.00 0.00 0.00 -1.00  -1.0     -1. 13.96 414.3  69679.
 9:13:34 0.77  77.41  37.73  4.65 1724  13.67   410.0  68065. -3.15  2.07   0.00   0.00   0.00 0.00 0.00 0.00  0.49 407.3 263463. 14.33 412.8  59398.
 9:18:58 0.77  77.41  37.68  4.65 1724  13.59   409.4  72369. -2.29  2.50   0.00   0.00   0.00 0.00 0.00 0.00 -1.00  -1.0     -1. 14.54 409.9  60844.
 9:20:19 0.77  77.41  37.67  4.65 1724  13.25   450.3  88521.  0.00  1.11   0.00   0.00   0.00 0.00 0.00 0.00  0.28 469.9 398482. 14.47 449.4  82332.
 9:21:40 0.77  77.41  37.66  4.65 1724  14.06   411.6  75380.  0.00  1.12   0.00   0.00   0.00 0.00 0.00 0.00 -1.00  -1.0     -1. 15.52 415.9  90375.
 9:23:01 0.77  77.41  37.65  4.65 1724  13.46   412.8  60272.  0.02  0.78   0.00   0.00   0.00 0.00 0.00 0.00 -1.00  -1.0     -1. 14.51 414.7  84736.
 9:24:22 0.77  77.41  37.64  4.65 1724  13.94   417.0  79305.  0.00  0.00   0.00   0.00   0.00 0.00 0.00 0.00  0.50 413.6 182979. 15.61 418.1  97135.
10:35:28 0.77  77.42  36.99  4.64 1724  13.23   406.1  54665. -0.68  2.46   0.00   0.00   0.00 0.00 0.00 0.00 -1.00  -1.0     -1. 13.54 403.1  45059.
10:36:49 0.77  77.42  36.98  4.64 1724  12.49   402.6  48503. -1.81  3.41   0.00   0.00   0.00 0.00 0.00 0.00 -1.00  -1.0     -1. 13.52 405.0  51371.
10:38:10 0.77  77.42  36.97  4.64 1724  12.05   404.1  53226. -1.34  2.39   0.00   0.00   0.00 0.00 0.00 0.00 -1.00  -1.0     -1. 12.86 402.7  46346.
10:39:31 0.77  77.42  36.96  4.64 1724  11.95   402.8  48909. -1.09  1.77   0.00   0.00   0.00 0.00 0.00 0.00 -1.00  -1.0     -1. 13.21 406.8  58180.
10:40:54 0.77  77.42  36.94  4.64 1724  12.58   407.2  54298. -3.70  2.39   0.00   0.00   0.00 0.00 0.00 0.00 -1.00  -1.0     -1. 13.67 405.9  55942.
10:42:15 0.77  77.42  36.93  4.64 1724  12.84   406.7  63861. -3.59  1.78   0.00   0.00   0.00 0.00 0.00 0.00  0.11 503.9 217790. 13.58 409.1  54902.
10:43:36 0.77  77.42  36.92  4.64 1724  12.38   407.3  53999. -3.95  2.17   0.00   0.00   0.00 0.00 0.00 0.00 -1.00  -1.0     -1. 13.39 406.7  47492.
10:44:57 0.77  77.42  36.91  4.64 1724  12.66   406.2  63085. -4.03  3.21   0.00   0.00   0.00 0.00 0.00 0.00 -1.00  -1.0     -1. 13.58 408.6  55542.
10:46:18 0.77  77.42  36.89  4.64 1724  12.28   407.7  55760. -4.13  2.78   0.00   0.00   0.00 0.00 0.00 0.00 -1.00  -1.0     -1. 13.82 410.8  64713.
10:47:39 0.77  77.42  36.88  4.64 1724  13.04   405.6  62396. -4.34  2.93   0.00   0.00   0.00 0.00 0.00 0.00  0.51 410.9 229900. 13.50 408.7  56617.
10:49:00 0.77  77.42  36.87  4.64 1724  12.22   405.4  53587. -3.42  2.09   0.00   0.00   0.00 0.00 0.00 0.00 -1.00  -1.0     -1. 13.20 405.4  47350.
10:50:21 0.77  77.42  36.86  4.64 1724  12.70   406.1  63364. -2.64  1.25   0.00   0.00   0.00 0.00 0.00 0.00 -1.00  -1.0     -1. 13.19 408.2  50959.
10:51:42 0.77  77.42  36.84  4.64 1724  11.98   403.4  53785. -2.87  3.11   0.00   0.00   0.00 0.00 0.00 0.00  0.59 394.5 271376. 13.56 402.4  50150.
10:53:03 0.77  77.42  36.83  4.64 1724  11.68   402.9  48324. -2.72  1.15   0.00   0.00   0.00 0.00 0.00 0.00  0.42 415.8 189424. 12.72 406.8  55597.
10:54:24 0.77  77.42  36.82  4.64 1724  12.82   406.1  58904. -4.02  3.52   0.00   0.00   0.00 0.00 0.00 0.00 -1.00  -1.0     -1. 14.47 407.7  68452.
10:55:45 0.77  77.42  36.81  4.64 1724  12.25   406.5  61912. -4.10  1.93   0.00   0.00   0.00 0.00 0.00 0.00 -1.00  -1.0     -1. 12.60 408.9  43799.
10:57:06 0.77  77.42  36.79  4.64 1724  12.56   407.3  54184. -4.43  1.33   0.00   0.00   0.00 0.00 0.00 0.00 -1.00  -1.0     -1. 13.04 407.0  54304.
10:58:27 0.77  77.42  36.78  4.64 1724  12.85   406.1  57342. -4.21  2.20   0.00   0.00   0.00 0.00 0.00 0.00  0.48 386.4 239502. 13.34 408.7  51228.
10:59:48 0.77  77.42  36.77  4.64 1724  12.73   405.6  51949. -3.90  2.23   0.00   0.00   0.00 0.00 0.00 0.00  0.50 398.4 245648. 13.59 405.8  46170.
11:01:09 0.77  77.42  36.76  4.64 1724  12.78   408.4  61100. -5.17  2.31   0.00   0.00   0.00 0.00 0.00 0.00  0.47 406.1 258265. 13.38 410.4  47434.
11:02:30 0.77  77.42  36.75  4.64 1724  12.55   405.1  48828. -4.20  2.37   0.00   0.00   0.00 0.00 0.00 0.00 -1.00  -1.0     -1. 13.79 404.3  52641.
11:03:51 0.77  77.42  36.74  4.64 1724  12.80   408.6  61896. -4.84  1.44   0.00   0.00   0.00 0.00 0.00 0.00 -1.00  -1.0     -1. 13.28 410.5  53759.
11:05:12 0.77  77.42  36.72  4.64 1724  12.68   406.1  47853. -4.52  2.99   0.00   0.00   0.00 0.00 0.00 0.00 -1.00  -1.0     -1. 13.04 406.5  43880.
11:06:33 0.77  77.42  36.71  4.64 1724  12.83   406.5  58326. -4.53  1.71   0.00   0.00   0.00 0.00 0.00 0.00  0.49 384.7 260591. 13.30 411.1  46381.
11:07:54 0.77  77.42  36.70  4.64 1724  12.41   406.5  50682. -4.93  2.44   0.00   0.00   0.00 0.00 0.00 0.00  0.52 391.8 266114. 13.22 407.2  45923.
11:09:15 0.77  77.42  36.69  4.64 1724  12.03   404.9  46014. -4.51  1.96   0.00   0.00   0.00 0.00 0.00 0.00  0.54 396.7 371935. 13.90 409.7  53408.
11:10:36 0.77  77.42  36.68  4.64 1724  12.72   408.3  52986. -5.17  1.87   0.00   0.00   0.00 0.00 0.00 0.00  0.55 394.9 243920. 12.61 408.8  46534.
11:11:57 0.77  77.42  36.66  4.64 1724  12.64   404.1  46599. -4.06  2.28   0.00   0.00   0.00 0.00 0.00 0.00  0.52 411.0 264840. 13.31 408.3  48217.
11:13:18 0.77  77.42  36.65  4.64 1724  12.90   406.9  50822. -4.42  2.48   0.00   0.00   0.00 0.00 0.00 0.00  0.61 392.8 255407. 14.02 406.8  48357.
11:14:39 0.77  77.42  36.64  4.64 1724  13.40   401.9  49032. -3.86  4.14   0.00   0.00   0.00 0.00 0.00 0.00 -1.00  -1.0     -1. 14.55 406.3  55091.
11:16:00 0.77  77.42  36.63  4.64 1724  12.23   406.1  50348. -4.42  2.23   0.00   0.00   0.00 0.00 0.00 0.00 -1.00  -1.0     -1. 13.78 406.6  48461.
11:17:21 0.77  77.42  36.61  4.64 1724  13.41   406.5  59346. -3.63  1.00   0.00   0.00   0.00 0.00 0.00 0.00  0.59 397.0 409514. 13.58 407.6  50371.
11:18:42 0.77  77.42  36.60  4.64 1724  12.47   406.2  53028. -3.61  1.70   0.00   0.00   0.00 0.00 0.00 0.00  0.65 390.0 293375. 14.14 405.7  52339.
11:20:03 0.77  77.42  36.59  4.64 1724  12.69   404.2  61480. -3.27  2.25   0.00   0.00   0.00 0.00 0.00 0.00  0.50 389.6 259760. 13.69 407.6  52148.
11:21:24 0.77  77.42  36.58  4.64 1724  12.88   404.0  51787. -3.05  2.19   0.00   0.00   0.00 0.00 0.00 0.00  0.60 395.8 233057. 13.50 404.5  44176.
11:22:45 0.77  77.42  36.56  4.64 1724  12.19   402.7  48704. -4.53  3.02   0.00   0.00   0.00 0.00 0.00 0.00  0.69 396.6 381785. 13.78 407.5  53846.
11:24:06 0.77  77.42  36.55  4.64 1724  12.68   407.5  51907. -5.30  3.60   0.00   0.00   0.00 0.00 0.00 0.00  0.55 393.7 261410. 13.72 408.1  45241.
11:25:27 0.77  77.42  36.54  4.64 1724  14.06   407.0  60499. -5.11  2.69   0.00   0.00   0.00 0.00 0.00 0.00  0.62 397.3 364334. 14.76 410.7  56624.
11:26:48 0.77  77.42  36.53  4.64 1724  13.93   407.4  52261. -4.67  1.79   0.00   0.00   0.00 0.00 0.00 0.00  0.62 395.6 241945. 15.04 410.2  65567.
11:28:09 0.77  77.42  36.51  4.64 1724  13.17   405.7  59882. -3.92  2.33   0.00   0.00   0.00 0.00 0.00 0.00  0.63 386.6 246688. 14.35 406.8  50699.
11:29:30 0.77  77.42  36.50  4.64 1724  13.67   408.7  53320. -5.95  2.62   0.00   0.00   0.00 0.00 0.00 0.00 -1.00  -1.0     -1. 14.54 412.1  64781.
11:30:51 0.77  77.42  36.49  4.64 1724  14.14   410.7  67721. -6.02  2.67   0.00   0.00   0.00 0.00 0.00 0.00 -1.00  -1.0     -1. 14.94 413.3  55107.
11:32:12 0.77  77.42  36.48  4.64 1724  13.49   411.3  56406. -6.65  2.59   0.00   0.00   0.00 0.00 0.00 0.00  0.61 389.1 252340. 14.93 415.8  66541.
11:33:33 0.77  77.42  36.47  4.64 1724  14.50   413.7  66766. -6.80  3.12   0.00   0.00   0.00 0.00 0.00 0.00 -1.00  -1.0     -1. 14.87 415.1  56598.
11:34:54 0.77  77.42  36.46  4.64 1724  13.35   411.1  53687. -6.65  3.57   0.00   0.00   0.00 0.00 0.00 0.00  0.62 392.0 265048. 14.38 417.1  54821.
11:36:15 0.77  77.42  36.44  4.64 1724  13.44   406.0  64680. -5.69  3.35   0.00   0.00   0.00 0.00 0.00 0.00  0.57 388.3 235890. 13.94 410.0  49776.
11:37:36 0.77  77.42  36.43  4.64 1724  13.53   410.1  55113. -6.11  4.20   0.00   0.00   0.00 0.00 0.00 0.00  0.60 393.4 223585. 14.90 412.4  63056.
11:38:57 0.77  77.42  36.42  4.64 1724  13.91   405.7  61360. -5.36  3.87   0.00   0.00   0.00 0.00 0.00 0.00  0.68 383.2 258356. 14.34 409.3  54616.
11:40:18 0.77  77.43  36.41  4.64 1724  13.63   407.4  52251. -5.85  4.40   0.00   0.00   0.00 0.00 0.00 0.00  0.64 392.4 261397. 14.48 407.6  47899.
11:41:39 0.77  77.43  36.39  4.64 1724  13.72   404.5  64293. -4.41  5.61   0.00   0.00   0.00 0.00 0.00 0.00 -1.00  -1.0     -1. 14.62 407.4  51816.
11:43:00 0.77  77.43  36.38  4.64 1724  13.78   406.7  54795. -5.16  6.64   0.00   0.00   0.00 0.00 0.00 0.00  0.54 395.1 254198. 13.99 407.2  48912.
11:44:21 0.77  77.43  36.37  4.64 1724  13.91   411.7  61120. -6.64  4.00   0.00   0.00   0.00 0.00 0.00 0.00 -1.00  -1.0     -1. 15.25 414.0  58021.
11:45:42 0.77  77.43  36.36  4.64 1724  14.08   409.5  51228. -5.75  2.98   0.00   0.00   0.00 0.00 0.00 0.00  0.08 519.6 323469. 14.66 413.3  61753.
11:47:03 0.77  77.43  36.34  4.64 1724  14.15   409.6  55912. -5.77  5.42   0.00   0.00   0.00 0.00 0.00 0.00  0.67 381.9 249313. 14.85 412.3  48977.
11:48:24 0.77  77.43  36.33  4.64 1724  13.42   406.7  53333. -4.55  2.34   0.00   0.00   0.00 0.00 0.00 0.00  0.70 390.8 241789. 14.05 406.5  49675.
11:49:45 0.77  77.43  36.32  4.64 1724  13.78   402.1  47574. -4.45  2.84   0.00   0.00   0.00 0.00 0.00 0.00  0.76 393.4 377081. 14.67 406.3  51176.
11:51:06 0.77  77.43  36.31  4.64 1724  13.84   403.4  52612. -4.00  3.01   0.00   0.00   0.00 0.00 0.00 0.00 -1.00  -1.0     -1. 14.65 403.7  51904.
11:52:27 0.77  77.43  36.29  4.64 1724  13.87   401.6  46219. -4.28  3.79   0.00   0.00   0.00 0.00 0.00 0.00  0.80 395.5 361164. 14.80 407.0  56413.
11:53:48 0.77  77.43  36.28  4.64 1724  13.32   406.1  52463. -4.52  5.78   0.00   0.00   0.00 0.00 0.00 0.00  0.07 517.7 286397. 14.31 405.0  45628.
11:55:09 0.77  77.43  36.27  4.64 1724  13.50   403.6  46014. -3.79  7.18   0.00   0.00   0.00 0.00 0.00 0.00  0.82 396.5 371650. 14.00 407.3  46203.
11:56:30 0.77  77.43  36.26  4.64 1724  13.60   403.9  56796. -4.15  6.19   0.00   0.00   0.00 0.00 0.00 0.00  0.64 393.9 249819. 14.57 403.5  49623.
11:57:51 0.77  77.43  36.25  4.64 1724  12.64   399.8  48178. -3.06  5.02   0.00   0.00   0.00 0.00 0.00 0.00  0.06 538.2 386632. 13.92 403.7  51715.
11:59:12 0.77  77.43  36.23  4.64 1724  13.25   404.6  48074. -4.09  6.77   0.00   0.00   0.00 0.00 0.00 0.00 -1.00  -1.0     -1. 13.98 404.0  47086.
12:00:33 0.77  77.43  36.22  4.64 1724  13.04   405.9  62214. -3.88  7.18   0.00   0.00   0.00 0.00 0.00 0.00  0.09 502.1 305758. 14.22 408.1  56679.
12:01:54 0.77  77.43  36.21  4.64 1724  12.92   401.5  49773. -2.92  5.86   0.00   0.00   0.00 0.00 0.00 0.00  0.78 394.5 248767. 14.28 401.4  51072.
12:03:15 0.77  77.43  36.20  4.64 1724  13.74   404.6  63803. -5.35  5.46   0.00   0.00   0.00 0.00 0.00 0.00  0.08 500.8 267842. 14.18 407.3  47593.
12:04:36 0.77  77.43  36.19  4.64 1724  13.80   405.7  53561. -2.75  7.95   0.00   0.00   0.00 0.00 0.00 0.00 -1.00  -1.0     -1. 14.66 404.7  50643.
12:05:57 0.77  77.43  36.17  4.64 1724  14.41   421.6  61818. -5.68 10.08   0.00   0.00   0.00 0.00 0.00 0.00 -1.00  -1.0     -1. 14.96 422.0  49058.
12:07:18 0.77  77.43  36.16  4.64 1724  13.78   404.1  52846. -3.96  6.54   0.00   0.00   0.00 0.00 0.00 0.00  0.06 514.7 282668. 15.29 401.8  53168.
12:08:39 0.77  77.43  36.15  4.64 1724  14.38   401.1  50653. -4.72  5.61   0.00   0.00   0.00 0.00 0.00 0.00  0.55 404.5 263879. 15.36 405.7  51946.
12:10:00 0.77  77.43  36.14  4.64 1724  13.86   408.9  53281. -3.43  8.32   0.00   0.00   0.00 0.00 0.00 0.00  0.71 393.0 264334. 15.25 407.3  51884.
12:11:21 0.77  77.43  36.12  4.64 1724  13.27   403.4  48038. -4.61  6.29   0.00   0.00   0.00 0.00 0.00 0.00  0.07 504.6 205809. 14.55 408.1  50413.
12:12:42 0.77  77.43  36.11  4.64 1724  13.74   406.9  55705. -5.15  7.49   0.00   0.00   0.00 0.00 0.00 0.00  0.70 389.4 228055. 15.30 407.1  48581.
12:14:03 0.77  77.43  36.10  4.64 1724  13.72   407.8  69017. -1.84  8.86   0.00   0.00   0.00 0.00 0.00 0.00 -1.00  -1.0     -1. 15.20 408.2  56133.
12:15:24 0.77  77.43  36.09  4.64 1724  13.82   406.1  53453. -1.76  8.69   0.00   0.00   0.00 0.00 0.00 0.00  0.74 389.0 226236. 14.50 406.0  48574.
12:16:45 0.77  77.43  36.07  4.64 1724  13.91   401.6  50384. -3.42  7.19   0.00   0.00   0.00 0.00 0.00 0.00 -1.00  -1.0     -1. 15.60 406.3  57991.
12:18:06 0.77  77.43  36.06  4.64 1724  14.42   406.4  54473. -2.86  8.36   0.00   0.00   0.00 0.00 0.00 0.00 -1.00  -1.0     -1. 14.93 405.1  50920.
12:19:27 0.77  77.43  36.05  4.64 1724  13.34   408.2  68045. -2.94  9.14   0.00   0.00   0.00 0.00 0.00 0.00  0.08 521.2 151794. 14.95 409.4  56708.
12:20:48 0.77  77.43  36.04  4.64 1724  13.78   418.7  49542. -4.57  9.83   0.00   0.00   0.00 0.00 0.00 0.00 -1.00  -1.0     -1. 15.55 421.7  58618.
12:22:09 0.77  77.43  36.02  4.64 1724  14.82   429.9  59609. -3.99 11.28   0.00   0.00   0.00 0.00 0.00 0.00 -1.00  -1.0     -1. 16.63 432.4  67279.
12:23:30 0.77  77.43  36.01  4.64 1724  15.11   440.7  63910. -2.56 12.08   0.00   0.00   0.00 0.00 0.00 0.00  0.26 462.3 274066. 15.72 437.6  58700.
12:24:51 0.77  77.43  36.00  4.64 1724  15.29   428.6  62854. -2.25 11.05   0.00   0.00   0.00 0.00 0.00 0.00  0.29 437.1 332993. 16.89 431.8  84496.
12:26:12 0.77  77.43  35.99  4.64 1724  14.37   432.8  57179. -4.26 12.07   0.00   0.00   0.00 0.00 0.00 0.00 -1.00  -1.0     -1. 14.53 431.6  56478.
12:27:33 0.77  77.43  35.98  4.64 1724  13.61   407.7  61627. -4.57  7.50   0.00   0.00   0.00 0.00 0.00 0.00 -1.00  -1.0     -1. 14.59 409.9  50825.
12:28:54 0.77  77.43  35.97  4.64 1724  14.08   408.2  55214. -5.64  7.21   0.00   0.00   0.00 0.00 0.00 0.00 -1.00  -1.0     -1. 15.25 410.9  67678.
12:30:15 0.77  77.43  35.95  4.63 1724  15.36   410.6  67133. -5.64  7.59   0.00   0.00   0.00 0.00 0.00 0.00 -1.00  -1.0     -1. 16.08 412.1  58550.
12:31:36 0.77  77.43  35.94  4.63 1724  14.36   409.0  55490. -5.21  7.55   0.00   0.00   0.00 0.00 0.00 0.00 -1.00  -1.0     -1. 15.91 411.3  70670.
12:32:57 0.77  77.43  35.93  4.63 1724  14.15   413.2  64703. -5.44  8.01   0.00   0.00   0.00 0.00 0.00 0.00 -1.00  -1.0     -1. 15.38 413.9  56562.
12:34:18 0.77  77.43  35.92  4.63 1724  13.99   409.6  56484. -6.65  6.06   0.00   0.00   0.00 0.00 0.00 0.00 -1.00  -1.0     -1. 15.12 415.4  61253.
12:35:39 0.77  77.43  35.90  4.63 1724  14.22   402.6  46083. -4.64  5.57   0.00   0.00   0.00 0.00 0.00 0.00 -1.00  -1.0     -1. 14.84 406.7  53694.
12:37:00 0.77  77.43  35.89  4.63 1724  13.85   404.8  55614. -4.96  4.71   0.00   0.00   0.00 0.00 0.00 0.00 -1.00  -1.0     -1. 14.85 405.6  46827.
12:38:21 0.77  77.43  35.88  4.63 1724  14.53   408.1  64946. -5.93  6.07   0.00   0.00   0.00 0.00 0.00 0.00 -1.00  -1.0     -1. 15.98 411.6  59125.
12:39:42 0.77  77.43  35.87  4.63 1724  13.49   403.5  53691. -4.98  4.22   0.00   0.00   0.00 0.00 0.00 0.00  0.06 523.7 330966. 14.41 403.4  50549.
12:41:03 0.77  77.43  35.85  4.63 1724  13.68   404.5  60967. -4.88  4.37   0.00   0.00   0.00 0.00 0.00 0.00  0.04 539.5 369363. 14.79 408.8  54896.
12:42:24 0.77  77.43  35.84  4.63 1724  13.87   403.0  51261. -3.96  3.51   0.00   0.00   0.00 0.00 0.00 0.00  0.75 391.7 239541. 14.69 403.0  45251.
12:43:45 0.77  77.43  35.83  4.63 1724  14.01   401.7  47541. -3.99  4.12   0.00   0.00   0.00 0.00 0.00 0.00 -1.00  -1.0     -1. 14.85 406.6  50721.
12:45:06 0.77  77.43  35.82  4.63 1724  14.25   403.4  50205. -4.08  2.99   0.00   0.00   0.00 0.00 0.00 0.00  0.78 391.0 228977. 15.34 404.0  51576.
12:46:27 0.77  77.43  35.80  4.63 1724  12.81   401.8  45228. -4.84  3.85   0.00   0.00   0.00 0.00 0.00 0.00 -1.00  -1.0     -1. 13.90 405.9  52921.
12:47:48 0.77  77.43  35.79  4.63 1724  13.73   403.8  50825. -4.95  6.07   0.00   0.00   0.00 0.00 0.00 0.00  0.73 389.9 241308. 15.36 404.3  52248.
12:49:09 0.77  77.43  35.78  4.63 1724  13.98   406.4  60373. -5.53  3.00   0.00   0.00   0.00 0.00 0.00 0.00 -1.00  -1.0     -1. 15.25 410.0  55130.
12:50:30 0.77  77.43  35.77  4.63 1724  13.39   402.1  50536. -4.14  4.41   0.00   0.00   0.00 0.00 0.00 0.00  0.09 523.5 393518. 14.70 404.0  46771.
12:51:51 0.77  77.43  35.76  4.63 1724  13.92   401.2  46596. -3.47  6.47   0.00   0.00   0.00 0.00 0.00 0.00 -1.00  -1.0     -1. 14.44 404.8  48707.
12:53:12 0.77  77.43  35.74  4.63 1724  13.78   402.2  50289. -1.48  6.53   0.00   0.00   0.00 0.00 0.00 0.00  0.81 394.8 236553. 14.20 401.1  41525.
12:54:33 0.77  77.43  35.73  4.63 1724  13.87   400.6  47762. -1.21  6.62   0.00   0.00   0.00 0.00 0.00 0.00  0.67 383.5 280186. 14.69 403.3  51602.
12:55:54 0.77  77.43  35.72  4.63 1724  13.39   406.7  52001. -0.29  8.31   0.00   0.00   0.00 0.00 0.00 0.00 -1.00  -1.0     -1. 14.48 404.8  43974.
12:57:15 0.77  77.44  35.71  4.63 1724  13.54   399.5  44566. -1.72  2.93   0.00   0.00   0.00 0.00 0.00 0.00  0.09 503.2 161137. 13.88 402.0  44793.
12:58:36 0.77  77.44  35.70  4.63 1724  13.16   400.9  49978. -3.10  3.54   0.00   0.00   0.00 0.00 0.00 0.00  1.00 378.9 346078. 14.46 399.9  47713.
12:59:57 0.77  77.44  35.68  4.63 1724  12.93   402.0  46433.  0.00  0.00   0.00   0.00   0.00 0.00 0.00 0.00 -1.00  -1.0     -1. 14.06 405.6  51124.
13:01:18 0.77  77.44  35.67  4.63 1724  13.60   404.6  52018. -4.20  2.05   0.00   0.00   0.00 0.00 0.00 0.00 -1.00  -1.0     -1. 14.74 403.6  51358.
13:02:39 0.77  77.44  35.66  4.63 1724  14.41   404.0  48496. -4.09  1.62   0.00   0.00   0.00 0.00 0.00 0.00 -1.00  -1.0     -1. 15.75 408.8  52986.
13:04:00 0.77  77.44  35.65  4.63 1724  14.37   408.5  52225. -4.73  1.15   0.00   0.00   0.00 0.00 0.00 0.00  0.07 523.7 228380. 16.71 409.7  65824.
13:05:21 0.77  77.44  35.64  4.63 1724  13.89   407.8  62978. -6.06  1.68   0.00   0.00   0.00 0.00 0.00 0.00  0.06 521.3 154782. 14.54 409.9  48912.
13:06:42 0.77  77.44  35.62  4.63 1724  14.37   402.6  50968. -3.10  2.56   0.00   0.00   0.00 0.00 0.00 0.00 -1.00  -1.0     -1. 15.17 402.5  47561.
13:08:03 0.77  77.44  35.61  4.63 1724  13.72   399.2  48197. -3.98  5.53   0.00   0.00   0.00 0.00 0.00 0.00 -1.00  -1.0     -1. 14.30 404.3  54363.
13:09:24 0.77  77.44  35.60  4.63 1724  13.33   404.9  49253.  0.34  8.36   0.00   0.00   0.00 0.00 0.00 0.00 -1.00  -1.0     -1. 14.83 401.4  49620.
13:10:45 0.77  77.44  35.59  4.63 1724  13.57   398.9  44845.  0.36  4.37   0.00   0.00   0.00 0.00 0.00 0.00 -1.00  -1.0     -1. 13.60 399.0  33693.
13:12:06 0.77  77.44  35.57  4.63 1724  13.85   400.6  48626. -2.08  5.86   0.00   0.00   0.00 0.00 0.00 0.00  0.09 518.2 341192. 14.24 400.4  41428.
13:13:27 0.77  77.44  35.56  4.63 1724  14.22   400.0  45894. -3.31  3.06   0.00   0.00   0.00 0.00 0.00 0.00  0.05 523.5 161396. 14.57 402.6  44017.
13:14:48 0.77  77.44  35.55  4.63 1724  14.10   401.7  49935. -1.11  3.24   0.00   0.00   0.00 0.00 0.00 0.00 -1.00  -1.0     -1. 14.20 400.0  39124.
13:16:09 0.77  77.44  35.54  4.63 1724  13.68   401.4  45638. -5.54  4.27   0.00   0.00   0.00 0.00 0.00 0.00  0.11 502.6 303809. 14.55 406.8  51608.
13:17:30 0.77  77.44  35.52  4.63 1724  13.96   405.6  53375. -7.16  5.09   0.00   0.00   0.00 0.00 0.00 0.00 -1.00  -1.0     -1. 13.42 408.7  46206.
13:18:51 0.77  77.44  35.51  4.63 1724  13.13   399.0  47350. -4.43  6.35   0.00   0.00   0.00 0.00 0.00 0.00  0.82 380.6 239229. 14.77 403.4  49578.
13:20:12 0.77  77.44  35.50  4.63 1724  13.63   403.5  53710. -4.85  2.83   0.00   0.00   0.00 0.00 0.00 0.00 -1.00  -1.0     -1. 14.28 405.0  43049.
13:21:33 0.77  77.44  35.49  4.63 1724  13.37   402.1  44439. -6.33  4.42   0.00   0.00   0.00 0.00 0.00 0.00 -1.00  -1.0     -1. 14.08 406.2  45813.
13:22:54 0.77  77.44  35.48  4.63 1724  13.66   401.8  51579. -5.51  5.14   0.00   0.00   0.00 0.00 0.00 0.00  0.04 511.9 121219. 14.68 403.2  46827.
13:24:15 0.77  77.44  35.46  4.63 1724  13.79   401.3  47190. -5.55  5.11   0.00   0.00   0.00 0.00 0.00 0.00  0.08 505.5 231394. 14.54 404.8  47655.
13:25:36 0.77  77.44  35.45  4.63 1724  14.14   403.8  51238. -6.17  3.81   0.00   0.00   0.00 0.00 0.00 0.00 -1.00  -1.0     -1. 13.84 403.7  42971.
13:26:57 0.77  77.44  35.44  4.63 1724  13.87   398.3  46586. -4.48  4.95   0.00   0.00   0.00 0.00 0.00 0.00 -1.00  -1.0     -1. 14.97 403.1  52570.
13:28:18 0.77  77.44  35.43  4.63 1724  13.86   401.0  49442. -4.53  3.57   0.00   0.00   0.00 0.00 0.00 0.00 -1.00  -1.0     -1. 14.86 401.8  41525.
13:29:39 0.77  77.44  35.42  4.63 1724  13.19   397.5  43916. -3.67  4.85   0.00   0.00   0.00 0.00 0.00 0.00 -1.00  -1.0     -1. 14.91 399.7  48311.
13:31:00 0.77  77.44  35.40  4.63 1724  13.43   398.7  48025. -3.10  4.46   0.00   0.00   0.00 0.00 0.00 0.00  1.08 380.3 306005. 14.24 398.4  45102.
13:32:21 0.77  77.44  35.39  4.63 1724  13.21   397.2  45225.  0.00  0.00   0.00   0.00   0.00 0.00 0.00 0.00  0.06 511.2 285669. 13.59 398.9  45241.
13:33:42 0.77  77.44  35.38  4.63 1724  13.53   396.1  43471. -2.66  5.09   0.00   0.00   0.00 0.00 0.00 0.00  0.91 382.0 304134. 13.52 396.1  40947.
13:35:03 0.77  77.44  35.37  4.63 1724  12.96   396.1  45995. -1.43  5.02   0.00   0.00   0.00 0.00 0.00 0.00  0.72 382.8 244843. 14.47 397.2  49120.
13:36:24 0.77  77.44  35.35  4.63 1724  13.61   397.2  50517. -2.12  4.10   0.00   0.00   0.00 0.00 0.00 0.00  0.04 513.5 121778. 15.01 396.9  46420.
13:37:45 0.77  77.44  35.34  4.63 1724  13.16   396.2  45241. -0.72  3.14   0.00   0.00   0.00 0.00 0.00 0.00 -1.00  -1.0     -1. 14.87 397.4  60054.
13:39:06 0.77  77.44  35.33  4.63 1724  13.57   398.3  53034. -1.79  2.16   0.00   0.00   0.00 0.00 0.00 0.00  0.92 368.9 239087. 14.49 398.9  46914.
13:40:27 0.77  77.44  35.32  4.63 1724  13.41   399.5  47902. -1.63  1.54   0.00   0.00   0.00 0.00 0.00 0.00  0.86 381.7 225677. 14.45 401.2  42107.
13:41:48 0.77  77.44  35.30  4.63 1724  13.59   401.1  47843. -0.96  1.58   0.00   0.00   0.00 0.00 0.00 0.00  0.63 398.0 243907. 14.40 400.6  46092.
13:43:09 0.77  77.44  35.29  4.63 1724  13.76   396.3  44871. -2.67  3.75   0.00   0.00   0.00 0.00 0.00 0.00  0.19 470.6 298767. 14.78 397.0  56900.
13:44:30 0.77  77.44  35.28  4.63 1724  14.19   397.8  53349. -2.08  2.58   0.00   0.00   0.00 0.00 0.00 0.00  0.79 393.9 175300. 14.55 396.9  45193.
13:45:51 0.77  77.44  35.27  4.63 1724  13.39   397.4  45852. -2.36  2.27   0.00   0.00   0.00 0.00 0.00 0.00  0.09 516.1 287593. 13.90 400.5  40700.
13:47:12 0.77  77.44  35.25  4.63 1724  13.97   397.0  50705. -3.17  3.94   0.00   0.00   0.00 0.00 0.00 0.00  0.06 520.9 206901. 14.65 399.3  44894.
13:48:33 0.77  77.44  35.24  4.63 1724  13.27   398.2  44082. -1.59  2.20   0.00   0.00   0.00 0.00 0.00 0.00  0.07 509.6 218413. 15.23 398.1  56409.
13:49:54 0.77  77.44  35.23  4.63 1724  13.92   400.2  50130. -1.68  2.72   0.00   0.00   0.00 0.00 0.00 0.00 -1.00  -1.0     -1. 16.28 398.8  51517.
13:51:15 0.77  77.44  35.22  4.63 1724  14.32   399.0  43945. -0.83  2.07   0.00   0.00   0.00 0.00 0.00 0.00  0.89 379.1 237553. 14.21 398.7  34499.
13:52:36 0.77  77.44  35.21  4.63 1724  13.13   401.3  46723.  1.65  3.76   0.00   0.00   0.00 0.00 0.00 0.00  0.11 495.8 209071. 13.34 397.1  44416.
13:53:57 0.77  77.44  35.19  4.63 1724  13.42   397.0  47346. -3.79  3.65   0.00   0.00   0.00 0.00 0.00 0.00  0.11 493.1 246727. 14.66 400.9  48805.
13:55:18 0.77  77.44  35.18  4.63 1724  12.84   396.9  52420. -4.05  3.13   0.00   0.00   0.00 0.00 0.00 0.00  0.06 513.0 100182. 13.86 397.5  46131.
13:56:39 0.77  77.44  35.17  4.63 1724  13.45   395.9  46528. -2.99  3.46   0.00   0.00   0.00 0.00 0.00 0.00 -1.00  -1.0     -1. 15.74 397.8  61246.
13:58:00 0.77  77.44  35.16  4.63 1724  13.33   392.6  38481. -3.58  3.91   0.00   0.00   0.00 0.00 0.00 0.00 -1.00  -1.0     -1. 13.94 397.5  38540.
13:59:21 0.77  77.44  35.15  4.63 1724  13.23   396.0  45891. -2.52  6.38   0.00   0.00   0.00 0.00 0.00 0.00  0.84 376.6 233096. 14.46 398.8  45459.
14:00:42 0.77  77.44  35.13  4.63 1724  12.84   399.6  50062. -4.81  6.45   0.00   0.00   0.00 0.00 0.00 0.00 -1.00  -1.0     -1. 14.50 400.1  45358.
14:02:03 0.77  77.44  35.12  4.63 1724  13.35   395.9  48002. -2.37  3.45   0.00   0.00   0.00 0.00 0.00 0.00  1.00 376.7 224287. 15.17 399.3  60814.
14:03:24 0.77  77.44  35.11  4.63 1724  -1.00    -1.0     -1. -1.00 -1.00   0.00   0.00   0.00 0.00 0.00 0.00 -1.00  -1.0     -1. 16.22 396.3  49857.
14:04:45 0.77  77.44  35.10  4.63 1724  13.47   395.9  45794. -3.53  4.86   0.00   0.00   0.00 0.00 0.00 0.00 -1.00  -1.0     -1. 14.32 399.5  47717.
14:06:04 0.77  77.44  35.08  4.63 1724  13.33   398.7  46638. -1.89  6.62   0.00   0.00   0.00 0.00 0.00 0.00 -1.00  -1.0     -1. 14.69 397.0  47873.
14:07:25 0.77  77.44  35.07  4.63 1724  -1.00    -1.0     -1. -1.00 -1.00   0.00   0.00   0.00 0.00 0.00 0.00 -1.00  -1.0     -1. 15.26 392.7  51231.
14:10:07 0.77  77.44  35.05  4.63 1724  14.72   395.9  45738. -1.66  5.95   0.00   0.00   0.00 0.00 0.00 0.00  1.13 376.8 202158. 15.18 394.6  41096.
14:11:30 0.77  77.44  35.03  4.63 1724  13.71   397.5  51972. -1.48  7.07   0.00   0.00   0.00 0.00 0.00 0.00  1.17 372.4 205186. 15.01 396.8  43724.
14:12:51 0.77  77.44  35.02  4.63 1724  13.19   395.9  45452. -0.92  7.12   0.00   0.00   0.00 0.00 0.00 0.00  1.42 373.9 285332. 13.51 393.5  40177.
14:14:12 0.77  77.44  35.01  4.63 1724  13.83   402.7  55796. -0.81  1.72   0.00   0.00   0.00 0.00 0.00 0.00 -1.00  -1.0     -1. 14.78 400.9  46667.
14:15:33 0.77  77.44  35.00  4.63 1724  13.49   399.5  47236.  0.65  2.14   0.00   0.00   0.00 0.00 0.00 0.00 -1.00  -1.0     -1. 14.25 401.9  49828.
14:16:54 0.77  77.45  34.99  4.63 1724  13.42   399.4  52313.  0.55  2.94   0.00   0.00   0.00 0.00 0.00 0.00  0.08 504.6 142529. 13.72 398.8  39790.
14:18:15 0.77  77.45  34.97  4.63 1724  13.37   398.4  45784.  0.20  3.08   0.00   0.00   0.00 0.00 0.00 0.00  0.81 379.8 216659. 15.02 396.3  53236.
14:19:36 0.77  77.45  34.96  4.63 1724  13.21   396.7  54025.  0.08  2.90   0.00   0.00   0.00 0.00 0.00 0.00 -1.00  -1.0     -1. 13.38 399.0  42876.
14:20:57 0.77  77.45  34.95  4.63 1724  13.34   398.7  47824.  0.81  2.49   0.00   0.00   0.00 0.00 0.00 0.00  0.91 379.8 236774. 13.87 400.4  46083.
14:22:18 0.77  77.45  34.94  4.63 1724  13.58   403.6  49117.  1.00  2.12   0.00   0.00   0.00 0.00 0.00 0.00 -1.00  -1.0     -1. 13.99 402.0  41639.
14:23:39 0.77  77.45  34.93  4.63 1724  13.29   419.9  55185.  2.29 -0.75   0.00   0.00   0.00 0.00 0.00 0.00 -1.00  -1.0     -1. 14.03 417.0  45781.
14:25:00 0.77  77.45  34.91  4.63 1724  13.13   409.1  49422.  2.58  1.02   0.00   0.00   0.00 0.00 0.00 0.00 -1.00  -1.0     -1. 13.83 404.9  52930.
14:26:21 0.77  77.45  34.90  4.63 1724  12.35   398.6  48672.  1.26  3.63   0.00   0.00   0.00 0.00 0.00 0.00  0.07 508.2 209642. 14.87 398.1  59223.
14:27:42 0.77  77.45  34.89  4.63 1724  13.49   409.7  54980.  3.10  1.46   0.00   0.00   0.00 0.00 0.00 0.00 -1.00  -1.0     -1. 13.98 407.4  50205.
14:29:03 0.77  77.45  34.88  4.63 1724  13.42   399.1  46550.  1.97  5.43   0.00   0.00   0.00 0.00 0.00 0.00  1.23 375.5 185136. 13.74 393.9  44215.
14:30:24 0.77  77.45  34.86  4.63 1724  13.38   397.0  56894.  0.69  5.73   0.00   0.00   0.00 0.00 0.00 0.00  0.11 485.1 306784. 14.32 396.6  52212.
14:31:45 0.77  77.45  34.85  4.63 1724  15.50   401.3  53265. -3.15  8.96   0.00   0.00   0.00 0.00 0.00 0.00  0.15 495.3 305914. 17.25 407.2  63858.
14:33:06 0.77  77.45  34.84  4.63 1724  13.14   397.0  52885.  1.17  5.43   0.00   0.00   0.00 0.00 0.00 0.00 -1.00  -1.0     -1. 13.71 398.0  42003.
14:34:27 0.77  77.45  34.83  4.63 1724  13.04   398.1  47541.  0.78  7.51   0.00   0.00   0.00 0.00 0.00 0.00  1.02 378.9 212839. 13.40 396.5  35743.
14:35:48 0.77  77.45  34.81  4.63 1724  12.78   398.0  53885. -0.93  8.19   0.00   0.00   0.00 0.00 0.00 0.00 -1.00  -1.0     -1. 13.93 397.6  47356.
14:37:46 0.77  77.45  34.80  4.63 1724  12.82   394.8  45735. -4.15  7.22   0.00   0.00   0.00 0.00 0.00 0.00  1.48 364.3 278471. 13.09 394.5  39362.
14:38:30 0.77  77.45  34.79  4.63 1724  13.10   395.9  51037. -1.01  7.88   0.00   0.00   0.00 0.00 0.00 0.00  0.11 494.2 274547. 13.89 396.8  47668.
14:39:51 0.77  77.45  34.78  4.63 1724  13.05   393.9  43253. -0.20  5.19   0.00   0.00   0.00 0.00 0.00 0.00  1.29 371.5 269557. 13.94 392.4  37961.
14:41:12 0.77  77.45  34.76  4.62 1724  12.77   391.4  38686. -1.31  5.26   0.00   0.00   0.00 0.00 0.00 0.00  0.99 368.9 244180. 13.96 393.9  44923.
14:42:33 0.77  77.45  34.75  4.62 1724  13.17   392.9  44712. -2.34  6.04   0.00   0.00   0.00 0.00 0.00 0.00  1.31 368.5 269219. 14.19 392.1  43016.
14:43:54 0.77  77.45  34.74  4.62 1724  12.77   390.5  39186. -2.81  6.42   0.00   0.00   0.00 0.00 0.00 0.00  1.21 366.9 235279. 13.63 394.1  41229.
14:45:15 0.77  77.45  34.73  4.62 1724  13.15   393.8  44952. -2.20  6.73   0.00   0.00   0.00 0.00 0.00 0.00  1.06 376.5 193348. 14.03 393.8  41044.
14:46:36 0.77  77.45  34.72  4.62 1724  12.45   392.1  38403.  0.00  0.00   0.00   0.00   0.00 0.00 0.00 0.00 -1.00  -1.0     -1. 13.73 393.9  44400.
14:48:34 0.77  77.45  34.70  4.62 1724  13.60   402.2  54454. -5.06  8.69   0.00   0.00   0.00 0.00 0.00 0.00 -1.00  -1.0     -1. 14.43 402.6  47060.
14:59:22 0.77  77.45  34.60  4.62 1724  13.26   414.6  63381.  3.23 10.45   0.00   0.00   0.00 0.00 0.00 0.00  0.11 510.7 293245. 13.51 413.2  47639.
15:10:10 0.77  77.45  34.50  4.62 1724  12.77   408.6  48227. -0.73 10.77   0.00   0.00   0.00 0.00 0.00 0.00  0.22 458.0 351535. 12.82 406.3  48308.
15:20:58 0.77  77.45  34.41  4.62 1724  13.39   413.4  67857. -7.03  1.05   0.00   0.00   0.00 0.00 0.00 0.00 -1.00  -1.0     -1. 13.41 416.4  52355.
15:31:46 0.77  77.45  34.31  4.62 1724  13.97   406.7  53314. -7.60  1.17   0.00   0.00   0.00 0.00 0.00 0.00  0.34 437.7 468272. 14.58 411.7  62724.
15:42:34 0.77  77.46  34.21  4.62 1724  14.61   397.5  46596. -4.06  6.12   0.00   0.00   0.00 0.00 0.00 0.00 -1.00  -1.0     -1. 15.43 401.4  50549.
15:53:22 0.77  77.46  34.11  4.62 1724  13.37   394.2  55519. -5.26  3.15   0.00   0.00   0.00 0.00 0.00 0.00 -1.00  -1.0     -1. 14.64 396.2  45894.
16:04:11 0.77  77.46  34.01  4.62 1724  13.47   391.2  46008. -4.32  5.85   0.00   0.00   0.00 0.00 0.00 0.00 -1.00  -1.0     -1. 14.40 391.7  40953.
16:14:59 0.77  77.46  33.92  4.62 1724  13.19   395.0  55035. -5.81  3.36   0.00   0.00   0.00 0.00 0.00 0.00 -1.00  -1.0     -1. 14.12 396.5  43445.
16:25:47 0.77  77.46  33.82  4.62 1724  12.79   395.9  43656. -5.55  4.09   0.00   0.00   0.00 0.00 0.00 0.00  0.33 411.1 277925. 13.33 401.0  46810.
16:36:35 0.77  77.46  33.72  4.62 1724  12.73   391.0  41554. -5.43  4.16   0.00   0.00   0.00 0.00 0.00 0.00  0.26 395.8 257057. 13.61 396.6  45313.
16:47:23 0.77  77.46  33.62  4.62 1724  13.21   393.6  44637. -5.08  4.42   0.00   0.00   0.00 0.00 0.00 0.00  0.39 397.1 418843. 13.28 393.4  39868.
16:58:11 0.77  77.47  33.52  4.61 1724  12.02   394.4  47132. -5.04  2.54   0.00   0.00   0.00 0.00 0.00 0.00  0.42 385.6 388724. 13.52 394.5  43455.
17:08:59 0.77  77.47  33.43  4.61 1724  12.81   393.5  46209. -5.11  2.54   0.00   0.00   0.00 0.00 0.00 0.00  0.30 383.7 244089. 13.66 394.4  44657.
17:19:47 0.77  77.47  33.33  4.61 1724  12.72   391.6  51631. -6.08  2.62   0.00   0.00   0.00 0.00 0.00 0.00 -1.00  -1.0     -1. 14.25 395.1  50692.
17:30:35 0.77  77.47  33.23  4.61 1724  12.06   390.6  46183. -5.56  4.28   0.00   0.00   0.00 0.00 0.00 0.00  0.25 390.3 193348. 14.05 389.8  45985.
17:41:23 0.77  77.47  33.13  4.61 1724  12.26   385.8  41437. -5.01  4.88   0.00   0.00   0.00 0.00 0.00 0.00  0.34 384.8 344168. 12.64 389.9  36675.
17:52:11 0.77  77.47  33.03  4.61 1724  12.21   384.4  43900. -4.73  4.37   0.00   0.00   0.00 0.00 0.00 0.00  0.42 397.6 418700. 13.19 385.2  39072.
18:02:59 0.77  77.47  32.94  4.61 1724  12.63   383.6  42431. -5.06  4.97   0.00   0.00   0.00 0.00 0.00 0.00  0.07 467.6 132537. 13.63 383.8  41658.
18:13:47 0.77  77.47  32.84  4.61 1724  12.21   389.1  48720. -5.28  3.85   0.00   0.00   0.00 0.00 0.00 0.00 -1.00  -1.0     -1. 13.01 390.2  43078.
18:24:35 0.77  77.48  32.74  4.61 1724  11.93   385.9  44442. -4.32  2.69   0.00   0.00   0.00 0.00 0.00 0.00  0.20 419.3 197298. 12.79 391.2  44705.
18:35:23 0.77  77.48  32.65  4.61 1724  11.74   388.5  46485. -4.18  1.94   0.00   0.00   0.00 0.00 0.00 0.00 -1.00  -1.0     -1. 12.71 388.5  44887.
18:46:11 0.77  77.48  32.55  4.61 1724  11.99   385.4  40996. -1.93  1.61   0.00   0.00   0.00 0.00 0.00 0.00 -1.00  -1.0     -1. 12.32 389.6  43695.
18:56:59 0.77  77.48  32.45  4.61 1724  11.38   389.6  44130. -4.26  1.51   0.00   0.00   0.00 0.00 0.00 0.00 -1.00  -1.0     -1. 12.40 389.0  41356.
19:07:47 0.77  77.48  32.35  4.60 1724  11.24   385.3  44341. -2.81  1.85   0.00   0.00   0.00 0.00 0.00 0.00 -1.00  -1.0     -1. 12.11 388.8  44501.
19:08:58 0.77  77.48  32.34  4.60 1724  11.66   373.1  41229.  0.00  0.00   0.00   0.00   0.00 0.00 0.00 0.00 -1.00  -1.0     -1. -1.00  -1.0     -1.
19:35:46 0.77  77.48  32.10  4.60 1724  11.62   390.7  50799. -1.80  0.36   0.00   0.00   0.00 0.00 0.00 0.00 -1.00  -1.0     -1. 12.57 390.0  45228.
19:36:06 0.77  77.48  32.09  4.60 1724  10.94   389.6  44208. -1.74 -0.22   0.00   0.00   0.00 0.00 0.00 0.00  0.59 363.5 228704. 11.92 392.5  46258.
19:36:47 0.77  77.48  32.09  4.60 1724  10.72   390.2  46797. -2.97  0.63   0.00   0.00   0.00 0.00 0.00 0.00 -1.00  -1.0     -1. 12.16 388.8  42798.
19:37:28 0.77  77.49  32.08  4.60 1724  10.61   389.0  42656. -3.22  0.48   0.00   0.00   0.00 0.00 0.00 0.00  0.19 418.3 279185. 11.43 392.0  38342.
19:38:09 0.77  77.49  32.08  4.60 1724  10.83   391.2  49328. -2.19  0.17   0.00   0.00   0.00 0.00 0.00 0.00 -1.00  -1.0     -1. 11.89 390.0  44075.
19:38:49 0.77  77.49  32.07  4.60 1724  10.61   390.8  61211. -2.25 -0.16   0.00   0.00   0.00 0.00 0.00 0.00 -1.00  -1.0     -1. 11.32 392.6  52684.
19:39:30 0.77  77.49  32.06  4.60 1724  11.14   391.6  49997. -3.57  0.23   0.00   0.00   0.00 0.00 0.00 0.00  0.16 442.9 238502. 11.47 391.4  44445.
19:40:10 0.77  77.49  32.06  4.60 1724  11.03   388.5  46573. -3.19  0.38   0.00   0.00   0.00 0.00 0.00 0.00 -1.00  -1.0     -1. 12.03 392.7  49152.
19:40:51 0.77  77.49  32.05  4.60 1724  11.14   392.3  46904. -3.98  0.39   0.00   0.00   0.00 0.00 0.00 0.00  0.15 440.7 191113. 11.63 392.0  42272.
19:41:31 0.77  77.49  32.04  4.60 1724  11.35   391.6  59967. -4.50  0.75   0.00   0.00   0.00 0.00 0.00 0.00 -1.00  -1.0     -1. 12.38 393.9  52199.
19:42:12 0.77  77.49  32.04  4.60 1724  11.66   392.4  49776. -3.93 -0.04   0.00   0.00   0.00 0.00 0.00 0.00  0.19 437.2 239074. 12.30 392.6  44364.
19:42:52 0.77  77.49  32.03  4.60 1724  11.24   389.0  45439. -4.08  0.20   0.00   0.00   0.00 0.00 0.00 0.00  0.22 420.8 272299. 12.33 393.6  49204.
19:43:33 0.77  77.49  32.02  4.60 1724  10.68   389.3  47083. -4.31  0.85   0.00   0.00   0.00 0.00 0.00 0.00 -1.00  -1.0     -1. 11.33 390.0  41489.
19:44:13 0.77  77.49  32.02  4.60 1724  10.75   387.2  44150. -4.39  1.08   0.00   0.00   0.00 0.00 0.00 0.00 -1.00  -1.0     -1. 11.38 391.9  45842.
19:44:54 0.77  77.49  32.01  4.60 1724  11.11   392.6  50195. -4.64 -0.16   0.00   0.00   0.00 0.00 0.00 0.00 -1.00  -1.0     -1. 11.40 392.9  45137.
19:45:34 0.77  77.49  32.01  4.60 1724  10.53   387.8  45105. -3.39 -0.09   0.00   0.00   0.00 0.00 0.00 0.00  0.14 448.4 222519. 11.33 391.5  48327.
19:46:15 0.77  77.49  32.00  4.60 1724  11.51   392.5  52212. -4.55 -0.36   0.00   0.00   0.00 0.00 0.00 0.00 -1.00  -1.0     -1. 11.38 393.4  42363.
19:46:55 0.77  77.49  31.99  4.60 1724  11.05   391.6  60184. -3.80  0.01   0.00   0.00   0.00 0.00 0.00 0.00 -1.00  -1.0     -1. 11.80 394.2  48633.
19:47:36 0.77  77.49  31.99  4.60 1724  11.47   392.3  51108. -4.40  0.08   0.00   0.00   0.00 0.00 0.00 0.00 -1.00  -1.0     -1. 11.90 393.1  45943.
19:48:16 0.77  77.49  31.98  4.60 1724  11.11   392.0  62396. -3.57 -0.53   0.00   0.00   0.00 0.00 0.00 0.00  0.19 432.3 382772. 12.00 395.2  47574.
19:48:57 0.77  77.49  31.98  4.60 1724  10.96   389.8  50166. -3.18 -0.13   0.00   0.00   0.00 0.00 0.00 0.00 -1.00  -1.0     -1. 11.72 389.3  47382.
19:49:37 0.77  77.49  31.97  4.60 1724  10.93   388.7  45595. -2.84 -0.41   0.00   0.00   0.00 0.00 0.00 0.00 -1.00  -1.0     -1. 11.99 392.7  49464.
19:50:18 0.77  77.49  31.96  4.60 1724  11.30   392.9  54753. -3.47 -0.74   0.00   0.00   0.00 0.00 0.00 0.00 -1.00  -1.0     -1. 11.99 392.1  45186.
19:50:58 0.77  77.49  31.96  4.60 1724  11.85   391.7  56585. -4.03 -0.23   0.00   0.00   0.00 0.00 0.00 0.00  0.26 419.6 250339. 12.24 393.4  51998.
19:51:39 0.77  77.49  31.95  4.60 1724  10.83   397.6  55919. -6.04 -0.76   0.00   0.00   0.00 0.00 0.00 0.00 -1.00  -1.0     -1. 11.48 402.6  63234.
19:52:19 0.77  77.49  31.95  4.60 1724  11.28   397.7  63309. -4.96 -0.97   0.00   0.00   0.00 0.00 0.00 0.00  0.21 420.1 303627. 11.91 399.0  52833.
19:53:00 0.77  77.49  31.94  4.60 1724  11.06   395.1  52274. -5.12 -0.68   0.00   0.00   0.00 0.00 0.00 0.00  0.18 427.1 212124. 11.82 397.4  56611.
19:53:40 0.77  77.49  31.94  4.60 1724  11.18   392.8  59099. -4.99 -0.24   0.00   0.00   0.00 0.00 0.00 0.00  0.24 423.4 287190. 11.76 395.0  47847.
19:54:21 0.77  77.49  31.93  4.60 1724  10.62   394.4  51813. -5.42 -0.63   0.00   0.00   0.00 0.00 0.00 0.00 -1.00  -1.0     -1. 11.62 397.7  57147.
19:55:01 0.77  77.49  31.92  4.60 1724  10.85   396.0  62828. -5.68 -0.21   0.00   0.00   0.00 0.00 0.00 0.00 -1.00  -1.0     -1. 11.63 399.1  49214.
19:55:42 0.77  77.49  31.92  4.60 1724  10.39   395.8  51673. -5.87 -0.27   0.00   0.00   0.00 0.00 0.00 0.00 -1.00  -1.0     -1. 10.90 401.4  50247.
19:56:22 0.77  77.49  31.91  4.60 1724  10.57   386.2  46966. -3.69  0.52   0.00   0.00   0.00 0.00 0.00 0.00 -1.00  -1.0     -1. 11.30 389.9  43555.
19:57:03 0.77  77.49  31.91  4.60 1724  10.92   388.0  43299. -3.26  0.92   0.00   0.00   0.00 0.00 0.00 0.00 -1.00  -1.0     -1. 11.82 387.6  42584.
19:57:43 0.77  77.49  31.90  4.60 1724  13.01   394.7  63101. -6.21  0.57   0.00   0.00   0.00 0.00 0.00 0.00  0.08 466.4 129133. 13.24 397.8  55276.
19:58:24 0.77  77.49  31.89  4.60 1724  11.39   391.4  45988. -4.31  0.18   0.00   0.00   0.00 0.00 0.00 0.00 -1.00  -1.0     -1. 12.11 391.5  42847.
19:59:04 0.77  77.49  31.89  4.60 1724  11.80   387.6  44845. -3.44  0.22   0.00   0.00   0.00 0.00 0.00 0.00  0.54 365.6 206472. 11.99 391.3  42720.
19:59:45 0.77  77.49  31.88  4.60 1724  11.73   388.4  47892. -4.17  0.72   0.00   0.00   0.00 0.00 0.00 0.00  0.66 359.1 192841. 12.18 388.9  42669.
20:00:25 0.77  77.49  31.87  4.60 1724  11.21   388.2  44809. -4.76  1.04   0.00   0.00   0.00 0.00 0.00 0.00  0.15 435.6 115424. 11.83 391.4  44981.
20:01:06 0.77  77.49  31.87  4.60 1724  10.94   391.4  50416. -4.59  0.74   0.00   0.00   0.00 0.00 0.00 0.00  0.47 376.3 224559. 12.04 392.1  42490.
20:01:46 0.77  77.49  31.86  4.60 1724  11.54   389.3  59726. -4.95  0.93   0.00   0.00   0.00 0.00 0.00 0.00  0.25 416.3 265360. 11.77 391.7  44676.
20:02:47 0.77  77.49  31.85  4.60 1724  11.01   390.4  57267. -4.78  0.65   0.00   0.00   0.00 0.00 0.00 0.00 -1.00  -1.0     -1. 11.17 392.6  41918.
20:04:08 0.77  77.49  31.84  4.60 1724  10.73   390.1  50793. -4.77  1.06   0.00   0.00   0.00 0.00 0.00 0.00  0.37 379.0 249651. 11.79 391.0  44289.
20:15:01 0.77  77.49  31.74  4.60 1724  11.42   392.8  47762. -5.04  0.30   0.00   0.00   0.00 0.00 0.00 0.00 -1.00  -1.0     -1. 12.15 395.3  51777.
20:16:22 0.77  77.49  31.73  4.60 1724  11.49   389.8  56517. -7.09  2.58   0.00   0.00   0.00 0.00 0.00 0.00 -1.00  -1.0     -1. 11.81 394.0  44871.
20:17:43 0.77  77.49  31.72  4.60 1724  11.75   390.1  45534. -5.47  1.62   0.00   0.00   0.00 0.00 0.00 0.00  0.76 352.8 197272. 11.43 389.7  39232.
20:19:04 0.77  77.49  31.71  4.60 1724  12.20   385.9  45378. -3.18  0.57   0.00   0.00   0.00 0.00 0.00 0.00 -1.00  -1.0     -1. 12.50 390.2  44991.
20:20:25 0.77  77.49  31.69  4.60 1724  12.83   373.7  43844. -3.97 -0.51   0.00   0.00   0.00 0.00 0.00 0.00  0.88 356.0 208850. 14.91 377.7  51485.
20:21:46 0.77  77.49  31.68  4.60 1724  11.83   385.0  46869.  1.35  1.88   0.00   0.00   0.00 0.00 0.00 0.00 -1.00  -1.0     -1. 12.82 385.9  58352.
20:23:07 0.77  77.49  31.67  4.60 1724  13.12   376.1  70501. -2.10  0.25   0.00   0.00   0.00 0.00 0.00 0.00  0.21 435.9 241412. 13.29 377.5  50851.
20:24:28 0.77  77.49  31.65  4.60 1724  12.58   381.0  47548.  0.00  2.91   0.00   0.00   0.00 0.00 0.00 0.00 -1.00  -1.0     -1. 13.08 378.4  48227.
20:25:49 0.77  77.49  31.64  4.60 1724  12.36   384.4  65317.  3.68  3.57   0.00   0.00   0.00 0.00 0.00 0.00 -1.00  -1.0     -1. 13.82 384.0  50400.
20:27:10 0.77  77.49  31.63  4.60 1724  12.89   402.4  54639.  0.00  6.02   0.00   0.00   0.00 0.00 0.00 0.00 -1.00  -1.0     -1. 13.91 399.7  51218.
20:28:31 0.77  77.49  31.62  4.60 1724  12.41   392.4  48087.  4.45  1.67   0.00   0.00   0.00 0.00 0.00 0.00 -1.00  -1.0     -1. 13.12 389.0  42396.
20:29:52 0.77  77.49  31.60  4.60 1724  11.67   392.0  42314.  0.00  2.14   0.00   0.00   0.00 0.00 0.00 0.00  0.26 421.7 261371. 12.67 395.2  41597.
20:31:13 0.77  77.49  31.59  4.60 1724  12.85   390.6  46615.  0.00  2.11   0.00   0.00   0.00 0.00 0.00 0.00  0.18 435.4 272234. 13.56 389.5  39660.
20:32:34 0.77  77.49  31.58  4.60 1724  13.58   399.6  58706.  0.00  1.59   0.00   0.00   0.00 0.00 0.00 0.00  0.25 419.6 248351. 13.88 400.1  43669.
20:33:55 0.77  77.49  31.57  4.60 1724  12.21   394.1  46625.  4.71  0.65   0.00   0.00   0.00 0.00 0.00 0.00 -1.00  -1.0     -1. 12.98 390.2  43370.
20:35:16 0.77  77.49  31.56  4.60 1724  13.24   390.5  43435.  0.00  1.79   0.00   0.00   0.00 0.00 0.00 0.00  0.29 421.9 285981. 14.35 391.5  48639.
20:36:37 0.77  77.49  31.54  4.60 1724  13.40   396.5  49584.  0.00  1.16   0.00   0.00   0.00 0.00 0.00 0.00 -1.00  -1.0     -1. 13.96 396.9  60792.
20:37:58 0.77  77.49  31.53  4.60 1724  13.20   389.7  41697.  0.00  1.37   0.00   0.00   0.00 0.00 0.00 0.00 -1.00  -1.0     -1. 13.48 392.4  44926.
20:39:19 0.77  77.49  31.52  4.60 1724  12.92   391.5  54720.  4.47  1.49   0.00   0.00   0.00 0.00 0.00 0.00 -1.00  -1.0     -1. 14.12 387.7  43542.
20:40:40 0.77  77.49  31.51  4.60 1724  12.93   386.1  46866.  0.00  0.69   0.00   0.00   0.00 0.00 0.00 0.00 -1.00  -1.0     -1. 13.89 389.9  50579.
20:42:01 0.77  77.49  31.50  4.60 1724  10.87   388.6  44000. -3.53  0.16   0.00   0.00   0.00 0.00 0.00 0.00  0.86 352.5 209383. 11.84 388.9  40460.
20:43:22 0.77  77.49  31.49  4.60 1724  10.87   387.1  41606. -0.53 -0.89   0.00   0.00   0.00 0.00 0.00 0.00 -1.00  -1.0     -1. 11.91 389.5  42272.
20:44:43 0.77  77.49  31.47  4.60 1724  11.89   385.1  51816. -1.57  0.05   0.00   0.00   0.00 0.00 0.00 0.00 -1.00  -1.0     -1. 12.57 384.5  43637.
20:46:04 0.77  77.49  31.46  4.60 1724  11.52   381.8  42675. -2.84  1.21   0.00   0.00   0.00 0.00 0.00 0.00  1.08 353.8 286475. 11.89 380.5  37481.
20:47:25 0.77  77.49  31.45  4.60 1724  11.09   383.5  53743. -1.81 -0.26   0.00   0.00   0.00 0.00 0.00 0.00  1.05 354.9 198585. 12.64 383.2  44283.
20:48:46 0.77  77.49  31.44  4.60 1724  11.31   387.4  44517.  0.24 -1.11   0.00   0.00   0.00 0.00 0.00 0.00 -1.00  -1.0     -1. 11.87 389.4  42155.
20:50:07 0.77  77.49  31.42  4.60 1724  11.51   414.7  57572.  4.06 -0.90   0.00   0.00   0.00 0.00 0.00 0.00 -1.00  -1.0     -1. 11.70 411.2  48090.
20:51:28 0.77  77.49  31.41  4.60 1724  13.74   425.1  68075.  0.00  0.35   0.00   0.00   0.00 0.00 0.00 0.00  0.19 430.9 194622. 12.55 424.9  52687.
20:52:49 0.77  77.49  31.40  4.60 1724  10.70   406.3  44228.  2.63 -1.57   0.00   0.00   0.00 0.00 0.00 0.00  0.30 422.9 414763. 12.23 407.0  48392.
20:54:10 0.77  77.49  31.39  4.60 1724  11.22   406.3  55909.  1.28 -1.99   0.00   0.00   0.00 0.00 0.00 0.00  0.24 422.6 271454. 12.52 404.4  45826.
20:55:31 0.77  77.49  31.37  4.60 1724  11.47   405.8  42392.  1.69 -2.14   0.00   0.00   0.00 0.00 0.00 0.00  0.24 397.8 186682. 12.34 407.4  56890.
20:56:52 0.77  77.49  31.36  4.60 1724  11.48   401.5  50793.  1.24 -1.50   0.00   0.00   0.00 0.00 0.00 0.00  0.17 432.1 207291. 12.73 399.5  46999.
20:58:13 0.77  77.49  31.35  4.60 1724  11.95   402.9  47853.  2.06 -1.54   0.00   0.00   0.00 0.00 0.00 0.00  0.24 440.5 299482. 13.52 404.1  52586.
20:59:34 0.77  77.50  31.34  4.60 1724  10.20   407.2  44312.  1.66 -1.89   0.00   0.00   0.00 0.00 0.00 0.00  0.16 443.6 217387. 11.26 402.7  43328.
21:00:55 0.77  77.50  31.32  4.60 1724  10.92   405.0  44910.  3.09 -1.00   0.00   0.00   0.00 0.00 0.00 0.00  0.19 440.9 267582. 11.11 403.0  32212.
21:02:16 0.77  77.50  31.31  4.60 1724  11.14   393.3  39105. -0.64 -1.86   0.00   0.00   0.00 0.00 0.00 0.00 -1.00  -1.0     -1. 11.85 396.0  39625.
21:03:37 0.77  77.50  31.30  4.60 1724  11.15   397.1  45641. -0.56 -2.35   0.00   0.00   0.00 0.00 0.00 0.00 -1.00  -1.0     -1. 11.46 393.9  41853.
21:04:58 0.77  77.50  31.29  4.60 1724  10.73   395.5  55282. -1.29 -2.22   0.00   0.00   0.00 0.00 0.00 0.00 -1.00  -1.0     -1. 12.07 397.4  45914.
21:06:19 0.77  77.50  31.28  4.60 1724  11.40   398.5  44559. -1.04 -2.39   0.00   0.00   0.00 0.00 0.00 0.00 -1.00  -1.0     -1. 11.73 402.3  48600.
21:07:40 0.77  77.50  31.26  4.60 1724  11.03   402.1  49601. -1.60 -2.86   0.00   0.00   0.00 0.00 0.00 0.00 -1.00  -1.0     -1. 11.88 400.1  49659.
21:09:01 0.77  77.50  31.25  4.60 1724  11.42   398.0  48876. -0.24 -2.08   0.00   0.00   0.00 0.00 0.00 0.00  0.16 437.7 237566. 11.37 398.7  35424.
21:10:22 0.77  77.50  31.24  4.60 1724  11.53   398.6  61061. -0.30 -1.83   0.00   0.00   0.00 0.00 0.00 0.00  0.17 428.2 194622. 11.55 399.5  40005.
21:11:43 0.77  77.50  31.23  4.59 1724  10.99   403.6  49896.  0.34 -2.56   0.00   0.00   0.00 0.00 0.00 0.00 -1.00  -1.0     -1. 12.79 406.2  59353.
21:13:04 0.77  77.50  31.22  4.59 1724  11.41   395.1  58618. -0.46 -1.48   0.00   0.00   0.00 0.00 0.00 0.00 -1.00  -1.0     -1. 12.12 397.1  46092.
21:14:25 0.77  77.50  31.20  4.59 1724  12.06   404.2  46950. -1.34 -2.90   0.00   0.00   0.00 0.00 0.00 0.00  0.20 440.8 293583. 12.87 407.6  56530.
21:15:46 0.77  77.50  31.19  4.59 1724  12.42   431.4  54373.  0.00 -2.90   0.00   0.00   0.00 0.00 0.00 0.00  0.24 445.7 437645. 12.88 429.5  49013.
21:17:07 0.77  77.50  31.18  4.59 1724  11.34   428.4  50137.  2.74 -2.80   0.00   0.00   0.00 0.00 0.00 0.00  0.23 447.9 240503. 11.54 426.1  37162.
21:18:28 0.77  77.50  31.17  4.59 1724  12.20   450.8  49705.  0.00 -2.71   0.00   0.00   0.00 0.00 0.00 0.00  0.22 453.1 379381. 12.77 454.8  49276.
21:19:49 0.77  77.50  31.15  4.59 1724  13.46   419.7  63514.  2.23 -2.52   0.00   0.00   0.00 0.00 0.00 0.00 -1.00  -1.0     -1. 14.58 418.6  80695.
21:21:10 0.77  77.50  31.14  4.59 1724  10.70   389.6  43409. -1.37 -1.80   0.00   0.00   0.00 0.00 0.00 0.00 -1.00  -1.0     -1. 11.47 392.5  45069.
21:22:31 0.77  77.50  31.13  4.59 1724  10.81   398.6  49919.  0.60 -2.19   0.00   0.00   0.00 0.00 0.00 0.00 -1.00  -1.0     -1. 12.69 397.9  61415.
21:23:52 0.77  77.50  31.12  4.59 1724  11.47   397.8  61165.  0.39 -1.92   0.00   0.00   0.00 0.00 0.00 0.00  0.18 432.7 210136. 12.36 398.7  48477.
21:25:13 0.77  77.50  31.10  4.59 1724  10.08   396.6  46680. -1.44 -2.44   0.00   0.00   0.00 0.00 0.00 0.00 -1.00  -1.0     -1. 10.74 395.7  33030.
21:26:34 0.77  77.50  31.09  4.59 1724  11.63   425.5  62926.  0.00 -2.16   0.00   0.00   0.00 0.00 0.00 0.00  0.23 424.1 302717. 13.04 427.1  60061.
21:27:55 0.77  77.50  31.08  4.59 1724  10.51   396.3  46648.  1.68 -1.33   0.00   0.00   0.00 0.00 0.00 0.00 -1.00  -1.0     -1. 10.99 393.2  43572.
21:29:16 0.77  77.50  31.07  4.59 1724  11.57   426.9  64563.  0.00 -2.47   0.00   0.00   0.00 0.00 0.00 0.00  0.22 446.9 297351. 12.80 428.3  57901.
21:30:37 0.77  77.50  31.06  4.59 1724  10.82   421.7  54892.  2.69 -2.25   0.00   0.00   0.00 0.00 0.00 0.00  0.25 434.0 338502. 12.98 418.9  52089.
21:31:58 0.77  77.50  31.04  4.59 1724  12.06   421.2  65482.  0.00 -2.94   0.00   0.00   0.00 0.00 0.00 0.00  0.25 448.3 422378. 12.69 423.5  58869.
21:33:19 0.77  77.50  31.03  4.59 1724  11.81   421.9  56169. -0.13 -3.60   0.00   0.00   0.00 0.00 0.00 0.00  0.23 432.0 311618. 13.07 419.9  50338.
21:34:40 0.77  77.50  31.02  4.59 1724  11.25   412.5  52180.  0.03 -3.27   0.00   0.00   0.00 0.00 0.00 0.00  0.21 441.6 326353. 11.36 414.1  56377.
21:36:01 0.77  77.50  31.01  4.59 1724  11.71   402.1  47505. -1.25 -3.03   0.00   0.00   0.00 0.00 0.00 0.00  0.20 441.7 238047. 12.63 405.5  56215.
21:37:22 0.77  77.50  31.00  4.59 1724  10.74   402.9  49455. -1.85 -2.77   0.00   0.00   0.00 0.00 0.00 0.00  0.19 429.3 202782. 11.97 402.1  45725.
21:38:43 0.77  77.50  30.98  4.59 1724  11.41   400.8  48152. -1.63 -2.88   0.00   0.00   0.00 0.00 0.00 0.00 -1.00  -1.0     -1. 11.95 405.9  58170.
21:40:04 0.77  77.50  30.97  4.59 1724  11.63   396.8  58917. -1.29 -2.30   0.00   0.00   0.00 0.00 0.00 0.00 -1.00  -1.0     -1. 12.25 397.6  47350.
21:41:25 0.77  77.50  30.96  4.59 1724  11.55   401.8  53613. -0.39 -2.89   0.00   0.00   0.00 0.00 0.00 0.00 -1.00  -1.0     -1. 12.80 406.6  58316.
21:42:46 0.77  77.50  30.95  4.59 1724  11.13   410.9  49487. -2.28 -3.61   0.00   0.00   0.00 0.00 0.00 0.00  0.27 432.8 217257. 12.11 412.1  60295.
21:44:07 0.77  77.50  30.93  4.59 1724  11.28   399.7  45209. -2.49 -2.99   0.00   0.00   0.00 0.00 0.00 0.00  0.21 439.3 258356. 12.35 402.6  50429.
21:45:28 0.77  77.50  30.92  4.59 1724  11.76   402.1  49802. -2.46 -2.92   0.00   0.00   0.00 0.00 0.00 0.00  0.27 421.0 262605. 11.72 400.6  48256.
21:46:49 0.77  77.50  30.91  4.59 1724  11.68   394.5  50146. -2.31 -2.49   0.00   0.00   0.00 0.00 0.00 0.00  0.31 434.4 291361. 11.21 393.2  44419.
21:48:10 0.77  77.50  30.90  4.59 1724  11.65   401.8  51368. -2.59 -2.90   0.00   0.00   0.00 0.00 0.00 0.00 -1.00  -1.0     -1. 12.11 401.7  45888.
21:49:31 0.77  77.50  30.88  4.59 1724  10.60   390.4  47366. -2.21 -1.83   0.00   0.00   0.00 0.00 0.00 0.00 -1.00  -1.0     -1. 11.20 387.9  42743.
21:50:52 0.77  77.50  30.87  4.59 1724  11.46   395.8  57358. -1.98 -2.65   0.00   0.00   0.00 0.00 0.00 0.00 -1.00  -1.0     -1. 11.81 398.3  42295.
21:52:13 0.77  77.50  30.86  4.59 1724  11.35   395.9  43978. -2.30 -2.43   0.00   0.00   0.00 0.00 0.00 0.00  0.22 435.5 267270. 11.42 394.3  38277.
21:53:34 0.77  77.50  30.85  4.59 1724  11.10   408.5  52963. -2.38 -3.00   0.00   0.00   0.00 0.00 0.00 0.00  0.20 450.3 317361. 12.47 407.0  43104.
21:54:55 0.77  77.50  30.83  4.59 1724  10.85   402.4  48987. -1.12 -3.08   0.00   0.00   0.00 0.00 0.00 0.00 -1.00  -1.0     -1. 11.91 407.5  58043.
21:56:16 0.77  77.50  30.82  4.59 1724  11.34   401.7  51309. -1.14 -2.60   0.00   0.00   0.00 0.00 0.00 0.00 -1.00  -1.0     -1. 11.55 400.7  46612.
21:57:37 0.77  77.50  30.81  4.59 1724  11.16   393.8  48227. -3.28 -1.98   0.00   0.00   0.00 0.00 0.00 0.00 -1.00  -1.0     -1. 11.50 396.8  60697.
21:58:58 0.77  77.50  30.80  4.59 1724  10.13   396.3  63192. -1.56 -2.20   0.00   0.00   0.00 0.00 0.00 0.00  0.20 448.2 230329. 11.59 396.2  47717.
22:00:19 0.77  77.50  30.79  4.59 1724  11.19   391.6  46703. -0.35 -1.32   0.00   0.00   0.00 0.00 0.00 0.00 -1.00  -1.0     -1. 11.35 389.2  41405.
22:01:40 0.77  77.50  30.77  4.59 1724  10.29   394.2  62260. -1.59 -2.37   0.00   0.00   0.00 0.00 0.00 0.00  0.10 473.3 240360. 11.36 395.0  50205.
22:03:01 0.77  77.50  30.76  4.59 1724  11.40   385.7  53184. -1.84 -0.91   0.00   0.00   0.00 0.00 0.00 0.00 -1.00  -1.0     -1. 11.53 386.6  41843.
22:04:22 0.77  77.50  30.75  4.59 1724  11.20   389.2  44624. -1.61 -1.88   0.00   0.00   0.00 0.00 0.00 0.00 -1.00  -1.0     -1. 12.39 393.2  48841.
22:05:43 0.77  77.50  30.74  4.59 1724  11.83   413.1  66363. -0.43 -3.35   0.00   0.00   0.00 0.00 0.00 0.00 -1.00  -1.0     -1. 12.19 413.3  53807.
22:07:04 0.77  77.50  30.73  4.59 1724  10.91   401.6  51631.  0.59 -2.11   0.00   0.00   0.00 0.00 0.00 0.00 -1.00  -1.0     -1. 11.56 399.0  44182.
22:08:25 0.77  77.50  30.71  4.59 1724  10.70   393.8  50585. -0.94 -2.22   0.00   0.00   0.00 0.00 0.00 0.00 -1.00  -1.0     -1. 11.89 390.8  42555.
22:09:46 0.77  77.50  30.70  4.59 1724  10.70   383.3  45348. -2.72 -0.93   0.00   0.00   0.00 0.00 0.00 0.00 -1.00  -1.0     -1. 12.00 385.3  55848.
22:11:07 0.77  77.50  30.69  4.59 1724  12.28   393.4  56812. -3.23 -2.02   0.00   0.00   0.00 0.00 0.00 0.00 -1.00  -1.0     -1. 13.69 396.8  72710.
22:12:28 0.77  77.50  30.68  4.59 1724  11.59   390.4  66025. -5.70 -0.69   0.00   0.00   0.00 0.00 0.00 0.00 -1.00  -1.0     -1. 11.47 392.8  48896.
22:13:49 0.77  77.50  30.66  4.59 1724  11.16   389.2  49078. -4.05 -0.48   0.00   0.00   0.00 0.00 0.00 0.00 -1.00  -1.0     -1. 11.35 389.6  41928.
22:15:10 0.77  77.50  30.65  4.59 1724  10.90   422.0  65213. -3.03 -3.76   0.00   0.00   0.00 0.00 0.00 0.00  0.20 435.4 225313. 12.22 424.6  54532.
22:16:31 0.77  77.50  30.64  4.59 1724  13.33   410.3  73876. -1.42 -2.97   0.00   0.00   0.00 0.00 0.00 0.00 -1.00  -1.0     -1. 14.16 412.1  65395.
22:17:52 0.77  77.50  30.63  4.59 1724  10.89   392.1  66831. -4.02 -1.27   0.00   0.00   0.00 0.00 0.00 0.00 -1.00  -1.0     -1. 12.41 393.0  52495.
22:19:13 0.77  77.50  30.61  4.59 1724  10.98   390.7  41421. -3.68 -1.81   0.00   0.00   0.00 0.00 0.00 0.00 -1.00  -1.0     -1.  9.71 390.4  35567.
22:20:34 0.77  77.50  30.60  4.59 1724  10.10   389.2  43321. -3.90 -1.66   0.00   0.00   0.00 0.00 0.00 0.00 -1.00  -1.0     -1. 11.45 393.5  44767.
22:21:55 0.77  77.50  30.59  4.59 1724  10.06   391.5  52281. -3.44 -1.32   0.00   0.00   0.00 0.00 0.00 0.00 -1.00  -1.0     -1. 11.78 388.8  43844.
22:23:16 0.77  77.51  30.58  4.59 1724  10.75   398.4  55818. -5.72 -1.15   0.00   0.00   0.00 0.00 0.00 0.00  0.16 428.4 203418. 12.02 400.2  44488.
22:24:37 0.77  77.51  30.57  4.59 1724  11.21   395.4  47450. -4.35 -2.11   0.00   0.00   0.00 0.00 0.00 0.00 -1.00  -1.0     -1. 11.76 400.1  57235.
22:25:58 0.77  77.51  30.55  4.59 1724   9.68   395.5  34313. -6.64 -0.95   0.00   0.00   0.00 0.00 0.00 0.00 -1.00  -1.0     -1. 10.30 398.2  42714.
22:27:19 0.77  77.51  30.54  4.59 1724  11.35   395.1  49302. -5.35 -2.32   0.00   0.00   0.00 0.00 0.00 0.00 -1.00  -1.0     -1. 12.30 399.5  60925.
22:28:40 0.77  77.51  30.53  4.59 1724  11.73   398.0  61958. -6.62 -0.99   0.00   0.00   0.00 0.00 0.00 0.00  0.13 451.9 167997. 12.44 400.0  49390.
22:30:01 0.77  77.51  30.52  4.59 1724  11.62   394.3  47645. -6.60 -1.07   0.00   0.00   0.00 0.00 0.00 0.00 -1.00  -1.0     -1. 10.53 397.3  40128.
22:31:22 0.77  77.51  30.51  4.59 1724  11.89   386.2  45794. -6.45 -0.40   0.00   0.00   0.00 0.00 0.00 0.00 -1.00  -1.0     -1. 11.95 392.0  46089.
22:32:43 0.77  77.51  30.49  4.59 1724  10.54   386.5  46544. -5.47 -1.02   0.00   0.00   0.00 0.00 0.00 0.00  0.95 351.6 219583. 12.14 386.6  44832.
22:34:04 0.77  77.51  30.48  4.59 1724  10.73   385.1  41444. -5.76 -1.16   0.00   0.00   0.00 0.00 0.00 0.00 -1.00  -1.0     -1. 12.36 390.0  48126.
22:35:25 0.77  77.51  30.47  4.59 1724   9.73   386.0  50874. -4.87 -0.83   0.00   0.00   0.00 0.00 0.00 0.00 -1.00  -1.0     -1. 11.19 385.5  39375.
22:36:46 0.77  77.51  30.46  4.59 1724  11.13   380.0  48512. -3.43 -0.73   0.00   0.00   0.00 0.00 0.00 0.00 -1.00  -1.0     -1. 11.68 379.7  37780.
22:38:07 0.77  77.51  30.44  4.59 1724  10.86   390.7  46836. -5.54 -1.99   0.00   0.00   0.00 0.00 0.00 0.00 -1.00  -1.0     -1. 11.54 390.6  47762.
22:39:28 0.77  77.51  30.43  4.59 1724  11.84   382.2  47869. -5.57 -0.32   0.00   0.00   0.00 0.00 0.00 0.00 -1.00  -1.0     -1. 11.57 385.4  31211.
22:40:49 0.77  77.51  30.42  4.59 1724  10.42   385.9  49916. -5.33 -0.73   0.00   0.00   0.00 0.00 0.00 0.00 -1.00  -1.0     -1. 11.36 386.7  43978.
22:42:10 0.77  77.51  30.41  4.59 1724  10.37   383.4  41418. -5.46 -0.45   0.00   0.00   0.00 0.00 0.00 0.00  0.11 443.5 226846. 10.49 385.6  30578.
22:43:31 0.77  77.51  30.39  4.59 1724  10.75   384.2  46654. -4.57 -0.33   0.00   0.00   0.00 0.00 0.00 0.00 -1.00  -1.0     -1. 11.52 382.6  41892.
22:44:52 0.77  77.51  30.38  4.59 1724  10.48   378.4  44182. -5.33  0.08   0.00   0.00   0.00 0.00 0.00 0.00 -1.00  -1.0     -1. 10.72 379.4  37185.
22:46:13 0.77  77.51  30.37  4.59 1724   9.62   373.8  40615. -3.77 -0.01   0.00   0.00   0.00 0.00 0.00 0.00  0.11 463.7 300326. 10.60 380.0  44923.
22:47:34 0.77  77.51  30.36  4.59 1724  10.79   373.3  41765. -4.69  1.55   0.00   0.00   0.00 0.00 0.00 0.00  1.17 342.0 199832. 12.10 375.4  43763.
22:48:55 0.77  77.51  30.34  4.59 1724  11.06   387.7  50088.  0.00  0.00   0.00   0.00   0.00 0.00 0.00 0.00 -1.00  -1.0     -1. 11.46 384.4  41502.
22:50:16 0.77  77.51  30.33  4.59 1724  10.10   384.0  42532. -5.96 -0.42   0.00   0.00   0.00 0.00 0.00 0.00 -1.00  -1.0     -1. 10.51 386.4  33076.
22:51:37 0.77  77.51  30.32  4.59 1724  10.30   383.2  56296. -5.68  0.24   0.00   0.00   0.00 0.00 0.00 0.00 -1.00  -1.0     -1. 11.28 384.9  42883.
22:52:58 0.77  77.51  30.31  4.59 1724  10.83   380.3  43679. -5.10 -0.23   0.00   0.00   0.00 0.00 0.00 0.00 -1.00  -1.0     -1. 11.20 385.5  56712.
22:54:19 0.77  77.51  30.30  4.59 1724  10.50   383.1  54015. -4.82 -0.90   0.00   0.00   0.00 0.00 0.00 0.00  1.02 349.0 175859. 10.94 384.7  40180.
22:55:40 0.77  77.51  30.28  4.59 1724   9.41   368.8  41512. -4.85  4.21   0.00   0.00   0.00 0.00 0.00 0.00  1.24 341.4 172012. 10.09 371.2  39855.
22:57:01 0.77  77.51  30.27  4.59 1724   9.99   392.4  47616. -5.67 -1.56   0.00   0.00   0.00 0.00 0.00 0.00 -1.00  -1.0     -1. 10.53 392.1  43575.
22:58:22 0.77  77.51  30.26  4.59 1724   9.96   385.8  41876. -5.69 -0.81   0.00   0.00   0.00 0.00 0.00 0.00 -1.00  -1.0     -1. 11.07 392.2  52203.
22:59:43 0.77  77.51  30.25  4.59 1724   8.63   384.5  46732. -5.50  0.09   0.00   0.00   0.00 0.00 0.00 0.00  0.04 493.8 112215. 11.21 385.7  48123.
23:01:04 0.77  77.51  30.24  4.59 1724  10.25   379.3  40304. -5.01  0.17   0.00   0.00   0.00 0.00 0.00 0.00 -1.00  -1.0     -1. 10.33 379.3  39212.
23:02:25 0.77  77.51  30.22  4.59 1724  11.00   390.7  50682. -5.96 -0.59   0.00   0.00   0.00 0.00 0.00 0.00 -1.00  -1.0     -1. 11.41 391.8  48610.
23:03:46 0.77  77.51  30.21  4.59 1724  10.91   405.6  55951.  0.00  2.16   0.00   0.00   0.00 0.00 0.00 0.00 -1.00  -1.0     -1. 11.18 404.1  44030.
23:05:07 0.77  77.51  30.20  4.59 1724   9.79   370.6  44153. -2.74  0.90   0.00   0.00   0.00 0.00 0.00 0.00 -1.00  -1.0     -1. 11.56 371.6  60100.
23:06:28 0.77  77.51  30.19  4.59 1724   9.99   385.7  44163. -5.42 -1.07   0.00   0.00   0.00 0.00 0.00 0.00 -1.00  -1.0     -1. 10.25 388.6  29782.
23:07:49 0.77  77.51  30.17  4.59 1724   9.42   384.1  50699. -2.79 -0.39   0.00   0.00   0.00 0.00 0.00 0.00 -1.00  -1.0     -1. 10.81 384.6  39202.
23:09:10 0.77  77.51  30.16  4.59 1724   9.30   385.6  40596.  0.00  3.39   0.00   0.00   0.00 0.00 0.00 0.00  0.95 343.9 192932. 10.54 389.3  49591.
23:10:31 0.77  77.51  30.15  4.59 1724  10.24   378.6  37348.  3.76  2.76   0.00   0.00   0.00 0.00 0.00 0.00  0.80 355.1 201158. 11.10 378.1  39466.
23:11:52 0.77  77.51  30.14  4.59 1724  10.25   379.5  42756.  0.00  3.64   0.00   0.00   0.00 0.00 0.00 0.00 -1.00  -1.0     -1. 11.54 377.5  40447.
23:13:13 0.77  77.51  30.12  4.59 1724  10.96   374.1  41564.  2.22  4.55   0.00   0.00   0.00 0.00 0.00 0.00  0.06 472.3 195050. 11.88 373.7  41366.
23:14:34 0.77  77.51  30.11  4.59 1724  10.64   371.7  47187.  1.25  4.22   0.00   0.00   0.00 0.00 0.00 0.00 -1.00  -1.0     -1. 11.32 370.6  40843.
23:15:55 0.77  77.51  30.10  4.59 1724  10.74   368.9  45280. -0.15  3.30   0.00   0.00   0.00 0.00 0.00 0.00  0.91 353.1 198832. 11.27 367.0  35178.
23:17:57 0.77  77.51  30.08  4.59 1724  10.75   367.8  50796.  0.00  0.00   0.00   0.00   0.00 0.00 0.00 0.00 -1.00  -1.0     -1. 11.19 366.4  37458.
23:18:17 0.77  77.51  30.08  4.59 1724  10.26   367.9  41785. -1.01  3.65   0.00   0.00   0.00 0.00 0.00 0.00  0.90 353.5 195791. 11.99 365.9  40031.
23:18:58 0.77  77.51  30.07  4.59 1724  11.72   370.0  48321.  0.47  3.18   0.00   0.00   0.00 0.00 0.00 0.00  0.61 369.0 178847. 12.46 370.2  44397.
