015  0 07 08 0.58 253.83  86.60  6.68 1717   22.12   431.9  140350.  -2.38  -2.23   0.00   0.00    0.00  0.00  0.00  0.00   1.00  486.2    476471.  21.12  434.1 162468.
015  0 17 56 0.58 253.84  86.51  6.68 1717   22.08   432.4  157748.  -1.57   0.00   0.00   0.00    0.00  0.00  0.00  0.00   0.82  468.1    354472.  21.22  431.4 137179.
015  0 28 44 0.58 253.85  86.42  6.67 1717   20.25   426.0  137855.  -4.36  -2.53   0.00   0.00    0.00  0.00  0.00  0.00  -1.00   -1.0        -1.  20.26  430.7 161965.
015  0 39 32 0.58 253.85  86.33  6.67 1717   20.24   432.5  159564.  -1.24   2.85   0.00   0.00    0.00  0.00  0.00  0.00   0.88  473.3    262371.  19.82  431.3 145648.
015  0 50 20 0.58 253.86  86.24  6.67 1717   19.96   430.7  134778.  -0.94   3.98   0.00   0.00    0.00  0.00  0.00  0.00  -1.00   -1.0        -1.  20.18  432.8 156582.
015  1 01 08 0.58 253.87  86.15  6.67 1717   17.69   482.6   89761.   3.76   2.82   0.00   0.00    0.00  0.00  0.00  0.00   0.69  488.9    460852.  17.87  480.9 114911.
015  1 11 56 0.58 253.88  86.06  6.67 1717   21.86   452.7  115567.   2.29   1.69   0.00   0.00    0.00  0.00  0.00  0.00   0.91  475.2    433747.  21.60  451.2 135113.
015  1 22 44 0.58 253.88  85.97  6.67 1717   22.10   434.4  152769.  -1.11   2.94   0.00   0.00    0.00  0.00  0.00  0.00   0.85  479.2    465972.  21.64  432.0 138972.
015  1 33 32 0.58 253.89  85.88  6.67 1717   21.62   422.9  146905.  -1.78   2.61   0.00   0.00    0.00  0.00  0.00  0.00   0.90  471.0    503121.  20.92  427.5 165243.
015  1 44 20 0.58 253.90  85.79  6.67 1717   20.25   470.3  109700.   1.40   5.47   0.00   0.00    0.00  0.00  0.00  0.00   0.91  478.9    487191.  19.37  470.4 109648.
015  1 55 08 0.58 253.91  85.69  6.67 1717   17.29   492.9   93380.  -0.92   8.06   0.00   0.00    0.00  0.00  0.00  0.00   0.71  478.6    312930.  17.72  492.3 113339.
015  2 05 56 0.58 253.91  85.60  6.67 1717   18.37   441.8  124169.   3.26   1.27   0.00   0.00    0.00  0.00  0.00  0.00   0.69  471.0    311709.  18.41  436.5 118133.
015  2 16 44 0.58 253.92  85.51  6.67 1717   18.00   440.4  108148.   2.86   3.00   0.00   0.00    0.00  0.00  0.00  0.00   0.66  467.5    383500.  17.28  436.0 104802.
015  2 27 32 0.58 253.93  85.42  6.67 1717   18.77   458.7  104828.   3.77   1.05   0.00   0.00    0.00  0.00  0.00  0.00   0.69  477.7    433188.  18.03  454.2 105828.
015  2 38 20 0.58 253.94  85.33  6.67 1717   18.85   413.9  153308.  -1.56   3.98   0.00   0.00    0.00  0.00  0.00  0.00  -1.00   -1.0        -1.  18.94  414.3 196613.
015  2 49 08 0.58 253.95  85.24  6.66 1717   17.64   417.9  199059.  -0.71   1.91   0.00   0.00    0.00  0.00  0.00  0.00  -1.00   -1.0        -1.  17.17  416.2 176866.
015  2 59 56 0.58 253.95  85.15  6.66 1717   17.43   423.9  148532.   2.08   0.76   0.00   0.00    0.00  0.00  0.00  0.00  -1.00   -1.0        -1.  16.89  424.6 175979.
015  3 10 44 0.58 253.96  85.06  6.66 1717   16.84   412.1  204218.  -3.87  -1.64   0.00   0.00    0.00  0.00  0.00  0.00   0.39  495.6    265126.  16.83  413.6 173393.
015  3 21 32 0.58 253.97  84.96  6.66 1717   16.74   419.9  160922.   0.53   0.65   0.00   0.00    0.00  0.00  0.00  0.00   0.48  483.2    295038.  16.95  421.3 187761.
015  3 32 20 0.58 253.98  84.87  6.66 1717   19.34   417.4  185279.  -4.86  -0.65   0.00   0.00    0.00  0.00  0.00  0.00  -1.00   -1.0        -1.  18.69  418.3 161975.
015  3 43 08 0.58 253.98  84.78  6.66 1717   19.49   444.4  108525.   2.51   5.05   0.00   0.00    0.00  0.00  0.00  0.00  -1.00   -1.0        -1.  18.41  442.2 127914.
015  3 53 56 0.58 253.99  84.69  6.66 1717   20.43   419.6  203288.   0.00   0.00   0.00   0.00    0.00  0.00  0.00  0.00   0.79  471.7    448339.  19.22  419.9 187228.
015  4 12 04 0.58 254.00  84.54  6.66 1717   17.94   468.6  142308.   3.48   3.98   0.00   0.00    0.00  0.00  0.00  0.00   0.64  478.5    317881.  17.09  468.1 135539.
015  4 12 25 0.58 254.00  84.54  6.66 1717   17.36   472.8  129893.   2.04   4.54   0.00   0.00    0.00  0.00  0.00  0.00   0.72  468.6    298455.  16.90  470.7 148555.
015  4 13 05 0.58 254.00  84.53  6.66 1717   17.06   449.3  174108.   2.01   3.04   0.00   0.00    0.00  0.00  0.00  0.00   0.98  466.2    468701.  16.03  445.9 166354.
015  4 13 45 0.58 254.00  84.52  6.66 1717   18.00   472.1  125611.   1.49   3.77   0.00   0.00    0.00  0.00  0.00  0.00   0.84  480.5    438360.  18.22  472.0 152778.
015  4 14 26 0.58 254.01  84.52  6.66 1717   17.23   472.5  156014.   3.14   1.23   0.00   0.00    0.00  0.00  0.00  0.00   0.63  482.8    349638.  16.10  471.9 116149.
015  4 15 06 0.58 254.01  84.51  6.66 1717   14.53   481.6   81153.   3.04   2.89   0.00   0.00    0.00  0.00  0.00  0.00   0.63  470.0    290438.  14.76  477.8  96979.
015  4 15 47 0.58 254.01  84.51  6.66 1717   17.40   468.0  131195.   3.49   4.09   0.00   0.00    0.00  0.00  0.00  0.00   0.66  478.0    324469.  16.52  466.2 116045.
015  4 16 27 0.58 254.01  84.50  6.66 1717   17.47   463.6  116818.   3.35   2.82   0.00   0.00    0.00  0.00  0.00  0.00   0.60  471.0    305212.  16.21  457.7 115307.
015  4 17 08 0.58 254.01  84.50  6.66 1717   17.90   443.6  177246.   1.38   5.48   0.00   0.00    0.00  0.00  0.00  0.00  -1.00   -1.0        -1.  17.31  442.5 161650.
015  4 17 28 0.58 254.01  84.49  6.66 1717   16.46   482.1  142663.   0.00   0.00   0.00   0.00    0.00  0.00  0.00  0.00   0.64  492.5    348716.  15.92  483.5 125413.
015  4 18 49 0.58 254.01  84.48  6.66 1717   16.54   477.9  119621.   1.58   5.10   0.00   0.00    0.00  0.00  0.00  0.00   0.62  478.9    327601.  16.77  474.9 117503.
015  4 20 10 0.58 254.01  84.47  6.66 1717   16.29   467.1  105929.   0.00   4.08   0.00   0.00    0.00  0.00  0.00  0.00   0.64  466.8    327990.  15.23  466.6  88374.
015  4 32 09 0.58 254.02  84.37  6.66 1717   17.43   422.1  243235.  -5.55   3.23   0.00   0.00    0.00  0.00  0.00  0.00  -1.00   -1.0        -1.  16.62  425.2 230049.
015  4 33 31 0.58 254.02  84.36  6.66 1717   17.55   464.9  139700.   0.00   3.27   0.00   0.00    0.00  0.00  0.00  0.00   0.74  478.4    456980.  17.83  465.5 156826.
015  4 34 52 0.58 254.02  84.35  6.66 1717   19.59   474.9  119485.   2.52   3.51   0.00   0.00    0.00  0.00  0.00  0.00   0.82  481.3    385280.  19.59  471.4 115460.
015  4 36 13 0.58 254.02  84.34  6.66 1717   19.22   429.8  200420.  -0.83   3.33   0.00   0.00    0.00  0.00  0.00  0.00  -1.00   -1.0        -1.  19.42  428.1 179295.
015  4 37 34 0.58 254.02  84.32  6.66 1717   19.31   439.8  157186.   1.92   1.38   0.00   0.00    0.00  0.00  0.00  0.00  -1.00   -1.0        -1.  18.44  440.6 163823.
015  4 38 55 0.58 254.02  84.31  6.66 1717   18.64   423.3  221886.  -1.14   0.27   0.00   0.00    0.00  0.00  0.00  0.00   0.83  461.4    354043.  17.51  422.9 193702.
015  4 40 16 0.58 254.02  84.30  6.66 1717   17.68   457.3  157482.   2.06   3.07   0.00   0.00    0.00  0.00  0.00  0.00   0.71  484.5    274131.  16.98  453.9 157167.
015  4 41 37 0.58 254.02  84.29  6.66 1717   17.80   437.0  193777.   0.78   4.07   0.00   0.00    0.00  0.00  0.00  0.00  -1.00   -1.0        -1.  16.47  434.9 174429.
015  4 42 58 0.58 254.02  84.28  6.66 1717   17.30   432.8  207589.   0.69   2.84   0.00   0.00    0.00  0.00  0.00  0.00  -1.00   -1.0        -1.  16.87  432.1 197432.
015  4 44 19 0.58 254.03  84.27  6.66 1717   18.04   435.2  187144.   1.05   4.19   0.00   0.00    0.00  0.00  0.00  0.00  -1.00   -1.0        -1.  17.44  433.5 160298.
015  4 45 40 0.58 254.03  84.25  6.66 1717   17.67   431.5  168666.   0.47   4.09   0.00   0.00    0.00  0.00  0.00  0.00   0.69  455.0    303055.  16.67  431.9 192182.
015  4 47 01 0.58 254.03  84.24  6.66 1717   17.77   432.2  182219.   1.50   3.58   0.00   0.00    0.00  0.00  0.00  0.00   0.66  465.8    370285.  17.00  429.0 162400.
015  4 48 22 0.58 254.03  84.23  6.66 1717   17.43   412.8  197662.  -1.53   2.31   0.00   0.00    0.00  0.00  0.00  0.00   0.75  456.5    281979.  17.24  416.0 231131.
015  4 49 43 0.58 254.03  84.22  6.66 1717   17.04   440.3  160698.   1.20   4.80   0.00   0.00    0.00  0.00  0.00  0.00   0.66  469.9    293713.  16.10  436.2 153366.
015  4 51 04 0.58 254.03  84.21  6.66 1717   17.33   423.0  184253.   0.59   0.02   0.00   0.00    0.00  0.00  0.00  0.00  -1.00   -1.0        -1.  17.30  422.7 214067.
015  4 52 25 0.58 254.03  84.20  6.66 1717   17.40   424.9  202879.   1.02   0.17   0.00   0.00    0.00  0.00  0.00  0.00  -1.00   -1.0        -1.  16.40  423.4 175878.
015  4 53 46 0.58 254.03  84.18  6.66 1717   16.94   418.9  188326.  -0.59  -0.66   0.00   0.00    0.00  0.00  0.00  0.00  -1.00   -1.0        -1.  16.59  419.2 217481.
015  4 55 07 0.58 254.03  84.17  6.66 1717   17.16   420.9  204305.   0.14   0.59   0.00   0.00    0.00  0.00  0.00  0.00   0.49  484.8    314945.  16.71  420.0 180920.
015  4 56 28 0.58 254.03  84.16  6.66 1717   16.92   410.9  152613.  -1.05   1.84   0.00   0.00    0.00  0.00  0.00  0.00   0.66  448.4    359721.  16.83  407.1 139814.
015  4 57 49 0.58 254.04  84.15  6.66 1717   17.47   414.3  190353.  -0.75   3.02   0.00   0.00    0.00  0.00  0.00  0.00  -1.00   -1.0        -1.  16.86  411.8 170999.
015  4 59 10 0.58 254.04  84.14  6.66 1717   16.73   416.7  187673.  -0.71   0.26   0.00   0.00    0.00  0.00  0.00  0.00   0.44  478.5    296194.  16.59  417.9 217507.
015  5 00 31 0.58 254.04  84.13  6.66 1717   17.75   410.9  217881.  -3.21   3.15   0.00   0.00    0.00  0.00  0.00  0.00  -1.00   -1.0        -1.  17.00  410.1 203717.
015  5 01 52 0.58 254.04  84.12  6.66 1717   17.34   414.3  187147.  -1.09   2.45   0.00   0.00    0.00  0.00  0.00  0.00  -1.00   -1.0        -1.  17.09  414.9 219658.
015  5 03 13 0.58 254.04  84.11  6.66 1717   16.93   413.2  231069.  -1.57   1.76   0.00   0.00    0.00  0.00  0.00  0.00   0.39  491.8    241049.  16.65  412.1 208226.
015  5 04 34 0.58 254.04  84.09  6.66 1717   17.58   417.6  191906.  -0.53   2.25   0.00   0.00    0.00  0.00  0.00  0.00  -1.00   -1.0        -1.  17.00  417.0 218715.
015  5 05 55 0.58 254.04  84.08  6.66 1717   17.29   415.7  228893.  -1.98   3.02   0.00   0.00    0.00  0.00  0.00  0.00  -1.00   -1.0        -1.  16.98  413.8 198757.
015  5 07 16 0.58 254.04  84.07  6.66 1717   18.17   414.4  176866.  -0.98   2.29   0.00   0.00    0.00  0.00  0.00  0.00   0.39  497.7    278068.  18.05  414.8 218923.
015  5 08 37 0.58 254.04  84.06  6.66 1717   16.88   421.4  198049.  -0.57   3.74   0.00   0.00    0.00  0.00  0.00  0.00  -1.00   -1.0        -1.  16.03  419.2 180842.
015  5 09 58 0.58 254.04  84.05  6.66 1717   17.49   420.3  186436.   0.20   1.51   0.00   0.00    0.00  0.00  0.00  0.00  -1.00   -1.0        -1.  17.80  420.3 206089.
015  5 11 19 0.58 254.05  84.04  6.66 1717   18.04   426.5  185396.   0.60   3.97   0.00   0.00    0.00  0.00  0.00  0.00  -1.00   -1.0        -1.  16.60  425.7 165736.
015  5 12 40 0.58 254.05  84.03  6.65 1717   17.03   423.4  168624.   0.79   3.20   0.00   0.00    0.00  0.00  0.00  0.00  -1.00   -1.0        -1.  17.28  424.4 181998.
015  5 14 01 0.58 254.05  84.02  6.65 1717   17.45   423.6  201944.   0.02   3.75   0.00   0.00    0.00  0.00  0.00  0.00  -1.00   -1.0        -1.  16.51  421.3 173568.
015  5 15 22 0.58 254.05  84.00  6.65 1717   17.03   434.6  151118.   2.15   2.72   0.00   0.00    0.00  0.00  0.00  0.00   0.66  465.4    440517.  16.95  435.0 157852.
015  5 16 16 0.58 254.05  84.00  6.65 1717   16.96   444.6  132761.   1.87   4.92   0.00   0.00    0.00  0.00  0.00  0.00   0.81  448.4    366010.  16.21  445.9 137861.
015  5 16 43 0.58 254.05  83.99  6.65 1717   19.00   425.8  188586.   1.33   3.17   0.00   0.00    0.00  0.00  0.00  0.00  -1.00   -1.0        -1.  18.09  422.9 172672.
015  5 18 04 0.58 254.05  83.98  6.65 1717   16.81   431.1  162702.   1.18   3.68   0.00   0.00    0.00  0.00  0.00  0.00  -1.00   -1.0        -1.  16.91  429.7 176586.
015  5 19 25 0.58 254.05  83.97  6.65 1717   18.23   446.8  144774.   0.00   3.40   0.00   0.00    0.00  0.00  0.00  0.00   0.64  467.7    311371.  17.91  444.6 138784.
015  5 20 46 0.58 254.05  83.96  6.65 1717   18.04   449.0  119157.   1.99   3.20   0.00   0.00    0.00  0.00  0.00  0.00   0.87  463.0    458968.  17.76  446.5 136604.
015  5 22 07 0.58 254.05  83.95  6.65 1717   17.03   461.1  101365.   2.70   3.60   0.00   0.00    0.00  0.00  0.00  0.00   0.81  463.0    331057.  16.36  456.7  99039.
015  5 23 28 0.58 254.05  83.94  6.65 1717   17.26   456.8  111562.   0.61   3.65   0.00   0.00    0.00  0.00  0.00  0.00   0.81  449.6    314893.  16.91  458.4 113849.
015  5 24 49 0.58 254.05  83.93  6.65 1717   18.01   459.1  111032.   3.96   2.98   0.00   0.00    0.00  0.00  0.00  0.00   0.69  458.3    292894.  17.29  454.4 110275.
015  5 26 10 0.58 254.06  83.91  6.65 1717   18.80   438.7  133005.   1.81   3.67   0.00   0.00    0.00  0.00  0.00  0.00   0.74  447.0    340607.  17.22  437.9 114615.
015  5 27 31 0.58 254.06  83.90  6.65 1717   16.40   452.0   82209.   3.82   3.25   0.00   0.00    0.00  0.00  0.00  0.00   0.77  460.2    340581.  16.57  449.4 105737.
015  5 28 52 0.58 254.06  83.89  6.65 1717   17.15   453.5  100800.   0.84   3.26   0.00   0.00    0.00  0.00  0.00  0.00   0.85  451.3    318271.  15.93  454.5 107066.
015  5 30 13 0.58 254.06  83.88  6.65 1717   18.33   460.5  120186.   2.30   3.61   0.00   0.00    0.00  0.00  0.00  0.00  -1.00   -1.0        -1.  17.53  457.9 117575.
015  5 31 34 0.58 254.06  83.87  6.65 1717   17.33   445.0  110941.   1.04   3.59   0.00   0.00    0.00  0.00  0.00  0.00   0.91  446.5    335930.  16.77  442.4 107696.
015  5 32 55 0.58 254.06  83.86  6.65 1717   17.88   445.8  124903.   2.17   3.90   0.00   0.00    0.00  0.00  0.00  0.00   0.92  452.5    426795.  16.70  444.3 112877.
015  5 34 16 0.58 254.06  83.85  6.65 1717   18.02   448.8  111763.   1.15   3.25   0.00   0.00    0.00  0.00  0.00  0.00   0.85  445.3    245583.  17.52  444.1 104633.
015  5 35 37 0.58 254.06  83.84  6.65 1717   18.26   459.7  118377.   3.66   2.28   0.00   0.00    0.00  0.00  0.00  0.00  -1.00   -1.0        -1.  18.34  459.2 148675.
015  5 37 52 0.58 254.06  83.81  6.65 1717   16.76   444.3  124650.  -0.11   4.81   0.00   0.00    0.00  0.00  0.00  0.00   0.90  450.5    427419.  15.87  443.4 111250.
015  5 59 28 0.58 254.08  83.63  6.65 1717   18.01   422.9  147779.  -0.71   5.51   0.00   0.00    0.00  0.00  0.00  0.00   0.50  450.3    284032.  17.99  420.9 139518.
015  6 21 04 0.58 254.09  83.45  6.65 1717   16.59   464.3  102476.  -0.01   4.35   0.00   0.00    0.00  0.00  0.00  0.00   0.83  458.8    302016.  15.97  463.1  85516.
015  6 42 40 0.58 254.11  83.27  6.65 1717   18.79   397.5  197006.  -4.54   4.55   0.00   0.00    0.00  0.00  0.00  0.00  -1.00   -1.0        -1.  17.32  397.9 175102.
015  7 04 16 0.58 254.12  83.08  6.65 1717   17.78   453.3  106533.   0.00   0.00   0.00   0.00    0.00  0.00  0.00  0.00   0.77  461.9    342206.  17.70  452.0 107361.
015  7 25 52 0.58 254.14  82.90  6.65 1717   19.22   424.7  165980.   2.99   4.67   0.00   0.00    0.00  0.00  0.00  0.00   0.64  456.3    281667.  19.63  420.5 152401.
015  7 47 28 0.58 254.15  82.72  6.64 1717   20.92   445.6  122454.   1.36   5.73   0.00   0.00    0.00  0.00  0.00  0.00   0.94  454.7    359669.  19.55  443.7 116064.
015  8 09 04 0.58 254.17  82.54  6.64 1717   -1.00    -1.0      -1.  -1.00  -1.00   0.00   0.00    0.00  0.00  0.00  0.00  -1.00   -1.0        -1.  20.89  448.6  80360.
015  8 11 19 0.58 254.17  82.52  6.64 1717   21.22   449.5   95209.   0.00   0.00   0.00   0.00    0.00  0.00  0.00  0.00   0.91  460.1    364152.  -1.00   -1.0     -1.
015  8 32 55 0.58 254.18  82.34  6.64 1717   22.20   446.5  126469.   3.02   1.92   0.00   0.00    0.00  0.00  0.00  0.00   0.99  469.8    345363.  20.96  442.8 130978.
015  8 54 31 0.58 254.20  82.15  6.64 1717   21.49   468.1   76050.   3.48  -1.17   0.00   0.00    0.00  0.00  0.00  0.00   0.93  462.2    334760.  20.88  465.0  89057.
015  9 16 07 0.58 254.21  81.97  6.64 1717   25.33   463.4   83394.   0.00   0.00   0.00   0.00    0.00  0.00  0.00  0.00   0.91  452.8    262047.  -1.00   -1.0     -1.
015  9 35 19 0.58 254.23  81.81  6.64 1717   21.46   410.8   94732.   0.00   0.00   0.00   0.00    0.00  0.00  0.00  0.00   0.85  436.0    348897.  21.52  410.4 111331.
015 10 07 37 0.58 254.25  81.53  6.63 1717   20.44   412.1   92643.   0.00   0.00   0.00   0.00    0.00  0.00  0.00  0.00   0.73  438.6    345948.  -1.00   -1.0     -1.
015 10 08 49 0.58 254.25  81.52  6.63 1717   20.85   423.7  120446.  -2.11   7.00   0.00   0.00    0.00  0.00  0.00  0.00   0.59  423.3    242686.  20.29  421.7 114485.
015 10 10 12 0.58 254.25  81.51  6.63 1717   21.51   415.8  127616.  -2.03   6.55   0.00   0.00    0.00  0.00  0.00  0.00   0.64  435.4    263749.  21.11  414.3 118822.
015 10 11 33 0.58 254.25  81.50  6.63 1717   19.32   417.4  105744.   0.30   6.10   0.00   0.00    0.00  0.00  0.00  0.00   0.79  438.8    263697.  19.08  416.9 125439.
015 10 12 54 0.58 254.25  81.49  6.63 1717   19.72   418.1  119296.   0.79   6.15   0.00   0.00    0.00  0.00  0.00  0.00   0.78  431.1    254809.  18.76  416.7 106523.
015 10 14 15 0.58 254.25  81.48  6.63 1717   19.06   415.0  100835.   0.35   6.05   0.00   0.00    0.00  0.00  0.00  0.00   0.69  434.1    330407.  18.88  413.7 113709.
015 10 15 36 0.58 254.26  81.47  6.63 1717   20.29   415.7  111419.   2.67   4.58   0.00   0.00    0.00  0.00  0.00  0.00   0.61  434.1    282564.  20.10  410.9 115746.
015 10 16 57 0.58 254.26  81.46  6.63 1717   20.28   422.2  122499.   0.38   6.48   0.00   0.00    0.00  0.00  0.00  0.00   0.85  434.6    331759.  19.35  420.0 115138.
015 10 18 18 0.58 254.26  81.44  6.63 1717   18.27   414.4  114696.   1.29   5.02   0.00   0.00    0.00  0.00  0.00  0.00   0.70  431.2    286982.  17.83  412.6  99026.
015 10 19 39 0.58 254.26  81.43  6.63 1717   18.95   413.5  102245.   0.67   5.77   0.00   0.00    0.00  0.00  0.00  0.00   0.70  433.0    386580.  19.77  411.4 113985.
015 10 21 00 0.58 254.26  81.42  6.63 1717   18.53   410.7  114979.  -0.96   6.40   0.00   0.00    0.00  0.00  0.00  0.00   0.59  429.4    302548.  17.42  410.0 108365.
015 10 22 21 0.58 254.26  81.41  6.63 1717   19.61   409.4  116659.  -0.16   6.34   0.00   0.00    0.00  0.00  0.00  0.00   0.69  431.9    369454.  19.14  410.9 119007.
015 10 23 42 0.58 254.26  81.40  6.63 1717   19.23   409.5  115762.  -2.31   6.33   0.00   0.00    0.00  0.00  0.00  0.00   0.55  438.9    322364.  18.81  409.2 104116.
015 10 25 03 0.58 254.26  81.39  6.63 1717   20.06   420.0  112754.   0.65   6.78   0.00   0.00    0.00  0.00  0.00  0.00  -1.00   -1.0        -1.  17.44  417.6 121213.
015 10 48 25 0.58 254.28  81.19  6.63 1717   18.53   407.6  111650.  -0.62   5.89   0.00   0.00    0.00  0.00  0.00  0.00   0.62  429.0    263528.  17.98  405.7 105253.
015 10 49 46 0.58 254.28  81.18  6.63 1717   17.16   415.5   94361.   1.18   6.06   0.00   0.00    0.00  0.00  0.00  0.00   0.52  449.4    199066.  17.85  415.1 112468.
015 10 51 07 0.58 254.28  81.17  6.63 1717   18.67   409.6  123594.   0.06   5.89   0.00   0.00    0.00  0.00  0.00  0.00   0.59  435.0    231706.  18.27  408.1 114391.
015 10 52 28 0.58 254.28  81.16  6.63 1717   18.25   411.1   97678.  -1.50   6.49   0.00   0.00    0.00  0.00  0.00  0.00   0.58  438.6    245700.  17.99  408.7  94287.
015 10 53 51 0.58 254.28  81.14  6.63 1717   18.24   410.4  117195.  -1.61   6.16   0.00   0.00    0.00  0.00  0.00  0.00   0.64  433.0    239203.  16.99  411.1  94647.
015 10 55 12 0.58 254.28  81.13  6.63 1717   18.92   406.8  109021.  -2.22   5.98   0.00   0.00    0.00  0.00  0.00  0.00   0.72  431.7    420779.  18.43  409.9 116646.
015 10 56 33 0.58 254.28  81.12  6.63 1717   18.16   408.7   97827.   0.00   0.00   0.00   0.00    0.00  0.00  0.00  0.00   0.51  432.5    283798.  18.41  409.0 112760.
015 11 01 28 0.58 254.29  81.08  6.63 1717   18.27   405.7  105601.  -1.10   6.46   0.00   0.00    0.00  0.00  0.00  0.00   0.60  431.4    335813.  17.18  406.0  96148.
015 11 01 57 0.58 254.29  81.08  6.63 1717   18.12   417.5  112790.   0.02   6.59   0.00   0.00    0.00  0.00  0.00  0.00   0.74  431.9    284370.  16.79  418.2  99383.
015 11 03 18 0.58 254.29  81.07  6.63 1717   17.32   415.6   94472.  -0.36   6.43   0.00   0.00    0.00  0.00  0.00  0.00   0.74  430.0    372988.  17.58  414.8 100689.
015 11 04 39 0.58 254.29  81.05  6.63 1717   17.95   407.3   94127.  -0.47   6.00   0.00   0.00    0.00  0.00  0.00  0.00   0.73  423.1    295896.  17.97  406.7 107514.
015 11 08 42 0.58 254.29  81.02  6.63 1717   19.88   410.2  115843.   1.99   4.75   0.00   0.00    0.00  0.00  0.00  0.00   0.79  432.4    386333.  19.79  409.6 116870.
015 11 10 03 0.58 254.29  81.01  6.63 1717   18.41   411.1  109402.   1.22   5.87   0.00   0.00    0.00  0.00  0.00  0.00   0.70  436.4    249313.  17.55  407.8  92367.
015 11 11 24 0.58 254.29  81.00  6.63 1717   19.24   407.8  105081.   0.58   5.67   0.00   0.00    0.00  0.00  0.00  0.00   0.63  431.7    369532.  17.70  406.7  96262.
015 11 12 45 0.58 254.29  80.99  6.63 1717   17.62   405.7  114943.  -0.05   5.63   0.00   0.00    0.00  0.00  0.00  0.00   0.63  430.1    270311.  17.67  404.6 103077.
015 11 14 06 0.58 254.30  80.98  6.63 1717   17.80   406.1  107664.   0.53   5.59   0.00   0.00    0.00  0.00  0.00  0.00   0.64  441.0    294518.  17.67  403.4  95547.
015 11 15 27 0.58 254.30  80.96  6.63 1717   18.30   410.7  112556.  -0.51   6.17   0.00   0.00    0.00  0.00  0.00  0.00   0.91  424.2    372572.  17.97  409.1 108310.
015 11 16 48 0.58 254.30  80.95  6.63 1717   18.11   409.0  111961.  -0.06   6.18   0.00   0.00    0.00  0.00  0.00  0.00   0.62  435.4    286462.  18.10  410.4 118101.
015 11 18 09 0.58 254.30  80.94  6.63 1717   17.70   416.6  103853.  -0.58   6.72   0.00   0.00    0.00  0.00  0.00  0.00   0.74  430.6    234786.  16.86  416.2  97317.
015 11 19 30 0.58 254.30  80.93  6.63 1717   17.13   414.1   92942.  -0.56   6.46   0.00   0.00    0.00  0.00  0.00  0.00   0.68  428.1    342660.  16.26  411.9  87832.
015 11 20 51 0.58 254.30  80.92  6.63 1717   17.36   408.9  110984.  -2.25   6.52   0.00   0.00    0.00  0.00  0.00  0.00   0.57  436.4    329355.  16.74  408.2 117221.
015 11 22 12 0.58 254.30  80.91  6.63 1717   17.63   408.2  111247.  -1.71   6.56   0.00   0.00    0.00  0.00  0.00  0.00   0.76  429.3    333617.  17.14  411.7 118481.
015 11 23 33 0.58 254.30  80.90  6.63 1717   16.26   408.2  114482.  -2.69   6.10   0.00   0.00    0.00  0.00  0.00  0.00   0.54  427.1    225898.  15.80  408.9  94689.
015 11 24 54 0.58 254.30  80.88  6.63 1717   16.88   408.6  110298.  -2.97   6.64   0.00   0.00    0.00  0.00  0.00  0.00   0.65  422.5    232239.  16.80  409.9  96616.
015 11 26 15 0.58 254.30  80.87  6.63 1717   16.68   409.0  108898.  -3.20   6.41   0.00   0.00    0.00  0.00  0.00  0.00   0.63  417.2    388724.  15.91  409.4 103866.
015 11 27 36 0.58 254.30  80.86  6.63 1717   17.22   403.7  110915.  -2.47   6.20   0.00   0.00    0.00  0.00  0.00  0.00   0.60  424.9    351912.  16.23  405.6  96944.
015 11 28 57 0.58 254.31  80.85  6.63 1717   16.66   402.8   98256.  -1.52   6.78   0.00   0.00    0.00  0.00  0.00  0.00   0.59  418.4    271948.  17.18  402.4 104022.
015 11 30 18 0.58 254.31  80.84  6.63 1717   16.88   401.8  106039.  -0.87   6.90   0.00   0.00    0.00  0.00  0.00  0.00  -1.00   -1.0        -1.  16.41  401.3  97109.
015 11 31 39 0.58 254.31  80.83  6.63 1717   16.21   405.3   89706.  -1.19   7.36   0.00   0.00    0.00  0.00  0.00  0.00   0.51  419.9    231797.  16.15  405.5 104727.
015 11 33 00 0.58 254.31  80.81  6.63 1717   15.27   409.7   90054.  -0.49   7.80   0.00   0.00    0.00  0.00  0.00  0.00   0.45  419.1    184162.  14.64  408.2  89066.
015 11 34 21 0.58 254.31  80.80  6.63 1717   17.62   397.7   91428.  -0.74   7.13   0.00   0.00    0.00  0.00  0.00  0.00  -1.00   -1.0        -1.  17.82  397.8 109408.
015 11 35 42 0.58 254.31  80.79  6.63 1717   17.21   406.7  106462.   0.01   7.63   0.00   0.00    0.00  0.00  0.00  0.00   0.43  421.5    219050.  16.21  407.0  92558.
015 11 37 03 0.58 254.31  80.78  6.63 1717   15.83   406.6   88365.  -0.37   7.83   0.00   0.00    0.00  0.00  0.00  0.00  -1.00   -1.0        -1.  14.98  408.5  90025.
015 11 38 24 0.58 254.31  80.77  6.63 1717   16.38   398.8  103723.  -0.78   6.79   0.00   0.00    0.00  0.00  0.00  0.00  -1.00   -1.0        -1.  15.77  397.8  90304.
015 11 39 45 0.58 254.31  80.76  6.63 1717   16.76   403.4   91629.   0.59   7.09   0.00   0.00    0.00  0.00  0.00  0.00   0.36  430.7    230783.  16.33  403.6 103515.
015 11 41 06 0.58 254.31  80.74  6.63 1717   17.42   402.4  101943.  -0.23   7.29   0.00   0.00    0.00  0.00  0.00  0.00   0.44  420.7    164905.  16.66  401.3  89898.
015 11 42 27 0.58 254.31  80.73  6.63 1717   17.41   404.3   90161.  -0.33   7.08   0.00   0.00    0.00  0.00  0.00  0.00  -1.00   -1.0        -1.  17.22  404.0 104487.
015 11 43 48 0.58 254.32  80.72  6.63 1717   17.04   411.7   89099.  -0.11   7.82   0.00   0.00    0.00  0.00  0.00  0.00   0.48  415.7    209824.  16.27  409.8  86445.
015 11 45 09 0.58 254.32  80.71  6.63 1717   17.94   415.5   99569.   0.09   7.42   0.00   0.00    0.00  0.00  0.00  0.00   0.58  406.7    258629.  16.88  414.3  88417.
015 11 46 30 0.58 254.32  80.70  6.63 1717   17.80   405.8  106036.  -0.09   7.16   0.00   0.00    0.00  0.00  0.00  0.00   0.59  416.9    206680.  16.88  406.2  93926.
015 11 47 51 0.58 254.32  80.69  6.63 1717   15.99   403.8   83001.  -1.29   7.59   0.00   0.00    0.00  0.00  0.00  0.00  -1.00   -1.0        -1.  15.02  403.1  65336.
015 11 49 12 0.58 254.32  80.68  6.63 1717   16.91   405.0   97486.  -0.05   6.87   0.00   0.00    0.00  0.00  0.00  0.00  -1.00   -1.0        -1.  15.82  403.5  83979.
015 11 50 33 0.58 254.32  80.66  6.63 1717   16.25   399.2   91899.  -1.74   6.29   0.00   0.00    0.00  0.00  0.00  0.00   0.32  428.7    139606.  16.96  400.9 105354.
015 11 51 54 0.58 254.32  80.65  6.63 1717   17.13   391.1   78486.  -3.09   5.01   0.00   0.00    0.00  0.00  0.00  0.00   0.64  406.2    216321.  16.48  395.5  84486.
015 11 53 15 0.58 254.32  80.64  6.63 1717   16.81   399.7   87198.  -3.40   5.87   0.00   0.00    0.00  0.00  0.00  0.00   0.30  421.3    215191.  16.43  399.7  78259.
015 11 54 36 0.58 254.32  80.63  6.63 1717   17.04   393.3   75657.  -2.56   5.56   0.00   0.00    0.00  0.00  0.00  0.00   0.43  412.7    266400.  16.60  395.0  84207.
015 11 55 57 0.58 254.32  80.62  6.63 1717   16.88   394.5   83810.  -1.63   5.66   0.00   0.00    0.00  0.00  0.00  0.00   0.63  398.5    248169.  16.60  393.6  76336.
015 11 57 18 0.58 254.32  80.61  6.63 1717   17.00   401.4   99253.  -3.21   6.53   0.00   0.00    0.00  0.00  0.00  0.00   0.42  416.2    192569.  17.50  401.2  81777.
015 11 58 39 0.58 254.33  80.60  6.63 1717   16.63   391.1   55601.  -0.49   6.69   0.00   0.00    0.00  0.00  0.00  0.00  -1.00   -1.0        -1.  16.18  392.7  66574.
015 12 00 00 0.58 254.33  80.58  6.63 1717   17.69   400.4  101066.   0.53   6.36   0.00   0.00    0.00  0.00  0.00  0.00  -1.00   -1.0        -1.  16.29  399.5  85597.
015 12 01 21 0.58 254.33  80.57  6.63 1717   17.01   402.1   88261.   1.01   6.69   0.00   0.00    0.00  0.00  0.00  0.00  -1.00   -1.0        -1.  15.38  398.9  77563.
015 12 02 42 0.58 254.33  80.56  6.63 1717   16.17   407.5   84463.   0.75   7.31   0.00   0.00    0.00  0.00  0.00  0.00  -1.00   -1.0        -1.  15.62  405.8  80321.
015 12 04 03 0.58 254.33  80.55  6.63 1717   16.66   409.7   86441.   1.19   7.02   0.00   0.00    0.00  0.00  0.00  0.00   0.67  421.1    323092.  15.72  410.7  82241.
015 12 05 24 0.58 254.33  80.54  6.63 1717   15.54   416.6   86831.   1.67   7.86   0.00   0.00    0.00  0.00  0.00  0.00   0.52  416.3    271363.  15.63  413.5  78830.
015 12 06 45 0.58 254.33  80.53  6.63 1717   17.07   403.3   87705.   1.83   6.43   0.00   0.00    0.00  0.00  0.00  0.00  -1.00   -1.0        -1.  15.75  400.3  74523.
015 12 08 06 0.58 254.33  80.52  6.63 1717   17.90   401.1  100202.   1.59   6.86   0.00   0.00    0.00  0.00  0.00  0.00   0.55  412.0    257434.  16.46  399.6  89511.
015 12 09 27 0.58 254.33  80.50  6.63 1717   16.39   399.2   84892.   0.00   0.00   0.00   0.00    0.00  0.00  0.00  0.00  -1.00   -1.0        -1.  15.16  397.9  72106.
015 12 10 48 0.58 254.33  80.49  6.63 1717   16.29   401.2  101274.   2.28   6.53   0.00   0.00    0.00  0.00  0.00  0.00  -1.00   -1.0        -1.  15.82  398.5  85395.
015 12 12 09 0.58 254.34  80.48  6.63 1717   15.41   401.1   86441.   1.47   6.58   0.00   0.00    0.00  0.00  0.00  0.00  -1.00   -1.0        -1.  14.54  398.7  69189.
015 12 13 30 0.58 254.34  80.47  6.63 1717   15.78   406.0  107271.   2.05   6.44   0.00   0.00    0.00  0.00  0.00  0.00   0.40  420.3    228587.  15.05  403.7  92662.
015 12 14 51 0.58 254.34  80.46  6.63 1717   15.26   403.1   91317.   1.72   6.17   0.00   0.00    0.00  0.00  0.00  0.00  -1.00   -1.0        -1.  15.87  402.6  99175.
015 12 16 12 0.58 254.34  80.45  6.63 1717   16.47   403.8  103915.   1.83   6.44   0.00   0.00    0.00  0.00  0.00  0.00   0.44  423.1    178704.  15.49  401.1  91863.
015 12 17 33 0.58 254.34  80.44  6.63 1717   15.02   401.2   88680.   1.46   6.23   0.00   0.00    0.00  0.00  0.00  0.00  -1.00   -1.0        -1.  14.98  401.2 103944.
015 12 18 54 0.58 254.34  80.43  6.63 1717   16.47   405.0   96677.   2.05   6.78   0.00   0.00    0.00  0.00  0.00  0.00   0.45  420.3    178847.  15.15  402.2  81692.
015 12 20 15 0.58 254.34  80.41  6.63 1717   15.99   402.9   92318.   1.51   6.17   0.00   0.00    0.00  0.00  0.00  0.00  -1.00   -1.0        -1.  15.40  402.2  99676.
015 12 21 36 0.58 254.34  80.40  6.63 1717   15.87   402.2  101336.   1.73   6.34   0.00   0.00    0.00  0.00  0.00  0.00  -1.00   -1.0        -1.  14.94  399.6  85210.
015 12 22 57 0.58 254.34  80.39  6.63 1717   16.31   405.5   86766.   2.44   5.58   0.00   0.00    0.00  0.00  0.00  0.00   0.50  419.8    258915.  15.81  403.9  98191.
015 12 24 18 0.58 254.34  80.38  6.62 1717   15.66   409.2  101745.   2.73   5.46   0.00   0.00    0.00  0.00  0.00  0.00   0.51  417.8    245518.  15.09  408.4  91123.
015 12 25 39 0.58 254.34  80.37  6.62 1717   17.06   408.3  110707.   1.89   6.36   0.00   0.00    0.00  0.00  0.00  0.00  -1.00   -1.0        -1.  16.51  405.1 105364.
015 12 27 00 0.58 254.35  80.36  6.62 1717   14.94   403.4   97671.   1.59   6.99   0.00   0.00    0.00  0.00  0.00  0.00  -1.00   -1.0        -1.  14.00  401.7  83534.
015 12 28 21 0.58 254.35  80.35  6.62 1717   14.17   405.5   83580.   1.76   6.59   0.00   0.00    0.00  0.00  0.00  0.00   0.37  430.1    230329.  13.94  406.5  87091.
015 12 29 42 0.58 254.35  80.33  6.62 1717   15.06   396.8   77661.   0.04   7.91   0.00   0.00    0.00  0.00  0.00  0.00  -1.00   -1.0        -1.  14.21  398.6  82754.
015 12 31 03 0.58 254.35  80.32  6.62 1717   14.90   403.2   84086.   0.18   7.44   0.00   0.00    0.00  0.00  0.00  0.00   0.33  426.7    200313.  13.96  399.2  74555.
015 12 32 24 0.58 254.35  80.31  6.62 1717   15.14   409.4   85902.   0.69   7.72   0.00   0.00    0.00  0.00  0.00  0.00   0.50  422.0    242504.  14.33  406.9  81228.
015 12 33 45 0.58 254.35  80.30  6.62 1717   14.39   405.3   83105.   0.13   8.28   0.00   0.00    0.00  0.00  0.00  0.00  -1.00   -1.0        -1.  14.12  406.0  81351.
015 12 35 06 0.58 254.35  80.29  6.62 1717   14.63   398.4   73951.   0.00   7.87   0.00   0.00    0.00  0.00  0.00  0.00   0.53  411.5    261670.  14.23  398.6  80383.
015 12 36 27 0.58 254.35  80.28  6.62 1717   14.94   392.5   84028.  -0.75   6.75   0.00   0.00    0.00  0.00  0.00  0.00  -1.00   -1.0        -1.  15.01  389.8  76550.
015 12 37 48 0.58 254.35  80.27  6.62 1717   16.00   398.5  104103.  -0.53   7.58   0.00   0.00    0.00  0.00  0.00  0.00   0.53  412.2    244531.  14.82  398.8  85054.
015 12 39 09 0.58 254.35  80.26  6.62 1717   15.23   396.0   85889.  -0.43   7.53   0.00   0.00    0.00  0.00  0.00  0.00  -1.00   -1.0        -1.  14.81  393.3  80143.
015 12 40 30 0.58 254.35  80.24  6.62 1717   15.68   402.2  100348.   0.54   7.47   0.00   0.00    0.00  0.00  0.00  0.00  -1.00   -1.0        -1.  14.61  399.8  85032.
015 12 41 51 0.58 254.35  80.23  6.62 1717   14.64   406.3   87172.  -0.11   8.22   0.00   0.00    0.00  0.00  0.00  0.00   0.51  417.4    254874.  14.55  407.8  85233.
015 12 43 12 0.58 254.36  80.22  6.62 1717   15.88   406.6   84281.  -0.39   8.64   0.00   0.00    0.00  0.00  0.00  0.00   0.42  416.4    239658.  15.49  405.0  87832.
015 12 44 33 0.58 254.36  80.21  6.62 1717   14.63   404.6   81156.  -0.89   8.56   0.00   0.00    0.00  0.00  0.00  0.00   0.52  407.7    217465.  14.44  401.5  72207.
015 12 45 54 0.58 254.36  80.20  6.62 1717   15.73   409.5   86737.  -0.45   8.62   0.00   0.00    0.00  0.00  0.00  0.00   0.57  412.4    220232.  14.85  408.2  75056.
015 12 47 15 0.58 254.36  80.19  6.62 1717   15.66   406.0   79707.  -0.60   8.47   0.00   0.00    0.00  0.00  0.00  0.00   0.63  412.9    288138.  15.10  407.6  82456.
015 12 48 36 0.58 254.36  80.18  6.62 1717   15.34   408.3   84502.  -1.04   8.32   0.00   0.00    0.00  0.00  0.00  0.00   0.57  416.6    245986.  14.85  408.3  78830.
015 12 49 57 0.58 254.36  80.16  6.62 1717   15.62   407.5   80445.  -0.83   7.94   0.00   0.00    0.00  0.00  0.00  0.00   0.61  417.9    243595.  15.78  408.8  79451.
015 12 51 18 0.58 254.36  80.15  6.62 1717   16.76   408.9   79971.  -1.20   8.74   0.00   0.00    0.00  0.00  0.00  0.00   0.66  414.7    221987.  15.63  408.3  79636.
015 12 52 39 0.58 254.36  80.14  6.62 1717   15.39   409.2   79106.  -1.06   8.81   0.00   0.00    0.00  0.00  0.00  0.00   0.58  406.8    250690.  15.16  410.3  82037.
015 12 54 00 0.58 254.36  80.13  6.62 1717   17.00   399.6   93403.  -0.97   8.14   0.00   0.00    0.00  0.00  0.00  0.00   0.52  409.3    209682.  15.69  398.8  83336.
015 12 55 21 0.58 254.36  80.12  6.62 1717   15.52   407.2   77836.  -1.18   8.73   0.00   0.00    0.00  0.00  0.00  0.00   0.64  414.8    309513.  15.68  408.4  80455.
015 12 56 42 0.58 254.37  80.11  6.62 1717   15.88   408.4   80890.   0.00   0.00   0.00   0.00    0.00  0.00  0.00  0.00   0.59  417.2    253432.  16.17  407.7  80321.
015 12 58 03 0.58 254.37  80.09  6.62 1717   17.94   405.2   83248.  -0.78   7.30   0.00   0.00    0.00  0.00  0.00  0.00   0.47  411.2    186007.  17.15  404.9  93790.
015 12 59 24 0.58 254.37  80.08  6.62 1717   17.07   403.8   85152.  -1.47   7.99   0.00   0.00    0.00  0.00  0.00  0.00   0.64  412.6    245155.  16.30  402.4  87803.
015 13 00 45 0.58 254.37  80.07  6.62 1717   16.83   402.5   80932.  -1.09   7.73   0.00   0.00    0.00  0.00  0.00  0.00   0.54  417.8    283577.  15.74  404.7  79974.
015 13 02 06 0.58 254.37  80.06  6.62 1717   15.87   411.1   84570.   0.03   7.79   0.00   0.00    0.00  0.00  0.00  0.00   0.65  417.5    241932.  15.64  411.1  79945.
015 13 03 27 0.58 254.37  80.05  6.62 1717   20.16   418.9   89742.  -3.53   9.06   0.00   0.00    0.00  0.00  0.00  0.00   0.71  426.7    243076.  19.50  417.6  85402.
015 13 04 48 0.58 254.37  80.04  6.62 1717   19.11   422.0   92087.   0.84   8.10   0.00   0.00    0.00  0.00  0.00  0.00   0.59  436.0    303705.  18.65  422.0  93228.
015 13 06 09 0.58 254.37  80.02  6.62 1717   18.14   422.2   91353.   0.63   8.07   0.00   0.00    0.00  0.00  0.00  0.00   0.65  428.6    278107.  17.82  419.1  90596.
015 13 07 30 0.58 254.37  80.01  6.62 1717   18.56   422.6   97340.   1.12   8.10   0.00   0.00    0.00  0.00  0.00  0.00   0.55  433.4    275521.  18.63  421.9 104808.
015 13 08 51 0.58 254.37  80.00  6.62 1717   20.90   416.5  100007.  -0.24   8.26   0.00   0.00    0.00  0.00  0.00  0.00   0.58  429.8    277327.  20.08  415.1  96713.
015 13 10 12 0.58 254.37  79.99  6.62 1717   18.17   416.2   89768.  -0.55   8.44   0.00   0.00    0.00  0.00  0.00  0.00   0.60  422.8    209993.  17.48  414.5  82150.
015 13 11 33 0.58 254.38  79.98  6.62 1717   18.64   412.6  103824.   0.47   7.84   0.00   0.00    0.00  0.00  0.00  0.00   0.57  425.2    226301.  18.49  411.8  94686.
015 13 12 54 0.58 254.38  79.97  6.62 1717   18.52   413.4   85798.   2.15   6.53   0.00   0.00    0.00  0.00  0.00  0.00   0.63  420.7    237826.  18.96  410.7  84726.
015 13 14 15 0.58 254.38  79.96  6.62 1717   19.17   417.3  101527.   2.63   6.08   0.00   0.00    0.00  0.00  0.00  0.00   0.60  428.8    220336.  17.72  414.3  90158.
015 13 15 36 0.58 254.38  79.94  6.62 1717   19.53   424.6   92467.   4.82   4.38   0.00   0.00    0.00  0.00  0.00  0.00   0.57  432.6    324599.  19.51  420.0 101566.
015 13 16 57 0.58 254.38  79.93  6.62 1717   20.16   418.5  102375.  -0.56   7.98   0.00   0.00    0.00  0.00  0.00  0.00   0.62  429.7    238112.  18.64  418.1  91594.
015 13 18 18 0.58 254.38  79.92  6.62 1717   20.47   425.1   90846.   0.37   8.74   0.00   0.00    0.00  0.00  0.00  0.00   0.44  421.8    245778.  18.98  425.0  91119.
015 13 19 39 0.58 254.38  79.91  6.62 1717   19.26   418.2   95758.   1.25   8.15   0.00   0.00    0.00  0.00  0.00  0.00   0.58  422.4    310877.  18.14  416.2  86380.
015 13 21 00 0.58 254.38  79.90  6.62 1717   18.58   417.0   97587.   1.28   7.96   0.00   0.00    0.00  0.00  0.00  0.00   0.50  422.1    228639.  18.18  414.7  87770.
015 13 22 21 0.58 254.38  79.89  6.62 1717   18.49   418.7  100770.   1.93   7.08   0.00   0.00    0.00  0.00  0.00  0.00   0.51  424.6    293985.  18.31  416.1  91470.
015 13 23 42 0.58 254.38  79.88  6.62 1717   18.13   418.4   87208.  -1.39   8.57   0.00   0.00    0.00  0.00  0.00  0.00   0.62  424.2    299378.  18.14  420.3  89706.
015 13 25 03 0.58 254.38  79.87  6.62 1717   20.79   420.7   91675.   0.14   8.22   0.00   0.00    0.00  0.00  0.00  0.00   0.81  425.6    224339.  19.80  418.6  92591.
015 13 26 24 0.58 254.39  79.85  6.62 1717   22.01   421.1   87829.  -1.10   8.68   0.00   0.00    0.00  0.00  0.00  0.00   0.77  428.7    243387.  21.10  422.1  88134.
015 13 27 45 0.58 254.39  79.84  6.62 1717   20.74   421.8   88975.   0.27   7.49   0.00   0.00    0.00  0.00  0.00  0.00   0.76  426.6    240503.  20.74  418.5  81647.
015 13 29 06 0.58 254.39  79.83  6.62 1717   21.42   419.9   86175.   2.62   6.72   0.00   0.00    0.00  0.00  0.00  0.00   0.67  420.5    217218.  20.48  417.9  73763.
015 13 30 27 0.58 254.39  79.82  6.62 1717   19.67   419.1   65378.   3.06   6.57   0.00   0.00    0.00  0.00  0.00  0.00   0.64  423.8    246714.  19.02  416.1  78882.
015 13 31 48 0.58 254.39  79.81  6.62 1717   20.55   420.4   85188.   3.33   6.30   0.00   0.00    0.00  0.00  0.00  0.00   0.65  423.6    188800.  18.66  417.2  71024.
015 13 33 09 0.58 254.39  79.80  6.62 1717   19.71   416.1   62627.   1.00   7.24   0.00   0.00    0.00  0.00  0.00  0.00   0.80  417.0    238203.  19.73  413.9  77375.
015 13 34 30 0.58 254.39  79.79  6.62 1717   21.08   418.0   73126.   2.99   6.59   0.00   0.00    0.00  0.00  0.00  0.00   0.76  416.1    185123.  20.24  415.0  62247.
015 13 35 51 0.58 254.39  79.77  6.62 1717   20.53   418.7   64713.   2.88   6.81   0.00   0.00    0.00  0.00  0.00  0.00   0.72  423.3    265295.  20.17  415.5  74585.
015 13 37 12 0.58 254.39  79.76  6.62 1717   20.30   417.0   77037.   3.20   6.59   0.00   0.00    0.00  0.00  0.00  0.00   0.56  426.6    252782.  19.88  415.1  67263.
015 13 38 33 0.58 254.39  79.75  6.62 1717   20.20   416.1   68188.   2.14   7.31   0.00   0.00    0.00  0.00  0.00  0.00   0.58  418.1    271532.  20.30  413.2  78512.
015 13 39 54 0.58 254.39  79.74  6.62 1717   21.78   416.4   86169.   0.00   8.19   0.00   0.00    0.00  0.00  0.00  0.00   0.72  426.7    204107.  20.96  418.3  89089.
015 13 41 15 0.58 254.40  79.73  6.62 1717   21.87   413.8  103798.   0.00   0.00   0.00   0.00    0.00  0.00  0.00  0.00   0.73  415.8    245506.  20.99  412.9  91061.
015 13 42 36 0.58 254.40  79.72  6.62 1717   -1.00    -1.0      -1.  -1.00  -1.00   0.00   0.00    0.00  0.00  0.00  0.00  -1.00   -1.0        -1.  21.10  412.0 101248.
015 13 43 57 0.58 254.40  79.71  6.62 1717   21.37   415.8   94855.   1.66   7.00   0.00   0.00    0.00  0.00  0.00  0.00   0.93  416.1    282096.  20.03  413.5  83206.
015 13 45 18 0.58 254.40  79.70  6.62 1717   19.03   410.3   89557.   1.42   6.68   0.00   0.00    0.00  0.00  0.00  0.00   0.68  412.9    265620.  19.90  409.1 112916.
015 13 46 39 0.58 254.40  79.68  6.62 1717   20.89   410.2  110467.  -0.03   7.28   0.00   0.00    0.00  0.00  0.00  0.00  -1.00   -1.0        -1.  17.67  410.0  98133.
015 13 48 00 0.58 254.40  79.67  6.62 1717   20.70   418.4   84486.   1.28   8.21   0.00   0.00    0.00  0.00  0.00  0.00   0.60  423.1    177691.  19.58  418.4  86230.
015 13 49 21 0.58 254.40  79.66  6.62 1717   21.48   409.0  111451.  -0.38   6.39   0.00   0.00    0.00  0.00  0.00  0.00   0.64  428.2    239372.  20.50  409.2  99617.
015 13 50 42 0.58 254.40  79.65  6.62 1717   21.98   416.9   90720.  -0.08   7.84   0.00   0.00    0.00  0.00  0.00  0.00   0.58  421.5    210448.  22.35  415.4  80146.
015 13 52 03 0.58 254.40  79.64  6.62 1717   21.14   432.7   72925.  -1.87   8.97   0.00   0.00    0.00  0.00  0.00  0.00   0.66  430.5    226522.  19.25  432.0  64479.
015 13 53 24 0.58 254.40  79.63  6.62 1717   21.58   420.9   79123.   3.72   7.07   0.00   0.00    0.00  0.00  0.00  0.00   0.61  422.0    188008.  20.83  417.6  66996.
015 13 54 45 0.58 254.40  79.62  6.62 1717   20.59   418.0   62724.   4.42   6.68   0.00   0.00    0.00  0.00  0.00  0.00   0.70  422.2    254848.  19.75  413.4  70219.
015 13 56 06 0.58 254.41  79.60  6.62 1717   20.88   415.9   78161.   3.50   6.79   0.00   0.00    0.00  0.00  0.00  0.00   0.73  414.5    251808.  19.92  414.8  65479.
015 13 57 27 0.58 254.41  79.59  6.62 1717   20.70   418.0   63618.   3.85   6.99   0.00   0.00    0.00  0.00  0.00  0.00   0.93  417.0    230394.  20.66  414.3  71346.
015 13 58 48 0.58 254.41  79.58  6.62 1717   20.95   416.9   72931.   4.00   7.20   0.00   0.00    0.00  0.00  0.00  0.00   0.83  415.1    279822.  20.36  414.4  63027.
015 14 00 09 0.58 254.41  79.57  6.62 1717   20.49   415.9   66785.   0.00   0.00   0.00   0.00    0.00  0.00  0.00  0.00   0.80  415.7    293219.  20.77  415.3  76193.
015 14 01 30 0.58 254.41  79.56  6.62 1717   22.37   420.5   76108.   4.03   6.36   0.00   0.00    0.00  0.00  0.00  0.00   0.77  419.9    201612.  20.80  417.2  65638.
015 14 02 51 0.58 254.41  79.55  6.62 1717   21.49   420.0   62513.   4.09   6.08   0.00   0.00    0.00  0.00  0.00  0.00   0.76  421.2    230199.  21.89  416.5  72129.
015 14 04 12 0.58 254.41  79.54  6.62 1717   21.62   421.0   69286.   4.24   5.94   0.00   0.00    0.00  0.00  0.00  0.00   0.89  416.1    286618.  21.17  417.3  60961.
015 14 05 33 0.58 254.41  79.52  6.62 1717   23.95   421.4   66967.   4.63   5.85   0.00   0.00    0.00  0.00  0.00  0.00   0.77  424.3    255004.  23.30  417.7  78506.
015 14 06 54 0.58 254.41  79.51  6.62 1717   22.78   425.2   71024.   3.76   6.56   0.00   0.00    0.00  0.00  0.00  0.00   0.86  429.4    261709.  22.03  420.7  64433.
015 14 08 15 0.58 254.41  79.50  6.62 1717   22.62   422.2   66165.   3.64   6.49   0.00   0.00    0.00  0.00  0.00  0.00   0.88  426.2    248572.  22.78  420.5  77515.
015 14 09 36 0.58 254.41  79.49  6.62 1717   24.00   423.2   62867.   4.05   6.00   0.00   0.00    0.00  0.00  0.00  0.00   0.79  421.8    212488.  22.79  418.6  60155.
015 14 10 57 0.58 254.42  79.48  6.62 1717   24.62   434.6   70628.   1.91   7.58   0.00   0.00    0.00  0.00  0.00  0.00   0.81  432.9    227782.  23.65  432.3  60616.
015 14 12 18 0.58 254.42  79.47  6.62 1717   23.67   430.5   61032.   3.11   6.85   0.00   0.00    0.00  0.00  0.00  0.00   1.02  432.7    256095.  23.76  427.2  67522.
015 14 13 39 0.58 254.42  79.46  6.62 1717   19.94   430.5   53567.   2.53   7.00   0.00   0.00    0.00  0.00  0.00  0.00   1.02  425.2    359007.  19.00  429.4  56029.
015 14 15 00 0.58 254.42  79.44  6.62 1717   23.43   429.0   61347.   3.68   6.82   0.00   0.00    0.00  0.00  0.00  0.00   0.96  420.4    234110.  22.78  423.0  60584.
015 14 16 21 0.58 254.42  79.43  6.62 1717   24.70   418.4   79360.   5.00   5.48   0.00   0.00    0.00  0.00  0.00  0.00   0.93  423.5    298806.  23.96  416.3  81416.
015 14 17 42 0.58 254.42  79.42  6.62 1717   23.86   418.4   72951.   5.32   5.14   0.00   0.00    0.00  0.00  0.00  0.00   0.84  421.3    237267.  22.87  415.2  64313.
015 14 19 03 0.58 254.42  79.41  6.62 1717   22.79   417.5   67737.   4.53   6.30   0.00   0.00    0.00  0.00  0.00  0.00   0.91  420.7    302224.  23.04  414.0  81091.
015 14 20 24 0.58 254.42  79.40  6.62 1717   23.49   418.2   79522.   3.68   6.64   0.00   0.00    0.00  0.00  0.00  0.00   0.80  416.9    219700.  21.74  415.3  69309.
015 14 21 45 0.58 254.42  79.39  6.62 1717   24.35   415.0   81799.   2.54   7.55   0.00   0.00    0.00  0.00  0.00  0.00   0.80  421.9    284643.  23.52  413.9  82888.
015 14 23 06 0.58 254.42  79.37  6.62 1717   25.43   421.4   75007.   3.29   7.51   0.00   0.00    0.00  0.00  0.00  0.00   0.80  416.6    209539.  23.63  418.1  67877.
015 14 24 27 0.58 254.42  79.36  6.62 1717   23.96   420.4   67038.   5.40   5.19   0.00   0.00    0.00  0.00  0.00  0.00   1.00  419.4    244999.  25.53  415.9  80237.
015 14 25 48 0.58 254.43  79.35  6.62 1717   26.77   415.5   77804.   6.44   3.39   0.00   0.00    0.00  0.00  0.00  0.00   0.94  418.5    205030.  25.71  410.3  79292.
015 14 27 09 0.58 254.43  79.34  6.62 1717   26.54   412.5   75410.   5.00   5.82   0.00   0.00    0.00  0.00  0.00  0.00   0.89  410.3    194816.  25.12  409.1  72701.
015 14 28 30 0.58 254.43  79.33  6.62 1717   24.79   413.1   68828.   4.14   5.54   0.00   0.00    0.00  0.00  0.00  0.00   1.14  409.5    195245.  23.95  409.9  67639.
015 14 29 51 0.58 254.43  79.32  6.62 1717   24.23   417.7   59736.   2.57   6.72   0.00   0.00    0.00  0.00  0.00  0.00   1.27  408.3    164216.  24.19  414.9  67259.
015 14 31 12 0.58 254.43  79.30  6.62 1717   23.62   423.7   52560.   3.23   7.20   0.00   0.00    0.00  0.00  0.00  0.00   1.32  413.6    244596.  22.55  418.6  53145.
015 14 32 33 0.58 254.43  79.29  6.62 1717   24.08   420.6   76732.   2.55   6.92   0.00   0.00    0.00  0.00  0.00  0.00   1.03  420.1    255277.  26.17  416.6  81458.
015 14 33 54 0.58 254.43  79.28  6.62 1717   27.53   421.3   79009.   3.31   6.57   0.00   0.00    0.00  0.00  0.00  0.00   1.03  418.3    216152.  25.46  417.9  68617.
015 14 35 15 0.58 254.43  79.27  6.62 1717   24.90   420.9   65557.   3.93   6.47   0.00   0.00    0.00  0.00  0.00  0.00   0.91  417.6    263099.  24.44  418.0  80152.
015 14 36 36 0.58 254.43  79.26  6.62 1717   -1.00    -1.0      -1.  -1.00  -1.00   0.00   0.00    0.00  0.00  0.00  0.00  -1.00   -1.0        -1.  23.77  419.1  68081.
015 14 37 57 0.58 254.43  79.25  6.62 1717   26.24   427.6   82443.   2.51   7.06   0.00   0.00    0.00  0.00  0.00  0.00   0.96  423.4    267673.  24.96  425.9  78795.
015 14 39 18 0.58 254.43  79.24  6.62 1717   26.03   422.3   67526.   3.78   5.34   0.00   0.00    0.00  0.00  0.00  0.00   0.95  421.5    198975.  25.49  418.1  58713.
015 14 40 39 0.58 254.44  79.22  6.62 1717   28.05   427.4   64501.   2.80   5.51   0.00   0.00    0.00  0.00  0.00  0.00   1.30  425.0    245752.  26.42  426.2  57923.
015 14 42 00 0.58 254.44  79.21  6.62 1717   25.28   436.4   49416.   1.50   6.19   0.00   0.00    0.00  0.00  0.00  0.00   1.22  425.3    167153.  23.99  435.7  53239.
015 14 43 21 0.58 254.44  79.20  6.62 1717   27.34   428.9   65940.   2.85   5.66   0.00   0.00    0.00  0.00  0.00  0.00   0.94  431.9    190048.  26.64  428.0  61406.
015 14 44 42 0.58 254.44  79.19  6.62 1717   26.10   451.5   57511.   1.36   6.45   0.00   0.00    0.00  0.00  0.00  0.00   1.16  450.3    218426.  26.73  448.9  56140.
015 14 46 10 0.58 254.44  79.18  6.61 1717   28.29   401.7   62854.   0.00   0.00   0.00   0.00    0.00  0.00  0.00  0.00   1.11  399.0    241075.  -1.00   -1.0     -1.
015 14 47 31 0.58 254.44  79.17  6.61 1717   26.57   462.7   58316.   2.39   5.14   0.00   0.00    0.00  0.00  0.00  0.00   1.32  460.3    296324.  24.68  458.7  59398.
015 14 48 52 0.58 254.44  79.16  6.61 1717   27.19   398.7   84872.   1.22   1.52   0.00   0.00    0.00  0.00  0.00  0.00   0.88  399.1    169699.  27.45  397.8  99338.
015 14 50 13 0.58 254.44  79.15  6.61 1717   28.11   403.4  103993.   3.97   3.72   0.00   0.00    0.00  0.00  0.00  0.00   1.02  398.6    152613.  27.20  400.1  93608.
015 14 51 27 0.58 254.44  79.13  6.61 1717   27.47   419.8   59541.   5.27   3.25   0.00   0.00    0.00  0.00  0.00  0.00   0.98  410.1    194570.  26.66  414.9  69527.
015 14 52 48 0.58 254.44  79.12  6.61 1717   25.29   422.6   63556.   5.00   5.45   0.00   0.00    0.00  0.00  0.00  0.00   1.30  419.4    170115.  24.18  417.3  56851.
015 14 54 09 0.58 254.44  79.11  6.61 1717   25.19   430.6   69299.   4.46   5.79   0.00   0.00    0.00  0.00  0.00  0.00   1.40  431.3    292296.  24.71  429.5  63085.
015 14 55 30 0.58 254.45  79.10  6.61 1717   25.37   416.9   67100.   4.79   5.22   0.00   0.00    0.00  0.00  0.00  0.00   1.37  410.1    277405.  23.69  413.8  59902.
015 14 56 51 0.58 254.45  79.09  6.61 1717   23.30   415.2   58349.   4.33   5.81   0.00   0.00    0.00  0.00  0.00  0.00   1.30  411.1    181004.  23.62  411.6  65811.
015 14 58 12 0.58 254.45  79.08  6.61 1717   24.40   413.6   66779.   4.99   5.23   0.00   0.00    0.00  0.00  0.00  0.00   1.37  409.2    210552.  22.67  410.2  54766.
015 14 59 33 0.58 254.45  79.07  6.61 1717   23.30   413.9   56393.   5.25   4.99   0.00   0.00    0.00  0.00  0.00  0.00   1.28  409.2    169505.  22.54  407.3  55789.
015 15 00 54 0.58 254.45  79.05  6.61 1717   23.87   410.8   73308.   4.46   5.73   0.00   0.00    0.00  0.00  0.00  0.00   1.04  406.4    277847.  23.16  407.4  69982.
015 15 02 15 0.58 254.45  79.04  6.61 1717   25.23   410.5   65619.   3.89   5.63   0.00   0.00    0.00  0.00  0.00  0.00   0.82  408.2    205783.  23.64  406.3  59980.
015 15 03 36 0.58 254.45  79.03  6.61 1717   25.44   414.8   68393.   3.87   5.51   0.00   0.00    0.00  0.00  0.00  0.00   0.84  407.5    313853.  24.28  413.0  60665.
015 15 04 57 0.58 254.45  79.02  6.61 1717   25.63   416.4   57904.   3.56   5.10   0.00   0.00    0.00  0.00  0.00  0.00   0.85  414.0    244180.  25.25  412.5  64115.
015 15 06 18 0.58 254.45  79.01  6.61 1717   28.85   415.0   68429.   4.08   5.24   0.00   0.00    0.00  0.00  0.00  0.00   0.78  413.3    308279.  28.24  412.0  67714.
015 15 07 39 0.58 254.45  79.00  6.61 1717   26.98   415.7   58956.   3.84   5.00   0.00   0.00    0.00  0.00  0.00  0.00   0.77  406.4    224650.  26.73  412.0  65671.
015 15 09 00 0.58 254.45  78.99  6.61 1717   26.19   416.8   66057.   4.36   4.74   0.00   0.00    0.00  0.00  0.00  0.00   0.78  411.7    351769.  25.45  414.1  58651.
015 15 10 21 0.58 254.46  78.98  6.61 1717   26.09   413.2   59518.   0.00   0.00   0.00   0.00    0.00  0.00  0.00  0.00   0.80  403.7    227678.  25.73  412.6  68968.
015 15 14 40 0.58 254.46  78.94  6.61 1717   27.31   415.7   68123.   4.12   5.36   0.00   0.00    0.00  0.00  0.00  0.00   0.96  406.6    312047.  25.98  413.3  58615.
015 15 15 45 0.58 254.46  78.93  6.61 1717   30.86   421.3   55708.   4.70   5.12   0.00   0.00    0.00  0.00  0.00  0.00   0.60  416.4    272468.  30.49  416.8  63533.
015 15 17 06 0.58 254.46  78.92  6.61 1717   29.20   417.4   63680.   5.18   5.93   0.00   0.00    0.00  0.00  0.00  0.00   0.78  410.8    322260.  27.63  414.4  54558.
015 15 18 27 0.58 254.46  78.91  6.61 1717   30.34   416.2   56712.   4.92   5.67   0.00   0.00    0.00  0.00  0.00  0.00   0.67  415.6    230264.  28.43  410.8  54415.
015 15 19 48 0.58 254.46  78.90  6.61 1717   27.87   411.1   55617.   4.88   5.81   0.00   0.00    0.00  0.00  0.00  0.00   0.71  411.1    293505.  27.73  408.7  66324.
015 15 21 09 0.58 254.46  78.88  6.61 1717   22.17   413.9   58583.   3.92   6.02   0.00   0.00    0.00  0.00  0.00  0.00   0.87  403.5    205978.  21.50  407.8  56910.
015 15 22 30 0.58 254.46  78.87  6.61 1717   21.81   413.3   60506.   2.69   6.95   0.00   0.00    0.00  0.00  0.00  0.00   0.78  406.8    259591.  20.59  410.8  56458.
015 15 23 51 0.58 254.46  78.86  6.61 1717   21.30   413.5   56582.   2.40   7.24   0.00   0.00    0.00  0.00  0.00  0.00   0.62  407.5    194739.  20.83  408.8  55208.
015 15 25 12 0.58 254.47  78.85  6.61 1717   20.92   408.9   55438.   2.94   7.31   0.00   0.00    0.00  0.00  0.00  0.00   0.79  405.2    287476.  21.07  408.4  62975.
015 15 26 33 0.58 254.47  78.84  6.61 1717   21.52   410.2   60938.   3.86   6.43   0.00   0.00    0.00  0.00  0.00  0.00   0.95  405.3    163423.  20.47  405.1  53882.
015 15 27 54 0.58 254.47  78.83  6.61 1717   21.43   411.1   52625.   5.48   5.85   0.00   0.00    0.00  0.00  0.00  0.00   1.10  403.8    189073.  20.68  408.0  59817.
015 15 29 15 0.58 254.47  78.82  6.61 1717   21.53   410.3   52524.   3.98   6.70   0.00   0.00    0.00  0.00  0.00  0.00   0.99  405.2    161669.  21.26  405.4  50952.
015 15 30 36 0.58 254.47  78.80  6.61 1717   23.67   410.9   50721.   3.63   6.57   0.00   0.00    0.00  0.00  0.00  0.00   1.23  405.8    212293.  22.80  409.6  50325.
015 15 31 57 0.58 254.47  78.79  6.61 1717   23.91   404.5   67675.   2.12   6.05   0.00   0.00    0.00  0.00  0.00  0.00   1.11  396.2    142321.  22.55  403.3  57280.
015 15 33 18 0.58 254.47  78.78  6.61 1717   25.96   411.6   59041.   1.90   5.72   0.00   0.00    0.00  0.00  0.00  0.00   1.25  401.3    168114.  23.92  409.5  55032.
015 15 34 46 0.58 254.47  78.77  6.61 1717   26.10   399.4   48649.   0.00   0.00   0.00   0.00    0.00  0.00  0.00  0.00   1.15  388.0    132628.  -1.00   -1.0     -1.
015 15 36 07 0.58 254.47  78.76  6.61 1717   23.79   408.8   48041.  -0.33   6.41   0.00   0.00    0.00  0.00  0.00  0.00   1.13  405.2    211202.  23.49  411.3  53746.
015 15 37 28 0.58 254.47  78.74  6.61 1717   24.62   409.3   50403.  -0.09   6.82   0.00   0.00    0.00  0.00  0.00  0.00   1.21  401.2    162384.  23.40  406.8  50117.
015 15 38 49 0.58 254.47  78.73  6.61 1717   24.35   407.9   47772.   2.14   6.47   0.00   0.00    0.00  0.00  0.00  0.00   1.20  401.7    201950.  23.64  407.9  51329.
015 15 40 03 0.58 254.48  78.72  6.61 1717   24.08   410.6   50975.   2.40   6.21   0.00   0.00    0.00  0.00  0.00  0.00   1.27  401.4    156693.  23.78  407.0  48473.
015 15 41 24 0.58 254.48  78.71  6.61 1717   24.06   405.2   51163.   0.00   0.00   0.00   0.00    0.00  0.00  0.00  0.00   1.09  399.5    221870.  23.93  404.9  55701.
015 15 42 45 0.58 254.48  78.70  6.61 1717   22.84   409.1   62796.   5.02   4.99   0.00   0.00    0.00  0.00  0.00  0.00   0.89  401.3    135409.  22.71  404.5  53648.
015 15 44 06 0.58 254.48  78.69  6.61 1717   24.96   407.7   52411.   4.20   5.61   0.00   0.00    0.00  0.00  0.00  0.00   0.86  395.7    165334.  24.03  403.7  58917.
015 15 45 27 0.58 254.48  78.68  6.61 1717   25.60   411.4   54015.   4.30   5.33   0.00   0.00    0.00  0.00  0.00  0.00   0.81  400.2    144063.  25.52  406.2  53785.
015 15 46 48 0.58 254.48  78.67  6.61 1717   28.67   410.1   49669.   4.86   4.82   0.00   0.00    0.00  0.00  0.00  0.00   0.76  406.2    240737.  27.50  408.8  50725.
015 15 48 09 0.58 254.48  78.65  6.61 1717   27.52   411.4   51300.   4.67   4.94   0.00   0.00    0.00  0.00  0.00  0.00   0.88  405.2    197662.  26.93  405.8  52173.
015 15 49 30 0.58 254.48  78.64  6.61 1717   29.52   410.6   51995.   4.59   5.02   0.00   0.00    0.00  0.00  0.00  0.00   0.93  405.4    250222.  28.63  407.7  59333.
015 15 50 51 0.58 254.48  78.63  6.61 1717   28.22   412.7   49416.   4.00   5.59   0.00   0.00    0.00  0.00  0.00  0.00   0.73  406.3    175988.  27.70  407.8  50075.
015 15 52 12 0.58 254.48  78.62  6.61 1717   30.82   409.8   49818.   4.76   4.94   0.00   0.00    0.00  0.00  0.00  0.00   0.79  402.3    237436.  30.15  406.9  55568.
015 15 53 33 0.58 254.48  78.61  6.61 1717   32.66   410.2   57654.   4.29   5.18   0.00   0.00    0.00  0.00  0.00  0.00   0.78  404.7    196077.  30.32  406.7  51121.
015 15 54 54 0.58 254.49  78.60  6.61 1717   33.41   408.8   50965.   5.22   5.03   0.00   0.00    0.00  0.00  0.00  0.00   0.77  405.8    185916.  32.79  406.3  55484.
015 15 56 15 0.58 254.49  78.58  6.61 1717   34.50   411.9   43617.   5.15   4.52   0.00   0.00    0.00  0.00  0.00  0.00   0.55  403.4    161630.  33.66  406.5  44910.
015 15 57 36 0.58 254.49  78.57  6.61 1717   34.90   408.0   44579.   4.72   4.98   0.00   0.00    0.00  0.00  0.00  0.00   0.61  406.9    181303.  33.60  406.9  42909.
015 15 58 57 0.58 254.49  78.56  6.61 1717   35.41   410.8   42353.   4.95   5.01   0.00   0.00    0.00  0.00  0.00  0.00   0.52  405.0    149481.  34.11  406.2  43321.
015 16 00 18 0.58 254.49  78.55  6.61 1717   35.90   408.3   40671.   4.69   5.08   0.00   0.00    0.00  0.00  0.00  0.00   0.70  405.3    136799.  34.12  405.0  33813.
015 16 01 39 0.58 254.49  78.54  6.61 1717   33.57   409.8   42617.   4.63   5.48   0.00   0.00    0.00  0.00  0.00  0.00   0.51  405.4    142192.  31.66  404.7  44049.
015 16 03 00 0.58 254.49  78.53  6.61 1717   31.62   412.3   45238.   5.52   3.41   0.00   0.00    0.00  0.00  0.00  0.00   1.01  400.5    137527.  32.05  409.5  42714.
015 16 04 21 0.58 254.49  78.52  6.61 1717   27.12   413.8   50832.   0.32   7.87   0.00   0.00    0.00  0.00  0.00  0.00   0.90  405.6    203938.  25.63  410.3  48782.
015 16 05 42 0.58 254.49  78.50  6.61 1717   22.69   419.1   46580.  -3.63   7.80   0.00   0.00    0.00  0.00  0.00  0.00   0.81  410.1    237111.  22.54  419.2  48314.
015 16 06 07 0.58 254.49  78.50  6.61 1717   22.72   408.1   40703.   0.28   7.33   0.00   0.00    0.00  0.00  0.00  0.00   0.69  402.0    113553.  23.32  410.1  42643.
015 16 07 03 0.58 254.49  78.49  6.61 1717   20.23   417.2   43591.   0.79   7.69   0.00   0.00    0.00  0.00  0.00  0.00   0.87  413.7    199507.  19.99  415.2  36509.
015 16 08 24 0.58 254.49  78.48  6.61 1717   21.97   410.9   44338.  -0.37   8.01   0.00   0.00    0.00  0.00  0.00  0.00   0.85  406.3    217738.  22.10  411.8  44270.
015 16 09 45 0.58 254.50  78.47  6.61 1717   20.46   417.8   51352.   0.10   8.54   0.00   0.00    0.00  0.00  0.00  0.00   0.85  414.1    152028.  17.51  422.2  45228.
015 16 11 06 0.58 254.50  78.46  6.61 1717   17.50   410.9   39836.   1.11   7.62   0.00   0.00    0.00  0.00  0.00  0.00   0.70  401.7    243011.  17.02  410.7  42392.
015 16 12 27 0.58 254.50  78.45  6.61 1717   19.85   412.8   40921.   2.26   7.39   0.00   0.00    0.00  0.00  0.00  0.00   0.79  406.0    173702.  19.66  409.3  40177.
015 16 13 48 0.58 254.50  78.44  6.61 1717   18.24   411.6   39388.   1.59   7.31   0.00   0.00    0.00  0.00  0.00  0.00   0.73  414.0     90424.  18.59  410.8  41486.
015 16 15 09 0.58 254.50  78.43  6.61 1717   19.45   411.4   41281.   0.92   7.36   0.00   0.00    0.00  0.00  0.00  0.00   0.75  405.1    165359.  18.97  408.5  39881.
015 16 16 30 0.58 254.50  78.41  6.61 1717   19.59   410.9   39992.   0.82   7.49   0.00   0.00    0.00  0.00  0.00  0.00   0.90  406.4    190516.  20.15  410.8  39628.
015 16 17 51 0.58 254.50  78.40  6.61 1717   19.68   410.0   39543.   0.27   7.33   0.00   0.00    0.00  0.00  0.00  0.00   0.68  400.7    150352.  19.71  407.9  38390.
015 16 19 12 0.58 254.50  78.39  6.61 1717   18.71   413.7   39024.   1.48   7.79   0.00   0.00    0.00  0.00  0.00  0.00   0.62  407.3    245454.  19.87  414.1  43117.
015 16 20 33 0.58 254.50  78.38  6.61 1717   21.85   414.9   45163.  -0.09   7.93   0.00   0.00    0.00  0.00  0.00  0.00   0.56  406.8    169388.  21.73  412.3  40183.
015 16 21 54 0.58 254.50  78.37  6.61 1717   21.97   415.6   42457.  -0.90   7.73   0.00   0.00    0.00  0.00  0.00  0.00   0.84  407.5    195024.  21.68  415.6  43172.
015 16 23 15 0.58 254.50  78.36  6.61 1717   22.14   406.9   42997.  -0.48   6.96   0.00   0.00    0.00  0.00  0.00  0.00   0.93  403.5    141633.  22.32  404.8  43546.
015 16 24 36 0.58 254.51  78.35  6.61 1717   22.10   416.7   34505.  -0.57   6.42   0.00   0.00    0.00  0.00  0.00  0.00   1.03  411.4    100195.  21.43  415.9  39258.
015 16 25 57 0.58 254.51  78.33  6.61 1717   -1.00    -1.0      -1.  -1.00  -1.00   0.00   0.00    0.00  0.00  0.00  0.00  -1.00   -1.0        -1.  20.45  414.6  37357.
015 16 27 43 0.58 254.51  78.32  6.61 1717   23.29   410.9   38553.  -0.14   7.51   0.00   0.00    0.00  0.00  0.00  0.00   0.76  403.0    144946.  22.77  408.5  37939.
015 16 49 19 0.58 254.52  78.14  6.61 1717   29.64   408.2   42006.   0.68   6.32   0.00   0.00    0.00  0.00  0.00  0.00   1.18  403.1    111617.  27.61  409.1  44179.
015 17 10 55 0.58 254.54  77.95  6.60 1717   35.32   400.9   37364.   3.65   7.19   0.00   0.00    0.00  0.00  0.00  0.00   1.46  394.4    224988.  34.12  399.3  39111.
015 17 32 32 0.58 254.55  77.77  6.60 1717   36.77   396.5   24295.   4.34   5.68   0.00   0.00    0.00  0.00  0.00  0.00   0.58  392.2    124546.  34.89  394.4  23139.
015 17 54 08 0.58 254.57  77.59  6.60 1717   45.33   395.2   20465.   4.07   5.82   0.00   0.00    0.00  0.00  0.00  0.00   2.36  395.2     40398.  41.29  391.8  21069.
015 18 15 44 0.58 254.58  77.40  6.60 1717   21.32   397.8   20147.   3.07   4.61   0.00   0.00    0.00  0.00  0.00  0.00   0.66  384.6    109200.  20.54  393.7  23210.
015 18 37 20 0.59 254.59  77.22  6.60 1717   24.60   395.3   22242.   1.06   5.93   0.00   0.00    0.00  0.00  0.00  0.00   0.84  394.9     42009.  16.25  397.2  24510.
015 18 58 56 0.59 254.61  77.04  6.60 1717   37.01   388.9   22967.   4.61   4.36   0.00   0.00    0.00  0.00  0.00  0.00   1.61  378.8     56367.  35.18  385.0  20482.
015 19 20 32 0.59 254.62  76.86  6.60 1717   28.01   391.1   19903.   1.99   5.68   0.00   0.00    0.00  0.00  0.00  0.00   1.13  392.8     48467.  22.97  388.8  20917.
015 19 42 08 0.59 254.64  76.67  6.59 1717   28.10   391.4   21631.   2.57   5.54   0.00   0.00    0.00  0.00  0.00  0.00   1.45  380.0     59759.  25.69  387.3  14131.
015 20 03 44 0.59 254.65  76.49  6.59 1717   25.75   392.8   26576.   1.23   6.78   0.00   0.00    0.00  0.00  0.00  0.00   1.41  390.0     76586.  24.44  389.4  26494.
015 20 25 20 0.59 254.67  76.31  6.59 1717   22.45   387.6   26059.   1.60   6.34   0.00   0.00    0.00  0.00  0.00  0.00   2.12  375.3     63124.  22.34  385.7  20930.
015 20 46 56 0.59 254.68  76.12  6.59 1717   22.33   394.8   22892.   1.41   6.37   0.00   0.00    0.00  0.00  0.00  0.00   1.21  392.8     61604.  19.89  390.4  21167.
015 21 08 32 0.59 254.69  75.94  6.59 1717   20.62   387.5   26923.   2.31   3.96   0.00   0.00    0.00  0.00  0.00  0.00   0.74  377.2     60499.  21.50  385.0  20472.
015 21 30 08 0.59 254.71  75.76  6.59 1717   36.90   384.9   41057.   3.14   5.68   0.00   0.00    0.00  0.00  0.00  0.00   1.23  374.1    112786.  34.76  381.1  39466.
015 21 51 44 0.59 254.72  75.57  6.58 1717   45.07   383.5   31169.   3.16   6.70   0.00   0.00    0.00  0.00  0.00  0.00   3.23  383.4     41749.  40.81  381.4  26481.
015 22 13 20 0.59 254.74  75.39  6.58 1717   32.45   375.7   57205.   2.66   4.39   0.00   0.00    0.00  0.00  0.00  0.00   1.26  365.7     57784.  33.17  374.6  41886.
015 22 34 56 0.59 254.75  75.21  6.58 1717   37.18   378.7   30685.   2.65   6.25   0.00   0.00    0.00  0.00  0.00  0.00   1.57  377.8     59629.  32.84  375.3  25156.
015 22 56 32 0.59 254.77  75.02  6.58 1717   29.07   378.2   26719.   0.11   7.89   0.00   0.00    0.00  0.00  0.00  0.00   1.52  364.5     59733.  29.76  377.1  33235.
015 23 18 08 0.59 254.78  74.84  6.58 1717   33.99   368.2   24737.   2.26   8.03   0.00   0.00    0.00  0.00  0.00  0.00   1.11  357.0    147857.  38.83  365.8  31065.
015 23 39 44 0.59 254.79  74.66  6.58 1717   55.80   358.9   30185.   3.66   9.20   0.00   0.00    0.00  0.00  0.00  0.00   1.33  349.2     91399.  55.08  354.8  26875.
