048  1 41 43 0.88 262.49  19.95  3.09 1718   -1.00    -1.0      -1.  -1.00  -1.00   0.00   0.00    0.00  0.00  0.00  0.00  -1.00   -1.0        -1.   9.64  408.9 104493.
048  2 24 55 0.88 262.49  19.55  3.08 1718   -1.00    -1.0      -1.  -1.00  -1.00   0.00   0.00    0.00  0.00  0.00  0.00  -1.00   -1.0        -1.   8.59  427.0  97824.
048  3 08 07 0.88 262.49  19.15  3.08 1718   -1.00    -1.0      -1.  -1.00  -1.00   0.00   0.00    0.00  0.00  0.00  0.00  -1.00   -1.0        -1.   8.32  419.9  72041.
048  3 51 19 0.88 262.48  18.75  3.08 1718   -1.00    -1.0      -1.  -1.00  -1.00   0.00   0.00    0.00  0.00  0.00  0.00  -1.00   -1.0        -1.  10.08  417.2  90619.
048  4 34 31 0.88 262.48  18.35  3.07 1718   -1.00    -1.0      -1.  -1.00  -1.00   0.00   0.00    0.00  0.00  0.00  0.00  -1.00   -1.0        -1.   7.45  417.0  57455.
048  5 17 43 0.88 262.47  17.96  3.07 1718   -1.00    -1.0      -1.  -1.00  -1.00   0.00   0.00    0.00  0.00  0.00  0.00  -1.00   -1.0        -1.   9.15  433.9 110922.
048  6 44 07 0.88 262.47  17.15  3.07 1718   -1.00    -1.0      -1.  -1.00  -1.00   0.00   0.00    0.00  0.00  0.00  0.00  -1.00   -1.0        -1.   5.58  434.5  52648.
048  7 27 19 0.88 262.46  16.76  3.06 1718   -1.00    -1.0      -1.  -1.00  -1.00   0.00   0.00    0.00  0.00  0.00  0.00  -1.00   -1.0        -1.   8.22  452.6  65031.
048  8 53 02 0.88 262.45  15.97  3.06 1718   -1.00    -1.0      -1.  -1.00  -1.00   0.00   0.00    0.00  0.00  0.00  0.00  -1.00   -1.0        -1.  10.40  455.1 134411.
048  8 54 23 0.88 262.45  15.95  3.06 1718   -1.00    -1.0      -1.  -1.00  -1.00   0.00   0.00    0.00  0.00  0.00  0.00  -1.00   -1.0        -1.   9.92  447.5 116168.
048  8 55 44 0.88 262.45  15.94  3.06 1718   -1.00    -1.0      -1.  -1.00  -1.00   0.00   0.00    0.00  0.00  0.00  0.00  -1.00   -1.0        -1.  10.42  447.8 153961.
048  8 55 55 0.88 262.45  15.94  3.06 1718   -1.00    -1.0      -1.  -1.00  -1.00   0.00   0.00    0.00  0.00  0.00  0.00  -1.00   -1.0        -1.   9.83  445.0 142146.
048  8 57 16 0.88 262.45  15.93  3.06 1718   -1.00    -1.0      -1.  -1.00  -1.00   0.00   0.00    0.00  0.00  0.00  0.00  -1.00   -1.0        -1.  10.44  444.8 126258.
048  8 58 37 0.88 262.45  15.91  3.06 1718   -1.00    -1.0      -1.  -1.00  -1.00   0.00   0.00    0.00  0.00  0.00  0.00  -1.00   -1.0        -1.  10.33  440.7 159213.
048  8 59 58 0.88 262.45  15.90  3.06 1718   -1.00    -1.0      -1.  -1.00  -1.00   0.00   0.00    0.00  0.00  0.00  0.00  -1.00   -1.0        -1.  10.46  447.1 166032.
048  9 01 19 0.88 262.45  15.89  3.06 1718   -1.00    -1.0      -1.  -1.00  -1.00   0.00   0.00    0.00  0.00  0.00  0.00  -1.00   -1.0        -1.  11.44  443.8 183437.
048  9 02 40 0.88 262.45  15.88  3.06 1718   -1.00    -1.0      -1.  -1.00  -1.00   0.00   0.00    0.00  0.00  0.00  0.00  -1.00   -1.0        -1.  10.65  446.4 161845.
048  9 04 01 0.88 262.45  15.86  3.06 1718   -1.00    -1.0      -1.  -1.00  -1.00   0.00   0.00    0.00  0.00  0.00  0.00  -1.00   -1.0        -1.  10.34  438.7 259617.
048  9 05 22 0.88 262.45  15.85  3.06 1718   -1.00    -1.0      -1.  -1.00  -1.00   0.00   0.00    0.00  0.00  0.00  0.00  -1.00   -1.0        -1.  11.84  434.5 257989.
048  9 06 43 0.88 262.45  15.84  3.06 1718   -1.00    -1.0      -1.  -1.00  -1.00   0.00   0.00    0.00  0.00  0.00  0.00  -1.00   -1.0        -1.  11.28  431.7 222474.
048  9 08 04 0.88 262.45  15.82  3.06 1718   -1.00    -1.0      -1.  -1.00  -1.00   0.00   0.00    0.00  0.00  0.00  0.00  -1.00   -1.0        -1.  10.42  447.7 183856.
048  9 09 25 0.88 262.45  15.81  3.06 1718   -1.00    -1.0      -1.  -1.00  -1.00   0.00   0.00    0.00  0.00  0.00  0.00  -1.00   -1.0        -1.  12.34  446.8 262677.
048  9 10 46 0.88 262.45  15.80  3.06 1718   -1.00    -1.0      -1.  -1.00  -1.00   0.00   0.00    0.00  0.00  0.00  0.00  -1.00   -1.0        -1.  11.18  451.6 170041.
048  9 12 07 0.88 262.45  15.79  3.05 1718   -1.00    -1.0      -1.  -1.00  -1.00   0.00   0.00    0.00  0.00  0.00  0.00  -1.00   -1.0        -1.  12.16  450.1 222977.
048  9 13 28 0.88 262.45  15.78  3.05 1718   -1.00    -1.0      -1.  -1.00  -1.00   0.00   0.00    0.00  0.00  0.00  0.00  -1.00   -1.0        -1.  10.62  448.2 132638.
048  9 14 49 0.88 262.45  15.77  3.05 1718   -1.00    -1.0      -1.  -1.00  -1.00   0.00   0.00    0.00  0.00  0.00  0.00  -1.00   -1.0        -1.  10.90  439.4 171181.
048  9 16 10 0.88 262.45  15.75  3.05 1718   -1.00    -1.0      -1.  -1.00  -1.00   0.00   0.00    0.00  0.00  0.00  0.00  -1.00   -1.0        -1.  11.48  449.3 178210.
048  9 17 31 0.88 262.45  15.74  3.05 1718   -1.00    -1.0      -1.  -1.00  -1.00   0.00   0.00    0.00  0.00  0.00  0.00  -1.00   -1.0        -1.  11.29  437.7 161302.
048  9 18 52 0.88 262.45  15.73  3.05 1718   -1.00    -1.0      -1.  -1.00  -1.00   0.00   0.00    0.00  0.00  0.00  0.00  -1.00   -1.0        -1.  11.21  434.9 153811.
048  9 20 13 0.88 262.45  15.71  3.05 1718   -1.00    -1.0      -1.  -1.00  -1.00   0.00   0.00    0.00  0.00  0.00  0.00  -1.00   -1.0        -1.  12.02  419.5 208769.
048  9 21 34 0.88 262.45  15.70  3.05 1718   -1.00    -1.0      -1.  -1.00  -1.00   0.00   0.00    0.00  0.00  0.00  0.00  -1.00   -1.0        -1.  10.88  417.8 212644.
048  9 22 55 0.88 262.45  15.69  3.05 1718   -1.00    -1.0      -1.  -1.00  -1.00   0.00   0.00    0.00  0.00  0.00  0.00  -1.00   -1.0        -1.  11.39  424.2 206228.
048  9 24 16 0.88 262.45  15.67  3.05 1718   -1.00    -1.0      -1.  -1.00  -1.00   0.00   0.00    0.00  0.00  0.00  0.00  -1.00   -1.0        -1.  12.81  442.2 183174.
048  9 25 37 0.88 262.45  15.66  3.05 1718   -1.00    -1.0      -1.  -1.00  -1.00   0.00   0.00    0.00  0.00  0.00  0.00  -1.00   -1.0        -1.  10.71  447.5 130578.
048  9 26 58 0.88 262.45  15.65  3.05 1718   -1.00    -1.0      -1.  -1.00  -1.00   0.00   0.00    0.00  0.00  0.00  0.00  -1.00   -1.0        -1.  11.43  456.0 194290.
048  9 28 19 0.88 262.45  15.64  3.05 1718   -1.00    -1.0      -1.  -1.00  -1.00   0.00   0.00    0.00  0.00  0.00  0.00  -1.00   -1.0        -1.  11.26  457.0 198276.
048  9 29 40 0.88 262.45  15.63  3.05 1718   -1.00    -1.0      -1.  -1.00  -1.00   0.00   0.00    0.00  0.00  0.00  0.00  -1.00   -1.0        -1.  12.16  441.8 215571.
048  9 31 01 0.88 262.45  15.62  3.05 1718   -1.00    -1.0      -1.  -1.00  -1.00   0.00   0.00    0.00  0.00  0.00  0.00  -1.00   -1.0        -1.  10.60  458.7 185734.
048  9 32 22 0.88 262.45  15.60  3.05 1718   -1.00    -1.0      -1.  -1.00  -1.00   0.00   0.00    0.00  0.00  0.00  0.00  -1.00   -1.0        -1.  11.91  452.3 183551.
048  9 33 43 0.88 262.45  15.59  3.05 1718   -1.00    -1.0      -1.  -1.00  -1.00   0.00   0.00    0.00  0.00  0.00  0.00  -1.00   -1.0        -1.  11.53  451.2 154766.
048  9 35 04 0.88 262.45  15.58  3.05 1718   -1.00    -1.0      -1.  -1.00  -1.00   0.00   0.00    0.00  0.00  0.00  0.00  -1.00   -1.0        -1.  12.34  440.1 214687.
048  9 36 25 0.88 262.45  15.56  3.05 1718   -1.00    -1.0      -1.  -1.00  -1.00   0.00   0.00    0.00  0.00  0.00  0.00  -1.00   -1.0        -1.  12.30  441.0 195171.
048  9 37 46 0.88 262.45  15.55  3.05 1718   -1.00    -1.0      -1.  -1.00  -1.00   0.00   0.00    0.00  0.00  0.00  0.00  -1.00   -1.0        -1.  13.83  444.9 237881.
048  9 39 07 0.88 262.45  15.54  3.05 1718   -1.00    -1.0      -1.  -1.00  -1.00   0.00   0.00    0.00  0.00  0.00  0.00  -1.00   -1.0        -1.  14.22  447.3 225427.
048  9 40 28 0.88 262.45  15.52  3.05 1718   -1.00    -1.0      -1.  -1.00  -1.00   0.00   0.00    0.00  0.00  0.00  0.00  -1.00   -1.0        -1.  12.52  444.9 207261.
048  9 41 49 0.88 262.45  15.51  3.05 1718   -1.00    -1.0      -1.  -1.00  -1.00   0.00   0.00    0.00  0.00  0.00  0.00  -1.00   -1.0        -1.  13.80  441.5 197789.
048  9 43 10 0.88 262.45  15.50  3.05 1718   -1.00    -1.0      -1.  -1.00  -1.00   0.00   0.00    0.00  0.00  0.00  0.00  -1.00   -1.0        -1.  14.20  446.3 229536.
048  9 44 29 0.88 262.45  15.49  3.05 1718   -1.00    -1.0      -1.  -1.00  -1.00   0.00   0.00    0.00  0.00  0.00  0.00  -1.00   -1.0        -1.  12.31  445.9 255082.
048  9 48 32 0.88 262.45  15.45  3.05 1718   -1.00    -1.0      -1.  -1.00  -1.00   0.00   0.00    0.00  0.00  0.00  0.00  -1.00   -1.0        -1.  12.29  445.1 221779.
048  9 49 55 0.88 262.45  15.44  3.05 1718   -1.00    -1.0      -1.  -1.00  -1.00   0.00   0.00    0.00  0.00  0.00  0.00  -1.00   -1.0        -1.  12.32  450.6 248455.
048  9 51 16 0.88 262.45  15.43  3.05 1718   -1.00    -1.0      -1.  -1.00  -1.00   0.00   0.00    0.00  0.00  0.00  0.00  -1.00   -1.0        -1.  12.28  447.1 194102.
048  9 52 37 0.88 262.45  15.41  3.05 1718   -1.00    -1.0      -1.  -1.00  -1.00   0.00   0.00    0.00  0.00  0.00  0.00  -1.00   -1.0        -1.  12.85  448.6 226889.
048  9 53 58 0.88 262.45  15.40  3.05 1718   -1.00    -1.0      -1.  -1.00  -1.00   0.00   0.00    0.00  0.00  0.00  0.00  -1.00   -1.0        -1.  11.26  437.7 219255.
048 11 09 14 0.88 262.44  14.71  3.05 1718   -1.00    -1.0      -1.  -1.00  -1.00   0.00   0.00    0.00  0.00  0.00  0.00  -1.00   -1.0        -1.  12.15  455.1 224423.
048 11 11 56 0.88 262.44  14.68  3.05 1718   -1.00    -1.0      -1.  -1.00  -1.00   0.00   0.00    0.00  0.00  0.00  0.00  -1.00   -1.0        -1.  10.48  461.2 175085.
048 11 14 38 0.88 262.44  14.66  3.05 1718   -1.00    -1.0      -1.  -1.00  -1.00   0.00   0.00    0.00  0.00  0.00  0.00  -1.00   -1.0        -1.  12.57  455.3 131127.
048 11 17 20 0.88 262.44  14.63  3.05 1718   -1.00    -1.0      -1.  -1.00  -1.00   0.00   0.00    0.00  0.00  0.00  0.00  -1.00   -1.0        -1.  13.05  468.6 141477.
048 11 20 05 0.88 262.44  14.60  3.05 1718   -1.00    -1.0      -1.  -1.00  -1.00   0.00   0.00    0.00  0.00  0.00  0.00  -1.00   -1.0        -1.  11.83  467.3 190369.
048 11 22 47 0.88 262.44  14.58  3.05 1718   -1.00    -1.0      -1.  -1.00  -1.00   0.00   0.00    0.00  0.00  0.00  0.00  -1.00   -1.0        -1.  12.77  475.1 139791.
048 11 25 29 0.88 262.44  14.56  3.05 1718   -1.00    -1.0      -1.  -1.00  -1.00   0.00   0.00    0.00  0.00  0.00  0.00  -1.00   -1.0        -1.  11.87  470.1 165194.
048 11 28 11 0.88 262.44  14.53  3.05 1718   -1.00    -1.0      -1.  -1.00  -1.00   0.00   0.00    0.00  0.00  0.00  0.00  -1.00   -1.0        -1.  14.50  470.0 116022.
048 11 30 53 0.88 262.44  14.51  3.05 1718   -1.00    -1.0      -1.  -1.00  -1.00   0.00   0.00    0.00  0.00  0.00  0.00  -1.00   -1.0        -1.  24.60  458.5  99510.
048 11 33 35 0.88 262.44  14.48  3.05 1718   -1.00    -1.0      -1.  -1.00  -1.00   0.00   0.00    0.00  0.00  0.00  0.00  -1.00   -1.0        -1.  23.09  460.8  78285.
048 11 36 17 0.88 262.44  14.46  3.04 1718   -1.00    -1.0      -1.  -1.00  -1.00   0.00   0.00    0.00  0.00  0.00  0.00  -1.00   -1.0        -1.  24.04  460.8  96388.
048 11 38 59 0.88 262.44  14.43  3.04 1718   -1.00    -1.0      -1.  -1.00  -1.00   0.00   0.00    0.00  0.00  0.00  0.00  -1.00   -1.0        -1.  21.75  461.3  84518.
048 11 41 41 0.88 262.44  14.41  3.04 1718   -1.00    -1.0      -1.  -1.00  -1.00   0.00   0.00    0.00  0.00  0.00  0.00  -1.00   -1.0        -1.  20.97  466.6  80442.
048 11 44 23 0.88 262.44  14.38  3.04 1718   -1.00    -1.0      -1.  -1.00  -1.00   0.00   0.00    0.00  0.00  0.00  0.00  -1.00   -1.0        -1.  21.68  472.1  97272.
048 11 47 05 0.88 262.44  14.36  3.04 1718   -1.00    -1.0      -1.  -1.00  -1.00   0.00   0.00    0.00  0.00  0.00  0.00  -1.00   -1.0        -1.  22.78  470.4  76998.
048 11 49 47 0.88 262.44  14.33  3.04 1718   -1.00    -1.0      -1.  -1.00  -1.00   0.00   0.00    0.00  0.00  0.00  0.00  -1.00   -1.0        -1.  21.71  468.2  96739.
048 11 52 29 0.88 262.44  14.31  3.04 1718   -1.00    -1.0      -1.  -1.00  -1.00   0.00   0.00    0.00  0.00  0.00  0.00  -1.00   -1.0        -1.  21.24  466.8  80789.
048 11 55 11 0.88 262.44  14.28  3.04 1718   -1.00    -1.0      -1.  -1.00  -1.00   0.00   0.00    0.00  0.00  0.00  0.00  -1.00   -1.0        -1.  21.43  462.4  75338.
048 11 57 53 0.88 262.44  14.26  3.04 1718   -1.00    -1.0      -1.  -1.00  -1.00   0.00   0.00    0.00  0.00  0.00  0.00  -1.00   -1.0        -1.  21.29  471.5  80903.
048 12 00 35 0.88 262.44  14.23  3.04 1718   -1.00    -1.0      -1.  -1.00  -1.00   0.00   0.00    0.00  0.00  0.00  0.00  -1.00   -1.0        -1.  21.54  472.6  90232.
048 12 03 17 0.88 262.44  14.21  3.04 1718   -1.00    -1.0      -1.  -1.00  -1.00   0.00   0.00    0.00  0.00  0.00  0.00  -1.00   -1.0        -1.  19.84  473.3  80734.
048 12 05 59 0.88 262.44  14.18  3.04 1718   -1.00    -1.0      -1.  -1.00  -1.00   0.00   0.00    0.00  0.00  0.00  0.00  -1.00   -1.0        -1.  20.16  473.2  98139.
048 12 08 41 0.88 262.44  14.16  3.04 1718   -1.00    -1.0      -1.  -1.00  -1.00   0.00   0.00    0.00  0.00  0.00  0.00  -1.00   -1.0        -1.  21.14  461.0  98165.
048 12 11 23 0.88 262.44  14.13  3.04 1718   -1.00    -1.0      -1.  -1.00  -1.00   0.00   0.00    0.00  0.00  0.00  0.00  -1.00   -1.0        -1.  19.20  465.7  85600.
048 12 14 05 0.88 262.44  14.11  3.04 1718   -1.00    -1.0      -1.  -1.00  -1.00   0.00   0.00    0.00  0.00  0.00  0.00  -1.00   -1.0        -1.  20.02  460.8  94589.
048 12 16 47 0.88 262.44  14.08  3.04 1718   -1.00    -1.0      -1.  -1.00  -1.00   0.00   0.00    0.00  0.00  0.00  0.00  -1.00   -1.0        -1.  19.43  461.8  77388.
048 12 19 29 0.88 262.44  14.06  3.04 1718   -1.00    -1.0      -1.  -1.00  -1.00   0.00   0.00    0.00  0.00  0.00  0.00  -1.00   -1.0        -1.  20.57  470.0  80831.
048 12 22 11 0.88 262.44  14.03  3.04 1718   -1.00    -1.0      -1.  -1.00  -1.00   0.00   0.00    0.00  0.00  0.00  0.00  -1.00   -1.0        -1.  22.17  469.2 106650.
048 12 24 53 0.88 262.43  14.01  3.04 1718   -1.00    -1.0      -1.  -1.00  -1.00   0.00   0.00    0.00  0.00  0.00  0.00  -1.00   -1.0        -1.  20.91  465.4 107475.
048 12 27 35 0.88 262.43  13.98  3.04 1718   -1.00    -1.0      -1.  -1.00  -1.00   0.00   0.00    0.00  0.00  0.00  0.00  -1.00   -1.0        -1.  21.14  471.3  83891.
048 12 30 17 0.88 262.43  13.96  3.04 1718   -1.00    -1.0      -1.  -1.00  -1.00   0.00   0.00    0.00  0.00  0.00  0.00  -1.00   -1.0        -1.  18.69  474.9  68422.
048 12 32 59 0.88 262.43  13.93  3.04 1718   -1.00    -1.0      -1.  -1.00  -1.00   0.00   0.00    0.00  0.00  0.00  0.00  -1.00   -1.0        -1.  21.38  472.7  83586.
048 12 35 41 0.88 262.43  13.91  3.04 1718   -1.00    -1.0      -1.  -1.00  -1.00   0.00   0.00    0.00  0.00  0.00  0.00  -1.00   -1.0        -1.  20.64  473.0  73461.
048 12 38 23 0.88 262.43  13.88  3.04 1718   -1.00    -1.0      -1.  -1.00  -1.00   0.00   0.00    0.00  0.00  0.00  0.00  -1.00   -1.0        -1.  19.83  469.4  91054.
048 12 41 05 0.88 262.43  13.86  3.04 1718   -1.00    -1.0      -1.  -1.00  -1.00   0.00   0.00    0.00  0.00  0.00  0.00  -1.00   -1.0        -1.  18.55  494.9  80575.
048 12 43 47 0.88 262.43  13.83  3.04 1718   -1.00    -1.0      -1.  -1.00  -1.00   0.00   0.00    0.00  0.00  0.00  0.00  -1.00   -1.0        -1.  17.51  468.2 101654.
048 12 46 29 0.88 262.43  13.81  3.04 1718   -1.00    -1.0      -1.  -1.00  -1.00   0.00   0.00    0.00  0.00  0.00  0.00  -1.00   -1.0        -1.  17.34  468.6  71966.
048 12 49 11 0.88 262.43  13.78  3.04 1718   -1.00    -1.0      -1.  -1.00  -1.00   0.00   0.00    0.00  0.00  0.00  0.00  -1.00   -1.0        -1.  20.09  465.9 104815.
048 12 51 53 0.88 262.43  13.76  3.04 1718   -1.00    -1.0      -1.  -1.00  -1.00   0.00   0.00    0.00  0.00  0.00  0.00  -1.00   -1.0        -1.  19.97  467.2  84492.
048 12 54 35 0.88 262.43  13.73  3.04 1718   -1.00    -1.0      -1.  -1.00  -1.00   0.00   0.00    0.00  0.00  0.00  0.00  -1.00   -1.0        -1.  19.65  470.2 101557.
048 12 57 17 0.88 262.43  13.71  3.04 1718   -1.00    -1.0      -1.  -1.00  -1.00   0.00   0.00    0.00  0.00  0.00  0.00  -1.00   -1.0        -1.  18.87  466.9  77281.
048 12 59 59 0.88 262.43  13.68  3.04 1718   -1.00    -1.0      -1.  -1.00  -1.00   0.00   0.00    0.00  0.00  0.00  0.00  -1.00   -1.0        -1.  14.83  455.1 147896.
048 13 02 41 0.88 262.43  13.66  3.04 1718   -1.00    -1.0      -1.  -1.00  -1.00   0.00   0.00    0.00  0.00  0.00  0.00  -1.00   -1.0        -1.  10.19  440.2 155117.
048 13 05 23 0.88 262.43  13.63  3.04 1718   -1.00    -1.0      -1.  -1.00  -1.00   0.00   0.00    0.00  0.00  0.00  0.00  -1.00   -1.0        -1.  10.09  443.0 254705.
048 13 08 05 0.88 262.43  13.61  3.04 1718   -1.00    -1.0      -1.  -1.00  -1.00   0.00   0.00    0.00  0.00  0.00  0.00  -1.00   -1.0        -1.  11.42  429.0 120878.
048 13 10 47 0.88 262.43  13.58  3.04 1718   -1.00    -1.0      -1.  -1.00  -1.00   0.00   0.00    0.00  0.00  0.00  0.00  -1.00   -1.0        -1.  11.56  423.9 149913.
048 13 13 29 0.88 262.43  13.56  3.04 1718   -1.00    -1.0      -1.  -1.00  -1.00   0.00   0.00    0.00  0.00  0.00  0.00  -1.00   -1.0        -1.  10.87  436.8 147337.
048 13 16 11 0.88 262.43  13.53  3.04 1718   -1.00    -1.0      -1.  -1.00  -1.00   0.00   0.00    0.00  0.00  0.00  0.00  -1.00   -1.0        -1.  12.42  440.0 130711.
048 13 18 50 0.88 262.43  13.51  3.04 1718   -1.00    -1.0      -1.  -1.00  -1.00   0.00   0.00    0.00  0.00  0.00  0.00  -1.00   -1.0        -1.  10.36  435.5 293784.
048 13 21 32 0.88 262.43  13.48  3.04 1718   -1.00    -1.0      -1.  -1.00  -1.00   0.00   0.00    0.00  0.00  0.00  0.00  -1.00   -1.0        -1.  11.80  435.0 261829.
048 13 26 56 0.88 262.43  13.43  3.04 1718   -1.00    -1.0      -1.  -1.00  -1.00   0.00   0.00    0.00  0.00  0.00  0.00  -1.00   -1.0        -1.  11.60  442.6 279777.
048 13 29 41 0.88 262.43  13.41  3.04 1718   -1.00    -1.0      -1.  -1.00  -1.00   0.00   0.00    0.00  0.00  0.00  0.00  -1.00   -1.0        -1.  12.15  448.6 328699.
048 13 32 23 0.88 262.43  13.38  3.04 1718   -1.00    -1.0      -1.  -1.00  -1.00   0.00   0.00    0.00  0.00  0.00  0.00  -1.00   -1.0        -1.  12.14  455.2 305404.
048 13 35 05 0.88 262.43  13.36  3.04 1718   -1.00    -1.0      -1.  -1.00  -1.00   0.00   0.00    0.00  0.00  0.00  0.00  -1.00   -1.0        -1.  12.53  490.9 403215.
048 13 37 47 0.88 262.43  13.33  3.04 1718   -1.00    -1.0      -1.  -1.00  -1.00   0.00   0.00    0.00  0.00  0.00  0.00  -1.00   -1.0        -1.  12.74  478.6 267410.
048 13 40 29 0.88 262.43  13.31  3.04 1718   -1.00    -1.0      -1.  -1.00  -1.00   0.00   0.00    0.00  0.00  0.00  0.00  -1.00   -1.0        -1.  14.43  476.2 281677.
048 13 43 11 0.88 262.43  13.28  3.04 1718   -1.00    -1.0      -1.  -1.00  -1.00   0.00   0.00    0.00  0.00  0.00  0.00  -1.00   -1.0        -1.  15.36  481.7 285478.
048 13 45 53 0.88 262.43  13.26  3.04 1718   -1.00    -1.0      -1.  -1.00  -1.00   0.00   0.00    0.00  0.00  0.00  0.00  -1.00   -1.0        -1.  16.16  479.2 371159.
048 13 48 35 0.88 262.43  13.23  3.04 1718   -1.00    -1.0      -1.  -1.00  -1.00   0.00   0.00    0.00  0.00  0.00  0.00  -1.00   -1.0        -1.  14.81  475.0 299868.
048 13 51 17 0.88 262.43  13.21  3.04 1718   -1.00    -1.0      -1.  -1.00  -1.00   0.00   0.00    0.00  0.00  0.00  0.00  -1.00   -1.0        -1.  14.03  466.4 375119.
048 13 53 59 0.88 262.43  13.18  3.04 1718   -1.00    -1.0      -1.  -1.00  -1.00   0.00   0.00    0.00  0.00  0.00  0.00  -1.00   -1.0        -1.  14.52  480.6 384312.
048 13 56 41 0.88 262.43  13.16  3.04 1718   -1.00    -1.0      -1.  -1.00  -1.00   0.00   0.00    0.00  0.00  0.00  0.00  -1.00   -1.0        -1.  11.92  456.7 269145.
048 13 59 23 0.88 262.43  13.13  3.04 1718   -1.00    -1.0      -1.  -1.00  -1.00   0.00   0.00    0.00  0.00  0.00  0.00  -1.00   -1.0        -1.  13.58  452.1 238560.
048 14 02 05 0.88 262.43  13.11  3.03 1718   -1.00    -1.0      -1.  -1.00  -1.00   0.00   0.00    0.00  0.00  0.00  0.00  -1.00   -1.0        -1.  13.15  444.7 152002.
048 14 04 47 0.88 262.43  13.09  3.03 1718   -1.00    -1.0      -1.  -1.00  -1.00   0.00   0.00    0.00  0.00  0.00  0.00  -1.00   -1.0        -1.  11.07  462.7 198949.
048 14 07 29 0.88 262.43  13.06  3.03 1718   -1.00    -1.0      -1.  -1.00  -1.00   0.00   0.00    0.00  0.00  0.00  0.00  -1.00   -1.0        -1.  13.61  475.3 285413.
048 14 10 11 0.88 262.42  13.03  3.03 1718   -1.00    -1.0      -1.  -1.00  -1.00   0.00   0.00    0.00  0.00  0.00  0.00  -1.00   -1.0        -1.  12.44  462.8 185636.
048 14 12 53 0.88 262.42  13.01  3.03 1718   -1.00    -1.0      -1.  -1.00  -1.00   0.00   0.00    0.00  0.00  0.00  0.00  -1.00   -1.0        -1.  14.23  467.1 159717.
048 14 15 35 0.88 262.42  12.98  3.03 1718   -1.00    -1.0      -1.  -1.00  -1.00   0.00   0.00    0.00  0.00  0.00  0.00  -1.00   -1.0        -1.  14.74  459.8 164115.
048 14 18 17 0.88 262.42  12.96  3.03 1718   -1.00    -1.0      -1.  -1.00  -1.00   0.00   0.00    0.00  0.00  0.00  0.00  -1.00   -1.0        -1.  10.78  464.7 165044.
048 14 20 59 0.88 262.42  12.94  3.03 1718   -1.00    -1.0      -1.  -1.00  -1.00   0.00   0.00    0.00  0.00  0.00  0.00  -1.00   -1.0        -1.   9.12  460.8 133810.
048 14 23 41 0.88 262.42  12.91  3.03 1718   -1.00    -1.0      -1.  -1.00  -1.00   0.00   0.00    0.00  0.00  0.00  0.00  -1.00   -1.0        -1.   9.43  457.6 127983.
048 14 26 23 0.88 262.42  12.88  3.03 1718   -1.00    -1.0      -1.  -1.00  -1.00   0.00   0.00    0.00  0.00  0.00  0.00  -1.00   -1.0        -1.  10.04  460.5 147490.
048 14 29 05 0.88 262.42  12.86  3.03 1718   -1.00    -1.0      -1.  -1.00  -1.00   0.00   0.00    0.00  0.00  0.00  0.00  -1.00   -1.0        -1.  11.11  467.5 149656.
048 14 31 47 0.88 262.42  12.83  3.03 1718   -1.00    -1.0      -1.  -1.00  -1.00   0.00   0.00    0.00  0.00  0.00  0.00  -1.00   -1.0        -1.  15.03  454.7 182862.
048 14 34 29 0.88 262.42  12.81  3.03 1718   -1.00    -1.0      -1.  -1.00  -1.00   0.00   0.00    0.00  0.00  0.00  0.00  -1.00   -1.0        -1.  13.33  450.5 125209.
048 14 37 11 0.88 262.42  12.79  3.03 1718   -1.00    -1.0      -1.  -1.00  -1.00   0.00   0.00    0.00  0.00  0.00  0.00  -1.00   -1.0        -1.  14.84  446.3 165080.
048 14 39 53 0.88 262.42  12.76  3.03 1718   -1.00    -1.0      -1.  -1.00  -1.00   0.00   0.00    0.00  0.00  0.00  0.00  -1.00   -1.0        -1.  12.97  452.6 115005.
048 14 42 35 0.88 262.42  12.73  3.03 1718   -1.00    -1.0      -1.  -1.00  -1.00   0.00   0.00    0.00  0.00  0.00  0.00  -1.00   -1.0        -1.  14.84  446.5  90421.
048 14 45 17 0.88 262.42  12.71  3.03 1718   -1.00    -1.0      -1.  -1.00  -1.00   0.00   0.00    0.00  0.00  0.00  0.00  -1.00   -1.0        -1.  14.59  447.6  91236.
048 14 47 59 0.88 262.42  12.68  3.03 1718   -1.00    -1.0      -1.  -1.00  -1.00   0.00   0.00    0.00  0.00  0.00  0.00  -1.00   -1.0        -1.  13.93  451.9  82680.
048 14 50 41 0.88 262.42  12.66  3.03 1718   -1.00    -1.0      -1.  -1.00  -1.00   0.00   0.00    0.00  0.00  0.00  0.00  -1.00   -1.0        -1.  16.45  447.2  95462.
048 14 53 23 0.88 262.42  12.64  3.03 1718   -1.00    -1.0      -1.  -1.00  -1.00   0.00   0.00    0.00  0.00  0.00  0.00  -1.00   -1.0        -1.  16.90  441.2 104415.
048 14 56 05 0.88 262.42  12.61  3.03 1718   -1.00    -1.0      -1.  -1.00  -1.00   0.00   0.00    0.00  0.00  0.00  0.00  -1.00   -1.0        -1.  15.84  439.8 107797.
048 14 58 47 0.88 262.42  12.58  3.03 1718   -1.00    -1.0      -1.  -1.00  -1.00   0.00   0.00    0.00  0.00  0.00  0.00  -1.00   -1.0        -1.  15.64  440.1 106176.
048 15 01 29 0.88 262.42  12.56  3.03 1718   -1.00    -1.0      -1.  -1.00  -1.00   0.00   0.00    0.00  0.00  0.00  0.00  -1.00   -1.0        -1.  15.56  439.2  85529.
048 15 04 11 0.88 262.42  12.53  3.03 1718   -1.00    -1.0      -1.  -1.00  -1.00   0.00   0.00    0.00  0.00  0.00  0.00  -1.00   -1.0        -1.  18.20  437.9 103886.
048 15 06 53 0.88 262.42  12.51  3.03 1718   -1.00    -1.0      -1.  -1.00  -1.00   0.00   0.00    0.00  0.00  0.00  0.00  -1.00   -1.0        -1.  15.55  437.9  96015.
048 15 09 35 0.88 262.42  12.49  3.03 1718   -1.00    -1.0      -1.  -1.00  -1.00   0.00   0.00    0.00  0.00  0.00  0.00  -1.00   -1.0        -1.  17.22  436.2 102184.
048 15 12 17 0.88 262.42  12.46  3.03 1718   -1.00    -1.0      -1.  -1.00  -1.00   0.00   0.00    0.00  0.00  0.00  0.00  -1.00   -1.0        -1.  14.83  438.9 132596.
048 15 14 59 0.88 262.42  12.43  3.03 1718   -1.00    -1.0      -1.  -1.00  -1.00   0.00   0.00    0.00  0.00  0.00  0.00  -1.00   -1.0        -1.  15.89  446.8 105805.
048 15 17 41 0.88 262.42  12.41  3.03 1718   -1.00    -1.0      -1.  -1.00  -1.00   0.00   0.00    0.00  0.00  0.00  0.00  -1.00   -1.0        -1.  14.50  435.7  77872.
048 15 20 23 0.88 262.42  12.38  3.03 1718   -1.00    -1.0      -1.  -1.00  -1.00   0.00   0.00    0.00  0.00  0.00  0.00  -1.00   -1.0        -1.  15.90  439.9 103938.
048 15 23 05 0.88 262.42  12.36  3.03 1718   -1.00    -1.0      -1.  -1.00  -1.00   0.00   0.00    0.00  0.00  0.00  0.00  -1.00   -1.0        -1.  14.57  437.9  79249.
048 15 25 47 0.88 262.42  12.34  3.03 1718   -1.00    -1.0      -1.  -1.00  -1.00   0.00   0.00    0.00  0.00  0.00  0.00  -1.00   -1.0        -1.  14.39  443.3  93630.
048 15 28 29 0.88 262.42  12.31  3.03 1718   -1.00    -1.0      -1.  -1.00  -1.00   0.00   0.00    0.00  0.00  0.00  0.00  -1.00   -1.0        -1.  15.86  442.1 144664.
048 15 31 11 0.88 262.42  12.28  3.03 1718   -1.00    -1.0      -1.  -1.00  -1.00   0.00   0.00    0.00  0.00  0.00  0.00  -1.00   -1.0        -1.  15.14  449.1 145661.
048 15 33 53 0.88 262.42  12.26  3.03 1718   -1.00    -1.0      -1.  -1.00  -1.00   0.00   0.00    0.00  0.00  0.00  0.00  -1.00   -1.0        -1.  17.91  420.1 199686.
048 15 36 35 0.88 262.42  12.24  3.03 1718   -1.00    -1.0      -1.  -1.00  -1.00   0.00   0.00    0.00  0.00  0.00  0.00  -1.00   -1.0        -1.  17.49  415.3 176336.
048 15 39 17 0.88 262.42  12.21  3.03 1718   -1.00    -1.0      -1.  -1.00  -1.00   0.00   0.00    0.00  0.00  0.00  0.00  -1.00   -1.0        -1.  16.25  426.1 151160.
048 15 41 59 0.88 262.42  12.19  3.03 1718   -1.00    -1.0      -1.  -1.00  -1.00   0.00   0.00    0.00  0.00  0.00  0.00  -1.00   -1.0        -1.  15.41  418.9 153337.
048 15 44 41 0.88 262.42  12.16  3.03 1718   -1.00    -1.0      -1.  -1.00  -1.00   0.00   0.00    0.00  0.00  0.00  0.00  -1.00   -1.0        -1.  14.69  421.3 120336.
048 15 47 23 0.88 262.42  12.13  3.03 1718   -1.00    -1.0      -1.  -1.00  -1.00   0.00   0.00    0.00  0.00  0.00  0.00  -1.00   -1.0        -1.  15.17  428.7 151820.
048 15 50 05 0.88 262.42  12.11  3.03 1718   -1.00    -1.0      -1.  -1.00  -1.00   0.00   0.00    0.00  0.00  0.00  0.00  -1.00   -1.0        -1.  13.54  431.7 153399.
048 15 52 47 0.88 262.42  12.09  3.03 1718   -1.00    -1.0      -1.  -1.00  -1.00   0.00   0.00    0.00  0.00  0.00  0.00  -1.00   -1.0        -1.  14.62  431.6 161737.
048 15 55 29 0.88 262.41  12.06  3.03 1718   -1.00    -1.0      -1.  -1.00  -1.00   0.00   0.00    0.00  0.00  0.00  0.00  -1.00   -1.0        -1.  14.69  431.5 155614.
048 15 58 11 0.88 262.41  12.04  3.03 1718   -1.00    -1.0      -1.  -1.00  -1.00   0.00   0.00    0.00  0.00  0.00  0.00  -1.00   -1.0        -1.  16.06  420.5 150088.
048 16 00 53 0.88 262.41  12.01  3.03 1718   -1.00    -1.0      -1.  -1.00  -1.00   0.00   0.00    0.00  0.00  0.00  0.00  -1.00   -1.0        -1.  16.37  409.4 144105.
048 16 03 35 0.88 262.41  11.98  3.03 1718   -1.00    -1.0      -1.  -1.00  -1.00   0.00   0.00    0.00  0.00  0.00  0.00  -1.00   -1.0        -1.  15.77  407.0 163014.
048 16 06 17 0.88 262.41  11.96  3.03 1718   -1.00    -1.0      -1.  -1.00  -1.00   0.00   0.00    0.00  0.00  0.00  0.00  -1.00   -1.0        -1.  15.66  417.3 154662.
048 16 08 59 0.88 262.41  11.94  3.03 1718   -1.00    -1.0      -1.  -1.00  -1.00   0.00   0.00    0.00  0.00  0.00  0.00  -1.00   -1.0        -1.  15.41  423.3 146317.
048 16 11 41 0.88 262.41  11.91  3.03 1718   -1.00    -1.0      -1.  -1.00  -1.00   0.00   0.00    0.00  0.00  0.00  0.00  -1.00   -1.0        -1.  16.17  415.4 148627.
048 16 14 23 0.88 262.41  11.89  3.03 1718   -1.00    -1.0      -1.  -1.00  -1.00   0.00   0.00    0.00  0.00  0.00  0.00  -1.00   -1.0        -1.  16.45  435.7 226232.
048 16 17 05 0.88 262.41  11.86  3.03 1718   -1.00    -1.0      -1.  -1.00  -1.00   0.00   0.00    0.00  0.00  0.00  0.00  -1.00   -1.0        -1.  15.79  436.3 182281.
048 16 19 47 0.88 262.41  11.83  3.03 1718   -1.00    -1.0      -1.  -1.00  -1.00   0.00   0.00    0.00  0.00  0.00  0.00  -1.00   -1.0        -1.  16.18  447.7 185074.
048 16 22 29 0.88 262.41  11.81  3.03 1718   -1.00    -1.0      -1.  -1.00  -1.00   0.00   0.00    0.00  0.00  0.00  0.00  -1.00   -1.0        -1.  16.36  457.1 227330.
048 16 25 11 0.88 262.41  11.79  3.02 1718   -1.00    -1.0      -1.  -1.00  -1.00   0.00   0.00    0.00  0.00  0.00  0.00  -1.00   -1.0        -1.  13.97  444.9 224520.
048 16 27 53 0.88 262.41  11.76  3.02 1718   -1.00    -1.0      -1.  -1.00  -1.00   0.00   0.00    0.00  0.00  0.00  0.00  -1.00   -1.0        -1.  12.56  446.7 189154.
048 16 30 35 0.88 262.41  11.74  3.02 1718   -1.00    -1.0      -1.  -1.00  -1.00   0.00   0.00    0.00  0.00  0.00  0.00  -1.00   -1.0        -1.  14.43  449.5 213843.
048 16 33 17 0.88 262.41  11.71  3.02 1718   -1.00    -1.0      -1.  -1.00  -1.00   0.00   0.00    0.00  0.00  0.00  0.00  -1.00   -1.0        -1.  14.39  450.5 165135.
048 16 35 59 0.88 262.41  11.68  3.02 1718   -1.00    -1.0      -1.  -1.00  -1.00   0.00   0.00    0.00  0.00  0.00  0.00  -1.00   -1.0        -1.  13.71  458.8 162608.
048 16 38 41 0.88 262.41  11.66  3.02 1718   -1.00    -1.0      -1.  -1.00  -1.00   0.00   0.00    0.00  0.00  0.00  0.00  -1.00   -1.0        -1.  16.33  466.5 255023.
048 16 41 23 0.88 262.41  11.64  3.02 1718   -1.00    -1.0      -1.  -1.00  -1.00   0.00   0.00    0.00  0.00  0.00  0.00  -1.00   -1.0        -1.  12.39  487.7 401025.
048 16 44 05 0.88 262.41  11.61  3.02 1718   -1.00    -1.0      -1.  -1.00  -1.00   0.00   0.00    0.00  0.00  0.00  0.00  -1.00   -1.0        -1.  12.55  465.9 248124.
048 16 46 47 0.88 262.41  11.59  3.02 1718   -1.00    -1.0      -1.  -1.00  -1.00   0.00   0.00    0.00  0.00  0.00  0.00  -1.00   -1.0        -1.  16.71  466.0 296578.
048 16 49 29 0.88 262.41  11.56  3.02 1718   -1.00    -1.0      -1.  -1.00  -1.00   0.00   0.00    0.00  0.00  0.00  0.00  -1.00   -1.0        -1.  15.85  488.7 167731.
048 16 52 11 0.88 262.41  11.54  3.02 1718   -1.00    -1.0      -1.  -1.00  -1.00   0.00   0.00    0.00  0.00  0.00  0.00  -1.00   -1.0        -1.  14.28  486.3 272870.
048 16 54 53 0.88 262.41  11.51  3.02 1718   -1.00    -1.0      -1.  -1.00  -1.00   0.00   0.00    0.00  0.00  0.00  0.00  -1.00   -1.0        -1.  15.08  494.9 266640.
048 16 57 35 0.88 262.41  11.49  3.02 1718   -1.00    -1.0      -1.  -1.00  -1.00   0.00   0.00    0.00  0.00  0.00  0.00  -1.00   -1.0        -1.  12.11  487.2 187121.
048 17 00 17 0.88 262.41  11.46  3.02 1718   -1.00    -1.0      -1.  -1.00  -1.00   0.00   0.00    0.00  0.00  0.00  0.00  -1.00   -1.0        -1.  14.82  498.9 191990.
048 17 02 59 0.88 262.41  11.44  3.02 1718   -1.00    -1.0      -1.  -1.00  -1.00   0.00   0.00    0.00  0.00  0.00  0.00  -1.00   -1.0        -1.  16.44  504.3 165993.
048 17 05 41 0.88 262.41  11.41  3.02 1718   -1.00    -1.0      -1.  -1.00  -1.00   0.00   0.00    0.00  0.00  0.00  0.00  -1.00   -1.0        -1.  18.14  518.9 290441.
048 17 08 23 0.88 262.41  11.39  3.02 1718   -1.00    -1.0      -1.  -1.00  -1.00   0.00   0.00    0.00  0.00  0.00  0.00  -1.00   -1.0        -1.  16.60  515.0 220258.
048 17 11 05 0.88 262.41  11.36  3.02 1718   -1.00    -1.0      -1.  -1.00  -1.00   0.00   0.00    0.00  0.00  0.00  0.00  -1.00   -1.0        -1.  16.19  510.4 194414.
048 17 13 47 0.88 262.41  11.34  3.02 1718   -1.00    -1.0      -1.  -1.00  -1.00   0.00   0.00    0.00  0.00  0.00  0.00  -1.00   -1.0        -1.  16.18  514.0 268099.
048 17 16 29 0.88 262.41  11.31  3.02 1718   -1.00    -1.0      -1.  -1.00  -1.00   0.00   0.00    0.00  0.00  0.00  0.00  -1.00   -1.0        -1.  13.40  503.3 221200.
048 17 19 11 0.88 262.41  11.29  3.02 1718   -1.00    -1.0      -1.  -1.00  -1.00   0.00   0.00    0.00  0.00  0.00  0.00  -1.00   -1.0        -1.  14.96  495.6 232106.
048 17 21 53 0.88 262.41  11.26  3.02 1718   -1.00    -1.0      -1.  -1.00  -1.00   0.00   0.00    0.00  0.00  0.00  0.00  -1.00   -1.0        -1.  13.78  506.2 218079.
048 17 24 35 0.88 262.41  11.24  3.02 1718   -1.00    -1.0      -1.  -1.00  -1.00   0.00   0.00    0.00  0.00  0.00  0.00  -1.00   -1.0        -1.  14.39  520.6 235949.
048 17 27 17 0.88 262.41  11.21  3.02 1718   -1.00    -1.0      -1.  -1.00  -1.00   0.00   0.00    0.00  0.00  0.00  0.00  -1.00   -1.0        -1.  14.00  510.0 237329.
048 17 29 59 0.88 262.41  11.19  3.02 1718   -1.00    -1.0      -1.  -1.00  -1.00   0.00   0.00    0.00  0.00  0.00  0.00  -1.00   -1.0        -1.  15.72  504.4 289421.
048 17 32 41 0.88 262.41  11.16  3.02 1718   -1.00    -1.0      -1.  -1.00  -1.00   0.00   0.00    0.00  0.00  0.00  0.00  -1.00   -1.0        -1.  15.22  486.5 316146.
048 17 35 23 0.88 262.41  11.14  3.02 1718   -1.00    -1.0      -1.  -1.00  -1.00   0.00   0.00    0.00  0.00  0.00  0.00  -1.00   -1.0        -1.  12.95  519.1 478907.
048 17 38 05 0.88 262.40  11.11  3.02 1718   -1.00    -1.0      -1.  -1.00  -1.00   0.00   0.00    0.00  0.00  0.00  0.00  -1.00   -1.0        -1.  13.73  499.9 553190.
048 17 40 47 0.88 262.40  11.09  3.02 1718   -1.00    -1.0      -1.  -1.00  -1.00   0.00   0.00    0.00  0.00  0.00  0.00  -1.00   -1.0        -1.  11.08  510.1 329956.
048 17 43 29 0.88 262.40  11.06  3.02 1718   -1.00    -1.0      -1.  -1.00  -1.00   0.00   0.00    0.00  0.00  0.00  0.00  -1.00   -1.0        -1.   9.04  529.7 337713.
048 17 46 11 0.88 262.40  11.04  3.02 1718   -1.00    -1.0      -1.  -1.00  -1.00   0.00   0.00    0.00  0.00  0.00  0.00  -1.00   -1.0        -1.  11.29  546.8 605925.
048 17 48 53 0.88 262.40  11.01  3.02 1718   -1.00    -1.0      -1.  -1.00  -1.00   0.00   0.00    0.00  0.00  0.00  0.00  -1.00   -1.0        -1.  12.92  539.5 640375.
048 17 51 35 0.88 262.40  10.99  3.02 1718   -1.00    -1.0      -1.  -1.00  -1.00   0.00   0.00    0.00  0.00  0.00  0.00  -1.00   -1.0        -1.  12.59  550.9 431213.
048 17 54 17 0.88 262.40  10.96  3.02 1718   -1.00    -1.0      -1.  -1.00  -1.00   0.00   0.00    0.00  0.00  0.00  0.00  -1.00   -1.0        -1.  12.07  561.1 467898.
048 17 56 59 0.88 262.40  10.94  3.02 1718   -1.00    -1.0      -1.  -1.00  -1.00   0.00   0.00    0.00  0.00  0.00  0.00  -1.00   -1.0        -1.  13.00  543.8 627144.
048 17 59 41 0.88 262.40  10.91  3.02 1718   -1.00    -1.0      -1.  -1.00  -1.00   0.00   0.00    0.00  0.00  0.00  0.00  -1.00   -1.0        -1.  12.96  542.3 548077.
048 18 02 23 0.88 262.40  10.89  3.02 1718   -1.00    -1.0      -1.  -1.00  -1.00   0.00   0.00    0.00  0.00  0.00  0.00  -1.00   -1.0        -1.  11.53  547.3 427296.
048 18 05 05 0.88 262.40  10.86  3.02 1718   -1.00    -1.0      -1.  -1.00  -1.00   0.00   0.00    0.00  0.00  0.00  0.00  -1.00   -1.0        -1.  11.95  546.4 487363.
048 18 07 47 0.88 262.40  10.84  3.02 1718   -1.00    -1.0      -1.  -1.00  -1.00   0.00   0.00    0.00  0.00  0.00  0.00  -1.00   -1.0        -1.  11.57  556.9 535573.
048 18 10 29 0.88 262.40  10.81  3.02 1718   -1.00    -1.0      -1.  -1.00  -1.00   0.00   0.00    0.00  0.00  0.00  0.00  -1.00   -1.0        -1.  11.51  554.3 468863.
048 18 13 11 0.88 262.40  10.79  3.02 1718   -1.00    -1.0      -1.  -1.00  -1.00   0.00   0.00    0.00  0.00  0.00  0.00  -1.00   -1.0        -1.  11.02  573.0 473736.
048 18 15 53 0.88 262.40  10.76  3.02 1718   -1.00    -1.0      -1.  -1.00  -1.00   0.00   0.00    0.00  0.00  0.00  0.00  -1.00   -1.0        -1.  11.15  578.8 624666.
048 18 18 35 0.88 262.40  10.74  3.02 1718   -1.00    -1.0      -1.  -1.00  -1.00   0.00   0.00    0.00  0.00  0.00  0.00  -1.00   -1.0        -1.   8.14  571.2 530743.
048 18 21 17 0.88 262.40  10.71  3.02 1718   -1.00    -1.0      -1.  -1.00  -1.00   0.00   0.00    0.00  0.00  0.00  0.00  -1.00   -1.0        -1.   8.36  603.8 450831.
048 18 23 59 0.88 262.40  10.69  3.02 1718   -1.00    -1.0      -1.  -1.00  -1.00   0.00   0.00    0.00  0.00  0.00  0.00  -1.00   -1.0        -1.   8.17  583.8 385131.
048 18 26 41 0.88 262.40  10.66  3.02 1718   -1.00    -1.0      -1.  -1.00  -1.00   0.00   0.00    0.00  0.00  0.00  0.00  -1.00   -1.0        -1.   5.84  585.0 325372.
048 18 29 23 0.88 262.40  10.64  3.02 1718   -1.00    -1.0      -1.  -1.00  -1.00   0.00   0.00    0.00  0.00  0.00  0.00  -1.00   -1.0        -1.   8.24  563.9 654538.
048 18 32 05 0.88 262.40  10.61  3.02 1718   -1.00    -1.0      -1.  -1.00  -1.00   0.00   0.00    0.00  0.00  0.00  0.00  -1.00   -1.0        -1.   8.08  592.8 329163.
048 18 34 47 0.88 262.40  10.59  3.02 1718   -1.00    -1.0      -1.  -1.00  -1.00   0.00   0.00    0.00  0.00  0.00  0.00  -1.00   -1.0        -1.   9.69  584.7 458497.
048 18 37 29 0.88 262.40  10.56  3.02 1718   -1.00    -1.0      -1.  -1.00  -1.00   0.00   0.00    0.00  0.00  0.00  0.00  -1.00   -1.0        -1.   9.52  595.7 467112.
048 18 40 11 0.88 262.40  10.54  3.02 1718   -1.00    -1.0      -1.  -1.00  -1.00   0.00   0.00    0.00  0.00  0.00  0.00  -1.00   -1.0        -1.  10.59  582.0 478472.
048 18 50 21 0.88 262.40  10.45  3.01 1718   -1.00    -1.0      -1.  -1.00  -1.00   0.00   0.00    0.00  0.00  0.00  0.00  -1.00   -1.0        -1.   9.82  634.9 360319.
048 18 50 29 0.88 262.40  10.44  3.01 1718   -1.00    -1.0      -1.  -1.00  -1.00   0.00   0.00    0.00  0.00  0.00  0.00  -1.00   -1.0        -1.  11.00  638.6 413720.
048 18 50 58 0.88 262.40  10.44  3.01 1718   -1.00    -1.0      -1.  -1.00  -1.00   0.00   0.00    0.00  0.00  0.00  0.00  -1.00   -1.0        -1.  11.53  619.6 477250.
048 18 52 19 0.88 262.40  10.43  3.01 1718   -1.00    -1.0      -1.  -1.00  -1.00   0.00   0.00    0.00  0.00  0.00  0.00  -1.00   -1.0        -1.  11.21  624.9 386901.
048 18 53 40 0.88 262.40  10.41  3.01 1718   -1.00    -1.0      -1.  -1.00  -1.00   0.00   0.00    0.00  0.00  0.00  0.00  -1.00   -1.0        -1.  13.16  645.3 384676.
048 18 55 01 0.88 262.40  10.40  3.01 1718   -1.00    -1.0      -1.  -1.00  -1.00   0.00   0.00    0.00  0.00  0.00  0.00  -1.00   -1.0        -1.  11.00  627.5 643958.
048 18 56 22 0.88 262.40  10.39  3.01 1718   -1.00    -1.0      -1.  -1.00  -1.00   0.00   0.00    0.00  0.00  0.00  0.00  -1.00   -1.0        -1.  11.03  619.8 541167.
048 18 57 43 0.88 262.40  10.38  3.01 1718   -1.00    -1.0      -1.  -1.00  -1.00   0.00   0.00    0.00  0.00  0.00  0.00  -1.00   -1.0        -1.  12.04  615.6 639787.
048 18 59 04 0.88 262.40  10.36  3.01 1718   -1.00    -1.0      -1.  -1.00  -1.00   0.00   0.00    0.00  0.00  0.00  0.00  -1.00   -1.0        -1.  11.01  608.7 463542.
048 19 00 25 0.88 262.40  10.35  3.01 1718   -1.00    -1.0      -1.  -1.00  -1.00   0.00   0.00    0.00  0.00  0.00  0.00  -1.00   -1.0        -1.  10.72  608.1 427283.
048 19 01 46 0.88 262.40  10.34  3.01 1718   -1.00    -1.0      -1.  -1.00  -1.00   0.00   0.00    0.00  0.00  0.00  0.00  -1.00   -1.0        -1.  11.52  618.2 471995.
048 19 03 07 0.88 262.40  10.33  3.01 1718   -1.00    -1.0      -1.  -1.00  -1.00   0.00   0.00    0.00  0.00  0.00  0.00  -1.00   -1.0        -1.  10.89  599.1 431668.
048 19 04 28 0.88 262.40  10.31  3.01 1718   -1.00    -1.0      -1.  -1.00  -1.00   0.00   0.00    0.00  0.00  0.00  0.00  -1.00   -1.0        -1.  10.65  616.3 492587.
048 19 05 49 0.88 262.40  10.30  3.01 1718   -1.00    -1.0      -1.  -1.00  -1.00   0.00   0.00    0.00  0.00  0.00  0.00  -1.00   -1.0        -1.  10.62  616.1 464569.
048 19 07 10 0.88 262.40  10.29  3.01 1718   -1.00    -1.0      -1.  -1.00  -1.00   0.00   0.00    0.00  0.00  0.00  0.00  -1.00   -1.0        -1.  10.62  616.4 448930.
048 19 08 31 0.88 262.40  10.28  3.01 1718   -1.00    -1.0      -1.  -1.00  -1.00   0.00   0.00    0.00  0.00  0.00  0.00  -1.00   -1.0        -1.  10.41  613.2 461911.
048 19 09 52 0.88 262.40  10.26  3.01 1718   -1.00    -1.0      -1.  -1.00  -1.00   0.00   0.00    0.00  0.00  0.00  0.00  -1.00   -1.0        -1.  11.22  623.7 497813.
048 19 11 13 0.88 262.40  10.25  3.01 1718   -1.00    -1.0      -1.  -1.00  -1.00   0.00   0.00    0.00  0.00  0.00  0.00  -1.00   -1.0        -1.  11.45  618.1 643650.
048 19 12 34 0.88 262.40  10.24  3.01 1718   -1.00    -1.0      -1.  -1.00  -1.00   0.00   0.00    0.00  0.00  0.00  0.00  -1.00   -1.0        -1.  10.23  620.3 510170.
048 19 13 55 0.88 262.40  10.23  3.01 1718   -1.00    -1.0      -1.  -1.00  -1.00   0.00   0.00    0.00  0.00  0.00  0.00  -1.00   -1.0        -1.  12.13  617.4 637962.
048 19 15 16 0.88 262.40  10.21  3.01 1718   -1.00    -1.0      -1.  -1.00  -1.00   0.00   0.00    0.00  0.00  0.00  0.00  -1.00   -1.0        -1.  11.65  611.6 596839.
048 19 16 37 0.88 262.40  10.20  3.01 1718   -1.00    -1.0      -1.  -1.00  -1.00   0.00   0.00    0.00  0.00  0.00  0.00  -1.00   -1.0        -1.  10.25  644.8 507825.
048 19 17 58 0.88 262.40  10.19  3.01 1718   -1.00    -1.0      -1.  -1.00  -1.00   0.00   0.00    0.00  0.00  0.00  0.00  -1.00   -1.0        -1.  10.93  630.7 497141.
048 19 19 19 0.88 262.40  10.18  3.01 1718   -1.00    -1.0      -1.  -1.00  -1.00   0.00   0.00    0.00  0.00  0.00  0.00  -1.00   -1.0        -1.  10.32  627.2 370753.
048 19 20 40 0.88 262.40  10.16  3.01 1718   -1.00    -1.0      -1.  -1.00  -1.00   0.00   0.00    0.00  0.00  0.00  0.00  -1.00   -1.0        -1.  11.70  646.0 367485.
048 19 22 01 0.88 262.40  10.15  3.01 1718   -1.00    -1.0      -1.  -1.00  -1.00   0.00   0.00    0.00  0.00  0.00  0.00  -1.00   -1.0        -1.  10.59  625.6 397556.
048 19 23 22 0.88 262.39  10.14  3.01 1718   -1.00    -1.0      -1.  -1.00  -1.00   0.00   0.00    0.00  0.00  0.00  0.00  -1.00   -1.0        -1.  10.94  641.8 498521.
048 19 24 43 0.88 262.39  10.13  3.01 1718   -1.00    -1.0      -1.  -1.00  -1.00   0.00   0.00    0.00  0.00  0.00  0.00  -1.00   -1.0        -1.  11.64  626.9 588029.
048 19 26 04 0.88 262.39  10.11  3.01 1718   -1.00    -1.0      -1.  -1.00  -1.00   0.00   0.00    0.00  0.00  0.00  0.00  -1.00   -1.0        -1.  11.42  631.7 483296.
048 19 27 25 0.88 262.39  10.10  3.01 1718   -1.00    -1.0      -1.  -1.00  -1.00   0.00   0.00    0.00  0.00  0.00  0.00  -1.00   -1.0        -1.  12.11  627.7 596157.
048 19 28 46 0.88 262.39  10.09  3.01 1718   -1.00    -1.0      -1.  -1.00  -1.00   0.00   0.00    0.00  0.00  0.00  0.00  -1.00   -1.0        -1.  11.67  614.7 546586.
048 19 30 07 0.88 262.39  10.08  3.01 1718   -1.00    -1.0      -1.  -1.00  -1.00   0.00   0.00    0.00  0.00  0.00  0.00  -1.00   -1.0        -1.  11.60  619.8 588536.
048 19 31 28 0.88 262.39  10.07  3.01 1718   -1.00    -1.0      -1.  -1.00  -1.00   0.00   0.00    0.00  0.00  0.00  0.00  -1.00   -1.0        -1.  10.91  625.1 439620.
048 19 32 49 0.88 262.39  10.05  3.01 1718   -1.00    -1.0      -1.  -1.00  -1.00   0.00   0.00    0.00  0.00  0.00  0.00  -1.00   -1.0        -1.  12.54  616.2 467733.
048 19 34 10 0.88 262.39  10.04  3.01 1718   -1.00    -1.0      -1.  -1.00  -1.00   0.00   0.00    0.00  0.00  0.00  0.00  -1.00   -1.0        -1.  12.82  626.0 498996.
048 19 35 31 0.88 262.39  10.03  3.01 1718   -1.00    -1.0      -1.  -1.00  -1.00   0.00   0.00    0.00  0.00  0.00  0.00  -1.00   -1.0        -1.  11.42  620.2 389136.
048 19 36 52 0.88 262.39  10.01  3.01 1718   -1.00    -1.0      -1.  -1.00  -1.00   0.00   0.00    0.00  0.00  0.00  0.00  -1.00   -1.0        -1.  12.46  614.4 624425.
048 19 38 13 0.88 262.39  10.00  3.01 1718   -1.00    -1.0      -1.  -1.00  -1.00   0.00   0.00    0.00  0.00  0.00  0.00  -1.00   -1.0        -1.  14.42  625.5 653609.
048 19 39 34 0.88 262.39   9.99  3.01 1718   -1.00    -1.0      -1.  -1.00  -1.00   0.00   0.00    0.00  0.00  0.00  0.00  -1.00   -1.0        -1.  12.93  612.8 520968.
048 19 40 55 0.88 262.39   9.98  3.01 1718   -1.00    -1.0      -1.  -1.00  -1.00   0.00   0.00    0.00  0.00  0.00  0.00  -1.00   -1.0        -1.  14.13  654.2 385777.
048 19 42 16 0.88 262.39   9.96  3.01 1718   -1.00    -1.0      -1.  -1.00  -1.00   0.00   0.00    0.00  0.00  0.00  0.00  -1.00   -1.0        -1.  13.68  634.0 427919.
048 19 43 37 0.88 262.39   9.95  3.01 1718   -1.00    -1.0      -1.  -1.00  -1.00   0.00   0.00    0.00  0.00  0.00  0.00  -1.00   -1.0        -1.  14.18  616.3 459101.
048 19 44 58 0.88 262.39   9.94  3.01 1718   -1.00    -1.0      -1.  -1.00  -1.00   0.00   0.00    0.00  0.00  0.00  0.00  -1.00   -1.0        -1.  12.66  626.2 455002.
048 19 46 19 0.88 262.39   9.93  3.01 1718   -1.00    -1.0      -1.  -1.00  -1.00   0.00   0.00    0.00  0.00  0.00  0.00  -1.00   -1.0        -1.  13.62  633.3 505259.
048 19 47 40 0.88 262.39   9.92  3.01 1718   -1.00    -1.0      -1.  -1.00  -1.00   0.00   0.00    0.00  0.00  0.00  0.00  -1.00   -1.0        -1.  14.29  623.9 494048.
048 19 49 01 0.88 262.39   9.90  3.01 1718   -1.00    -1.0      -1.  -1.00  -1.00   0.00   0.00    0.00  0.00  0.00  0.00  -1.00   -1.0        -1.  11.79  620.0 404625.
048 19 50 22 0.88 262.39   9.89  3.01 1718   -1.00    -1.0      -1.  -1.00  -1.00   0.00   0.00    0.00  0.00  0.00  0.00  -1.00   -1.0        -1.  13.66  608.2 510622.
048 19 51 43 0.88 262.39   9.88  3.01 1718   -1.00    -1.0      -1.  -1.00  -1.00   0.00   0.00    0.00  0.00  0.00  0.00  -1.00   -1.0        -1.  16.36  620.1 597603.
048 19 53 04 0.88 262.39   9.86  3.01 1718   -1.00    -1.0      -1.  -1.00  -1.00   0.00   0.00    0.00  0.00  0.00  0.00  -1.00   -1.0        -1.  13.32  634.3 492307.
048 19 54 25 0.88 262.39   9.85  3.01 1718   -1.00    -1.0      -1.  -1.00  -1.00   0.00   0.00    0.00  0.00  0.00  0.00  -1.00   -1.0        -1.  11.97  644.1 436759.
048 19 55 46 0.88 262.39   9.84  3.01 1718   -1.00    -1.0      -1.  -1.00  -1.00   0.00   0.00    0.00  0.00  0.00  0.00  -1.00   -1.0        -1.  13.65  669.4 470542.
048 19 57 07 0.88 262.39   9.83  3.01 1718   -1.00    -1.0      -1.  -1.00  -1.00   0.00   0.00    0.00  0.00  0.00  0.00  -1.00   -1.0        -1.  14.87  610.4 576377.
048 19 58 28 0.88 262.39   9.81  3.01 1718   -1.00    -1.0      -1.  -1.00  -1.00   0.00   0.00    0.00  0.00  0.00  0.00  -1.00   -1.0        -1.  15.42  620.6 450301.
048 19 59 49 0.88 262.39   9.80  3.01 1718   -1.00    -1.0      -1.  -1.00  -1.00   0.00   0.00    0.00  0.00  0.00  0.00  -1.00   -1.0        -1.  16.04  613.0 447842.
048 20 01 10 0.88 262.39   9.79  3.01 1718   -1.00    -1.0      -1.  -1.00  -1.00   0.00   0.00    0.00  0.00  0.00  0.00  -1.00   -1.0        -1.  15.81  650.5 414714.
048 20 02 31 0.88 262.39   9.78  3.01 1718   -1.00    -1.0      -1.  -1.00  -1.00   0.00   0.00    0.00  0.00  0.00  0.00  -1.00   -1.0        -1.  14.79  615.0 606409.
048 20 03 52 0.88 262.39   9.77  3.01 1718   -1.00    -1.0      -1.  -1.00  -1.00   0.00   0.00    0.00  0.00  0.00  0.00  -1.00   -1.0        -1.  11.69  627.3 450831.
048 20 05 13 0.88 262.39   9.75  3.01 1718   -1.00    -1.0      -1.  -1.00  -1.00   0.00   0.00    0.00  0.00  0.00  0.00  -1.00   -1.0        -1.  14.42  606.1 469795.
048 20 06 34 0.88 262.39   9.74  3.01 1718   -1.00    -1.0      -1.  -1.00  -1.00   0.00   0.00    0.00  0.00  0.00  0.00  -1.00   -1.0        -1.  14.38  605.7 532991.
048 20 07 55 0.88 262.39   9.73  3.01 1718   -1.00    -1.0      -1.  -1.00  -1.00   0.00   0.00    0.00  0.00  0.00  0.00  -1.00   -1.0        -1.  14.65  601.4 448450.
048 20 09 16 0.88 262.39   9.71  3.01 1718   -1.00    -1.0      -1.  -1.00  -1.00   0.00   0.00    0.00  0.00  0.00  0.00  -1.00   -1.0        -1.  15.07  621.1 506123.
048 20 10 37 0.88 262.39   9.70  3.01 1718   -1.00    -1.0      -1.  -1.00  -1.00   0.00   0.00    0.00  0.00  0.00  0.00  -1.00   -1.0        -1.  15.29  627.1 564277.
048 20 11 58 0.88 262.39   9.69  3.01 1718   -1.00    -1.0      -1.  -1.00  -1.00   0.00   0.00    0.00  0.00  0.00  0.00  -1.00   -1.0        -1.  14.14  611.7 569851.
048 20 13 19 0.88 262.39   9.68  3.01 1718   -1.00    -1.0      -1.  -1.00  -1.00   0.00   0.00    0.00  0.00  0.00  0.00  -1.00   -1.0        -1.  15.72  622.6 578781.
048 20 14 40 0.88 262.39   9.66  3.01 1718   -1.00    -1.0      -1.  -1.00  -1.00   0.00   0.00    0.00  0.00  0.00  0.00  -1.00   -1.0        -1.  13.11  637.8 529567.
048 20 16 01 0.88 262.39   9.65  3.01 1718   -1.00    -1.0      -1.  -1.00  -1.00   0.00   0.00    0.00  0.00  0.00  0.00  -1.00   -1.0        -1.  13.59  636.2 571608.
048 20 17 22 0.88 262.39   9.64  3.01 1718   -1.00    -1.0      -1.  -1.00  -1.00   0.00   0.00    0.00  0.00  0.00  0.00  -1.00   -1.0        -1.  14.30  625.3 523284.
048 20 18 43 0.88 262.39   9.63  3.01 1718   -1.00    -1.0      -1.  -1.00  -1.00   0.00   0.00    0.00  0.00  0.00  0.00  -1.00   -1.0        -1.  14.91  652.8 508598.
048 20 20 04 0.88 262.39   9.62  3.01 1718   -1.00    -1.0      -1.  -1.00  -1.00   0.00   0.00    0.00  0.00  0.00  0.00  -1.00   -1.0        -1.  13.60  661.8 552901.
048 20 21 25 0.88 262.39   9.60  3.01 1718   -1.00    -1.0      -1.  -1.00  -1.00   0.00   0.00    0.00  0.00  0.00  0.00  -1.00   -1.0        -1.  13.33  648.7 581877.
048 20 22 46 0.88 262.39   9.59  3.01 1718   -1.00    -1.0      -1.  -1.00  -1.00   0.00   0.00    0.00  0.00  0.00  0.00  -1.00   -1.0        -1.  13.88  661.7 562487.
048 20 24 07 0.88 262.39   9.58  3.01 1718   -1.00    -1.0      -1.  -1.00  -1.00   0.00   0.00    0.00  0.00  0.00  0.00  -1.00   -1.0        -1.  14.20  656.4 510040.
048 20 25 28 0.88 262.39   9.56  3.01 1718   -1.00    -1.0      -1.  -1.00  -1.00   0.00   0.00    0.00  0.00  0.00  0.00  -1.00   -1.0        -1.  14.87  663.9 554307.
048 20 26 49 0.88 262.39   9.55  3.01 1718   -1.00    -1.0      -1.  -1.00  -1.00   0.00   0.00    0.00  0.00  0.00  0.00  -1.00   -1.0        -1.  15.44  655.6 513724.
048 20 28 10 0.88 262.39   9.54  3.01 1718   -1.00    -1.0      -1.  -1.00  -1.00   0.00   0.00    0.00  0.00  0.00  0.00  -1.00   -1.0        -1.  15.09  658.0 562692.
048 20 29 31 0.88 262.39   9.53  3.01 1718   -1.00    -1.0      -1.  -1.00  -1.00   0.00   0.00    0.00  0.00  0.00  0.00  -1.00   -1.0        -1.  15.14  653.8 537574.
048 20 30 52 0.88 262.39   9.51  3.01 1718   -1.00    -1.0      -1.  -1.00  -1.00   0.00   0.00    0.00  0.00  0.00  0.00  -1.00   -1.0        -1.  15.96  670.5 513883.
048 20 32 13 0.88 262.39   9.50  3.01 1718   -1.00    -1.0      -1.  -1.00  -1.00   0.00   0.00    0.00  0.00  0.00  0.00  -1.00   -1.0        -1.  15.97  659.3 562510.
048 20 33 34 0.88 262.39   9.49  3.01 1718   -1.00    -1.0      -1.  -1.00  -1.00   0.00   0.00    0.00  0.00  0.00  0.00  -1.00   -1.0        -1.  15.32  649.1 614748.
048 20 34 55 0.88 262.39   9.48  3.01 1718   -1.00    -1.0      -1.  -1.00  -1.00   0.00   0.00    0.00  0.00  0.00  0.00  -1.00   -1.0        -1.  13.55  670.6 504525.
048 20 36 16 0.88 262.39   9.47  3.01 1718   -1.00    -1.0      -1.  -1.00  -1.00   0.00   0.00    0.00  0.00  0.00  0.00  -1.00   -1.0        -1.  15.99  671.5 600159.
048 20 37 37 0.88 262.39   9.45  3.01 1718   -1.00    -1.0      -1.  -1.00  -1.00   0.00   0.00    0.00  0.00  0.00  0.00  -1.00   -1.0        -1.  13.67  676.5 734278.
048 20 38 58 0.88 262.39   9.44  3.01 1718   -1.00    -1.0      -1.  -1.00  -1.00   0.00   0.00    0.00  0.00  0.00  0.00  -1.00   -1.0        -1.  14.20  664.8 589569.
048 20 40 19 0.88 262.39   9.43  3.01 1718   -1.00    -1.0      -1.  -1.00  -1.00   0.00   0.00    0.00  0.00  0.00  0.00  -1.00   -1.0        -1.  14.91  663.3 549490.
048 20 41 40 0.88 262.39   9.41  3.01 1718   -1.00    -1.0      -1.  -1.00  -1.00   0.00   0.00    0.00  0.00  0.00  0.00  -1.00   -1.0        -1.  14.18  670.9 623870.
048 20 43 01 0.88 262.39   9.40  3.01 1718   -1.00    -1.0      -1.  -1.00  -1.00   0.00   0.00    0.00  0.00  0.00  0.00  -1.00   -1.0        -1.  15.36  660.2 610587.
048 20 44 22 0.88 262.39   9.39  3.01 1718   -1.00    -1.0      -1.  -1.00  -1.00   0.00   0.00    0.00  0.00  0.00  0.00  -1.00   -1.0        -1.  16.06  662.2 677092.
048 20 45 43 0.88 262.39   9.38  3.01 1718   -1.00    -1.0      -1.  -1.00  -1.00   0.00   0.00    0.00  0.00  0.00  0.00  -1.00   -1.0        -1.  15.31  670.2 567243.
048 20 47 04 0.88 262.39   9.36  3.01 1718   -1.00    -1.0      -1.  -1.00  -1.00   0.00   0.00    0.00  0.00  0.00  0.00  -1.00   -1.0        -1.  15.62  677.7 577293.
048 20 48 25 0.88 262.39   9.35  3.01 1718   -1.00    -1.0      -1.  -1.00  -1.00   0.00   0.00    0.00  0.00  0.00  0.00  -1.00   -1.0        -1.  14.80  681.9 624328.
048 20 49 46 0.88 262.39   9.34  3.01 1718   -1.00    -1.0      -1.  -1.00  -1.00   0.00   0.00    0.00  0.00  0.00  0.00  -1.00   -1.0        -1.  14.84  672.6 547703.
048 20 51 07 0.88 262.39   9.33  3.01 1718   -1.00    -1.0      -1.  -1.00  -1.00   0.00   0.00    0.00  0.00  0.00  0.00  -1.00   -1.0        -1.  14.72  677.6 472469.
048 20 52 28 0.88 262.39   9.32  3.01 1718   -1.00    -1.0      -1.  -1.00  -1.00   0.00   0.00    0.00  0.00  0.00  0.00  -1.00   -1.0        -1.  14.89  675.7 531090.
048 20 53 49 0.88 262.39   9.30  3.01 1718   -1.00    -1.0      -1.  -1.00  -1.00   0.00   0.00    0.00  0.00  0.00  0.00  -1.00   -1.0        -1.  15.40  676.7 656400.
048 20 55 10 0.88 262.39   9.29  3.01 1718   -1.00    -1.0      -1.  -1.00  -1.00   0.00   0.00    0.00  0.00  0.00  0.00  -1.00   -1.0        -1.  13.93  676.7 538594.
048 20 56 31 0.88 262.39   9.28  3.01 1718   -1.00    -1.0      -1.  -1.00  -1.00   0.00   0.00    0.00  0.00  0.00  0.00  -1.00   -1.0        -1.  14.97  708.4 553329.
048 20 57 52 0.88 262.39   9.26  3.01 1718   -1.00    -1.0      -1.  -1.00  -1.00   0.00   0.00    0.00  0.00  0.00  0.00  -1.00   -1.0        -1.  15.80  686.8 519753.
048 20 59 13 0.88 262.39   9.25  3.01 1718   -1.00    -1.0      -1.  -1.00  -1.00   0.00   0.00    0.00  0.00  0.00  0.00  -1.00   -1.0        -1.  15.34  691.6 568402.
048 21 00 34 0.88 262.39   9.24  3.01 1718   -1.00    -1.0      -1.  -1.00  -1.00   0.00   0.00    0.00  0.00  0.00  0.00  -1.00   -1.0        -1.  14.77  680.7 568035.
048 21 01 55 0.88 262.39   9.23  3.01 1718   -1.00    -1.0      -1.  -1.00  -1.00   0.00   0.00    0.00  0.00  0.00  0.00  -1.00   -1.0        -1.  14.41  678.3 464718.
048 21 03 16 0.88 262.39   9.22  3.01 1718   -1.00    -1.0      -1.  -1.00  -1.00   0.00   0.00    0.00  0.00  0.00  0.00  -1.00   -1.0        -1.  15.70  674.4 548925.
048 21 04 37 0.88 262.39   9.20  3.01 1718   -1.00    -1.0      -1.  -1.00  -1.00   0.00   0.00    0.00  0.00  0.00  0.00  -1.00   -1.0        -1.  15.98  673.7 483075.
048 21 05 58 0.88 262.39   9.19  3.01 1718   -1.00    -1.0      -1.  -1.00  -1.00   0.00   0.00    0.00  0.00  0.00  0.00  -1.00   -1.0        -1.  16.78  658.2 639849.
048 21 07 19 0.88 262.38   9.18  3.01 1718   -1.00    -1.0      -1.  -1.00  -1.00   0.00   0.00    0.00  0.00  0.00  0.00  -1.00   -1.0        -1.  16.31  670.1 558413.
048 21 08 40 0.88 262.38   9.17  3.01 1718   -1.00    -1.0      -1.  -1.00  -1.00   0.00   0.00    0.00  0.00  0.00  0.00  -1.00   -1.0        -1.  16.48  672.2 597353.
048 21 10 01 0.88 262.38   9.15  3.01 1718   -1.00    -1.0      -1.  -1.00  -1.00   0.00   0.00    0.00  0.00  0.00  0.00  -1.00   -1.0        -1.  17.11  663.9 586841.
048 21 11 22 0.88 262.38   9.14  3.01 1718   -1.00    -1.0      -1.  -1.00  -1.00   0.00   0.00    0.00  0.00  0.00  0.00  -1.00   -1.0        -1.  18.03  675.4 570731.
048 21 12 43 0.88 262.38   9.13  3.01 1718   -1.00    -1.0      -1.  -1.00  -1.00   0.00   0.00    0.00  0.00  0.00  0.00  -1.00   -1.0        -1.  16.41  677.6 505912.
048 21 14 04 0.88 262.38   9.11  3.00 1718   -1.00    -1.0      -1.  -1.00  -1.00   0.00   0.00    0.00  0.00  0.00  0.00  -1.00   -1.0        -1.  17.20  713.6 521936.
048 21 15 25 0.88 262.38   9.10  3.00 1718   -1.00    -1.0      -1.  -1.00  -1.00   0.00   0.00    0.00  0.00  0.00  0.00  -1.00   -1.0        -1.  17.08  670.5 516700.
048 21 16 46 0.88 262.38   9.09  3.00 1718   -1.00    -1.0      -1.  -1.00  -1.00   0.00   0.00    0.00  0.00  0.00  0.00  -1.00   -1.0        -1.  17.42  674.2 537292.
048 21 18 07 0.88 262.38   9.08  3.00 1718   -1.00    -1.0      -1.  -1.00  -1.00   0.00   0.00    0.00  0.00  0.00  0.00  -1.00   -1.0        -1.  16.52  683.9 451926.
048 21 19 28 0.88 262.38   9.07  3.00 1718   -1.00    -1.0      -1.  -1.00  -1.00   0.00   0.00    0.00  0.00  0.00  0.00  -1.00   -1.0        -1.  16.50  672.3 560096.
048 21 20 49 0.88 262.38   9.05  3.00 1718   -1.00    -1.0      -1.  -1.00  -1.00   0.00   0.00    0.00  0.00  0.00  0.00  -1.00   -1.0        -1.  15.46  669.6 470705.
048 21 22 10 0.88 262.38   9.04  3.00 1718   -1.00    -1.0      -1.  -1.00  -1.00   0.00   0.00    0.00  0.00  0.00  0.00  -1.00   -1.0        -1.  16.55  694.5 436801.
048 21 23 31 0.88 262.38   9.03  3.00 1718   -1.00    -1.0      -1.  -1.00  -1.00   0.00   0.00    0.00  0.00  0.00  0.00  -1.00   -1.0        -1.  16.39  684.3 462840.
048 21 24 52 0.88 262.38   9.02  3.00 1718   -1.00    -1.0      -1.  -1.00  -1.00   0.00   0.00    0.00  0.00  0.00  0.00  -1.00   -1.0        -1.  15.50  677.6 552300.
048 21 26 13 0.88 262.38   9.00  3.00 1718   -1.00    -1.0      -1.  -1.00  -1.00   0.00   0.00    0.00  0.00  0.00  0.00  -1.00   -1.0        -1.  15.46  681.4 449431.
048 21 27 34 0.88 262.38   8.99  3.00 1718   -1.00    -1.0      -1.  -1.00  -1.00   0.00   0.00    0.00  0.00  0.00  0.00  -1.00   -1.0        -1.  15.82  684.9 548444.
048 21 28 55 0.88 262.38   8.98  3.00 1718   -1.00    -1.0      -1.  -1.00  -1.00   0.00   0.00    0.00  0.00  0.00  0.00  -1.00   -1.0        -1.  16.61  703.5 543922.
048 21 30 16 0.88 262.38   8.96  3.00 1718   -1.00    -1.0      -1.  -1.00  -1.00   0.00   0.00    0.00  0.00  0.00  0.00  -1.00   -1.0        -1.  15.31  674.5 551231.
048 21 31 37 0.88 262.38   8.95  3.00 1718   -1.00    -1.0      -1.  -1.00  -1.00   0.00   0.00    0.00  0.00  0.00  0.00  -1.00   -1.0        -1.  16.15  668.8 512402.
048 21 32 58 0.88 262.38   8.94  3.00 1718   -1.00    -1.0      -1.  -1.00  -1.00   0.00   0.00    0.00  0.00  0.00  0.00  -1.00   -1.0        -1.  16.15  672.8 546946.
048 21 34 19 0.88 262.38   8.93  3.00 1718   -1.00    -1.0      -1.  -1.00  -1.00   0.00   0.00    0.00  0.00  0.00  0.00  -1.00   -1.0        -1.  15.80  682.5 480408.
048 21 35 40 0.88 262.38   8.92  3.00 1718   -1.00    -1.0      -1.  -1.00  -1.00   0.00   0.00    0.00  0.00  0.00  0.00  -1.00   -1.0        -1.  15.90  668.8 536590.
048 21 37 01 0.88 262.38   8.90  3.00 1718   -1.00    -1.0      -1.  -1.00  -1.00   0.00   0.00    0.00  0.00  0.00  0.00  -1.00   -1.0        -1.  16.07  658.7 510713.
048 21 38 22 0.88 262.38   8.89  3.00 1718   -1.00    -1.0      -1.  -1.00  -1.00   0.00   0.00    0.00  0.00  0.00  0.00  -1.00   -1.0        -1.  17.05  667.0 526072.
048 21 39 43 0.88 262.38   8.88  3.00 1718   -1.00    -1.0      -1.  -1.00  -1.00   0.00   0.00    0.00  0.00  0.00  0.00  -1.00   -1.0        -1.  15.42  674.0 453657.
048 21 41 04 0.88 262.38   8.87  3.00 1718   -1.00    -1.0      -1.  -1.00  -1.00   0.00   0.00    0.00  0.00  0.00  0.00  -1.00   -1.0        -1.  16.82  647.7 506578.
048 21 42 25 0.88 262.38   8.85  3.00 1718   -1.00    -1.0      -1.  -1.00  -1.00   0.00   0.00    0.00  0.00  0.00  0.00  -1.00   -1.0        -1.  16.98  642.7 575023.
048 21 43 46 0.88 262.38   8.84  3.00 1718   -1.00    -1.0      -1.  -1.00  -1.00   0.00   0.00    0.00  0.00  0.00  0.00  -1.00   -1.0        -1.  16.26  654.3 439442.
048 21 45 07 0.88 262.38   8.83  3.00 1718   -1.00    -1.0      -1.  -1.00  -1.00   0.00   0.00    0.00  0.00  0.00  0.00  -1.00   -1.0        -1.  16.18  660.9 492102.
048 21 46 28 0.88 262.38   8.81  3.00 1718   -1.00    -1.0      -1.  -1.00  -1.00   0.00   0.00    0.00  0.00  0.00  0.00  -1.00   -1.0        -1.  17.25  664.0 532724.
048 21 47 49 0.88 262.38   8.80  3.00 1718   -1.00    -1.0      -1.  -1.00  -1.00   0.00   0.00    0.00  0.00  0.00  0.00  -1.00   -1.0        -1.  17.17  662.3 510849.
048 21 49 10 0.88 262.38   8.79  3.00 1718   -1.00    -1.0      -1.  -1.00  -1.00   0.00   0.00    0.00  0.00  0.00  0.00  -1.00   -1.0        -1.  16.67  631.1 520075.
048 21 50 31 0.88 262.38   8.78  3.00 1718   -1.00    -1.0      -1.  -1.00  -1.00   0.00   0.00    0.00  0.00  0.00  0.00  -1.00   -1.0        -1.  15.80  623.2 466576.
048 21 51 52 0.88 262.38   8.77  3.00 1718   -1.00    -1.0      -1.  -1.00  -1.00   0.00   0.00    0.00  0.00  0.00  0.00  -1.00   -1.0        -1.  17.97  666.6 543587.
048 21 53 11 0.88 262.38   8.76  3.00 1718   -1.00    -1.0      -1.  -1.00  -1.00   0.00   0.00    0.00  0.00  0.00  0.00  -1.00   -1.0        -1.  17.15  655.9 504713.
048 21 54 32 0.88 262.38   8.74  3.00 1718   -1.00    -1.0      -1.  -1.00  -1.00   0.00   0.00    0.00  0.00  0.00  0.00  -1.00   -1.0        -1.  17.02  647.0 519510.
048 21 58 35 0.88 262.38   8.70  3.00 1718   -1.00    -1.0      -1.  -1.00  -1.00   0.00   0.00    0.00  0.00  0.00  0.00  -1.00   -1.0        -1.  15.05  644.6 565683.
048 21 59 56 0.88 262.38   8.69  3.00 1718   -1.00    -1.0      -1.  -1.00  -1.00   0.00   0.00    0.00  0.00  0.00  0.00  -1.00   -1.0        -1.  13.54  664.8 402520.
048 22 01 17 0.88 262.38   8.68  3.00 1718   -1.00    -1.0      -1.  -1.00  -1.00   0.00   0.00    0.00  0.00  0.00  0.00  -1.00   -1.0        -1.  14.03  657.2 550786.
048 22 02 38 0.88 262.38   8.67  3.00 1718   -1.00    -1.0      -1.  -1.00  -1.00   0.00   0.00    0.00  0.00  0.00  0.00  -1.00   -1.0        -1.  13.36  656.2 445844.
048 22 04 01 0.88 262.38   8.65  3.00 1718   -1.00    -1.0      -1.  -1.00  -1.00   0.00   0.00    0.00  0.00  0.00  0.00  -1.00   -1.0        -1.  13.52  652.2 511720.
048 22 05 22 0.88 262.38   8.64  3.00 1718   -1.00    -1.0      -1.  -1.00  -1.00   0.00   0.00    0.00  0.00  0.00  0.00  -1.00   -1.0        -1.  12.22  655.3 425704.
048 22 06 43 0.88 262.38   8.63  3.00 1718   -1.00    -1.0      -1.  -1.00  -1.00   0.00   0.00    0.00  0.00  0.00  0.00  -1.00   -1.0        -1.  13.22  659.6 520942.
048 22 08 04 0.88 262.38   8.62  3.00 1718   -1.00    -1.0      -1.  -1.00  -1.00   0.00   0.00    0.00  0.00  0.00  0.00  -1.00   -1.0        -1.  12.63  667.0 473177.
048 22 09 25 0.88 262.38   8.61  3.00 1718   -1.00    -1.0      -1.  -1.00  -1.00   0.00   0.00    0.00  0.00  0.00  0.00  -1.00   -1.0        -1.  12.79  663.3 495510.
048 22 10 46 0.88 262.38   8.59  3.00 1718   -1.00    -1.0      -1.  -1.00  -1.00   0.00   0.00    0.00  0.00  0.00  0.00  -1.00   -1.0        -1.  12.17  655.5 419142.
048 22 12 07 0.88 262.38   8.58  3.00 1718   -1.00    -1.0      -1.  -1.00  -1.00   0.00   0.00    0.00  0.00  0.00  0.00  -1.00   -1.0        -1.  12.82  656.1 489861.
048 22 13 28 0.88 262.38   8.57  3.00 1718   -1.00    -1.0      -1.  -1.00  -1.00   0.00   0.00    0.00  0.00  0.00  0.00  -1.00   -1.0        -1.  10.77  664.6 380193.
048 22 14 49 0.88 262.38   8.55  3.00 1718   -1.00    -1.0      -1.  -1.00  -1.00   0.00   0.00    0.00  0.00  0.00  0.00  -1.00   -1.0        -1.  11.16  673.3 443116.
048 22 16 10 0.88 262.38   8.54  3.00 1718   -1.00    -1.0      -1.  -1.00  -1.00   0.00   0.00    0.00  0.00  0.00  0.00  -1.00   -1.0        -1.  10.71  661.1 407769.
048 22 17 31 0.88 262.38   8.53  3.00 1718   -1.00    -1.0      -1.  -1.00  -1.00   0.00   0.00    0.00  0.00  0.00  0.00  -1.00   -1.0        -1.  10.47  668.9 408429.
048 22 18 52 0.88 262.38   8.51  3.00 1718   -1.00    -1.0      -1.  -1.00  -1.00   0.00   0.00    0.00  0.00  0.00  0.00  -1.00   -1.0        -1.  10.41  662.6 400197.
048 22 20 13 0.88 262.38   8.50  3.00 1718   -1.00    -1.0      -1.  -1.00  -1.00   0.00   0.00    0.00  0.00  0.00  0.00  -1.00   -1.0        -1.   9.97  667.7 392768.
048 22 21 34 0.88 262.38   8.49  3.00 1718   -1.00    -1.0      -1.  -1.00  -1.00   0.00   0.00    0.00  0.00  0.00  0.00  -1.00   -1.0        -1.  10.51  655.6 438552.
048 22 22 55 0.88 262.38   8.48  3.00 1718   -1.00    -1.0      -1.  -1.00  -1.00   0.00   0.00    0.00  0.00  0.00  0.00  -1.00   -1.0        -1.  10.53  666.4 423836.
048 22 24 16 0.88 262.38   8.47  3.00 1718   -1.00    -1.0      -1.  -1.00  -1.00   0.00   0.00    0.00  0.00  0.00  0.00  -1.00   -1.0        -1.  10.24  665.8 382181.
048 22 25 37 0.88 262.38   8.46  3.00 1718   -1.00    -1.0      -1.  -1.00  -1.00   0.00   0.00    0.00  0.00  0.00  0.00  -1.00   -1.0        -1.   9.49  682.3 381135.
048 22 26 58 0.88 262.38   8.44  3.00 1718   -1.00    -1.0      -1.  -1.00  -1.00   0.00   0.00    0.00  0.00  0.00  0.00  -1.00   -1.0        -1.  10.35  692.9 409981.
048 22 28 19 0.88 262.38   8.43  3.00 1718   -1.00    -1.0      -1.  -1.00  -1.00   0.00   0.00    0.00  0.00  0.00  0.00  -1.00   -1.0        -1.   9.97  671.3 422894.
048 22 29 40 0.88 262.38   8.42  3.00 1718   -1.00    -1.0      -1.  -1.00  -1.00   0.00   0.00    0.00  0.00  0.00  0.00  -1.00   -1.0        -1.   9.91  696.3 362684.
048 22 31 01 0.88 262.38   8.40  3.00 1718   -1.00    -1.0      -1.  -1.00  -1.00   0.00   0.00    0.00  0.00  0.00  0.00  -1.00   -1.0        -1.   9.49  678.1 409582.
048 22 32 22 0.88 262.38   8.39  3.00 1718   -1.00    -1.0      -1.  -1.00  -1.00   0.00   0.00    0.00  0.00  0.00  0.00  -1.00   -1.0        -1.  10.10  674.9 477774.
048 22 33 43 0.88 262.38   8.38  3.00 1718   -1.00    -1.0      -1.  -1.00  -1.00   0.00   0.00    0.00  0.00  0.00  0.00  -1.00   -1.0        -1.   9.74  674.9 410303.
048 22 35 04 0.88 262.38   8.37  3.00 1718   -1.00    -1.0      -1.  -1.00  -1.00   0.00   0.00    0.00  0.00  0.00  0.00  -1.00   -1.0        -1.   9.69  686.6 412372.
048 22 36 25 0.88 262.38   8.35  3.00 1718   -1.00    -1.0      -1.  -1.00  -1.00   0.00   0.00    0.00  0.00  0.00  0.00  -1.00   -1.0        -1.   9.96  660.8 537968.
048 22 37 46 0.88 262.38   8.34  3.00 1718   -1.00    -1.0      -1.  -1.00  -1.00   0.00   0.00    0.00  0.00  0.00  0.00  -1.00   -1.0        -1.   9.65  657.1 431645.
048 22 39 07 0.88 262.38   8.33  3.00 1718   -1.00    -1.0      -1.  -1.00  -1.00   0.00   0.00    0.00  0.00  0.00  0.00  -1.00   -1.0        -1.   9.80  691.0 384669.
048 22 40 28 0.88 262.38   8.32  3.00 1718   -1.00    -1.0      -1.  -1.00  -1.00   0.00   0.00    0.00  0.00  0.00  0.00  -1.00   -1.0        -1.   9.84  680.6 299245.
048 22 41 49 0.88 262.38   8.31  3.00 1718   -1.00    -1.0      -1.  -1.00  -1.00   0.00   0.00    0.00  0.00  0.00  0.00  -1.00   -1.0        -1.   9.96  679.8 449879.
048 22 43 10 0.88 262.38   8.29  3.00 1718   -1.00    -1.0      -1.  -1.00  -1.00   0.00   0.00    0.00  0.00  0.00  0.00  -1.00   -1.0        -1.   8.64  687.4 456136.
048 22 44 31 0.88 262.38   8.28  3.00 1718   -1.00    -1.0      -1.  -1.00  -1.00   0.00   0.00    0.00  0.00  0.00  0.00  -1.00   -1.0        -1.   9.27  686.0 412112.
048 22 45 52 0.88 262.38   8.27  3.00 1718   -1.00    -1.0      -1.  -1.00  -1.00   0.00   0.00    0.00  0.00  0.00  0.00  -1.00   -1.0        -1.   8.88  687.2 413672.
048 22 47 13 0.88 262.38   8.25  3.00 1718   -1.00    -1.0      -1.  -1.00  -1.00   0.00   0.00    0.00  0.00  0.00  0.00  -1.00   -1.0        -1.   8.37  684.4 385917.
048 22 48 34 0.88 262.37   8.24  3.00 1718   -1.00    -1.0      -1.  -1.00  -1.00   0.00   0.00    0.00  0.00  0.00  0.00  -1.00   -1.0        -1.   8.65  678.0 303500.
048 22 49 55 0.88 262.37   8.23  3.00 1718   -1.00    -1.0      -1.  -1.00  -1.00   0.00   0.00    0.00  0.00  0.00  0.00  -1.00   -1.0        -1.   7.75  678.5 391540.
048 22 51 16 0.88 262.37   8.22  3.00 1718   -1.00    -1.0      -1.  -1.00  -1.00   0.00   0.00    0.00  0.00  0.00  0.00  -1.00   -1.0        -1.   8.33  702.4 375262.
048 22 52 37 0.88 262.37   8.20  3.00 1718   -1.00    -1.0      -1.  -1.00  -1.00   0.00   0.00    0.00  0.00  0.00  0.00  -1.00   -1.0        -1.  10.15  669.2 372439.
048 22 53 58 0.88 262.37   8.19  3.00 1718   -1.00    -1.0      -1.  -1.00  -1.00   0.00   0.00    0.00  0.00  0.00  0.00  -1.00   -1.0        -1.   9.69  666.6 340188.
048 22 55 19 0.88 262.37   8.18  3.00 1718   -1.00    -1.0      -1.  -1.00  -1.00   0.00   0.00    0.00  0.00  0.00  0.00  -1.00   -1.0        -1.   9.28  672.9 351977.
048 22 56 40 0.88 262.37   8.17  3.00 1718   -1.00    -1.0      -1.  -1.00  -1.00   0.00   0.00    0.00  0.00  0.00  0.00  -1.00   -1.0        -1.   9.47  664.0 333535.
048 22 58 01 0.88 262.37   8.16  3.00 1718   -1.00    -1.0      -1.  -1.00  -1.00   0.00   0.00    0.00  0.00  0.00  0.00  -1.00   -1.0        -1.   9.62  672.8 331340.
048 22 59 22 0.88 262.37   8.14  3.00 1718   -1.00    -1.0      -1.  -1.00  -1.00   0.00   0.00    0.00  0.00  0.00  0.00  -1.00   -1.0        -1.   9.38  690.7 277029.
048 23 00 43 0.88 262.37   8.13  3.00 1718   -1.00    -1.0      -1.  -1.00  -1.00   0.00   0.00    0.00  0.00  0.00  0.00  -1.00   -1.0        -1.   9.05  704.7 309253.
048 23 02 04 0.88 262.37   8.12  3.00 1718   -1.00    -1.0      -1.  -1.00  -1.00   0.00   0.00    0.00  0.00  0.00  0.00  -1.00   -1.0        -1.   9.06  681.6 290958.
048 23 03 25 0.88 262.37   8.10  3.00 1718   -1.00    -1.0      -1.  -1.00  -1.00   0.00   0.00    0.00  0.00  0.00  0.00  -1.00   -1.0        -1.   9.24  685.2 326353.
048 23 04 46 0.88 262.37   8.09  3.00 1718   -1.00    -1.0      -1.  -1.00  -1.00   0.00   0.00    0.00  0.00  0.00  0.00  -1.00   -1.0        -1.   9.23  655.1 372705.
048 23 06 07 0.88 262.37   8.08  3.00 1718   -1.00    -1.0      -1.  -1.00  -1.00   0.00   0.00    0.00  0.00  0.00  0.00  -1.00   -1.0        -1.   9.35  660.5 420964.
048 23 07 28 0.88 262.37   8.07  3.00 1718   -1.00    -1.0      -1.  -1.00  -1.00   0.00   0.00    0.00  0.00  0.00  0.00  -1.00   -1.0        -1.   8.49  669.6 290847.
048 23 08 49 0.88 262.37   8.06  3.00 1718   -1.00    -1.0      -1.  -1.00  -1.00   0.00   0.00    0.00  0.00  0.00  0.00  -1.00   -1.0        -1.   9.21  677.7 362781.
048 23 10 10 0.88 262.37   8.04  3.00 1718   -1.00    -1.0      -1.  -1.00  -1.00   0.00   0.00    0.00  0.00  0.00  0.00  -1.00   -1.0        -1.   8.75  688.9 375834.
048 23 11 31 0.88 262.37   8.03  3.00 1718   -1.00    -1.0      -1.  -1.00  -1.00   0.00   0.00    0.00  0.00  0.00  0.00  -1.00   -1.0        -1.   8.96  671.8 392118.
048 23 12 52 0.88 262.37   8.02  3.00 1718   -1.00    -1.0      -1.  -1.00  -1.00   0.00   0.00    0.00  0.00  0.00  0.00  -1.00   -1.0        -1.   8.69  690.7 353900.
048 23 14 13 0.88 262.37   8.01  3.00 1718   -1.00    -1.0      -1.  -1.00  -1.00   0.00   0.00    0.00  0.00  0.00  0.00  -1.00   -1.0        -1.   8.56  698.4 312164.
048 23 15 34 0.88 262.37   7.99  3.00 1718   -1.00    -1.0      -1.  -1.00  -1.00   0.00   0.00    0.00  0.00  0.00  0.00  -1.00   -1.0        -1.   8.63  683.7 429576.
048 23 16 55 0.88 262.37   7.98  3.00 1718   -1.00    -1.0      -1.  -1.00  -1.00   0.00   0.00    0.00  0.00  0.00  0.00  -1.00   -1.0        -1.   7.66  701.3 349846.
048 23 18 16 0.88 262.37   7.97  3.00 1718   -1.00    -1.0      -1.  -1.00  -1.00   0.00   0.00    0.00  0.00  0.00  0.00  -1.00   -1.0        -1.   7.89  698.6 392622.
048 23 19 37 0.88 262.37   7.95  3.00 1718   -1.00    -1.0      -1.  -1.00  -1.00   0.00   0.00    0.00  0.00  0.00  0.00  -1.00   -1.0        -1.   7.64  695.0 287839.
048 23 20 58 0.88 262.37   7.94  3.00 1718   -1.00    -1.0      -1.  -1.00  -1.00   0.00   0.00    0.00  0.00  0.00  0.00  -1.00   -1.0        -1.   7.55  707.8 368661.
048 23 22 19 0.88 262.37   7.93  3.00 1718   -1.00    -1.0      -1.  -1.00  -1.00   0.00   0.00    0.00  0.00  0.00  0.00  -1.00   -1.0        -1.   7.58  699.5 338931.
048 23 23 40 0.88 262.37   7.92  3.00 1718   -1.00    -1.0      -1.  -1.00  -1.00   0.00   0.00    0.00  0.00  0.00  0.00  -1.00   -1.0        -1.   8.57  695.2 416011.
048 23 25 01 0.88 262.37   7.91  3.00 1718   -1.00    -1.0      -1.  -1.00  -1.00   0.00   0.00    0.00  0.00  0.00  0.00  -1.00   -1.0        -1.   7.79  702.3 320376.
048 23 26 22 0.88 262.37   7.89  3.00 1718   -1.00    -1.0      -1.  -1.00  -1.00   0.00   0.00    0.00  0.00  0.00  0.00  -1.00   -1.0        -1.   8.05  699.6 392985.
048 23 27 43 0.88 262.37   7.88  3.00 1718   -1.00    -1.0      -1.  -1.00  -1.00   0.00   0.00    0.00  0.00  0.00  0.00  -1.00   -1.0        -1.   7.89  707.9 339139.
048 23 29 04 0.88 262.37   7.87  3.00 1718   -1.00    -1.0      -1.  -1.00  -1.00   0.00   0.00    0.00  0.00  0.00  0.00  -1.00   -1.0        -1.   8.17  702.5 467726.
048 23 30 25 0.88 262.37   7.86  3.00 1718   -1.00    -1.0      -1.  -1.00  -1.00   0.00   0.00    0.00  0.00  0.00  0.00  -1.00   -1.0        -1.   7.52  705.0 438048.
048 23 31 46 0.88 262.37   7.84  3.00 1718   -1.00    -1.0      -1.  -1.00  -1.00   0.00   0.00    0.00  0.00  0.00  0.00  -1.00   -1.0        -1.   7.71  711.7 397092.
048 23 33 07 0.88 262.37   7.83  3.00 1718   -1.00    -1.0      -1.  -1.00  -1.00   0.00   0.00    0.00  0.00  0.00  0.00  -1.00   -1.0        -1.   7.22  706.6 327860.
048 23 34 28 0.88 262.37   7.82  3.00 1718   -1.00    -1.0      -1.  -1.00  -1.00   0.00   0.00    0.00  0.00  0.00  0.00  -1.00   -1.0        -1.   7.74  674.1 307821.
048 23 35 49 0.88 262.37   7.80  3.00 1718   -1.00    -1.0      -1.  -1.00  -1.00   0.00   0.00    0.00  0.00  0.00  0.00  -1.00   -1.0        -1.   6.96  666.6 378757.
048 23 37 10 0.88 262.37   7.79  3.00 1718   -1.00    -1.0      -1.  -1.00  -1.00   0.00   0.00    0.00  0.00  0.00  0.00  -1.00   -1.0        -1.   6.37  669.2 287053.
048 23 38 31 0.88 262.37   7.78  2.99 1718   -1.00    -1.0      -1.  -1.00  -1.00   0.00   0.00    0.00  0.00  0.00  0.00  -1.00   -1.0        -1.   6.54  670.5 309968.
048 23 39 52 0.88 262.37   7.77  2.99 1718   -1.00    -1.0      -1.  -1.00  -1.00   0.00   0.00    0.00  0.00  0.00  0.00  -1.00   -1.0        -1.   6.37  670.0 281141.
048 23 41 13 0.88 262.37   7.76  2.99 1718   -1.00    -1.0      -1.  -1.00  -1.00   0.00   0.00    0.00  0.00  0.00  0.00  -1.00   -1.0        -1.   6.94  678.6 349648.
048 23 42 34 0.88 262.37   7.74  2.99 1718   -1.00    -1.0      -1.  -1.00  -1.00   0.00   0.00    0.00  0.00  0.00  0.00  -1.00   -1.0        -1.   6.67  668.2 273325.
048 23 43 55 0.88 262.37   7.73  2.99 1718   -1.00    -1.0      -1.  -1.00  -1.00   0.00   0.00    0.00  0.00  0.00  0.00  -1.00   -1.0        -1.   7.05  678.9 324566.
048 23 45 16 0.88 262.37   7.72  2.99 1718   -1.00    -1.0      -1.  -1.00  -1.00   0.00   0.00    0.00  0.00  0.00  0.00  -1.00   -1.0        -1.   5.70  672.9 274920.
048 23 46 35 0.88 262.37   7.71  2.99 1718   -1.00    -1.0      -1.  -1.00  -1.00   0.00   0.00    0.00  0.00  0.00  0.00  -1.00   -1.0        -1.   6.45  676.0 331047.
048 23 50 39 0.88 262.37   7.67  2.99 1718   -1.00    -1.0      -1.  -1.00  -1.00   0.00   0.00    0.00  0.00  0.00  0.00  -1.00   -1.0        -1.   5.95  689.6 268193.
048 23 51 05 0.88 262.37   7.67  2.99 1718   -1.00    -1.0      -1.  -1.00  -1.00   0.00   0.00    0.00  0.00  0.00  0.00  -1.00   -1.0        -1.   5.85  686.9 273078.
048 23 52 01 0.88 262.37   7.65  2.99 1718   -1.00    -1.0      -1.  -1.00  -1.00   0.00   0.00    0.00  0.00  0.00  0.00  -1.00   -1.0        -1.   5.80  704.7 245116.
048 23 53 22 0.88 262.37   7.64  2.99 1718   -1.00    -1.0      -1.  -1.00  -1.00   0.00   0.00    0.00  0.00  0.00  0.00  -1.00   -1.0        -1.   5.65  706.7 333370.
048 23 54 43 0.88 262.37   7.63  2.99 1718   -1.00    -1.0      -1.  -1.00  -1.00   0.00   0.00    0.00  0.00  0.00  0.00  -1.00   -1.0        -1.   4.71  716.3 197246.
048 23 56 04 0.88 262.37   7.62  2.99 1718   -1.00    -1.0      -1.  -1.00  -1.00   0.00   0.00    0.00  0.00  0.00  0.00  -1.00   -1.0        -1.   4.44  712.1 273858.
048 23 57 25 0.88 262.37   7.61  2.99 1718   -1.00    -1.0      -1.  -1.00  -1.00   0.00   0.00    0.00  0.00  0.00  0.00  -1.00   -1.0        -1.   4.30  700.6 227496.
048 23 58 46 0.88 262.37   7.59  2.99 1718   -1.00    -1.0      -1.  -1.00  -1.00   0.00   0.00    0.00  0.00  0.00  0.00  -1.00   -1.0        -1.   4.32  706.8 196207.
