051  0 00 31 0.89 262.06 340.93  2.80 1719   -1.00    -1.0      -1.  -1.00  -1.00   0.00   0.00    0.00  0.00  0.00  0.00  -1.00   -1.0        -1.   5.71  500.7 145895.
051  0 03 13 0.89 262.06 340.90  2.80 1719   -1.00    -1.0      -1.  -1.00  -1.00   0.00   0.00    0.00  0.00  0.00  0.00  -1.00   -1.0        -1.   5.70  516.8 163849.
051  0 05 55 0.89 262.06 340.88  2.80 1719   -1.00    -1.0      -1.  -1.00  -1.00   0.00   0.00    0.00  0.00  0.00  0.00  -1.00   -1.0        -1.   5.63  500.5 140067.
051  0 08 37 0.89 262.06 340.85  2.80 1719   -1.00    -1.0      -1.  -1.00  -1.00   0.00   0.00    0.00  0.00  0.00  0.00  -1.00   -1.0        -1.   5.54  545.3 115749.
051  0 11 19 0.89 262.06 340.83  2.80 1719   -1.00    -1.0      -1.  -1.00  -1.00   0.00   0.00    0.00  0.00  0.00  0.00  -1.00   -1.0        -1.   5.63  572.1 116746.
051  0 14 01 0.89 262.06 340.80  2.79 1719   -1.00    -1.0      -1.  -1.00  -1.00   0.00   0.00    0.00  0.00  0.00  0.00  -1.00   -1.0        -1.   5.13  551.1  92344.
051  0 16 43 0.89 262.06 340.78  2.79 1719   -1.00    -1.0      -1.  -1.00  -1.00   0.00   0.00    0.00  0.00  0.00  0.00  -1.00   -1.0        -1.   5.48  563.1 115548.
051  0 19 25 0.89 262.06 340.75  2.79 1719   -1.00    -1.0      -1.  -1.00  -1.00   0.00   0.00    0.00  0.00  0.00  0.00  -1.00   -1.0        -1.   5.41  562.6 122509.
051  0 22 07 0.89 262.06 340.72  2.79 1719   -1.00    -1.0      -1.  -1.00  -1.00   0.00   0.00    0.00  0.00  0.00  0.00  -1.00   -1.0        -1.   5.51  502.5 138586.
051  0 24 49 0.89 262.06 340.70  2.79 1719   -1.00    -1.0      -1.  -1.00  -1.00   0.00   0.00    0.00  0.00  0.00  0.00  -1.00   -1.0        -1.   5.85  507.6 134467.
051  0 27 31 0.89 262.06 340.68  2.79 1719   -1.00    -1.0      -1.  -1.00  -1.00   0.00   0.00    0.00  0.00  0.00  0.00  -1.00   -1.0        -1.   5.69  526.9 129711.
051  0 30 13 0.89 262.06 340.65  2.79 1719   -1.00    -1.0      -1.  -1.00  -1.00   0.00   0.00    0.00  0.00  0.00  0.00  -1.00   -1.0        -1.   5.57  499.3  98315.
051  0 32 55 0.89 262.06 340.63  2.79 1719   -1.00    -1.0      -1.  -1.00  -1.00   0.00   0.00    0.00  0.00  0.00  0.00  -1.00   -1.0        -1.   5.14  508.8 103239.
051  0 35 37 0.89 262.06 340.60  2.79 1719   -1.00    -1.0      -1.  -1.00  -1.00   0.00   0.00    0.00  0.00  0.00  0.00  -1.00   -1.0        -1.   6.04  501.7 126423.
051  0 38 19 0.89 262.06 340.57  2.79 1719   -1.00    -1.0      -1.  -1.00  -1.00   0.00   0.00    0.00  0.00  0.00  0.00  -1.00   -1.0        -1.   5.42  509.2 123812.
051  0 41 01 0.89 262.06 340.55  2.79 1719   -1.00    -1.0      -1.  -1.00  -1.00   0.00   0.00    0.00  0.00  0.00  0.00  -1.00   -1.0        -1.   6.13  519.3 130815.
051  0 43 43 0.89 262.06 340.53  2.79 1719   -1.00    -1.0      -1.  -1.00  -1.00   0.00   0.00    0.00  0.00  0.00  0.00  -1.00   -1.0        -1.   5.13  504.0 110584.
051  0 46 25 0.89 262.06 340.50  2.79 1719   -1.00    -1.0      -1.  -1.00  -1.00   0.00   0.00    0.00  0.00  0.00  0.00  -1.00   -1.0        -1.   5.07  502.6 109483.
051  7 45 25 0.90 262.01 336.62  2.76 1719   -1.00    -1.0      -1.  -1.00  -1.00   0.00   0.00    0.00  0.00  0.00  0.00  -1.00   -1.0        -1.   6.07  461.2  94066.
051  7 50 49 0.90 262.01 336.57  2.76 1719   -1.00    -1.0      -1.  -1.00  -1.00   0.00   0.00    0.00  0.00  0.00  0.00  -1.00   -1.0        -1.   6.52  460.0 114596.
051  7 52 40 0.90 262.01 336.55  2.76 1719   -1.00    -1.0      -1.  -1.00  -1.00   0.00   0.00    0.00  0.00  0.00  0.00  -1.00   -1.0        -1.   6.48  460.7 150761.
051  7 58 04 0.90 262.01 336.50  2.76 1719   -1.00    -1.0      -1.  -1.00  -1.00   0.00   0.00    0.00  0.00  0.00  0.00  -1.00   -1.0        -1.   5.94  457.9 115505.
051  8 03 28 0.90 262.01 336.45  2.76 1719   -1.00    -1.0      -1.  -1.00  -1.00   0.00   0.00    0.00  0.00  0.00  0.00  -1.00   -1.0        -1.   5.31  461.9 103298.
051  8 08 52 0.90 262.01 336.40  2.76 1719   -1.00    -1.0      -1.  -1.00  -1.00   0.00   0.00    0.00  0.00  0.00  0.00  -1.00   -1.0        -1.   6.51  460.8 126053.
051  8 14 16 0.90 262.01 336.35  2.76 1719   -1.00    -1.0      -1.  -1.00  -1.00   0.00   0.00    0.00  0.00  0.00  0.00  -1.00   -1.0        -1.   6.32  461.3 121950.
051  8 19 40 0.90 262.01 336.30  2.76 1719   -1.00    -1.0      -1.  -1.00  -1.00   0.00   0.00    0.00  0.00  0.00  0.00  -1.00   -1.0        -1.   6.55  464.5 124133.
051  8 25 04 0.90 262.01 336.25  2.76 1719   -1.00    -1.0      -1.  -1.00  -1.00   0.00   0.00    0.00  0.00  0.00  0.00  -1.00   -1.0        -1.   6.16  454.7 107082.
051  8 30 28 0.90 262.01 336.20  2.76 1719   -1.00    -1.0      -1.  -1.00  -1.00   0.00   0.00    0.00  0.00  0.00  0.00  -1.00   -1.0        -1.   6.09  453.6 119521.
051  8 35 52 0.90 262.00 336.15  2.76 1719   -1.00    -1.0      -1.  -1.00  -1.00   0.00   0.00    0.00  0.00  0.00  0.00  -1.00   -1.0        -1.   6.57  461.3 104402.
051  8 41 16 0.90 262.00 336.10  2.76 1719   -1.00    -1.0      -1.  -1.00  -1.00   0.00   0.00    0.00  0.00  0.00  0.00  -1.00   -1.0        -1.   5.98  456.4 113719.
051  8 46 40 0.90 262.00 336.05  2.76 1719   -1.00    -1.0      -1.  -1.00  -1.00   0.00   0.00    0.00  0.00  0.00  0.00  -1.00   -1.0        -1.   6.54  450.7 121639.
051  8 52 04 0.90 262.00 336.00  2.76 1719   -1.00    -1.0      -1.  -1.00  -1.00   0.00   0.00    0.00  0.00  0.00  0.00  -1.00   -1.0        -1.   6.60  451.7 127447.
051  8 57 28 0.90 262.00 335.95  2.76 1719   -1.00    -1.0      -1.  -1.00  -1.00   0.00   0.00    0.00  0.00  0.00  0.00  -1.00   -1.0        -1.   6.60  447.6 123247.
051  9 02 52 0.90 262.00 335.90  2.76 1719   -1.00    -1.0      -1.  -1.00  -1.00   0.00   0.00    0.00  0.00  0.00  0.00  -1.00   -1.0        -1.   5.85  449.1  84349.
051  9 08 16 0.90 262.00 335.85  2.76 1719   -1.00    -1.0      -1.  -1.00  -1.00   0.00   0.00    0.00  0.00  0.00  0.00  -1.00   -1.0        -1.   6.24  446.8 113940.
051  9 13 40 0.90 262.00 335.80  2.76 1719   -1.00    -1.0      -1.  -1.00  -1.00   0.00   0.00    0.00  0.00  0.00  0.00  -1.00   -1.0        -1.   6.41  455.7 121853.
051  9 19 04 0.90 262.00 335.75  2.76 1719   -1.00    -1.0      -1.  -1.00  -1.00   0.00   0.00    0.00  0.00  0.00  0.00  -1.00   -1.0        -1.   6.49  447.9 135064.
051  9 24 28 0.90 262.00 335.70  2.76 1719   -1.00    -1.0      -1.  -1.00  -1.00   0.00   0.00    0.00  0.00  0.00  0.00  -1.00   -1.0        -1.   6.02  449.4 138729.
051  9 29 52 0.90 262.00 335.65  2.76 1719   -1.00    -1.0      -1.  -1.00  -1.00   0.00   0.00    0.00  0.00  0.00  0.00  -1.00   -1.0        -1.   5.89  453.6 126407.
051  9 35 16 0.90 262.00 335.60  2.76 1719   -1.00    -1.0      -1.  -1.00  -1.00   0.00   0.00    0.00  0.00  0.00  0.00  -1.00   -1.0        -1.   6.46  466.0 121330.
051  9 40 40 0.90 262.00 335.55  2.76 1719   -1.00    -1.0      -1.  -1.00  -1.00   0.00   0.00    0.00  0.00  0.00  0.00  -1.00   -1.0        -1.   6.67  473.2  86776.
051  9 46 04 0.90 262.00 335.50  2.76 1719   -1.00    -1.0      -1.  -1.00  -1.00   0.00   0.00    0.00  0.00  0.00  0.00  -1.00   -1.0        -1.   6.05  460.1 100150.
051  9 51 28 0.90 262.00 335.45  2.76 1719   -1.00    -1.0      -1.  -1.00  -1.00   0.00   0.00    0.00  0.00  0.00  0.00  -1.00   -1.0        -1.   5.84  474.9  86835.
051  9 56 52 0.90 262.00 335.40  2.76 1719   -1.00    -1.0      -1.  -1.00  -1.00   0.00   0.00    0.00  0.00  0.00  0.00  -1.00   -1.0        -1.   6.22  459.1 115613.
051 10 02 16 0.90 261.99 335.35  2.75 1719   -1.00    -1.0      -1.  -1.00  -1.00   0.00   0.00    0.00  0.00  0.00  0.00  -1.00   -1.0        -1.   6.18  460.5 100092.
051 10 07 40 0.90 261.99 335.30  2.75 1719   -1.00    -1.0      -1.  -1.00  -1.00   0.00   0.00    0.00  0.00  0.00  0.00  -1.00   -1.0        -1.   6.64  441.2  92393.
051 10 13 04 0.90 261.99 335.25  2.75 1719   -1.00    -1.0      -1.  -1.00  -1.00   0.00   0.00    0.00  0.00  0.00  0.00  -1.00   -1.0        -1.   7.18  452.4  99588.
051 10 18 28 0.90 261.99 335.20  2.75 1719   -1.00    -1.0      -1.  -1.00  -1.00   0.00   0.00    0.00  0.00  0.00  0.00  -1.00   -1.0        -1.   6.22  440.3  90109.
051 10 23 52 0.90 261.99 335.15  2.75 1719   -1.00    -1.0      -1.  -1.00  -1.00   0.00   0.00    0.00  0.00  0.00  0.00  -1.00   -1.0        -1.   6.38  445.0 116110.
051 10 29 16 0.90 261.99 335.10  2.75 1719   -1.00    -1.0      -1.  -1.00  -1.00   0.00   0.00    0.00  0.00  0.00  0.00  -1.00   -1.0        -1.   6.14  440.6  82703.
051 10 34 40 0.90 261.99 335.05  2.75 1719   -1.00    -1.0      -1.  -1.00  -1.00   0.00   0.00    0.00  0.00  0.00  0.00  -1.00   -1.0        -1.   6.18  450.9 100494.
051 10 40 04 0.90 261.99 335.00  2.75 1719   -1.00    -1.0      -1.  -1.00  -1.00   0.00   0.00    0.00  0.00  0.00  0.00  -1.00   -1.0        -1.   6.52  472.4 112036.
051 10 45 28 0.90 261.99 334.95  2.75 1719   -1.00    -1.0      -1.  -1.00  -1.00   0.00   0.00    0.00  0.00  0.00  0.00  -1.00   -1.0        -1.   6.09  478.3  81757.
051 10 50 52 0.90 261.99 334.90  2.75 1719   -1.00    -1.0      -1.  -1.00  -1.00   0.00   0.00    0.00  0.00  0.00  0.00  -1.00   -1.0        -1.   5.80  479.0  83440.
051 10 56 16 0.90 261.99 334.85  2.75 1719   -1.00    -1.0      -1.  -1.00  -1.00   0.00   0.00    0.00  0.00  0.00  0.00  -1.00   -1.0        -1.   5.58  480.8  75819.
051 11 01 40 0.90 261.99 334.80  2.75 1719   -1.00    -1.0      -1.  -1.00  -1.00   0.00   0.00    0.00  0.00  0.00  0.00  -1.00   -1.0        -1.   6.55  462.8 110919.
051 11 07 04 0.90 261.99 334.75  2.75 1719   -1.00    -1.0      -1.  -1.00  -1.00   0.00   0.00    0.00  0.00  0.00  0.00  -1.00   -1.0        -1.   6.23  478.8  80282.
051 11 12 28 0.90 261.99 334.70  2.75 1719   -1.00    -1.0      -1.  -1.00  -1.00   0.00   0.00    0.00  0.00  0.00  0.00  -1.00   -1.0        -1.   6.32  488.2  88186.
051 11 17 52 0.90 261.99 334.65  2.75 1719   -1.00    -1.0      -1.  -1.00  -1.00   0.00   0.00    0.00  0.00  0.00  0.00  -1.00   -1.0        -1.   6.00  476.1  76569.
051 11 23 16 0.90 261.99 334.60  2.75 1719   -1.00    -1.0      -1.  -1.00  -1.00   0.00   0.00    0.00  0.00  0.00  0.00  -1.00   -1.0        -1.   5.91  481.0  70985.
051 11 28 40 0.90 261.98 334.55  2.75 1719   -1.00    -1.0      -1.  -1.00  -1.00   0.00   0.00    0.00  0.00  0.00  0.00  -1.00   -1.0        -1.   5.68  481.7  64281.
051 11 34 04 0.90 261.98 334.50  2.75 1719   -1.00    -1.0      -1.  -1.00  -1.00   0.00   0.00    0.00  0.00  0.00  0.00  -1.00   -1.0        -1.   5.91  474.4  70105.
051 11 39 28 0.90 261.98 334.45  2.75 1719   -1.00    -1.0      -1.  -1.00  -1.00   0.00   0.00    0.00  0.00  0.00  0.00  -1.00   -1.0        -1.   6.39  471.8  79357.
051 11 44 52 0.90 261.98 334.40  2.75 1719   -1.00    -1.0      -1.  -1.00  -1.00   0.00   0.00    0.00  0.00  0.00  0.00  -1.00   -1.0        -1.   6.08  496.1  80071.
051 11 50 16 0.90 261.98 334.35  2.75 1719   -1.00    -1.0      -1.  -1.00  -1.00   0.00   0.00    0.00  0.00  0.00  0.00  -1.00   -1.0        -1.   6.15  486.9  88738.
051 11 55 40 0.90 261.98 334.30  2.75 1719   -1.00    -1.0      -1.  -1.00  -1.00   0.00   0.00    0.00  0.00  0.00  0.00  -1.00   -1.0        -1.   6.30  483.7  81832.
051 12 01 04 0.90 261.98 334.25  2.75 1719   -1.00    -1.0      -1.  -1.00  -1.00   0.00   0.00    0.00  0.00  0.00  0.00  -1.00   -1.0        -1.   6.49  472.0  86913.
051 12 06 28 0.90 261.98 334.20  2.75 1719   -1.00    -1.0      -1.  -1.00  -1.00   0.00   0.00    0.00  0.00  0.00  0.00  -1.00   -1.0        -1.   5.68  476.7  68065.
051 12 11 52 0.90 261.98 334.15  2.75 1719   -1.00    -1.0      -1.  -1.00  -1.00   0.00   0.00    0.00  0.00  0.00  0.00  -1.00   -1.0        -1.   5.73  468.7  73922.
051 12 17 16 0.90 261.98 334.10  2.75 1719   -1.00    -1.0      -1.  -1.00  -1.00   0.00   0.00    0.00  0.00  0.00  0.00  -1.00   -1.0        -1.   6.11  474.3  89531.
051 12 22 40 0.90 261.98 334.05  2.75 1719   -1.00    -1.0      -1.  -1.00  -1.00   0.00   0.00    0.00  0.00  0.00  0.00  -1.00   -1.0        -1.   5.77  468.2  75920.
051 12 28 04 0.90 261.98 334.00  2.75 1719   -1.00    -1.0      -1.  -1.00  -1.00   0.00   0.00    0.00  0.00  0.00  0.00  -1.00   -1.0        -1.   5.71  472.4  80783.
051 12 33 28 0.90 261.98 333.95  2.74 1719   -1.00    -1.0      -1.  -1.00  -1.00   0.00   0.00    0.00  0.00  0.00  0.00  -1.00   -1.0        -1.   5.93  450.3  92295.
051 12 38 52 0.90 261.98 333.90  2.74 1719   -1.00    -1.0      -1.  -1.00  -1.00   0.00   0.00    0.00  0.00  0.00  0.00  -1.00   -1.0        -1.   6.42  435.7 104149.
051 12 44 16 0.90 261.98 333.85  2.74 1719   -1.00    -1.0      -1.  -1.00  -1.00   0.00   0.00    0.00  0.00  0.00  0.00  -1.00   -1.0        -1.   6.11  451.1  90219.
051 12 49 40 0.90 261.98 333.80  2.74 1719   -1.00    -1.0      -1.  -1.00  -1.00   0.00   0.00    0.00  0.00  0.00  0.00  -1.00   -1.0        -1.   5.59  459.8  69342.
051 12 55 04 0.90 261.97 333.75  2.74 1719   -1.00    -1.0      -1.  -1.00  -1.00   0.00   0.00    0.00  0.00  0.00  0.00  -1.00   -1.0        -1.   6.28  479.1  65557.
051 13 00 28 0.90 261.97 333.70  2.74 1719   -1.00    -1.0      -1.  -1.00  -1.00   0.00   0.00    0.00  0.00  0.00  0.00  -1.00   -1.0        -1.   5.91  484.7  67906.
051 13 05 52 0.90 261.97 333.65  2.74 1719   -1.00    -1.0      -1.  -1.00  -1.00   0.00   0.00    0.00  0.00  0.00  0.00  -1.00   -1.0        -1.   5.36  484.5  55854.
051 13 11 16 0.90 261.97 333.60  2.74 1719   -1.00    -1.0      -1.  -1.00  -1.00   0.00   0.00    0.00  0.00  0.00  0.00  -1.00   -1.0        -1.   5.79  481.0  67217.
051 13 16 40 0.90 261.97 333.55  2.74 1719   -1.00    -1.0      -1.  -1.00  -1.00   0.00   0.00    0.00  0.00  0.00  0.00  -1.00   -1.0        -1.   6.15  491.9  75744.
051 13 22 04 0.90 261.97 333.50  2.74 1719   -1.00    -1.0      -1.  -1.00  -1.00   0.00   0.00    0.00  0.00  0.00  0.00  -1.00   -1.0        -1.   6.20  481.5  71551.
051 13 27 28 0.90 261.97 333.45  2.74 1719   -1.00    -1.0      -1.  -1.00  -1.00   0.00   0.00    0.00  0.00  0.00  0.00  -1.00   -1.0        -1.   7.10  451.0  88904.
051 13 32 52 0.90 261.97 333.40  2.74 1719   -1.00    -1.0      -1.  -1.00  -1.00   0.00   0.00    0.00  0.00  0.00  0.00  -1.00   -1.0        -1.   6.84  445.9 111341.
051 13 38 16 0.90 261.97 333.35  2.74 1719   -1.00    -1.0      -1.  -1.00  -1.00   0.00   0.00    0.00  0.00  0.00  0.00  -1.00   -1.0        -1.   6.31  456.9  90307.
051 13 43 40 0.90 261.97 333.30  2.74 1719   -1.00    -1.0      -1.  -1.00  -1.00   0.00   0.00    0.00  0.00  0.00  0.00  -1.00   -1.0        -1.   6.50  459.8  76121.
051 13 49 04 0.90 261.97 333.25  2.74 1719   -1.00    -1.0      -1.  -1.00  -1.00   0.00   0.00    0.00  0.00  0.00  0.00  -1.00   -1.0        -1.   6.72  451.0 110857.
051 13 54 28 0.90 261.97 333.20  2.74 1719   -1.00    -1.0      -1.  -1.00  -1.00   0.00   0.00    0.00  0.00  0.00  0.00  -1.00   -1.0        -1.   6.22  446.1 104708.
051 13 59 52 0.90 261.97 333.15  2.74 1719   -1.00    -1.0      -1.  -1.00  -1.00   0.00   0.00    0.00  0.00  0.00  0.00  -1.00   -1.0        -1.   6.14  454.3  99780.
051 14 05 16 0.90 261.97 333.10  2.74 1719   -1.00    -1.0      -1.  -1.00  -1.00   0.00   0.00    0.00  0.00  0.00  0.00  -1.00   -1.0        -1.   6.62  458.1  91587.
051 14 10 40 0.90 261.97 333.05  2.74 1719   -1.00    -1.0      -1.  -1.00  -1.00   0.00   0.00    0.00  0.00  0.00  0.00  -1.00   -1.0        -1.   6.87  460.7 108690.
051 14 16 04 0.90 261.97 333.00  2.74 1719   -1.00    -1.0      -1.  -1.00  -1.00   0.00   0.00    0.00  0.00  0.00  0.00  -1.00   -1.0        -1.   6.56  458.6  86419.
051 14 21 28 0.90 261.96 332.95  2.74 1719   -1.00    -1.0      -1.  -1.00  -1.00   0.00   0.00    0.00  0.00  0.00  0.00  -1.00   -1.0        -1.   6.55  454.9  95959.
051 14 26 52 0.90 261.96 332.90  2.74 1719   -1.00    -1.0      -1.  -1.00  -1.00   0.00   0.00    0.00  0.00  0.00  0.00  -1.00   -1.0        -1.   6.41  463.2 101199.
051 14 32 16 0.90 261.96 332.85  2.74 1719   -1.00    -1.0      -1.  -1.00  -1.00   0.00   0.00    0.00  0.00  0.00  0.00  -1.00   -1.0        -1.   6.79  459.6  99335.
051 14 37 40 0.90 261.96 332.80  2.74 1719   -1.00    -1.0      -1.  -1.00  -1.00   0.00   0.00    0.00  0.00  0.00  0.00  -1.00   -1.0        -1.   6.30  471.0  88894.
051 14 43 04 0.90 261.96 332.75  2.74 1719   -1.00    -1.0      -1.  -1.00  -1.00   0.00   0.00    0.00  0.00  0.00  0.00  -1.00   -1.0        -1.   6.01  469.9  66873.
051 14 48 28 0.90 261.96 332.70  2.74 1719   -1.00    -1.0      -1.  -1.00  -1.00   0.00   0.00    0.00  0.00  0.00  0.00  -1.00   -1.0        -1.   6.31  466.3  92318.
051 14 53 52 0.90 261.96 332.65  2.74 1719   -1.00    -1.0      -1.  -1.00  -1.00   0.00   0.00    0.00  0.00  0.00  0.00  -1.00   -1.0        -1.   6.14  475.7  78580.
051 14 59 16 0.90 261.96 332.60  2.73 1719   -1.00    -1.0      -1.  -1.00  -1.00   0.00   0.00    0.00  0.00  0.00  0.00  -1.00   -1.0        -1.   6.13  460.0  80075.
051 15 04 40 0.90 261.96 332.55  2.73 1719   -1.00    -1.0      -1.  -1.00  -1.00   0.00   0.00    0.00  0.00  0.00  0.00  -1.00   -1.0        -1.   5.49  460.6  68104.
051 15 10 04 0.90 261.96 332.50  2.73 1719   -1.00    -1.0      -1.  -1.00  -1.00   0.00   0.00    0.00  0.00  0.00  0.00  -1.00   -1.0        -1.   6.74  467.4  88326.
051 15 15 28 0.90 261.96 332.45  2.73 1719   -1.00    -1.0      -1.  -1.00  -1.00   0.00   0.00    0.00  0.00  0.00  0.00  -1.00   -1.0        -1.   6.25  471.1  77320.
051 15 20 52 0.90 261.96 332.40  2.73 1719   -1.00    -1.0      -1.  -1.00  -1.00   0.00   0.00    0.00  0.00  0.00  0.00  -1.00   -1.0        -1.   6.17  464.2  89846.
051 15 26 16 0.90 261.96 332.35  2.73 1719   -1.00    -1.0      -1.  -1.00  -1.00   0.00   0.00    0.00  0.00  0.00  0.00  -1.00   -1.0        -1.   6.82  431.3 115616.
051 15 31 40 0.90 261.96 332.30  2.73 1719   -1.00    -1.0      -1.  -1.00  -1.00   0.00   0.00    0.00  0.00  0.00  0.00  -1.00   -1.0        -1.   6.66  432.3 110162.
051 15 37 04 0.90 261.96 332.25  2.73 1719   -1.00    -1.0      -1.  -1.00  -1.00   0.00   0.00    0.00  0.00  0.00  0.00  -1.00   -1.0        -1.   6.66  443.0  98990.
051 15 42 28 0.90 261.95 332.20  2.73 1719   -1.00    -1.0      -1.  -1.00  -1.00   0.00   0.00    0.00  0.00  0.00  0.00  -1.00   -1.0        -1.   7.09  439.8  96356.
051 15 47 52 0.90 261.95 332.15  2.73 1719   -1.00    -1.0      -1.  -1.00  -1.00   0.00   0.00    0.00  0.00  0.00  0.00  -1.00   -1.0        -1.   6.63  437.1 104938.
051 15 53 16 0.90 261.95 332.10  2.73 1719   -1.00    -1.0      -1.  -1.00  -1.00   0.00   0.00    0.00  0.00  0.00  0.00  -1.00   -1.0        -1.   6.85  439.0 102443.
051 15 58 40 0.90 261.95 332.05  2.73 1719   -1.00    -1.0      -1.  -1.00  -1.00   0.00   0.00    0.00  0.00  0.00  0.00  -1.00   -1.0        -1.   6.52  438.2 103467.
051 16 04 04 0.90 261.95 332.00  2.73 1719   -1.00    -1.0      -1.  -1.00  -1.00   0.00   0.00    0.00  0.00  0.00  0.00  -1.00   -1.0        -1.   6.55  439.5  93283.
051 16 09 28 0.90 261.95 331.95  2.73 1719   -1.00    -1.0      -1.  -1.00  -1.00   0.00   0.00    0.00  0.00  0.00  0.00  -1.00   -1.0        -1.   6.33  436.5 100624.
051 16 14 52 0.90 261.95 331.90  2.73 1719   -1.00    -1.0      -1.  -1.00  -1.00   0.00   0.00    0.00  0.00  0.00  0.00  -1.00   -1.0        -1.   6.26  447.1  80253.
051 16 20 16 0.90 261.95 331.85  2.73 1719   -1.00    -1.0      -1.  -1.00  -1.00   0.00   0.00    0.00  0.00  0.00  0.00  -1.00   -1.0        -1.   6.17  448.0  88813.
051 16 25 40 0.90 261.95 331.80  2.73 1719   -1.00    -1.0      -1.  -1.00  -1.00   0.00   0.00    0.00  0.00  0.00  0.00  -1.00   -1.0        -1.   6.20  450.7  73035.
051 16 31 04 0.90 261.95 331.75  2.73 1719   -1.00    -1.0      -1.  -1.00  -1.00   0.00   0.00    0.00  0.00  0.00  0.00  -1.00   -1.0        -1.   6.51  454.5  82777.
051 16 36 28 0.90 261.95 331.70  2.73 1719   -1.00    -1.0      -1.  -1.00  -1.00   0.00   0.00    0.00  0.00  0.00  0.00  -1.00   -1.0        -1.   6.41  434.4 101086.
051 16 41 52 0.90 261.95 331.65  2.73 1719   -1.00    -1.0      -1.  -1.00  -1.00   0.00   0.00    0.00  0.00  0.00  0.00  -1.00   -1.0        -1.   5.63  440.4  78223.
051 16 47 16 0.90 261.95 331.60  2.73 1719   -1.00    -1.0      -1.  -1.00  -1.00   0.00   0.00    0.00  0.00  0.00  0.00  -1.00   -1.0        -1.   5.66  450.5  70388.
051 16 52 40 0.90 261.95 331.55  2.73 1719   -1.00    -1.0      -1.  -1.00  -1.00   0.00   0.00    0.00  0.00  0.00  0.00  -1.00   -1.0        -1.   6.19  466.5  76969.
051 16 58 04 0.90 261.95 331.50  2.73 1719   -1.00    -1.0      -1.  -1.00  -1.00   0.00   0.00    0.00  0.00  0.00  0.00  -1.00   -1.0        -1.   6.49  462.0  79513.
051 17 03 28 0.90 261.95 331.45  2.73 1719   -1.00    -1.0      -1.  -1.00  -1.00   0.00   0.00    0.00  0.00  0.00  0.00  -1.00   -1.0        -1.   5.49  446.2  84385.
051 17 08 52 0.90 261.94 331.40  2.73 1719   -1.00    -1.0      -1.  -1.00  -1.00   0.00   0.00    0.00  0.00  0.00  0.00  -1.00   -1.0        -1.   6.18  430.5 119043.
051 17 14 16 0.90 261.94 331.35  2.73 1719   -1.00    -1.0      -1.  -1.00  -1.00   0.00   0.00    0.00  0.00  0.00  0.00  -1.00   -1.0        -1.   5.76  450.0  75371.
051 17 19 40 0.90 261.94 331.30  2.73 1719   -1.00    -1.0      -1.  -1.00  -1.00   0.00   0.00    0.00  0.00  0.00  0.00  -1.00   -1.0        -1.   6.18  450.8  77661.
051 17 25 04 0.90 261.94 331.25  2.72 1719   -1.00    -1.0      -1.  -1.00  -1.00   0.00   0.00    0.00  0.00  0.00  0.00  -1.00   -1.0        -1.   6.12  440.7  72051.
051 17 30 28 0.90 261.94 331.20  2.72 1719   -1.00    -1.0      -1.  -1.00  -1.00   0.00   0.00    0.00  0.00  0.00  0.00  -1.00   -1.0        -1.   5.73  449.0  74101.
051 17 35 52 0.90 261.94 331.15  2.72 1719   -1.00    -1.0      -1.  -1.00  -1.00   0.00   0.00    0.00  0.00  0.00  0.00  -1.00   -1.0        -1.   6.54  463.4  74029.
051 17 41 16 0.90 261.94 331.10  2.72 1719   -1.00    -1.0      -1.  -1.00  -1.00   0.00   0.00    0.00  0.00  0.00  0.00  -1.00   -1.0        -1.   6.52  468.3  83131.
051 17 46 40 0.90 261.94 331.05  2.72 1719   -1.00    -1.0      -1.  -1.00  -1.00   0.00   0.00    0.00  0.00  0.00  0.00  -1.00   -1.0        -1.   5.90  458.7  60639.
051 17 52 04 0.90 261.94 331.00  2.72 1719   -1.00    -1.0      -1.  -1.00  -1.00   0.00   0.00    0.00  0.00  0.00  0.00  -1.00   -1.0        -1.   6.31  449.6  68604.
051 17 57 28 0.90 261.94 330.95  2.72 1719   -1.00    -1.0      -1.  -1.00  -1.00   0.00   0.00    0.00  0.00  0.00  0.00  -1.00   -1.0        -1.   5.97  468.8  61445.
051 18 02 52 0.90 261.94 330.90  2.72 1719   -1.00    -1.0      -1.  -1.00  -1.00   0.00   0.00    0.00  0.00  0.00  0.00  -1.00   -1.0        -1.   6.17  464.4  66301.
051 18 08 16 0.90 261.94 330.85  2.72 1719   -1.00    -1.0      -1.  -1.00  -1.00   0.00   0.00    0.00  0.00  0.00  0.00  -1.00   -1.0        -1.   6.33  455.1  79314.
051 18 13 40 0.90 261.94 330.80  2.72 1719   -1.00    -1.0      -1.  -1.00  -1.00   0.00   0.00    0.00  0.00  0.00  0.00  -1.00   -1.0        -1.   6.33  448.8  65453.
051 18 19 04 0.90 261.94 330.75  2.72 1719   -1.00    -1.0      -1.  -1.00  -1.00   0.00   0.00    0.00  0.00  0.00  0.00  -1.00   -1.0        -1.   5.91  460.3  59928.
051 18 24 28 0.90 261.94 330.70  2.72 1719   -1.00    -1.0      -1.  -1.00  -1.00   0.00   0.00    0.00  0.00  0.00  0.00  -1.00   -1.0        -1.   5.87  457.1  59843.
051 18 29 52 0.90 261.94 330.65  2.72 1719   -1.00    -1.0      -1.  -1.00  -1.00   0.00   0.00    0.00  0.00  0.00  0.00  -1.00   -1.0        -1.   6.19  465.5  60366.
051 18 35 16 0.90 261.93 330.60  2.72 1719   -1.00    -1.0      -1.  -1.00  -1.00   0.00   0.00    0.00  0.00  0.00  0.00  -1.00   -1.0        -1.   5.95  479.1  68939.
051 18 40 40 0.90 261.93 330.55  2.72 1719   -1.00    -1.0      -1.  -1.00  -1.00   0.00   0.00    0.00  0.00  0.00  0.00  -1.00   -1.0        -1.   5.69  469.5  52014.
051 18 46 04 0.90 261.93 330.50  2.72 1719   -1.00    -1.0      -1.  -1.00  -1.00   0.00   0.00    0.00  0.00  0.00  0.00  -1.00   -1.0        -1.   5.67  461.9  57407.
051 18 51 28 0.90 261.93 330.45  2.72 1719   -1.00    -1.0      -1.  -1.00  -1.00   0.00   0.00    0.00  0.00  0.00  0.00  -1.00   -1.0        -1.   6.30  471.4  66866.
051 18 56 52 0.90 261.93 330.40  2.72 1719   -1.00    -1.0      -1.  -1.00  -1.00   0.00   0.00    0.00  0.00  0.00  0.00  -1.00   -1.0        -1.   6.23  480.7  63634.
051 19 10 55 0.90 261.93 330.27  2.72 1719   -1.00    -1.0      -1.  -1.00  -1.00   0.00   0.00    0.00  0.00  0.00  0.00  -1.00   -1.0        -1.   6.65  445.5  89437.
051 19 12 16 0.90 261.93 330.26  2.72 1719   -1.00    -1.0      -1.  -1.00  -1.00   0.00   0.00    0.00  0.00  0.00  0.00  -1.00   -1.0        -1.   6.45  447.0  93075.
051 19 13 03 0.90 261.93 330.25  2.72 1719   -1.00    -1.0      -1.  -1.00  -1.00   0.00   0.00    0.00  0.00  0.00  0.00  -1.00   -1.0        -1.   6.37  445.4  71544.
051 19 14 24 0.90 261.93 330.24  2.72 1719   -1.00    -1.0      -1.  -1.00  -1.00   0.00   0.00    0.00  0.00  0.00  0.00  -1.00   -1.0        -1.   6.27  437.4  63930.
051 19 15 45 0.90 261.93 330.22  2.72 1719   -1.00    -1.0      -1.  -1.00  -1.00   0.00   0.00    0.00  0.00  0.00  0.00  -1.00   -1.0        -1.   6.55  434.1  72467.
051 19 17 06 0.90 261.93 330.21  2.72 1719   -1.00    -1.0      -1.  -1.00  -1.00   0.00   0.00    0.00  0.00  0.00  0.00  -1.00   -1.0        -1.   6.13  434.2  69104.
051 19 18 27 0.90 261.93 330.20  2.72 1719   -1.00    -1.0      -1.  -1.00  -1.00   0.00   0.00    0.00  0.00  0.00  0.00  -1.00   -1.0        -1.   7.09  431.7  98776.
051 19 19 48 0.90 261.93 330.19  2.72 1719   -1.00    -1.0      -1.  -1.00  -1.00   0.00   0.00    0.00  0.00  0.00  0.00  -1.00   -1.0        -1.   6.62  434.7  76245.
051 19 21 09 0.90 261.93 330.18  2.72 1719   -1.00    -1.0      -1.  -1.00  -1.00   0.00   0.00    0.00  0.00  0.00  0.00  -1.00   -1.0        -1.   6.35  459.3  71060.
051 19 22 30 0.90 261.93 330.16  2.72 1719   -1.00    -1.0      -1.  -1.00  -1.00   0.00   0.00    0.00  0.00  0.00  0.00  -1.00   -1.0        -1.   6.44  450.7  71239.
051 19 23 51 0.90 261.93 330.15  2.72 1719   -1.00    -1.0      -1.  -1.00  -1.00   0.00   0.00    0.00  0.00  0.00  0.00  -1.00   -1.0        -1.   6.95  452.6  80373.
051 19 25 12 0.90 261.93 330.14  2.72 1719   -1.00    -1.0      -1.  -1.00  -1.00   0.00   0.00    0.00  0.00  0.00  0.00  -1.00   -1.0        -1.   6.02  460.2  65898.
051 19 26 33 0.90 261.93 330.12  2.72 1719   -1.00    -1.0      -1.  -1.00  -1.00   0.00   0.00    0.00  0.00  0.00  0.00  -1.00   -1.0        -1.   5.96  465.1  54220.
051 19 27 54 0.90 261.93 330.11  2.72 1719   -1.00    -1.0      -1.  -1.00  -1.00   0.00   0.00    0.00  0.00  0.00  0.00  -1.00   -1.0        -1.   6.24  469.0  77310.
051 19 29 15 0.90 261.93 330.10  2.72 1719   -1.00    -1.0      -1.  -1.00  -1.00   0.00   0.00    0.00  0.00  0.00  0.00  -1.00   -1.0        -1.   5.35  449.3  58151.
051 19 30 36 0.90 261.93 330.09  2.72 1719   -1.00    -1.0      -1.  -1.00  -1.00   0.00   0.00    0.00  0.00  0.00  0.00  -1.00   -1.0        -1.   5.64  453.0  58566.
051 19 31 57 0.90 261.93 330.07  2.72 1719   -1.00    -1.0      -1.  -1.00  -1.00   0.00   0.00    0.00  0.00  0.00  0.00  -1.00   -1.0        -1.   5.92  453.8  63390.
051 19 33 18 0.90 261.93 330.06  2.72 1719   -1.00    -1.0      -1.  -1.00  -1.00   0.00   0.00    0.00  0.00  0.00  0.00  -1.00   -1.0        -1.   6.03  458.9  64521.
051 19 34 39 0.90 261.93 330.05  2.72 1719   -1.00    -1.0      -1.  -1.00  -1.00   0.00   0.00    0.00  0.00  0.00  0.00  -1.00   -1.0        -1.   6.32  450.7  73948.
051 19 36 00 0.90 261.93 330.04  2.72 1719   -1.00    -1.0      -1.  -1.00  -1.00   0.00   0.00    0.00  0.00  0.00  0.00  -1.00   -1.0        -1.   6.35  452.1  84047.
051 19 37 21 0.90 261.93 330.02  2.72 1719   -1.00    -1.0      -1.  -1.00  -1.00   0.00   0.00    0.00  0.00  0.00  0.00  -1.00   -1.0        -1.   6.48  454.0  70102.
051 19 38 42 0.90 261.93 330.01  2.72 1719   -1.00    -1.0      -1.  -1.00  -1.00   0.00   0.00    0.00  0.00  0.00  0.00  -1.00   -1.0        -1.   6.25  454.3  72730.
051 19 40 03 0.90 261.93 330.00  2.72 1719   -1.00    -1.0      -1.  -1.00  -1.00   0.00   0.00    0.00  0.00  0.00  0.00  -1.00   -1.0        -1.   6.09  454.7  66870.
051 19 41 24 0.90 261.93 329.99  2.72 1719   -1.00    -1.0      -1.  -1.00  -1.00   0.00   0.00    0.00  0.00  0.00  0.00  -1.00   -1.0        -1.   6.15  452.4  69702.
051 19 42 45 0.90 261.93 329.97  2.72 1719   -1.00    -1.0      -1.  -1.00  -1.00   0.00   0.00    0.00  0.00  0.00  0.00  -1.00   -1.0        -1.   6.34  454.6  71862.
051 19 44 06 0.90 261.93 329.96  2.72 1719   -1.00    -1.0      -1.  -1.00  -1.00   0.00   0.00    0.00  0.00  0.00  0.00  -1.00   -1.0        -1.   6.05  459.0  72210.
051 19 45 27 0.90 261.93 329.95  2.72 1719   -1.00    -1.0      -1.  -1.00  -1.00   0.00   0.00    0.00  0.00  0.00  0.00  -1.00   -1.0        -1.   6.54  449.0  74825.
051 19 46 48 0.90 261.93 329.94  2.72 1719   -1.00    -1.0      -1.  -1.00  -1.00   0.00   0.00    0.00  0.00  0.00  0.00  -1.00   -1.0        -1.   6.03  448.3  68656.
051 19 48 09 0.90 261.93 329.92  2.72 1719   -1.00    -1.0      -1.  -1.00  -1.00   0.00   0.00    0.00  0.00  0.00  0.00  -1.00   -1.0        -1.   6.44  461.8  63835.
051 19 49 30 0.90 261.93 329.91  2.72 1719   -1.00    -1.0      -1.  -1.00  -1.00   0.00   0.00    0.00  0.00  0.00  0.00  -1.00   -1.0        -1.   6.05  457.4  63332.
051 19 50 51 0.90 261.93 329.90  2.72 1719   -1.00    -1.0      -1.  -1.00  -1.00   0.00   0.00    0.00  0.00  0.00  0.00  -1.00   -1.0        -1.   5.29  455.4  59106.
051 19 52 12 0.90 261.93 329.89  2.71 1719   -1.00    -1.0      -1.  -1.00  -1.00   0.00   0.00    0.00  0.00  0.00  0.00  -1.00   -1.0        -1.   6.36  457.5  67220.
051 19 53 33 0.90 261.93 329.87  2.71 1719   -1.00    -1.0      -1.  -1.00  -1.00   0.00   0.00    0.00  0.00  0.00  0.00  -1.00   -1.0        -1.   5.97  455.4  66496.
051 19 54 54 0.90 261.93 329.86  2.71 1719   -1.00    -1.0      -1.  -1.00  -1.00   0.00   0.00    0.00  0.00  0.00  0.00  -1.00   -1.0        -1.   5.95  457.3  68201.
051 19 56 15 0.90 261.92 329.85  2.71 1719   -1.00    -1.0      -1.  -1.00  -1.00   0.00   0.00    0.00  0.00  0.00  0.00  -1.00   -1.0        -1.   6.22  453.9  72636.
051 19 57 36 0.90 261.92 329.83  2.71 1719   -1.00    -1.0      -1.  -1.00  -1.00   0.00   0.00    0.00  0.00  0.00  0.00  -1.00   -1.0        -1.   6.03  457.2  64933.
051 19 58 57 0.90 261.92 329.82  2.71 1719   -1.00    -1.0      -1.  -1.00  -1.00   0.00   0.00    0.00  0.00  0.00  0.00  -1.00   -1.0        -1.   6.68  455.5  74075.
051 20 00 18 0.90 261.92 329.81  2.71 1719   -1.00    -1.0      -1.  -1.00  -1.00   0.00   0.00    0.00  0.00  0.00  0.00  -1.00   -1.0        -1.   6.50  456.9  80614.
051 20 01 39 0.90 261.92 329.80  2.71 1719   -1.00    -1.0      -1.  -1.00  -1.00   0.00   0.00    0.00  0.00  0.00  0.00  -1.00   -1.0        -1.   6.70  473.5  95209.
051 20 03 00 0.90 261.92 329.79  2.71 1719   -1.00    -1.0      -1.  -1.00  -1.00   0.00   0.00    0.00  0.00  0.00  0.00  -1.00   -1.0        -1.   5.99  479.3  69342.
051 20 04 21 0.90 261.92 329.78  2.71 1719   -1.00    -1.0      -1.  -1.00  -1.00   0.00   0.00    0.00  0.00  0.00  0.00  -1.00   -1.0        -1.   5.95  490.4  82293.
051 20 05 42 0.90 261.92 329.76  2.71 1719   -1.00    -1.0      -1.  -1.00  -1.00   0.00   0.00    0.00  0.00  0.00  0.00  -1.00   -1.0        -1.   6.42  444.1  69114.
051 20 07 03 0.90 261.92 329.75  2.71 1719   -1.00    -1.0      -1.  -1.00  -1.00   0.00   0.00    0.00  0.00  0.00  0.00  -1.00   -1.0        -1.   6.36  454.0  73824.
051 20 08 24 0.90 261.92 329.74  2.71 1719   -1.00    -1.0      -1.  -1.00  -1.00   0.00   0.00    0.00  0.00  0.00  0.00  -1.00   -1.0        -1.   6.38  444.0  69049.
051 20 09 45 0.90 261.92 329.72  2.71 1719   -1.00    -1.0      -1.  -1.00  -1.00   0.00   0.00    0.00  0.00  0.00  0.00  -1.00   -1.0        -1.   6.19  433.5  80705.
051 20 11 06 0.90 261.92 329.71  2.71 1719   -1.00    -1.0      -1.  -1.00  -1.00   0.00   0.00    0.00  0.00  0.00  0.00  -1.00   -1.0        -1.   6.30  443.5  74136.
051 20 12 27 0.90 261.92 329.70  2.71 1719   -1.00    -1.0      -1.  -1.00  -1.00   0.00   0.00    0.00  0.00  0.00  0.00  -1.00   -1.0        -1.   6.53  435.1  91226.
051 20 13 48 0.90 261.92 329.68  2.71 1719   -1.00    -1.0      -1.  -1.00  -1.00   0.00   0.00    0.00  0.00  0.00  0.00  -1.00   -1.0        -1.   6.26  434.2  78541.
051 20 15 09 0.90 261.92 329.67  2.71 1719   -1.00    -1.0      -1.  -1.00  -1.00   0.00   0.00    0.00  0.00  0.00  0.00  -1.00   -1.0        -1.   6.43  433.4  92328.
051 20 16 30 0.90 261.92 329.66  2.71 1719   -1.00    -1.0      -1.  -1.00  -1.00   0.00   0.00    0.00  0.00  0.00  0.00  -1.00   -1.0        -1.   6.45  426.3  95316.
051 20 17 51 0.90 261.92 329.65  2.71 1719   -1.00    -1.0      -1.  -1.00  -1.00   0.00   0.00    0.00  0.00  0.00  0.00  -1.00   -1.0        -1.   6.56  431.9  86799.
051 20 19 12 0.90 261.92 329.64  2.71 1719   -1.00    -1.0      -1.  -1.00  -1.00   0.00   0.00    0.00  0.00  0.00  0.00  -1.00   -1.0        -1.   5.86  436.9  71213.
051 20 20 33 0.90 261.92 329.63  2.71 1719   -1.00    -1.0      -1.  -1.00  -1.00   0.00   0.00    0.00  0.00  0.00  0.00  -1.00   -1.0        -1.   6.11  444.4  68312.
051 20 21 54 0.90 261.92 329.61  2.71 1719   -1.00    -1.0      -1.  -1.00  -1.00   0.00   0.00    0.00  0.00  0.00  0.00  -1.00   -1.0        -1.   6.04  439.3  73224.
051 20 23 15 0.90 261.92 329.60  2.71 1719   -1.00    -1.0      -1.  -1.00  -1.00   0.00   0.00    0.00  0.00  0.00  0.00  -1.00   -1.0        -1.   6.46  436.2  94972.
051 20 24 36 0.90 261.92 329.59  2.71 1719   -1.00    -1.0      -1.  -1.00  -1.00   0.00   0.00    0.00  0.00  0.00  0.00  -1.00   -1.0        -1.   6.36  449.6  78012.
051 20 25 57 0.90 261.92 329.57  2.71 1719   -1.00    -1.0      -1.  -1.00  -1.00   0.00   0.00    0.00  0.00  0.00  0.00  -1.00   -1.0        -1.   6.81  440.7  85340.
051 20 27 18 0.90 261.92 329.56  2.71 1719   -1.00    -1.0      -1.  -1.00  -1.00   0.00   0.00    0.00  0.00  0.00  0.00  -1.00   -1.0        -1.   6.08  434.8  84509.
051 20 28 39 0.90 261.92 329.55  2.71 1719   -1.00    -1.0      -1.  -1.00  -1.00   0.00   0.00    0.00  0.00  0.00  0.00  -1.00   -1.0        -1.   6.64  436.8  95287.
051 20 30 00 0.90 261.92 329.53  2.71 1719   -1.00    -1.0      -1.  -1.00  -1.00   0.00   0.00    0.00  0.00  0.00  0.00  -1.00   -1.0        -1.   6.12  445.1  91149.
051 20 31 21 0.90 261.92 329.52  2.71 1719   -1.00    -1.0      -1.  -1.00  -1.00   0.00   0.00    0.00  0.00  0.00  0.00  -1.00   -1.0        -1.   6.59  440.4  89472.
051 20 32 42 0.90 261.92 329.51  2.71 1719   -1.00    -1.0      -1.  -1.00  -1.00   0.00   0.00    0.00  0.00  0.00  0.00  -1.00   -1.0        -1.   6.16  429.2  94007.
051 20 34 03 0.90 261.92 329.50  2.71 1719   -1.00    -1.0      -1.  -1.00  -1.00   0.00   0.00    0.00  0.00  0.00  0.00  -1.00   -1.0        -1.   6.19  435.3  92701.
051 20 35 24 0.90 261.92 329.49  2.71 1719   -1.00    -1.0      -1.  -1.00  -1.00   0.00   0.00    0.00  0.00  0.00  0.00  -1.00   -1.0        -1.   5.66  433.8  77563.
051 20 36 45 0.90 261.92 329.47  2.71 1719   -1.00    -1.0      -1.  -1.00  -1.00   0.00   0.00    0.00  0.00  0.00  0.00  -1.00   -1.0        -1.   5.91  433.9  82793.
051 20 38 06 0.90 261.92 329.46  2.71 1719   -1.00    -1.0      -1.  -1.00  -1.00   0.00   0.00    0.00  0.00  0.00  0.00  -1.00   -1.0        -1.   5.75  437.8  77866.
051 20 39 27 0.90 261.92 329.45  2.71 1719   -1.00    -1.0      -1.  -1.00  -1.00   0.00   0.00    0.00  0.00  0.00  0.00  -1.00   -1.0        -1.   6.30  436.8  99036.
051 20 40 48 0.90 261.92 329.44  2.71 1719   -1.00    -1.0      -1.  -1.00  -1.00   0.00   0.00    0.00  0.00  0.00  0.00  -1.00   -1.0        -1.   5.64  438.2  76378.
051 20 42 09 0.90 261.92 329.42  2.71 1719   -1.00    -1.0      -1.  -1.00  -1.00   0.00   0.00    0.00  0.00  0.00  0.00  -1.00   -1.0        -1.   6.24  436.7  82553.
051 20 43 30 0.90 261.92 329.41  2.71 1719   -1.00    -1.0      -1.  -1.00  -1.00   0.00   0.00    0.00  0.00  0.00  0.00  -1.00   -1.0        -1.   6.11  441.9  72655.
051 20 44 51 0.90 261.92 329.40  2.71 1719   -1.00    -1.0      -1.  -1.00  -1.00   0.00   0.00    0.00  0.00  0.00  0.00  -1.00   -1.0        -1.   6.43  444.0  99965.
051 20 46 12 0.90 261.92 329.39  2.71 1719   -1.00    -1.0      -1.  -1.00  -1.00   0.00   0.00    0.00  0.00  0.00  0.00  -1.00   -1.0        -1.   6.44  439.2  81747.
051 20 47 33 0.90 261.92 329.37  2.71 1719   -1.00    -1.0      -1.  -1.00  -1.00   0.00   0.00    0.00  0.00  0.00  0.00  -1.00   -1.0        -1.   6.87  435.8  98721.
051 20 48 54 0.90 261.92 329.36  2.71 1719   -1.00    -1.0      -1.  -1.00  -1.00   0.00   0.00    0.00  0.00  0.00  0.00  -1.00   -1.0        -1.   6.15  438.4  79396.
051 20 50 15 0.90 261.92 329.35  2.71 1719   -1.00    -1.0      -1.  -1.00  -1.00   0.00   0.00    0.00  0.00  0.00  0.00  -1.00   -1.0        -1.   6.59  437.2  95446.
051 20 51 36 0.90 261.92 329.34  2.71 1719   -1.00    -1.0      -1.  -1.00  -1.00   0.00   0.00    0.00  0.00  0.00  0.00  -1.00   -1.0        -1.   6.02  439.9  70115.
051 20 52 57 0.90 261.92 329.32  2.71 1719   -1.00    -1.0      -1.  -1.00  -1.00   0.00   0.00    0.00  0.00  0.00  0.00  -1.00   -1.0        -1.   6.13  436.6  98324.
051 20 54 18 0.90 261.92 329.31  2.71 1719   -1.00    -1.0      -1.  -1.00  -1.00   0.00   0.00    0.00  0.00  0.00  0.00  -1.00   -1.0        -1.   5.79  432.5  70251.
051 20 55 39 0.90 261.92 329.30  2.71 1719   -1.00    -1.0      -1.  -1.00  -1.00   0.00   0.00    0.00  0.00  0.00  0.00  -1.00   -1.0        -1.   6.01  435.2  83576.
051 20 57 00 0.90 261.92 329.28  2.71 1719   -1.00    -1.0      -1.  -1.00  -1.00   0.00   0.00    0.00  0.00  0.00  0.00  -1.00   -1.0        -1.   6.18  435.5  77053.
051 20 58 21 0.90 261.92 329.27  2.71 1719   -1.00    -1.0      -1.  -1.00  -1.00   0.00   0.00    0.00  0.00  0.00  0.00  -1.00   -1.0        -1.   6.09  432.3  97327.
051 20 59 42 0.90 261.92 329.26  2.71 1719   -1.00    -1.0      -1.  -1.00  -1.00   0.00   0.00    0.00  0.00  0.00  0.00  -1.00   -1.0        -1.   6.13  433.2  79285.
051 21 01 03 0.90 261.92 329.25  2.71 1719   -1.00    -1.0      -1.  -1.00  -1.00   0.00   0.00    0.00  0.00  0.00  0.00  -1.00   -1.0        -1.   6.32  436.0  89326.
051 21 02 24 0.90 261.92 329.24  2.71 1719   -1.00    -1.0      -1.  -1.00  -1.00   0.00   0.00    0.00  0.00  0.00  0.00  -1.00   -1.0        -1.   6.33  439.0  78129.
051 21 03 45 0.90 261.92 329.22  2.71 1719   -1.00    -1.0      -1.  -1.00  -1.00   0.00   0.00    0.00  0.00  0.00  0.00  -1.00   -1.0        -1.   6.26  439.8  91314.
051 21 05 06 0.90 261.92 329.21  2.71 1719   -1.00    -1.0      -1.  -1.00  -1.00   0.00   0.00    0.00  0.00  0.00  0.00  -1.00   -1.0        -1.   6.08  441.1  77235.
051 21 06 27 0.90 261.92 329.20  2.71 1719   -1.00    -1.0      -1.  -1.00  -1.00   0.00   0.00    0.00  0.00  0.00  0.00  -1.00   -1.0        -1.   6.57  441.1 101953.
051 21 07 48 0.90 261.92 329.19  2.71 1719   -1.00    -1.0      -1.  -1.00  -1.00   0.00   0.00    0.00  0.00  0.00  0.00  -1.00   -1.0        -1.   6.16  439.0  78021.
051 21 09 09 0.90 261.92 329.17  2.71 1719   -1.00    -1.0      -1.  -1.00  -1.00   0.00   0.00    0.00  0.00  0.00  0.00  -1.00   -1.0        -1.   6.49  443.6  86269.
051 21 10 30 0.90 261.92 329.16  2.71 1719   -1.00    -1.0      -1.  -1.00  -1.00   0.00   0.00    0.00  0.00  0.00  0.00  -1.00   -1.0        -1.   5.99  438.8  74948.
051 21 11 51 0.90 261.92 329.15  2.71 1719   -1.00    -1.0      -1.  -1.00  -1.00   0.00   0.00    0.00  0.00  0.00  0.00  -1.00   -1.0        -1.   6.93  441.2 101609.
051 21 13 12 0.90 261.92 329.13  2.71 1719   -1.00    -1.0      -1.  -1.00  -1.00   0.00   0.00    0.00  0.00  0.00  0.00  -1.00   -1.0        -1.   6.44  440.7  76530.
051 21 14 33 0.90 261.92 329.12  2.71 1719   -1.00    -1.0      -1.  -1.00  -1.00   0.00   0.00    0.00  0.00  0.00  0.00  -1.00   -1.0        -1.   6.33  434.5  80406.
051 21 15 54 0.90 261.92 329.11  2.71 1719   -1.00    -1.0      -1.  -1.00  -1.00   0.00   0.00    0.00  0.00  0.00  0.00  -1.00   -1.0        -1.   6.54  445.9  74585.
051 21 17 15 0.90 261.92 329.10  2.71 1719   -1.00    -1.0      -1.  -1.00  -1.00   0.00   0.00    0.00  0.00  0.00  0.00  -1.00   -1.0        -1.   6.71  439.3  85834.
051 21 18 36 0.90 261.92 329.09  2.71 1719   -1.00    -1.0      -1.  -1.00  -1.00   0.00   0.00    0.00  0.00  0.00  0.00  -1.00   -1.0        -1.   6.01  437.0  71655.
051 21 19 57 0.90 261.92 329.07  2.71 1719   -1.00    -1.0      -1.  -1.00  -1.00   0.00   0.00    0.00  0.00  0.00  0.00  -1.00   -1.0        -1.   6.61  447.8  77593.
051 21 21 18 0.90 261.91 329.06  2.71 1719   -1.00    -1.0      -1.  -1.00  -1.00   0.00   0.00    0.00  0.00  0.00  0.00  -1.00   -1.0        -1.   6.11  442.3  71109.
051 21 22 39 0.90 261.91 329.05  2.71 1719   -1.00    -1.0      -1.  -1.00  -1.00   0.00   0.00    0.00  0.00  0.00  0.00  -1.00   -1.0        -1.   6.28  434.2  77255.
051 21 24 00 0.90 261.91 329.04  2.71 1719   -1.00    -1.0      -1.  -1.00  -1.00   0.00   0.00    0.00  0.00  0.00  0.00  -1.00   -1.0        -1.   6.14  434.1  66217.
051 21 25 21 0.90 261.91 329.02  2.71 1719   -1.00    -1.0      -1.  -1.00  -1.00   0.00   0.00    0.00  0.00  0.00  0.00  -1.00   -1.0        -1.   6.77  438.6  89388.
051 21 26 42 0.90 261.91 329.01  2.71 1719   -1.00    -1.0      -1.  -1.00  -1.00   0.00   0.00    0.00  0.00  0.00  0.00  -1.00   -1.0        -1.   5.94  448.0  61870.
051 21 28 03 0.90 261.91 329.00  2.71 1719   -1.00    -1.0      -1.  -1.00  -1.00   0.00   0.00    0.00  0.00  0.00  0.00  -1.00   -1.0        -1.   6.10  428.3  96210.
051 21 29 24 0.90 261.91 328.98  2.71 1719   -1.00    -1.0      -1.  -1.00  -1.00   0.00   0.00    0.00  0.00  0.00  0.00  -1.00   -1.0        -1.   6.14  437.5  76043.
051 21 30 45 0.90 261.91 328.97  2.71 1719   -1.00    -1.0      -1.  -1.00  -1.00   0.00   0.00    0.00  0.00  0.00  0.00  -1.00   -1.0        -1.   5.91  463.5  67552.
051 21 32 06 0.90 261.91 328.96  2.71 1719   -1.00    -1.0      -1.  -1.00  -1.00   0.00   0.00    0.00  0.00  0.00  0.00  -1.00   -1.0        -1.   6.55  449.0  85415.
051 21 33 27 0.90 261.91 328.95  2.71 1719   -1.00    -1.0      -1.  -1.00  -1.00   0.00   0.00    0.00  0.00  0.00  0.00  -1.00   -1.0        -1.   6.93  456.5  76462.
051 21 34 48 0.90 261.91 328.94  2.71 1719   -1.00    -1.0      -1.  -1.00  -1.00   0.00   0.00    0.00  0.00  0.00  0.00  -1.00   -1.0        -1.   6.01  443.5  64264.
051 21 36 09 0.90 261.91 328.92  2.71 1719   -1.00    -1.0      -1.  -1.00  -1.00   0.00   0.00    0.00  0.00  0.00  0.00  -1.00   -1.0        -1.   6.83  441.7  78613.
051 21 37 30 0.90 261.91 328.91  2.71 1719   -1.00    -1.0      -1.  -1.00  -1.00   0.00   0.00    0.00  0.00  0.00  0.00  -1.00   -1.0        -1.   6.55  442.5  58755.
051 21 38 51 0.90 261.91 328.90  2.71 1719   -1.00    -1.0      -1.  -1.00  -1.00   0.00   0.00    0.00  0.00  0.00  0.00  -1.00   -1.0        -1.   6.49  447.3  59957.
051 21 40 12 0.90 261.91 328.89  2.71 1719   -1.00    -1.0      -1.  -1.00  -1.00   0.00   0.00    0.00  0.00  0.00  0.00  -1.00   -1.0        -1.   6.23  447.2  62117.
051 21 41 33 0.90 261.91 328.87  2.71 1719   -1.00    -1.0      -1.  -1.00  -1.00   0.00   0.00    0.00  0.00  0.00  0.00  -1.00   -1.0        -1.   6.08  441.9  77739.
051 21 42 54 0.90 261.91 328.86  2.71 1719   -1.00    -1.0      -1.  -1.00  -1.00   0.00   0.00    0.00  0.00  0.00  0.00  -1.00   -1.0        -1.   6.67  451.5  74585.
051 21 44 15 0.90 261.91 328.85  2.71 1719   -1.00    -1.0      -1.  -1.00  -1.00   0.00   0.00    0.00  0.00  0.00  0.00  -1.00   -1.0        -1.   6.51  444.9  64073.
051 21 45 36 0.90 261.91 328.83  2.71 1719   -1.00    -1.0      -1.  -1.00  -1.00   0.00   0.00    0.00  0.00  0.00  0.00  -1.00   -1.0        -1.   6.28  437.2  73496.
051 21 46 57 0.90 261.91 328.82  2.71 1719   -1.00    -1.0      -1.  -1.00  -1.00   0.00   0.00    0.00  0.00  0.00  0.00  -1.00   -1.0        -1.   6.37  444.9  65554.
051 21 48 18 0.90 261.91 328.81  2.71 1719   -1.00    -1.0      -1.  -1.00  -1.00   0.00   0.00    0.00  0.00  0.00  0.00  -1.00   -1.0        -1.   6.42  433.0  75030.
051 21 49 39 0.90 261.91 328.80  2.71 1719   -1.00    -1.0      -1.  -1.00  -1.00   0.00   0.00    0.00  0.00  0.00  0.00  -1.00   -1.0        -1.   6.65  437.5 112130.
051 21 51 00 0.90 261.91 328.79  2.71 1719   -1.00    -1.0      -1.  -1.00  -1.00   0.00   0.00    0.00  0.00  0.00  0.00  -1.00   -1.0        -1.   6.02  440.3  68640.
051 21 52 21 0.90 261.91 328.77  2.71 1719   -1.00    -1.0      -1.  -1.00  -1.00   0.00   0.00    0.00  0.00  0.00  0.00  -1.00   -1.0        -1.   6.50  441.7  83593.
051 21 53 42 0.90 261.91 328.76  2.71 1719   -1.00    -1.0      -1.  -1.00  -1.00   0.00   0.00    0.00  0.00  0.00  0.00  -1.00   -1.0        -1.   6.09  430.5  74055.
051 21 55 03 0.90 261.91 328.75  2.71 1719   -1.00    -1.0      -1.  -1.00  -1.00   0.00   0.00    0.00  0.00  0.00  0.00  -1.00   -1.0        -1.   6.56  434.5 100943.
051 21 56 24 0.90 261.91 328.73  2.71 1719   -1.00    -1.0      -1.  -1.00  -1.00   0.00   0.00    0.00  0.00  0.00  0.00  -1.00   -1.0        -1.   6.52  434.6  78973.
051 21 57 45 0.90 261.91 328.72  2.71 1719   -1.00    -1.0      -1.  -1.00  -1.00   0.00   0.00    0.00  0.00  0.00  0.00  -1.00   -1.0        -1.   6.67  431.6  81218.
051 21 59 06 0.90 261.91 328.71  2.71 1719   -1.00    -1.0      -1.  -1.00  -1.00   0.00   0.00    0.00  0.00  0.00  0.00  -1.00   -1.0        -1.   6.32  434.9  74019.
051 22 00 27 0.90 261.91 328.70  2.71 1719   -1.00    -1.0      -1.  -1.00  -1.00   0.00   0.00    0.00  0.00  0.00  0.00  -1.00   -1.0        -1.   6.56  433.2  79516.
051 22 01 48 0.90 261.91 328.68  2.71 1719   -1.00    -1.0      -1.  -1.00  -1.00   0.00   0.00    0.00  0.00  0.00  0.00  -1.00   -1.0        -1.   6.73  431.7  93880.
051 22 03 09 0.90 261.91 328.67  2.71 1719   -1.00    -1.0      -1.  -1.00  -1.00   0.00   0.00    0.00  0.00  0.00  0.00  -1.00   -1.0        -1.   6.73  434.9  90502.
051 22 04 30 0.90 261.91 328.66  2.71 1719   -1.00    -1.0      -1.  -1.00  -1.00   0.00   0.00    0.00  0.00  0.00  0.00  -1.00   -1.0        -1.   7.63  444.2  88715.
051 22 05 51 0.90 261.91 328.65  2.71 1719   -1.00    -1.0      -1.  -1.00  -1.00   0.00   0.00    0.00  0.00  0.00  0.00  -1.00   -1.0        -1.   5.95  435.8  73701.
051 22 07 12 0.90 261.91 328.64  2.71 1719   -1.00    -1.0      -1.  -1.00  -1.00   0.00   0.00    0.00  0.00  0.00  0.00  -1.00   -1.0        -1.   5.93  445.2  67838.
051 22 08 33 0.90 261.91 328.62  2.71 1719   -1.00    -1.0      -1.  -1.00  -1.00   0.00   0.00    0.00  0.00  0.00  0.00  -1.00   -1.0        -1.   6.15  438.9  82589.
051 22 09 54 0.90 261.91 328.61  2.71 1719   -1.00    -1.0      -1.  -1.00  -1.00   0.00   0.00    0.00  0.00  0.00  0.00  -1.00   -1.0        -1.   5.93  435.3  64865.
051 22 11 15 0.90 261.91 328.60  2.71 1719   -1.00    -1.0      -1.  -1.00  -1.00   0.00   0.00    0.00  0.00  0.00  0.00  -1.00   -1.0        -1.   6.22  447.8  67883.
051 22 12 36 0.90 261.91 328.58  2.71 1719   -1.00    -1.0      -1.  -1.00  -1.00   0.00   0.00    0.00  0.00  0.00  0.00  -1.00   -1.0        -1.   6.68  444.6  66574.
051 22 13 57 0.90 261.91 328.57  2.71 1719   -1.00    -1.0      -1.  -1.00  -1.00   0.00   0.00    0.00  0.00  0.00  0.00  -1.00   -1.0        -1.   6.63  446.3  67789.
051 22 15 18 0.90 261.91 328.56  2.71 1719   -1.00    -1.0      -1.  -1.00  -1.00   0.00   0.00    0.00  0.00  0.00  0.00  -1.00   -1.0        -1.   6.48  441.6  59294.
051 22 16 39 0.90 261.91 328.55  2.71 1719   -1.00    -1.0      -1.  -1.00  -1.00   0.00   0.00    0.00  0.00  0.00  0.00  -1.00   -1.0        -1.   6.57  427.6 101030.
051 22 18 00 0.90 261.91 328.54  2.70 1719   -1.00    -1.0      -1.  -1.00  -1.00   0.00   0.00    0.00  0.00  0.00  0.00  -1.00   -1.0        -1.   6.64  439.3  70248.
051 22 19 21 0.90 261.91 328.52  2.70 1719   -1.00    -1.0      -1.  -1.00  -1.00   0.00   0.00    0.00  0.00  0.00  0.00  -1.00   -1.0        -1.   6.10  445.5  64147.
051 22 20 42 0.90 261.91 328.51  2.70 1719   -1.00    -1.0      -1.  -1.00  -1.00   0.00   0.00    0.00  0.00  0.00  0.00  -1.00   -1.0        -1.   6.48  442.0  68802.
051 22 22 03 0.90 261.91 328.50  2.70 1719   -1.00    -1.0      -1.  -1.00  -1.00   0.00   0.00    0.00  0.00  0.00  0.00  -1.00   -1.0        -1.   6.48  437.1  74978.
051 22 23 24 0.90 261.91 328.49  2.70 1719   -1.00    -1.0      -1.  -1.00  -1.00   0.00   0.00    0.00  0.00  0.00  0.00  -1.00   -1.0        -1.   6.44  442.2  63680.
051 22 24 45 0.90 261.91 328.47  2.70 1719   -1.00    -1.0      -1.  -1.00  -1.00   0.00   0.00    0.00  0.00  0.00  0.00  -1.00   -1.0        -1.   6.19  433.6  74536.
051 22 26 06 0.90 261.91 328.46  2.70 1719   -1.00    -1.0      -1.  -1.00  -1.00   0.00   0.00    0.00  0.00  0.00  0.00  -1.00   -1.0        -1.   6.53  427.3  84168.
051 22 27 27 0.90 261.91 328.45  2.70 1719   -1.00    -1.0      -1.  -1.00  -1.00   0.00   0.00    0.00  0.00  0.00  0.00  -1.00   -1.0        -1.   6.99  429.0 109509.
051 22 28 48 0.90 261.91 328.43  2.70 1719   -1.00    -1.0      -1.  -1.00  -1.00   0.00   0.00    0.00  0.00  0.00  0.00  -1.00   -1.0        -1.   7.11  425.4  87933.
051 22 30 09 0.90 261.91 328.42  2.70 1719   -1.00    -1.0      -1.  -1.00  -1.00   0.00   0.00    0.00  0.00  0.00  0.00  -1.00   -1.0        -1.   7.14  429.7  96564.
051 22 31 30 0.90 261.91 328.41  2.70 1719   -1.00    -1.0      -1.  -1.00  -1.00   0.00   0.00    0.00  0.00  0.00  0.00  -1.00   -1.0        -1.   6.89  424.1  96765.
051 22 32 51 0.90 261.91 328.40  2.70 1719   -1.00    -1.0      -1.  -1.00  -1.00   0.00   0.00    0.00  0.00  0.00  0.00  -1.00   -1.0        -1.   6.93  426.3  90119.
051 22 34 12 0.90 261.91 328.39  2.70 1719   -1.00    -1.0      -1.  -1.00  -1.00   0.00   0.00    0.00  0.00  0.00  0.00  -1.00   -1.0        -1.   6.46  427.0  77888.
051 22 35 33 0.90 261.91 328.37  2.70 1719   -1.00    -1.0      -1.  -1.00  -1.00   0.00   0.00    0.00  0.00  0.00  0.00  -1.00   -1.0        -1.   6.24  425.7  87455.
051 22 36 54 0.90 261.91 328.36  2.70 1719   -1.00    -1.0      -1.  -1.00  -1.00   0.00   0.00    0.00  0.00  0.00  0.00  -1.00   -1.0        -1.   6.63  426.5  71963.
051 22 38 15 0.90 261.91 328.35  2.70 1719   -1.00    -1.0      -1.  -1.00  -1.00   0.00   0.00    0.00  0.00  0.00  0.00  -1.00   -1.0        -1.   6.24  426.4  67571.
051 22 39 36 0.90 261.91 328.34  2.70 1719   -1.00    -1.0      -1.  -1.00  -1.00   0.00   0.00    0.00  0.00  0.00  0.00  -1.00   -1.0        -1.   6.24  434.6  66886.
051 22 40 57 0.90 261.91 328.32  2.70 1719   -1.00    -1.0      -1.  -1.00  -1.00   0.00   0.00    0.00  0.00  0.00  0.00  -1.00   -1.0        -1.   6.88  433.6  77635.
051 22 42 18 0.90 261.91 328.31  2.70 1719   -1.00    -1.0      -1.  -1.00  -1.00   0.00   0.00    0.00  0.00  0.00  0.00  -1.00   -1.0        -1.   6.12  431.1  73857.
051 22 43 39 0.90 261.91 328.30  2.70 1719   -1.00    -1.0      -1.  -1.00  -1.00   0.00   0.00    0.00  0.00  0.00  0.00  -1.00   -1.0        -1.   6.73  432.7  87280.
051 22 45 00 0.90 261.90 328.28  2.70 1719   -1.00    -1.0      -1.  -1.00  -1.00   0.00   0.00    0.00  0.00  0.00  0.00  -1.00   -1.0        -1.   6.58  427.9  83947.
051 22 46 21 0.90 261.90 328.27  2.70 1719   -1.00    -1.0      -1.  -1.00  -1.00   0.00   0.00    0.00  0.00  0.00  0.00  -1.00   -1.0        -1.   6.74  432.2  86341.
051 22 47 42 0.90 261.90 328.26  2.70 1719   -1.00    -1.0      -1.  -1.00  -1.00   0.00   0.00    0.00  0.00  0.00  0.00  -1.00   -1.0        -1.   6.83  443.0  61805.
051 22 49 03 0.90 261.90 328.25  2.70 1719   -1.00    -1.0      -1.  -1.00  -1.00   0.00   0.00    0.00  0.00  0.00  0.00  -1.00   -1.0        -1.   6.93  432.6  82141.
051 22 50 24 0.90 261.90 328.24  2.70 1719   -1.00    -1.0      -1.  -1.00  -1.00   0.00   0.00    0.00  0.00  0.00  0.00  -1.00   -1.0        -1.   6.20  437.6  71333.
051 22 51 45 0.90 261.90 328.22  2.70 1719   -1.00    -1.0      -1.  -1.00  -1.00   0.00   0.00    0.00  0.00  0.00  0.00  -1.00   -1.0        -1.   6.69  433.3  81861.
051 22 53 06 0.90 261.90 328.21  2.70 1719   -1.00    -1.0      -1.  -1.00  -1.00   0.00   0.00    0.00  0.00  0.00  0.00  -1.00   -1.0        -1.   6.86  437.1  66356.
051 22 54 27 0.90 261.90 328.20  2.70 1719   -1.00    -1.0      -1.  -1.00  -1.00   0.00   0.00    0.00  0.00  0.00  0.00  -1.00   -1.0        -1.   6.51  434.3  80455.
051 22 55 48 0.90 261.90 328.18  2.70 1719   -1.00    -1.0      -1.  -1.00  -1.00   0.00   0.00    0.00  0.00  0.00  0.00  -1.00   -1.0        -1.   6.80  441.4  61055.
051 22 57 09 0.90 261.90 328.17  2.70 1719   -1.00    -1.0      -1.  -1.00  -1.00   0.00   0.00    0.00  0.00  0.00  0.00  -1.00   -1.0        -1.   6.09  423.7  72337.
051 22 58 30 0.90 261.90 328.16  2.70 1719   -1.00    -1.0      -1.  -1.00  -1.00   0.00   0.00    0.00  0.00  0.00  0.00  -1.00   -1.0        -1.   6.27  457.0  82638.
051 22 59 51 0.90 261.90 328.15  2.70 1719   -1.00    -1.0      -1.  -1.00  -1.00   0.00   0.00    0.00  0.00  0.00  0.00  -1.00   -1.0        -1.   6.37  451.8  61971.
051 23 01 12 0.90 261.90 328.13  2.70 1719   -1.00    -1.0      -1.  -1.00  -1.00   0.00   0.00    0.00  0.00  0.00  0.00  -1.00   -1.0        -1.   6.22  446.5  66360.
051 23 02 33 0.90 261.90 328.12  2.70 1719   -1.00    -1.0      -1.  -1.00  -1.00   0.00   0.00    0.00  0.00  0.00  0.00  -1.00   -1.0        -1.   6.16  448.4  58190.
051 23 03 54 0.90 261.90 328.11  2.70 1719   -1.00    -1.0      -1.  -1.00  -1.00   0.00   0.00    0.00  0.00  0.00  0.00  -1.00   -1.0        -1.   7.23  448.6  85724.
051 23 05 15 0.90 261.90 328.10  2.70 1719   -1.00    -1.0      -1.  -1.00  -1.00   0.00   0.00    0.00  0.00  0.00  0.00  -1.00   -1.0        -1.   6.27  450.2  61389.
051 23 06 36 0.90 261.90 328.09  2.70 1719   -1.00    -1.0      -1.  -1.00  -1.00   0.00   0.00    0.00  0.00  0.00  0.00  -1.00   -1.0        -1.   7.01  447.6  83248.
051 23 07 57 0.90 261.90 328.07  2.70 1719   -1.00    -1.0      -1.  -1.00  -1.00   0.00   0.00    0.00  0.00  0.00  0.00  -1.00   -1.0        -1.   6.27  458.3  60142.
051 23 09 18 0.90 261.90 328.06  2.70 1719   -1.00    -1.0      -1.  -1.00  -1.00   0.00   0.00    0.00  0.00  0.00  0.00  -1.00   -1.0        -1.   6.21  457.7  55688.
051 23 10 39 0.90 261.90 328.05  2.70 1719   -1.00    -1.0      -1.  -1.00  -1.00   0.00   0.00    0.00  0.00  0.00  0.00  -1.00   -1.0        -1.   6.42  460.6  66347.
051 23 12 00 0.90 261.90 328.03  2.70 1719   -1.00    -1.0      -1.  -1.00  -1.00   0.00   0.00    0.00  0.00  0.00  0.00  -1.00   -1.0        -1.   6.44  460.5  66795.
051 23 13 21 0.90 261.90 328.02  2.70 1719   -1.00    -1.0      -1.  -1.00  -1.00   0.00   0.00    0.00  0.00  0.00  0.00  -1.00   -1.0        -1.   6.41  463.0  69163.
051 23 14 42 0.90 261.90 328.01  2.70 1719   -1.00    -1.0      -1.  -1.00  -1.00   0.00   0.00    0.00  0.00  0.00  0.00  -1.00   -1.0        -1.   6.17  469.9  64732.
051 23 16 03 0.90 261.90 328.00  2.70 1719   -1.00    -1.0      -1.  -1.00  -1.00   0.00   0.00    0.00  0.00  0.00  0.00  -1.00   -1.0        -1.   6.26  474.8  64940.
051 23 17 24 0.90 261.90 327.98  2.70 1719   -1.00    -1.0      -1.  -1.00  -1.00   0.00   0.00    0.00  0.00  0.00  0.00  -1.00   -1.0        -1.   6.03  469.6  73659.
051 23 18 45 0.90 261.90 327.97  2.70 1719   -1.00    -1.0      -1.  -1.00  -1.00   0.00   0.00    0.00  0.00  0.00  0.00  -1.00   -1.0        -1.   6.16  463.6  68221.
051 23 20 06 0.90 261.90 327.96  2.70 1719   -1.00    -1.0      -1.  -1.00  -1.00   0.00   0.00    0.00  0.00  0.00  0.00  -1.00   -1.0        -1.   6.23  467.9  62292.
051 23 21 27 0.90 261.90 327.95  2.70 1719   -1.00    -1.0      -1.  -1.00  -1.00   0.00   0.00    0.00  0.00  0.00  0.00  -1.00   -1.0        -1.   6.51  460.0  68075.
051 23 22 48 0.90 261.90 327.94  2.70 1719   -1.00    -1.0      -1.  -1.00  -1.00   0.00   0.00    0.00  0.00  0.00  0.00  -1.00   -1.0        -1.   6.36  462.3  57891.
051 23 24 09 0.90 261.90 327.92  2.70 1719   -1.00    -1.0      -1.  -1.00  -1.00   0.00   0.00    0.00  0.00  0.00  0.00  -1.00   -1.0        -1.   6.78  465.2  82888.
051 23 25 30 0.90 261.90 327.91  2.70 1719   -1.00    -1.0      -1.  -1.00  -1.00   0.00   0.00    0.00  0.00  0.00  0.00  -1.00   -1.0        -1.   6.43  415.1  87208.
051 23 26 51 0.90 261.90 327.90  2.70 1719   -1.00    -1.0      -1.  -1.00  -1.00   0.00   0.00    0.00  0.00  0.00  0.00  -1.00   -1.0        -1.   6.57  429.6  60850.
051 23 28 12 0.90 261.90 327.88  2.70 1719   -1.00    -1.0      -1.  -1.00  -1.00   0.00   0.00    0.00  0.00  0.00  0.00  -1.00   -1.0        -1.   7.04  429.4  83839.
051 23 29 33 0.90 261.90 327.87  2.70 1719   -1.00    -1.0      -1.  -1.00  -1.00   0.00   0.00    0.00  0.00  0.00  0.00  -1.00   -1.0        -1.   5.66  443.6  51352.
051 23 30 54 0.90 261.90 327.86  2.70 1719   -1.00    -1.0      -1.  -1.00  -1.00   0.00   0.00    0.00  0.00  0.00  0.00  -1.00   -1.0        -1.   6.10  456.1  49321.
051 23 32 15 0.90 261.90 327.85  2.70 1719   -1.00    -1.0      -1.  -1.00  -1.00   0.00   0.00    0.00  0.00  0.00  0.00  -1.00   -1.0        -1.   6.45  456.9  61821.
051 23 33 36 0.90 261.90 327.83  2.70 1719   -1.00    -1.0      -1.  -1.00  -1.00   0.00   0.00    0.00  0.00  0.00  0.00  -1.00   -1.0        -1.   5.92  449.2  52593.
051 23 34 57 0.90 261.90 327.82  2.70 1719   -1.00    -1.0      -1.  -1.00  -1.00   0.00   0.00    0.00  0.00  0.00  0.00  -1.00   -1.0        -1.   6.21  452.2  63732.
051 23 36 18 0.90 261.90 327.81  2.70 1719   -1.00    -1.0      -1.  -1.00  -1.00   0.00   0.00    0.00  0.00  0.00  0.00  -1.00   -1.0        -1.   6.16  446.6  56942.
051 23 37 39 0.90 261.90 327.80  2.70 1719   -1.00    -1.0      -1.  -1.00  -1.00   0.00   0.00    0.00  0.00  0.00  0.00  -1.00   -1.0        -1.   6.32  451.7  56669.
051 23 39 00 0.90 261.90 327.79  2.70 1719   -1.00    -1.0      -1.  -1.00  -1.00   0.00   0.00    0.00  0.00  0.00  0.00  -1.00   -1.0        -1.   6.12  449.7  58547.
051 23 40 21 0.90 261.90 327.77  2.70 1719   -1.00    -1.0      -1.  -1.00  -1.00   0.00   0.00    0.00  0.00  0.00  0.00  -1.00   -1.0        -1.   6.13  447.9  57488.
051 23 41 42 0.90 261.90 327.76  2.70 1719   -1.00    -1.0      -1.  -1.00  -1.00   0.00   0.00    0.00  0.00  0.00  0.00  -1.00   -1.0        -1.   6.17  441.6  64095.
051 23 43 03 0.90 261.90 327.75  2.70 1719   -1.00    -1.0      -1.  -1.00  -1.00   0.00   0.00    0.00  0.00  0.00  0.00  -1.00   -1.0        -1.   6.69  445.8  67812.
051 23 44 24 0.90 261.90 327.73  2.70 1719   -1.00    -1.0      -1.  -1.00  -1.00   0.00   0.00    0.00  0.00  0.00  0.00  -1.00   -1.0        -1.   6.11  447.3  62429.
051 23 45 45 0.90 261.90 327.72  2.70 1719   -1.00    -1.0      -1.  -1.00  -1.00   0.00   0.00    0.00  0.00  0.00  0.00  -1.00   -1.0        -1.   5.93  447.3  59573.
051 23 50 50 0.90 261.90 327.67  2.70 1719   -1.00    -1.0      -1.  -1.00  -1.00   0.00   0.00    0.00  0.00  0.00  0.00  -1.00   -1.0        -1.   6.18  433.1  65255.
051 23 51 07 0.90 261.90 327.67  2.70 1719   -1.00    -1.0      -1.  -1.00  -1.00   0.00   0.00    0.00  0.00  0.00  0.00  -1.00   -1.0        -1.   6.74  437.7  81134.
051 23 52 30 0.90 261.90 327.66  2.70 1719   -1.00    -1.0      -1.  -1.00  -1.00   0.00   0.00    0.00  0.00  0.00  0.00  -1.00   -1.0        -1.   6.78  442.7  58235.
051 23 53 51 0.90 261.90 327.65  2.70 1719   -1.00    -1.0      -1.  -1.00  -1.00   0.00   0.00    0.00  0.00  0.00  0.00  -1.00   -1.0        -1.   6.40  443.7  59954.
051 23 55 12 0.90 261.90 327.63  2.70 1719   -1.00    -1.0      -1.  -1.00  -1.00   0.00   0.00    0.00  0.00  0.00  0.00  -1.00   -1.0        -1.   6.53  435.7  73617.
051 23 56 33 0.90 261.90 327.62  2.70 1719   -1.00    -1.0      -1.  -1.00  -1.00   0.00   0.00    0.00  0.00  0.00  0.00  -1.00   -1.0        -1.   6.22  434.5  75215.
051 23 57 54 0.90 261.90 327.61  2.70 1719   -1.00    -1.0      -1.  -1.00  -1.00   0.00   0.00    0.00  0.00  0.00  0.00  -1.00   -1.0        -1.   5.94  431.8  68910.
051 23 59 15 0.90 261.90 327.60  2.70 1719   -1.00    -1.0      -1.  -1.00  -1.00   0.00   0.00    0.00  0.00  0.00  0.00  -1.00   -1.0        -1.   6.08  428.1  61276.
