344  0:12:33 0.58  69.95 238.87 -6.86 1729  18.77   579.7  35892. -0.57  0.47   0.00   0.00   0.00 0.00 0.00 0.00  1.09 579.2 111981. 14.48 581.1  44624.
344  0:55:45 0.58  69.98 238.51 -6.86 1729  32.05   585.3  43757. -1.83  0.06   0.00   0.00   0.00 0.00 0.00 0.00  1.90 563.8 192192. 34.92 584.9  43221.
344  1:38:57 0.57  70.02 238.14 -6.86 1729  22.86   561.4  38147. -1.61 -0.44   0.00   0.00   0.00 0.00 0.00 0.00  0.98 546.4 215672. 29.60 562.8  31549.
344  2:22:09 0.57  70.05 237.78 -6.86 1729  27.27   551.5  24477. -2.96  0.12   0.00   0.00   0.00 0.00 0.00 0.00  2.63 553.2  95011. 28.74 550.7  38325.
344  3:05:21 0.57  70.08 237.42 -6.87 1729  22.93   554.2  52320. -3.16  0.43   0.00   0.00   0.00 0.00 0.00 0.00  4.06 533.9  87241. 22.80 552.3  27092.
344  3:48:33 0.57  70.11 237.05 -6.87 1729  25.63   558.0  59063. -0.01 -1.14   0.00   0.00   0.00 0.00 0.00 0.00  1.43 542.8 273442. 27.69 553.3  51992.
344  4:31:45 0.57  70.14 236.69 -6.87 1729  39.17   598.6  83469. -0.13  0.82   0.00   0.00   0.00 0.00 0.00 0.00  4.89 597.5 298689. 38.79 597.2 102531.
344  5:14:57 0.57  70.17 236.33 -6.87 1729  49.70   585.3 137618. -0.79  1.41   0.00   0.00   0.00 0.00 0.00 0.00  4.35 576.6 406564. 48.01 580.4 133044.
344  5:58:09 0.57  70.20 235.96 -6.88 1729  36.01   554.8  96521. -0.16  0.45   0.00   0.00   0.00 0.00 0.00 0.00  3.23 546.4 490660. 34.99 551.1  99575.
344  6:41:21 0.57  70.23 235.60 -6.88 1729  39.38   551.3 100329. -1.40  1.64   0.00   0.00   0.00 0.00 0.00 0.00  2.41 547.5 414581. 37.35 552.1 114219.
344  7:24:33 0.57  70.27 235.23 -6.88 1729  32.40   552.9  87276. -2.22  2.24   0.00   0.00   0.00 0.00 0.00 0.00  3.19 545.2 378601. 30.44 551.5  90833.
344  8:07:45 0.57  70.30 234.87 -6.88 1729  57.76   563.8  61480. -4.53  1.17   0.00   0.00   0.00 0.00 0.00 0.00  5.01 560.2 124936. 57.61 566.3  71973.
344  8:50:57 0.57  70.33 234.51 -6.89 1729  50.89   560.0  54776. -4.93  0.77   0.00   0.00   0.00 0.00 0.00 0.00  3.85 571.9 123195. 45.48 563.4  59752.
344 12:22:00 0.57  70.49 232.74 -6.90 1729  24.66   516.6 133606. -1.68  1.24   0.00   0.00   0.00 0.00 0.00 0.00  1.23 514.6 390257. 24.12 514.4 116334.
344 12:22:41 0.57  70.49 232.73 -6.90 1729  30.82   523.3 142653. -2.41  0.06   0.00   0.00   0.00 0.00 0.00 0.00  1.02 526.8 412411. 29.85 523.5 141090.
344 12:23:21 0.57  70.49 232.72 -6.90 1729  28.71   517.8 102885. -3.19  2.23   0.00   0.00   0.00 0.00 0.00 0.00  1.15 513.5 321416. 29.02 516.3 101287.
344 12:23:31 0.57  70.49 232.72 -6.90 1729  28.77   514.3 103142. -3.43  2.65   0.00   0.00   0.00 0.00 0.00 0.00  1.18 513.8 543012. 27.93 516.2 122957.
344 12:24:12 0.57  70.49 232.72 -6.90 1729  28.27   516.0 121989. -3.54  2.70   0.00   0.00   0.00 0.00 0.00 0.00  1.23 520.8 426263. 26.67 516.6 107297.
344 12:24:52 0.57  70.49 232.71 -6.90 1729  26.17   517.0 128132. -4.03  2.44   0.00   0.00   0.00 0.00 0.00 0.00  1.08 516.2 543389. 27.25 520.0 120953.
344 12:25:33 0.57  70.49 232.71 -6.90 1729  26.59   521.5 109408. -3.71  2.60   0.00   0.00   0.00 0.00 0.00 0.00  1.15 522.9 483501. 26.46 521.4 100657.
344 12:26:13 0.57  70.49 232.70 -6.90 1729  26.79   515.9 140726. -3.77  1.94   0.00   0.00   0.00 0.00 0.00 0.00  1.42 521.6 606747. 25.37 517.1 146262.
344 12:26:54 0.57  70.49 232.70 -6.90 1729  26.12   522.2 109847. -3.87  2.50   0.00   0.00   0.00 0.00 0.00 0.00  1.26 526.0 571677. 24.81 520.6 106601.
344 12:27:34 0.57  70.49 232.69 -6.90 1729  26.59   518.3 115291. -4.92  1.74   0.00   0.00   0.00 0.00 0.00 0.00  1.17 515.8 598444. 25.65 523.9 108632.
344 12:28:15 0.57  70.49 232.68 -6.90 1729  21.40   524.4  93130. -4.21  2.43   0.00   0.00   0.00 0.00 0.00 0.00  1.18 528.3 599328. 21.59 522.9  93361.
344 12:28:55 0.57  70.49 232.68 -6.90 1729  20.43   517.0 126310. -4.89  2.85   0.00   0.00   0.00 0.00 0.00 0.00  1.19 518.4 575471. 21.19 519.8 122727.
344 12:29:36 0.57  70.49 232.67 -6.90 1729  21.28   514.8 136221. -4.22  2.88   0.00   0.00   0.00 0.00 0.00 0.00  0.95 514.6 417947. 21.37 515.9 108047.
344 12:30:16 0.57  70.49 232.67 -6.90 1729  21.75   523.5 123753. -3.99  2.17   0.00   0.00   0.00 0.00 0.00 0.00  0.93 524.5 421741. 21.95 526.3 113780.
344 12:30:57 0.57  70.49 232.66 -6.90 1729  21.64   528.3 115447. -2.27  2.95   0.00   0.00   0.00 0.00 0.00 0.00  1.11 530.9 573691. 21.07 528.9 139901.
344 12:31:37 0.57  70.49 232.66 -6.90 1729  23.10   526.2 137004. -3.81  3.22   0.00   0.00   0.00 0.00 0.00 0.00  1.04 530.8 435254. 21.78 527.8 117364.
344 12:32:18 0.57  70.49 232.65 -6.90 1729  20.90   529.0 117893. -3.60  3.64   0.00   0.00   0.00 0.00 0.00 0.00  1.20 527.0 569130. 21.90 528.2 136780.
344 12:32:58 0.57  70.49 232.64 -6.90 1729  23.47   533.4 125959. -4.57  2.99   0.00   0.00   0.00 0.00 0.00 0.00  0.98 531.3 434592. 22.47 532.1 105916.
344 12:33:39 0.57  70.49 232.64 -6.90 1729  23.10   528.2 111166. -5.02  2.09   0.00   0.00   0.00 0.00 0.00 0.00  1.16 529.5 640726. 21.86 530.2 143296.
344 12:34:19 0.57  70.49 232.63 -6.90 1729  22.23   539.3 117016. -5.87  2.26   0.00   0.00   0.00 0.00 0.00 0.00  1.09 532.7 390764. 20.73 536.6 118078.
344 12:35:00 0.57  70.49 232.63 -6.90 1729  21.59   548.3 189518. -7.32  0.70   0.00   0.00   0.00 0.00 0.00 0.00  0.93 541.6 513425. 18.58 550.2 177096.
344 12:35:40 0.57  70.49 232.62 -6.90 1729  18.69   545.2 177314. -7.23  1.85   0.00   0.00   0.00 0.00 0.00 0.00  1.10 542.8 654382. 19.08 552.1 180153.
344 12:36:21 0.57  70.50 232.62 -6.90 1729  19.32   548.3 162085. -6.63  2.51   0.00   0.00   0.00 0.00 0.00 0.00  0.93 549.5 476016. 16.80 548.5 170778.
344 12:37:01 0.57  70.50 232.61 -6.90 1729  18.70   543.3 117536. -6.49  3.35   0.00   0.00   0.00 0.00 0.00 0.00  1.07 540.6 566843. 16.72 542.0 116980.
344 12:37:42 0.57  70.50 232.61 -6.90 1729  21.58   550.7 140905. -4.17  3.61   0.00   0.00   0.00 0.00 0.00 0.00  1.09 537.7 570066. 18.12 549.3 131748.
344 12:38:22 0.57  70.50 232.60 -6.90 1729  21.00   554.8 142536. -4.14  3.53   0.00   0.00   0.00 0.00 0.00 0.00  1.11 551.0 613946. 19.99 552.9 156670.
344 12:39:03 0.57  70.50 232.59 -6.90 1729  18.83   549.3 174218. -2.64  2.14   0.00   0.00   0.00 0.00 0.00 0.00  1.12 550.3 476692. 17.70 547.3 170755.
344 12:39:43 0.57  70.50 232.59 -6.90 1729  19.82   536.3 143897. -5.20  2.73   0.00   0.00   0.00 0.00 0.00 0.00  1.06 542.4 560151. 17.81 536.1 123133.
344 12:40:24 0.57  70.50 232.58 -6.90 1729  17.72   554.7 217741. -3.43  2.01   0.00   0.00   0.00 0.00 0.00 0.00  0.97 535.4 571105. 18.24 554.9 208518.
344 12:41:04 0.57  70.50 232.58 -6.90 1729  19.42   536.6 144027. -5.44  3.83   0.00   0.00   0.00 0.00 0.00 0.00  1.06 530.7 444207. 18.24 536.0 122740.
344 12:41:45 0.57  70.50 232.57 -6.90 1729  -1.00    -1.0     -1. -1.00 -1.00   0.00   0.00   0.00 0.00 0.00 0.00 -1.00  -1.0     -1. 18.79 538.3 141490.
344 12:42:25 0.57  70.50 232.57 -6.90 1729  19.43   539.9 167426. -5.49  2.52   0.00   0.00   0.00 0.00 0.00 0.00  1.11 534.2 477471. 18.10 543.7 174676.
344 12:43:06 0.57  70.50 232.56 -6.90 1729  20.20   542.8 154311. -5.75  2.26   0.00   0.00   0.00 0.00 0.00 0.00  1.09 531.3 761218. 19.29 542.5 159766.
344 12:43:46 0.57  70.50 232.55 -6.90 1729  19.26   536.9 151167. -6.52  3.65   0.00   0.00   0.00 0.00 0.00 0.00  0.96 531.6 406486. 18.32 541.4 155455.
344 12:44:27 0.57  70.50 232.55 -6.90 1729  17.36   534.5 115882. -3.47  4.03   0.00   0.00   0.00 0.00 0.00 0.00  1.20 525.4 639349. 16.13 534.2 130351.
344 12:45:07 0.57  70.50 232.54 -6.90 1729  17.75   548.7 172090. -3.09  3.96   0.00   0.00   0.00 0.00 0.00 0.00  0.93 536.0 444675. 18.12 554.2 180377.
344 12:45:48 0.57  70.50 232.54 -6.90 1729  19.39   546.6 151300. -3.24  4.20   0.00   0.00   0.00 0.00 0.00 0.00  0.93 533.0 671456. 18.70 545.5 169466.
344 12:46:28 0.57  70.50 232.53 -6.90 1729  17.85   513.1  97087. -0.63  5.83   0.00   0.00   0.00 0.00 0.00 0.00  1.06 513.8 676849. 17.19 514.5 111559.
344 12:47:09 0.57  70.50 232.52 -6.90 1729  16.45   475.7 108421.  1.47  0.66   0.00   0.00   0.00 0.00 0.00 0.00  0.81 489.4 473313. 15.53 473.6  97265.
344 12:47:49 0.57  70.50 232.52 -6.90 1729  15.03   471.6 142175.  0.00  0.00   0.00   0.00   0.00 0.00 0.00 0.00  0.87 482.9 364204. 14.36 467.3 125543.
344 12:48:30 0.57  70.50 232.51 -6.90 1729  15.06   471.0 141633. -0.56  0.80   0.00   0.00   0.00 0.00 0.00 0.00  0.85 489.6 463074. 16.87 472.5 161247.
344 12:49:10 0.57  70.51 232.51 -6.90 1729  16.60   482.6 121726.  0.40  0.01   0.00   0.00   0.00 0.00 0.00 0.00  0.85 488.2 363503. 17.75 479.9 108313.
344 12:49:51 0.57  70.51 232.50 -6.90 1729  13.83   489.5  86945.  0.99  2.26   0.00   0.00   0.00 0.00 0.00 0.00  0.86 490.5 527498. 14.11 483.4  75621.
344 12:50:31 0.57  70.51 232.50 -6.90 1729  16.67   487.0 117805.  0.70 -0.86   0.00   0.00   0.00 0.00 0.00 0.00  0.94 485.8 367777. 16.14 486.8 104360.
344 12:51:12 0.57  70.51 232.49 -6.90 1729  17.04   485.3  91395.  1.42  0.70   0.00   0.00   0.00 0.00 0.00 0.00  0.89 489.7 457227. 14.96 482.0  89761.
344 12:51:52 0.57  70.51 232.48 -6.90 1729  14.71   480.1  80497.  0.69 -0.47   0.00   0.00   0.00 0.00 0.00 0.00  0.66 497.9 304718. 14.01 482.9  94137.
344 12:52:33 0.57  70.51 232.48 -6.90 1729  14.28   481.4  92211.  0.70  0.67   0.00   0.00   0.00 0.00 0.00 0.00  0.83 486.1 424950. 14.57 477.0  90314.
344 12:53:13 0.57  70.51 232.47 -6.90 1729  14.57   471.7  78609. -0.52 -0.61   0.00   0.00   0.00 0.00 0.00 0.00  0.81 474.6 308110. 13.68 466.6  77187.
344 12:53:54 0.57  70.51 232.47 -6.90 1729  17.62   470.3  90791. -3.61 -3.76   0.00   0.00   0.00 0.00 0.00 0.00  1.13 465.0 393791. 14.80 469.4  82647.
344 12:54:34 0.57  70.51 232.46 -6.90 1729  11.97   470.8  58576.  0.30  0.09   0.00   0.00   0.00 0.00 0.00 0.00  0.88 472.2 217673. 10.03 466.9  55286.
344 12:55:15 0.57  70.51 232.46 -6.90 1729  14.40   462.6  66421. -0.86 -1.98   0.00   0.00   0.00 0.00 0.00 0.00  0.87 463.6 337333. 14.10 465.8  78951.
344 12:55:55 0.57  70.51 232.45 -6.90 1729  12.80   464.6  76800. -0.93 -1.66   0.00   0.00   0.00 0.00 0.00 0.00  0.86 470.7 251691. 13.63 462.4  66301.
344 12:56:36 0.57  70.51 232.44 -6.90 1729  13.91   462.5  64592. -0.69 -1.73   0.00   0.00   0.00 0.00 0.00 0.00  0.99 461.2 300560. 13.92 464.6  71495.
344 12:57:16 0.57  70.51 232.44 -6.90 1729  16.85   470.2  77385. -0.28 -1.83   0.00   0.00   0.00 0.00 0.00 0.00  0.90 472.9 279601. 15.85 466.9  68747.
344 12:57:57 0.57  70.51 232.43 -6.90 1729  16.47   469.4  93569. -0.69 -2.90   0.00   0.00   0.00 0.00 0.00 0.00  0.90 462.3 355135. 15.49 468.8  80468.
344 12:58:37 0.57  70.51 232.43 -6.90 1729  14.96   470.2  76426.  0.00  0.00   0.00   0.00   0.00 0.00 0.00 0.00  0.83 476.4 328562. 14.36 466.0  70316.
344 12:59:18 0.57  70.51 232.42 -6.90 1729  15.54   471.5  92428. -1.03 -1.75   0.00   0.00   0.00 0.00 0.00 0.00  0.06 590.8 331460. 15.48 471.2  89937.
344 12:59:58 0.57  70.51 232.41 -6.90 1729  15.50   473.0  85789. -2.51 -5.01   0.00   0.00   0.00 0.00 0.00 0.00  0.67 484.9 259578. 15.31 474.9 103889.
344 13:00:39 0.57  70.51 232.41 -6.90 1729  13.38   469.9 103938. -1.18 -1.53   0.00   0.00   0.00 0.00 0.00 0.00  0.10 589.0 333266. 11.67 472.5 164534.
344 13:01:19 0.57  70.51 232.40 -6.90 1729  12.49   466.1  94371. -1.10 -0.46   0.00   0.00   0.00 0.00 0.00 0.00  0.11 556.8 470052. 12.45 462.7  69147.
344 13:02:00 0.57  70.51 232.40 -6.90 1729  15.66   468.4 115801. -2.08 -0.37   0.00   0.00   0.00 0.00 0.00 0.00 -1.00  -1.0     -1. 13.55 475.0 164892.
344 13:02:40 0.57  70.51 232.39 -6.90 1729  13.61   474.0 153564. -1.40 -0.27   0.00   0.00   0.00 0.00 0.00 0.00  0.12 559.5 552537. 13.31 465.1  69504.
344 13:03:21 0.57  70.52 232.39 -6.90 1729  13.23   461.5  66973. -1.66 -0.26   0.00   0.00   0.00 0.00 0.00 0.00  1.12 459.2 344895. 13.37 472.6 174900.
344 13:04:01 0.57  70.52 232.38 -6.90 1729  10.56   473.8 277932. -1.38  0.15   0.00   0.00   0.00 0.00 0.00 0.00  0.16 565.4 411788. 11.36 473.9 255845.
344 13:04:42 0.57  70.52 232.38 -6.90 1729  12.23   470.1 204809. -1.15  2.03   0.00   0.00   0.00 0.00 0.00 0.00  0.13 565.4 231472. 10.95 471.7 190207.
344 13:05:22 0.57  70.52 232.37 -6.90 1729  13.35   474.9 268024. -1.92  0.60   0.00   0.00   0.00 0.00 0.00 0.00  0.22 557.0 394012. 13.07 472.7 241575.
344 13:06:03 0.57  70.52 232.37 -6.90 1729  13.25   474.0 209370. -1.28  0.83   0.00   0.00   0.00 0.00 0.00 0.00 -1.00  -1.0     -1. 12.67 474.8 202243.
344 13:06:43 0.57  70.52 232.36 -6.90 1729  12.44   481.0 257723. -1.77  1.22   0.00   0.00   0.00 0.00 0.00 0.00  0.23 556.4 406005. 12.76 476.4 230728.
344 13:07:24 0.57  70.52 232.35 -6.90 1729  10.75   483.5 239658. -1.64  1.94   0.00   0.00   0.00 0.00 0.00 0.00  0.19 575.4 389100. 10.08 491.3 327929.
344 13:08:04 0.57  70.52 232.35 -6.90 1729  12.48   479.9 175855. -1.38  1.08   0.00   0.00   0.00 0.00 0.00 0.00  4.60 383.1 237150. 12.05 484.2 232313.
344 13:08:45 0.57  70.52 232.34 -6.90 1729  11.78   477.2 195960. -0.90  1.58   0.00   0.00   0.00 0.00 0.00 0.00 -1.00  -1.0     -1. 10.43 480.0 185149.
344 13:09:25 0.57  70.52 232.34 -6.90 1729  11.05   483.2 186211. -1.81  0.94   0.00   0.00   0.00 0.00 0.00 0.00  4.35 384.0 209357. 12.11 482.0 198874.
344 13:10:06 0.57  70.52 232.33 -6.90 1729  11.72   477.3 237677. -1.65  1.38   0.00   0.00   0.00 0.00 0.00 0.00 -1.00  -1.0     -1. 10.56 484.5 309890.
344 13:10:46 0.57  70.52 232.33 -6.90 1729  11.74   480.6 181137. -1.11  0.87   0.00   0.00   0.00 0.00 0.00 0.00 -1.00  -1.0     -1. 12.19 481.9 201154.
344 13:11:27 0.57  70.52 232.32 -6.90 1729  12.57   485.3 197643. -0.17  1.05   0.00   0.00   0.00 0.00 0.00 0.00 -1.00  -1.0     -1. 11.65 483.2 168036.
344 13:12:07 0.57  70.52 232.32 -6.90 1729   9.28   483.4 297611. -1.91  1.63   0.00   0.00   0.00 0.00 0.00 0.00  0.19 550.7 330056. 10.52 478.1 214424.
344 13:12:48 0.57  70.52 232.31 -6.90 1729  11.01   472.7 249754. -2.59  1.61   0.00   0.00   0.00 0.00 0.00 0.00 -1.00  -1.0     -1. 10.87 468.9 199796.
344 13:13:28 0.57  70.52 232.30 -6.90 1729  11.15   476.0 299820. -2.10  0.42   0.00   0.00   0.00 0.00 0.00 0.00  0.10 570.9 254107. 10.23 475.2 252980.
344 13:14:09 0.57  70.52 232.30 -6.90 1729  11.80   471.5 249183. -2.59  1.99   0.00   0.00   0.00 0.00 0.00 0.00  0.23 543.9 528875. 10.56 469.3 225105.
344 13:14:49 0.57  70.52 232.29 -6.90 1729  11.06   464.8 175297. -1.70 -0.07   0.00   0.00   0.00 0.00 0.00 0.00 -1.00  -1.0     -1. 10.85 464.9 141941.
344 13:15:30 0.57  70.52 232.29 -6.90 1729  14.78   465.9 114761. -1.94  0.07   0.00   0.00   0.00 0.00 0.00 0.00  1.05 460.8 341972. 13.50 464.5 109564.
344 13:16:10 0.57  70.53 232.28 -6.90 1729  10.96   464.7 161192. -2.50  0.09   0.00   0.00   0.00 0.00 0.00 0.00 -1.00  -1.0     -1. 10.70 463.5 129217.
344 13:16:51 0.57  70.53 232.28 -6.90 1729   8.71   445.7  36311. -2.62 -0.30   0.00   0.00   0.00 0.00 0.00 0.00  0.18 553.4 465816.  9.06 447.2  47632.
344 13:17:31 0.57  70.53 232.27 -6.90 1729  10.01   463.3 225225. -3.59  0.07   0.00   0.00   0.00 0.00 0.00 0.00  0.22 556.7 336969.  9.94 472.6 306375.
344 13:18:12 0.57  70.53 232.27 -6.90 1729  11.50   469.4 271695. -3.59 -0.13   0.00   0.00   0.00 0.00 0.00 0.00  0.17 539.4 466622. 10.62 467.4 252941.
344 13:18:52 0.57  70.53 232.26 -6.90 1729  11.39   467.8 218618. -3.08 -0.22   0.00   0.00   0.00 0.00 0.00 0.00  4.33 381.3 273689. 12.04 474.3 277535.
344 13:54:33 0.57  70.55 231.96 -6.90 1729  13.49   469.7 244762. -2.50 -2.44   0.00   0.00   0.00 0.00 0.00 0.00  0.29 536.8 477796. 11.58 468.3 237427.
344 13:55:14 0.57  70.55 231.95 -6.90 1729  11.66   468.9 237459. -2.98 -0.72   0.00   0.00   0.00 0.00 0.00 0.00 -1.00  -1.0     -1. 11.16 475.1 305712.
344 13:55:54 0.57  70.55 231.95 -6.90 1729  12.15   472.0 246662. -1.73  0.09   0.00   0.00   0.00 0.00 0.00 0.00  0.27 535.9 475262. 11.82 468.3 209116.
344 13:56:35 0.57  70.56 231.94 -6.90 1729  12.63   464.7 209899. -2.98 -0.26   0.00   0.00   0.00 0.00 0.00 0.00 -1.00  -1.0     -1. 11.47 474.8 278484.
344 13:57:16 0.57  70.56 231.93 -6.90 1729  12.36   471.7 227736. -1.08 -0.85   0.00   0.00   0.00 0.00 0.00 0.00 -1.00  -1.0     -1. 11.86 468.6 194787.
344 13:57:57 0.57  70.56 231.93 -6.90 1729  11.90   468.3 210507. -2.08 -0.62   0.00   0.00   0.00 0.00 0.00 0.00 -1.00  -1.0     -1. 11.30 476.0 266877.
344 13:58:37 0.57  70.56 231.92 -6.90 1729  10.79   474.5 273943. -2.39 -0.59   0.00   0.00   0.00 0.00 0.00 0.00  0.26 539.9 510996. 11.45 469.5 216393.
344 13:59:18 0.57  70.56 231.92 -6.90 1729  12.05   466.2 218179. -2.21 -0.58   0.00   0.00   0.00 0.00 0.00 0.00 -1.00  -1.0     -1. 10.83 473.5 276769.
344 13:59:58 0.57  70.56 231.91 -6.90 1729  12.48   475.4 245044. -1.72 -2.11   0.00   0.00   0.00 0.00 0.00 0.00  0.28 538.6 430953. 12.83 470.6 211501.
344 14:00:39 0.57  70.56 231.91 -6.90 1729  12.67   470.9 214220. -2.83 -1.88   0.00   0.00   0.00 0.00 0.00 0.00 -1.00  -1.0     -1. 12.41 477.2 256079.
344 14:01:19 0.57  70.56 231.90 -6.90 1729  12.88   475.6 253594. -2.48 -2.72   0.00   0.00   0.00 0.00 0.00 0.00 -1.00  -1.0     -1. 12.30 472.2 234766.
344 14:02:00 0.57  70.56 231.90 -6.90 1729  12.51   477.7 292533. -2.53 -1.89   0.00   0.00   0.00 0.00 0.00 0.00 -1.00  -1.0     -1. 12.31 476.9 249842.
344 14:02:40 0.57  70.56 231.89 -6.90 1729  13.59   473.5 224358. -2.77 -3.06   0.00   0.00   0.00 0.00 0.00 0.00 -1.00  -1.0     -1. 12.63 471.6 210010.
344 14:03:21 0.57  70.56 231.88 -6.90 1729  11.88   476.9 284448. -2.73 -2.32   0.00   0.00   0.00 0.00 0.00 0.00 -1.00  -1.0     -1. 12.40 479.3 242104.
344 14:04:01 0.57  70.56 231.88 -6.90 1729  10.28   480.9 218387. -0.31 -1.99   0.00   0.00   0.00 0.00 0.00 0.00 -1.00  -1.0     -1. 10.48 476.2 176648.
344 14:04:42 0.57  70.56 231.87 -6.90 1729  13.16   477.9 276723. -2.07 -1.93   0.00   0.00   0.00 0.00 0.00 0.00 -1.00  -1.0     -1. 12.53 476.9 233139.
344 14:05:22 0.57  70.56 231.87 -6.90 1729  12.85   477.8 200842.  0.99 -1.10   0.00   0.00   0.00 0.00 0.00 0.00 -1.00  -1.0     -1. 11.97 478.0 179851.
344 14:06:03 0.57  70.56 231.86 -6.90 1729  12.32   471.9 206358. -1.29 -0.16   0.00   0.00   0.00 0.00 0.00 0.00 -1.00  -1.0     -1. 11.83 478.5 234734.
344 14:06:43 0.57  70.56 231.86 -6.90 1729  12.73   483.4 220837. -1.47 -3.05   0.00   0.00   0.00 0.00 0.00 0.00  0.29 544.7 472664. 14.12 482.1 295584.
344 14:07:24 0.57  70.56 231.85 -6.90 1729  10.05   474.6 293307. -1.47 -0.65   0.00   0.00   0.00 0.00 0.00 0.00  0.18 556.2 432357. 10.70 477.2 256378.
344 14:08:04 0.57  70.56 231.85 -6.90 1729   9.39   474.3 237898. -0.93 -1.15   0.00   0.00   0.00 0.00 0.00 0.00  0.19 549.5 439490.  9.59 466.6 156166.
344 14:08:45 0.57  70.56 231.84 -6.90 1729  10.43   463.6 165096. -1.37 -1.32   0.00   0.00   0.00 0.00 0.00 0.00  0.09 566.4 397520.  9.97 456.4  70147.
344 14:09:25 0.57  70.56 231.83 -6.90 1729   9.92   469.3 221165. -0.74 -1.41   0.00   0.00   0.00 0.00 0.00 0.00 -1.00  -1.0     -1. 10.06 456.5 108164.
344 14:10:06 0.57  70.57 231.83 -6.90 1729  11.12   463.3 157706. -1.21 -1.20   0.00   0.00   0.00 0.00 0.00 0.00 -1.00  -1.0     -1.  9.99 457.7  69858.
344 14:10:46 0.57  70.57 231.82 -6.90 1729   9.95   464.4 131056. -0.29 -1.55   0.00   0.00   0.00 0.00 0.00 0.00  0.13 565.9 229289.  9.12 460.8 107196.
344 14:11:27 0.57  70.57 231.82 -6.90 1729  11.57   467.9 199124. -2.20 -2.30   0.00   0.00   0.00 0.00 0.00 0.00  0.11 569.0 235617. 11.52 475.2 245314.
344 14:12:07 0.57  70.57 231.81 -6.90 1729  12.80   469.8 207057. -1.92 -3.10   0.00   0.00   0.00 0.00 0.00 0.00 -1.00  -1.0     -1. 12.04 466.7 189548.
344 14:12:48 0.57  70.57 231.81 -6.90 1729  10.15   462.8 180010. -2.58 -2.38   0.00   0.00   0.00 0.00 0.00 0.00 -1.00  -1.0     -1.  9.24 455.4  80516.
344 14:13:28 0.57  70.57 231.80 -6.90 1729   9.57   458.2 137481. -2.95 -2.83   0.00   0.00   0.00 0.00 0.00 0.00  0.09 579.0 465738. 10.08 454.3 107329.
344 14:14:09 0.57  70.57 231.80 -6.90 1729   9.25   463.6 203571. -2.25 -1.48   0.00   0.00   0.00 0.00 0.00 0.00 -1.00  -1.0     -1.  8.77 462.1 159574.
344 14:14:49 0.57  70.57 231.79 -6.90 1729   9.76   469.2 219661. -1.80 -1.85   0.00   0.00   0.00 0.00 0.00 0.00 -1.00  -1.0     -1.  9.43 448.3  50851.
344 14:15:30 0.57  70.57 231.78 -6.90 1729   9.27   460.9 172721. -1.97 -1.26   0.00   0.00   0.00 0.00 0.00 0.00 -1.00  -1.0     -1.  8.90 460.4 144319.
344 14:16:10 0.57  70.57 231.78 -6.90 1729  10.84   452.1  59278. -2.57 -3.02   0.00   0.00   0.00 0.00 0.00 0.00 -1.00  -1.0     -1. 10.49 454.8  83878.
344 14:16:51 0.57  70.57 231.77 -6.90 1729   9.76   455.1 103688. -1.85 -0.95   0.00   0.00   0.00 0.00 0.00 0.00  0.07 565.0 346325.  8.56 455.1  72145.
344 14:17:31 0.57  70.57 231.77 -6.90 1729   8.33   460.7 125300. -1.74 -1.40   0.00   0.00   0.00 0.00 0.00 0.00  0.08 563.2 207577.  9.67 455.1  99530.
344 14:18:12 0.57  70.57 231.76 -6.90 1729   9.40   453.3  88264. -2.82 -2.51   0.00   0.00   0.00 0.00 0.00 0.00  0.35 454.8 247611.  8.37 454.2  75653.
344 14:18:52 0.57  70.57 231.76 -6.90 1729  12.17   456.8  63387. -2.48 -3.63   0.00   0.00   0.00 0.00 0.00 0.00 -1.00  -1.0     -1. 10.88 460.5  99478.
344 14:19:33 0.57  70.57 231.75 -6.90 1729  11.44   463.4  84502. -1.87 -3.58   0.00   0.00   0.00 0.00 0.00 0.00  0.54 454.2 313697. 11.90 460.9  67864.
344 14:20:13 0.57  70.57 231.74 -6.90 1729  14.77   461.0  69296. -2.04 -5.08   0.00   0.00   0.00 0.00 0.00 0.00  0.89 456.8 221233. 15.02 464.9  70969.
344 14:20:54 0.57  70.57 231.74 -6.90 1729  15.20   462.2  78460. -1.56 -4.50   0.00   0.00   0.00 0.00 0.00 0.00  0.79 467.6 349209. 13.90 460.1  74419.
344 14:21:34 0.57  70.57 231.73 -6.90 1729  12.55   454.5  70462. -1.45 -2.36   0.00   0.00   0.00 0.00 0.00 0.00  0.83 455.0 252574. 13.27 455.6  88209.
344 14:22:15 0.57  70.57 231.73 -6.90 1729  13.05   454.5  83641. -0.42 -1.88   0.00   0.00   0.00 0.00 0.00 0.00  1.00 448.6 312307. 12.63 455.8  76381.
344 14:22:55 0.57  70.57 231.72 -6.90 1729  14.06   453.5  70618. -1.01 -2.53   0.00   0.00   0.00 0.00 0.00 0.00  1.21 440.2 375847. 14.85 453.7  89411.
344 14:23:36 0.57  70.58 231.72 -6.90 1729  14.28   457.4  76628. -0.99 -3.27   0.00   0.00   0.00 0.00 0.00 0.00  0.07 568.2 389178. 15.03 454.1  69894.
344 14:24:16 0.57  70.58 231.71 -6.90 1729  13.65   451.1  73094. -2.65 -2.28   0.00   0.00   0.00 0.00 0.00 0.00  1.18 431.7 332668. 13.67 449.0  51456.
344 14:24:57 0.57  70.58 231.70 -6.90 1729  12.63   454.1  76082. -1.53 -3.02   0.00   0.00   0.00 0.00 0.00 0.00  0.99 445.9 301639. 12.92 454.8  66723.
344 14:25:37 0.57  70.58 231.70 -6.90 1729  14.40   445.1  79763. -0.39 -0.91   0.00   0.00   0.00 0.00 0.00 0.00  0.99 430.8 272299. 15.26 440.8  72398.
344 14:26:18 0.57  70.58 231.69 -6.90 1729  13.36   445.0  71791. -0.78 -1.11   0.00   0.00   0.00 0.00 0.00 0.00  1.49 431.1 376120. 12.81 449.9  79789.
344 14:26:58 0.57  70.58 231.69 -6.90 1729  16.62   449.2  81975.  0.99  0.00   0.00   0.00   0.00 0.00 0.00 0.00  1.06 454.2 354901. 16.35 445.8  75637.
344 14:27:39 0.57  70.58 231.68 -6.90 1729  17.35   445.3  75468.  0.54  1.22   0.00   0.00   0.00 0.00 0.00 0.00  1.28 447.3 285721. 17.72 444.4 104022.
344 14:28:19 0.57  70.58 231.68 -6.90 1729  18.25   463.1  74754.  1.05  4.23   0.00   0.00   0.00 0.00 0.00 0.00  0.89 471.9 204393. 19.48 464.9  90755.
344 14:29:00 0.57  70.58 231.67 -6.90 1729  18.86   451.4 106640. -0.15 -0.14   0.00   0.00   0.00 0.00 0.00 0.00  0.06 553.9 149195. 17.75 450.9  94433.
344 14:29:40 0.57  70.58 231.67 -6.90 1729  17.61   478.0 108398.  0.52  2.69   0.00   0.00   0.00 0.00 0.00 0.00  1.13 467.2 307200. 14.81 476.7  84096.
344 14:30:21 0.57  70.58 231.66 -6.90 1729  17.49   467.3  71041. -0.44  1.53   0.00   0.00   0.00 0.00 0.00 0.00  1.28 459.6 456175. 16.41 463.9  71648.
344 14:31:01 0.57  70.58 231.65 -6.90 1729  17.96   461.0  77547. -0.23  3.26   0.00   0.00   0.00 0.00 0.00 0.00  1.11 465.9 316881. 18.03 464.8  91337.
344 14:31:42 0.57  70.58 231.65 -6.90 1729  19.69   463.7  95105. -0.27  2.75   0.00   0.00   0.00 0.00 0.00 0.00  1.17 473.3 423092. 18.94 460.1  92630.
344 14:32:22 0.57  70.58 231.64 -6.90 1729  16.74   461.6  71235. -0.14  3.17   0.00   0.00   0.00 0.00 0.00 0.00  1.11 465.0 313840. 16.15 463.9  74708.
344 14:33:03 0.57  70.58 231.64 -6.90 1729  17.75   463.6  66424. -0.44  2.59   0.00   0.00   0.00 0.00 0.00 0.00  0.82 468.3 212592. 16.79 461.7  59882.
344 14:33:43 0.57  70.58 231.63 -6.90 1729  17.51   465.9  60824. -0.08  2.72   0.00   0.00   0.00 0.00 0.00 0.00  1.28 464.3 270934. 16.84 467.3  63641.
344 14:34:24 0.57  70.58 231.63 -6.90 1729  19.88   469.9  71213. -0.36  3.31   0.00   0.00   0.00 0.00 0.00 0.00  1.26 468.2 404355. 17.93 466.6  65271.
344 14:35:04 0.57  70.58 231.62 -6.90 1729  18.09   470.6  87491. -0.31  3.62   0.00   0.00   0.00 0.00 0.00 0.00  0.96 459.6 236995. 18.13 469.1  77313.
344 14:35:45 0.57  70.58 231.61 -6.90 1729  19.19   457.8  72408. -0.49  1.84   0.00   0.00   0.00 0.00 0.00 0.00  0.06 553.6 148519. 18.67 455.3  76751.
344 14:36:25 0.57  70.59 231.61 -6.90 1729  17.79   462.7  61714. -0.68  1.60   0.00   0.00   0.00 0.00 0.00 0.00  1.27 460.5 232161. 18.01 460.9  46651.
344 14:37:06 0.57  70.59 231.60 -6.90 1729  18.99   459.6  74234. -0.67  1.66   0.00   0.00   0.00 0.00 0.00 0.00  1.30 461.9 420065. 18.23 457.7  68279.
344 14:37:46 0.57  70.59 231.60 -6.90 1729  17.74   458.0  69286.  0.44  2.06   0.00   0.00   0.00 0.00 0.00 0.00  1.24 460.3 282408. 16.96 456.1  52229.
344 14:38:27 0.57  70.59 231.59 -6.90 1729  18.11   457.0  54067.  0.14  2.33   0.00   0.00   0.00 0.00 0.00 0.00  1.20 454.1 288736. 18.48 455.7  79210.
344 14:39:07 0.57  70.59 231.58 -6.90 1729  18.73   458.8  75497.  0.66  1.66   0.00   0.00   0.00 0.00 0.00 0.00  1.07 462.4 278445. 18.32 461.9  79750.
344 14:39:48 0.57  70.59 231.58 -6.90 1729  18.95   462.6  83726.  0.49  0.39   0.00   0.00   0.00 0.00 0.00 0.00  1.36 461.8 448794. 18.52 457.8  84385.
344 14:40:28 0.57  70.59 231.57 -6.90 1729  18.94   458.4 126333.  1.32 -0.54   0.00   0.00   0.00 0.00 0.00 0.00  0.93 465.6 298520. 18.65 454.1 119699.
344 14:41:09 0.57  70.59 231.57 -6.90 1729  17.72   457.0 111724.  1.64 -1.54   0.00   0.00   0.00 0.00 0.00 0.00  0.98 458.9 248390. 16.94 454.2  86666.
344 14:41:49 0.57  70.59 231.56 -6.90 1729  19.55   461.7 119358.  2.16 -1.34   0.00   0.00   0.00 0.00 0.00 0.00  0.93 465.9 333617. 17.63 458.2 117214.
344 14:42:30 0.57  70.59 231.56 -6.90 1729  19.12   451.3 128970.  0.97  0.26   0.00   0.00   0.00 0.00 0.00 0.00  1.05 455.9 246610. 17.99 455.1 137822.
344 14:43:10 0.57  70.59 231.55 -6.90 1729  15.65   463.0 134408.  2.21  1.21   0.00   0.00   0.00 0.00 0.00 0.00  0.74 468.6 344207. 14.40 460.2 123812.
344 14:43:51 0.57  70.59 231.54 -6.90 1729  14.46   456.6 184616.  0.16  1.72   0.00   0.00   0.00 0.00 0.00 0.00  1.09 443.8 331135. 12.62 457.3 161760.
344 14:44:31 0.57  70.59 231.54 -6.90 1729  13.83   459.9 128353.  1.96  1.44   0.00   0.00   0.00 0.00 0.00 0.00 -1.00  -1.0     -1. 12.92 454.3 121395.
344 14:45:12 0.57  70.59 231.53 -6.90 1729  14.69   440.6 135581. -1.13 -0.83   0.00   0.00   0.00 0.00 0.00 0.00 -1.00  -1.0     -1. 14.69 442.4 186062.
344 14:45:52 0.57  70.59 231.53 -6.90 1729  16.98   466.0 130195.  2.22  1.09   0.00   0.00   0.00 0.00 0.00 0.00 -1.00  -1.0     -1. 15.10 466.6 147129.
344 14:46:33 0.57  70.59 231.52 -6.90 1729  16.57   477.6 130659.  2.81 -0.83   0.00   0.00   0.00 0.00 0.00 0.00  0.72 493.5 329043. 18.12 473.6 117464.
344 14:47:26 0.57  70.59 231.52 -6.90 1729  14.83   464.8 169280.  1.64  0.38   0.00   0.00   0.00 0.00 0.00 0.00 -1.00  -1.0     -1. 15.19 462.1 134122.
344 14:47:54 0.57  70.59 231.51 -6.90 1729  15.69   460.1 165431.  1.05  0.09   0.00   0.00   0.00 0.00 0.00 0.00  1.19 447.1 356941. 15.15 459.2 145031.
344 14:48:33 0.57  70.59 231.50 -6.90 1729  15.99   462.3 139326.  2.15  0.93   0.00   0.00   0.00 0.00 0.00 0.00 -1.00  -1.0     -1. 15.12 456.1 125355.
344 14:49:14 0.57  70.59 231.50 -6.90 1729  15.00   463.7 167588.  0.00  0.00   0.00   0.00   0.00 0.00 0.00 0.00 -1.00  -1.0     -1. 15.14 462.1 133577.
344 14:50:08 0.57  70.60 231.49 -6.90 1729  16.15   461.8 123510.  1.81  0.09   0.00   0.00   0.00 0.00 0.00 0.00  0.84 470.5 334149. 15.62 461.1 178227.
344 14:52:50 0.57  70.60 231.47 -6.90 1729  15.77   475.9  85769.  0.00  0.05   0.00   0.00   0.00 0.00 0.00 0.00  1.17 466.6 493610. 14.37 477.9  96996.
344 14:55:32 0.57  70.60 231.45 -6.90 1729  16.19   435.1  62458.  0.62 -2.05   0.00   0.00   0.00 0.00 0.00 0.00  1.65 420.2 410553. 16.77 434.1  64501.
344 14:58:14 0.57  70.60 231.43 -6.91 1729  18.22   433.9  67428. -0.24 -2.84   0.00   0.00   0.00 0.00 0.00 0.00  1.87 423.7 268972. 17.38 431.6  63364.
344 15:00:56 0.57  70.60 231.40 -6.91 1729  18.42   440.6 100891. -1.14 -5.32   0.00   0.00   0.00 0.00 0.00 0.00  1.35 440.3 191672. 17.31 440.4  78213.
344 15:03:38 0.57  70.61 231.38 -6.91 1729  16.84   464.9 158570. -1.41 -3.12   0.00   0.00   0.00 0.00 0.00 0.00 -1.00  -1.0     -1. 16.07 463.9 140018.
344 15:06:20 0.57  70.61 231.36 -6.91 1729  12.03   445.2  37776. -1.91 -3.11   0.00   0.00   0.00 0.00 0.00 0.00  0.06 549.7 307629. 12.75 446.9  37884.
344 15:09:02 0.57  70.61 231.33 -6.91 1729  14.57   448.3  50423. -1.70 -3.06   0.00   0.00   0.00 0.00 0.00 0.00  0.11 541.8 181420. 13.41 451.3  73129.
344 15:11:44 0.57  70.61 231.31 -6.91 1729  19.51   470.3 123146. -0.61 -4.80   0.00   0.00   0.00 0.00 0.00 0.00 -1.00  -1.0     -1. 19.36 470.7 101453.
344 15:14:26 0.57  70.61 231.29 -6.91 1729  18.87   473.2  72905. -1.06 -4.67   0.00   0.00   0.00 0.00 0.00 0.00  1.13 479.4 515296. 18.29 472.5  94222.
344 15:17:08 0.57  70.62 231.27 -6.91 1729  16.36   446.5  67880. -2.37 -4.17   0.00   0.00   0.00 0.00 0.00 0.00  0.04 565.2 229094. 15.59 444.5  68192.
344 15:19:50 0.57  70.62 231.24 -6.91 1729  16.77   437.0  66548. -3.72 -3.97   0.00   0.00   0.00 0.00 0.00 0.00  0.04 558.3 274846. 15.99 440.4  84600.
344 15:22:32 0.57  70.62 231.22 -6.91 1729  17.64   444.7  64069. -1.24  0.52   0.00   0.00   0.00 0.00 0.00 0.00  1.05 434.6 292946. 18.22 444.3  62461.
344 15:25:14 0.57  70.62 231.20 -6.91 1729  18.17   438.7  64076. -1.30  0.78   0.00   0.00   0.00 0.00 0.00 0.00  1.39 427.7 376353. 17.87 435.2  57839.
344 15:27:56 0.57  70.62 231.17 -6.91 1729  19.04   435.8  77788. -0.36  0.11   0.00   0.00   0.00 0.00 0.00 0.00  0.04 569.9 214918. 19.13 437.7  68565.
344 15:30:38 0.57  70.63 231.15 -6.91 1729  16.44   449.5  50085. -1.02  0.54   0.00   0.00   0.00 0.00 0.00 0.00  1.27 438.6 292478. 14.20 446.3  42058.
344 15:33:20 0.57  70.63 231.13 -6.91 1729  15.50   448.0  62916.  0.43 -0.31   0.00   0.00   0.00 0.00 0.00 0.00  0.14 547.3 294804. 16.26 446.7  47986.
344 15:36:02 0.57  70.63 231.11 -6.91 1729  16.54   447.5  45222.  0.22  0.43   0.00   0.00   0.00 0.00 0.00 0.00  2.06 389.8 330186. 14.79 448.3  69735.
344 15:38:44 0.57  70.63 231.08 -6.91 1729  16.07   437.0  46976. -1.11  0.83   0.00   0.00   0.00 0.00 0.00 0.00 -1.00  -1.0     -1. 16.91 438.1  60311.
344 15:41:26 0.57  70.63 231.06 -6.91 1729  17.61   438.7  57748. -0.54  0.02   0.00   0.00   0.00 0.00 0.00 0.00  0.07 545.8 188995. 16.30 436.7  45881.
344 15:44:08 0.57  70.64 231.04 -6.91 1729  15.76   438.1  46843. -0.72  0.72   0.00   0.00   0.00 0.00 0.00 0.00  1.67 418.7 394337. 16.27 437.5  59190.
344 15:46:50 0.57  70.64 231.02 -6.91 1729  16.28   436.4  54629. -3.24  0.87   0.00   0.00   0.00 0.00 0.00 0.00  0.06 568.9 422897. 16.33 435.7  43380.
344 15:49:32 0.57  70.64 231.00 -6.91 1729  16.89   433.8  42535. -2.79 -0.07   0.00   0.00   0.00 0.00 0.00 0.00  1.57 415.3 359202. 15.65 437.1  52761.
344 15:52:14 0.57  70.64 230.97 -6.91 1729  16.69   435.2  54753. -4.05 -1.03   0.00   0.00   0.00 0.00 0.00 0.00  1.46 423.4 241049. 15.89 433.8  55802.
344 15:54:56 0.57  70.64 230.95 -6.91 1729  17.31   436.5  43984. -2.31  0.26   0.00   0.00   0.00 0.00 0.00 0.00  1.72 416.4 359318. 16.14 436.6  56773.
344 15:57:38 0.57  70.65 230.93 -6.91 1729  17.28   436.9  55614. -1.90  1.56   0.00   0.00   0.00 0.00 0.00 0.00  0.06 572.8 312541. 16.67 435.8  44202.
344 16:00:20 0.57  70.65 230.90 -6.91 1729  16.89   426.4  61487. -5.97  2.27   0.00   0.00   0.00 0.00 0.00 0.00  1.69 416.1 341036. 16.91 433.2  63202.
344 16:03:02 0.57  70.65 230.88 -6.91 1729  17.03   434.8  55750. -2.27  2.86   0.00   0.00   0.00 0.00 0.00 0.00  0.05 554.1 292777. 16.74 435.7  40018.
344 16:05:44 0.57  70.65 230.86 -6.91 1729  16.24   437.5  43643. -1.32  3.11   0.00   0.00   0.00 0.00 0.00 0.00  1.62 417.9 391842. 16.71 437.0  52914.
344 16:08:26 0.57  70.65 230.83 -6.91 1729  19.37   443.2  52404. -0.67  3.20   0.00   0.00   0.00 0.00 0.00 0.00  0.08 551.0 393830. 17.75 441.9  41015.
344 16:11:08 0.57  70.66 230.81 -6.91 1729  17.57   438.7  43896. -0.28  2.84   0.00   0.00   0.00 0.00 0.00 0.00  1.54 419.6 405174. 18.07 438.8  57014.
344 16:13:50 0.57  70.66 230.79 -6.91 1729  17.56   436.7  52352. -0.34  3.07   0.00   0.00   0.00 0.00 0.00 0.00  1.47 432.3 332512. 16.96 434.6  43614.
344 16:16:32 0.57  70.66 230.77 -6.91 1729  17.02   438.2  37003. -1.07  0.66   0.00   0.00   0.00 0.00 0.00 0.00  0.06 548.8 276808. 16.77 437.6  50169.
344 16:19:14 0.57  70.66 230.74 -6.91 1729  16.95   441.7  41431. -0.47  1.74   0.00   0.00   0.00 0.00 0.00 0.00  0.06 560.1 310696. 14.94 439.5  43175.
344 16:21:56 0.57  70.66 230.72 -6.91 1729  16.72   433.6  57933.  0.73  2.32   0.00   0.00   0.00 0.00 0.00 0.00  1.25 427.8 296363. 16.80 435.5  60425.
344 16:24:38 0.57  70.67 230.70 -6.91 1729  17.92   438.8  58638. -0.04  4.44   0.00   0.00   0.00 0.00 0.00 0.00  1.51 430.6 362476. 16.92 437.4  49305.
344 16:27:20 0.57  70.67 230.68 -6.91 1729  16.27   433.9  37565. -0.86  3.22   0.00   0.00   0.00 0.00 0.00 0.00  1.22 425.5 226690. 18.01 432.7  53496.
344 16:30:02 0.57  70.67 230.66 -6.91 1729  15.58   434.2  49412. -0.71  2.88   0.00   0.00   0.00 0.00 0.00 0.00  0.05 548.0 342530. 14.06 433.1  44553.
344 16:32:44 0.57  70.67 230.63 -6.91 1729  16.27   433.9  39095. -1.15  2.22   0.00   0.00   0.00 0.00 0.00 0.00  0.06 547.1 444974. 15.94 434.7  48399.
344 16:35:26 0.57  70.67 230.61 -6.91 1729  15.83   420.1  60126. -2.52  5.10   0.00   0.00   0.00 0.00 0.00 0.00  1.45 394.6 324950. 15.70 421.3  59814.
344 16:38:08 0.57  70.68 230.59 -6.91 1729  21.53   457.3  85743.  3.78  4.57   0.00   0.00   0.00 0.00 0.00 0.00  1.31 454.9 476224. 20.64 457.3  95105.
344 16:40:50 0.57  70.68 230.56 -6.91 1729  19.52   421.0  84902. -5.01  4.14   0.00   0.00   0.00 0.00 0.00 0.00  0.07 559.3 375652. 18.86 424.8 111789.
344 16:43:32 0.57  70.68 230.54 -6.91 1729  15.53   421.6  59044. -1.96  4.14   0.00   0.00   0.00 0.00 0.00 0.00  0.16 532.4 298988. 15.63 424.0  73162.
344 16:46:14 0.57  70.68 230.52 -6.91 1729  14.79   430.0  61795. -1.28  3.06   0.00   0.00   0.00 0.00 0.00 0.00  0.18 522.7 490491. 15.71 428.3  51774.
344 16:48:56 0.57  70.68 230.50 -6.91 1729  17.33   432.9  40690. -1.80  3.26   0.00   0.00   0.00 0.00 0.00 0.00  0.13 528.1 307291. 15.93 431.2  33534.
344 16:51:38 0.57  70.69 230.47 -6.91 1729  14.63   416.4  44754. -0.99  3.59   0.00   0.00   0.00 0.00 0.00 0.00  0.16 523.3 487022. 15.37 419.3  64287.
344 16:54:20 0.57  70.69 230.45 -6.91 1729  15.72   430.4  41148. -1.41  2.20   0.00   0.00   0.00 0.00 0.00 0.00  0.15 529.0 280849. 14.81 429.0  32777.
344 16:57:02 0.57  70.69 230.43 -6.91 1729  15.30   425.1  70638. -1.40  2.96   0.00   0.00   0.00 0.00 0.00 0.00 -1.00  -1.0     -1. 15.34 422.1  61571.
344 16:59:44 0.57  70.69 230.40 -6.91 1729  16.41   420.5  60691. -0.75  3.02   0.00   0.00   0.00 0.00 0.00 0.00  0.12 523.2 161695. 15.72 416.9  53639.
344 17:02:26 0.57  70.69 230.38 -6.91 1729  17.07   419.5  78616. -1.08  0.93   0.00   0.00   0.00 0.00 0.00 0.00  2.43 382.7 277132. 15.64 419.2  67724.
344 17:05:08 0.57  70.70 230.36 -6.91 1729  17.37   419.5  66119. -3.08  0.57   0.00   0.00   0.00 0.00 0.00 0.00  0.13 533.4 402419. 15.80 417.3  57153.
344 17:31:43 0.57  70.72 230.14 -6.91 1729  16.40   418.1  61916. -0.07 -0.77   0.00   0.00   0.00 0.00 0.00 0.00  0.15 528.3 303120. 16.44 414.1  57254.
344 17:32:08 0.57  70.72 230.14 -6.91 1729  17.00   422.5  72918.  0.47 -1.19   0.00   0.00   0.00 0.00 0.00 0.00  0.14 531.1 320142. 16.38 419.7  66200.
344 17:32:18 0.57  70.72 230.13 -6.91 1729  -1.00    -1.0     -1. -1.00 -1.00   0.00   0.00   0.00 0.00 0.00 0.00 -1.00  -1.0     -1. 16.38 419.7  66171.
344 17:32:28 0.57  70.72 230.13 -6.91 1729  16.09   419.2  61867. -0.12 -1.06   0.00   0.00   0.00 0.00 0.00 0.00  2.93 372.3 309916. 16.19 415.6  48438.
344 17:33:09 0.57  70.72 230.12 -6.91 1729  16.47   416.7  52105.  0.75 -0.76   0.00   0.00   0.00 0.00 0.00 0.00  0.14 522.2 266322. 17.10 419.6  65879.
344 17:33:49 0.57  70.72 230.12 -6.91 1729  16.60   424.0  62007.  2.66  0.68   0.00   0.00   0.00 0.00 0.00 0.00  0.16 535.2 325015. 16.44 417.8  53704.
344 17:34:30 0.57  70.72 230.11 -6.91 1729  15.71   415.5  49698.  1.09  0.39   0.00   0.00   0.00 0.00 0.00 0.00  0.14 531.8 317777. 15.69 416.4  62780.
344 17:35:10 0.57  70.72 230.11 -6.91 1729  16.08   415.4  62871.  0.02  0.64   0.00   0.00   0.00 0.00 0.00 0.00  0.22 518.2 473404. 15.94 412.6  52433.
344 17:35:51 0.57  70.72 230.10 -6.91 1729  16.61   411.7  52294. -0.58  1.54   0.00   0.00   0.00 0.00 0.00 0.00  0.17 522.0 284617. 15.91 414.4  62867.
344 17:36:31 0.57  70.72 230.10 -6.91 1729  16.26   417.4  64043.  1.14  1.58   0.00   0.00   0.00 0.00 0.00 0.00  0.27 505.9 388581. 15.94 413.3  56786.
344 17:37:12 0.57  70.72 230.09 -6.91 1729  17.63   413.9  51316.  0.58  0.98   0.00   0.00   0.00 0.00 0.00 0.00  0.16 523.6 277249. 16.25 415.1  64956.
344 17:37:52 0.57  70.72 230.08 -6.91 1729  16.39   416.2  64209.  0.36  0.84   0.00   0.00   0.00 0.00 0.00 0.00  0.18 502.9 422391. 16.84 412.7  55120.
344 17:38:33 0.57  70.72 230.08 -6.91 1729  16.61   414.0  49750.  0.03  0.40   0.00   0.00   0.00 0.00 0.00 0.00  0.14 520.0 257200. 16.14 415.8  61230.
344 17:39:13 0.57  70.72 230.07 -6.91 1729  17.01   415.7  61750.  0.06  0.72   0.00   0.00   0.00 0.00 0.00 0.00  0.13 529.9 314919. 16.00 413.9  50224.
344 17:39:54 0.57  70.72 230.07 -6.91 1729  16.92   413.7  52096. -0.53 -0.03   0.00   0.00   0.00 0.00 0.00 0.00  0.14 531.0 262774. 16.74 416.3  59928.
344 17:40:34 0.57  70.72 230.06 -6.91 1729  18.02   419.5  65041.  0.67  0.43   0.00   0.00   0.00 0.00 0.00 0.00  0.18 506.9 467570. 19.07 415.8  53502.
344 17:41:15 0.57  70.72 230.06 -6.91 1729  21.31   440.3  73246.  3.24 -0.20   0.00   0.00   0.00 0.00 0.00 0.00  1.47 442.8 263177. 22.44 438.1  93380.
344 17:41:55 0.57  70.72 230.05 -6.91 1729  20.58   437.5  94043.  2.70  0.16   0.00   0.00   0.00 0.00 0.00 0.00  1.36 432.1 305134. 19.84 434.6  70540.
344 17:42:36 0.57  70.73 230.05 -6.91 1729  18.81   433.6  78531.  3.02  0.05   0.00   0.00   0.00 0.00 0.00 0.00  1.12 443.2 293713. 18.72 427.7  66759.
344 17:43:16 0.57  70.73 230.04 -6.91 1729  23.23   438.7  86084.  2.52  0.29   0.00   0.00   0.00 0.00 0.00 0.00  1.45 434.8 324742. 22.58 434.9  73948.
344 17:43:57 0.57  70.73 230.03 -6.91 1729  19.42   440.6 121132.  3.62 -0.25   0.00   0.00   0.00 0.00 0.00 0.00  0.53 458.8 308954. 18.59 433.4 108216.
344 17:44:37 0.57  70.73 230.03 -6.91 1729  19.64   417.9  60977.  0.73  1.06   0.00   0.00   0.00 0.00 0.00 0.00  0.21 499.1 437580. 18.71 414.5  51508.
344 17:45:18 0.57  70.73 230.02 -6.91 1729  18.20   414.3  48971.  1.03  1.54   0.00   0.00   0.00 0.00 0.00 0.00  0.15 526.0 245934. 17.63 417.0  62900.
344 17:45:58 0.57  70.73 230.02 -6.91 1729  17.87   415.4  60762. -0.33  1.65   0.00   0.00   0.00 0.00 0.00 0.00  0.18 520.1 545416. 16.95 412.4  53271.
344 17:46:39 0.57  70.73 230.01 -6.91 1729  17.09   410.7  49061. -1.88  3.09   0.00   0.00   0.00 0.00 0.00 0.00  0.10 529.6 447755. 15.77 410.2  39745.
344 17:47:19 0.57  70.73 230.01 -6.91 1729  16.54   413.7  59889.  0.71  1.57   0.00   0.00   0.00 0.00 0.00 0.00  0.16 509.2 362580. 16.31 410.5  56773.
344 17:48:00 0.57  70.73 230.00 -6.91 1729  17.42   412.0  51342.  0.94  1.19   0.00   0.00   0.00 0.00 0.00 0.00  0.16 523.2 322078. 16.62 412.6  59444.
344 17:48:40 0.57  70.73 230.00 -6.91 1729  16.42   415.8  61786.  1.59  1.14   0.00   0.00   0.00 0.00 0.00 0.00  0.17 518.7 591999. 16.46 411.9  52372.
344 17:49:21 0.57  70.73 229.99 -6.91 1729  16.59   415.1  51196.  1.79  0.88   0.00   0.00   0.00 0.00 0.00 0.00 -1.00  -1.0     -1. 15.89 416.0  62708.
344 17:50:01 0.57  70.73 229.99 -6.91 1729  18.26   417.0  57449.  2.11  0.81   0.00   0.00   0.00 0.00 0.00 0.00  2.20 377.7 336956. 17.05 412.8  52898.
344 17:50:42 0.57  70.73 229.98 -6.91 1729  17.09   416.5  49796.  2.38  0.63   0.00   0.00   0.00 0.00 0.00 0.00  0.12 528.6 286085. 16.61 416.6  61601.
344 17:51:22 0.57  70.73 229.97 -6.91 1729  16.82   415.9  61458.  0.93  2.97   0.00   0.00   0.00 0.00 0.00 0.00  2.57 375.7 323442. 16.20 412.0  52645.
344 17:52:03 0.57  70.73 229.97 -6.91 1729  16.18   415.1  51417.  1.11  3.32   0.00   0.00   0.00 0.00 0.00 0.00  0.16 519.1 357265. 16.52 415.9  61389.
344 17:52:43 0.57  70.73 229.96 -6.91 1729  16.87   421.9  61412.  2.62  2.70   0.00   0.00   0.00 0.00 0.00 0.00  1.25 423.2 241490. 16.07 416.9  49958.
344 17:53:24 0.57  70.73 229.96 -6.91 1729  17.31   412.7  51475.  0.78  3.02   0.00   0.00   0.00 0.00 0.00 0.00  0.11 521.6 321389. 16.79 414.1  57748.
344 17:54:04 0.57  70.73 229.95 -6.91 1729  17.02   417.2  56569.  1.23  3.11   0.00   0.00   0.00 0.00 0.00 0.00  0.99 421.7 239853. 16.69 412.5  54496.
344 17:54:45 0.57  70.73 229.95 -6.91 1729  17.51   411.7  49731.  0.51  2.70   0.00   0.00   0.00 0.00 0.00 0.00  1.61 400.3 355836. 16.01 411.5  55711.
344 17:55:25 0.57  70.73 229.94 -6.91 1729  17.00   415.7  58472.  0.94  2.92   0.00   0.00   0.00 0.00 0.00 0.00  1.04 416.2 124598. 16.46 411.8  54262.
344 17:56:06 0.57  70.74 229.93 -6.91 1729  17.39   414.0  49558.  0.89  3.07   0.00   0.00   0.00 0.00 0.00 0.00  1.72 400.4 353926. 16.79 414.3  56461.
344 17:56:46 0.57  70.74 229.93 -6.91 1729  15.98   413.7  57972.  0.67  1.99   0.00   0.00   0.00 0.00 0.00 0.00  0.09 539.3 406980. 16.44 409.7  54288.
344 17:57:27 0.57  70.74 229.92 -6.91 1729  16.45   411.2  49711.  0.88  2.91   0.00   0.00   0.00 0.00 0.00 0.00  1.64 399.8 375743. 15.20 413.1  60152.
344 17:58:07 0.57  70.74 229.92 -6.91 1729  16.47   415.9  59749.  0.68  3.13   0.00   0.00   0.00 0.00 0.00 0.00 -1.00  -1.0     -1. 16.25 411.9  53798.
344 17:58:48 0.57  70.74 229.91 -6.91 1729  16.60   411.4  51975.  0.22  3.34   0.00   0.00   0.00 0.00 0.00 0.00  1.54 398.2 371052. 16.00 412.5  57615.
344 17:59:28 0.57  70.74 229.91 -6.91 1729  17.36   419.5  52930.  0.93  2.35   0.00   0.00   0.00 0.00 0.00 0.00  1.57 408.8 256784. 16.97 416.0  45884.
344 18:00:09 0.57  70.74 229.90 -6.91 1729  17.13   413.6  48116.  0.59  3.21   0.00   0.00   0.00 0.00 0.00 0.00  0.08 522.8 506240. 16.18 414.2  56270.
344 18:00:49 0.57  70.74 229.89 -6.91 1729  16.43   415.5  55211.  0.37  3.27   0.00   0.00   0.00 0.00 0.00 0.00  1.48 410.6 355420. 17.03 413.0  53746.
344 18:01:30 0.57  70.74 229.89 -6.92 1729  17.02   412.0  48707. -0.16  3.24   0.00   0.00   0.00 0.00 0.00 0.00  1.64 397.9 362918. 15.43 412.4  53301.
344 18:02:10 0.57  70.74 229.88 -6.92 1729  17.03   418.4  59700.  3.00  1.43   0.00   0.00   0.00 0.00 0.00 0.00  0.10 537.4 409670. 14.75 413.4  56526.
344 18:02:51 0.57  70.74 229.88 -6.92 1729  15.91   410.1  47925.  0.12  3.58   0.00   0.00   0.00 0.00 0.00 0.00  0.09 519.6 332473. 14.28 411.4  56156.
344 18:03:31 0.57  70.74 229.87 -6.92 1729  16.56   413.4  57283. -0.25  4.71   0.00   0.00   0.00 0.00 0.00 0.00 -1.00  -1.0     -1. 16.37 410.2  53596.
344 18:04:12 0.57  70.74 229.87 -6.92 1729  15.78   412.5  49477.  0.77  4.56   0.00   0.00   0.00 0.00 0.00 0.00  1.22 411.3 279757. 15.41 413.8  57348.
344 18:04:52 0.57  70.74 229.86 -6.92 1729  14.89   413.5  58388.  0.83  3.60   0.00   0.00   0.00 0.00 0.00 0.00  0.07 534.1 407526. 15.27 410.9  52258.
344 18:05:33 0.57  70.74 229.85 -6.92 1729  15.81   410.5  50374.  1.25  2.06   0.00   0.00   0.00 0.00 0.00 0.00  0.07 526.9 393414. 14.56 411.4  57368.
344 18:06:13 0.57  70.74 229.85 -6.92 1729  15.21   412.1  56442.  0.62  2.29   0.00   0.00   0.00 0.00 0.00 0.00  0.07 534.6 378640. 15.66 408.6  50588.
344 18:06:54 0.57  70.74 229.84 -6.92 1729  17.20   411.2  49672.  0.48  2.49   0.00   0.00   0.00 0.00 0.00 0.00  1.51 396.6 317387. 16.04 409.8  40190.
344 18:07:34 0.57  70.74 229.84 -6.92 1729  14.02   413.5  60392.  2.36  2.17   0.00   0.00   0.00 0.00 0.00 0.00  0.05 552.7 316868. 14.19 408.5  53268.
344 18:08:15 0.57  70.74 229.83 -6.92 1729  15.16   407.9  51043.  1.07  2.87   0.00   0.00   0.00 0.00 0.00 0.00  0.09 524.7 380589. 14.10 403.7  42863.
344 18:08:55 0.57  70.74 229.83 -6.92 1729  15.40   413.5  60314.  1.75  2.11   0.00   0.00   0.00 0.00 0.00 0.00  1.87 386.6 391361. 15.17 409.4  54983.
344 18:09:36 0.57  70.75 229.82 -6.92 1729  15.90   406.7  51478.  0.15  2.04   0.00   0.00   0.00 0.00 0.00 0.00  1.60 395.3 303887. 14.57 404.4  39397.
344 18:10:16 0.57  70.75 229.81 -6.92 1729  14.52   401.9  39371. -0.36  2.19   0.00   0.00   0.00 0.00 0.00 0.00  0.08 531.6 480941. 14.68 403.0  55620.
344 18:10:57 0.57  70.75 229.81 -6.92 1729  14.63   404.7  50676.  0.24  2.35   0.00   0.00   0.00 0.00 0.00 0.00  0.07 522.1 390867. 14.03 402.7  39033.
344 18:11:37 0.57  70.75 229.80 -6.92 1729  14.56   410.4  66018.  0.92  1.97   0.00   0.00   0.00 0.00 0.00 0.00  0.14 533.0 388204. 15.29 406.0  56546.
344 18:12:18 0.57  70.75 229.80 -6.92 1729  15.73   407.2  52284.  0.97  1.70   0.00   0.00   0.00 0.00 0.00 0.00  0.10 517.3 350340. 14.49 404.7  40066.
344 18:12:58 0.57  70.75 229.79 -6.92 1729  15.58   406.6  61903. -0.26  3.04   0.00   0.00   0.00 0.00 0.00 0.00  0.14 510.0 363425. 15.55 404.9  53736.
344 18:13:39 0.57  70.75 229.79 -6.92 1729  15.99   404.0  54925.  0.24  1.57   0.00   0.00   0.00 0.00 0.00 0.00  0.14 512.1 370766. 14.47 401.6  41782.
344 18:14:19 0.57  70.75 229.78 -6.92 1729  14.31   405.1  64190.  0.27  2.68   0.00   0.00   0.00 0.00 0.00 0.00  0.13 516.5 240165. 14.70 403.8  51855.
344 18:15:00 0.57  70.75 229.77 -6.92 1729  15.49   404.0  56754.  0.89  1.22   0.00   0.00   0.00 0.00 0.00 0.00  0.12 512.8 299781. 14.31 400.7  47226.
344 18:15:40 0.57  70.75 229.77 -6.92 1729  14.09   400.9  41239.  0.59  0.47   0.00   0.00   0.00 0.00 0.00 0.00  0.15 514.9 242439. 14.34 402.0  55958.
344 18:16:21 0.57  70.75 229.76 -6.92 1729  14.98   403.1  58469.  0.63  1.71   0.00   0.00   0.00 0.00 0.00 0.00  0.16 513.5 297572. 14.07 400.8  41148.
344 18:17:01 0.57  70.75 229.76 -6.92 1729  14.22   400.0  42737.  0.36  1.48   0.00   0.00   0.00 0.00 0.00 0.00  0.13 510.9 306200. 14.82 400.7  59210.
344 18:17:52 0.57  70.75 229.75 -6.92 1729  15.29   395.7  46723. -2.48  2.40   0.00   0.00   0.00 0.00 0.00 0.00  0.15 503.7 436346. 14.67 398.8  59833.
344 18:18:32 0.57  70.75 229.74 -6.92 1729  14.90   397.0  58661. -3.00  0.40   0.00   0.00   0.00 0.00 0.00 0.00  0.14 503.3 139645. 14.88 396.4  46453.
344 18:19:13 0.57  70.75 229.74 -6.92 1729  15.08   397.8  48162. -0.63  2.35   0.00   0.00   0.00 0.00 0.00 0.00  0.12 504.1 407461. 15.15 400.1  58183.
344 18:19:53 0.57  70.75 229.73 -6.92 1729  15.05   400.0  58027. -0.33  1.98   0.00   0.00   0.00 0.00 0.00 0.00  0.23 495.9 506383. 14.49 397.2  45271.
344 18:20:34 0.57  70.75 229.73 -6.92 1729  14.84   398.2  49087. -0.05  1.19   0.00   0.00   0.00 0.00 0.00 0.00  0.08 532.5 407578. 14.98 400.5  60122.
344 18:21:14 0.57  70.75 229.72 -6.92 1729  14.81   398.1  60766. -1.22  1.20   0.00   0.00   0.00 0.00 0.00 0.00  0.17 512.8 325197. 14.48 396.4  49289.
344 18:21:55 0.57  70.75 229.72 -6.92 1729  15.39   396.6  48090. -2.83 -1.69   0.00   0.00   0.00 0.00 0.00 0.00  0.15 506.3 337814. 15.62 400.5  61864.
344 18:22:35 0.57  70.76 229.71 -6.92 1729  15.08   399.2  59781. -1.76 -0.77   0.00   0.00   0.00 0.00 0.00 0.00  0.11 515.8 346312. 15.26 397.2  46362.
344 18:23:16 0.57  70.76 229.71 -6.92 1729  15.69   416.3  67295.  2.48  3.79   0.00   0.00   0.00 0.00 0.00 0.00  0.16 526.7 415283. 15.61 411.5  60925.
344 18:23:56 0.57  70.76 229.70 -6.92 1729  14.87   402.8  54483.  0.28  2.71   0.00   0.00   0.00 0.00 0.00 0.00  0.15 512.8 260305. 14.44 400.7  42519.
344 18:29:21 0.57  70.76 229.66 -6.92 1729  16.26   411.7  48402.  1.35  0.94   0.00   0.00   0.00 0.00 0.00 0.00  0.13 514.4 288788. 16.02 412.1  64612.
344 18:30:02 0.57  70.76 229.65 -6.92 1729  16.63   421.3  48223.  0.79  0.66   0.00   0.00   0.00 0.00 0.00 0.00  0.93 426.3 262021. 14.56 419.2  38410.
344 18:30:43 0.57  70.76 229.64 -6.92 1729  14.80   416.7  42717.  1.42  0.61   0.00   0.00   0.00 0.00 0.00 0.00  0.12 516.2 291530. 14.66 418.5  60421.
344 18:31:23 0.57  70.76 229.64 -6.92 1729  15.53   414.1  58492.  1.74  1.31   0.00   0.00   0.00 0.00 0.00 0.00  0.13 500.1 369740. 15.33 410.1  49558.
344 18:32:04 0.57  70.76 229.63 -6.92 1729  15.50   416.4  41304.  1.81  2.07   0.00   0.00   0.00 0.00 0.00 0.00  0.11 516.3 310241. 15.98 415.8  60983.
344 18:32:44 0.57  70.76 229.63 -6.92 1729  16.40   417.9  57397.  2.15  1.36   0.00   0.00   0.00 0.00 0.00 0.00  0.10 534.9 331953. 15.33 412.8  48071.
344 18:33:25 0.57  70.76 229.62 -6.92 1729  16.66   410.3  46453.  1.32  1.66   0.00   0.00   0.00 0.00 0.00 0.00  0.14 516.4 274196. 14.73 411.7  59651.
344 18:34:05 0.57  70.76 229.62 -6.92 1729  16.07   414.3  60265.  1.71  1.95   0.00   0.00   0.00 0.00 0.00 0.00 -1.00  -1.0     -1. 16.05 409.8  52921.
344 18:34:46 0.57  70.76 229.61 -6.92 1729  16.76   413.5  51196.  1.84  1.13   0.00   0.00   0.00 0.00 0.00 0.00  0.11 523.5 389243. 17.08 413.9  64885.
344 18:35:26 0.57  70.77 229.61 -6.92 1729  18.50   417.3  70904.  1.90  3.64   0.00   0.00   0.00 0.00 0.00 0.00 -1.00  -1.0     -1. 18.51 412.7  59310.
344 18:36:07 0.57  70.77 229.60 -6.92 1729  17.58   410.4  53044.  0.79  4.85   0.00   0.00   0.00 0.00 0.00 0.00  0.15 511.5 294102. 16.20 412.0  68789.
344 18:36:47 0.57  70.77 229.59 -6.92 1729  16.14   416.7  64609.  0.87  4.41   0.00   0.00   0.00 0.00 0.00 0.00 -1.00  -1.0     -1. 16.27 412.3  58056.
344 18:37:28 0.57  70.77 229.59 -6.92 1729  17.42   413.8  49393.  0.57  4.16   0.00   0.00   0.00 0.00 0.00 0.00 -1.00  -1.0     -1. 16.05 414.2  65648.
344 18:38:08 0.57  70.77 229.58 -6.92 1729  16.49   415.7  66437.  0.07  5.60   0.00   0.00   0.00 0.00 0.00 0.00 -1.00  -1.0     -1. 16.77 411.2  57520.
344 18:38:49 0.57  70.77 229.58 -6.92 1729  15.49   407.3  53678.  0.18  5.77   0.00   0.00   0.00 0.00 0.00 0.00  0.16 513.5 311540. 14.34 408.7  68081.
344 18:39:29 0.57  70.77 229.57 -6.92 1729  15.70   406.7  62257. -0.35  5.30   0.00   0.00   0.00 0.00 0.00 0.00 -1.00  -1.0     -1. 15.92 406.0  54038.
344 18:40:10 0.57  70.77 229.56 -6.92 1729  16.55   407.8  55938. -0.39  5.77   0.00   0.00   0.00 0.00 0.00 0.00  1.19 408.1 252093. 14.46 405.0  41967.
344 18:40:50 0.57  70.77 229.56 -6.92 1729  16.74   421.5  62146.  1.92  5.81   0.00   0.00   0.00 0.00 0.00 0.00  0.99 429.7 308655. 15.83 417.3  45774.
344 18:41:31 0.57  70.77 229.55 -6.92 1729  16.30   417.5  52973.  3.26  4.97   0.00   0.00   0.00 0.00 0.00 0.00  0.11 517.6 141412. 15.46 418.9  64014.
344 18:42:11 0.57  70.77 229.55 -6.92 1729  17.60   415.0  59258.  1.12  5.17   0.00   0.00   0.00 0.00 0.00 0.00 -1.00  -1.0     -1. 16.80 411.4  50150.
344 18:42:52 0.57  70.77 229.54 -6.92 1729  16.45   414.4  48737.  2.28  4.84   0.00   0.00   0.00 0.00 0.00 0.00  1.12 415.9 304965. 15.45 414.1  58586.
344 18:43:32 0.57  70.77 229.54 -6.92 1729  17.17   420.0  59096.  2.12  5.11   0.00   0.00   0.00 0.00 0.00 0.00  1.02 424.2 260163. 16.38 415.7  51933.
344 18:44:13 0.57  70.77 229.53 -6.92 1729  17.04   416.9  42698.  1.66  5.60   0.00   0.00   0.00 0.00 0.00 0.00  0.14 512.0 309435. 17.51 415.3  62760.
344 18:44:53 0.57  70.77 229.52 -6.92 1729  16.16   415.6  65960.  1.72  5.04   0.00   0.00   0.00 0.00 0.00 0.00 -1.00  -1.0     -1. 17.06 410.7  54941.
344 18:45:34 0.57  70.77 229.52 -6.92 1729  16.65   415.9  53561.  2.16  5.73   0.00   0.00   0.00 0.00 0.00 0.00 -1.00  -1.0     -1. 16.35 417.7  69468.
344 18:46:14 0.57  70.77 229.51 -6.92 1729  18.91   427.4  62543.  1.89  5.34   0.00   0.00   0.00 0.00 0.00 0.00  1.17 430.5 301249. 17.87 428.2  65846.
344 18:46:55 0.57  70.77 229.51 -6.92 1729  18.32   425.7  45160.  2.24  4.35   0.00   0.00   0.00 0.00 0.00 0.00 -1.00  -1.0     -1. 17.78 425.6  59271.
344 18:47:35 0.57  70.77 229.50 -6.92 1729  19.52   427.2  62981.  2.21  4.22   0.00   0.00   0.00 0.00 0.00 0.00  1.08 429.7 321130. 17.87 423.3  45024.
344 18:48:16 0.57  70.78 229.50 -6.92 1729  20.34   434.1  72577.  2.41  5.42   0.00   0.00   0.00 0.00 0.00 0.00  0.64 452.1 293972. 18.14 430.1  63131.
344 18:48:56 0.57  70.78 229.49 -6.92 1729  20.76   430.6  59392.  2.53  3.77   0.00   0.00   0.00 0.00 0.00 0.00  1.32 430.6 248182. 20.50 429.5  64771.
344 18:49:37 0.57  70.78 229.48 -6.92 1729  18.34   414.2  55464.  1.46  0.11   0.00   0.00   0.00 0.00 0.00 0.00  1.46 409.4 265516. 17.72 415.2  61194.
344 18:50:17 0.57  70.78 229.48 -6.92 1729  20.00   422.1  66756.  2.19  1.08   0.00   0.00   0.00 0.00 0.00 0.00  1.09 429.8 289658. 18.50 416.4  56221.
344 18:50:58 0.57  70.78 229.47 -6.92 1729  16.82   409.3  50809.  1.05 -1.40   0.00   0.00   0.00 0.00 0.00 0.00  1.30 409.5 261592. 14.91 404.1  39729.
344 18:51:38 0.57  70.78 229.47 -6.92 1729  14.29   412.6  32943.  2.45  0.69   0.00   0.00   0.00 0.00 0.00 0.00  0.28 496.0 326626. 12.15 410.8  38111.
344 18:52:19 0.57  70.78 229.46 -6.92 1729  12.52   411.2  36987.  2.56  1.45   0.00   0.00   0.00 0.00 0.00 0.00  0.14 524.5 276392. 12.02 405.2  36454.
344 18:52:59 0.57  70.78 229.45 -6.92 1729  11.44   409.5  36402.  2.26  0.69   0.00   0.00   0.00 0.00 0.00 0.00  2.53 345.4 201664. 12.47 409.6  39982.
344 18:53:40 0.57  70.78 229.45 -6.92 1729  12.27   412.3  37117.  3.09  1.87   0.00   0.00   0.00 0.00 0.00 0.00  2.28 358.7 268427. 11.34 410.1  37107.
344 18:54:20 0.57  70.78 229.44 -6.92 1729  11.01   414.0  32654.  2.45  4.13   0.00   0.00   0.00 0.00 0.00 0.00 -1.00  -1.0     -1. 11.49 413.0  39098.
344 18:55:01 0.57  70.78 229.44 -6.92 1729  10.57   412.6  38738.  0.00  3.07   0.00   0.00   0.00 0.00 0.00 0.00  2.07 353.3 233291. 12.00 411.7  33862.
344 18:57:02 0.57  70.78 229.42 -6.92 1729  12.71   412.1  33570.  3.73  2.58   0.00   0.00   0.00 0.00 0.00 0.00 -1.00  -1.0     -1. 12.12 409.6  35070.
344 18:57:43 0.57  70.78 229.41 -6.92 1729  11.73   412.0  38670.  0.00  4.67   0.00   0.00   0.00 0.00 0.00 0.00  0.75 411.5 304653. 11.83 411.4  34086.
344 18:58:23 0.57  70.78 229.41 -6.92 1729  11.05   411.1  32455.  3.78  3.38   0.00   0.00   0.00 0.00 0.00 0.00  0.17 510.5 273624. 12.88 409.2  36224.
344 18:59:04 0.57  70.78 229.40 -6.92 1729  13.62   415.7  38540.  0.00  2.07   0.00   0.00   0.00 0.00 0.00 0.00 -1.00  -1.0     -1. 12.89 413.9  32946.
344 18:59:44 0.57  70.78 229.40 -6.92 1729  12.50   414.1  32865.  3.90  4.07   0.00   0.00   0.00 0.00 0.00 0.00 -1.00  -1.0     -1. 12.60 412.7  41070.
344 19:00:25 0.57  70.78 229.39 -6.92 1729  11.75   411.1  42149.  0.00  3.00   0.00   0.00   0.00 0.00 0.00 0.00  2.50 353.8 250482. 12.09 410.3  37633.
344 19:01:05 0.57  70.78 229.39 -6.92 1729  15.27   411.2  39056.  3.37  3.43   0.00   0.00   0.00 0.00 0.00 0.00 -1.00  -1.0     -1. 14.54 408.8  49006.
344 19:01:46 0.57  70.78 229.38 -6.92 1729  15.40   410.7  51456.  0.00  2.71   0.00   0.00   0.00 0.00 0.00 0.00 -1.00  -1.0     -1. 15.02 413.3  65021.
344 19:02:26 0.57  70.79 229.38 -6.92 1729  15.89   411.2  62111.  3.02  1.79   0.00   0.00   0.00 0.00 0.00 0.00 -1.00  -1.0     -1. 16.04 406.9  51420.
344 19:03:07 0.57  70.79 229.37 -6.92 1729  16.41   418.2  41691.  0.00  2.98   0.00   0.00   0.00 0.00 0.00 0.00  1.33 418.8 320818. 15.18 415.5  34502.
344 19:03:47 0.57  70.79 229.36 -6.92 1729  15.69   426.6  58908.  5.60 -0.42   0.00   0.00   0.00 0.00 0.00 0.00  1.19 432.4 329472. 13.99 426.3  71619.
344 19:04:28 0.57  70.79 229.36 -6.92 1729  14.98   423.6  39930.  0.00  2.68   0.00   0.00   0.00 0.00 0.00 0.00  1.17 422.4 307304. 15.56 422.4  54623.
344 19:05:08 0.57  70.79 229.35 -6.92 1729  13.75   431.5  58570.  5.75  2.20   0.00   0.00   0.00 0.00 0.00 0.00  1.32 421.9 461281. 13.49 431.8  68322.
344 19:05:49 0.57  70.79 229.35 -6.92 1729  16.87   432.5  63410.  0.00  2.44   0.00   0.00   0.00 0.00 0.00 0.00  0.96 441.5 399963. 15.86 430.8  58472.
344 19:06:29 0.57  70.79 229.34 -6.92 1729  14.50   433.6  48006.  5.60  2.64   0.00   0.00   0.00 0.00 0.00 0.00 -1.00  -1.0     -1. 14.94 429.4  64316.
344 19:07:10 0.57  70.79 229.34 -6.92 1729  14.35   427.8  61714.  0.00  2.38   0.00   0.00   0.00 0.00 0.00 0.00  1.11 430.3 452341. 14.65 424.6  54220.
344 19:07:50 0.57  70.79 229.33 -6.92 1729  14.66   411.0  36941.  3.62  2.81   0.00   0.00   0.00 0.00 0.00 0.00 -1.00  -1.0     -1. 15.35 408.9  45901.
344 19:08:31 0.57  70.79 229.33 -6.92 1729  14.96   416.8  40814.  0.00  2.64   0.00   0.00   0.00 0.00 0.00 0.00  1.23 411.3 284344. 14.93 420.0  59632.
344 19:09:11 0.57  70.79 229.32 -6.92 1729  13.07   417.2  32813.  4.75  1.67   0.00   0.00   0.00 0.00 0.00 0.00 -1.00  -1.0     -1. 13.38 414.3  37370.
344 19:09:52 0.57  70.79 229.31 -6.92 1729  14.75   413.9  42399.  0.00  2.19   0.00   0.00   0.00 0.00 0.00 0.00  1.25 415.2 305381. 13.67 411.2  38426.
344 19:10:32 0.57  70.79 229.31 -6.92 1729  15.24   418.9  56855.  4.79  1.86   0.00   0.00   0.00 0.00 0.00 0.00 -1.00  -1.0     -1. 12.90 414.1  44091.
344 19:11:13 0.57  70.79 229.30 -6.92 1729  14.08   414.7  41886.  0.00  1.50   0.00   0.00   0.00 0.00 0.00 0.00 -1.00  -1.0     -1. 12.97 413.2  38407.
344 19:11:53 0.57  70.79 229.30 -6.92 1729  14.56   424.8  55487.  5.76  1.79   0.00   0.00   0.00 0.00 0.00 0.00 -1.00  -1.0     -1. 14.69 418.9  40466.
344 19:12:34 0.57  70.79 229.29 -6.92 1729  16.53   422.1  62266.  0.00  0.94   0.00   0.00   0.00 0.00 0.00 0.00  1.08 419.0 296857. 15.28 421.3  52190.
344 19:13:14 0.57  70.79 229.29 -6.92 1729  14.65   424.3  56465.  5.55  1.13   0.00   0.00   0.00 0.00 0.00 0.00  0.74 435.0 318076. 14.20 418.0  43676.
344 19:13:55 0.57  70.79 229.28 -6.92 1729  13.43   421.1  42496.  0.00 -0.86   0.00   0.00   0.00 0.00 0.00 0.00  1.13 416.8 284578. 15.25 421.4  54126.
344 19:14:35 0.57  70.79 229.28 -6.92 1729  15.04   427.9  54525.  6.04 -0.82   0.00   0.00   0.00 0.00 0.00 0.00 -1.00  -1.0     -1. 15.20 420.0  42694.
344 19:15:16 0.57  70.80 229.27 -6.92 1729  15.39   436.6 113121.  0.00 -0.77   0.00   0.00   0.00 0.00 0.00 0.00  0.86 451.9 306135. 17.00 431.1  57020.
344 19:15:56 0.57  70.80 229.26 -6.92 1729  10.44   427.5  44864.  3.40  2.10   0.00   0.00   0.00 0.00 0.00 0.00 -1.00  -1.0     -1. 12.50 416.7  39059.
344 19:16:37 0.57  70.80 229.26 -6.92 1729  15.72   405.0  60412.  0.00  4.17   0.00   0.00   0.00 0.00 0.00 0.00  0.67 473.6 300664. 15.11 407.9  82592.
344 19:17:17 0.57  70.80 229.25 -6.92 1729  17.56   451.1  72918.  3.54 -3.55   0.00   0.00   0.00 0.00 0.00 0.00  0.93 451.4 286540. 16.40 443.9  70810.
344 19:17:57 0.57  70.80 229.25 -6.92 1729   9.52   411.3  34093.  0.88  1.88   0.00   0.00   0.00 0.00 0.00 0.00 -1.00  -1.0     -1. 11.77 408.2  32686.
344 19:17:58 0.57  70.80 229.25 -6.92 1729  17.30   447.2  48558.  0.00 -2.33   0.00   0.00   0.00 0.00 0.00 0.00  0.87 454.5 341907. 16.64 447.8  65492.
344 19:18:38 0.57  70.80 229.24 -6.92 1729  16.24   444.2  68773.  0.00 -1.28   0.00   0.00   0.00 0.00 0.00 0.00  1.11 441.4 369999. 16.90 439.4  59999.
344 19:19:19 0.57  70.80 229.24 -6.92 1729  15.81   448.2  67688.  2.23 -6.11   0.00   0.00   0.00 0.00 0.00 0.00  0.96 479.8 519403. 16.90 448.9  72655.
344 19:19:59 0.57  70.80 229.23 -6.92 1729  10.47   478.2  44121. -0.08-10.17   0.00   0.00   0.00 0.00 0.00 0.00  1.11 463.0 448443. 13.00 476.1  35668.
344 19:20:40 0.57  70.80 229.23 -6.92 1729  17.20   479.3  42084.  0.77 -8.47   0.00   0.00   0.00 0.00 0.00 0.00  1.05 479.8 396403. 17.55 476.7  45037.
344 19:21:20 0.57  70.80 229.22 -6.92 1729  13.93   488.3  26449. -2.53 -9.29   0.00   0.00   0.00 0.00 0.00 0.00  1.51 484.0 447144.  9.30 488.0  52186.
344 19:22:01 0.57  70.80 229.22 -6.92 1729  18.31   469.7  65346.  0.00 -6.44   0.00   0.00   0.00 0.00 0.00 0.00  1.04 464.1 288294. 17.09 472.4  52359.
344 19:22:41 0.57  70.80 229.21 -6.92 1729  16.86   442.5  65151. -2.99 -9.47   0.00   0.00   0.00 0.00 0.00 0.00  1.14 452.3 379836. 14.48 440.0  60922.
344 19:23:22 0.57  70.80 229.20 -6.92 1729  13.35   475.1  36402.  1.51-10.70   0.00   0.00   0.00 0.00 0.00 0.00  1.12 482.1 422170. 14.18 467.9  43217.
344 19:24:02 0.57  70.80 229.20 -6.92 1729  16.15   468.6  49789.  1.57 -7.44   0.00   0.00   0.00 0.00 0.00 0.00  1.07 461.6 511970. 17.42 467.5  59070.
344 19:24:43 0.57  70.80 229.19 -6.92 1729  15.29   474.7  56169.  0.00 -4.45   0.00   0.00   0.00 0.00 0.00 0.00  0.92 474.3 402250. 15.16 472.4  49230.
344 19:25:23 0.57  70.80 229.19 -6.92 1729  13.48   496.2  68887.  0.91 -4.63   0.00   0.00   0.00 0.00 0.00 0.00  1.02 500.6 376353. 14.89 499.2  50127.
344 19:26:04 0.57  70.80 229.18 -6.92 1729  12.52   485.9  54633.  0.00 -3.78   0.00   0.00   0.00 0.00 0.00 0.00  1.08 478.6 433890. 15.73 488.0  62572.
344 19:26:44 0.57  70.80 229.18 -6.92 1729  11.68   482.1  70430.  5.59 -2.71   0.00   0.00   0.00 0.00 0.00 0.00  0.86 480.5 375067. 15.41 476.2  50874.
344 19:27:25 0.57  70.80 229.17 -6.92 1729  16.50   453.0  70787.  0.00 -3.32   0.00   0.00   0.00 0.00 0.00 0.00  0.69 447.5 355147. 15.07 453.5  70920.
344 19:28:05 0.57  70.81 229.16 -6.92 1729  15.64   481.0  61844.  2.82 -3.63   0.00   0.00   0.00 0.00 0.00 0.00  0.93 454.7 456213. 16.57 477.7  63332.
344 19:28:46 0.57  70.81 229.16 -6.92 1729  15.37   454.2  66629.  0.00 -2.94   0.00   0.00   0.00 0.00 0.00 0.00  1.07 453.4 331992. 13.87 454.7  48919.
344 19:29:26 0.57  70.81 229.15 -6.92 1729  16.28   447.4  69130.  0.00 -2.76   0.00   0.00   0.00 0.00 0.00 0.00  1.07 453.0 367284. 17.28 446.2  49744.
344 19:30:07 0.57  70.81 229.15 -6.92 1729  17.83   459.1  41392.  0.00 -3.83   0.00   0.00   0.00 0.00 0.00 0.00  1.17 460.5 210721. 15.64 459.5  41613.
344 19:30:47 0.57  70.81 229.14 -6.92 1729  15.73   454.7  55286.  0.00 -1.57   0.00   0.00   0.00 0.00 0.00 0.00  1.26 463.3 396494. 13.54 456.8  62660.
344 19:31:28 0.57  70.81 229.13 -6.92 1729  13.32   469.7  51979.  0.00 -0.24   0.00   0.00   0.00 0.00 0.00 0.00  1.17 476.7 383318. 15.79 465.5  43815.
344 19:32:08 0.57  70.81 229.13 -6.92 1729  16.02   476.1  58060.  0.00 -3.06   0.00   0.00   0.00 0.00 0.00 0.00  0.83 473.0 284799. 18.09 476.3  56247.
344 19:32:49 0.57  70.81 229.12 -6.92 1729  16.78   478.7  45361.  0.00 -3.00   0.00   0.00   0.00 0.00 0.00 0.00  1.13 476.6 404121. 15.41 478.4  45755.
344 19:33:29 0.57  70.81 229.12 -6.92 1729  17.83   483.6  60106.  0.00 -3.10   0.00   0.00   0.00 0.00 0.00 0.00  1.12 490.6 339321. 19.53 484.2  47210.
344 19:34:10 0.57  70.81 229.11 -6.92 1729  14.94   491.4  51397.  0.00 -2.95   0.00   0.00   0.00 0.00 0.00 0.00  1.11 485.9 360241. 15.49 489.9  57485.
344 19:34:50 0.57  70.81 229.11 -6.92 1729  17.74   491.2  55305.  0.00 -3.31   0.00   0.00   0.00 0.00 0.00 0.00  1.12 489.0 357590. 14.49 494.8  53054.
344 19:35:31 0.57  70.81 229.10 -6.92 1729  19.26   486.9  49042.  0.00 -3.76   0.00   0.00   0.00 0.00 0.00 0.00  1.33 495.4 523054. 17.83 488.4  60087.
344 19:36:11 0.57  70.81 229.09 -6.92 1729  16.85   502.3  49900.  2.47 -3.71   0.00   0.00   0.00 0.00 0.00 0.00  1.16 503.4 327795. 16.69 500.6  49091.
344 19:36:52 0.57  70.81 229.09 -6.92 1729  18.46   510.4  68078.  0.00 -3.69   0.00   0.00   0.00 0.00 0.00 0.00  1.13 506.2 307941. 15.74 514.0  57940.
344 19:37:32 0.57  70.81 229.08 -6.92 1729  18.65   520.6  48486.  2.21 -3.86   0.00   0.00   0.00 0.00 0.00 0.00  1.16 514.2 246545. 13.21 511.9  84785.
344 19:38:13 0.57  70.81 229.08 -6.92 1729  17.41   503.1  51979.  0.00 -3.64   0.00   0.00   0.00 0.00 0.00 0.00  1.09 497.1 450548. 13.28 502.0  82170.
344 19:38:53 0.57  70.81 229.07 -6.92 1729  16.17   506.7  85795.  2.03 -3.04   0.00   0.00   0.00 0.00 0.00 0.00  1.01 498.9 370883. 17.41 508.0  64628.
344 19:39:34 0.57  70.81 229.06 -6.92 1729  24.34   456.7  69897.  0.00 -0.38   0.00   0.00   0.00 0.00 0.00 0.00  1.37 471.1 407954. 24.44 459.9  75692.
344 19:40:14 0.57  70.81 229.06 -6.92 1729  14.26   463.3  45946.  0.00 -2.54   0.00   0.00   0.00 0.00 0.00 0.00  1.09 466.4 364269. 13.79 465.3  52940.
344 19:40:55 0.57  70.81 229.05 -6.92 1729  18.83   472.5  46391.  0.00 -3.32   0.00   0.00   0.00 0.00 0.00 0.00  1.39 474.6 381096. 16.01 471.8  41635.
344 19:41:35 0.57  70.82 229.05 -6.92 1729  15.91   460.2  43474.  0.00 -3.18   0.00   0.00   0.00 0.00 0.00 0.00  1.07 457.8 347520. 13.93 461.1  42643.
344 19:42:16 0.57  70.82 229.04 -6.92 1729  19.12   472.3  50692.  0.00 -3.23   0.00   0.00   0.00 0.00 0.00 0.00  1.00 470.5 406187. 14.92 474.7  51511.
344 19:42:56 0.57  70.82 229.04 -6.92 1729  14.76   464.4  43974.  5.45 -2.85   0.00   0.00   0.00 0.00 0.00 0.00  0.91 468.6 451939. 14.46 460.6  58518.
344 19:43:37 0.57  70.82 229.03 -6.92 1729  16.26   479.9  43224.  0.00 -3.00   0.00   0.00   0.00 0.00 0.00 0.00  1.02 462.3 322351. 15.28 476.8  46021.
344 19:44:17 0.57  70.82 229.02 -6.92 1729  16.19   479.1  49601.  2.73 -2.72   0.00   0.00   0.00 0.00 0.00 0.00  1.07 483.1 451016. 14.54 476.9  59375.
344 19:44:58 0.57  70.82 229.02 -6.92 1729  12.43   402.3  56903. -1.93  4.12   0.00   0.00   0.00 0.00 0.00 0.00 -1.00  -1.0     -1. 12.00 400.1  41099.
344 19:45:38 0.57  70.82 229.01 -6.92 1729  13.51   405.3  60691. -2.56  4.61   0.00   0.00   0.00 0.00 0.00 0.00 -1.00  -1.0     -1. 12.74 403.7  54249.
344 19:46:19 0.57  70.82 229.01 -6.92 1729  13.61   397.2  58563. -1.89  4.53   0.00   0.00   0.00 0.00 0.00 0.00 -1.00  -1.0     -1. 12.94 395.0  53112.
344 19:46:59 0.57  70.82 229.00 -6.92 1729  13.16   399.4  41554. -2.79  5.34   0.00   0.00   0.00 0.00 0.00 0.00 -1.00  -1.0     -1. 13.51 400.0  52654.
344 19:47:40 0.57  70.82 229.00 -6.92 1729  14.30   398.8  53804. -1.36  4.90   0.00   0.00   0.00 0.00 0.00 0.00 -1.00  -1.0     -1. 13.65 396.6  45631.
344 19:48:20 0.57  70.82 228.99 -6.92 1729  13.84   393.7  50825. -1.46  4.45   0.00   0.00   0.00 0.00 0.00 0.00  1.57 378.2 261293. 13.31 396.9  57007.
344 19:49:00 0.57  70.82 228.99 -6.92 1729  14.12   394.7  65434. -0.87  3.96   0.00   0.00   0.00 0.00 0.00 0.00  1.41 384.8 247805. 14.59 393.8  49172.
344 19:49:41 0.57  70.82 228.98 -6.92 1729  14.58   393.6  53174. -1.64  4.26   0.00   0.00   0.00 0.00 0.00 0.00  0.05 487.8 157797. 15.78 398.3  57930.
344 19:50:22 0.57  70.82 228.97 -6.92 1729  10.00   408.5  37721. -1.28  3.44   0.00   0.00   0.00 0.00 0.00 0.00 -1.00  -1.0     -1. 10.66 408.0  41525.
344 19:51:02 0.57  70.82 228.97 -6.92 1729  15.15   394.4  54746. -0.28  3.47   0.00   0.00   0.00 0.00 0.00 0.00 -1.00  -1.0     -1. 16.50 393.7  38501.
344 19:51:43 0.57  70.82 228.96 -6.92 1729  14.12   401.4  58573. -0.14  3.32   0.00   0.00   0.00 0.00 0.00 0.00  1.95 358.5 280329. 14.24 396.9  45342.
344 19:52:23 0.57  70.82 228.96 -6.92 1729  15.13   392.6  64872. -0.14  3.45   0.00   0.00   0.00 0.00 0.00 0.00 -1.00  -1.0     -1. 17.17 394.0  73262.
344 19:53:04 0.57  70.82 228.95 -6.92 1729  17.92   398.3  81218.  0.56  3.48   0.00   0.00   0.00 0.00 0.00 0.00 -1.00  -1.0     -1. 16.67 393.6  72463.
344 19:53:44 0.57  70.82 228.95 -6.92 1729  15.34   393.7  57030.  0.29  3.72   0.00   0.00   0.00 0.00 0.00 0.00  0.07 511.6 253159. 17.17 396.3  62614.
344 19:54:25 0.57  70.83 228.94 -6.92 1729  13.32   405.8  48012.  0.09  2.76   0.00   0.00   0.00 0.00 0.00 0.00  2.28 355.9 262034. 11.91 405.2  39722.
344 19:55:05 0.57  70.83 228.94 -6.92 1729  10.97   415.1 122548. -0.22  3.26   0.00   0.00   0.00 0.00 0.00 0.00 -1.00  -1.0     -1. 13.12 405.1  46797.
344 19:55:46 0.57  70.83 228.93 -6.92 1729  14.19   403.7  58830.  0.34  3.35   0.00   0.00   0.00 0.00 0.00 0.00 -1.00  -1.0     -1. 14.16 400.2  55990.
344 19:56:26 0.57  70.83 228.92 -6.92 1729  15.56   394.3  54909.  0.10  3.20   0.00   0.00   0.00 0.00 0.00 0.00 -1.00  -1.0     -1. 17.15 396.6  59960.
344 19:57:07 0.57  70.83 228.92 -6.92 1729  13.58   405.4  57725.  0.04  2.93   0.00   0.00   0.00 0.00 0.00 0.00 -1.00  -1.0     -1. 12.03 406.3  43513.
344 19:57:47 0.57  70.83 228.91 -6.92 1729  11.52   416.4 112228.  0.13  2.46   0.00   0.00   0.00 0.00 0.00 0.00 -1.00  -1.0     -1. 11.55 403.0  25546.
344 19:58:28 0.57  70.83 228.91 -6.92 1729  12.98   407.7  46830.  0.35  2.64   0.00   0.00   0.00 0.00 0.00 0.00  0.62 403.7 186838. 11.69 408.1  38381.
344 19:59:49 0.57  70.83 228.90 -6.92 1729  10.37   408.4  38644.  0.63  2.72   0.00   0.00   0.00 0.00 0.00 0.00 -1.00  -1.0     -1. 13.20 407.2  47161.
344 19:59:59 0.57  70.83 228.90 -6.92 1729  10.37   408.4  38653.  0.63  2.72   0.00   0.00   0.00 0.00 0.00 0.00 -1.00  -1.0     -1. 13.22 407.2  47288.
344 20:01:09 0.57  70.83 228.89 -6.92 1729  12.91   410.5  38822.  0.53  2.33   0.00   0.00   0.00 0.00 0.00 0.00  0.64 403.4 118205. 11.19 409.8  34106.
344 20:44:21 0.57  70.86 228.52 -6.92 1729  14.79   396.3  51270.  3.43  0.06   0.00   0.00   0.00 0.00 0.00 0.00 -1.00  -1.0     -1. 14.33 397.0  62065.
344 21:27:33 0.56  70.90 228.16 -6.93 1729  12.29   398.3  53145.  2.05  1.74   0.00   0.00   0.00 0.00 0.00 0.00 -1.00  -1.0     -1. 12.34 392.5  49123.
344 22:10:45 0.56  70.93 227.80 -6.93 1729  11.96   390.6  41522.  0.19  5.28   0.00   0.00   0.00 0.00 0.00 0.00  0.50 376.1 199806. 11.87 392.3  36428.
344 22:53:57 0.56  70.96 227.44 -6.93 1729  15.11   402.6  51599.  3.13  6.70   0.00   0.00   0.00 0.00 0.00 0.00  0.38 405.2 182823. 13.75 396.2  54831.
344 23:37:09 0.56  71.00 227.08 -6.93 1729  11.76   401.6  51504.  7.92  4.36   0.00   0.00   0.00 0.00 0.00 0.00 -1.00  -1.0     -1. 11.80 396.8  34674.
