360  0:18:31 0.57  55.52 236.26 -6.92 1743  10.96   623.6 312550. -1.52 -3.32   0.00   0.00   0.00 0.00 0.00 0.00  0.46 672.3 725992. 10.21 624.1 276733.
360  1:01:43 0.57  55.55 235.90 -6.92 1743  11.45   620.8 312086. -0.81 -3.39   0.00   0.00   0.00 0.00 0.00 0.00  0.62 669.81039091. 11.48 622.3 343476.
360  1:44:55 0.57  55.58 235.54 -6.92 1743  11.82   602.3 363441. -3.34  1.87   0.00   0.00   0.00 0.00 0.00 0.00  0.52 684.21148654. 11.38 591.3 197730.
360  2:28:07 0.56  55.61 235.18 -6.92 1743  10.72   597.2 181131. -4.67  1.59   0.00   0.00   0.00 0.00 0.00 0.00  0.55 667.81212896. 10.65 595.5 151089.
360  3:11:19 0.56  55.65 234.82 -6.93 1743  11.57   594.9 288314. -3.67  0.07   0.00   0.00   0.00 0.00 0.00 0.00  0.51 663.1 819963. 11.99 597.0 347845.
360  3:54:31 0.56  55.68 234.45 -6.93 1743  15.77   610.3 316111.  1.88  2.98   0.00   0.00   0.00 0.00 0.00 0.00  0.63 644.6 784529. 14.99 604.7 302662.
360  4:37:43 0.56  55.71 234.09 -6.93 1743  16.30   595.0 453261. -0.03  2.84   0.00   0.00   0.00 0.00 0.00 0.00 -1.00  -1.0     -1. 15.31 592.8 452042.
360  5:20:55 0.56  55.75 233.73 -6.93 1743  17.03   607.2 333805. -0.82 -1.71   0.00   0.00   0.00 0.00 0.00 0.00 -1.00  -1.0     -1. 15.85 603.3 326038.
360  6:04:07 0.56  55.78 233.37 -6.94 1743  18.44   596.2 339870.  0.92  4.74   0.00   0.00   0.00 0.00 0.00 0.00  0.61 620.6 705955. 18.61 594.6 371682.
360  6:47:19 0.56  55.81 233.01 -6.94 1743  20.83   620.2 316907.  3.50  1.76   0.00   0.00   0.00 0.00 0.00 0.00  0.59 632.6 708866. 19.90 618.5 285280.
360  7:30:31 0.56  55.85 232.64 -6.94 1743  18.69   581.1 278610.  1.19  4.65   0.00   0.00   0.00 0.00 0.00 0.00 -1.00  -1.0     -1. 18.02 576.2 278247.
360  8:13:43 0.56  55.88 232.28 -6.94 1743  20.22   594.9 324742.  1.75  2.49   0.00   0.00   0.00 0.00 0.00 0.00  0.52 634.8 736101. 19.19 591.2 337778.
360  8:56:55 0.56  55.91 231.92 -6.94 1743  20.96   578.9 332135. -1.18 -0.93   0.00   0.00   0.00 0.00 0.00 0.00 -1.00  -1.0     -1. 20.11 576.3 330888.
360  9:40:07 0.56  55.95 231.56 -6.95 1743  18.39   601.4 242575.  0.00  6.92   0.00   0.00   0.00 0.00 0.00 0.00  0.53 602.3 712621. 16.79 604.9 228704.
360 10:23:19 0.56  55.98 231.20 -6.95 1743  17.65   571.8 222977.  1.00 -2.08   0.00   0.00   0.00 0.00 0.00 0.00  0.46 620.2 721639. 17.54 570.2 238157.
360 11:06:31 0.56  56.02 230.84 -6.95 1743  17.05   566.1 275612.  0.53  1.61   0.00   0.00   0.00 0.00 0.00 0.00 -1.00  -1.0     -1. 16.97 563.7 235283.
360 11:49:43 0.56  56.05 230.48 -6.95 1743  18.57   578.5 292975.  2.00  2.73   0.00   0.00   0.00 0.00 0.00 0.00  0.54 615.3 766545. 18.82 574.8 279712.
360 17:26:27 0.56  56.32 227.67 -6.97 1743  17.43   541.7 281524.  0.68 -0.45   0.00   0.00   0.00 0.00 0.00 0.00 -1.00  -1.0     -1. 15.77 540.5 252006.
360 17:26:30 0.56  56.32 227.67 -6.97 1743  16.91   527.4 281456. -0.34  2.66   0.00   0.00   0.00 0.00 0.00 0.00 -1.00  -1.0     -1. 17.47 530.2 322215.
360 17:27:11 0.56  56.32 227.67 -6.97 1743  18.06   532.2 301515. -0.64  4.37   0.00   0.00   0.00 0.00 0.00 0.00 -1.00  -1.0     -1. 16.76 528.2 283548.
360 17:27:52 0.56  56.32 227.66 -6.97 1743  17.53   537.1 255553. -0.04  5.38   0.00   0.00   0.00 0.00 0.00 0.00  0.58 590.4 691402. 17.21 537.9 289412.
360 17:28:32 0.56  56.32 227.65 -6.97 1743  20.25   552.3 230433. -0.60  7.51   0.00   0.00   0.00 0.00 0.00 0.00  0.58 599.3 862466. 18.42 549.1 216045.
360 17:29:13 0.56  56.32 227.65 -6.97 1743  15.47   559.3 186419.  2.25  5.87   0.00   0.00   0.00 0.00 0.00 0.00  0.55 596.9 582916. 14.28 558.7 192098.
360 17:29:53 0.56  56.32 227.64 -6.97 1743  18.76   552.4 244066.  2.84  1.32   0.00   0.00   0.00 0.00 0.00 0.00  0.55 586.3 508072. 17.79 547.8 224124.
360 17:30:34 0.56  56.32 227.64 -6.97 1743  14.46   580.7 138313.  4.45  3.14   0.00   0.00   0.00 0.00 0.00 0.00  0.51 601.9 646404. 14.30 576.0 159324.
360 17:31:14 0.56  56.32 227.63 -6.97 1743  17.21   551.4 250813.  1.86  5.24   0.00   0.00   0.00 0.00 0.00 0.00  0.62 597.6 865026. 17.80 547.8 221155.
360 17:31:55 0.56  56.32 227.63 -6.97 1743  17.60   551.9 214229.  3.46  2.60   0.00   0.00   0.00 0.00 0.00 0.00  0.60 590.4 610242. 17.18 550.0 242137.
360 17:32:35 0.56  56.32 227.62 -6.97 1743  17.35   562.3 199917.  3.29  1.97   0.00   0.00   0.00 0.00 0.00 0.00  0.55 579.5 567389. 17.06 557.9 203055.
360 17:33:16 0.56  56.32 227.61 -6.97 1743  17.31   553.3 198845.  3.80  2.71   0.00   0.00   0.00 0.00 0.00 0.00  0.54 599.1 618455. 17.61 550.2 225547.
360 17:33:56 0.56  56.32 227.61 -6.97 1743  16.94   563.5 214944.  3.53  2.48   0.00   0.00   0.00 0.00 0.00 0.00 -1.00  -1.0     -1. 16.81 559.4 215584.
360 17:34:37 0.56  56.33 227.60 -6.97 1743  17.23   523.9 251207.  0.00  5.10   0.00   0.00   0.00 0.00 0.00 0.00 -1.00  -1.0     -1. 16.44 527.8 284380.
360 17:35:17 0.56  56.33 227.60 -6.97 1743  16.50   530.9 236471.  2.06  2.08   0.00   0.00   0.00 0.00 0.00 0.00  0.56 569.0 619039. 16.46 526.8 218108.
360 17:35:58 0.56  56.33 227.59 -6.97 1743  17.43   531.8 215087.  2.56  1.54   0.00   0.00   0.00 0.00 0.00 0.00  0.61 555.2 604343. 16.85 527.0 193049.
360 17:36:38 0.56  56.33 227.58 -6.97 1743  17.61   522.1 266452. -1.34  5.32   0.00   0.00   0.00 0.00 0.00 0.00 -1.00  -1.0     -1. 16.70 520.5 251960.
360 17:37:19 0.56  56.33 227.58 -6.97 1743  17.40   520.3 256872. -0.21  3.78   0.00   0.00   0.00 0.00 0.00 0.00 -1.00  -1.0     -1. 17.32 522.3 281872.
360 17:37:59 0.56  56.33 227.57 -6.97 1743  17.74   516.9 191701.  0.55  3.29   0.00   0.00   0.00 0.00 0.00 0.00  0.56 571.6 636074. 17.13 520.2 233616.
360 17:38:40 0.56  56.33 227.57 -6.97 1743  17.96   526.8 230826.  1.68  3.35   0.00   0.00   0.00 0.00 0.00 0.00  0.57 560.8 516284. 16.99 523.8 205390.
360 17:39:20 0.56  56.33 227.56 -6.97 1743  20.41   531.3 264282.  1.22  3.11   0.00   0.00   0.00 0.00 0.00 0.00  0.53 571.5 615128. 20.09 526.8 255498.
360 17:40:01 0.56  56.33 227.56 -6.97 1743  16.99   532.7 232300.  2.06  2.11   0.00   0.00   0.00 0.00 0.00 0.00  0.57 577.5 945522. 15.87 527.7 194914.
360 17:40:41 0.56  56.33 227.55 -6.97 1743  17.40   524.9 177746.  1.77  1.55   0.00   0.00   0.00 0.00 0.00 0.00  0.58 574.6 572339. 16.66 523.5 221295.
360 17:41:22 0.56  56.33 227.55 -6.97 1743  18.74   516.2 223734.  0.08  1.83   0.00   0.00   0.00 0.00 0.00 0.00  0.59 556.0 593415. 18.67 516.1 190626.
360 17:42:02 0.56  56.33 227.54 -6.97 1743  15.84   526.4 177726.  1.42 -0.18   0.00   0.00   0.00 0.00 0.00 0.00  0.56 569.6 628499. 16.27 524.2 221814.
360 17:42:43 0.56  56.33 227.53 -6.97 1743  17.07   525.7 220216.  2.14  1.95   0.00   0.00   0.00 0.00 0.00 0.00  0.54 561.1 564036. 16.68 521.3 200378.
360 17:43:23 0.56  56.33 227.53 -6.97 1743  15.01   528.1 178483.  1.07 -1.08   0.00   0.00   0.00 0.00 0.00 0.00 -1.00  -1.0     -1. 15.35 526.7 217721.
360 17:44:04 0.56  56.33 227.52 -6.97 1743  16.25   526.5 211263.  1.15 -0.45   0.00   0.00   0.00 0.00 0.00 0.00  0.59 562.7 515855. 15.42 522.9 181498.
360 17:44:44 0.56  56.33 227.52 -6.97 1743  17.12   517.0 188128.  0.10  0.50   0.00   0.00   0.00 0.00 0.00 0.00  0.49 577.9 603629. 16.77 518.7 221129.
360 17:45:25 0.56  56.33 227.51 -6.97 1743  16.93   525.3 203035.  1.17 -0.55   0.00   0.00   0.00 0.00 0.00 0.00 -1.00  -1.0     -1. 16.17 522.1 178659.
360 17:46:05 0.56  56.33 227.51 -6.97 1743  16.05   534.2 175378.  1.05 -2.10   0.00   0.00   0.00 0.00 0.00 0.00  0.54 547.9 478888. 15.81 533.9 182099.
360 17:46:46 0.56  56.33 227.50 -6.97 1743  20.23   518.2 217588.  0.40  1.63   0.00   0.00   0.00 0.00 0.00 0.00 -1.00  -1.0     -1. 18.77 516.5 184905.
360 17:47:26 0.56  56.34 227.50 -6.97 1743  17.31   518.0 181508. -0.27 -0.75   0.00   0.00   0.00 0.00 0.00 0.00 -1.00  -1.0     -1. 16.84 518.1 213645.
360 17:48:07 0.56  56.34 227.49 -6.97 1743  16.05   520.8 220369. -0.38 -1.19   0.00   0.00   0.00 0.00 0.00 0.00  0.61 579.4 896731. 15.51 518.2 179552.
360 17:48:47 0.56  56.34 227.49 -6.97 1743  18.55   520.9 200095.  1.15  0.80   0.00   0.00   0.00 0.00 0.00 0.00  0.74 562.8 709723. 18.39 519.2 228526.
360 17:49:28 0.56  56.34 227.48 -6.97 1743  24.88   525.2 228497.  1.71  1.40   0.00   0.00   0.00 0.00 0.00 0.00  0.67 553.4 569611. 21.83 524.8 217124.
360 17:50:08 0.56  56.34 227.47 -6.97 1743  18.20   519.6 200485.  0.96  1.62   0.00   0.00   0.00 0.00 0.00 0.00 -1.00  -1.0     -1. 17.78 520.3 234997.
360 17:50:49 0.56  56.34 227.47 -6.97 1743  19.75   513.2 217501.  0.00 -0.23   0.00   0.00   0.00 0.00 0.00 0.00  0.66 558.3 583553. 18.04 513.2 193751.
360 17:51:29 0.56  56.34 227.46 -6.97 1743  16.98   517.6 200453.  0.74  0.77   0.00   0.00   0.00 0.00 0.00 0.00  0.54 576.0 570767. 16.78 517.4 219807.
360 17:52:10 0.56  56.34 227.46 -6.97 1743  18.49   521.9 218748.  0.80 -0.40   0.00   0.00   0.00 0.00 0.00 0.00  0.53 560.8 561970. 16.99 518.0 195687.
360 17:52:50 0.56  56.34 227.45 -6.97 1743  17.26   522.5 188576.  1.12  0.01   0.00   0.00   0.00 0.00 0.00 0.00  0.61 587.9 867390. 18.37 520.2 212024.
360 17:53:31 0.56  56.34 227.45 -6.97 1743  17.45   528.0 224394.  2.09  0.41   0.00   0.00   0.00 0.00 0.00 0.00  0.62 559.2 506253. 17.00 524.6 196671.
360 17:54:11 0.56  56.34 227.44 -6.97 1743  18.66   522.9 192591.  1.55  0.99   0.00   0.00   0.00 0.00 0.00 0.00  0.64 571.7 605760. 18.93 521.3 231729.
360 17:54:52 0.56  56.34 227.44 -6.97 1743  18.65   507.3 145947. -0.31  1.78   0.00   0.00   0.00 0.00 0.00 0.00 -1.00  -1.0     -1. 17.50 510.1 177431.
360 17:55:32 0.56  56.34 227.43 -6.97 1743  17.65   510.4 191081. -0.97  3.41   0.00   0.00   0.00 0.00 0.00 0.00 -1.00  -1.0     -1. 17.14 506.8 168163.
360 17:56:13 0.56  56.34 227.43 -6.97 1743  17.05   514.7 219258.  0.71  1.77   0.00   0.00   0.00 0.00 0.00 0.00 -1.00  -1.0     -1. 16.42 514.1 189648.
360 17:56:53 0.56  56.34 227.42 -6.97 1743  17.20   507.4 172230. -1.18  1.66   0.00   0.00   0.00 0.00 0.00 0.00 -1.00  -1.0     -1. 16.97 503.2 158174.
360 17:57:34 0.56  56.34 227.41 -6.97 1743  17.99   517.9 211842.  0.90  2.24   0.00   0.00   0.00 0.00 0.00 0.00  0.52 587.9 645560. 16.97 516.9 192653.
360 17:58:14 0.56  56.34 227.41 -6.97 1743  18.62   517.5 182943.  0.68  1.51   0.00   0.00   0.00 0.00 0.00 0.00 -1.00  -1.0     -1. 18.71 516.7 219882.
360 17:58:55 0.56  56.34 227.40 -6.97 1743  17.72   512.1 217137. -0.52  0.12   0.00   0.00   0.00 0.00 0.00 0.00  0.54 555.5 594416. 16.87 511.8 192211.
360 17:59:35 0.56  56.35 227.40 -6.97 1743  17.12   509.2 182313. -0.94  1.05   0.00   0.00   0.00 0.00 0.00 0.00 -1.00  -1.0     -1. 17.41 505.8 157846.
360 18:00:16 0.56  56.35 227.39 -6.97 1743  19.31   519.0 206751.  1.43  0.77   0.00   0.00   0.00 0.00 0.00 0.00  0.57 556.1 579486. 18.12 518.3 186036.
360 18:00:56 0.56  56.35 227.39 -6.97 1743  18.05   517.2 182278.  0.82  1.75   0.00   0.00   0.00 0.00 0.00 0.00  0.48 572.3 578719. 18.27 516.2 214853.
360 18:01:37 0.56  56.35 227.38 -6.97 1743  18.08   517.6 209727.  0.73 -0.65   0.00   0.00   0.00 0.00 0.00 0.00  0.61 557.2 542843. 16.67 515.9 187702.
360 18:02:17 0.56  56.35 227.37 -6.97 1743  17.67   511.4 180972.  0.04  0.67   0.00   0.00   0.00 0.00 0.00 0.00  0.55 568.2 647548. 17.48 508.1 163492.
360 18:02:58 0.56  56.35 227.37 -6.97 1743  17.80   515.4 211549.  0.58  1.72   0.00   0.00   0.00 0.00 0.00 0.00  0.56 556.5 542012. 17.25 513.8 182109.
360 18:03:38 0.56  56.35 227.36 -6.97 1743  17.05   517.5 180494.  1.01  0.42   0.00   0.00   0.00 0.00 0.00 0.00 -1.00  -1.0     -1. 16.75 511.7 159009.
360 18:04:19 0.56  56.35 227.36 -6.97 1743  17.89   509.2 153996.  0.08 -0.11   0.00   0.00   0.00 0.00 0.00 0.00  0.50 553.3 525899. 16.91 512.8 174683.
360 18:04:59 0.56  56.35 227.35 -6.97 1743  19.88   515.6 180614. -1.78 -1.66   0.00   0.00   0.00 0.00 0.00 0.00  0.48 570.5 649653. 18.62 516.3 215412.
360 18:05:40 0.56  56.35 227.35 -6.97 1743  15.78   530.7 176206.  1.34 -1.41   0.00   0.00   0.00 0.00 0.00 0.00  0.59 577.1 814596. 16.05 523.4 173273.
360 18:06:20 0.56  56.35 227.34 -6.97 1743  17.82   527.9 184441. -1.16 -3.53   0.00   0.00   0.00 0.00 0.00 0.00  0.51 575.1 534177. 17.61 529.3 217026.
360 18:07:01 0.56  56.35 227.33 -6.97 1743  18.25   517.6 195327.  0.81  3.02   0.00   0.00   0.00 0.00 0.00 0.00  0.58 557.9 583410. 17.49 516.7 176934.
360 18:07:41 0.56  56.35 227.33 -6.97 1743  18.04   531.5 177467.  2.51  1.43   0.00   0.00   0.00 0.00 0.00 0.00  0.61 575.9 550939. 18.23 530.0 200332.
360 18:08:22 0.56  56.35 227.32 -6.97 1743  17.41   532.4 201229.  2.66  1.63   0.00   0.00   0.00 0.00 0.00 0.00  0.60 582.8 755215. 16.64 528.8 176219.
360 18:09:02 0.56  56.35 227.32 -6.97 1743  18.01   529.6 178032.  1.77 -0.93   0.00   0.00   0.00 0.00 0.00 0.00  0.61 571.5 555551. 17.75 528.6 197526.
360 18:09:43 0.56  56.35 227.31 -6.97 1743  17.21   539.3 181910.  2.64 -0.56   0.00   0.00   0.00 0.00 0.00 0.00  0.66 576.8 802434. 16.65 535.2 177678.
360 18:10:23 0.56  56.35 227.31 -6.97 1743  21.55   542.6 233788.  2.64  0.13   0.00   0.00   0.00 0.00 0.00 0.00  0.53 572.2 658255. 20.18 540.2 239411.
360 18:11:04 0.56  56.36 227.30 -6.97 1743  17.10   525.0 222951.  0.00  5.57   0.00   0.00   0.00 0.00 0.00 0.00  0.62 568.9 887193. 16.30 521.5 184525.
360 18:11:44 0.56  56.36 227.29 -6.97 1743  18.45   518.4 190116.  0.00  0.90   0.00   0.00   0.00 0.00 0.00 0.00  0.53 570.4 595559. 19.30 517.4 216968.
360 18:12:25 0.56  56.36 227.29 -6.97 1743  19.63   515.7 206784. -1.75 -2.07   0.00   0.00   0.00 0.00 0.00 0.00  0.57 556.9 584463. 18.47 516.5 180540.
360 18:13:05 0.56  56.36 227.28 -6.97 1743  19.44   533.6 182456.  0.00 -0.15   0.00   0.00   0.00 0.00 0.00 0.00  0.50 571.5 584164. 18.02 535.2 216588.
360 18:13:26 0.56  56.36 227.28 -6.97 1743  18.80   499.1 178132.  0.00  0.00   0.00   0.00   0.00 0.00 0.00 0.00  0.55 549.2 554096. 20.05 497.3 201349.
360 18:14:47 0.56  56.36 227.27 -6.97 1743  17.89   548.8 239535.  0.00 -0.94   0.00   0.00   0.00 0.00 0.00 0.00  0.60 572.6 656462. 18.23 548.3 219631.
360 18:16:08 0.56  56.36 227.26 -6.97 1743  15.63   539.5 181602.  1.50 -1.25   0.00   0.00   0.00 0.00 0.00 0.00  0.60 577.5 870938. 16.78 532.8 175472.
360 18:19:46 0.56  56.36 227.23 -6.97 1743  16.61   550.3 225690. -4.09 -3.51   0.00   0.00   0.00 0.00 0.00 0.00  0.56 577.6 498781. 17.16 551.5 206319.
360 18:36:11 0.56  56.38 227.09 -6.97 1743  19.80   569.9 191100.  0.00  2.00   0.00   0.00   0.00 0.00 0.00 0.00  0.63 573.3 609762. 18.25 567.1 188875.
360 18:37:32 0.56  56.38 227.08 -6.97 1743  20.26   556.4 237735.  3.31  1.80   0.00   0.00   0.00 0.00 0.00 0.00  0.73 577.0 805410. 20.55 556.6 249306.
360 18:38:53 0.56  56.38 227.07 -6.97 1743  19.14   563.8 182713.  0.00  0.60   0.00   0.00   0.00 0.00 0.00 0.00  0.53 576.5 615076. 17.74 558.3 178704.
360 18:40:14 0.56  56.38 227.06 -6.97 1743  19.86   537.9 208691.  1.93  2.32   0.00   0.00   0.00 0.00 0.00 0.00  0.62 576.7 852006. 18.69 533.7 211036.
360 18:41:35 0.56  56.38 227.05 -6.97 1743  19.43   535.8 239311. -0.31 -2.49   0.00   0.00   0.00 0.00 0.00 0.00  0.62 580.5 569195. 19.61 534.1 231017.
360 18:42:56 0.56  56.38 227.03 -6.97 1743  20.69   549.2 203915.  2.05  3.21   0.00   0.00   0.00 0.00 0.00 0.00  0.74 575.1 876850. 19.73 546.2 231644.
360 18:44:17 0.56  56.38 227.02 -6.97 1743  20.31   544.1 228968.  0.00  3.13   0.00   0.00   0.00 0.00 0.00 0.00  0.58 577.8 530967. 18.75 542.6 215318.
360 18:45:38 0.56  56.38 227.01 -6.97 1743  17.30   541.5 195765.  1.98  1.96   0.00   0.00   0.00 0.00 0.00 0.00  0.63 576.5 876629. 17.38 537.2 193748.
360 18:49:41 0.56  56.39 226.98 -6.98 1743  18.19   532.8 235906. -4.63 -1.17   0.00   0.00   0.00 0.00 0.00 0.00  0.58 587.8 913168. 17.38 534.2 212618.
360 18:51:02 0.56  56.39 226.97 -6.98 1743  19.53   523.5 239304. -3.80  0.15   0.00   0.00   0.00 0.00 0.00 0.00  0.51 604.4 854111. 18.99 521.3 198867.
360 18:52:23 0.56  56.39 226.95 -6.98 1743  17.25   532.4 271071. -5.88  0.74   0.00   0.00   0.00 0.00 0.00 0.00  0.70 585.1 892183. 17.23 535.3 262258.
360 18:53:44 0.56  56.39 226.94 -6.98 1743  20.12   525.9 245473. -1.01  0.29   0.00   0.00   0.00 0.00 0.00 0.00 -1.00  -1.0     -1. 18.52 524.8 216656.
360 18:55:05 0.56  56.39 226.93 -6.98 1743  19.96   551.1 266971.  0.88 -0.58   0.00   0.00   0.00 0.00 0.00 0.00  0.67 590.6 902708. 20.30 548.2 230670.
360 18:56:26 0.56  56.39 226.92 -6.98 1743  17.19   533.6 207599. -0.88 -1.70   0.00   0.00   0.00 0.00 0.00 0.00  0.56 584.6 786478. 17.41 529.1 201031.
360 18:57:47 0.56  56.39 226.91 -6.98 1743  17.74   535.1 244157. -0.67 -1.40   0.00   0.00   0.00 0.00 0.00 0.00  0.52 578.1 558904. 17.62 535.8 235906.
360 18:59:08 0.56  56.39 226.90 -6.98 1743  19.85   546.4 305319. -2.73 -1.94   0.00   0.00   0.00 0.00 0.00 0.00  0.65 577.6 925408. 20.56 550.0 321594.
360 19:00:29 0.56  56.39 226.89 -6.98 1743  19.53   551.5 266991. -3.28 -3.78   0.00   0.00   0.00 0.00 0.00 0.00  0.62 576.6 592480. 19.27 555.0 246795.
360 19:02:58 0.56  56.40 226.87 -6.98 1743  18.45   546.7 211679. -4.24 -3.19   0.00   0.00   0.00 0.00 0.00 0.00  0.51 589.8 530356. 18.27 549.4 239541.
360 19:46:10 0.56  56.43 226.51 -6.98 1743  19.71   539.9 231722. -0.51 -2.29   0.00   0.00   0.00 0.00 0.00 0.00  0.56 594.4 861192. 19.28 537.3 232346.
360 20:29:22 0.56  56.47 226.15 -6.98 1743  20.73   517.3 206634. -2.13  0.36   0.00   0.00   0.00 0.00 0.00 0.00 -1.00  -1.0     -1. 19.99 517.5 180309.
360 21:12:34 0.56  56.50 225.79 -6.98 1743  17.32   534.8 216143. -5.97  0.29   0.00   0.00   0.00 0.00 0.00 0.00  0.40 579.9 639674. 16.47 536.0 192344.
360 21:55:46 0.55  56.54 225.43 -6.98 1743  17.80   539.4 198117. -6.05  0.35   0.00   0.00   0.00 0.00 0.00 0.00  0.56 608.6 825394. 17.87 544.6 237095.
360 22:38:58 0.55  56.57 225.07 -6.99 1743  17.07   525.8 167861.  0.00  0.00   0.00   0.00   0.00 0.00 0.00 0.00  0.52 603.0 908763. 17.21 528.9 184499.
360 23:55:46 0.55  56.64 224.43 -6.99 1743  17.99   535.5 223312. -6.33  0.54   0.00   0.00   0.00 0.00 0.00 0.00  0.49 591.4 662958. 17.16 538.7 267322.
