1983/007   rh    esh  clong  clat crot    np1     vp1     Tp1   vaz   vel     Bx     By     Bz  sBx  sBy  sBz   nal   val     Tal   np2   vp2     Tp2
hh:mm:ss [AU]  [deg]  [deg] [deg]    # [cm-3]  [km/s]     [K] [deg] [deg]   [nT]   [nT]   [nT] [nT] [nT] [nT][cm-3][km/s]     [K][cm-3][km/s]     [K]
 6:34:05 0.31 169.82 326.78  2.50 1730  -1.00    -1.0     -1. -1.00 -1.00   0.00   0.00   0.00 0.00 0.00 0.00 -1.00  -1.0     -1. 30.56 763.5 302860.
 7:17:20 0.32 170.00 326.56  2.52 1730  44.58   728.5 220791. -6.69 -3.00   0.00   0.00   0.00 0.00 0.00 0.00  2.60 769.6 982542. 37.77 731.1 238671.
 8:00:32 0.32 170.17 326.34  2.55 1730  26.84   680.0 156290. -4.65  0.56   0.00   0.00   0.00 0.00 0.00 0.00  1.36 752.41441795. 20.29 683.5 213151.
 8:43:44 0.32 170.34 326.12  2.57 1730  23.28   666.9 146674. -8.60  1.06   0.00   0.00   0.00 0.00 0.00 0.00  1.09 737.31115390. 17.94 679.1 144335.
 9:26:56 0.32 170.51 325.90  2.59 1730  24.11   644.5 132943. -2.81  4.12   0.00   0.00   0.00 0.00 0.00 0.00  1.24 715.1 926824. -1.00  -1.0     -1.
10:53:18 0.32 170.86 325.45  2.64 1730  26.46   604.5 166318. -6.46 -0.12   0.00   0.00   0.00 0.00 0.00 0.00  1.35 686.91201669. 20.76 612.5 143270.
11:36:30 0.32 171.03 325.23  2.67 1730  21.37   615.9 191591. -8.02 -1.74   0.00   0.00   0.00 0.00 0.00 0.00  1.15 711.21465288. 17.64 615.6 187592.
12:19:42 0.32 171.21 325.01  2.69 1730  15.76   603.8 167474.  0.00  4.02   0.00   0.00   0.00 0.00 0.00 0.00  0.50 726.7 770482. 12.19 600.4 168738.
13:02:54 0.32 171.38 324.78  2.71 1730  18.71   603.1 251729. -6.22 -0.42   0.00   0.00   0.00 0.00 0.00 0.00  0.50 726.51301462. 13.85 609.9 211579.
13:46:06 0.32 171.55 324.57  2.74 1730  16.77   639.9 399473.  0.00  0.00   0.00   0.00   0.00 0.00 0.00 0.00 -1.00  -1.0     -1. 12.52 635.8 349102.
14:29:18 0.32 171.73 324.34  2.76 1730  15.65   587.9 222386. -2.20  0.00   0.00   0.00   0.00 0.00 0.00 0.00  0.48 700.1 929735. 13.14 583.6 193225.
18:24:29 0.32 172.66 323.13  2.89 1730  32.74   563.4 155884.  0.00  0.00   0.00   0.00   0.00 0.00 0.00 0.00  1.41 626.4 697249. 25.11 562.9 147061.
18:48:30 0.32 172.75 323.00  2.90 1730  34.35   581.0 230988.  2.76  0.06   0.00   0.00   0.00 0.00 0.00 0.00  1.67 632.91108062. 26.20 575.6 205549.
19:31:42 0.32 172.92 322.78  2.93 1730  30.76   539.3 115850.-10.65  5.83   0.00   0.00   0.00 0.00 0.00 0.00  1.73 594.21001981. 24.26 545.8 104331.
20:14:54 0.32 173.09 322.56  2.95 1730  39.88   569.4 235419. -9.38 -4.70   0.00   0.00   0.00 0.00 0.00 0.00  1.63 589.6 702161. 31.11 576.3 222312.
20:58:06 0.32 173.27 322.34  2.97 1730  36.00   544.5 135396.  0.00  4.35   0.00   0.00   0.00 0.00 0.00 0.00 -1.00  -1.0     -1. 28.31 546.0 151411.
21:41:17 0.32 173.44 322.11  2.99 1730  38.23   600.8 246980.  2.63 13.56   0.00   0.00   0.00 0.00 0.00 0.00  1.70 684.61035765. 29.46 595.7 282226.
22:24:29 0.32 173.61 321.88  3.02 1730  33.49   542.8 165207. -6.84 11.51   0.00   0.00   0.00 0.00 0.00 0.00  1.81 666.7 766311. 25.30 550.7 189564.
23:07:41 0.32 173.78 321.66  3.04 1730  35.81   543.2 168842. -7.17 12.44   0.00   0.00   0.00 0.00 0.00 0.00 -1.00  -1.0     -1. 27.79 547.1 166639.
23:50:53 0.32 173.95 321.43  3.06 1730  33.28   558.9 201970.-10.63 -5.79   0.00   0.00   0.00 0.00 0.00 0.00  1.57 615.3 695573. 26.28 564.3 191695.
