031  0:01:20 0.58 239.22  83.89  6.61 1731  36.70   333.5  30068.  2.12 -0.48   0.00   0.00   0.00 0.00 0.00 0.00  1.39 321.4  36201. 37.10 330.1  28788.
031  0:02:41 0.58 239.22  83.88  6.61 1731  33.79   329.0  35217.  1.22 -1.12   0.00   0.00   0.00 0.00 0.00 0.00  1.61 309.7  89164. 35.18 327.3  40898.
031  0:04:02 0.58 239.22  83.87  6.61 1731  34.09   329.4  40654.  1.62 -0.96   0.00   0.00   0.00 0.00 0.00 0.00  1.37 318.5  43010. 33.13 328.3  34541.
031  0:05:23 0.58 239.22  83.86  6.61 1731  33.55   332.5  46005.  1.50 -0.81   0.00   0.00   0.00 0.00 0.00 0.00  1.55 308.8  78496. 33.48 330.0  44143.
031  0:06:44 0.58 239.22  83.85  6.61 1731  30.99   328.8  43692.  1.81 -0.53   0.00   0.00   0.00 0.00 0.00 0.00  1.32 315.7  43412. 30.36 327.5  36613.
031  0:08:05 0.58 239.22  83.83  6.61 1731  31.10   329.1  36493.  1.98 -0.48   0.00   0.00   0.00 0.00 0.00 0.00  1.34 310.7  84148. 32.64 327.5  43075.
031  0:09:26 0.58 239.22  83.82  6.61 1731  32.64   331.0  45923.  1.89 -0.45   0.00   0.00   0.00 0.00 0.00 0.00  1.32 314.7  38787. 32.20 328.3  36812.
031  0:10:47 0.58 239.22  83.81  6.61 1731  32.57   332.7  48785.  1.92 -0.73   0.00   0.00   0.00 0.00 0.00 0.00  1.47 311.6  83109. 33.36 329.5  45933.
031  0:12:08 0.58 239.22  83.80  6.61 1731  32.70   332.3  45988.  2.08 -0.56   0.00   0.00   0.00 0.00 0.00 0.00  1.25 315.4  38072. 32.17 329.6  36604.
031  0:13:29 0.58 239.22  83.79  6.61 1731  33.69   332.9  45400.  2.24 -0.61   0.00   0.00   0.00 0.00 0.00 0.00  1.56 310.8  93686. 32.68 329.5  43133.
031  0:14:50 0.58 239.22  83.78  6.61 1731  32.80   331.8  43773.  2.66 -0.10   0.00   0.00   0.00 0.00 0.00 0.00  1.28 316.1  51650. 32.01 328.7  37117.
031  0:16:11 0.58 239.23  83.76  6.61 1731  32.23   332.0  52943.  2.87  0.39   0.00   0.00   0.00 0.00 0.00 0.00  1.40 314.5  67802. 32.12 327.7  47733.
031  0:17:32 0.58 239.23  83.75  6.61 1731  31.79   329.4  49633.  3.31  0.36   0.00   0.00   0.00 0.00 0.00 0.00  1.19 319.8  35811. 32.47 330.0  55000.
031  0:18:53 0.58 239.23  83.74  6.61 1731  31.93   332.4  59076.  3.09  0.59   0.00   0.00   0.00 0.00 0.00 0.00 -1.00  -1.0     -1. 31.47 327.9  51602.
031  0:20:14 0.58 239.23  83.73  6.61 1731  32.79   331.5  69520.  2.83  0.91   0.00   0.00   0.00 0.00 0.00 0.00  1.64 314.8  47882. 31.22 329.6  60649.
031  0:21:35 0.58 239.23  83.72  6.61 1731  32.21   335.5  53119.  3.67  1.56   0.00   0.00   0.00 0.00 0.00 0.00 -1.00  -1.0     -1. 32.54 331.1  46992.
031  0:22:56 0.58 239.23  83.71  6.61 1731  34.35   335.5  62734.  3.23  1.58   0.00   0.00   0.00 0.00 0.00 0.00  1.23 319.8  35551. 32.76 333.1  55643.
031  0:24:17 0.58 239.23  83.70  6.61 1731  34.21   336.3  53759.  3.67  1.05   0.00   0.00   0.00 0.00 0.00 0.00 -1.00  -1.0     -1. 33.40 332.1  48984.
031  0:25:38 0.58 239.23  83.68  6.61 1731  34.02   335.3  60847.  3.54  0.83   0.00   0.00   0.00 0.00 0.00 0.00  1.18 320.9  37422. 33.36 332.7  53255.
031  0:26:59 0.58 239.23  83.67  6.61 1731  33.12   334.6  58086.  2.82  0.42   0.00   0.00   0.00 0.00 0.00 0.00 -1.00  -1.0     -1. 34.14 330.2  51732.
031  0:28:20 0.58 239.23  83.66  6.61 1731  34.09   334.3  66827.  3.04  0.62   0.00   0.00   0.00 0.00 0.00 0.00  0.79 319.6  35317. 32.47 332.6  61091.
031  0:29:41 0.58 239.23  83.65  6.61 1731  32.67   334.5  60961.  2.22  0.10   0.00   0.00   0.00 0.00 0.00 0.00 -1.00  -1.0     -1. 33.89 330.2  54990.
031  0:31:02 0.58 239.24  83.64  6.61 1731  34.94   333.3  71219.  2.28  0.11   0.00   0.00   0.00 0.00 0.00 0.00  0.76 320.1  30613. 34.25 332.1  63053.
031  0:32:23 0.58 239.24  83.63  6.61 1731  34.55   334.6  62923.  2.23  0.22   0.00   0.00   0.00 0.00 0.00 0.00 -1.00  -1.0     -1. 36.70 333.2  71492.
031  0:33:44 0.58 239.24  83.62  6.61 1731  36.82   334.7  70911.  2.51  0.38   0.00   0.00   0.00 0.00 0.00 0.00  0.85 320.0  38046. 35.38 333.3  62666.
031  0:35:05 0.58 239.24  83.61  6.60 1731  34.14   334.8  52372.  2.91  0.48   0.00   0.00   0.00 0.00 0.00 0.00  1.39 317.4  55367. 34.94 330.8  50065.
031  0:36:26 0.58 239.24  83.59  6.60 1731  34.17   334.5  50273.  2.42  0.40   0.00   0.00   0.00 0.00 0.00 0.00  1.14 317.1  47726. 35.58 333.2  52476.
031  0:37:47 0.58 239.24  83.58  6.60 1731  33.99   333.6  48516.  2.72  0.51   0.00   0.00   0.00 0.00 0.00 0.00  1.66 315.9  77963. 33.88 330.3  44741.
031  0:39:08 0.58 239.24  83.57  6.60 1731  32.94   332.4  45102.  2.69  0.52   0.00   0.00   0.00 0.00 0.00 0.00  1.65 314.6  33576. 32.89 331.7  47928.
031  0:40:29 0.58 239.24  83.56  6.60 1731  33.16   333.9  46352.  2.65  0.32   0.00   0.00   0.00 0.00 0.00 0.00  1.53 315.2  75598. 34.46 330.5  43809.
031  0:41:50 0.58 239.24  83.55  6.60 1731  33.13   331.4  47047.  2.62  0.36   0.00   0.00   0.00 0.00 0.00 0.00  1.55 315.5  48883. 32.67 329.6  38692.
031  0:43:11 0.58 239.24  83.54  6.60 1731  33.31   332.7  48327.  2.80  0.59   0.00   0.00   0.00 0.00 0.00 0.00  1.61 313.2  73623. 33.90 329.9  46291.
031  0:44:32 0.58 239.24  83.53  6.60 1731  34.59   335.0  67626.  2.53  0.53   0.00   0.00   0.00 0.00 0.00 0.00  0.77 320.9  28989. 34.08 332.6  58440.
031  0:45:53 0.58 239.24  83.51  6.60 1731  34.35   334.6  61259.  2.47  0.57   0.00   0.00   0.00 0.00 0.00 0.00 -1.00  -1.0     -1. 34.70 333.1  71320.
031  0:47:14 0.58 239.25  83.50  6.60 1731  34.91   334.2  69692.  2.77  0.53   0.00   0.00   0.00 0.00 0.00 0.00  1.00 320.6  39774. 33.68 331.5  57092.
031  0:48:35 0.58 239.25  83.49  6.60 1731  31.85   329.0  39605.  2.78  0.49   0.00   0.00   0.00 0.00 0.00 0.00  1.76 311.2  68815. 32.64 327.1  45082.
031  0:49:56 0.58 239.25  83.48  6.60 1731  36.17   334.6  43114.  2.53  0.55   0.00   0.00   0.00 0.00 0.00 0.00  1.64 316.6  50130. 35.56 331.2  37841.
031  0:51:17 0.58 239.25  83.47  6.60 1731  38.64   335.9  44959.  2.25  0.45   0.00   0.00   0.00 0.00 0.00 0.00  1.71 313.9  87994. 38.45 333.2  44212.
031  0:52:38 0.58 239.25  83.46  6.60 1731  36.64   336.2  38767.  2.19  0.53   0.00   0.00   0.00 0.00 0.00 0.00  1.63 316.9  49104. 38.12 334.1  43266.
031  0:53:59 0.58 239.25  83.45  6.60 1731  38.71   336.1  43585.  2.24  0.52   0.00   0.00   0.00 0.00 0.00 0.00  1.58 314.2  91710. 37.96 334.7  38186.
031  0:55:20 0.58 239.25  83.44  6.60 1731  36.59   337.6  39362.  2.08  0.51   0.00   0.00   0.00 0.00 0.00 0.00  1.33 315.3  47181. 38.21 335.6  45381.
031  0:58:01 0.58 239.25  83.41  6.60 1731  37.05   334.8  45248.  2.44  0.46   0.00   0.00   0.00 0.00 0.00 0.00  1.61 317.4  49312. 38.00 333.6  44673.
031  0:59:23 0.58 239.25  83.40  6.60 1731  37.78   336.2  42558.  2.28  0.54   0.00   0.00   0.00 0.00 0.00 0.00  1.52 316.2  88176. 38.28 334.8  38540.
031  1:00:44 0.58 239.26  83.39  6.60 1731  32.58   328.4  45696.  3.04  0.23   0.00   0.00   0.00 0.00 0.00 0.00  1.25 315.2  52326. 31.92 326.0  38046.
031  1:02:05 0.58 239.26  83.38  6.60 1731  34.51   333.3  54363.  2.75  0.21   0.00   0.00   0.00 0.00 0.00 0.00  1.47 314.3  60850. 34.67 329.0  50744.
031  1:03:26 0.58 239.26  83.37  6.60 1731  33.25   329.3  49854.  2.75 -0.30   0.00   0.00   0.00 0.00 0.00 0.00 -1.00  -1.0     -1. 34.40 329.1  53658.
031  1:04:47 0.58 239.26  83.36  6.60 1731  36.01   333.3  55565.  2.70  0.04   0.00   0.00   0.00 0.00 0.00 0.00  1.39 312.6  54860. 35.18 329.5  50241.
031  1:06:08 0.58 239.26  83.34  6.60 1731  32.23   330.1  47570.  3.20 -0.02   0.00   0.00   0.00 0.00 0.00 0.00  1.31 315.0  48324. 31.70 328.0  37958.
031  1:07:29 0.58 239.26  83.33  6.60 1731  31.82   329.2  36633.  3.23  0.04   0.00   0.00   0.00 0.00 0.00 0.00  1.57 309.5  45647. 32.90 326.7  41545.
031  1:08:50 0.58 239.26  83.32  6.60 1731  31.07   332.3  43308.  3.04  0.09   0.00   0.00   0.00 0.00 0.00 0.00  1.37 316.4  50455. 31.33 328.5  36379.
031  1:10:11 0.58 239.26  83.31  6.60 1731  37.49   335.7  46112.  2.47  0.20   0.00   0.00   0.00 0.00 0.00 0.00  1.71 312.9  82030. 37.50 333.6  44575.
031  1:11:32 0.58 239.26  83.30  6.60 1731  35.73   334.2  47713.  2.71  0.14   0.00   0.00   0.00 0.00 0.00 0.00  1.50 315.7  50338. 35.97 332.6  48971.
031  1:12:53 0.58 239.26  83.29  6.60 1731  37.11   334.1  49562.  2.69  0.23   0.00   0.00   0.00 0.00 0.00 0.00  1.68 312.2  68815. 37.01 330.1  47184.
031  1:14:14 0.58 239.26  83.28  6.60 1731  34.10   330.6  48954.  3.20  0.31   0.00   0.00   0.00 0.00 0.00 0.00  1.23 316.1  42386. 33.51 330.3  50361.
031  1:15:35 0.58 239.27  83.26  6.60 1731  32.11   331.4  47057.  3.21  0.27   0.00   0.00   0.00 0.00 0.00 0.00  1.73 317.9  37617. 33.25 326.9  44458.
031  3:14:20 0.59 239.34  82.25  6.59 1731  46.14   335.4  31851.  0.74 -1.03   0.00   0.00   0.00 0.00 0.00 0.00  2.30 323.6  79964. 46.18 333.0  29827.
031  3:15:41 0.59 239.35  82.24  6.59 1731  47.56   331.6  31052.  0.61 -1.34   0.00   0.00   0.00 0.00 0.00 0.00  2.49 321.7  92113. 47.52 332.4  33596.
031  3:16:45 0.59 239.35  82.24  6.59 1731  47.61   332.2  30308.  0.60 -1.28   0.00   0.00   0.00 0.00 0.00 0.00  2.01 328.4  46557. 47.82 332.7  34352.
031  3:18:06 0.59 239.35  82.23  6.59 1731  49.00   334.0  33287.  0.60 -1.28   0.00   0.00   0.00 0.00 0.00 0.00  2.23 323.4  86669. 48.68 331.7  31461.
031  3:19:27 0.59 239.35  82.21  6.59 1731  48.06   332.5  29814.  0.65 -1.32   0.00   0.00   0.00 0.00 0.00 0.00  2.58 322.6  97792. 48.40 333.1  32556.
031  3:20:48 0.59 239.35  82.20  6.59 1731  46.82   335.4  30107.  0.76 -1.09   0.00   0.00   0.00 0.00 0.00 0.00  1.79 323.2  76508. 46.71 332.6  28210.
031  3:22:09 0.59 239.35  82.19  6.59 1731  49.00   333.6  26475.  0.82 -1.03   0.00   0.00   0.00 0.00 0.00 0.00  1.60 332.3  34148. 47.18 334.1  30256.
031  3:23:30 0.59 239.35  82.18  6.59 1731  48.11   336.1  29577.  0.70 -1.09   0.00   0.00   0.00 0.00 0.00 0.00  1.98 322.7  87059. 47.16 333.2  27995.
031  3:24:51 0.59 239.35  82.17  6.59 1731  47.45   332.8  27066.  0.00  0.00   0.00   0.00   0.00 0.00 0.00 0.00  1.77 328.6  40697. 46.66 334.8  30477.
031  3:26:12 0.59 239.35  82.16  6.59 1731  47.57   335.3  30058.  0.83 -1.02   0.00   0.00   0.00 0.00 0.00 0.00  1.68 322.6  76872. 48.82 332.8  27209.
031  3:27:33 0.59 239.35  82.15  6.59 1731  46.70   332.6  27813.  0.90 -1.19   0.00   0.00   0.00 0.00 0.00 0.00  1.66 329.2  38891. 46.55 333.0  30386.
031  3:28:54 0.59 239.35  82.13  6.59 1731  45.69   334.5  30721.  0.81 -1.17   0.00   0.00   0.00 0.00 0.00 0.00  1.76 323.4  77690. 45.62 332.1  27849.
031  3:30:15 0.59 239.36  82.12  6.59 1731  47.79   331.7  28551.  1.08 -1.13   0.00   0.00   0.00 0.00 0.00 0.00  1.35 325.7  54379. 45.50 332.0  30997.
031  3:31:36 0.59 239.36  82.11  6.59 1731  47.50   333.7  31861.  0.90 -1.35   0.00   0.00   0.00 0.00 0.00 0.00  1.52 321.9  94309. 46.43 331.4  29314.
031  3:32:57 0.59 239.36  82.10  6.59 1731  46.21   331.9  29512.  1.00 -1.27   0.00   0.00   0.00 0.00 0.00 0.00  1.07 330.1  43503. 46.28 332.3  32563.
031  3:34:18 0.59 239.36  82.09  6.59 1731  46.32   334.9  31364.  0.91 -1.18   0.00   0.00   0.00 0.00 0.00 0.00  1.71 320.4  85603. 46.42 332.4  28343.
031  3:35:39 0.59 239.36  82.08  6.59 1731  47.06   332.6  29158.  0.98 -1.30   0.00   0.00   0.00 0.00 0.00 0.00  1.15 330.0  42737. 46.68 333.2  31997.
031  3:37:00 0.59 239.36  82.06  6.59 1731  46.39   334.5  31783.  0.92 -1.26   0.00   0.00   0.00 0.00 0.00 0.00  1.62 320.0  73922. 46.66 332.2  29106.
031  3:38:21 0.59 239.36  82.05  6.59 1731  45.09   332.2  30769.  1.10 -1.09   0.00   0.00   0.00 0.00 0.00 0.00  1.53 324.8  46674. 45.14 332.9  33323.
031  3:39:42 0.59 239.36  82.04  6.59 1731  44.50   334.2  32140.  1.13 -0.98   0.00   0.00   0.00 0.00 0.00 0.00  1.72 319.9  75897. 45.82 331.3  29603.
031  3:41:03 0.59 239.36  82.03  6.59 1731  45.74   331.3  29022.  0.65 -1.52   0.00   0.00   0.00 0.00 0.00 0.00  2.18 320.4 104457. 45.83 332.0  31663.
031  3:42:24 0.59 239.36  82.02  6.59 1731  43.98   334.7  32127.  0.60 -1.36   0.00   0.00   0.00 0.00 0.00 0.00  1.35 318.6  79042. 44.54 332.2  30428.
031  3:43:45 0.59 239.36  82.01  6.59 1731  43.11   331.6  30074.  0.98 -1.28   0.00   0.00   0.00 0.00 0.00 0.00  0.91 330.8  45400. 44.14 332.0  32705.
031  3:45:06 0.59 239.36  81.99  6.59 1731  39.55   332.2  33164.  0.96 -1.31   0.00   0.00   0.00 0.00 0.00 0.00  1.45 319.0  44920. 42.11 329.7  30370.
031  3:46:27 0.59 239.37  81.98  6.59 1731  45.02   329.2  28044.  1.03 -1.77   0.00   0.00   0.00 0.00 0.00 0.00 -1.00  -1.0     -1. 44.84 328.7  30006.
031  3:47:48 0.59 239.37  81.97  6.59 1731  43.82   330.5  28226.  1.03 -2.03   0.00   0.00   0.00 0.00 0.00 0.00  1.10 319.5  39917. 46.93 328.0  25975.
031  3:49:09 0.59 239.37  81.96  6.59 1731  45.24   329.6  25991.  1.17 -1.72   0.00   0.00   0.00 0.00 0.00 0.00 -1.00  -1.0     -1. 46.54 328.3  29041.
031  3:50:30 0.59 239.37  81.95  6.59 1731  42.39   329.0  32589.  0.69 -1.30   0.00   0.00   0.00 0.00 0.00 0.00  0.83 316.8  30393. 42.81 328.1  29194.
031  3:51:51 0.59 239.37  81.94  6.59 1731  45.05   330.1  25452.  0.45 -1.97   0.00   0.00   0.00 0.00 0.00 0.00  1.03 324.5  60785. 42.83 329.3  28190.
031  3:53:12 0.59 239.37  81.93  6.59 1731  40.11   334.6  28515. -0.43 -1.79   0.00   0.00   0.00 0.00 0.00 0.00  1.11 319.8  64722. 42.05 332.8  24653.
031  3:54:33 0.59 239.37  81.91  6.59 1731  41.30   329.7  26504.  0.12 -1.93   0.00   0.00   0.00 0.00 0.00 0.00  1.06 323.7  50637. 38.66 330.8  30558.
031  3:55:54 0.59 239.37  81.90  6.59 1731  39.49   330.1  29109.  0.05 -2.06   0.00   0.00   0.00 0.00 0.00 0.00  0.90 318.4  38267. 41.94 328.5  25897.
031  3:57:15 0.59 239.37  81.89  6.59 1731  44.94   330.1  23548. -0.04 -1.88   0.00   0.00   0.00 0.00 0.00 0.00  1.00 324.9  49065. 42.29 330.9  28291.
031  3:58:36 0.59 239.37  81.88  6.59 1731  41.12   334.9  26478. -0.74 -2.05   0.00   0.00   0.00 0.00 0.00 0.00  1.15 321.0  97974. 41.37 333.7  24419.
031  3:59:57 0.59 239.37  81.87  6.59 1731  42.91   332.9  26504. -0.38 -1.64   0.00   0.00   0.00 0.00 0.00 0.00  0.91 332.3  31263. 41.42 334.4  30324.
031  4:01:18 0.59 239.38  81.86  6.59 1731  42.63   333.0  28008. -0.18 -1.89   0.00   0.00   0.00 0.00 0.00 0.00  1.01 319.8  78353. 41.44 331.4  25474.
031  4:02:39 0.59 239.38  81.85  6.59 1731  42.48   330.9  25682. -0.09 -1.79   0.00   0.00   0.00 0.00 0.00 0.00  0.83 329.2  41710. 41.35 331.9  29070.
031  4:04:00 0.59 239.38  81.83  6.59 1731  40.88   333.2  30237. -0.39 -1.52   0.00   0.00   0.00 0.00 0.00 0.00  0.88 318.8  40632. 42.57 331.1  27459.
031  4:05:21 0.59 239.38  81.82  6.59 1731  42.09   330.0  30000.  0.13 -1.71   0.00   0.00   0.00 0.00 0.00 0.00  0.94 330.0  44309. 42.51 331.3  32403.
031  4:06:42 0.59 239.38  81.81  6.59 1731  43.34   333.2  33365.  0.76 -1.75   0.00   0.00   0.00 0.00 0.00 0.00  1.68 319.1  48350. 43.53 329.9  30958.
031  4:08:03 0.59 239.38  81.80  6.59 1731  45.36   329.3  27969.  0.57 -2.04   0.00   0.00   0.00 0.00 0.00 0.00  0.91 323.4  53119. 44.93 328.9  29879.
031  4:09:24 0.59 239.38  81.79  6.59 1731  44.88   330.2  29080.  0.52 -2.30   0.00   0.00   0.00 0.00 0.00 0.00  1.08 319.7  42009. 46.72 328.4  27157.
031  4:10:45 0.59 239.38  81.78  6.59 1731  44.99   329.2  26732.  1.09 -1.97   0.00   0.00   0.00 0.00 0.00 0.00 -1.00  -1.0     -1. 45.79 328.3  28369.
031  4:12:06 0.59 239.38  81.77  6.59 1731  44.29   331.1  29148.  1.28 -2.01   0.00   0.00   0.00 0.00 0.00 0.00  0.10 365.6 156433. 44.71 328.4  27446.
031  4:13:27 0.59 239.38  81.75  6.59 1731  40.98   330.1  26764.  1.76 -1.78   0.00   0.00   0.00 0.00 0.00 0.00 -1.00  -1.0     -1. 42.71 329.1  29600.
031  4:14:48 0.59 239.38  81.74  6.59 1731  37.93   328.4  38416.  1.81 -2.07   0.00   0.00   0.00 0.00 0.00 0.00  1.46 319.3  37591. 37.61 326.6  31929.
031  4:16:09 0.59 239.39  81.73  6.59 1731  36.79   328.1  30682.  1.36 -2.51   0.00   0.00   0.00 0.00 0.00 0.00 -1.00  -1.0     -1. 38.58 327.5  35512.
031  4:17:30 0.59 239.39  81.72  6.59 1731  40.43   327.5  38930.  1.30 -2.27   0.00   0.00   0.00 0.00 0.00 0.00  1.66 315.3  49169. 39.11 326.0  32407.
031  4:18:51 0.59 239.39  81.71  6.59 1731  36.36   325.9  33196.  2.63 -2.06   0.00   0.00   0.00 0.00 0.00 0.00 -1.00  -1.0     -1. 39.26 324.3  39573.
031  4:20:12 0.59 239.39  81.70  6.59 1731  39.33   327.7  40258.  2.30 -2.11   0.00   0.00   0.00 0.00 0.00 0.00  2.07 315.9  51313. 38.49 325.6  32868.
031  4:21:33 0.59 239.39  81.69  6.59 1731  34.63   327.0  33755.  1.73 -2.45   0.00   0.00   0.00 0.00 0.00 0.00 -1.00  -1.0     -1. 37.06 325.5  40788.
031  4:22:54 0.59 239.39  81.67  6.59 1731  39.93   327.0  39924.  1.90 -2.26   0.00   0.00   0.00 0.00 0.00 0.00  1.34 321.1  43685. 37.39 325.4  32790.
031  4:24:15 0.59 239.39  81.66  6.59 1731  37.22   329.6  49448.  1.69 -2.21   0.00   0.00   0.00 0.00 0.00 0.00 -1.00  -1.0     -1. 38.02 325.6  41597.
031  4:25:36 0.59 239.39  81.65  6.59 1731  38.94   325.8  42152.  2.35 -1.82   0.00   0.00   0.00 0.00 0.00 0.00  1.18 320.2  39852. 36.75 323.9  35493.
031  4:26:57 0.59 239.39  81.64  6.59 1731  35.27   326.8  56169.  4.18 -0.14   0.00   0.00   0.00 0.00 0.00 0.00 -1.00  -1.0     -1. 36.73 321.6  48409.
031  4:28:18 0.59 239.39  81.63  6.59 1731  32.46   318.6  30090.  4.18 -0.37   0.00   0.00   0.00 0.00 0.00 0.00 -1.00  -1.0     -1. 33.36 316.8  37721.
031  4:29:39 0.59 239.39  81.62  6.59 1731  30.61   315.1  23723.  4.82  0.27   0.00   0.00   0.00 0.00 0.00 0.00 -1.00  -1.0     -1. 31.45 313.8  28651.
031  4:30:59 0.59 239.39  81.61  6.59 1731  32.11   315.7  28554.  4.94  0.80   0.00   0.00   0.00 0.00 0.00 0.00 -1.00  -1.0     -1. 32.35 311.1  24834.
031  4:32:20 0.59 239.40  81.60  6.59 1731  -1.00    -1.0     -1. -1.00 -1.00   0.00   0.00   0.00 0.00 0.00 0.00 -1.00  -1.0     -1. 31.11 312.4  28304.
031  4:35:03 0.59 239.40  81.57  6.59 1731  31.81   310.6  24097.  0.00  0.00   0.00   0.00   0.00 0.00 0.00 0.00 -1.00  -1.0     -1. -1.00  -1.0     -1.
031  4:35:11 0.59 239.40  81.57  6.59 1731  32.07   316.8  27901.  4.89  0.61   0.00   0.00   0.00 0.00 0.00 0.00 -1.00  -1.0     -1. 30.96 311.2  24838.
031  4:36:32 0.59 239.40  81.56  6.59 1731  31.55   314.8  24984.  4.43 -0.46   0.00   0.00   0.00 0.00 0.00 0.00 -1.00  -1.0     -1. 32.24 313.8  29178.
031  4:37:45 0.59 239.40  81.55  6.59 1731  30.39   324.7  30786.  2.80 -2.96   0.00   0.00   0.00 0.00 0.00 0.00 -1.00  -1.0     -1. 30.99 319.8  25510.
031  4:39:06 0.59 239.40  81.54  6.59 1731  33.90   323.5  46265.  2.60 -1.49   0.00   0.00   0.00 0.00 0.00 0.00 -1.00  -1.0     -1. 34.06 322.9  56546.
031  4:40:27 0.59 239.40  81.53  6.59 1731  33.19   326.4  52973.  3.58 -2.01   0.00   0.00   0.00 0.00 0.00 0.00  2.65 306.7  79717. 33.47 318.8  28645.
031  4:41:48 0.59 239.40  81.52  6.59 1731  34.74   321.8  49162.  3.82 -0.65   0.00   0.00   0.00 0.00 0.00 0.00 -1.00  -1.0     -1. 34.22 316.7  40801.
031  4:43:09 0.59 239.40  81.50  6.59 1731  33.27   317.6  38023.  4.33 -0.45   0.00   0.00   0.00 0.00 0.00 0.00 -1.00  -1.0     -1. 31.76 314.0  29272.
031  4:44:30 0.59 239.40  81.49  6.59 1731  32.67   317.3  29938.  4.71 -0.09   0.00   0.00   0.00 0.00 0.00 0.00 -1.00  -1.0     -1. 32.85 312.3  25335.
031  4:45:51 0.59 239.40  81.48  6.59 1731  32.93   318.6  37585.  4.57 -0.49   0.00   0.00   0.00 0.00 0.00 0.00 -1.00  -1.0     -1. 32.88 315.2  29593.
031  4:47:12 0.59 239.41  81.47  6.59 1731  32.81   320.2  29805.  3.49 -1.58   0.00   0.00   0.00 0.00 0.00 0.00 -1.00  -1.0     -1. 33.67 318.4  37075.
031  4:48:33 0.59 239.41  81.46  6.59 1731  32.69   319.2  38946.  5.46  1.46   0.00   0.00   0.00 0.00 0.00 0.00  2.96 307.7  79080. 32.19 314.6  30532.
031  4:49:54 0.59 239.41  81.45  6.59 1731  32.90   317.1  31640.  5.16  3.22   0.00   0.00   0.00 0.00 0.00 0.00 -1.00  -1.0     -1. 31.85 311.8  26540.
031  4:51:15 0.59 239.41  81.44  6.59 1731  34.57   318.8  39488.  5.37  2.07   0.00   0.00   0.00 0.00 0.00 0.00  3.04 308.1  78678. 32.61 314.3  30662.
031  4:52:36 0.59 239.41  81.42  6.59 1731  32.90   316.6  31127.  4.67  2.57   0.00   0.00   0.00 0.00 0.00 0.00 -1.00  -1.0     -1. 31.98 311.1  27752.
031  4:53:57 0.59 239.41  81.41  6.59 1731  33.43   317.5  38143.  4.67  4.10   0.00   0.00   0.00 0.00 0.00 0.00 -1.00  -1.0     -1. 32.49 314.0  29775.
031  4:55:18 0.59 239.41  81.40  6.59 1731  35.36   319.0  52586.  3.17  3.56   0.00   0.00   0.00 0.00 0.00 0.00 -1.00  -1.0     -1. 34.69 314.4  44283.
031  4:56:39 0.59 239.41  81.39  6.59 1731  32.23   314.7  24097.  4.12 -0.24   0.00   0.00   0.00 0.00 0.00 0.00 -1.00  -1.0     -1. 32.30 313.7  30068.
031  4:58:00 0.59 239.41  81.38  6.59 1731  32.88   319.8  28934.  3.63 -1.49   0.00   0.00   0.00 0.00 0.00 0.00 -1.00  -1.0     -1. 33.12 317.7  35512.
031  4:59:21 0.59 239.41  81.37  6.59 1731  33.55   318.4  36159.  4.48 -0.40   0.00   0.00   0.00 0.00 0.00 0.00 -1.00  -1.0     -1. 32.94 314.7  29769.
031  5:00:42 0.59 239.41  81.36  6.59 1731  32.83   319.6  29590.  3.79 -1.30   0.00   0.00   0.00 0.00 0.00 0.00 -1.00  -1.0     -1. 34.01 317.1  37786.
031  5:02:03 0.59 239.42  81.34  6.59 1731  34.81   318.1  38225.  3.42 -1.20   0.00   0.00   0.00 0.00 0.00 0.00 -1.00  -1.0     -1. 33.39 315.3  29415.
031  5:03:24 0.59 239.42  81.33  6.59 1731  36.63   320.1  49468.  0.33  0.23   0.00   0.00   0.00 0.00 0.00 0.00 -1.00  -1.0     -1. 36.11 320.4  63819.
031  5:04:45 0.59 239.42  81.32  6.59 1731  34.05   327.0  53921.  2.46 -2.08   0.00   0.00   0.00 0.00 0.00 0.00 -1.00  -1.0     -1. 36.20 322.6  47259.
031  5:06:06 0.59 239.42  81.31  6.59 1731  35.43   329.6  39683.  3.81 -2.62   0.00   0.00   0.00 0.00 0.00 0.00  1.81 316.1  51599. 34.74 326.8  31737.
031  5:07:27 0.59 239.42  81.30  6.59 1731  32.67   331.9  29792.  3.48 -2.53   0.00   0.00   0.00 0.00 0.00 0.00 -1.00  -1.0     -1. 35.31 329.3  36324.
031  5:08:48 0.59 239.42  81.29  6.59 1731  34.72   335.9  33901.  2.68 -3.02   0.00   0.00   0.00 0.00 0.00 0.00  0.90 326.0  77781. 35.31 331.6  30016.
031  5:10:09 0.59 239.42  81.27  6.59 1731  34.73   330.7  32946.  4.46 -2.50   0.00   0.00   0.00 0.00 0.00 0.00 -1.00  -1.0     -1. 37.83 328.0  40979.
031  5:11:30 0.59 239.42  81.26  6.59 1731  37.14   327.0  47366.  4.32 -1.57   0.00   0.00   0.00 0.00 0.00 0.00 -1.00  -1.0     -1. 36.76 325.9  52034.
031  5:15:33 0.59 239.42  81.23  6.59 1731  27.85   333.0  60207.  5.33  1.90   0.00   0.00   0.00 0.00 0.00 0.00 -1.00  -1.0     -1. 31.17 325.5  49913.
031  5:16:54 0.59 239.43  81.22  6.59 1731  37.83   343.4  31211.  6.40  5.09   0.00   0.00   0.00 0.00 0.00 0.00  0.82 345.4  55497. 34.10 340.2  38179.
031  5:18:15 0.59 239.43  81.20  6.58 1731  36.52   340.8  40602.  6.07  5.17   0.00   0.00   0.00 0.00 0.00 0.00  1.02 336.3  92139. 36.86 336.5  35863.
031  5:19:36 0.59 239.43  81.19  6.58 1731  36.50   351.4  23236.  7.46  2.34   0.00   0.00   0.00 0.00 0.00 0.00  0.76 352.2  84707. 36.86 346.2  28573.
031  5:20:57 0.59 239.43  81.18  6.58 1731  37.49   339.9  41554.  7.11  3.96   0.00   0.00   0.00 0.00 0.00 0.00 -1.00  -1.0     -1. 34.81 334.2  36074.
031  5:22:18 0.59 239.43  81.17  6.58 1731  35.98   333.0  41587.  6.54  2.55   0.00   0.00   0.00 0.00 0.00 0.00  1.82 319.8  95700. 35.37 327.8  33781.
031  5:23:39 0.59 239.43  81.16  6.58 1731  34.47   328.8  57553.  6.31  1.26   0.00   0.00   0.00 0.00 0.00 0.00 -1.00  -1.0     -1. 35.30 321.9  45959.
031  5:25:00 0.59 239.43  81.15  6.58 1731  36.37   320.1  49516. -0.01 -0.78   0.00   0.00   0.00 0.00 0.00 0.00 -1.00  -1.0     -1. 36.60 318.3  41437.
031  5:26:21 0.59 239.43  81.13  6.58 1731  35.17   321.6  34859. -0.83 -1.56   0.00   0.00   0.00 0.00 0.00 0.00  2.45 305.9  97181. 34.24 320.1  29821.
031  5:27:42 0.59 239.43  81.12  6.58 1731  37.52   325.9  40222. -1.74 -1.29   0.00   0.00   0.00 0.00 0.00 0.00  1.61 314.8  88488. 35.66 326.2  33004.
031  5:29:03 0.59 239.43  81.11  6.58 1731  33.95   324.2  31945. -1.84 -1.30   0.00   0.00   0.00 0.00 0.00 0.00 -1.00  -1.0     -1. 34.68 323.2  26322.
031  5:30:24 0.59 239.43  81.10  6.58 1731  33.04   318.7  28557.  0.74 -1.57   0.00   0.00   0.00 0.00 0.00 0.00 -1.00  -1.0     -1. 32.80 318.6  32387.
031  5:31:45 0.59 239.44  81.09  6.58 1731  33.25   324.1  55188. -0.11 -0.93   0.00   0.00   0.00 0.00 0.00 0.00 -1.00  -1.0     -1. 35.47 321.6  47301.
031  5:33:06 0.59 239.44  81.08  6.58 1731  34.32   316.1  29808. -0.24 -0.27   0.00   0.00   0.00 0.00 0.00 0.00 -1.00  -1.0     -1. 35.07 316.6  36509.
031  5:34:27 0.59 239.44  81.07  6.58 1731  35.89   324.6  33173. -1.75 -0.75   0.00   0.00   0.00 0.00 0.00 0.00 -1.00  -1.0     -1. 36.07 326.1  40671.
031  5:35:48 0.59 239.44  81.05  6.58 1731  36.88   319.6  47103. -0.81  0.71   0.00   0.00   0.00 0.00 0.00 0.00 -1.00  -1.0     -1. 36.16 318.8  39628.
031  5:37:09 0.59 239.44  81.04  6.58 1731  32.33   319.8  34564. -0.07 -0.97   0.00   0.00   0.00 0.00 0.00 0.00 -1.00  -1.0     -1. 33.44 316.4  28866.
031  5:38:30 0.59 239.44  81.03  6.58 1731  35.42   323.7  39098. -1.48 -0.68   0.00   0.00   0.00 0.00 0.00 0.00  1.75 312.2  55705. 34.54 323.9  32410.
031  5:39:51 0.59 239.44  81.02  6.58 1731  34.17   320.7  32342. -1.29 -0.84   0.00   0.00   0.00 0.00 0.00 0.00 -1.00  -1.0     -1. 33.83 318.9  27566.
031  5:41:12 0.59 239.44  81.01  6.58 1731  35.93   324.2  39115. -1.32 -0.93   0.00   0.00   0.00 0.00 0.00 0.00  1.53 313.8  78158. 33.77 325.1  32576.
031  5:42:33 0.59 239.44  81.00  6.58 1731  36.38   317.9  35337. -0.47 -0.46   0.00   0.00   0.00 0.00 0.00 0.00 -1.00  -1.0     -1. 33.86 316.8  29285.
031  5:43:54 0.59 239.44  80.99  6.58 1731  33.21   317.4  28512. -1.01 -0.18   0.00   0.00   0.00 0.00 0.00 0.00 -1.00  -1.0     -1. 32.34 318.8  32475.
031  5:45:15 0.59 239.44  80.98  6.58 1731  33.64   321.3  32861. -0.92 -0.46   0.00   0.00   0.00 0.00 0.00 0.00  0.09 375.2 148182. 35.51 319.5  26732.
031  5:46:36 0.59 239.44  80.96  6.58 1731  34.37   321.9  25052. -1.70 -0.61   0.00   0.00   0.00 0.00 0.00 0.00  1.62 312.0  56042. 33.95 324.6  30737.
031  5:47:57 0.59 239.45  80.95  6.58 1731  34.58   315.0  35411.  0.21 -0.27   0.00   0.00   0.00 0.00 0.00 0.00 -1.00  -1.0     -1. 33.54 314.1  28846.
031  5:49:18 0.59 239.45  80.94  6.58 1731  34.48   316.9  30474. -0.52 -0.31   0.00   0.00   0.00 0.00 0.00 0.00 -1.00  -1.0     -1. 36.20 317.6  38111.
031  5:50:39 0.59 239.45  80.93  6.58 1731  34.67   321.4  35333. -0.72 -0.16   0.00   0.00   0.00 0.00 0.00 0.00 -1.00  -1.0     -1. 34.31 319.4  29298.
031  5:52:00 0.59 239.45  80.92  6.58 1731  34.82   316.8  30074.  1.56 -1.12   0.00   0.00   0.00 0.00 0.00 0.00 -1.00  -1.0     -1. 33.98 316.4  38540.
031  5:53:21 0.59 239.45  80.91  6.58 1731  35.44   320.4  35213. -1.14  1.93   0.00   0.00   0.00 0.00 0.00 0.00 -1.00  -1.0     -1. 35.63 318.2  30321.
031  5:54:42 0.59 239.45  80.90  6.58 1731  37.39   324.5  41765. -1.84  0.61   0.00   0.00   0.00 0.00 0.00 0.00 -1.00  -1.0     -1. 36.01 325.6  33881.
031  5:56:03 0.59 239.45  80.89  6.58 1731  37.28   344.5  28720. -4.54  1.08   0.00   0.00   0.00 0.00 0.00 0.00  1.12 334.2 114372. 36.26 345.6  26605.
031  5:57:24 0.59 239.45  80.87  6.58 1731  38.93   327.6  34505. -3.11  0.38   0.00   0.00   0.00 0.00 0.00 0.00  1.94 314.5  89242. 37.05 328.4  31556.
031  5:58:45 0.59 239.45  80.86  6.58 1731  36.51   324.2  32624. -2.56  1.09   0.00   0.00   0.00 0.00 0.00 0.00 -1.00  -1.0     -1. 38.01 325.9  40479.
031  6:00:06 0.59 239.45  80.85  6.58 1731  35.58   327.1  35207. -2.89  1.07   0.00   0.00   0.00 0.00 0.00 0.00  2.14 313.2  82771. 36.13 327.5  30324.
031  6:01:27 0.59 239.45  80.84  6.58 1731  33.18   318.3  37958. -0.98  0.89   0.00   0.00   0.00 0.00 0.00 0.00 -1.00  -1.0     -1. 35.04 316.8  29616.
031  6:02:48 0.59 239.46  80.83  6.58 1731  35.11   315.5  29649. -0.63  1.15   0.00   0.00   0.00 0.00 0.00 0.00 -1.00  -1.0     -1. 34.01 313.5  24744.
031  6:04:09 0.59 239.46  80.82  6.58 1731  36.62   315.0  39560.  0.47  0.86   0.00   0.00   0.00 0.00 0.00 0.00 -1.00  -1.0     -1. 34.40 314.2  32790.
031  6:05:30 0.59 239.46  80.81  6.58 1731  34.62   315.2  32563.  1.53 -0.21   0.00   0.00   0.00 0.00 0.00 0.00 -1.00  -1.0     -1. 36.38 314.5  41817.
031  6:06:51 0.59 239.46  80.79  6.58 1731  35.07   315.7  41216.  1.30  0.46   0.00   0.00   0.00 0.00 0.00 0.00 -1.00  -1.0     -1. 34.10 313.7  31988.
031  6:08:12 0.59 239.46  80.78  6.58 1731  35.08   314.5  30120.  1.71  0.84   0.00   0.00   0.00 0.00 0.00 0.00 -1.00  -1.0     -1. 34.51 311.1  25919.
031  6:09:33 0.59 239.46  80.77  6.58 1731  35.73   314.7  39150.  0.35  1.75   0.00   0.00   0.00 0.00 0.00 0.00 -1.00  -1.0     -1. 35.53 314.7  31698.
031  6:10:54 0.59 239.46  80.76  6.58 1731  35.24   315.6  31432. -1.03  1.96   0.00   0.00   0.00 0.00 0.00 0.00 -1.00  -1.0     -1. 33.49 317.0  41821.
031  6:12:15 0.59 239.46  80.75  6.58 1731  34.89   310.9  27154.  1.13  2.63   0.00   0.00   0.00 0.00 0.00 0.00 -1.00  -1.0     -1. 34.44 313.0  32156.
031  6:13:36 0.59 239.46  80.74  6.58 1731  35.53   316.4  30587. -0.39  2.53   0.00   0.00   0.00 0.00 0.00 0.00 -1.00  -1.0     -1. 36.48 316.7  38394.
031  6:14:57 0.59 239.46  80.73  6.58 1731  35.57   316.3  40287. -0.27  1.75   0.00   0.00   0.00 0.00 0.00 0.00 -1.00  -1.0     -1. 36.87 318.9  49094.
031  6:16:18 0.59 239.46  80.71  6.58 1731  38.27   319.6  47236. -0.30  2.36   0.00   0.00   0.00 0.00 0.00 0.00 -1.00  -1.0     -1. 37.03 317.6  40489.
031  6:17:39 0.59 239.47  80.70  6.58 1731  35.80   319.4  35320. -0.59  3.23   0.00   0.00   0.00 0.00 0.00 0.00 -1.00  -1.0     -1. 34.98 316.9  30581.
031  6:19:00 0.59 239.47  80.69  6.58 1731  39.35   319.7  50345.  0.64  0.53   0.00   0.00   0.00 0.00 0.00 0.00 -1.00  -1.0     -1. 38.79 316.6  43029.
031  6:20:21 0.59 239.47  80.68  6.58 1731  38.21   321.0  58313. -0.06  3.80   0.00   0.00   0.00 0.00 0.00 0.00 -1.00  -1.0     -1. 35.23 316.2  30669.
031  6:21:42 0.59 239.47  80.67  6.58 1731  38.68   325.5  43997. -0.27  5.17   0.00   0.00   0.00 0.00 0.00 0.00 -1.00  -1.0     -1. 37.54 325.3  35525.
031  6:23:03 0.59 239.47  80.66  6.58 1731  36.45   326.0  58294. -0.62  1.03   0.00   0.00   0.00 0.00 0.00 0.00 -1.00  -1.0     -1. 37.22 323.2  49646.
031  6:24:24 0.59 239.47  80.65  6.58 1731  35.33   317.2  31240. -0.82  2.17   0.00   0.00   0.00 0.00 0.00 0.00 -1.00  -1.0     -1. 36.49 317.6  36685.
031  6:25:45 0.59 239.47  80.63  6.58 1731  36.16   316.7  39982. -0.42  0.85   0.00   0.00   0.00 0.00 0.00 0.00 -1.00  -1.0     -1. 36.08 316.6  31341.
031  6:27:06 0.59 239.47  80.62  6.58 1731  37.63   322.7  42519. -1.56  1.18   0.00   0.00   0.00 0.00 0.00 0.00 -1.00  -1.0     -1. 35.43 322.9  33696.
031  6:28:27 0.59 239.47  80.61  6.58 1731  35.30   318.6  33846. -0.91 -0.05   0.00   0.00   0.00 0.00 0.00 0.00 -1.00  -1.0     -1. 35.54 316.6  28284.
031  6:29:48 0.59 239.47  80.60  6.58 1731  34.55   316.3  28918. -0.94  0.29   0.00   0.00   0.00 0.00 0.00 0.00 -1.00  -1.0     -1. 33.78 317.6  37312.
031  6:31:09 0.59 239.47  80.59  6.58 1731  35.07   319.8  31929. -1.55  0.80   0.00   0.00   0.00 0.00 0.00 0.00 -1.00  -1.0     -1. 37.32 319.0  27846.
031  6:32:30 0.59 239.48  80.58  6.58 1731  35.40   323.7  42997.  0.00  0.00   0.00   0.00   0.00 0.00 0.00 0.00 -1.00  -1.0     -1. 33.67 323.8  33147.
031  6:33:51 0.59 239.48  80.57  6.58 1731  35.51   319.1  32335. -0.81  0.03   0.00   0.00   0.00 0.00 0.00 0.00 -1.00  -1.0     -1. 35.33 316.5  27362.
031  6:35:12 0.59 239.48  80.55  6.58 1731  35.87   316.4  30107. -0.30  0.33   0.00   0.00   0.00 0.00 0.00 0.00 -1.00  -1.0     -1. 37.98 317.0  37039.
031  6:36:33 0.59 239.48  80.54  6.58 1731  36.63   325.1  33661. -3.26  0.78   0.00   0.00   0.00 0.00 0.00 0.00 -1.00  -1.0     -1. 36.74 327.0  39608.
031  6:37:54 0.59 239.48  80.53  6.58 1731  37.80   326.9  32686. -3.20  0.61   0.00   0.00   0.00 0.00 0.00 0.00 -1.00  -1.0     -1. 36.66 327.5  29896.
031  6:39:15 0.59 239.48  80.52  6.58 1731  33.78   317.9  40131. -1.30  0.24   0.00   0.00   0.00 0.00 0.00 0.00 -1.00  -1.0     -1. 32.59 316.7  33433.
031  6:40:36 0.59 239.48  80.51  6.58 1731  33.32   319.5  49636. -1.02  0.90   0.00   0.00   0.00 0.00 0.00 0.00 -1.00  -1.0     -1. 32.26 317.7  41564.
031  6:41:57 0.59 239.48  80.50  6.58 1731  28.23   324.7  37354. -0.28  0.78   0.00   0.00   0.00 0.00 0.00 0.00 -1.00  -1.0     -1. 29.33 325.2  49503.
031  6:43:18 0.59 239.48  80.48  6.58 1731  28.90   324.8  54100.  0.64  1.11   0.00   0.00   0.00 0.00 0.00 0.00 -1.00  -1.0     -1. 29.96 326.2  71742.
031  6:44:39 0.59 239.48  80.47  6.58 1731  26.76   328.5  60256.  0.42  0.89   0.00   0.00   0.00 0.00 0.00 0.00 -1.00  -1.0     -1. 26.92 324.5  50634.
031  6:46:00 0.59 239.48  80.46  6.58 1731  27.92   321.7  54798.  0.59  1.13   0.00   0.00   0.00 0.00 0.00 0.00 -1.00  -1.0     -1. 27.47 319.9  49714.
031  6:47:21 0.59 239.49  80.45  6.58 1731  28.56   316.6  47223.  0.60  0.98   0.00   0.00   0.00 0.00 0.00 0.00 -1.00  -1.0     -1. 28.02 316.0  38322.
031  6:48:42 0.59 239.49  80.44  6.58 1731  26.36   318.8  34502.  1.09  0.90   0.00   0.00   0.00 0.00 0.00 0.00 -1.00  -1.0     -1. 28.44 323.5  68487.
031  6:50:03 0.59 239.49  80.43  6.58 1731  28.78   326.1  66876.  1.15  1.04   0.00   0.00   0.00 0.00 0.00 0.00 -1.00  -1.0     -1. 27.45 323.3  53142.
031  6:51:24 0.59 239.49  80.41  6.58 1731  28.61   323.5  55464.  1.08  0.91   0.00   0.00   0.00 0.00 0.00 0.00 -1.00  -1.0     -1. 29.92 324.5  74718.
031  6:52:45 0.59 239.49  80.40  6.58 1731  29.52   330.4 116776.  1.06  0.47   0.00   0.00   0.00 0.00 0.00 0.00 -1.00  -1.0     -1. 30.07 327.1  95657.
031  6:54:06 0.59 239.49  80.39  6.58 1731  33.26   325.3  97269.  0.12  0.02   0.00   0.00   0.00 0.00 0.00 0.00 -1.00  -1.0     -1. 32.89 322.6  79727.
031  6:55:27 0.59 239.49  80.38  6.58 1731  35.08   326.5 122571.  3.66  0.40   0.00   0.00   0.00 0.00 0.00 0.00 -1.00  -1.0     -1. 34.44 324.1 107131.
031  6:56:48 0.59 239.49  80.37  6.58 1731  34.90   325.1 106494.  2.58  1.05   0.00   0.00   0.00 0.00 0.00 0.00 -1.00  -1.0     -1. 36.49 324.0 134158.
031  6:58:09 0.59 239.49  80.36  6.58 1731  34.09   326.1  73662.  2.13 -2.13   0.00   0.00   0.00 0.00 0.00 0.00 -1.00  -1.0     -1. 34.34 322.4  58375.
031  6:59:30 0.59 239.49  80.34  6.58 1731  34.94   327.6  93728.  2.23 -0.89   0.00   0.00   0.00 0.00 0.00 0.00 -1.00  -1.0     -1. 32.70 322.7  82751.
031  7:00:51 0.59 239.49  80.33  6.58 1731  32.26   328.4  73945.  1.69 -1.83   0.00   0.00   0.00 0.00 0.00 0.00 -1.00  -1.0     -1. 33.80 329.1  85548.
031  7:02:12 0.59 239.49  80.32  6.58 1731  31.84   328.5 104084.  2.88  0.02   0.00   0.00   0.00 0.00 0.00 0.00 -1.00  -1.0     -1. 33.03 327.9 129886.
031  7:03:33 0.59 239.50  80.31  6.58 1731  31.01   330.9 113716.  3.82 -0.20   0.00   0.00   0.00 0.00 0.00 0.00 -1.00  -1.0     -1. 30.71 326.6  92091.
031  7:04:54 0.59 239.50  80.30  6.58 1731  34.39   327.3 100702.  1.99  0.22   0.00   0.00   0.00 0.00 0.00 0.00 -1.00  -1.0     -1. 35.94 326.7 130731.
031  7:06:15 0.59 239.50  80.29  6.58 1731  32.96   330.5 124997.  2.15 -0.34   0.00   0.00   0.00 0.00 0.00 0.00 -1.00  -1.0     -1. 33.36 326.6 104886.
031  7:07:36 0.59 239.50  80.28  6.58 1731  30.48   329.8  99715.  2.35  1.00   0.00   0.00   0.00 0.00 0.00 0.00 -1.00  -1.0     -1. 31.59 330.4 133629.
031  7:08:57 0.59 239.50  80.26  6.58 1731  33.13   327.2 135591.  1.89  0.46   0.00   0.00   0.00 0.00 0.00 0.00 -1.00  -1.0     -1. 33.42 323.5 115288.
031  7:10:18 0.59 239.50  80.25  6.58 1731  33.54   326.7 103662.  2.27  0.33   0.00   0.00   0.00 0.00 0.00 0.00 -1.00  -1.0     -1. 33.07 321.5  85922.
031  7:11:39 0.59 239.50  80.24  6.58 1731  32.92   329.2 119254.  2.45 -0.16   0.00   0.00   0.00 0.00 0.00 0.00 -1.00  -1.0     -1. 32.73 326.0 105208.
031  7:13:00 0.59 239.50  80.23  6.58 1731  31.11   331.2 101527.  2.75 -0.11   0.00   0.00   0.00 0.00 0.00 0.00 -1.00  -1.0     -1. 33.43 334.6 169566.
031  7:14:21 0.59 239.50  80.22  6.58 1731  33.38   331.5 118315.  1.90 -1.03   0.00   0.00   0.00 0.00 0.00 0.00 -1.00  -1.0     -1. 33.52 328.5  99266.
031  7:15:42 0.59 239.50  80.21  6.58 1731  33.75   326.7 106043.  1.38  1.21   0.00   0.00   0.00 0.00 0.00 0.00 -1.00  -1.0     -1. 33.49 327.5 134278.
031  7:17:03 0.59 239.50  80.20  6.58 1731  33.52   327.6 132378.  4.92  0.69   0.00   0.00   0.00 0.00 0.00 0.00 -1.00  -1.0     -1. 35.02 326.8 156663.
031  7:18:24 0.59 239.51  80.19  6.58 1731  33.16   328.6 151482.  2.26  1.34   0.00   0.00   0.00 0.00 0.00 0.00 -1.00  -1.0     -1. 31.86 319.3  88079.
031  7:19:45 0.59 239.51  80.17  6.58 1731  32.21   325.1 124504.  1.23  1.92   0.00   0.00   0.00 0.00 0.00 0.00 -1.00  -1.0     -1. 30.29 318.2  60441.
031  7:21:06 0.59 239.51  80.16  6.58 1731  31.98   326.1  94524.  2.84  1.68   0.00   0.00   0.00 0.00 0.00 0.00 -1.00  -1.0     -1. 32.78 325.6 125062.
031  7:22:27 0.59 239.51  80.15  6.58 1731  31.13   315.6  46534.  1.51  2.06   0.00   0.00   0.00 0.00 0.00 0.00 -1.00  -1.0     -1. 30.64 312.5  40973.
031  7:23:48 0.59 239.51  80.14  6.58 1731  31.31   311.8  38517.  2.33  1.35   0.00   0.00   0.00 0.00 0.00 0.00  7.12 293.8 167283. 30.97 308.7  33355.
031  7:25:09 0.59 239.51  80.13  6.58 1731  33.80   316.5  38712.  1.08  2.16   0.00   0.00   0.00 0.00 0.00 0.00 -1.00  -1.0     -1. 31.07 314.6  31815.
031  7:26:30 0.59 239.51  80.12  6.58 1731  36.24   313.7  35723.  2.51 -0.23   0.00   0.00   0.00 0.00 0.00 0.00 -1.00  -1.0     -1. 37.11 312.4  47177.
031  7:27:51 0.59 239.51  80.10  6.58 1731  38.76   313.7  36750. -0.72  1.41   0.00   0.00   0.00 0.00 0.00 0.00 -1.00  -1.0     -1. 37.13 313.7  29337.
031  7:29:12 0.59 239.51  80.09  6.58 1731  32.81   313.2  30191. -0.38  0.74   0.00   0.00   0.00 0.00 0.00 0.00  5.88 296.2  95245. 30.70 311.6  25169.
031  7:30:33 0.59 239.51  80.08  6.58 1731  34.77   313.6  46050.  0.03  2.80   0.00   0.00   0.00 0.00 0.00 0.00 -1.00  -1.0     -1. 34.26 312.8  35701.
031  7:31:54 0.59 239.51  80.07  6.58 1731  35.15   312.7  33550.  0.64  0.66   0.00   0.00   0.00 0.00 0.00 0.00  3.93 302.6  82082. 36.91 312.2  43747.
031  7:33:15 0.59 239.52  80.06  6.58 1731  35.84   312.0  50601.  1.00  1.60   0.00   0.00   0.00 0.00 0.00 0.00 -1.00  -1.0     -1. 35.43 309.9  39521.
031  7:34:36 0.59 239.52  80.05  6.58 1731  35.53   313.0  34508.  3.16 -0.21   0.00   0.00   0.00 0.00 0.00 0.00 -1.00  -1.0     -1. 34.87 308.6  30561.
031  7:35:57 0.59 239.52  80.04  6.58 1731  31.50   310.4  29801.  3.57  0.50   0.00   0.00   0.00 0.00 0.00 0.00 -1.00  -1.0     -1. 32.31 309.4  36383.
031  7:37:18 0.59 239.52  80.03  6.58 1731  32.49   310.0  37809.  1.38  1.83   0.00   0.00   0.00 0.00 0.00 0.00  0.08 414.4  94192. 31.13 307.2  30916.
031  7:38:39 0.59 239.52  80.01  6.57 1731  30.82   307.9  29522.  1.46  1.64   0.00   0.00   0.00 0.00 0.00 0.00  0.14 387.3 262410. 30.67 306.5  36454.
031  7:40:00 0.59 239.52  80.00  6.57 1731  31.40   309.9  35431.  2.79  0.60   0.00   0.00   0.00 0.00 0.00 0.00  0.10 417.4 211994. 30.32 306.7  30048.
031  7:41:21 0.59 239.52  79.99  6.57 1731  32.07   311.1  29658.  4.19 -0.12   0.00   0.00   0.00 0.00 0.00 0.00  6.01 293.9 115164. 31.12 309.8  37617.
031  7:42:42 0.59 239.52  79.98  6.57 1731  30.06   313.5  33670.  3.63 -0.34   0.00   0.00   0.00 0.00 0.00 0.00  7.06 291.9 145635. 29.73 308.4  31396.
031  7:44:03 0.59 239.52  79.97  6.57 1731  32.29   312.8  46232.  3.17  0.61   0.00   0.00   0.00 0.00 0.00 0.00  6.30 293.8 116750. 31.22 309.0  36467.
031  7:45:24 0.59 239.52  79.96  6.57 1731  32.10   310.2  37942.  2.37  1.49   0.00   0.00   0.00 0.00 0.00 0.00  0.06 418.2  90450. 30.94 306.9  31283.
031  7:46:45 0.59 239.52  79.95  6.57 1731  31.44   308.8  30038.  2.79  1.80   0.00   0.00   0.00 0.00 0.00 0.00  5.58 295.2 118906. 31.11 307.7  37763.
031  7:48:06 0.59 239.52  79.94  6.57 1731  32.11   309.9  37997.  2.53  1.61   0.00   0.00   0.00 0.00 0.00 0.00  0.08 413.9 200508. 30.90 306.2  30968.
031  7:49:27 0.59 239.53  79.92  6.57 1731  29.80   308.9  29834.  2.93  1.04   0.00   0.00   0.00 0.00 0.00 0.00  5.38 294.5 117828. 30.54 307.8  36269.
031  7:50:48 0.59 239.53  79.91  6.57 1731  33.41   310.6  36493.  2.90  0.56   0.00   0.00   0.00 0.00 0.00 0.00  7.30 293.8 150196. 32.21 307.6  29993.
031  7:52:09 0.59 239.53  79.90  6.57 1731  32.60   309.1  30042.  1.70  0.70   0.00   0.00   0.00 0.00 0.00 0.00 -1.00  -1.0     -1. 32.94 309.4  36727.
031  7:53:30 0.59 239.53  79.89  6.57 1731  33.37   310.3  37913.  2.20  0.50   0.00   0.00   0.00 0.00 0.00 0.00  7.18 291.6 148610. 31.41 307.6  30864.
031  7:54:51 0.59 239.53  79.88  6.57 1731  32.09   309.1  30022.  4.22  2.46   0.00   0.00   0.00 0.00 0.00 0.00  8.25 286.7 177899. 32.21 306.5  40083.
031  7:56:12 0.59 239.53  79.87  6.57 1731  34.16   311.9  61588.  3.56  0.96   0.00   0.00   0.00 0.00 0.00 0.00  7.59 291.4 134837. 31.08 305.7  31458.
031  7:57:33 0.59 239.53  79.86  6.57 1731  32.40   306.5  29587.  0.00  0.45   0.00   0.00   0.00 0.00 0.00 0.00  0.09 413.0 280576. 32.57 308.0  37572.
031  7:58:54 0.59 239.53  79.84  6.57 1731  32.73   308.7  38117.  1.03  1.26   0.00   0.00   0.00 0.00 0.00 0.00  6.98 290.1 149000. 32.44 306.2  30698.
031  8:00:15 0.59 239.53  79.83  6.57 1731  35.21   312.6  45894.  2.81  1.14   0.00   0.00   0.00 0.00 0.00 0.00  6.35 292.6 109200. 33.80 309.2  37728.
031  8:01:36 0.59 239.53  79.82  6.57 1731  34.36   310.2  39888.  2.94  0.97   0.00   0.00   0.00 0.00 0.00 0.00  0.13 408.3 218504. 32.94 306.7  31520.
031  8:02:57 0.59 239.53  79.81  6.57 1731  32.51   308.2  30220.  2.11  1.23   0.00   0.00   0.00 0.00 0.00 0.00  0.20 393.6 135630. 33.71 306.9  37516.
031  8:04:18 0.59 239.54  79.80  6.57 1731  34.49   307.5  37422.  2.30  2.66   0.00   0.00   0.00 0.00 0.00 0.00  0.09 407.8 170102. 33.84 305.6  30776.
031  8:05:39 0.59 239.54  79.79  6.57 1731  36.65   310.5  47421.  2.25  2.84   0.00   0.00   0.00 0.00 0.00 0.00  6.29 291.8  99546. 34.95 306.5  38329.
031  8:07:00 0.59 239.54  79.78  6.57 1731  38.97   320.5 144163.  1.99  3.13   0.00   0.00   0.00 0.00 0.00 0.00  7.69 289.3 128561. 34.33 305.9  31468.
031  8:08:21 0.59 239.54  79.76  6.57 1731  33.96   306.9  30090.  2.70  2.75   0.00   0.00   0.00 0.00 0.00 0.00  0.19 401.2 309903. 34.03 305.5  37968.
031  8:09:42 0.59 239.54  79.75  6.57 1731  34.67   308.2  39872.  2.76  2.69   0.00   0.00   0.00 0.00 0.00 0.00  7.59 290.7 131692. 34.24 305.9  31250.
031  8:11:03 0.59 239.54  79.74  6.57 1731  33.97   307.6  30282.  2.67  2.75   0.00   0.00   0.00 0.00 0.00 0.00  7.93 283.0 146466. 34.38 306.1  38835.
031  8:12:24 0.59 239.54  79.73  6.57 1731  33.90   307.8  38751.  2.94  2.67   0.00   0.00   0.00 0.00 0.00 0.00 -1.00  -1.0     -1. 33.14 305.2  31767.
031  8:13:45 0.59 239.54  79.72  6.57 1731  35.66   311.0  48035.  2.63  2.80   0.00   0.00   0.00 0.00 0.00 0.00  0.12 394.0 201846. 34.15 306.1  38663.
031  8:15:06 0.59 239.54  79.71  6.57 1731  35.43   313.0  62085.  2.84  3.87   0.00   0.00   0.00 0.00 0.00 0.00 -1.00  -1.0     -1. 33.41 306.0  32088.
031  8:16:27 0.59 239.54  79.69  6.57 1731  36.27   306.9  29993.  2.71  3.96   0.00   0.00   0.00 0.00 0.00 0.00  8.12 284.2 153431. 36.29 305.8  38582.
031  8:17:48 0.59 239.54  79.68  6.57 1731  36.49   309.8  36350.  2.71  3.76   0.00   0.00   0.00 0.00 0.00 0.00  0.07 394.7  59980. 35.88 306.4  30714.
031  8:19:09 0.59 239.55  79.67  6.57 1731  39.73   306.7  28080.  1.96  3.88   0.00   0.00   0.00 0.00 0.00 0.00  7.53 282.5 157745. 39.07 305.7  34729.
031  8:20:30 0.59 239.55  79.66  6.57 1731  39.29   307.1  35249.  2.46  3.70   0.00   0.00   0.00 0.00 0.00 0.00 -1.00  -1.0     -1. 37.92 304.5  27709.
031  8:21:51 0.59 239.55  79.65  6.57 1731  38.55   305.8  28772.  2.87  3.34   0.00   0.00   0.00 0.00 0.00 0.00  4.56 291.9  99845. 40.09 304.8  36211.
031  8:23:12 0.59 239.55  79.64  6.57 1731  40.16   307.3  35584.  3.00  2.96   0.00   0.00   0.00 0.00 0.00 0.00  0.10 404.6 124455. 38.54 304.2  28460.
031  8:24:33 0.59 239.55  79.62  6.57 1731  38.37   306.6  28697.  2.95  3.56   0.00   0.00   0.00 0.00 0.00 0.00  0.12 399.4 114826. 38.92 304.9  36168.
031  8:25:54 0.59 239.55  79.61  6.57 1731  39.90   307.1  34655.  2.73  4.21   0.00   0.00   0.00 0.00 0.00 0.00  6.94 284.1 111747. 38.13 304.3  28148.
031  8:27:15 0.59 239.55  79.60  6.57 1731  39.22   306.5  29402.  2.62  3.88   0.00   0.00   0.00 0.00 0.00 0.00  0.14 407.4 210123. 39.66 305.1  35311.
031  8:28:36 0.59 239.55  79.59  6.57 1731  42.24   306.9  35515.  2.50  3.69   0.00   0.00   0.00 0.00 0.00 0.00 -1.00  -1.0     -1. 39.36 304.8  29502.
031  8:29:57 0.59 239.55  79.58  6.57 1731  37.90   306.1  27774.  2.45  3.57   0.00   0.00   0.00 0.00 0.00 0.00  7.53 282.6 152833. 38.90 304.9  36136.
031  8:31:18 0.59 239.55  79.57  6.57 1731  36.82   308.1  38283.  3.55  4.23   0.00   0.00   0.00 0.00 0.00 0.00  7.16 284.5 110551. 35.73 304.4  31169.
031  8:36:32 0.59 239.56  79.52  6.57 1731  36.80   308.9  29730.  4.26  4.81   0.00   0.00   0.00 0.00 0.00 0.00  5.87 292.0  99962. 37.22 306.6  37926.
031  8:36:33 0.59 239.56  79.52  6.57 1731  38.61   306.6  29191.  3.34  4.54   0.00   0.00   0.00 0.00 0.00 0.00 -1.00  -1.0     -1. 39.84 304.9  36786.
031  8:36:42 0.59 239.56  79.52  6.57 1731  39.88   307.1  36068.  3.25  3.94   0.00   0.00   0.00 0.00 0.00 0.00  0.10 407.1 146635. 39.07 304.2  29064.
031  8:38:03 0.59 239.56  79.51  6.57 1731  37.99   306.4  29025.  3.72  3.48   0.00   0.00   0.00 0.00 0.00 0.00 -1.00  -1.0     -1. 39.76 304.0  37656.
031  8:39:24 0.59 239.56  79.50  6.57 1731  40.17   308.8  36178.  4.54  4.29   0.00   0.00   0.00 0.00 0.00 0.00 -1.00  -1.0     -1. 37.77 304.5  29389.
031  8:40:45 0.59 239.56  79.49  6.57 1731  36.19   307.3  30292.  3.49  4.33   0.00   0.00   0.00 0.00 0.00 0.00 -1.00  -1.0     -1. 36.94 305.8  40050.
031  8:42:06 0.59 239.56  79.47  6.57 1731  39.60   306.6  35688.  2.86  4.23   0.00   0.00   0.00 0.00 0.00 0.00 -1.00  -1.0     -1. 38.29 304.3  28947.
031  8:43:27 0.59 239.56  79.46  6.57 1731  39.20   306.6  28554.  3.01  4.41   0.00   0.00   0.00 0.00 0.00 0.00  5.11 291.3 101248. 40.11 304.5  36383.
031  8:44:48 0.59 239.56  79.45  6.57 1731  36.17   308.0  39449.  3.34  3.73   0.00   0.00   0.00 0.00 0.00 0.00 -1.00  -1.0     -1. 35.67 304.8  31136.
031  8:46:09 0.59 239.56  79.44  6.57 1731  38.33   306.5  28476.  2.88  3.83   0.00   0.00   0.00 0.00 0.00 0.00 -1.00  -1.0     -1. 39.16 304.8  36948.
031  8:47:30 0.59 239.56  79.43  6.57 1731  40.06   307.1  37763.  2.67  3.13   0.00   0.00   0.00 0.00 0.00 0.00 -1.00  -1.0     -1. 39.17 304.2  30519.
031  8:48:51 0.59 239.56  79.42  6.57 1731  37.02   305.9  29775.  2.26  3.02   0.00   0.00   0.00 0.00 0.00 0.00  4.74 291.7 106225. 40.01 304.1  35931.
031  8:49:34 0.59 239.56  79.41  6.57 1731  36.13   319.9  77232. -0.42  4.55   0.00   0.00   0.00 0.00 0.00 0.00 -1.00  -1.0     -1. 34.44 319.0  57598.
031  8:50:12 0.59 239.57  79.41  6.57 1731  37.78   307.7  38624.  1.33  3.20   0.00   0.00   0.00 0.00 0.00 0.00 -1.00  -1.0     -1. 37.83 306.2  30113.
031  8:51:33 0.59 239.57  79.39  6.57 1731  37.06   309.8  46550.  1.19  3.70   0.00   0.00   0.00 0.00 0.00 0.00 -1.00  -1.0     -1. 37.98 306.2  38455.
031  8:52:54 0.59 239.57  79.38  6.57 1731  34.94   311.9  36392.  1.15  3.96   0.00   0.00   0.00 0.00 0.00 0.00 -1.00  -1.0     -1. 37.25 310.7  47671.
031  8:54:15 0.59 239.57  79.37  6.57 1731  37.95   309.1  27557.  0.17  3.99   0.00   0.00   0.00 0.00 0.00 0.00 -1.00  -1.0     -1. 38.65 310.2  32264.
031  8:55:36 0.59 239.57  79.36  6.57 1731  38.58   312.2  31296. -0.18  3.60   0.00   0.00   0.00 0.00 0.00 0.00 -1.00  -1.0     -1. 36.72 309.7  28229.
031  8:56:57 0.59 239.57  79.35  6.57 1731  37.64   308.7  29909.  1.97  4.61   0.00   0.00   0.00 0.00 0.00 0.00  5.25 290.0  95466. 39.24 306.9  36292.
031  8:58:18 0.59 239.57  79.34  6.57 1731  41.35   315.9  54636.  0.66  4.31   0.00   0.00   0.00 0.00 0.00 0.00 -1.00  -1.0     -1. 42.41 312.5  46917.
031  8:59:39 0.59 239.57  79.33  6.57 1731  40.21   311.7  44861.  2.31  5.22   0.00   0.00   0.00 0.00 0.00 0.00 -1.00  -1.0     -1. 37.28 309.0  39264.
031  9:01:00 0.59 239.57  79.31  6.57 1731  38.20   312.4  34099. -0.50  4.41   0.00   0.00   0.00 0.00 0.00 0.00 -1.00  -1.0     -1. 39.48 313.0  44286.
031  9:02:21 0.59 239.57  79.30  6.57 1731  42.83   313.2  48162.  0.07  4.76   0.00   0.00   0.00 0.00 0.00 0.00  0.16 383.5 171973. 41.57 312.5  36337.
031  9:03:42 0.59 239.57  79.29  6.57 1731  41.33   315.3  57475.  0.93  4.26   0.00   0.00   0.00 0.00 0.00 0.00 -1.00  -1.0     -1. 43.28 311.7  47665.
031  9:05:03 0.59 239.58  79.28  6.57 1731  38.57   320.0  74770. -0.96  3.43   0.00   0.00   0.00 0.00 0.00 0.00 -1.00  -1.0     -1. 37.65 319.2  57985.
031  9:06:24 0.59 239.58  79.27  6.57 1731  40.68   321.2  92851.  0.51  3.81   0.00   0.00   0.00 0.00 0.00 0.00 -1.00  -1.0     -1. 38.76 313.7  50163.
031  9:07:45 0.59 239.58  79.26  6.57 1731  40.68   317.7  79824.  1.04  3.91   0.00   0.00   0.00 0.00 0.00 0.00  0.21 387.2 192218. 40.79 319.5 105010.
031  9:09:06 0.59 239.58  79.25  6.57 1731  39.32   317.6  58872.  1.24  4.13   0.00   0.00   0.00 0.00 0.00 0.00 -1.00  -1.0     -1. 38.63 313.6  50260.
031  9:10:27 0.59 239.58  79.23  6.57 1731  39.51   320.6  75410. -0.10  3.31   0.00   0.00   0.00 0.00 0.00 0.00  0.21 384.6 200807. 38.51 318.6  60051.
031  9:11:48 0.59 239.58  79.22  6.57 1731  39.80   320.5  60941.  1.28  5.22   0.00   0.00   0.00 0.00 0.00 0.00  0.08 401.9 179107. 40.91 319.8  77615.
031  9:13:09 0.59 239.58  79.21  6.57 1731  42.73   324.1  68767.  3.37  6.57   0.00   0.00   0.00 0.00 0.00 0.00 -1.00  -1.0     -1. 41.49 320.7  57108.
031  9:14:30 0.59 239.58  79.20  6.57 1731  39.94   321.3  56497.  0.53  5.29   0.00   0.00   0.00 0.00 0.00 0.00 -1.00  -1.0     -1. 41.59 322.1  74045.
031  9:15:51 0.59 239.58  79.19  6.57 1731  42.06   321.9  72778. -0.26  3.93   0.00   0.00   0.00 0.00 0.00 0.00  0.10 390.2 190464. 41.07 320.2  58726.
031  9:17:12 0.59 239.58  79.18  6.57 1731  40.66   325.1  88933. -0.53  2.92   0.00   0.00   0.00 0.00 0.00 0.00  0.15 392.1 192374. 40.22 322.3  76550.
031  9:18:33 0.59 239.58  79.17  6.57 1731  39.82   324.9  70469. -1.90  1.63   0.00   0.00   0.00 0.00 0.00 0.00 -1.00  -1.0     -1. 39.51 324.1  56513.
031  9:19:54 0.59 239.58  79.15  6.57 1731  41.38   325.6  90755. -0.63  1.63   0.00   0.00   0.00 0.00 0.00 0.00 -1.00  -1.0     -1. 41.16 323.7  78480.
031  9:21:15 0.59 239.59  79.14  6.57 1731  39.87   321.1  87679.  1.63  4.67   0.00   0.00   0.00 0.00 0.00 0.00 -1.00  -1.0     -1. 41.04 323.0 106192.
031  9:22:36 0.59 239.59  79.13  6.57 1731  42.85   324.0  97606.  3.43  5.98   0.00   0.00   0.00 0.00 0.00 0.00 -1.00  -1.0     -1. 44.92 319.0  88378.
031  9:23:57 0.59 239.59  79.12  6.57 1731  40.73   330.4  71193.  2.52  7.45   0.00   0.00   0.00 0.00 0.00 0.00 -1.00  -1.0     -1. 44.09 327.6  89505.
031  9:25:18 0.59 239.59  79.11  6.57 1731  41.89   326.6 104259.  2.06  5.38   0.00   0.00   0.00 0.00 0.00 0.00 -1.00  -1.0     -1. 42.62 322.8  92227.
031  9:26:39 0.59 239.59  79.10  6.57 1731  41.75   324.5 121310.  0.00  4.16   0.00   0.00   0.00 0.00 0.00 0.00 -1.00  -1.0     -1. 40.33 324.1 107703.
031  9:27:59 0.59 239.59  79.09  6.57 1731  -1.00    -1.0     -1. -1.00 -1.00   0.00   0.00   0.00 0.00 0.00 0.00 -1.00  -1.0     -1. 40.15 330.9  77995.
031  9:29:20 0.59 239.59  79.08  6.57 1731  42.10   315.0  44354. -0.01  0.00   0.00   0.00   0.00 0.00 0.00 0.00 -1.00  -1.0     -1. 39.89 314.3  35093.
031  9:32:46 0.59 239.59  79.05  6.57 1731  37.21   324.8  89742. -0.53  4.30   0.00   0.00   0.00 0.00 0.00 0.00 -1.00  -1.0     -1. 37.12 322.2  78967.
031 10:15:58 0.59 239.62  78.68  6.56 1731  42.62   313.0  44582.  2.61  5.47   0.00   0.00   0.00 0.00 0.00 0.00  0.08 388.2 150988. 40.08 309.7  36678.
031 10:59:10 0.59 239.65  78.31  6.56 1731  49.94   349.8  43844. -1.68  3.63   0.00   0.00   0.00 0.00 0.00 0.00  2.37 346.1 112488. 49.96 350.1  38062.
031 11:42:22 0.59 239.68  77.94  6.56 1731  32.39   335.7  99065.  0.63  2.27   0.00   0.00   0.00 0.00 0.00 0.00 -1.00  -1.0     -1. 31.76 333.0  90015.
031 12:25:34 0.59 239.70  77.58  6.55 1731  26.09   325.3  58726.  1.29  1.45   0.00   0.00   0.00 0.00 0.00 0.00 -1.00  -1.0     -1. 26.93 325.8  71762.
031 13:08:46 0.59 239.73  77.21  6.55 1731  29.86   329.6 120661.  1.14  2.26   0.00   0.00   0.00 0.00 0.00 0.00 -1.00  -1.0     -1. 29.23 326.9  96534.
031 13:51:58 0.59 239.76  76.84  6.55 1731  27.99   324.9  61578.  1.89  1.39   0.00   0.00   0.00 0.00 0.00 0.00 -1.00  -1.0     -1. 29.93 324.6  78590.
031 14:35:10 0.59 239.79  76.48  6.55 1731  33.78   325.2 125686.  2.61 -0.68   0.00   0.00   0.00 0.00 0.00 0.00 -1.00  -1.0     -1. 33.40 322.2 116785.
031 15:18:22 0.59 239.82  76.11  6.54 1731  32.94   323.9 103431.  3.34  1.46   0.00   0.00   0.00 0.00 0.00 0.00 -1.00  -1.0     -1. 31.89 320.5  88147.
031 16:01:34 0.59 239.84  75.74  6.54 1731  31.76   328.3 112159.  0.00  0.00   0.00   0.00   0.00 0.00 0.00 0.00 -1.00  -1.0     -1. 31.60 327.0  93020.
031 17:10:23 0.59 239.89  75.16  6.53 1731  30.27   331.9  77849.  1.01  1.88   0.00   0.00   0.00 0.00 0.00 0.00 -1.00  -1.0     -1. 29.96 330.6  62484.
031 17:11:44 0.59 239.89  75.14  6.53 1731  29.21   333.0  63595.  1.22  1.99   0.00   0.00   0.00 0.00 0.00 0.00 -1.00  -1.0     -1. 30.04 332.5  76180.
031 17:12:04 0.59 239.89  75.14  6.53 1731  29.01   332.6  59405.  1.23  1.73   0.00   0.00   0.00 0.00 0.00 0.00 -1.00  -1.0     -1. 29.45 332.5  73919.
031 17:13:25 0.59 239.89  75.13  6.53 1731  29.13   331.1  75134.  0.00  0.00   0.00   0.00   0.00 0.00 0.00 0.00 -1.00  -1.0     -1. 29.64 330.5  60616.
031 17:14:46 0.59 239.89  75.12  6.53 1731  29.92   334.0  63751.  1.35  1.63   0.00   0.00   0.00 0.00 0.00 0.00 -1.00  -1.0     -1. 30.50 333.6  82046.
031 17:16:05 0.59 239.89  75.10  6.53 1731  31.31   334.0  82699.  0.16  2.01   0.00   0.00   0.00 0.00 0.00 0.00 -1.00  -1.0     -1. 30.16 333.3  68757.
031 17:45:20 0.59 239.91  74.86  6.53 1731  32.08   333.2  81494.  0.99  0.84   0.00   0.00   0.00 0.00 0.00 0.00 -1.00  -1.0     -1. 31.86 331.6  64540.
031 17:46:41 0.59 239.91  74.85  6.53 1731  30.96   334.0  60863.  1.02  0.69   0.00   0.00   0.00 0.00 0.00 0.00 -1.00  -1.0     -1. 32.35 333.6  74728.
031 17:48:02 0.59 239.91  74.84  6.53 1731  31.46   334.5  74266.  0.82  0.69   0.00   0.00   0.00 0.00 0.00 0.00 -1.00  -1.0     -1. 30.58 332.5  61919.
031 17:49:23 0.59 239.91  74.82  6.53 1731  32.49   331.0  64297.  0.48  1.82   0.00   0.00   0.00 0.00 0.00 0.00 -1.00  -1.0     -1. 32.78 330.7  81959.
031 17:50:46 0.59 239.91  74.81  6.53 1731  33.05   332.4  80649.  0.99  0.84   0.00   0.00   0.00 0.00 0.00 0.00 -1.00  -1.0     -1. 31.96 332.0  65541.
031 17:52:07 0.59 239.91  74.80  6.53 1731  31.46   333.3  64277.  1.28  1.01   0.00   0.00   0.00 0.00 0.00 0.00 -1.00  -1.0     -1. 32.44 332.3  76930.
031 17:53:28 0.59 239.91  74.79  6.53 1731  33.79   332.9  79045.  1.37  0.86   0.00   0.00   0.00 0.00 0.00 0.00 -1.00  -1.0     -1. 31.79 331.3  65164.
031 17:54:49 0.59 239.91  74.78  6.53 1731  32.19   331.6  64306.  1.05  0.98   0.00   0.00   0.00 0.00 0.00 0.00 -1.00  -1.0     -1. 33.04 330.9  83453.
031 17:56:10 0.59 239.92  74.77  6.53 1731  32.30   332.0  81939.  0.92  1.04   0.00   0.00   0.00 0.00 0.00 0.00 -1.00  -1.0     -1. 32.12 331.3  66116.
031 17:57:31 0.59 239.92  74.75  6.53 1731  33.92   328.8  74776.  0.90  0.93   0.00   0.00   0.00 0.00 0.00 0.00 -1.00  -1.0     -1. 33.11 330.2  86770.
031 17:58:52 0.59 239.92  74.74  6.53 1731  31.52   330.4  86250.  0.61  0.72   0.00   0.00   0.00 0.00 0.00 0.00 -1.00  -1.0     -1. 32.33 327.4  76904.
031 18:00:13 0.59 239.92  74.73  6.53 1731  33.59   329.3  76998.  0.74  0.91   0.00   0.00   0.00 0.00 0.00 0.00 -1.00  -1.0     -1. 32.92 330.2  87182.
031 18:01:34 0.59 239.92  74.72  6.53 1731  32.10   329.8  82296.  0.47  0.58   0.00   0.00   0.00 0.00 0.00 0.00 -1.00  -1.0     -1. 32.06 328.3  75650.
031 18:02:55 0.59 239.92  74.71  6.53 1731  33.26   328.0  76245.  0.06  0.55   0.00   0.00   0.00 0.00 0.00 0.00 -1.00  -1.0     -1. 32.83 330.1  86490.
031 18:04:16 0.59 239.92  74.70  6.53 1731  32.55   330.0  82043. -0.04  0.57   0.00   0.00   0.00 0.00 0.00 0.00 -1.00  -1.0     -1. 32.48 328.5  77417.
031 18:05:37 0.59 239.92  74.69  6.53 1731  30.73   330.4  64622.  0.31  0.94   0.00   0.00   0.00 0.00 0.00 0.00 -1.00  -1.0     -1. 32.76 330.9  82693.
031 18:06:58 0.59 239.92  74.67  6.53 1731  32.59   330.8  83219.  0.06  0.64   0.00   0.00   0.00 0.00 0.00 0.00 -1.00  -1.0     -1. 32.14 328.9  75104.
031 18:08:19 0.59 239.92  74.66  6.53 1731  32.43   330.4  65583. -0.36  0.69   0.00   0.00   0.00 0.00 0.00 0.00 -1.00  -1.0     -1. 33.02 330.9  83352.
031 18:09:40 0.59 239.92  74.65  6.53 1731  33.42   329.8  82491. -0.14  0.71   0.00   0.00   0.00 0.00 0.00 0.00 -1.00  -1.0     -1. 32.12 328.6  75215.
031 18:11:01 0.59 239.92  74.64  6.53 1731  32.01   327.9  73038. -0.22  0.92   0.00   0.00   0.00 0.00 0.00 0.00 -1.00  -1.0     -1. 33.62 329.5  81686.
031 18:12:22 0.59 239.93  74.63  6.53 1731  33.19   329.2  82527. -0.02  0.63   0.00   0.00   0.00 0.00 0.00 0.00 -1.00  -1.0     -1. 32.95 328.0  73058.
031 18:13:43 0.59 239.93  74.62  6.53 1731  32.28   328.0  74568.  0.04  0.68   0.00   0.00   0.00 0.00 0.00 0.00 -1.00  -1.0     -1. 33.71 329.2  83976.
031 18:15:04 0.59 239.93  74.60  6.53 1731  31.77   325.7  55484. -0.58  0.61   0.00   0.00   0.00 0.00 0.00 0.00 -1.00  -1.0     -1. 31.09 329.2  63468.
031 18:16:25 0.59 239.93  74.59  6.53 1731  30.26   329.4  59301. -0.65  0.95   0.00   0.00   0.00 0.00 0.00 0.00 -1.00  -1.0     -1. 30.82 330.4  78967.
031 18:17:46 0.59 239.93  74.58  6.53 1731  31.55   329.3  79431. -0.57  0.67   0.00   0.00   0.00 0.00 0.00 0.00 -1.00  -1.0     -1. 30.48 329.4  61682.
031 18:19:07 0.59 239.93  74.57  6.53 1731  30.31   328.9  60272. -0.11  0.68   0.00   0.00   0.00 0.00 0.00 0.00 -1.00  -1.0     -1. 30.75 325.9  54360.
031 18:20:28 0.59 239.93  74.56  6.53 1731  32.05   328.4  74991.  0.05  0.63   0.00   0.00   0.00 0.00 0.00 0.00 -1.00  -1.0     -1. 30.53 328.4  62046.
031 18:21:49 0.59 239.93  74.55  6.53 1731  30.23   329.0  61139. -0.02  0.66   0.00   0.00   0.00 0.00 0.00 0.00 -1.00  -1.0     -1. 30.67 325.4  50429.
031 18:23:10 0.59 239.93  74.53  6.53 1731  31.89   325.5  51592.  0.25  0.28   0.00   0.00   0.00 0.00 0.00 0.00 -1.00  -1.0     -1. 30.71 328.1  62150.
031 18:24:31 0.59 239.93  74.52  6.53 1731  29.98   328.3  60918.  0.40  0.54   0.00   0.00   0.00 0.00 0.00 0.00 -1.00  -1.0     -1. 31.14 324.8  55078.
031 18:25:52 0.59 239.93  74.51  6.53 1731  31.29   328.7  82030.  0.43  0.25   0.00   0.00   0.00 0.00 0.00 0.00 -1.00  -1.0     -1. 31.50 326.8  68244.
031 18:27:13 0.59 239.93  74.50  6.53 1731  30.55   328.3  62140.  0.00  0.00   0.00   0.00   0.00 0.00 0.00 0.00 -1.00  -1.0     -1. 32.25 328.8  82878.
031 23:48:47 0.60 240.13  71.76  6.51 1731  38.24   317.7  48285.  2.86 -0.22   0.00   0.00   0.00 0.00 0.00 0.00 -1.00  -1.0     -1. 36.70 314.9  35912.
031 23:50:08 0.60 240.14  71.75  6.51 1731  40.20   322.2  57069.  2.14 -0.09   0.00   0.00   0.00 0.00 0.00 0.00 -1.00  -1.0     -1. 40.97 321.2  74991.
031 23:51:29 0.60 240.14  71.74  6.50 1731  40.62   327.1  73662.  2.87  0.46   0.00   0.00   0.00 0.00 0.00 0.00 -1.00  -1.0     -1. 40.43 323.6  59086.
031 23:52:34 0.60 240.14  71.73  6.50 1731  42.53   328.3  82244.  1.90 -0.44   0.00   0.00   0.00 0.00 0.00 0.00 -1.00  -1.0     -1. 41.27 325.5  72626.
031 23:53:55 0.60 240.14  71.72  6.50 1731  41.58   327.0  67844.  2.43 -0.60   0.00   0.00   0.00 0.00 0.00 0.00 -1.00  -1.0     -1. 40.87 323.7  57046.
031 23:55:16 0.60 240.14  71.71  6.50 1731  41.96   327.0  84808.  1.70 -0.90   0.00   0.00   0.00 0.00 0.00 0.00 -1.00  -1.0     -1. 42.01 324.1  73071.
031 23:56:37 0.60 240.14  71.69  6.50 1731  40.35   327.2  67006.  2.41 -0.95   0.00   0.00   0.00 0.00 0.00 0.00 -1.00  -1.0     -1. 40.22 323.4  55250.
031 23:57:58 0.60 240.14  71.68  6.50 1731  39.82   327.7  55237.  2.29 -1.26   0.00   0.00   0.00 0.00 0.00 0.00 -1.00  -1.0     -1. 41.11 329.2  61776.
031 23:59:19 0.60 240.14  71.67  6.50 1731  40.94   328.0  66934.  2.40 -1.28   0.00   0.00   0.00 0.00 0.00 0.00 -1.00  -1.0     -1. 40.65 324.6  55052.
