231 11:52:38 0.52  33.32 331.29  7.04 1752  27.21   471.6 104522. -8.99  5.77   0.00   0.00   0.00 0.00 0.00 0.00 -1.00  -1.0     -1. 25.01 479.2 113842.
231 11:52:58 0.52  33.32 331.29  7.04 1752  27.21   471.6 104565. -8.99  5.77   0.00   0.00   0.00 0.00 0.00 0.00 -1.00  -1.0     -1. 25.03 479.2 114011.
231 11:53:55 0.52  33.32 331.28  7.04 1752  28.62   465.4 111682.-10.14  6.11   0.00   0.00   0.00 0.00 0.00 0.00  0.84 491.5 384189. 28.35 471.6 130478.
231 11:54:15 0.52  33.32 331.28  7.04 1752  28.62   465.4 111679.-10.14  6.11   0.00   0.00   0.00 0.00 0.00 0.00  0.84 491.5 384124. 28.39 471.6 130906.
231 11:54:36 0.52  33.32 331.28  7.04 1752  29.88   466.3 145528.-11.49  3.46   0.00   0.00   0.00 0.00 0.00 0.00  0.81 480.3 299547. 28.89 477.8 145940.
231 11:55:16 0.52  33.33 331.27  7.04 1752  33.72   491.0 133408.  0.00 10.06   0.00   0.00   0.00 0.00 0.00 0.00 -1.00  -1.0     -1. 36.04 486.7 133313.
231 11:55:57 0.52  33.33 331.27  7.04 1752  28.15   458.4 103496. -4.41  9.84   0.00   0.00   0.00 0.00 0.00 0.00  0.81 477.1 348820. 28.96 460.7 108671.
231 11:56:37 0.52  33.33 331.26  7.04 1752  27.93   472.3  88439. -8.12  8.13   0.00   0.00   0.00 0.00 0.00 0.00  1.15 472.5 534436. 26.90 475.4 108797.
231 11:57:18 0.52  33.33 331.26  7.04 1752  27.91   483.7 110077.-11.43  3.53   0.00   0.00   0.00 0.00 0.00 0.00  0.94 479.1 344103. 27.85 492.9 118007.
231 11:57:58 0.52  33.33 331.25  7.04 1752  28.89   468.5 111737.-11.76  3.34   0.00   0.00   0.00 0.00 0.00 0.00 -1.00  -1.0     -1. 29.17 477.5 113069.
231 11:58:39 0.52  33.33 331.24  7.04 1752  28.48   467.7 113972.-11.97  0.82   0.00   0.00   0.00 0.00 0.00 0.00  0.84 474.0 358552. 26.91 474.8 109483.
231 11:59:19 0.52  33.33 331.24  7.04 1752  28.29   449.5 121142.-10.47  5.50   0.00   0.00   0.00 0.00 0.00 0.00  0.90 462.8 350301. 28.46 454.1 121379.
231 12:00:00 0.52  33.33 331.24  7.04 1752  27.99   440.1 109970. -9.89  4.49   0.00   0.00   0.00 0.00 0.00 0.00 -1.00  -1.0     -1. 28.11 445.6 127612.
231 12:00:40 0.52  33.33 331.23  7.04 1752  30.60   425.4 115668. -9.10  4.75   0.00   0.00   0.00 0.00 0.00 0.00  0.73 478.5 385111. 30.62 431.6 147811.
231 12:01:21 0.52  33.33 331.22  7.04 1752  28.55   421.6 146713. -8.47  3.91   0.00   0.00   0.00 0.00 0.00 0.00 -1.00  -1.0     -1. 27.95 423.4 134028.
231 12:02:01 0.52  33.33 331.22  7.04 1752  34.98   426.6 147162. -7.51  3.59   0.00   0.00   0.00 0.00 0.00 0.00  0.85 470.1 468753. 33.83 427.6 148779.
231 12:02:42 0.52  33.33 331.22  7.04 1752  30.50   419.0 152937. -5.74  6.48   0.00   0.00   0.00 0.00 0.00 0.00  1.01 463.4 493155. 30.14 420.9 144725.
231 12:03:22 0.52  33.33 331.21  7.04 1752  30.24   415.7 178487. -7.31  3.82   0.00   0.00   0.00 0.00 0.00 0.00  0.79 482.3 327107. 30.82 419.2 175329.
231 12:04:03 0.52  33.34 331.20  7.04 1752  32.88   419.2 151518. -4.22  6.78   0.00   0.00   0.00 0.00 0.00 0.00  0.59 478.7 361709. 32.17 419.8 143244.
231 12:04:43 0.52  33.34 331.19  7.04 1752  27.42   424.2 127986. -0.69  8.23   0.00   0.00   0.00 0.00 0.00 0.00 -1.00  -1.0     -1. 26.87 425.4 147818.
231 12:05:24 0.52  33.34 331.19  7.04 1752  30.92   425.4 150209. -2.56  8.22   0.00   0.00   0.00 0.00 0.00 0.00 -1.00  -1.0     -1. 30.12 423.5 138842.
231 12:06:04 0.52  33.34 331.19  7.04 1752  30.90   440.3 150446. -6.38  8.46   0.00   0.00   0.00 0.00 0.00 0.00  0.96 470.2 260448. 30.40 442.8 146730.
231 12:06:45 0.52  33.34 331.18  7.04 1752  28.34   426.6 146070. -6.67  7.28   0.00   0.00   0.00 0.00 0.00 0.00  0.86 470.6 375093. 28.97 427.8 134246.
231 12:07:25 0.52  33.34 331.17  7.04 1752  30.04   449.2 142282. -7.55  7.51   0.00   0.00   0.00 0.00 0.00 0.00  1.01 477.1 487204. 29.91 457.2 146382.
231 12:08:06 0.52  33.34 331.17  7.04 1752  26.57   422.2 160097. -1.52  7.20   0.00   0.00   0.00 0.00 0.00 0.00 -1.00  -1.0     -1. 27.46 423.4 189229.
231 12:08:46 0.52  33.34 331.16  7.04 1752  29.95   445.3 146333.  0.00  5.68   0.00   0.00   0.00 0.00 0.00 0.00  0.98 468.8 352120. 29.88 443.1 139398.
231 12:09:27 0.52  33.34 331.16  7.04 1752  32.13   428.3 152424.  0.00  7.74   0.00   0.00   0.00 0.00 0.00 0.00 -1.00  -1.0     -1. 31.76 427.0 175774.
231 12:10:07 0.52  33.34 331.15  7.04 1752  32.02   429.7 188511.  0.00  0.00   0.00   0.00   0.00 0.00 0.00 0.00  0.97 469.8 312359. 30.93 430.1 170853.
231 12:10:48 0.52  33.34 331.15  7.04 1752  29.50   428.2 158063.  0.00  4.55   0.00   0.00   0.00 0.00 0.00 0.00  0.84 483.4 298624. 30.05 428.2 182141.
231 12:11:28 0.52  33.34 331.14  7.04 1752  32.91   418.3 199026.  2.26  5.25   0.00   0.00   0.00 0.00 0.00 0.00  1.27 466.3 386969. 33.15 415.3 190522.
231 12:12:09 0.52  33.34 331.13  7.04 1752  30.02   460.4 146275.  7.63  4.47   0.00   0.00   0.00 0.00 0.00 0.00 -1.00  -1.0     -1. 29.47 451.9 148601.
231 12:12:49 0.52  33.34 331.13  7.04 1752  30.72   417.6 208168.  3.59  3.27   0.00   0.00   0.00 0.00 0.00 0.00 -1.00  -1.0     -1. 30.93 413.9 186003.
231 12:13:30 0.52  33.34 331.13  7.04 1752  30.65   435.2 153015.  5.00  6.48   0.00   0.00   0.00 0.00 0.00 0.00 -1.00  -1.0     -1. 31.24 431.9 176170.
231 12:14:10 0.52  33.35 331.12  7.04 1752  28.39   413.4 205816.  1.50  4.13   0.00   0.00   0.00 0.00 0.00 0.00 -1.00  -1.0     -1. 27.90 411.0 197636.
231 12:14:51 0.52  33.35 331.11  7.04 1752  31.82   428.0 150608. -0.69  8.39   0.00   0.00   0.00 0.00 0.00 0.00 -1.00  -1.0     -1. 30.36 426.8 173159.
231 12:15:31 0.52  33.35 331.10  7.04 1752  32.41   421.3 188524.  3.31  6.16   0.00   0.00   0.00 0.00 0.00 0.00 -1.00  -1.0     -1. 29.76 416.0 183450.
231 12:16:12 0.52  33.35 331.11  7.04 1752  31.76   434.3 161637.  4.38  6.58   0.00   0.00   0.00 0.00 0.00 0.00 -1.00  -1.0     -1. 31.47 430.1 176765.
231 12:16:52 0.52  33.35 331.10  7.04 1752  33.36   434.1 169342.  4.06  6.18   0.00   0.00   0.00 0.00 0.00 0.00 -1.00  -1.0     -1. 31.62 429.8 159847.
231 12:17:33 0.52  33.35 331.09  7.04 1752  28.64   429.6 159434.  3.26  6.96   0.00   0.00   0.00 0.00 0.00 0.00  0.88 480.9 346000. 28.35 426.7 180907.
231 12:18:13 0.52  33.35 331.08  7.04 1752  32.13   438.7 164794.  4.60  6.40   0.00   0.00   0.00 0.00 0.00 0.00  1.05 469.3 362411. 31.78 432.1 160919.
231 12:18:54 0.52  33.35 331.08  7.04 1752  33.04   437.2 161630.  2.92  7.99   0.00   0.00   0.00 0.00 0.00 0.00  0.86 483.1 347689. 32.78 434.3 183587.
231 12:19:34 0.52  33.35 331.08  7.04 1752  33.09   446.4 192065.  0.00  0.00   0.00   0.00   0.00 0.00 0.00 0.00 -1.00  -1.0     -1. 35.30 443.5 185253.
231 12:20:15 0.52  33.35 331.07  7.04 1752  26.37   463.7 149150.  8.63 -3.59   0.00   0.00   0.00 0.00 0.00 0.00 -1.00  -1.0     -1. 25.50 455.1 143773.
231 12:20:55 0.52  33.35 331.06  7.04 1752  27.36   467.1 124971.  7.90 -2.57   0.00   0.00   0.00 0.00 0.00 0.00  0.82 480.1 232044. 27.78 461.1 146343.
231 12:21:36 0.52  33.35 331.06  7.04 1752  29.73   464.4 172574.  7.94 -4.93   0.00   0.00   0.00 0.00 0.00 0.00 -1.00  -1.0     -1. 31.52 459.6 210520.
231 12:22:16 0.52  33.35 331.06  7.04 1752  25.52   467.0 137790.  8.52  0.04   0.00   0.00   0.00 0.00 0.00 0.00 -1.00  -1.0     -1. 26.12 460.9 143468.
231 12:22:57 0.52  33.35 331.05  7.04 1752  31.45   476.9 178457.  9.01 -1.33   0.00   0.00   0.00 0.00 0.00 0.00  0.91 487.5 367297. 32.34 473.0 181452.
231 12:23:37 0.52  33.36 331.04  7.04 1752  29.52   498.4 159597.  7.91 -3.13   0.00   0.00   0.00 0.00 0.00 0.00 -1.00  -1.0     -1. 28.00 491.4 131559.
231 12:24:18 0.52  33.36 331.04  7.04 1752  27.52   499.0 124429.  7.97 -4.36   0.00   0.00   0.00 0.00 0.00 0.00 -1.00  -1.0     -1. 27.36 495.3 125397.
231 12:24:58 0.52  33.36 331.03  7.04 1752  31.43   417.7 197259.  1.67  2.08   0.00   0.00   0.00 0.00 0.00 0.00  0.81 472.7 266711. 30.75 414.9 188154.
231 12:25:39 0.52  33.36 331.03  7.04 1752  30.55   418.3 180504.  3.45  4.68   0.00   0.00   0.00 0.00 0.00 0.00 -1.00  -1.0     -1. 30.69 417.2 201417.
231 12:26:19 0.52  33.36 331.02  7.04 1752  32.19   435.0 199127.  6.88  3.97   0.00   0.00   0.00 0.00 0.00 0.00 -1.00  -1.0     -1. 31.13 431.8 231469.
231 12:26:39 0.52  33.36 331.01  7.04 1752  32.41   401.8 183798.  0.00  0.00   0.00   0.00   0.00 0.00 0.00 0.00  0.85 455.5 248676. 31.85 400.2 174007.
231 12:28:00 0.52  33.36 331.01  7.04 1752  29.97   438.3 162306.  0.00  4.72   0.00   0.00   0.00 0.00 0.00 0.00  1.02 469.5 326457. 28.61 436.4 163258.
231 12:29:21 0.52  33.36 330.99  7.04 1752  30.14   430.4 162887.  3.05  7.77   0.00   0.00   0.00 0.00 0.00 0.00  0.85 483.2 362190. 30.02 427.6 193351.
231 12:30:42 0.52  33.36 330.99  7.04 1752  32.75   422.5 198893.  2.16  7.63   0.00   0.00   0.00 0.00 0.00 0.00 -1.00  -1.0     -1. 30.68 417.8 197162.
231 12:32:03 0.52  33.36 330.97  7.04 1752  31.42   421.7 193209. -2.35 10.67   0.00   0.00   0.00 0.00 0.00 0.00 -1.00  -1.0     -1. 30.82 423.3 204887.
231 12:33:24 0.52  33.37 330.96  7.04 1752  32.15   424.2 190496. -5.03  8.34   0.00   0.00   0.00 0.00 0.00 0.00  1.06 460.9 353510. 31.05 425.0 182151.
231 12:34:45 0.52  33.37 330.95  7.04 1752  29.78   435.0 149416.  0.32  9.84   0.00   0.00   0.00 0.00 0.00 0.00 -1.00  -1.0     -1. 27.75 433.0 172347.
231 12:36:06 0.52  33.37 330.94  7.04 1752  27.85   427.2 181235.  0.00  4.70   0.00   0.00   0.00 0.00 0.00 0.00 -1.00  -1.0     -1. 27.10 426.4 161497.
231 12:37:27 0.52  33.37 330.93  7.04 1752  29.72   404.0 205374.  2.40 -3.56   0.00   0.00   0.00 0.00 0.00 0.00 -1.00  -1.0     -1. 30.78 402.5 235471.
231 12:38:48 0.52  33.37 330.92  7.04 1752  32.34   425.2 155721.-10.53  4.85   0.00   0.00   0.00 0.00 0.00 0.00 -1.00  -1.0     -1. 31.66 429.6 156754.
231 12:40:09 0.52  33.37 330.91  7.04 1752  29.89   415.9 189232.  5.28 -0.28   0.00   0.00   0.00 0.00 0.00 0.00 -1.00  -1.0     -1. 29.10 413.4 214518.
231 12:41:30 0.52  33.37 330.90  7.04 1752  31.32   413.3 203022.  0.00 -0.52   0.00   0.00   0.00 0.00 0.00 0.00 -1.00  -1.0     -1. 28.87 411.3 199904.
231 12:42:51 0.52  33.38 330.88  7.04 1752  32.30   420.2 169940.  5.24  3.83   0.00   0.00   0.00 0.00 0.00 0.00 -1.00  -1.0     -1. 32.47 417.1 191000.
231 12:44:12 0.52  33.38 330.88  7.04 1752  26.28   424.6 199998.  0.00 -1.28   0.00   0.00   0.00 0.00 0.00 0.00 -1.00  -1.0     -1. 26.39 421.0 167403.
231 12:45:33 0.52  33.38 330.86  7.04 1752  30.80   403.8 195252. -1.89  4.87   0.00   0.00   0.00 0.00 0.00 0.00 -1.00  -1.0     -1. 29.44 402.0 160185.
231 13:05:43 0.52  33.40 330.70  7.04 1752  32.07   411.1 148325.  0.00 -4.59   0.00   0.00   0.00 0.00 0.00 0.00 -1.00  -1.0     -1. 33.03 412.4 170135.
231 13:07:05 0.52  33.40 330.69  7.04 1752  28.59   388.4  72655.  2.66  0.55   0.00   0.00   0.00 0.00 0.00 0.00 -1.00  -1.0     -1. 27.01 382.9  66337.
231 13:08:26 0.52  33.40 330.68  7.04 1752  27.97   395.8  92740.  0.44  5.52   0.00   0.00   0.00 0.00 0.00 0.00 -1.00  -1.0     -1. 29.05 396.2 125673.
231 13:09:47 0.52  33.40 330.67  7.04 1752  29.00   400.6 121905. -2.31  7.08   0.00   0.00   0.00 0.00 0.00 0.00 -1.00  -1.0     -1. 28.13 403.7 142393.
231 13:11:08 0.52  33.41 330.66  7.03 1752  26.37   408.7 146863.  0.05  7.85   0.00   0.00   0.00 0.00 0.00 0.00 -1.00  -1.0     -1. 28.14 410.2 168251.
231 13:12:29 0.52  33.41 330.65  7.03 1752  27.93   409.0 120862.  5.88  3.07   0.00   0.00   0.00 0.00 0.00 0.00  0.51 482.7 303237. 28.28 406.5 143393.
231 13:13:50 0.52  33.41 330.63  7.03 1752  28.47   412.1 134200.  0.00  0.83   0.00   0.00   0.00 0.00 0.00 0.00 -1.00  -1.0     -1. 27.36 412.0 164274.
231 13:15:11 0.52  33.41 330.62  7.03 1752  29.43   427.7 144069.  0.00  1.12   0.00   0.00   0.00 0.00 0.00 0.00  0.85 468.0 435034. 29.03 425.5 140665.
231 13:16:32 0.52  33.41 330.61  7.03 1752  21.17   432.1 103454.  0.00 -0.19   0.00   0.00   0.00 0.00 0.00 0.00  0.72 472.1 303068. 21.86 431.6 122545.
231 13:17:53 0.52  33.41 330.60  7.03 1752  30.55   402.8 171756.  2.96  4.22   0.00   0.00   0.00 0.00 0.00 0.00 -1.00  -1.0     -1. 27.59 391.6 105955.
231 13:19:14 0.52  33.41 330.59  7.03 1752  28.84   391.3  97623.  1.81  4.01   0.00   0.00   0.00 0.00 0.00 0.00  0.62 471.2 306239. 28.05 386.6  80919.
231 13:20:35 0.52  33.41 330.58  7.03 1752  29.19   386.5  86289. -0.94  4.90   0.00   0.00   0.00 0.00 0.00 0.00 -1.00  -1.0     -1. 29.80 390.4 109804.
231 13:21:56 0.52  33.42 330.56  7.03 1752  29.90   409.9 128733. -3.49  7.71   0.00   0.00   0.00 0.00 0.00 0.00 -1.00  -1.0     -1. 28.85 411.6 104324.
231 13:23:17 0.52  33.42 330.56  7.03 1752  28.20   399.3  59651. -0.91  6.62   0.00   0.00   0.00 0.00 0.00 0.00  0.78 455.5 252327. 27.03 398.6  86740.
231 13:24:38 0.52  33.42 330.54  7.03 1752  28.81   425.4 108677. -6.82  8.46   0.00   0.00   0.00 0.00 0.00 0.00  0.81 458.2 325937. 29.17 431.6 122558.
231 13:25:59 0.52  33.42 330.54  7.03 1752  29.44   451.5  75757.-10.57  6.46   0.00   0.00   0.00 0.00 0.00 0.00  0.95 460.5 469818. 29.20 457.8  87933.
231 13:27:20 0.52  33.42 330.52  7.03 1752  33.99   441.8 122041. -8.68  7.91   0.00   0.00   0.00 0.00 0.00 0.00  0.79 460.6 344531. 33.49 448.8 104925.
231 13:28:41 0.52  33.42 330.51  7.03 1752  30.13   487.6  72372. -7.96  9.18   0.00   0.00   0.00 0.00 0.00 0.00  0.74 479.6 334188. 28.75 488.4  67097.
231 13:30:02 0.52  33.43 330.50  7.03 1752  32.08   471.9  83466. -9.70  7.61   0.00   0.00   0.00 0.00 0.00 0.00  0.83 469.4 464478. 32.12 476.6  86139.
231 13:31:23 0.52  33.43 330.49  7.03 1752  30.49   426.2 116899. -7.61  7.66   0.00   0.00   0.00 0.00 0.00 0.00  0.74 447.2 298754. 30.47 430.5 102154.
231 13:32:44 0.52  33.43 330.48  7.03 1752  26.31   439.0  72382. -8.97  7.29   0.00   0.00   0.00 0.00 0.00 0.00  0.72 455.7 299014. 25.70 443.1  84310.
231 13:34:05 0.52  33.43 330.47  7.03 1752  28.42   422.0 111344. -6.05  8.68   0.00   0.00   0.00 0.00 0.00 0.00 -1.00  -1.0     -1. 26.13 423.7  95570.
231 13:35:26 0.52  33.43 330.46  7.03 1752  28.20   408.2  68640. -8.15  6.34   0.00   0.00   0.00 0.00 0.00 0.00  0.63 436.3 216139. 29.83 412.2  86890.
231 13:36:47 0.52  33.43 330.45  7.03 1752  27.00   438.1  86247. -8.63  8.22   0.00   0.00   0.00 0.00 0.00 0.00  0.79 453.9 351509. 26.83 442.5  83125.
231 13:38:08 0.52  33.43 330.43  7.03 1752  27.02   429.0  86273. -8.88  7.70   0.00   0.00   0.00 0.00 0.00 0.00  0.70 445.1 424444. 25.82 434.2  72213.
231 13:39:29 0.52  33.43 330.43  7.03 1752  28.36   417.1  80435. -7.73  7.92   0.00   0.00   0.00 0.00 0.00 0.00  0.80 444.1 287177. 28.74 423.1  93634.
231 13:40:50 0.52  33.44 330.41  7.03 1752  26.27   451.0  80182.-10.84  6.44   0.00   0.00   0.00 0.00 0.00 0.00  0.75 472.8 414191. 25.73 459.6  71164.
231 13:42:11 0.52  33.44 330.41  7.03 1752  26.00   398.8  58839. -5.02  7.40   0.00   0.00   0.00 0.00 0.00 0.00 -1.00  -1.0     -1. 28.22 402.4  80062.
231 13:43:32 0.52  33.44 330.39  7.03 1752  26.75   403.8  91749. -6.36  7.72   0.00   0.00   0.00 0.00 0.00 0.00 -1.00  -1.0     -1. 26.30 408.0 112605.
231 13:44:53 0.52  33.44 330.38  7.03 1752  26.58   383.8  67464.  0.62  3.07   0.00   0.00   0.00 0.00 0.00 0.00 -1.00  -1.0     -1. 25.54 382.4  58488.
231 13:46:14 0.52  33.44 330.37  7.03 1752  26.60   381.5  58521.  0.33  2.98   0.00   0.00   0.00 0.00 0.00 0.00 -1.00  -1.0     -1. 25.65 379.8  49575.
231 13:47:35 0.52  33.44 330.36  7.03 1752  25.06   385.2  67435.  1.92  3.40   0.00   0.00   0.00 0.00 0.00 0.00 -1.00  -1.0     -1. 23.83 383.0  59677.
231 13:48:56 0.52  33.44 330.35  7.03 1752  25.27   405.6 122451.  0.00  3.42   0.00   0.00   0.00 0.00 0.00 0.00 -1.00  -1.0     -1. 24.03 401.2  72301.
231 13:50:17 0.52  33.45 330.34  7.03 1752  28.40   407.4 107758.  3.49  6.18   0.00   0.00   0.00 0.00 0.00 0.00 -1.00  -1.0     -1. 28.19 403.2  95004.
231 13:54:20 0.52  33.45 330.30  7.03 1752  26.32   420.7 107849.  0.00  7.46   0.00   0.00   0.00 0.00 0.00 0.00  0.51 453.9 388620. 23.96 422.4  89339.
231 13:55:41 0.52  33.45 330.29  7.03 1752  31.95   433.1 121681.  2.36  9.30   0.00   0.00   0.00 0.00 0.00 0.00 -1.00  -1.0     -1. 30.25 431.0 104188.
231 13:57:02 0.52  33.45 330.28  7.03 1752  17.63   434.5  79415.  1.50 10.20   0.00   0.00   0.00 0.00 0.00 0.00 -1.00  -1.0     -1. 18.23 430.6  60746.
231 13:58:23 0.52  33.45 330.27  7.03 1752  24.83   414.3  94072.  0.25  9.93   0.00   0.00   0.00 0.00 0.00 0.00  0.67 461.8 415816. 25.12 415.1 119335.
231 13:59:44 0.52  33.46 330.26  7.03 1752  26.94   419.8  97801. -7.66  8.76   0.00   0.00   0.00 0.00 0.00 0.00 -1.00  -1.0     -1. 26.99 421.5  92903.
231 14:01:05 0.52  33.46 330.25  7.03 1752  24.75   429.8 112289.-10.15  7.51   0.00   0.00   0.00 0.00 0.00 0.00 -1.00  -1.0     -1. 23.37 438.1  90473.
231 14:02:26 0.52  33.46 330.24  7.03 1752  26.75   413.7  94212. -7.90  7.70   0.00   0.00   0.00 0.00 0.00 0.00 -1.00  -1.0     -1. 26.62 416.7  90671.
231 14:03:47 0.52  33.46 330.23  7.03 1752  24.34   406.9  60818.  4.27  5.50   0.00   0.00   0.00 0.00 0.00 0.00 -1.00  -1.0     -1. 23.62 403.6  79922.
231 14:05:08 0.52  33.46 330.22  7.03 1752  24.22   403.9  79318. -1.75  9.01   0.00   0.00   0.00 0.00 0.00 0.00 -1.00  -1.0     -1. 22.26 402.7  60671.
231 14:06:29 0.52  33.46 330.20  7.03 1752  22.92   452.1  62059. -9.07  9.27   0.00   0.00   0.00 0.00 0.00 0.00  0.70 458.0 455187. 18.88 454.2  69296.
231 14:07:50 0.52  33.46 330.19  7.03 1752  24.92   441.5  77742. -6.61 10.88   0.00   0.00   0.00 0.00 0.00 0.00  0.54 466.1 297546. 26.98 443.3  89378.
231 14:09:11 0.52  33.47 330.18  7.03 1752  24.98   439.1 102619. -4.56 11.96   0.00   0.00   0.00 0.00 0.00 0.00  0.60 475.1 300664. 25.31 436.9  94582.
231 14:10:32 0.52  33.47 330.17  7.03 1752  21.99   438.3  63868. -7.65 10.90   0.00   0.00   0.00 0.00 0.00 0.00 -1.00  -1.0     -1. 21.16 442.3  88049.
231 14:11:53 0.52  33.47 330.16  7.03 1752  28.04   436.5  92282. -9.32  9.13   0.00   0.00   0.00 0.00 0.00 0.00  0.70 461.2 457565. 26.90 441.2  93676.
231 14:13:14 0.52  33.47 330.15  7.03 1752  26.08   436.8  91272. -9.20  9.48   0.00   0.00   0.00 0.00 0.00 0.00  0.68 447.2 516544. 26.03 443.6  87202.
231 14:14:35 0.52  33.47 330.14  7.03 1752  25.81   417.8  91444. -6.98 10.35   0.00   0.00   0.00 0.00 0.00 0.00  0.44 478.5 343557. 25.84 424.0  93556.
231 14:15:56 0.52  33.47 330.13  7.03 1752  25.86   440.2  96791.  0.00  0.00   0.00   0.00   0.00 0.00 0.00 0.00 -1.00  -1.0     -1. 25.57 441.6  97249.
231 14:17:17 0.52  33.47 330.11  7.03 1752  24.38   413.4  84892. -6.31  9.48   0.00   0.00   0.00 0.00 0.00 0.00 -1.00  -1.0     -1. 24.15 417.3  67279.
231 14:18:38 0.52  33.48 330.11  7.03 1752  24.33   402.4  86185. -4.75  8.89   0.00   0.00   0.00 0.00 0.00 0.00 -1.00  -1.0     -1. 25.37 408.7  88303.
231 14:19:59 0.52  33.48 330.09  7.03 1752  18.76   403.6  49555.  4.61  5.88   0.00   0.00   0.00 0.00 0.00 0.00 -1.00  -1.0     -1. 15.62 396.2  46612.
231 14:21:20 0.52  33.48 330.09  7.03 1752  23.64   391.9  52641. -0.76  7.22   0.00   0.00   0.00 0.00 0.00 0.00 -1.00  -1.0     -1. 23.21 391.4  65638.
231 14:22:41 0.52  33.48 330.07  7.03 1752  27.85   405.8 106728. -7.43  8.69   0.00   0.00   0.00 0.00 0.00 0.00  0.58 466.7 437697. 27.40 411.1  92217.
231 14:24:02 0.52  33.48 330.06  7.03 1752  27.23   404.9  70885.  0.00 -0.92   0.00   0.00   0.00 0.00 0.00 0.00 -1.00  -1.0     -1. 26.23 404.2  60623.
231 14:25:23 0.52  33.48 330.05  7.03 1752  26.27   420.0  87634.  5.92  5.83   0.00   0.00   0.00 0.00 0.00 0.00 -1.00  -1.0     -1. 24.46 415.8  68871.
231 14:26:44 0.52  33.48 330.04  7.03 1752  25.11   411.3  60051.  0.00  4.01   0.00   0.00   0.00 0.00 0.00 0.00 -1.00  -1.0     -1. 24.89 406.7  60636.
231 14:28:05 0.52  33.49 330.03  7.03 1752  24.71   380.5  47619. -0.79  5.48   0.00   0.00   0.00 0.00 0.00 0.00 -1.00  -1.0     -1. 24.45 382.1  57049.
231 14:29:26 0.52  33.49 330.02  7.03 1752  25.40   414.3  82024.  3.00  8.20   0.00   0.00   0.00 0.00 0.00 0.00  0.37 463.5 313411. 23.76 413.5  89882.
231 14:30:47 0.52  33.49 330.00  7.03 1752  28.01   419.5 106657.  3.00  8.13   0.00   0.00   0.00 0.00 0.00 0.00  0.60 453.0 338294. 28.19 418.5 117237.
231 14:32:08 0.52  33.49 330.00  7.03 1752  26.14   428.7  95024.  3.43  9.10   0.00   0.00   0.00 0.00 0.00 0.00 -1.00  -1.0     -1. 26.05 423.5  87582.
231 14:33:29 0.52  33.49 329.98  7.03 1752  25.50   416.2  98523.  2.45  9.20   0.00   0.00   0.00 0.00 0.00 0.00  0.55 459.9 240750. 25.23 412.9  86818.
231 14:34:50 0.52  33.49 329.98  7.03 1752  26.94   402.5  81790.  0.00  5.73   0.00   0.00   0.00 0.00 0.00 0.00 -1.00  -1.0     -1. 25.52 399.6  81270.
231 14:36:11 0.52  33.49 329.96  7.03 1752  27.73   397.3  72707.  4.67  3.99   0.00   0.00   0.00 0.00 0.00 0.00  0.46 442.7 276951. 24.53 392.1  59762.
231 14:37:32 0.52  33.49 329.96  7.03 1752  24.29   400.2  75007.  0.00  2.43   0.00   0.00   0.00 0.00 0.00 0.00 -1.00  -1.0     -1. 22.62 397.4  72083.
231 14:38:53 0.52  33.50 329.94  7.03 1752  25.70   404.5  77765.  5.30  3.96   0.00   0.00   0.00 0.00 0.00 0.00  0.48 442.3 278315. 24.50 402.0  82586.
231 14:40:14 0.52  33.50 329.93  7.03 1752  24.51   408.6  77102.  0.00  7.46   0.00   0.00   0.00 0.00 0.00 0.00  0.51 437.1 284539. 23.17 407.2  63218.
231 14:41:35 0.52  33.50 329.92  7.03 1752  22.49   409.2  57858.  4.39  6.61   0.00   0.00   0.00 0.00 0.00 0.00 -1.00  -1.0     -1. 22.54 405.6  65872.
231 14:42:56 0.52  33.50 329.91  7.03 1752  22.62   413.6  59515.  1.76  9.29   0.00   0.00   0.00 0.00 0.00 0.00  0.45 448.7 358877. 21.64 408.6  57816.
231 14:44:17 0.52  33.50 329.90  7.03 1752  25.00   420.9  76102.  3.38  9.60   0.00   0.00   0.00 0.00 0.00 0.00  0.49 426.4 280875. 23.40 416.7  63598.
231 14:45:38 0.52  33.50 329.89  7.03 1752  25.94   408.5  78220.  0.00  6.98   0.00   0.00   0.00 0.00 0.00 0.00 -1.00  -1.0     -1. 25.24 407.9  91909.
231 14:46:59 0.52  33.50 329.87  7.03 1752  24.73   406.5  63615.  4.43  7.00   0.00   0.00   0.00 0.00 0.00 0.00 -1.00  -1.0     -1. 24.03 402.6  78772.
231 14:48:20 0.52  33.51 329.87  7.03 1752  23.34   407.1  66028.  1.38  8.75   0.00   0.00   0.00 0.00 0.00 0.00 -1.00  -1.0     -1. 20.80 404.0  58930.
231 14:49:41 0.52  33.51 329.85  7.03 1752  21.66   412.7  74848.  4.71  7.01   0.00   0.00   0.00 0.00 0.00 0.00  0.52 429.7 190606. 21.71 407.3  70722.
231 14:51:02 0.52  33.51 329.85  7.03 1752  23.42   410.1  75458.  0.00  7.77   0.00   0.00   0.00 0.00 0.00 0.00 -1.00  -1.0     -1. 22.32 411.3  80809.
231 14:52:23 0.52  33.51 329.83  7.03 1752  14.85   400.4  48457.  3.79  5.26   0.00   0.00   0.00 0.00 0.00 0.00 -1.00  -1.0     -1. 16.59 392.8  42295.
231 14:53:44 0.52  33.51 329.82  7.03 1752  22.08   399.9  73558.  0.00  4.79   0.00   0.00   0.00 0.00 0.00 0.00 -1.00  -1.0     -1. 21.81 398.8  67932.
231 14:55:05 0.52  33.51 329.81  7.03 1752  20.22   413.2  84505.  5.38  4.79   0.00   0.00   0.00 0.00 0.00 0.00  0.51 451.8 340802. 19.31 407.3  75501.
231 14:56:26 0.52  33.51 329.80  7.03 1752  22.36   411.0  78525.  0.00  4.28   0.00   0.00   0.00 0.00 0.00 0.00 -1.00  -1.0     -1. 23.22 411.4  82784.
231 14:57:47 0.52  33.52 329.79  7.03 1752  25.82   424.2  88348.  0.00  3.10   0.00   0.00   0.00 0.00 0.00 0.00  0.44 456.3 241880. 24.18 424.4  88381.
231 14:59:08 0.52  33.52 329.78  7.03 1752  25.89   410.2  82443.  0.00  5.46   0.00   0.00   0.00 0.00 0.00 0.00 -1.00  -1.0     -1. 25.22 412.0  87887.
231 15:00:29 0.52  33.52 329.77  7.03 1752  24.96   426.8  95992. -0.43  9.88   0.00   0.00   0.00 0.00 0.00 0.00  0.39 456.1 220362. 23.21 428.4  96957.
231 15:01:50 0.52  33.52 329.75  7.03 1752  22.20   437.6  69868. -6.54 10.37   0.00   0.00   0.00 0.00 0.00 0.00  0.35 459.4 298286. 19.58 440.7  94303.
231 15:03:11 0.52  33.52 329.74  7.03 1752  22.49   408.5  83547.  0.00  0.15   0.00   0.00   0.00 0.00 0.00 0.00 -1.00  -1.0     -1. 22.27 405.0  81608.
231 15:04:32 0.52  33.52 329.73  7.03 1752  23.64   397.0  77758.  0.00  2.21   0.00   0.00   0.00 0.00 0.00 0.00 -1.00  -1.0     -1. 22.71 395.4  75881.
231 15:05:53 0.52  33.52 329.72  7.03 1752  20.84   383.4  68023. -3.26  4.61   0.00   0.00   0.00 0.00 0.00 0.00 -1.00  -1.0     -1. 21.27 383.6  67061.
231 15:06:20 0.53  33.52 329.72  7.03 1752  21.43   449.7  90278.  0.96 -1.73   0.00   0.00   0.00 0.00 0.00 0.00  0.21 462.8 310994. 20.31 446.2 107849.
231 15:07:14 0.53  33.53 329.71  7.03 1752  21.86   389.4  54746. -1.41  5.55   0.00   0.00   0.00 0.00 0.00 0.00 -1.00  -1.0     -1. 22.11 389.8  72707.
231 15:08:35 0.53  33.53 329.70  7.03 1752  21.36   403.6  89979. -3.50  7.45   0.00   0.00   0.00 0.00 0.00 0.00 -1.00  -1.0     -1. 21.24 402.1  82358.
231 15:09:56 0.53  33.53 329.68  7.03 1752  21.78   426.5  92279.  0.83  8.85   0.00   0.00   0.00 0.00 0.00 0.00 -1.00  -1.0     -1. 20.71 424.6  91412.
231 15:11:17 0.53  33.53 329.68  7.03 1752  24.55   396.0  75033.  0.41  5.29   0.00   0.00   0.00 0.00 0.00 0.00 -1.00  -1.0     -1. 23.97 397.1  89463.
231 15:12:38 0.53  33.53 329.66  7.03 1752  23.72   404.3  79516. -2.00  6.69   0.00   0.00   0.00 0.00 0.00 0.00 -1.00  -1.0     -1. 22.77 408.0  91382.
231 15:13:59 0.53  33.53 329.66  7.03 1752  22.71   416.0  86373. -5.35  7.94   0.00   0.00   0.00 0.00 0.00 0.00 -1.00  -1.0     -1. 21.47 417.6  69488.
231 15:15:20 0.53  33.53 329.64  7.03 1752  24.54   413.1 111578. -0.68  6.70   0.00   0.00   0.00 0.00 0.00 0.00 -1.00  -1.0     -1. 23.11 412.3  95735.
231 15:16:41 0.53  33.54 329.64  7.03 1752  24.63   416.1  83070.  1.47  5.66   0.00   0.00   0.00 0.00 0.00 0.00 -1.00  -1.0     -1. 22.91 413.4  73126.
231 15:18:02 0.53  33.54 329.62  7.03 1752  22.81   408.7  78434.  2.39  4.34   0.00   0.00   0.00 0.00 0.00 0.00 -1.00  -1.0     -1. 21.65 404.4  60996.
231 15:19:23 0.53  33.54 329.61  7.03 1752  23.00   412.0  81156.  3.48  3.62   0.00   0.00   0.00 0.00 0.00 0.00 -1.00  -1.0     -1. 22.41 408.0  72889.
231 15:20:44 0.53  33.54 329.60  7.03 1752  22.01   416.0  63884.  0.00  3.76   0.00   0.00   0.00 0.00 0.00 0.00 -1.00  -1.0     -1. 21.49 414.7  73704.
231 15:22:05 0.53  33.54 329.59  7.03 1752  24.34   410.8  84733.  1.90  4.60   0.00   0.00   0.00 0.00 0.00 0.00 -1.00  -1.0     -1. 23.71 407.4  79318.
231 15:23:26 0.53  33.54 329.58  7.03 1752  22.33   414.9  80838.  0.00  2.56   0.00   0.00   0.00 0.00 0.00 0.00 -1.00  -1.0     -1. 21.16 416.7  86367.
231 15:24:47 0.53  33.54 329.57  7.03 1752  23.20   414.5  78830.  0.00  0.00   0.00   0.00   0.00 0.00 0.00 0.00 -1.00  -1.0     -1. 22.53 412.2  73230.
231 15:26:08 0.53  33.55 329.55  7.03 1752  23.92   414.6  78622.  2.21  5.83   0.00   0.00   0.00 0.00 0.00 0.00 -1.00  -1.0     -1. 23.92 414.4  86152.
231 15:27:29 0.53  33.55 329.55  7.03 1752  23.81   418.1  82043.  3.78  4.56   0.00   0.00   0.00 0.00 0.00 0.00 -1.00  -1.0     -1. 23.17 413.5  78551.
231 15:28:50 0.53  33.55 329.53  7.03 1752  24.00   429.1 108781.  0.00 -1.15   0.00   0.00   0.00 0.00 0.00 0.00 -1.00  -1.0     -1. 23.77 430.2 128282.
231 15:30:11 0.53  33.55 329.53  7.03 1752  26.20   450.3 102635.  4.63 -2.37   0.00   0.00   0.00 0.00 0.00 0.00  0.43 463.6 377029. 24.56 444.7 102525.
231 15:31:32 0.53  33.55 329.51  7.03 1752  23.45   456.2  71271.  2.01 -1.32   0.00   0.00   0.00 0.00 0.00 0.00  0.31 450.7 424301. 23.29 452.0  77924.
231 15:32:53 0.53  33.55 329.50  7.03 1752  21.05   451.5  77271.  0.45 -1.41   0.00   0.00   0.00 0.00 0.00 0.00  0.15 472.7 250911. 19.08 450.5  80045.
231 15:34:14 0.53  33.55 329.49  7.03 1752  18.27   456.1  71041.  0.76 -0.83   0.00   0.00   0.00 0.00 0.00 0.00  0.22 448.4 474522. 18.05 452.9  75423.
231 15:35:35 0.53  33.55 329.48  7.03 1752  18.31   455.9  85006.  0.76 -0.68   0.00   0.00   0.00 0.00 0.00 0.00  0.16 454.7 210331. 18.25 458.0  74159.
231 15:36:56 0.53  33.56 329.47  7.03 1752  21.49   443.7 109402.  1.32  0.04   0.00   0.00   0.00 0.00 0.00 0.00  0.10 460.2 301626. 22.22 443.6  87007.
231 15:38:17 0.53  33.56 329.46  7.03 1752  24.67   444.2  69569.  1.59 -0.35   0.00   0.00   0.00 0.00 0.00 0.00  0.23 444.7 289866. 22.86 442.6  83752.
231 15:39:38 0.53  33.56 329.45  7.03 1752  20.53   450.1  91594.  1.38 -0.45   0.00   0.00   0.00 0.00 0.00 0.00  0.44 450.5 341439. 19.88 449.8  85789.
231 15:40:59 0.53  33.56 329.44  7.03 1752  23.28   449.8  80981.  2.10 -0.12   0.00   0.00   0.00 0.00 0.00 0.00  0.27 450.6 261904. 21.52 448.4  73159.
231 15:42:20 0.53  33.56 329.42  7.03 1752  22.61   447.0  82754.  2.07 -0.41   0.00   0.00   0.00 0.00 0.00 0.00  0.26 451.2 188177. 22.46 444.8  68042.
231 15:43:41 0.53  33.56 329.41  7.03 1752  24.67   443.8  72759.  2.03  0.37   0.00   0.00   0.00 0.00 0.00 0.00  0.28 458.2 364581. 23.39 441.8  88244.
231 15:45:02 0.53  33.57 329.40  7.03 1752  23.81   448.4  70716.  1.91  0.61   0.00   0.00   0.00 0.00 0.00 0.00  0.16 451.7 203185. 24.25 444.5  68773.
231 15:46:23 0.53  33.57 329.39  7.03 1752  23.28   449.1  74919.  1.99  0.90   0.00   0.00   0.00 0.00 0.00 0.00  0.23 462.7 125390. 22.59 446.5  79678.
231 15:47:44 0.53  33.57 329.38  7.03 1752  22.76   439.9  93299.  2.59  1.21   0.00   0.00   0.00 0.00 0.00 0.00  0.26 454.2 241646. 21.06 436.3  75215.
231 15:49:32 0.53  33.57 329.37  7.03 1752  15.66   456.3  62949. -0.28 -1.06   0.00   0.00   0.00 0.00 0.00 0.00  0.18 454.2 196233. 15.46 455.8  42201.
231 16:32:44 0.53  33.61 329.01  7.02 1752  18.31   479.1  36428. -3.21  1.23   0.00   0.00   0.00 0.00 0.00 0.00  0.19 467.4 372819. 17.49 475.8  34882.
231 17:15:56 0.53  33.66 328.66  7.02 1752  13.28   477.9  36298. -3.88 -0.14   0.00   0.00   0.00 0.00 0.00 0.00  0.21 472.1 184759. 17.40 485.2  28382.
231 17:59:09 0.53  33.70 328.31  7.02 1752  21.09   488.8  32371. -5.18  0.74   0.00   0.00   0.00 0.00 0.00 0.00  0.14 479.6 277925. 17.78 490.0  41483.
231 18:42:21 0.53  33.75 327.96  7.02 1752  31.51   472.3  31465. -3.80  0.59   0.00   0.00   0.00 0.00 0.00 0.00  0.50 469.7 220025. 25.36 474.2  47203.
231 19:25:33 0.53  33.79 327.60  7.02 1752  29.23   477.6  38394. -2.30  0.75   0.00   0.00   0.00 0.00 0.00 0.00  0.51 462.6 151872. 28.72 475.2  32286.
231 20:08:45 0.53  33.84 327.25  7.01 1752  28.44   468.7  29561. -3.28  1.33   0.00   0.00   0.00 0.00 0.00 0.00  0.39 461.6 259292. 21.51 466.9  37698.
231 20:51:57 0.53  33.88 326.89  7.01 1752  28.55   461.4  21911. -2.17  0.93   0.00   0.00   0.00 0.00 0.00 0.00  1.06 455.2 269960. 24.58 465.2  32056.
231 21:35:09 0.53  33.92 326.55  7.01 1752  18.07   469.9  28044. -1.07  3.17   0.00   0.00   0.00 0.00 0.00 0.00  0.37 451.0 158005. 20.39 465.2  20582.
231 22:18:21 0.53  33.97 326.19  7.01 1752  24.70   458.3  18477. -2.01  2.58   0.00   0.00   0.00 0.00 0.00 0.00  0.32 459.9 116633. 19.72 456.2  30831.
231 23:01:33 0.53  34.01 325.84  7.00 1752  25.25   444.4  17165. -2.56  1.68   0.00   0.00   0.00 0.00 0.00 0.00  0.13 529.1 340802. 22.37 446.1  28661.
231 23:44:45 0.53  34.05 325.48  7.00 1752  14.07   449.3  28544. -0.21 -0.36   0.00   0.00   0.00 0.00 0.00 0.00  0.58 393.6 181186. 25.77 447.1  15580.
