223  0 12 49 0.41  14.92  65.13  7.03 1751   49.69   444.9  266991.  -2.47   1.11   0.00   0.00    0.00  0.00  0.00  0.00  -1.00   -1.0        -1.  47.42  451.1 304761.
223  3 48 49 0.42  15.36  63.60  7.04 1751   43.14   395.0  108278.  -2.35   1.19   0.00   0.00    0.00  0.00  0.00  0.00  -1.00   -1.0        -1.  39.14  394.8  91324.
223  4 32 01 0.42  15.45  63.29  7.05 1751   45.56   415.0  130565.   1.79  -2.74   0.00   0.00    0.00  0.00  0.00  0.00  -1.00   -1.0        -1.  42.94  409.7 119602.
223 13 03 38 0.42  16.49  59.63  7.08 1751   50.27   378.3  111974.   0.00   0.00   0.00   0.00    0.00  0.00  0.00  0.00  -1.00   -1.0        -1.  43.92  376.5  96677.
223 13 03 58 0.42  16.49  59.62  7.08 1751   49.33   376.7  112465.  -2.76   1.43   0.00   0.00    0.00  0.00  0.00  0.00  -1.00   -1.0        -1.  43.90  376.5  96622.
223 13 04 18 0.42  16.49  59.62  7.08 1751   48.58   379.4   99819.  -0.40   3.88   0.00   0.00    0.00  0.00  0.00  0.00  -1.00   -1.0        -1.  46.94  381.3 122756.
223 13 05 00 0.42  16.49  59.62  7.08 1751   47.45   381.9  117487.   0.75   3.60   0.00   0.00    0.00  0.00  0.00  0.00  -1.00   -1.0        -1.  44.42  378.3 104159.
223 13 05 40 0.42  16.49  59.61  7.08 1751   45.97   379.3  102313.  -0.56   4.89   0.00   0.00    0.00  0.00  0.00  0.00  -1.00   -1.0        -1.  43.91  381.8 120095.
223 13 06 21 0.42  16.49  59.61  7.08 1751   47.46   381.6  168384.  -0.76   0.59   0.00   0.00    0.00  0.00  0.00  0.00  -1.00   -1.0        -1.  43.05  379.9 151443.
223 13 07 01 0.42  16.50  59.61  7.08 1751   44.62   387.5  134701.  -0.31   6.03   0.00   0.00    0.00  0.00  0.00  0.00  -1.00   -1.0        -1.  43.05  387.4 165541.
223 13 07 42 0.42  16.50  59.60  7.08 1751   56.02   399.7  179727.   3.21   2.90   0.00   0.00    0.00  0.00  0.00  0.00  -1.00   -1.0        -1.  52.46  394.7 170771.
223 13 08 22 0.42  16.50  59.59  7.08 1751   52.12   386.4  159756.   0.54   3.77   0.00   0.00    0.00  0.00  0.00  0.00  -1.00   -1.0        -1.  49.90  387.1 183694.
223 13 09 03 0.42  16.50  59.59  7.08 1751   53.50   405.4  173744.   4.22   4.89   0.00   0.00    0.00  0.00  0.00  0.00  -1.00   -1.0        -1.  49.44  403.6 189294.
223 13 09 43 0.42  16.50  59.59  7.08 1751   47.17   399.4  196973.   2.32   3.36   0.00   0.00    0.00  0.00  0.00  0.00  -1.00   -1.0        -1.  44.97  394.4 187689.
223 13 10 24 0.42  16.50  59.58  7.08 1751   56.34   388.8  128161.   2.04   0.15   0.00   0.00    0.00  0.00  0.00  0.00   0.69  486.8    333942.  53.30  386.6 149192.
223 13 11 04 0.42  16.50  59.57  7.08 1751   44.32   397.8  186166.  -0.14  -4.75   0.00   0.00    0.00  0.00  0.00  0.00  -1.00   -1.0        -1.  43.48  394.3 171278.
223 13 11 45 0.42  16.50  59.57  7.08 1751   49.16   396.1  162403.   3.11  -0.42   0.00   0.00    0.00  0.00  0.00  0.00  -1.00   -1.0        -1.  45.69  389.4 152346.
223 13 12 25 0.42  16.51  59.56  7.08 1751   48.75   407.2  181400.  -1.85   0.00   0.00   0.00    0.00  0.00  0.00  0.00  -1.00   -1.0        -1.  48.08  406.8 169082.
223 13 13 06 0.42  16.51  59.56  7.08 1751   46.50   407.2  157849.   0.00  -1.84   0.00   0.00    0.00  0.00  0.00  0.00  -1.00   -1.0        -1.  42.26  405.8 143657.
223 13 13 46 0.42  16.51  59.56  7.08 1751   45.09   401.4  148503.  -0.88  -2.13   0.00   0.00    0.00  0.00  0.00  0.00  -1.00   -1.0        -1.  42.89  402.5 173627.
223 13 14 27 0.42  16.51  59.55  7.08 1751   45.63   393.3  164093.  -0.58  -0.37   0.00   0.00    0.00  0.00  0.00  0.00  -1.00   -1.0        -1.  41.63  390.2 148708.
223 13 15 07 0.42  16.51  59.54  7.08 1751   45.36   394.6  142058.   1.25  -3.64   0.00   0.00    0.00  0.00  0.00  0.00  -1.00   -1.0        -1.  43.04  394.5 167081.
223 13 15 48 0.42  16.51  59.54  7.08 1751   46.70   391.7  155400.   2.39  -1.29   0.00   0.00    0.00  0.00  0.00  0.00  -1.00   -1.0        -1.  44.16  385.8 142728.
223 13 16 28 0.42  16.51  59.54  7.08 1751   43.72   392.6  145096.  -2.41   0.00   0.00   0.00    0.00  0.00  0.00  0.00  -1.00   -1.0        -1.  41.18  397.1 161059.
223 13 17 09 0.42  16.52  59.53  7.08 1751   44.96   387.3  161322.   1.57   0.00   0.00   0.00    0.00  0.00  0.00  0.00  -1.00   -1.0        -1.  41.76  382.4 151303.
223 13 17 49 0.42  16.52  59.52  7.08 1751   47.05   389.3  142617.   1.57  -2.36   0.00   0.00    0.00  0.00  0.00  0.00  -1.00   -1.0        -1.  43.29  386.0 122175.
223 13 18 30 0.42  16.52  59.52  7.08 1751   42.44   389.2  118955.   0.99  -3.62   0.00   0.00    0.00  0.00  0.00  0.00  -1.00   -1.0        -1.  42.11  387.5 148890.
223 13 19 10 0.42  16.52  59.51  7.08 1751   49.55   381.0  142136.  -0.78  -1.81   0.00   0.00    0.00  0.00  0.00  0.00  -1.00   -1.0        -1.  44.61  379.6 122028.
223 13 19 51 0.42  16.52  59.51  7.08 1751   44.14   368.7   75852.  -2.67   0.51   0.00   0.00    0.00  0.00  0.00  0.00  -1.00   -1.0        -1.  43.43  372.3  95742.
223 13 20 31 0.42  16.52  59.51  7.08 1751   45.31   385.0  141649.   0.59  -1.96   0.00   0.00    0.00  0.00  0.00  0.00  -1.00   -1.0        -1.  41.90  381.7 125338.
223 13 21 12 0.42  16.52  59.50  7.08 1751   42.40   382.1  112358.   1.05  -0.87   0.00   0.00    0.00  0.00  0.00  0.00  -1.00   -1.0        -1.  40.30  377.5 100114.
223 13 21 52 0.42  16.52  59.49  7.08 1751   47.84   382.8  146288.   1.26  -0.38   0.00   0.00    0.00  0.00  0.00  0.00  -1.00   -1.0        -1.  43.74  379.4 123646.
223 13 22 33 0.42  16.53  59.49  7.08 1751   45.67   372.2  114576.  -1.90   2.65   0.00   0.00    0.00  0.00  0.00  0.00  -1.00   -1.0        -1.  41.78  370.7  98685.
223 13 23 13 0.42  16.53  59.49  7.08 1751   43.94   373.5   96200.  -0.37   0.51   0.00   0.00    0.00  0.00  0.00  0.00  -1.00   -1.0        -1.  39.43  370.3  77664.
223 13 23 54 0.42  16.53  59.48  7.08 1751   45.69   381.8  120664.  -0.85  -2.78   0.00   0.00    0.00  0.00  0.00  0.00  -1.00   -1.0        -1.  45.48  382.4 149462.
223 13 24 34 0.42  16.53  59.48  7.08 1751   48.12   379.4  106517.  -0.50  -2.91   0.00   0.00    0.00  0.00  0.00  0.00  -1.00   -1.0        -1.  44.87  381.4 121837.
223 13 25 15 0.42  16.53  59.47  7.08 1751   44.84   379.8  116555.   0.00  -1.26   0.00   0.00    0.00  0.00  0.00  0.00  -1.00   -1.0        -1.  40.18  376.3 102921.
223 13 25 55 0.42  16.53  59.46  7.08 1751   45.59   374.9   98000.  -0.30  -0.38   0.00   0.00    0.00  0.00  0.00  0.00  -1.00   -1.0        -1.  43.20  376.5 118578.
223 13 26 36 0.42  16.53  59.46  7.08 1751   44.51   379.9  118754.   0.36  -1.34   0.00   0.00    0.00  0.00  0.00  0.00  -1.00   -1.0        -1.  40.15  376.6 103044.
223 13 27 16 0.42  16.54  59.46  7.09 1751   47.22   377.6   99864.   0.67  -0.03   0.00   0.00    0.00  0.00  0.00  0.00  -1.00   -1.0        -1.  42.99  378.6 115372.
223 13 27 57 0.42  16.54  59.45  7.09 1751   46.64   378.5  112861.  -0.76  -0.03   0.00   0.00    0.00  0.00  0.00  0.00  -1.00   -1.0        -1.  42.83  376.7  97054.
223 13 28 37 0.42  16.54  59.44  7.09 1751   43.94   375.4   99611.  -0.99   2.30   0.00   0.00    0.00  0.00  0.00  0.00  -1.00   -1.0        -1.  44.04  377.4 117708.
223 13 29 18 0.42  16.54  59.45  7.09 1751   45.24   372.2   76465.  -2.60   3.47   0.00   0.00    0.00  0.00  0.00  0.00  -1.00   -1.0        -1.  43.50  374.4  90726.
223 13 29 58 0.42  16.54  59.44  7.09 1751   44.26   379.6   95151.   1.00   1.88   0.00   0.00    0.00  0.00  0.00  0.00   0.37  516.5    355472.  41.08  379.5 113881.
223 13 30 39 0.42  16.54  59.43  7.09 1751   46.48   380.9  112059.  -0.43  -0.65   0.00   0.00    0.00  0.00  0.00  0.00  -1.00   -1.0        -1.  42.45  377.9  96291.
223 13 31 19 0.42  16.54  59.43  7.09 1751   47.21   378.7   97330.   0.56   2.19   0.00   0.00    0.00  0.00  0.00  0.00  -1.00   -1.0        -1.  44.18  378.7 114943.
223 13 32 00 0.42  16.55  59.42  7.09 1751   45.59   383.2  115976.   0.63  -1.26   0.00   0.00    0.00  0.00  0.00  0.00  -1.00   -1.0        -1.  41.69  379.6 103798.
223 13 32 20 0.42  16.55  59.42  7.09 1751   46.39   368.4  101251.   0.00   0.00   0.00   0.00    0.00  0.00  0.00  0.00  -1.00   -1.0        -1.  43.95  364.6  87988.
223 13 33 41 0.42  16.55  59.41  7.09 1751   46.46   377.7  111705.  -4.24  -2.03   0.00   0.00    0.00  0.00  0.00  0.00  -1.00   -1.0        -1.  43.90  377.4 100030.
223 13 35 02 0.42  16.55  59.40  7.09 1751   46.05   371.7   92763.  -1.96   2.16   0.00   0.00    0.00  0.00  0.00  0.00  -1.00   -1.0        -1.  41.66  370.9  78369.
223 13 36 23 0.42  16.55  59.39  7.09 1751   44.67   373.2   76485.   0.37   1.71   0.00   0.00    0.00  0.00  0.00  0.00  -1.00   -1.0        -1.  42.39  373.3  92133.
223 13 37 44 0.42  16.56  59.38  7.09 1751   45.13   378.1   90785.   1.19   1.82   0.00   0.00    0.00  0.00  0.00  0.00   5.46  372.7    302873.  40.97  374.0  77248.
223 13 39 05 0.42  16.56  59.37  7.09 1751   45.96   372.3   76063.  -0.76   3.51   0.00   0.00    0.00  0.00  0.00  0.00   4.24  372.3    207239.  43.72  373.2  93903.
223 13 40 26 0.42  16.56  59.36  7.09 1751   45.59   377.1   92380.  -0.15   4.13   0.00   0.00    0.00  0.00  0.00  0.00   0.37  510.3    345974.  41.69  374.0  79110.
223 13 41 47 0.42  16.56  59.35  7.09 1751   45.31   372.4   75013.  -0.99   3.38   0.00   0.00    0.00  0.00  0.00  0.00   4.82  373.0    217673.  42.00  371.1  69449.
223 13 43 08 0.42  16.57  59.34  7.09 1751   44.62   376.0   93604.  -2.00   6.03   0.00   0.00    0.00  0.00  0.00  0.00  -1.00   -1.0        -1.  41.17  375.3  78850.
223 13 44 29 0.42  16.57  59.34  7.09 1751   45.47   376.0   80734.   0.01   4.69   0.00   0.00    0.00  0.00  0.00  0.00  -1.00   -1.0        -1.  42.69  376.8  99003.
223 13 45 50 0.42  16.57  59.32  7.09 1751   44.91   374.3   94913.  -2.79   5.84   0.00   0.00    0.00  0.00  0.00  0.00  -1.00   -1.0        -1.  39.71  374.9  83349.
223 13 47 11 0.42  16.58  59.31  7.09 1751   43.71   376.9   79681.  -2.35   6.38   0.00   0.00    0.00  0.00  0.00  0.00  -1.00   -1.0        -1.  41.76  378.3  93669.
223 13 48 32 0.42  16.58  59.30  7.09 1751   53.29   407.5  177603.  -1.99  11.37   0.00   0.00    0.00  0.00  0.00  0.00  -1.00   -1.0        -1.  47.90  406.7 174497.
223 13 49 53 0.42  16.58  59.29  7.09 1751   48.63   383.9  175365.  -1.97   5.35   0.00   0.00    0.00  0.00  0.00  0.00   0.58  493.3    307226.  43.98  382.9 156416.
223 13 51 14 0.42  16.58  59.29  7.09 1751   47.93   380.8  100686.   0.00   0.00   0.00   0.00    0.00  0.00  0.00  0.00  -1.00   -1.0        -1.  43.78  383.2 118111.
223 14 10 14 0.42  16.62  59.15  7.09 1751   50.57   390.5  144754.   3.56   6.97   0.00   0.00    0.00  0.00  0.00  0.00  -1.00   -1.0        -1.  47.24  388.9 175413.
223 14 11 36 0.42  16.62  59.14  7.09 1751   48.75   414.2  132319.   0.00   3.49   0.00   0.00    0.00  0.00  0.00  0.00  -1.00   -1.0        -1.  42.87  411.0 125261.
223 14 12 57 0.42  16.63  59.13  7.09 1751   48.39   419.2  116353.   9.26   3.89   0.00   0.00    0.00  0.00  0.00  0.00  -1.00   -1.0        -1.  43.28  412.6 128951.
223 14 14 18 0.42  16.63  59.12  7.09 1751   49.35   422.9  106787.   0.00   4.86   0.00   0.00    0.00  0.00  0.00  0.00  -1.00   -1.0        -1.  46.19  419.1 106653.
223 14 15 39 0.42  16.63  59.11  7.09 1751   49.70   421.2  107657.   7.11   5.26   0.00   0.00    0.00  0.00  0.00  0.00  -1.00   -1.0        -1.  45.58  415.2 130734.
223 14 17 00 0.42  16.64  59.10  7.09 1751   50.68   409.3  137303.   0.00   5.38   0.00   0.00    0.00  0.00  0.00  0.00  -1.00   -1.0        -1.  46.93  406.7 128447.
223 14 18 21 0.42  16.64  59.09  7.09 1751   48.18   405.4  127632.   5.31   6.23   0.00   0.00    0.00  0.00  0.00  0.00  -1.00   -1.0        -1.  46.42  400.2 149673.
223 14 19 42 0.42  16.64  59.08  7.09 1751   49.81   401.4  151502.   0.00   4.56   0.00   0.00    0.00  0.00  0.00  0.00  -1.00   -1.0        -1.  46.52  399.8 135363.
223 14 21 03 0.42  16.64  59.07  7.09 1751   52.67   420.8  155331.   6.62   5.56   0.00   0.00    0.00  0.00  0.00  0.00  -1.00   -1.0        -1.  48.40  414.3 132034.
223 14 22 24 0.42  16.65  59.06  7.09 1751   56.31   393.4  157453.   3.72   6.78   0.00   0.00    0.00  0.00  0.00  0.00  -1.00   -1.0        -1.  49.64  387.3 148844.
223 14 23 45 0.42  16.65  59.05  7.09 1751   48.18   401.5  129207.   5.47   4.19   0.00   0.00    0.00  0.00  0.00  0.00  -1.00   -1.0        -1.  46.00  396.6 158794.
223 14 25 06 0.42  16.65  59.04  7.09 1751   46.19   391.7  105315.   4.60   4.77   0.00   0.00    0.00  0.00  0.00  0.00  -1.00   -1.0        -1.  42.92  384.0  85353.
223 14 26 27 0.42  16.65  59.03  7.09 1751   50.41   387.3  144563.   3.60   4.04   0.00   0.00    0.00  0.00  0.00  0.00  -1.00   -1.0        -1.  46.22  382.0 119209.
223 14 27 48 0.42  16.66  59.02  7.09 1751   48.82   378.4  122753.   2.30   2.98   0.00   0.00    0.00  0.00  0.00  0.00  -1.00   -1.0        -1.  44.60  372.5 106527.
223 14 29 09 0.42  16.66  59.01  7.09 1751   50.06   381.3  153594.   2.55   3.00   0.00   0.00    0.00  0.00  0.00  0.00  -1.00   -1.0        -1.  45.81  376.9 129542.
223 14 30 30 0.42  16.66  59.01  7.09 1751   56.72   395.2  176157.   2.75   7.11   0.00   0.00    0.00  0.00  0.00  0.00  -1.00   -1.0        -1.  54.00  390.5 162322.
223 14 31 51 0.42  16.66  58.99  7.09 1751   50.66   396.6  130780.   1.69  -2.78   0.00   0.00    0.00  0.00  0.00  0.00  -1.00   -1.0        -1.  46.58  395.0 161361.
223 14 33 12 0.42  16.67  58.98  7.09 1751   51.21   396.7  159853.   1.45  -2.71   0.00   0.00    0.00  0.00  0.00  0.00  -1.00   -1.0        -1.  47.87  393.9 137748.
223 14 34 33 0.42  16.67  58.97  7.09 1751   47.21   389.0  140372.   0.66  -2.81   0.00   0.00    0.00  0.00  0.00  0.00  -1.00   -1.0        -1.  44.22  386.5 120333.
223 14 35 54 0.42  16.67  58.96  7.09 1751   50.59   393.1  162624.   1.91  -1.87   0.00   0.00    0.00  0.00  0.00  0.00  -1.00   -1.0        -1.  45.92  387.7 150072.
223 14 37 15 0.42  16.68  58.96  7.09 1751   51.49   390.7  150293.   1.58  -1.89   0.00   0.00    0.00  0.00  0.00  0.00  -1.00   -1.0        -1.  47.48  386.9 124754.
223 14 38 36 0.42  16.68  58.94  7.09 1751   48.42   386.4  115184.  -0.03  -2.85   0.00   0.00    0.00  0.00  0.00  0.00  -1.00   -1.0        -1.  44.80  387.3 143270.
223 14 39 57 0.42  16.68  58.93  7.09 1751   50.61   388.6  142685.   1.33  -2.26   0.00   0.00    0.00  0.00  0.00  0.00  -1.00   -1.0        -1.  45.57  385.7 122853.
223 14 41 18 0.42  16.68  58.93  7.09 1751   48.84   388.9  120768.   1.57  -3.37   0.00   0.00    0.00  0.00  0.00  0.00  -1.00   -1.0        -1.  45.49  388.2 148354.
223 14 42 39 0.42  16.69  58.91  7.09 1751   46.46   394.9  123935.   3.95  -1.25   0.00   0.00    0.00  0.00  0.00  0.00  -1.00   -1.0        -1.  43.24  388.2 114151.
223 14 44 00 0.42  16.69  58.91  7.09 1751   48.63   391.6  163813.   2.92  -0.84   0.00   0.00    0.00  0.00  0.00  0.00  -1.00   -1.0        -1.  45.12  385.0 150930.
223 14 45 21 0.42  16.69  58.89  7.09 1751   51.16   401.1  139697.   3.84  -1.83   0.00   0.00    0.00  0.00  0.00  0.00  -1.00   -1.0        -1.  47.24  398.7 165282.
223 14 46 42 0.42  16.69  58.88  7.09 1751   51.01   383.7  164031.  -1.30  -2.32   0.00   0.00    0.00  0.00  0.00  0.00  -1.00   -1.0        -1.  46.84  381.9 149104.
223 14 48 03 0.42  16.70  58.88  7.09 1751   52.27   389.9  150222.   2.64  -0.99   0.00   0.00    0.00  0.00  0.00  0.00  -1.00   -1.0        -1.  47.88  389.6 170732.
223 14 49 24 0.42  16.70  58.86  7.09 1751   50.10   383.1  172383.   0.05  -0.35   0.00   0.00    0.00  0.00  0.00  0.00  -1.00   -1.0        -1.  47.13  380.5 152752.
223 14 50 45 0.42  16.70  58.86  7.09 1751   49.39   401.5  130685.   0.34  -5.81   0.00   0.00    0.00  0.00  0.00  0.00  -1.00   -1.0        -1.  48.37  396.9 117250.
223 14 52 06 0.42  16.71  58.85  7.09 1751   46.39   381.5  113271.   2.35  -0.91   0.00   0.00    0.00  0.00  0.00  0.00  -1.00   -1.0        -1.  42.79  376.9  99003.
223 14 53 27 0.42  16.71  58.84  7.09 1751   46.01   369.6   68776.   1.67   0.06   0.00   0.00    0.00  0.00  0.00  0.00  -1.00   -1.0        -1.  44.04  368.7  76180.
223 14 54 48 0.42  16.71  58.83  7.09 1751   46.95   369.6   76105.   0.69  -0.61   0.00   0.00    0.00  0.00  0.00  0.00  -1.00   -1.0        -1.  44.72  369.2  95193.
223 14 56 09 0.42  16.71  58.81  7.09 1751   50.27   374.3   93741.  -0.47  -3.16   0.00   0.00    0.00  0.00  0.00  0.00  -1.00   -1.0        -1.  44.28  372.6  78090.
223 14 57 30 0.42  16.72  58.81  7.09 1751   47.28   369.2   80539.  -0.71  -1.11   0.00   0.00    0.00  0.00  0.00  0.00  -1.00   -1.0        -1.  46.57  370.8  99416.
223 14 58 51 0.42  16.72  58.80  7.09 1751   48.92   379.4   98714.  -0.67  -4.37   0.00   0.00    0.00  0.00  0.00  0.00  -1.00   -1.0        -1.  46.98  381.1 110607.
223 15 02 54 0.42  16.72  58.76  7.09 1751   41.74   423.8   95570.   0.00   6.76   0.00   0.00    0.00  0.00  0.00  0.00  -1.00   -1.0        -1.  41.74  418.4  87754.
223 15 04 15 0.42  16.73  58.76  7.09 1751   50.52   371.8  101748.   0.64   1.17   0.00   0.00    0.00  0.00  0.00  0.00  -1.00   -1.0        -1.  47.19  369.2  83969.
223 15 05 36 0.42  16.73  58.75  7.09 1751   46.85   378.5  118513.   0.94  -1.35   0.00   0.00    0.00  0.00  0.00  0.00  -1.00   -1.0        -1.  43.37  374.1 102749.
223 15 08 18 0.42  16.74  58.73  7.09 1751   49.70   383.4  118760.   0.41  -3.40   0.00   0.00    0.00  0.00  0.00  0.00  -1.00   -1.0        -1.  45.99  379.4 104915.
223 15 09 39 0.42  16.74  58.72  7.09 1751   53.30   420.4  138423.  10.10   3.93   0.00   0.00    0.00  0.00  0.00  0.00  -1.00   -1.0        -1.  46.75  414.9 139729.
223 15 11 00 0.42  16.74  58.71  7.09 1751   55.82   389.9  158960.  -0.80  -4.77   0.00   0.00    0.00  0.00  0.00  0.00  -1.00   -1.0        -1.  48.58  388.2 152541.
223 15 12 21 0.42  16.74  58.70  7.09 1751   51.32   380.5  153668.  -0.92  -2.98   0.00   0.00    0.00  0.00  0.00  0.00  -1.00   -1.0        -1.  48.34  383.2 185146.
223 15 13 42 0.42  16.75  58.69  7.09 1751   55.03   386.9  161153.   3.41   0.64   0.00   0.00    0.00  0.00  0.00  0.00  -1.00   -1.0        -1.  47.81  376.5 104103.
223 15 15 03 0.42  16.75  58.68  7.09 1751   50.21   379.3  102148.  -1.82  -4.35   0.00   0.00    0.00  0.00  0.00  0.00  -1.00   -1.0        -1.  48.77  382.3 119806.
223 15 16 24 0.42  16.75  58.67  7.09 1751   47.61   363.0   75887.  -5.53   0.82   0.00   0.00    0.00  0.00  0.00  0.00   5.27  349.6    189827.  43.62  364.7  71401.
223 15 17 45 0.42  16.75  58.66  7.09 1751   49.59   370.2  154766.  -6.87   4.82   0.00   0.00    0.00  0.00  0.00  0.00  -1.00   -1.0        -1.  43.90  369.2  81718.
223 15 19 06 0.42  16.76  58.65  7.09 1751   44.90   362.5   79454.  -3.47   1.95   0.00   0.00    0.00  0.00  0.00  0.00   8.15  343.1    174689.  43.09  362.1  72951.
223 15 20 27 0.42  16.76  58.64  7.09 1751   50.19   369.1  157729.  -6.15   4.34   0.00   0.00    0.00  0.00  0.00  0.00  -1.00   -1.0        -1.  42.87  367.7  83492.
223 15 21 48 0.42  16.76  58.63  7.09 1751   52.69   447.0  140210.   1.56   0.00   0.00   0.00    0.00  0.00  0.00  0.00   1.24  461.1    331239.  50.45  443.2 135990.
223 15 23 09 0.42  16.77  58.63  7.09 1751   43.09   434.9  127128.   1.64   0.00   0.00   0.00    0.00  0.00  0.00  0.00   1.50  462.9    504122.  40.82  432.7 112637.
223 15 24 30 0.42  16.77  58.61  7.09 1751   44.53   416.0  141331.  -1.56   0.00   0.00   0.00    0.00  0.00  0.00  0.00   1.34  448.8    447105.  43.55  418.1 163245.
223 15 25 51 0.42  16.77  58.60  7.09 1751   50.59   432.3  151839.   0.35   0.00   0.00   0.00    0.00  0.00  0.00  0.00   1.29  450.9    315191.  51.13  432.6 171177.
223 15 27 12 0.42  16.77  58.59  7.09 1751   47.93   432.6  129064.   3.25   0.00   0.00   0.00    0.00  0.00  0.00  0.00   1.18  460.6    336488.  42.71  430.0 126651.
223 15 28 33 0.42  16.78  58.58  7.09 1751   48.40   417.1  153785.   0.37   0.00   0.00   0.00    0.00  0.00  0.00  0.00   1.21  452.4    308643.  45.04  416.6 137212.
223 15 29 54 0.42  16.78  58.58  7.09 1751   42.05   421.4  122282.   0.52   0.00   0.00   0.00    0.00  0.00  0.00  0.00   1.04  439.3    241244.  40.67  422.1 137562.
223 15 31 15 0.42  16.78  58.56  7.09 1751   42.09   403.2  117445.   1.29  -5.73   0.00   0.00    0.00  0.00  0.00  0.00   1.19  464.1    398456.  39.19  400.1  95742.
223 15 32 36 0.42  16.78  58.56  7.09 1751   49.21   409.7  147097.   0.00  -2.59   0.00   0.00    0.00  0.00  0.00  0.00  -1.00   -1.0        -1.  47.92  411.5 171395.
223 15 33 57 0.42  16.79  58.54  7.09 1751   45.88   402.2  127401.   3.42  -3.30   0.00   0.00    0.00  0.00  0.00  0.00  -1.00   -1.0        -1.  43.75  396.4 117760.
223 15 35 18 0.42  16.79  58.53  7.09 1751   48.94   406.8  160841.   2.32  -5.60   0.00   0.00    0.00  0.00  0.00  0.00  -1.00   -1.0        -1.  45.12  405.0 138199.
223 15 36 39 0.42  16.79  58.53  7.09 1751   47.22   400.2  131530.   1.52  -5.11   0.00   0.00    0.00  0.00  0.00  0.00  -1.00   -1.0        -1.  44.60  396.2 124916.
223 15 38 00 0.42  16.80  58.51  7.09 1751   46.48   416.5  139274.   3.96  -4.79   0.00   0.00    0.00  0.00  0.00  0.00  -1.00   -1.0        -1.  44.03  409.5 125949.
223 15 39 21 0.42  16.80  58.51  7.09 1751   46.78   411.5  129613.   2.70   0.00   0.00   0.00    0.00  0.00  0.00  0.00  -1.00   -1.0        -1.  44.43  410.4 135220.
223 15 40 42 0.42  16.80  58.50  7.09 1751   48.53   412.6  133343.   0.21   0.00   0.00   0.00    0.00  0.00  0.00  0.00  -1.00   -1.0        -1.  47.10  409.5 133011.
223 15 42 03 0.42  16.80  58.48  7.09 1751   47.91   432.4  138729.   0.27   0.00   0.00   0.00    0.00  0.00  0.00  0.00  -1.00   -1.0        -1.  45.73  429.1 135263.
223 15 43 24 0.42  16.81  58.48  7.09 1751   42.21   419.2  127080.   1.37   0.00   0.00   0.00    0.00  0.00  0.00  0.00  -1.00   -1.0        -1.  40.32  417.5 108674.
223 15 44 45 0.42  16.81  58.46  7.09 1751   45.83   402.2  132797.   0.00   0.00   0.00   0.00    0.00  0.00  0.00  0.00   1.03  461.3    400106.  44.02  403.3 147470.
223 15 46 06 0.42  16.81  58.46  7.09 1751   45.92   404.7  101868.   4.34  -3.44   0.00   0.00    0.00  0.00  0.00  0.00   1.07  481.8    443882.  41.89  399.9 125374.
223 15 47 27 0.42  16.81  58.45  7.09 1751   45.00   438.6  111828.   4.20  -6.98   0.00   0.00    0.00  0.00  0.00  0.00   1.36  468.1    473846.  41.48  434.4  98526.
223 15 48 48 0.42  16.82  58.43  7.09 1751   40.24   435.5   99211.   0.00   0.75   0.00   0.00    0.00  0.00  0.00  0.00   1.14  464.7    272754.  35.73  433.8  75998.
223 15 50 09 0.42  16.82  58.43  7.09 1751   52.80   420.5  128879.   0.00  -1.08   0.00   0.00    0.00  0.00  0.00  0.00   1.19  446.4    306096.  47.00  417.5 134171.
223 15 51 30 0.42  16.82  58.42  7.09 1751   49.61   401.1  145531.   0.00   0.89   0.00   0.00    0.00  0.00  0.00  0.00  -1.00   -1.0        -1.  44.45  401.0 133648.
223 15 52 51 0.42  16.82  58.41  7.09 1751   47.16   417.9  106208.   0.00  -0.58   0.00   0.00    0.00  0.00  0.00  0.00  -1.00   -1.0        -1.  44.30  418.1 127921.
223 15 54 12 0.42  16.83  58.40  7.09 1751   47.39   431.8  107547.   0.00  -2.00   0.00   0.00    0.00  0.00  0.00  0.00   1.42  445.6    448170.  44.30  430.7 121385.
223 15 55 33 0.42  16.83  58.39  7.09 1751   48.97   396.1  116675.   4.94   0.92   0.00   0.00    0.00  0.00  0.00  0.00  -1.00   -1.0        -1.  42.01  386.7 113858.
223 15 56 54 0.42  16.83  58.38  7.09 1751   47.28   379.7  116496.   2.74   2.24   0.00   0.00    0.00  0.00  0.00  0.00  -1.00   -1.0        -1.  43.51  374.2 101907.
223 15 58 15 0.42  16.84  58.37  7.09 1751   46.03   368.9  104263.  -1.47  -0.76   0.00   0.00    0.00  0.00  0.00  0.00  -1.00   -1.0        -1.  42.87  368.1  81881.
223 15 59 36 0.42  16.84  58.36  7.09 1751   47.09   369.9   77995.  -1.15  -1.76   0.00   0.00    0.00  0.00  0.00  0.00  -1.00   -1.0        -1.  44.05  371.3  97632.
223 16 00 57 0.42  16.84  58.35  7.09 1751   46.63   384.2   96515.   3.25  -1.23   0.00   0.00    0.00  0.00  0.00  0.00  -1.00   -1.0        -1.  43.75  382.0 105650.
223 16 02 18 0.42  16.84  58.34  7.10 1751   50.11   389.0  116688.   4.40   0.28   0.00   0.00    0.00  0.00  0.00  0.00  -1.00   -1.0        -1.  47.66  385.0 139664.
223 16 03 39 0.42  16.85  58.33  7.10 1751   55.65   397.0  136110.   4.70  -0.02   0.00   0.00    0.00  0.00  0.00  0.00   1.37  429.4    215035.  54.91  394.5 172980.
223 16 05 00 0.42  16.85  58.32  7.10 1751   49.33   405.5  130305.   0.00  -1.48   0.00   0.00    0.00  0.00  0.00  0.00  -1.00   -1.0        -1.  47.77  404.0 123298.
223 16 06 21 0.42  16.85  58.31  7.10 1751   48.85   376.3  152668.   1.86   3.35   0.00   0.00    0.00  0.00  0.00  0.00  -1.00   -1.0        -1.  45.63  371.8 137426.
223 16 07 42 0.42  16.85  58.30  7.10 1751   46.83   366.5   80380.   0.63   3.11   0.00   0.00    0.00  0.00  0.00  0.00  -1.00   -1.0        -1.  44.54  365.9 106741.
223 16 09 03 0.42  16.86  58.29  7.10 1751   50.36   367.9  106426.  -1.61   7.45   0.00   0.00    0.00  0.00  0.00  0.00  -1.00   -1.0        -1.  44.26  365.4  89469.
223 16 10 24 0.42  16.86  58.28  7.10 1751   51.63   382.5  109551.   0.63   7.56   0.00   0.00    0.00  0.00  0.00  0.00  -1.00   -1.0        -1.  46.19  377.6  97249.
223 16 11 45 0.42  16.86  58.27  7.10 1751   55.17   389.4  130650.  -4.00  11.45   0.00   0.00    0.00  0.00  0.00  0.00  -1.00   -1.0        -1.  50.74  389.4 119306.
223 16 13 06 0.42  16.87  58.26  7.10 1751   53.58   384.3  110292.  -4.48  10.79   0.00   0.00    0.00  0.00  0.00  0.00  -1.00   -1.0        -1.  48.97  384.7 101820.
223 16 14 27 0.42  16.87  58.25  7.10 1751   55.50   394.5  131751.  -2.98  11.79   0.00   0.00    0.00  0.00  0.00  0.00  -1.00   -1.0        -1.  51.17  393.5 122278.
223 16 15 48 0.42  16.87  58.24  7.10 1751   54.04   398.0  133502.  -5.57  12.02   0.00   0.00    0.00  0.00  0.00  0.00  -1.00   -1.0        -1.  49.00  399.9 130185.
223 16 17 09 0.42  16.87  58.23  7.10 1751   56.10   390.6  131225.  -5.54  10.97   0.00   0.00    0.00  0.00  0.00  0.00  -1.00   -1.0        -1.  51.18  392.0 123078.
223 16 18 30 0.42  16.88  58.23  7.10 1751   49.07   392.8  138180.  -6.12  10.37   0.00   0.00    0.00  0.00  0.00  0.00  -1.00   -1.0        -1.  45.66  392.7 128798.
223 16 19 51 0.42  16.88  58.21  7.10 1751   54.29   391.4  138352.  -7.35  10.52   0.00   0.00    0.00  0.00  0.00  0.00  -1.00   -1.0        -1.  51.23  397.6 167062.
223 16 21 12 0.42  16.88  58.20  7.10 1751   54.14   408.8  158934.  -8.62  11.72   0.00   0.00    0.00  0.00  0.00  0.00  -1.00   -1.0        -1.  51.46  414.9 185266.
223 16 22 33 0.42  16.88  58.20  7.10 1751   56.50   411.4  182433. -10.07  10.01   0.00   0.00    0.00  0.00  0.00  0.00  -1.00   -1.0        -1.  51.78  418.6 160552.
223 16 23 54 0.42  16.89  58.18  7.10 1751   56.47   408.1  196502.   4.52   1.97   0.00   0.00    0.00  0.00  0.00  0.00  -1.00   -1.0        -1.  55.31  404.3 218767.
223 16 25 15 0.42  16.89  58.18  7.10 1751   57.90   417.7  194235.   4.96  -0.66   0.00   0.00    0.00  0.00  0.00  0.00  -1.00   -1.0        -1.  53.26  410.6 185182.
223 16 26 36 0.42  16.89  58.16  7.10 1751   56.46   395.8  194183.   3.01   2.13   0.00   0.00    0.00  0.00  0.00  0.00  -1.00   -1.0        -1.  51.98  389.4 175186.
223 16 27 57 0.42  16.89  58.15  7.10 1751   55.91   391.3  219245.   0.39  -1.04   0.00   0.00    0.00  0.00  0.00  0.00  -1.00   -1.0        -1.  52.84  389.7 202424.
223 16 29 18 0.42  16.90  58.15  7.10 1751   56.28   382.2  193371.  -1.60  -0.23   0.00   0.00    0.00  0.00  0.00  0.00  -1.00   -1.0        -1.  51.92  380.7 172941.
223 16 30 39 0.42  16.90  58.13  7.10 1751   55.48   377.9  165249.  -0.52   2.65   0.00   0.00    0.00  0.00  0.00  0.00  -1.00   -1.0        -1.  49.87  376.5 138488.
223 16 32 00 0.42  16.90  58.13  7.10 1751   55.40   380.4  187267.  -2.17  -0.17   0.00   0.00    0.00  0.00  0.00  0.00  -1.00   -1.0        -1.  52.37  379.2 168975.
223 16 33 21 0.42  16.90  58.12  7.10 1751   57.40   376.6  158648.  -4.75   0.25   0.00   0.00    0.00  0.00  0.00  0.00  -1.00   -1.0        -1.  51.48  377.5 133849.
223 16 34 42 0.42  16.91  58.10  7.10 1751   57.07   378.3  206842.  -4.66   1.59   0.00   0.00    0.00  0.00  0.00  0.00  -1.00   -1.0        -1.  54.56  383.5 242692.
223 16 36 03 0.42  16.91  58.10  7.10 1751   64.75   391.0  219261.  -9.76  -0.53   0.00   0.00    0.00  0.00  0.00  0.00  -1.00   -1.0        -1.  58.28  399.4 199238.
223 16 37 24 0.42  16.91  58.08  7.10 1751   59.68   393.5  181940.  -9.28   8.09   0.00   0.00    0.00  0.00  0.00  0.00  -1.00   -1.0        -1.  54.24  400.1 170986.
223 16 38 45 0.42  16.91  58.08  7.10 1751   97.14   418.3  282226.   7.74   1.54   0.00   0.00    0.00  0.00  0.00  0.00  49.83  344.1    128158.  80.55  411.6 333211.
223 16 40 06 0.42  16.92  58.07  7.10 1751   57.49   423.5  150771.   0.00   5.03   0.00   0.00    0.00  0.00  0.00  0.00  -1.00   -1.0        -1.  53.30  424.0 168829.
223 16 41 27 0.42  16.92  58.06  7.10 1751   61.50   396.5  161698.   3.72   0.46   0.00   0.00    0.00  0.00  0.00  0.00  -1.00   -1.0        -1.  55.32  394.8 176745.
223 16 42 48 0.42  16.92  58.05  7.10 1751   57.57   403.5  169872.   4.37   6.01   0.00   0.00    0.00  0.00  0.00  0.00  -1.00   -1.0        -1.  52.27  395.8 164177.
223 16 44 09 0.42  16.93  58.04  7.10 1751   58.78   398.0  165444.   2.90   6.18   0.00   0.00    0.00  0.00  0.00  0.00  -1.00   -1.0        -1.  55.22  395.5 177389.
223 16 45 30 0.42  16.93  58.03  7.10 1751   58.28   403.5  167913.   4.65   4.22   0.00   0.00    0.00  0.00  0.00  0.00  -1.00   -1.0        -1.  54.51  395.1 162816.
223 16 46 51 0.42  16.93  58.02  7.10 1751   55.32   430.6  136244.   7.68   4.05   0.00   0.00    0.00  0.00  0.00  0.00  -1.00   -1.0        -1.  52.14  421.5 138761.
223 16 48 12 0.42  16.93  58.01  7.10 1751   54.06   398.6  162524.   3.96   4.00   0.00   0.00    0.00  0.00  0.00  0.00  -1.00   -1.0        -1.  49.42  390.4 160305.
223 16 49 33 0.42  16.94  58.00  7.10 1751   55.80   380.5  170031.  -2.50   6.60   0.00   0.00    0.00  0.00  0.00  0.00  -1.00   -1.0        -1.  53.17  383.8 194190.
223 16 50 54 0.42  16.94  57.99  7.10 1751   56.34   385.2  202597.  -0.17   5.19   0.00   0.00    0.00  0.00  0.00  0.00  -1.00   -1.0        -1.  52.55  383.1 186741.
223 16 52 15 0.42  16.94  57.98  7.10 1751   55.27   376.9  175394.  -3.97   1.77   0.00   0.00    0.00  0.00  0.00  0.00  -1.00   -1.0        -1.  53.18  382.4 205991.
223 16 53 36 0.42  16.94  57.97  7.10 1751   56.74   379.4  192634.  -1.69   3.75   0.00   0.00    0.00  0.00  0.00  0.00  -1.00   -1.0        -1.  53.74  377.5 180692.
223 16 54 57 0.42  16.95  57.96  7.10 1751   56.82   375.7  172399.  -4.19   3.14   0.00   0.00    0.00  0.00  0.00  0.00  -1.00   -1.0        -1.  53.76  381.0 199114.
223 16 56 18 0.42  16.95  57.95  7.10 1751   60.66   382.0  174962.  -6.75   5.80   0.00   0.00    0.00  0.00  0.00  0.00  -1.00   -1.0        -1.  54.93  385.0 167991.
223 16 57 39 0.42  16.95  57.94  7.10 1751   56.49   374.4  166084.  -4.40   3.23   0.00   0.00    0.00  0.00  0.00  0.00  -1.00   -1.0        -1.  51.65  375.3 136555.
223 16 59 00 0.42  16.96  57.93  7.10 1751   60.03   380.1  182174.  -5.49   5.71   0.00   0.00    0.00  0.00  0.00  0.00  -1.00   -1.0        -1.  55.68  381.9 168069.
223 17 00 21 0.42  16.96  57.92  7.10 1751   59.35   388.1  204110.  -8.15   7.17   0.00   0.00    0.00  0.00  0.00  0.00  -1.00   -1.0        -1.  52.64  394.1 188060.
223 17 01 42 0.42  16.96  57.91  7.10 1751   60.66   391.6  187758.  -7.51  -1.40   0.00   0.00    0.00  0.00  0.00  0.00  -1.00   -1.0        -1.  58.24  394.8 175212.
223 17 03 03 0.42  16.96  57.90  7.10 1751   55.92   395.1  193806.  -5.19  -3.60   0.00   0.00    0.00  0.00  0.00  0.00  -1.00   -1.0        -1.  54.20  396.4 181920.
223 17 04 24 0.42  16.97  57.90  7.10 1751   60.71   403.6  171990.  -4.36   0.00   0.00   0.00    0.00  0.00  0.00  0.00  -1.00   -1.0        -1.  55.25  407.9 184802.
223 17 05 45 0.42  16.97  57.88  7.10 1751   55.17   410.3  181589.   2.01  -2.76   0.00   0.00    0.00  0.00  0.00  0.00  -1.00   -1.0        -1.  52.02  406.2 182368.
223 17 06 09 0.42  16.97  57.88  7.10 1751   56.10   380.0  162793.  -6.72   7.82   0.00   0.00    0.00  0.00  0.00  0.00  -1.00   -1.0        -1.  52.49  388.0 184961.
223 17 07 06 0.42  16.97  57.87  7.10 1751   58.14   380.6  191724.  -2.04   0.60   0.00   0.00    0.00  0.00  0.00  0.00  -1.00   -1.0        -1.  53.19  379.7 170983.
223 17 08 27 0.42  16.97  57.86  7.10 1751   59.26   382.8  167195.  -8.18   5.85   0.00   0.00    0.00  0.00  0.00  0.00  -1.00   -1.0        -1.  54.85  391.8 180393.
223 17 09 48 0.42  16.98  57.85  7.10 1751   57.79   382.1  185484.  -0.39   2.38   0.00   0.00    0.00  0.00  0.00  0.00  -1.00   -1.0        -1.  52.70  379.1 168179.
223 17 11 09 0.42  16.98  57.85  7.10 1751   59.40   399.4  210279.   3.32   1.38   0.00   0.00    0.00  0.00  0.00  0.00  -1.00   -1.0        -1.  53.93  394.7 189671.
223 17 12 30 0.42  16.98  57.83  7.10 1751   57.54   377.9  186530.  -4.06   4.87   0.00   0.00    0.00  0.00  0.00  0.00  -1.00   -1.0        -1.  54.08  378.7 173890.
223 17 13 51 0.42  16.98  57.82  7.10 1751   59.81   376.2  164661.  -2.46   4.63   0.00   0.00    0.00  0.00  0.00  0.00  -1.00   -1.0        -1.  53.57  375.9 140590.
223 17 15 12 0.42  16.99  57.82  7.10 1751   59.42   383.6  186699.  -0.78   0.38   0.00   0.00    0.00  0.00  0.00  0.00  -1.00   -1.0        -1.  55.49  381.4 171600.
223 17 16 33 0.42  16.99  57.80  7.10 1751   55.69   380.7  181296.  -3.40  -0.09   0.00   0.00    0.00  0.00  0.00  0.00  -1.00   -1.0        -1.  52.00  386.0 210627.
223 17 17 54 0.42  16.99  57.80  7.10 1751   55.83   374.2  132540.  -4.27   1.46   0.00   0.00    0.00  0.00  0.00  0.00  -1.00   -1.0        -1.  52.66  379.2 164729.
223 17 19 15 0.42  17.00  57.78  7.10 1751   62.14   388.3  209357.  -6.61   8.50   0.00   0.00    0.00  0.00  0.00  0.00  -1.00   -1.0        -1.  55.66  393.7 191484.
223 17 20 36 0.42  17.00  57.78  7.10 1751   48.86   393.5  157287. -10.16   6.52   0.00   0.00    0.00  0.00  0.00  0.00  -1.00   -1.0        -1.  42.29  399.8 131091.
223 17 21 57 0.42  17.00  57.77  7.10 1751   58.55   377.6  175660.  -4.84   4.45   0.00   0.00    0.00  0.00  0.00  0.00  -1.00   -1.0        -1.  53.17  378.9 147951.
223 17 23 18 0.42  17.00  57.75  7.10 1751   56.69   382.9  184840.  -1.79   6.47   0.00   0.00    0.00  0.00  0.00  0.00  -1.00   -1.0        -1.  52.79  381.2 164862.
223 17 24 39 0.42  17.01  57.75  7.10 1751   57.58   376.9  167224.  -2.38   4.92   0.00   0.00    0.00  0.00  0.00  0.00  -1.00   -1.0        -1.  52.14  375.8 137364.
223 17 26 00 0.42  17.01  57.74  7.10 1751   55.48   372.7  136283.  -3.90   3.41   0.00   0.00    0.00  0.00  0.00  0.00  -1.00   -1.0        -1.  53.70  377.4 166613.
223 17 27 21 0.42  17.01  57.73  7.10 1751   56.84   374.7  159080.  -4.99   3.09   0.00   0.00    0.00  0.00  0.00  0.00  -1.00   -1.0        -1.  51.42  376.6 133762.
223 17 28 42 0.42  17.01  57.72  7.10 1751   58.05   377.1  179675.  -5.52   2.59   0.00   0.00    0.00  0.00  0.00  0.00  -1.00   -1.0        -1.  53.78  379.7 164651.
223 17 30 03 0.42  17.02  57.70  7.10 1751   57.92   380.3  152694.  -6.39  -0.96   0.00   0.00    0.00  0.00  0.00  0.00  -1.00   -1.0        -1.  51.20  384.0 130026.
223 17 31 24 0.42  17.02  57.70  7.10 1751   60.37   378.1  183564.  -5.67   2.34   0.00   0.00    0.00  0.00  0.00  0.00  -1.00   -1.0        -1.  54.13  380.1 166665.
223 17 32 45 0.42  17.02  57.69  7.10 1751   56.39   380.3  156875.  -5.91   8.18   0.00   0.00    0.00  0.00  0.00  0.00  -1.00   -1.0        -1.  51.45  388.3 177905.
223 17 34 06 0.42  17.02  57.68  7.10 1751   55.19   377.0  132764.  -1.05   5.69   0.00   0.00    0.00  0.00  0.00  0.00  -1.00   -1.0        -1.  53.36  379.5 165194.
223 17 36 47 0.42  17.03  57.65  7.10 1751   57.02   381.3  187124.  -2.15   6.49   0.00   0.00    0.00  0.00  0.00  0.00  -1.00   -1.0        -1.  53.46  380.2 170365.
223 17 38 09 0.42  17.03  57.65  7.10 1751   57.32   378.1  160445.  -5.54   6.59   0.00   0.00    0.00  0.00  0.00  0.00  -1.00   -1.0        -1.  53.75  384.7 188875.
223 17 39 30 0.42  17.03  57.64  7.10 1751   56.25   371.1  130257.  -5.31   3.00   0.00   0.00    0.00  0.00  0.00  0.00  -1.00   -1.0        -1.  53.82  377.8 164703.
223 17 40 51 0.42  17.04  57.63  7.10 1751   57.81   378.4  163940.  -4.29   7.30   0.00   0.00    0.00  0.00  0.00  0.00  -1.00   -1.0        -1.  52.76  382.5 186731.
223 17 42 12 0.42  17.04  57.62  7.10 1751   55.17   372.6  125819.  -2.11   3.23   0.00   0.00    0.00  0.00  0.00  0.00  -1.00   -1.0        -1.  53.66  375.4 167611.
223 17 43 33 0.42  17.04  57.61  7.10 1751   55.58   374.0  162462.  -3.39   3.73   0.00   0.00    0.00  0.00  0.00  0.00  -1.00   -1.0        -1.  50.21  374.2 136689.
223 17 44 54 0.42  17.04  57.60  7.10 1751   60.47   391.2  179877.  -2.81  10.00   0.00   0.00    0.00  0.00  0.00  0.00  -1.00   -1.0        -1.  55.66  391.3 174059.
223 17 46 15 0.42  17.05  57.59  7.10 1751   57.24   379.1  158496.  -6.49   7.13   0.00   0.00    0.00  0.00  0.00  0.00  -1.00   -1.0        -1.  52.81  386.0 179588.
223 17 47 36 0.42  17.05  57.58  7.10 1751   58.39   387.1  173211.  -6.94   9.07   0.00   0.00    0.00  0.00  0.00  0.00  -1.00   -1.0        -1.  54.58  389.9 160412.
223 17 49 21 0.42  17.05  57.57  7.10 1751   63.82   389.3  178961.  -7.39   8.65   0.00   0.00    0.00  0.00  0.00  0.00  -1.00   -1.0        -1.  59.29  393.3 167698.
223 18 32 33 0.42  17.14  57.26  7.10 1751   63.21   396.0  170693.  -1.94  -0.66   0.00   0.00    0.00  0.00  0.00  0.00  -1.00   -1.0        -1.  60.14  399.6 185367.
223 19 15 45 0.42  17.22  56.94  7.11 1751   56.01   377.6  218384.   0.23   1.39   0.00   0.00    0.00  0.00  0.00  0.00  -1.00   -1.0        -1.  51.74  375.1 201164.
223 22 51 46 0.43  17.64  55.38  7.12 1751   56.24   407.0  170105.  -0.32   9.69   0.00   0.00    0.00  0.00  0.00  0.00  -1.00   -1.0        -1.  51.10  404.3 163686.
223 23 34 58 0.43  17.73  55.06  7.12 1751   46.14   382.0   71632.  -0.21   7.90   0.00   0.00    0.00  0.00  0.00  0.00   2.58  379.4    223988.  41.72  381.9  73834.
