037  0 17 28 0.32 140.83 338.09  2.70 1758   38.80   584.0  240698.  -0.64  -1.49   0.00   0.00    0.00  0.00  0.00  0.00   0.54  792.6   1150941.  30.08  582.4 212443.
037  1 00 40 0.32 141.00 337.87  2.73 1758   61.63   722.7 1231035.   0.00  -1.30   0.00   0.00    0.00  0.00  0.00  0.00  -1.00   -1.0        -1.  49.57  718.9 234674.
037  1 43 52 0.32 141.18 337.64  2.75 1758   38.10   614.1  510326.  -9.69  -2.55   0.00   0.00    0.00  0.00  0.00  0.00  -1.00   -1.0        -1.  29.97  616.8 477998.
037  2 27 04 0.32 141.35 337.43  2.77 1758   47.08   636.2  498749.   7.53   1.36   0.00   0.00    0.00  0.00  0.00  0.00  -1.00   -1.0        -1.  38.72  625.8 501052.
037  3 10 16 0.32 141.52 337.20  2.80 1758   41.13   654.5  368209.   1.81   0.43   0.00   0.00    0.00  0.00  0.00  0.00  -1.00   -1.0        -1.  31.54  647.9 363317.
037  3 53 28 0.32 141.69 336.98  2.82 1758   33.41   701.9  752655.   5.04  -0.32   0.00   0.00    0.00  0.00  0.00  0.00  -1.00   -1.0        -1.  25.40  692.7 696054.
037  4 36 40 0.32 141.86 336.76  2.84 1758   32.06   653.9  329589.  -1.90   1.11   0.00   0.00    0.00  0.00  0.00  0.00  -1.00   -1.0        -1.  24.97  650.8 312511.
037  5 19 52 0.32 142.04 336.53  2.87 1758   31.51   670.2  451393.  -5.76  -2.13   0.00   0.00    0.00  0.00  0.00  0.00  -1.00   -1.0        -1.  24.78  668.7 433403.
037  6 03 04 0.32 142.21 336.31  2.89 1758   39.59   749.4  687114.   6.39  -0.04   0.00   0.00    0.00  0.00  0.00  0.00  -1.00   -1.0        -1.  31.39  739.7 608371.
037  6 46 16 0.32 142.38 336.08  2.91 1758   31.61   627.8  374879.  -2.95   3.77   0.00   0.00    0.00  0.00  0.00  0.00  -1.00   -1.0        -1.  25.04  623.0 327497.
037 12 17 10 0.32 143.69 334.37  3.09 1758   28.75   708.9  393453.   3.33   0.76   0.00   0.00    0.00  0.00  0.00  0.00   1.01  826.2   1577555.  22.08  706.3 419649.
037 12 27 58 0.32 143.73 334.30  3.10 1758   28.08   717.1  445585.  -0.13  -7.00   0.00   0.00    0.00  0.00  0.00  0.00   0.79  839.4   1783169.  21.28  711.3 430512.
037 13 00 25 0.32 143.86 334.14  3.11 1758   31.04   728.5  565959.   5.41  -1.63   0.00   0.00    0.00  0.00  0.00  0.00   0.79  854.1    869443.  23.77  719.4 514452.
037 13 11 13 0.32 143.90 334.09  3.12 1758   34.49   698.9  467414.  -6.90   0.00   0.00   0.00    0.00  0.00  0.00  0.00   1.19  829.2   1855518.  26.06  700.7 440283.
037 13 22 01 0.32 143.94 334.03  3.12 1758   29.59   677.5  243141.  -1.54  -1.62   0.00   0.00    0.00  0.00  0.00  0.00   0.80  788.5   1097095.  22.63  678.4 261228.
037 13 32 49 0.32 143.98 333.97  3.13 1758   31.55   749.6  732125. -11.44  -3.84   0.00   0.00    0.00  0.00  0.00  0.00   0.94  798.9   1136180.  24.65  757.3 643715.
037 13 43 37 0.32 144.02 333.91  3.14 1758   27.38   724.4  590440.  -5.04   0.00   0.00   0.00    0.00  0.00  0.00  0.00   0.97  782.4   1106866.  21.72  730.6 623236.
037 13 54 25 0.32 144.07 333.86  3.14 1758   31.28   706.5  507071.  -7.77  -5.31   0.00   0.00    0.00  0.00  0.00  0.00   0.95  806.2   1065494.  25.33  712.9 593922.
037 14 05 13 0.32 144.11 333.81  3.15 1758   31.51   730.8  700680.   8.06   0.00   0.00   0.00    0.00  0.00  0.00  0.00   1.03  841.3   1145744.  25.83  721.3 771730.
037 14 16 01 0.32 144.15 333.75  3.15 1758   32.28   729.0  638101.   3.87  -2.70   0.00   0.00    0.00  0.00  0.00  0.00   1.19  840.6   1796266.  25.68  716.4 623964.
037 14 26 46 0.32 144.19 333.68  3.16 1758   36.11   792.1  826564.   0.00   0.00   0.00   0.00    0.00  0.00  0.00  0.00  -1.00   -1.0        -1.  28.27  794.6 802447.
037 14 37 34 0.32 144.24 333.63  3.16 1758   30.52   696.9  494181.   0.00   0.00   0.00   0.00    0.00  0.00  0.00  0.00  -1.00   -1.0        -1.  -1.00   -1.0     -1.
037 14 48 22 0.32 144.28 333.58  3.17 1758   35.41   726.0  689089. -11.16   1.92   0.00   0.00    0.00  0.00  0.00  0.00  -1.00   -1.0        -1.  28.58  737.4 701667.
037 14 59 10 0.32 144.32 333.52  3.18 1758   31.45   724.0  574535. -11.63  -3.48   0.00   0.00    0.00  0.00  0.00  0.00   0.97  791.1   1107698.  25.09  729.0 591116.
037 15 10 01 0.32 144.36 333.47  3.18 1758   36.46   718.7  620793.   4.03  -0.63   0.00   0.00    0.00  0.00  0.00  0.00   0.98  794.6   1103540.  28.68  708.6 603901.
037 15 19 02 0.32 144.40 333.42  3.19 1758   31.57   679.4  387684.   0.00   1.45   0.00   0.00    0.00  0.00  0.00  0.00   1.11  774.5   1412481.  25.65  674.6 372111.
037 15 20 49 0.32 144.40 333.40  3.19 1758   27.31   726.4  496936.   7.93   0.00   0.00   0.00    0.00  0.00  0.00  0.00   0.97  818.9   1200422.  20.88  718.0 583579.
037 15 31 37 0.32 144.45 333.35  3.19 1758   28.82   736.4  569234.   6.88   0.00   0.00   0.00    0.00  0.00  0.00  0.00   1.02  825.9   1384623.  20.96  724.9 510606.
037 15 42 25 0.32 144.49 333.29  3.20 1758   29.92   687.9  456395.   0.00   0.00   0.00   0.00    0.00  0.00  0.00  0.00   1.21  826.8   1726620.  22.54  685.0 394077.
037 16 02 14 0.32 144.57 333.19  3.21 1758   28.11   682.5  370324.   0.00   7.61   0.00   0.00    0.00  0.00  0.00  0.00   0.94  810.3    982126.  22.98  682.9 395013.
037 16 45 26 0.32 144.74 332.96  3.23 1758   26.25   627.1  171626.   0.00  -5.53   0.00   0.00    0.00  0.00  0.00  0.00  -1.00   -1.0        -1.  21.83  622.7 140229.
037 17 28 38 0.32 144.90 332.74  3.25 1758   26.59   693.7  549535.  -2.51   9.62   0.00   0.00    0.00  0.00  0.00  0.00   1.93  740.9   1101877.  22.79  696.2 709775.
037 18 11 50 0.32 145.07 332.51  3.28 1758   28.31   638.9  340747.  -7.10  -1.61   0.00   0.00    0.00  0.00  0.00  0.00  -1.00   -1.0        -1.  22.33  648.2 376545.
037 18 55 02 0.32 145.24 332.28  3.30 1758   26.20   650.3  265701.   6.94   0.00   0.00   0.00    0.00  0.00  0.00  0.00  -1.00   -1.0        -1.  19.99  634.7 240941.
037 19 38 14 0.32 145.41 332.06  3.32 1758   28.17   617.2  189499.   0.00   0.49   0.00   0.00    0.00  0.00  0.00  0.00  -1.00   -1.0        -1.  22.34  614.9 147665.
037 20 21 26 0.32 145.58 331.83  3.34 1758   32.48   638.8  376110. -10.85  -1.15   0.00   0.00    0.00  0.00  0.00  0.00   0.88  732.5   1081087.  26.41  644.6 373800.
037 21 04 38 0.32 145.74 331.60  3.36 1758   29.17   660.7  388162.   6.91   1.47   0.00   0.00    0.00  0.00  0.00  0.00  -1.00   -1.0        -1.  23.01  652.3 448239.
037 21 47 50 0.32 145.91 331.37  3.39 1758   25.34   627.5  302620.   0.00   0.00   0.00   0.00    0.00  0.00  0.00  0.00  -1.00   -1.0        -1.  20.47  628.0 345542.
037 22 31 02 0.32 146.08 331.15  3.41 1758   28.36   624.6  247097.  -3.91   4.28   0.00   0.00    0.00  0.00  0.00  0.00  -1.00   -1.0        -1.  22.34  626.1 289733.
037 23 14 14 0.32 146.24 330.92  3.43 1758   32.29   709.5  855618.   3.61   6.64   0.00   0.00    0.00  0.00  0.00  0.00  -1.00   -1.0        -1.  25.55  706.5 710555.
037 23 57 26 0.32 146.41 330.68  3.45 1758   33.16   692.6  796834.   4.44   1.12   0.00   0.00    0.00  0.00  0.00  0.00  -1.00   -1.0        -1.  26.62  688.9 940806.
