030  0 40 12 0.32  99.67  28.88 -3.19 1757   65.20   468.0  243147.   6.33  -1.32   0.00   0.00    0.00  0.00  0.00  0.00  -1.00   -1.0        -1.  50.65  460.0 219966.
030  1 23 24 0.32  99.84  28.66 -3.16 1757   53.25   468.8  300684.   3.87   3.56   0.00   0.00    0.00  0.00  0.00  0.00  -1.00   -1.0        -1.  42.83  459.2 302838.
030  2 06 36 0.32 100.00  28.42 -3.14 1757   49.03   509.0  357678.   6.46   5.30   0.00   0.00    0.00  0.00  0.00  0.00  -1.00   -1.0        -1.  39.48  499.0 334624.
030  2 49 48 0.32 100.17  28.20 -3.12 1757   49.52   458.5  209454.   2.63   3.68   0.00   0.00    0.00  0.00  0.00  0.00  -1.00   -1.0        -1.  40.43  451.4 202652.
030  3 33 00 0.32 100.33  27.97 -3.10 1757   43.68   455.7  129016.   1.47  -1.53   0.00   0.00    0.00  0.00  0.00  0.00   5.87  451.4    562009.  37.08  449.8 126047.
030  4 16 12 0.32 100.50  27.73 -3.08 1757   50.25   487.3  399950.  -8.05   0.00   0.00   0.00    0.00  0.00  0.00  0.00  -1.00   -1.0        -1.  39.90  493.0 343726.
030  4 59 24 0.32 100.66  27.51 -3.05 1757   44.88   453.7  166409.  -2.29  -1.72   0.00   0.00    0.00  0.00  0.00  0.00  -1.00   -1.0        -1.  37.70  458.3 184944.
030  5 42 36 0.32 100.83  27.27 -3.03 1757   51.68   458.2  166155.  -1.43  -0.23   0.00   0.00    0.00  0.00  0.00  0.00  -1.00   -1.0        -1.  40.84  456.1 144264.
030  6 25 48 0.32 100.99  27.05 -3.01 1757   54.16   464.2  235247.  -7.08   0.00   0.00   0.00    0.00  0.00  0.00  0.00  -1.00   -1.0        -1.  43.34  469.7 297107.
030  7 09 00 0.32 101.16  26.82 -2.99 1757   47.99   455.4  177964.  -0.71  -0.19   0.00   0.00    0.00  0.00  0.00  0.00   0.56  642.2    764115.  37.18  451.4 175362.
030  7 52 12 0.32 101.33  26.60 -2.96 1757   36.67   469.9  197799.   0.00   0.00   0.00   0.00    0.00  0.00  0.00  0.00  -1.00   -1.0        -1.  27.41  459.9 121996.
030  9 06 03 0.32 101.62  26.20 -2.92 1757   45.42   475.7  150936.   0.00   0.00   0.00   0.00    0.00  0.00  0.00  0.00  -1.00   -1.0        -1.  -1.00   -1.0     -1.
030  9 08 27 0.32 101.62  26.19 -2.92 1757   50.49   486.1  481136.  -5.12   4.60   0.00   0.00    0.00  0.00  0.00  0.00  -1.00   -1.0        -1.  40.38  486.3 434156.
030  9 11 12 0.32 101.63  26.17 -2.92 1757   46.06   491.9  472235.   5.06   0.51   0.00   0.00    0.00  0.00  0.00  0.00  -1.00   -1.0        -1.  35.65  489.6 541258.
030  9 13 54 0.32 101.64  26.16 -2.92 1757   41.88   442.9  195050.   5.05   0.83   0.00   0.00    0.00  0.00  0.00  0.00  -1.00   -1.0        -1.  35.77  437.4 247494.
030  9 16 36 0.32 101.65  26.15 -2.92 1757   39.01   496.5  250096.   7.53   3.05   0.00   0.00    0.00  0.00  0.00  0.00  -1.00   -1.0        -1.  31.94  484.1 231576.
030  9 19 18 0.32 101.67  26.13 -2.92 1757   53.00   492.7  327717.   4.28   5.14   0.00   0.00    0.00  0.00  0.00  0.00  -1.00   -1.0        -1.  41.40  485.7 396858.
030  9 21 57 0.32 101.67  26.12 -2.92 1757   53.70   489.8  456717.   0.00   0.00   0.00   0.00    0.00  0.00  0.00  0.00  -1.00   -1.0        -1.  42.68  485.0 431938.
030 11 44 10 0.32 102.23  25.37 -2.84 1757   61.30   395.4  492577.  -2.54  -7.13   0.00   0.00    0.00  0.00  0.00  0.00  -1.00   -1.0        -1.  43.64  371.1 127970.
030 11 46 52 0.32 102.24  25.35 -2.84 1757   64.64   407.7  414714.  -4.60  -4.79   0.00   0.00    0.00  0.00  0.00  0.00  -1.00   -1.0        -1.  60.08  411.6 472722.
030 11 49 34 0.32 102.25  25.34 -2.84 1757   52.99   395.2  189057.  -1.53 -11.68   0.00   0.00    0.00  0.00  0.00  0.00  -1.00   -1.0        -1.  44.01  394.8 159006.
030 11 52 16 0.32 102.26  25.33 -2.84 1757   54.26   378.4  115619.   3.99   3.02   0.00   0.00    0.00  0.00  0.00  0.00  -1.00   -1.0        -1.  44.59  370.0  94836.
030 11 55 00 0.32 102.27  25.32 -2.84 1757   54.44   369.1  130620.  -5.37   3.05   0.00   0.00    0.00  0.00  0.00  0.00  -1.00   -1.0        -1.  45.15  370.5 117454.
030 11 57 42 0.32 102.28  25.29 -2.83 1757   51.24   381.1  156053.  -7.12  -5.11   0.00   0.00    0.00  0.00  0.00  0.00  -1.00   -1.0        -1.  44.84  384.6 144946.
030 12 00 24 0.32 102.29  25.28 -2.83 1757   59.11   394.3  286761.  -6.09 -10.47   0.00   0.00    0.00  0.00  0.00  0.00  -1.00   -1.0        -1.  49.39  399.5 244700.
030 12 03 06 0.32 102.30  25.27 -2.83 1757   54.33   380.4  155049.  -4.55  -3.59   0.00   0.00    0.00  0.00  0.00  0.00  -1.00   -1.0        -1.  45.46  382.3 144043.
030 12 05 48 0.32 102.31  25.25 -2.83 1757   50.51   369.6   95488.   0.08  -4.01   0.00   0.00    0.00  0.00  0.00  0.00   9.67  381.7    422806.  42.04  369.7 118296.
030 12 08 30 0.32 102.32  25.24 -2.83 1757   52.52   368.4  114778.  -2.67  -4.01   0.00   0.00    0.00  0.00  0.00  0.00  -1.00   -1.0        -1.  43.18  368.0  98743.
030 12 11 12 0.32 102.33  25.23 -2.83 1757   49.80   368.4   93770.   0.27  -2.66   0.00   0.00    0.00  0.00  0.00  0.00   8.34  371.9    256472.  41.40  369.3 116795.
030 12 19 18 0.32 102.36  25.18 -2.82 1757   64.41   385.6  363623.  -7.44  -2.94   0.00   0.00    0.00  0.00  0.00  0.00  -1.00   -1.0        -1.  47.22  378.7 143293.
030 12 22 00 0.32 102.38  25.17 -2.82 1757   59.43   400.8  416504.  -4.48  -6.20   0.00   0.00    0.00  0.00  0.00  0.00  -1.00   -1.0        -1.  48.78  402.8 375853.
030 12 24 42 0.32 102.38  25.16 -2.82 1757   58.26   398.0  336407.  -5.72   1.54   0.00   0.00    0.00  0.00  0.00  0.00  -1.00   -1.0        -1.  48.68  399.7 300762.
030 12 27 24 0.32 102.39  25.14 -2.82 1757   64.76   390.1  296386.  -5.69   6.35   0.00   0.00    0.00  0.00  0.00  0.00  -1.00   -1.0        -1.  53.56  395.5 377877.
030 12 30 06 0.32 102.41  25.13 -2.82 1757   83.30   483.4  352503.  10.36   7.67   0.00   0.00    0.00  0.00  0.00  0.00  -1.00   -1.0        -1.  66.70  470.5 317992.
030 12 32 48 0.32 102.41  25.11 -2.82 1757   65.93   380.0  205939.   0.01  -3.00   0.00   0.00    0.00  0.00  0.00  0.00  -1.00   -1.0        -1.  52.52  371.6 122288.
030 12 35 30 0.32 102.43  25.10 -2.81 1757   58.13   362.9  118634.  -2.75  -2.04   0.00   0.00    0.00  0.00  0.00  0.00  -1.00   -1.0        -1.  46.28  364.6 100267.
030 12 38 12 0.32 102.44  25.09 -2.81 1757   66.50   392.0  281053.   0.00  -0.31   0.00   0.00    0.00  0.00  0.00  0.00  -1.00   -1.0        -1.  54.74  389.1 267683.
030 12 40 54 0.32 102.45  25.07 -2.81 1757   60.50   375.6  285260.   0.00   0.00   0.00   0.00    0.00  0.00  0.00  0.00  -1.00   -1.0        -1.  46.52  360.6  95843.
030 12 43 36 0.32 102.46  25.06 -2.81 1757   62.46   426.5  225225.   0.00   0.00   0.00   0.00    0.00  0.00  0.00  0.00  -1.00   -1.0        -1.  50.94  424.3 204451.
030 12 46 18 0.32 102.47  25.05 -2.81 1757   67.41   399.8  234493.   8.18   0.88   0.00   0.00    0.00  0.00  0.00  0.00  -1.00   -1.0        -1.  52.33  386.7 203863.
030 12 49 00 0.32 102.48  25.03 -2.81 1757   60.31   418.3  310163.   9.08  -3.49   0.00   0.00    0.00  0.00  0.00  0.00  -1.00   -1.0        -1.  50.35  411.1 342777.
030 12 51 42 0.32 102.49  25.01 -2.81 1757   72.05   399.2  258493.   5.10   3.60   0.00   0.00    0.00  0.00  0.00  0.00  -1.00   -1.0        -1.  57.84  391.4 220307.
030 12 54 24 0.32 102.50  25.00 -2.80 1757   57.03   378.9  134512.   4.96   2.35   0.00   0.00    0.00  0.00  0.00  0.00  -1.00   -1.0        -1.  45.37  369.4 123948.
030 12 57 06 0.32 102.51  24.99 -2.80 1757   68.62   438.4  244284.   8.01   4.92   0.00   0.00    0.00  0.00  0.00  0.00  -1.00   -1.0        -1.  55.95  425.0 242994.
030 12 59 48 0.32 102.52  24.97 -2.80 1757   57.54   403.6  283308.   5.56   7.15   0.00   0.00    0.00  0.00  0.00  0.00  -1.00   -1.0        -1.  43.66  392.3 206582.
030 13 02 30 0.32 102.53  24.96 -2.80 1757   64.20   417.5  230887.   9.02   3.12   0.00   0.00    0.00  0.00  0.00  0.00  -1.00   -1.0        -1.  53.65  403.7 212511.
030 13 05 12 0.32 102.54  24.94 -2.80 1757   63.32   434.9  169735.  11.65   1.07   0.00   0.00    0.00  0.00  0.00  0.00  -1.00   -1.0        -1.  52.04  420.3 190376.
030 13 07 54 0.32 102.55  24.93 -2.80 1757   64.59   475.0  214837.  11.82  -1.21   0.00   0.00    0.00  0.00  0.00  0.00  -1.00   -1.0        -1.  54.11  458.4 211484.
030 13 10 36 0.32 102.56  24.91 -2.80 1757   63.49   408.0  458010.  -6.23   5.29   0.00   0.00    0.00  0.00  0.00  0.00  -1.00   -1.0        -1.  53.02  410.1 412837.
030 13 13 18 0.32 102.57  24.90 -2.79 1757   56.84   424.9  440491.   1.72   4.10   0.00   0.00    0.00  0.00  0.00  0.00  -1.00   -1.0        -1.  46.59  418.6 411330.
030 13 16 00 0.32 102.59  24.89 -2.79 1757  100.73   456.2  836036.   0.49   4.79   0.00   0.00    0.00  0.00  0.00  0.00  71.03  363.5    381759.  84.28  458.4 852948.
030 13 18 42 0.32 102.59  24.87 -2.79 1757   67.52   474.4  383331.   6.19   4.15   0.00   0.00    0.00  0.00  0.00  0.00  -1.00   -1.0        -1.  54.37  464.9 353601.
030 13 21 24 0.32 102.61  24.86 -2.79 1757   63.42   441.0  418687.   5.01   3.37   0.00   0.00    0.00  0.00  0.00  0.00  -1.00   -1.0        -1.  52.28  434.7 471845.
030 13 24 06 0.32 102.62  24.84 -2.79 1757   61.53   463.9  354897.   8.91  -3.20   0.00   0.00    0.00  0.00  0.00  0.00  -1.00   -1.0        -1.  48.30  448.7 363256.
030 13 26 48 0.32 102.62  24.83 -2.79 1757   52.90   525.0  265324.   7.14   2.70   0.00   0.00    0.00  0.00  0.00  0.00  -1.00   -1.0        -1.  45.35  515.4 295840.
030 13 29 30 0.32 102.64  24.82 -2.78 1757   55.96   432.8  343664.   6.52   0.66   0.00   0.00    0.00  0.00  0.00  0.00  -1.00   -1.0        -1.  45.31  425.5 407633.
030 13 32 12 0.32 102.65  24.80 -2.78 1757   59.46   409.1  490930.   0.54   4.17   0.00   0.00    0.00  0.00  0.00  0.00  -1.00   -1.0        -1.  52.84  405.7 451919.
030 13 34 54 0.32 102.66  24.79 -2.78 1757   59.25   434.8  453550.   6.36   0.00   0.00   0.00    0.00  0.00  0.00  0.00  -1.00   -1.0        -1.  49.12  423.5 432061.
030 13 37 36 0.32 102.67  24.78 -2.78 1757   59.09   454.8  319142.  10.01   1.12   0.00   0.00    0.00  0.00  0.00  0.00  -1.00   -1.0        -1.  49.78  436.8 320805.
030 13 40 18 0.32 102.68  24.76 -2.78 1757   55.01   448.9  271834.   7.55   4.19   0.00   0.00    0.00  0.00  0.00  0.00  -1.00   -1.0        -1.  45.55  437.7 316783.
030 13 43 00 0.32 102.69  24.75 -2.78 1757   54.58   441.0  332785.   8.15   2.04   0.00   0.00    0.00  0.00  0.00  0.00  -1.00   -1.0        -1.  44.48  426.0 334796.
030 13 45 42 0.32 102.70  24.73 -2.78 1757   67.61   448.9  478859.   6.43   4.21   0.00   0.00    0.00  0.00  0.00  0.00  -1.00   -1.0        -1.  54.72  439.7 450054.
030 13 48 24 0.32 102.71  24.72 -2.77 1757   59.55   405.6  533670.  -1.98   0.00   0.00   0.00    0.00  0.00  0.00  0.00  -1.00   -1.0        -1.  49.17  402.1 508023.
030 13 51 06 0.32 102.72  24.71 -2.77 1757   65.24   398.4  393203.   6.39  -2.66   0.00   0.00    0.00  0.00  0.00  0.00  -1.00   -1.0        -1.  52.22  387.1 375502.
030 13 51 25 0.32 102.72  24.70 -2.77 1757   50.50   362.5   90908.  -2.39  -0.38   0.00   0.00    0.00  0.00  0.00  0.00  -1.00   -1.0        -1.  41.75  361.6  83381.
030 14 01 16 0.32 102.76  24.65 -2.77 1757   54.62   367.5  113465.   0.00   0.43   0.00   0.00    0.00  0.00  0.00  0.00  -1.00   -1.0        -1.  46.62  365.5  95657.
030 14 12 04 0.32 102.80  24.59 -2.76 1757   55.43   362.0   92935.  -3.66  -0.89   0.00   0.00    0.00  0.00  0.00  0.00   4.93  377.9    372884.  45.46  362.7  85451.
030 14 22 52 0.32 102.84  24.54 -2.76 1757   53.22   396.5  175371.   0.00   0.00   0.00   0.00    0.00  0.00  0.00  0.00  -1.00   -1.0        -1.  43.50  398.3 189928.
030 14 34 37 0.32 102.89  24.48 -2.75 1757   55.84   376.1  115502.   4.56  -0.85   0.00   0.00    0.00  0.00  0.00  0.00  -1.00   -1.0        -1.  44.68  368.5 101920.
030 15 17 49 0.32 103.06  24.25 -2.73 1757   60.09   388.6  232778.   5.80   3.12   0.00   0.00    0.00  0.00  0.00  0.00  -1.00   -1.0        -1.  48.05  379.7 197146.
030 16 01 01 0.32 103.23  24.03 -2.70 1757   52.70   428.3  483260.  -4.25  -2.46   0.00   0.00    0.00  0.00  0.00  0.00  -1.00   -1.0        -1.  42.48  429.4 414916.
030 16 44 13 0.32 103.40  23.80 -2.68 1757   78.17   404.9  274907.   0.00  -5.79   0.00   0.00    0.00  0.00  0.00  0.00  -1.00   -1.0        -1.  68.46  401.4 255436.
030 17 27 25 0.32 103.57  23.57 -2.66 1757   70.41   458.5  324706.   1.08  -4.11   0.00   0.00    0.00  0.00  0.00  0.00  -1.00   -1.0        -1.  54.02  450.9 217462.
030 18 10 37 0.32 103.74  23.34 -2.63 1757   49.36   542.5  206962.   5.99  -4.06   0.00   0.00    0.00  0.00  0.00  0.00  -1.00   -1.0        -1.  38.63  528.5 195050.
030 18 53 49 0.32 103.90  23.12 -2.61 1757   55.39   483.5  304962.   5.39   2.61   0.00   0.00    0.00  0.00  0.00  0.00  -1.00   -1.0        -1.  44.29  472.7 290581.
030 19 37 01 0.32 104.08  22.90 -2.59 1757   54.03   493.0  536561.   6.96  -0.55   0.00   0.00    0.00  0.00  0.00  0.00  -1.00   -1.0        -1.  42.53  481.5 525445.
030 20 20 13 0.32 104.25  22.67 -2.56 1757   63.65   477.8  406830.   5.26  -1.96   0.00   0.00    0.00  0.00  0.00  0.00  -1.00   -1.0        -1.  50.14  472.6 430622.
030 21 03 25 0.32 104.42  22.45 -2.54 1757   66.53   493.7  324375.   5.49  -0.26   0.00   0.00    0.00  0.00  0.00  0.00  -1.00   -1.0        -1.  55.15  480.2 291312.
030 21 46 37 0.32 104.59  22.22 -2.52 1757   67.08   466.0  270805.  -8.49  -0.11   0.00   0.00    0.00  0.00  0.00  0.00  -1.00   -1.0        -1.  52.90  470.0 223471.
030 22 29 49 0.32 104.76  22.00 -2.49 1757   80.53   471.0  308162.  -2.72   6.61   0.00   0.00    0.00  0.00  0.00  0.00  -1.00   -1.0        -1.  63.37  468.9 296760.
030 23 13 01 0.32 104.93  21.77 -2.47 1757   75.38   504.8  337684.  -6.82   0.60   0.00   0.00    0.00  0.00  0.00  0.00  -1.00   -1.0        -1.  61.36  507.1 319047.
030 23 56 13 0.32 105.10  21.55 -2.44 1757   77.19   519.5  405404.  -4.84   2.34   0.00   0.00    0.00  0.00  0.00  0.00  -1.00   -1.0        -1.  64.22  517.1 381187.
