1985/216   rh    esh  clong  clat crot    np1     vp1     Tp1   vaz   vel     Bx     By     Bz  sBx  sBy  sBz   nal   val     Tal   np2   vp2     Tp2
hh:mm:ss [AU]  [deg]  [deg] [deg]    # [cm-3]  [km/s]     [K] [deg] [deg]   [nT]   [nT]   [nT] [nT] [nT] [nT][cm-3][km/s]     [K][cm-3][km/s]     [K]
 0:02:08 0.36 253.67 245.83 -5.59 1765  34.06   547.8 383952. -5.83  3.70   0.00   0.00   0.00 0.00 0.00 0.00 -1.00  -1.0     -1. 29.43 547.6 363538.
 0:45:20 0.36 253.80 245.56 -5.58 1765  32.15   530.7 238697. -2.14 -2.10   0.00   0.00   0.00 0.00 0.00 0.00 -1.00  -1.0     -1. 27.06 529.1 192949.
 1:28:33 0.36 253.93 245.29 -5.57 1765  34.13   526.4 262661. -3.62  0.75   0.00   0.00   0.00 0.00 0.00 0.00  0.28 723.0 617259. 28.66 526.6 255894.
 2:11:45 0.36 254.06 245.03 -5.55 1765  31.49   540.8 405882.  5.58  0.00   0.00   0.00   0.00 0.00 0.00 0.00 -1.00  -1.0     -1. 26.24 528.6 371412.
 2:54:57 0.36 254.19 244.77 -5.54 1765  36.40   531.2 467947. -1.31 -1.10   0.00   0.00   0.00 0.00 0.00 0.00  0.23 706.8 887947. 29.74 530.2 407734.
 3:38:09 0.36 254.32 244.50 -5.53 1765  38.87   474.4 156504.  5.77  1.86   0.00   0.00   0.00 0.00 0.00 0.00 -1.00  -1.0     -1. 32.12 467.6 192445.
 4:21:21 0.36 254.45 244.23 -5.51 1765  37.57   505.7 322916.  6.23  0.36   0.00   0.00   0.00 0.00 0.00 0.00 -1.00  -1.0     -1. 31.82 501.0 354605.
 5:04:33 0.36 254.58 243.96 -5.50 1765  -1.00    -1.0     -1. -1.00 -1.00   0.00   0.00   0.00 0.00 0.00 0.00 -1.00  -1.0     -1. 29.68 500.2 329225.
 5:47:45 0.36 254.71 243.71 -5.49 1765  37.58   505.4 397251.  4.61 -0.48   0.00   0.00   0.00 0.00 0.00 0.00 -1.00  -1.0     -1. 31.98 498.3 354326.
 6:30:57 0.36 254.84 243.44 -5.47 1765  40.53   504.4 299079.  2.99  3.06   0.00   0.00   0.00 0.00 0.00 0.00 -1.00  -1.0     -1. 32.83 498.3 257366.
 7:14:09 0.35 254.98 243.17 -5.46 1765  44.73   490.8 210497.  4.63  3.81   0.00   0.00   0.00 0.00 0.00 0.00 -1.00  -1.0     -1. 37.46 488.4 235877.
 7:57:21 0.35 255.11 242.91 -5.45 1765  42.59   500.3 349329.  3.53  2.50   0.00   0.00   0.00 0.00 0.00 0.00 -1.00  -1.0     -1. 35.97 492.9 337473.
 8:40:33 0.35 255.24 242.64 -5.43 1765  43.33   485.8 318787.  3.33 -3.34   0.00   0.00   0.00 0.00 0.00 0.00  0.65 604.2 842806. 36.96 478.0 302045.
 9:23:45 0.35 255.38 242.38 -5.42 1765  44.38   493.4 342602. -0.25  4.62   0.00   0.00   0.00 0.00 0.00 0.00 -1.00  -1.0     -1. 37.30 486.6 331580.
10:06:57 0.35 255.51 242.12 -5.41 1765  37.30   513.0 263765.  4.07  7.57   0.00   0.00   0.00 0.00 0.00 0.00  0.60 588.1 612101. 31.72 506.8 314412.
10:50:09 0.35 255.65 241.86 -5.39 1765  32.12   485.6 181407.  0.00  2.53   0.00   0.00   0.00 0.00 0.00 0.00 -1.00  -1.0     -1. 25.91 483.7 158028.
11:33:21 0.35 255.78 241.59 -5.38 1765  41.82   492.9 249391. -6.82 -0.70   0.00   0.00   0.00 0.00 0.00 0.00 -1.00  -1.0     -1. 36.56 496.5 306063.
12:16:33 0.35 255.91 241.33 -5.37 1765  39.07   462.6 157456. -4.04 -4.03   0.00   0.00   0.00 0.00 0.00 0.00 -1.00  -1.0     -1. 34.70 466.3 197769.
12:59:45 0.35 256.05 241.06 -5.35 1765  42.61   514.4 337131.-11.00  1.85   0.00   0.00   0.00 0.00 0.00 0.00 -1.00  -1.0     -1. 36.81 521.3 294288.
13:42:57 0.35 256.18 240.80 -5.34 1765  47.17   491.1 320116. -7.19 -2.14   0.00   0.00   0.00 0.00 0.00 0.00 -1.00  -1.0     -1. 39.27 494.2 273731.
14:26:09 0.35 256.32 240.54 -5.32 1765  53.48   509.7 441401. -0.71  0.04   0.00   0.00   0.00 0.00 0.00 0.00 -1.00  -1.0     -1. 43.88 506.6 404950.
15:09:21 0.35 256.45 240.28 -5.31 1765  49.93   517.7 507513. -5.39  0.99   0.00   0.00   0.00 0.00 0.00 0.00 -1.00  -1.0     -1. 41.08 519.4 456990.
15:52:33 0.35 256.59 240.02 -5.30 1765  43.80   501.7 274254.  1.76  2.91   0.00   0.00   0.00 0.00 0.00 0.00 -1.00  -1.0     -1. 36.94 499.6 327103.
16:35:45 0.35 256.72 239.75 -5.28 1765  53.34   533.6 495760. -0.32  0.00   0.00   0.00   0.00 0.00 0.00 0.00 -1.00  -1.0     -1. 45.60 532.6 452208.
19:05:54 0.35 257.20 238.85 -5.23 1765  54.34   512.8 366680. -6.39  1.84   0.00   0.00   0.00 0.00 0.00 0.00 -1.00  -1.0     -1. 46.44 515.3 354439.
19:06:34 0.35 257.20 238.85 -5.23 1765  56.22   509.5 347111. -5.44  4.50   0.00   0.00   0.00 0.00 0.00 0.00 -1.00  -1.0     -1. 46.73 516.2 368184.
19:06:53 0.35 257.20 238.85 -5.23 1765  54.74   528.5 313070.  0.00  0.00   0.00   0.00   0.00 0.00 0.00 0.00  0.61 627.9 689349. 46.78 526.9 345643.
19:07:34 0.35 257.20 238.84 -5.23 1765  54.71   517.9 359491. -7.51  0.33   0.00   0.00   0.00 0.00 0.00 0.00 -1.00  -1.0     -1. 45.04 519.9 344320.
19:08:14 0.35 257.21 238.84 -5.23 1765  58.37   524.0 311232. -8.12  2.68   0.00   0.00   0.00 0.00 0.00 0.00 -1.00  -1.0     -1. 48.62 531.1 364701.
19:08:55 0.35 257.21 238.83 -5.23 1765  54.57   508.8 370630. -5.24 -0.84   0.00   0.00   0.00 0.00 0.00 0.00 -1.00  -1.0     -1. 44.07 508.6 351610.
19:09:35 0.35 257.21 238.83 -5.23 1765  61.86   530.0 381249. -7.41 -2.78   0.00   0.00   0.00 0.00 0.00 0.00 -1.00  -1.0     -1. 51.37 534.6 372988.
19:10:16 0.35 257.21 238.83 -5.23 1765  52.04   565.3 239437. -9.68 -2.75   0.00   0.00   0.00 0.00 0.00 0.00 -1.00  -1.0     -1. 45.29 570.9 280264.
19:10:56 0.35 257.21 238.82 -5.23 1765  64.23   577.8 337447. -9.63 -2.49   0.00   0.00   0.00 0.00 0.00 0.00 -1.00  -1.0     -1. 52.40 587.9 327214.
19:11:37 0.35 257.22 238.82 -5.23 1765  59.13   545.8 308795. -9.32 -1.50   0.00   0.00   0.00 0.00 0.00 0.00 -1.00  -1.0     -1. 50.20 552.8 341592.
19:12:17 0.35 257.22 238.81 -5.23 1765  51.28   552.4 307447. -9.59  1.68   0.00   0.00   0.00 0.00 0.00 0.00 -1.00  -1.0     -1. 44.27 558.1 309546.
19:12:58 0.35 257.22 238.81 -5.23 1765  58.56   530.8 348852.-10.26  0.47   0.00   0.00   0.00 0.00 0.00 0.00 -1.00  -1.0     -1. 46.89 537.8 309182.
19:13:38 0.35 257.22 238.81 -5.23 1765  57.50   521.4 318284. -8.23 -0.14   0.00   0.00   0.00 0.00 0.00 0.00 -1.00  -1.0     -1. 47.63 527.3 360085.
19:14:19 0.35 257.23 238.80 -5.23 1765  59.91   512.5 369580. -3.20  2.78   0.00   0.00   0.00 0.00 0.00 0.00 -1.00  -1.0     -1. 51.64 509.5 336608.
19:14:59 0.35 257.23 238.80 -5.23 1765  57.87   505.2 352334. -0.22  0.81   0.00   0.00   0.00 0.00 0.00 0.00 -1.00  -1.0     -1. 48.08 500.3 301753.
19:15:40 0.35 257.23 238.79 -5.23 1765  55.75   509.8 385650. -4.51  1.49   0.00   0.00   0.00 0.00 0.00 0.00 -1.00  -1.0     -1. 45.62 508.4 362970.
19:16:20 0.35 257.23 238.79 -5.23 1765  61.82   516.1 345344. -6.84 -1.24   0.00   0.00   0.00 0.00 0.00 0.00 -1.00  -1.0     -1. 52.24 522.6 358318.
19:17:01 0.35 257.24 238.79 -5.23 1765  50.92   539.4 287693. -9.89  0.20   0.00   0.00   0.00 0.00 0.00 0.00 -1.00  -1.0     -1. 42.27 542.2 283139.
19:17:41 0.35 257.24 238.78 -5.23 1765  51.03   520.5 285760. -7.77  0.67   0.00   0.00   0.00 0.00 0.00 0.00 -1.00  -1.0     -1. 42.69 526.0 345883.
19:18:22 0.35 257.24 238.78 -5.23 1765  55.82   542.6 307350.-10.32 -1.31   0.00   0.00   0.00 0.00 0.00 0.00 -1.00  -1.0     -1. 47.33 551.7 359841.
19:19:02 0.35 257.24 238.77 -5.23 1765  56.97   516.4 320532. -4.87 -3.60   0.00   0.00   0.00 0.00 0.00 0.00 -1.00  -1.0     -1. 49.68 517.6 373846.
19:19:43 0.35 257.24 238.77 -5.23 1765  57.02   511.6 374495. -6.71 -0.10   0.00   0.00   0.00 0.00 0.00 0.00 -1.00  -1.0     -1. 46.96 512.4 357087.
19:20:23 0.35 257.24 238.77 -5.23 1765  53.33   505.0 357382. -3.46 -2.70   0.00   0.00   0.00 0.00 0.00 0.00 -1.00  -1.0     -1. 45.26 509.1 395792.
19:21:04 0.35 257.25 238.76 -5.23 1765  52.11   511.9 385316. -3.69  0.00   0.00   0.00   0.00 0.00 0.00 0.00 -1.00  -1.0     -1. 44.33 510.9 355586.
19:21:44 0.35 257.25 238.76 -5.23 1765  59.32   505.0 355271. -4.32  1.27   0.00   0.00   0.00 0.00 0.00 0.00 -1.00  -1.0     -1. 50.88 509.0 376064.
19:22:25 0.35 257.25 238.75 -5.23 1765  55.21   507.3 392037. -3.10  2.77   0.00   0.00   0.00 0.00 0.00 0.00 -1.00  -1.0     -1. 45.33 506.4 377260.
19:23:05 0.35 257.25 238.75 -5.23 1765  55.92   501.8 363490. -2.93  2.17   0.00   0.00   0.00 0.00 0.00 0.00 -1.00  -1.0     -1. 46.72 505.5 397472.
19:23:46 0.35 257.25 238.75 -5.23 1765  55.60   504.5 397878. -2.49  0.69   0.00   0.00   0.00 0.00 0.00 0.00 -1.00  -1.0     -1. 45.89 502.3 372088.
19:24:26 0.35 257.26 238.74 -5.23 1765  55.78   512.9 347211. -6.96 -1.95   0.00   0.00   0.00 0.00 0.00 0.00 -1.00  -1.0     -1. 46.19 520.2 371510.
19:25:07 0.35 257.26 238.74 -5.23 1765  55.77   509.8 354722. -4.92 -2.25   0.00   0.00   0.00 0.00 0.00 0.00 -1.00  -1.0     -1. 46.58 509.8 338558.
19:25:47 0.35 257.26 238.73 -5.23 1765  51.34   512.8 334737. -6.12 -1.59   0.00   0.00   0.00 0.00 0.00 0.00 -1.00  -1.0     -1. 43.47 518.2 345246.
19:26:28 0.35 257.26 238.73 -5.23 1765  58.43   516.3 357909. -6.68 -2.43   0.00   0.00   0.00 0.00 0.00 0.00 -1.00  -1.0     -1. 48.18 518.1 337437.
19:27:08 0.35 257.27 238.73 -5.22 1765  57.78   506.5 358305. -1.50 -2.87   0.00   0.00   0.00 0.00 0.00 0.00 -1.00  -1.0     -1. 47.33 508.2 392664.
19:27:49 0.35 257.27 238.72 -5.22 1765  56.48   504.7 385426. -4.54 -0.44   0.00   0.00   0.00 0.00 0.00 0.00 -1.00  -1.0     -1. 46.75 506.1 367082.
19:28:29 0.35 257.27 238.72 -5.22 1765  55.20   502.9 350746. -6.19 -1.44   0.00   0.00   0.00 0.00 0.00 0.00 -1.00  -1.0     -1. 44.82 511.7 370786.
19:29:10 0.35 257.27 238.71 -5.22 1765  59.91   507.1 354615. -4.96 -3.08   0.00   0.00   0.00 0.00 0.00 0.00 -1.00  -1.0     -1. 48.19 507.9 344337.
19:29:50 0.35 257.27 238.71 -5.22 1765  57.83   509.2 330670. -4.56 -4.04   0.00   0.00   0.00 0.00 0.00 0.00 -1.00  -1.0     -1. 47.45 514.1 354611.
19:30:31 0.35 257.28 238.71 -5.22 1765  51.49   523.6 316244. -5.61 -4.47   0.00   0.00   0.00 0.00 0.00 0.00 -1.00  -1.0     -1. 44.59 526.1 287612.
19:31:11 0.35 257.28 238.70 -5.22 1765  56.14   508.8 337317. -4.34 -3.51   0.00   0.00   0.00 0.00 0.00 0.00 -1.00  -1.0     -1. 49.45 512.2 349853.
19:31:52 0.35 257.28 238.69 -5.22 1765  55.63   504.7 356034. -2.78 -3.14   0.00   0.00   0.00 0.00 0.00 0.00 -1.00  -1.0     -1. 47.12 504.8 345009.
19:32:32 0.35 257.28 238.69 -5.22 1765  54.46   500.4 324378. -2.62 -3.16   0.00   0.00   0.00 0.00 0.00 0.00 -1.00  -1.0     -1. 43.78 499.8 286686.
19:33:13 0.35 257.29 238.69 -5.22 1765  53.02   501.2 273683. -5.49 -1.27   0.00   0.00   0.00 0.00 0.00 0.00 -1.00  -1.0     -1. 45.35 506.1 332025.
19:33:53 0.35 257.29 238.68 -5.22 1765  56.75   500.9 343180. -4.00 -1.86   0.00   0.00   0.00 0.00 0.00 0.00 -1.00  -1.0     -1. 47.01 501.9 299073.
19:34:34 0.35 257.29 238.68 -5.22 1765  53.43   513.5 351685. -5.27 -3.89   0.00   0.00   0.00 0.00 0.00 0.00 -1.00  -1.0     -1. 44.29 515.7 347403.
19:35:14 0.35 257.29 238.68 -5.22 1765  57.66   495.6 325353. -3.07 -0.64   0.00   0.00   0.00 0.00 0.00 0.00 -1.00  -1.0     -1. 46.79 496.1 285150.
19:35:55 0.35 257.29 238.68 -5.22 1765  48.49   514.2 387418. -4.12 -2.45   0.00   0.00   0.00 0.00 0.00 0.00 -1.00  -1.0     -1. 42.38 514.9 325141.
19:36:35 0.35 257.30 238.67 -5.22 1765  74.35   534.7 611604. -5.53 -2.10   0.00   0.00   0.00 0.00 0.00 0.00 -1.00  -1.0     -1. 68.35 544.0 586327.
19:37:16 0.35 257.30 238.67 -5.22 1765  62.59   539.9 308500. -6.16 -1.12   0.00   0.00   0.00 0.00 0.00 0.00 -1.00  -1.0     -1. 52.07 539.5 311443.
19:37:56 0.35 257.30 238.66 -5.22 1765  54.78   504.6 391261. -4.91  2.24   0.00   0.00   0.00 0.00 0.00 0.00 -1.00  -1.0     -1. 45.59 510.7 429524.
19:38:37 0.35 257.30 238.65 -5.22 1765  55.78   615.5 356580. -3.13 -3.52   0.00   0.00   0.00 0.00 0.00 0.00 -1.00  -1.0     -1. 44.52 617.1 281492.
19:39:17 0.35 257.30 238.66 -5.22 1765  58.33   602.8 382402. -4.87 -4.20   0.00   0.00   0.00 0.00 0.00 0.00 -1.00  -1.0     -1. 47.75 606.8 350440.
19:39:58 0.35 257.30 238.65 -5.22 1765  57.53   597.5 313808. -7.03 -4.16   0.00   0.00   0.00 0.00 0.00 0.00 -1.00  -1.0     -1. 49.58 599.3 309474.
19:40:38 0.35 257.31 238.64 -5.22 1765  53.18   595.0 267592. -5.82 -5.40   0.00   0.00   0.00 0.00 0.00 0.00 -1.00  -1.0     -1. 44.52 599.0 307129.
19:41:19 0.35 257.31 238.64 -5.22 1765  50.83   602.0 299599. -7.54 -3.83   0.00   0.00   0.00 0.00 0.00 0.00 -1.00  -1.0     -1. 41.29 606.8 244528.
19:41:59 0.35 257.31 238.63 -5.22 1765  52.96   614.5 320538. -6.04 -2.85   0.00   0.00   0.00 0.00 0.00 0.00 -1.00  -1.0     -1. 42.34 615.3 340978.
19:42:40 0.35 257.31 238.63 -5.22 1765  54.25   596.1 305189. -6.67 -5.21   0.00   0.00   0.00 0.00 0.00 0.00 -1.00  -1.0     -1. 45.65 597.5 306102.
19:43:20 0.35 257.32 238.63 -5.22 1765  60.04   580.6 301285. -7.00 -6.05   0.00   0.00   0.00 0.00 0.00 0.00 -1.00  -1.0     -1. 49.02 588.3 315175.
19:44:01 0.35 257.32 238.63 -5.22 1765  55.19   551.8 289753. -5.45 -8.44   0.00   0.00   0.00 0.00 0.00 0.00 -1.00  -1.0     -1. 48.46 556.7 328098.
19:44:41 0.35 257.32 238.62 -5.22 1765  58.90   567.6 357282. -7.73 -1.64   0.00   0.00   0.00 0.00 0.00 0.00 16.64 462.2 166282. 56.02 574.7 388707.
19:45:22 0.35 257.32 238.61 -5.22 1765  52.54   560.9 274254. -6.65 -1.97   0.00   0.00   0.00 0.00 0.00 0.00 -1.00  -1.0     -1. 44.46 570.1 279286.
19:46:02 0.35 257.33 238.62 -5.22 1765  53.03   602.0 354105. -5.92  2.86   0.00   0.00   0.00 0.00 0.00 0.00 -1.00  -1.0     -1. 44.52 610.1 353289.
19:46:43 0.35 257.33 238.61 -5.22 1765  59.78   518.8 299086. -1.90 -8.85   0.00   0.00   0.00 0.00 0.00 0.00 -1.00  -1.0     -1. 52.40 520.4 309539.
19:47:23 0.35 257.33 238.60 -5.22 1765  54.67   576.0 291231. -5.55 -1.90   0.00   0.00   0.00 0.00 0.00 0.00 -1.00  -1.0     -1. 45.43 581.2 246496.
19:48:04 0.35 257.33 238.60 -5.22 1765  59.70   536.0 331291. -8.52 -0.64   0.00   0.00   0.00 0.00 0.00 0.00 -1.00  -1.0     -1. 50.22 543.1 280258.
19:48:44 0.35 257.33 238.59 -5.22 1765  55.50   545.2 284636. -4.00 -9.02   0.00   0.00   0.00 0.00 0.00 0.00 -1.00  -1.0     -1. 49.86 542.4 300755.
19:49:25 0.35 257.34 238.59 -5.22 1765  49.02   527.6 282967. -5.61 -2.86   0.00   0.00   0.00 0.00 0.00 0.00 -1.00  -1.0     -1. 41.34 529.4 267407.
19:50:04 0.35 257.34 238.59 -5.22 1765  53.66   538.6 341267. -5.55 -3.18   0.00   0.00   0.00 0.00 0.00 0.00 -1.00  -1.0     -1. 47.52 541.3 348180.
19:50:46 0.35 257.34 238.58 -5.22 1765  55.04   545.9 311845. -4.80 -2.97   0.00   0.00   0.00 0.00 0.00 0.00 -1.00  -1.0     -1. 48.01 547.6 354426.
19:51:26 0.35 257.34 238.58 -5.22 1765  56.90   527.1 451851.  0.75  1.78   0.00   0.00   0.00 0.00 0.00 0.00 -1.00  -1.0     -1. 46.37 524.6 411430.
19:52:06 0.35 257.35 238.57 -5.22 1765  60.29   532.0 381067. -4.51 -5.06   0.00   0.00   0.00 0.00 0.00 0.00 -1.00  -1.0     -1. 52.81 534.7 417437.
19:52:46 0.35 257.35 238.57 -5.22 1765  61.10   529.6 425733. -3.39 -5.39   0.00   0.00   0.00 0.00 0.00 0.00 -1.00  -1.0     -1. 51.03 531.5 393245.
19:54:07 0.35 257.35 238.56 -5.22 1765  55.73   506.9 387989. -2.79 -1.03   0.00   0.00   0.00 0.00 0.00 0.00 -1.00  -1.0     -1. 48.49 511.4 425022.
19:54:49 0.35 257.35 238.56 -5.22 1765  58.70   507.1 423914. -3.51 -0.63   0.00   0.00   0.00 0.00 0.00 0.00 -1.00  -1.0     -1. 48.09 505.5 396734.
19:55:29 0.35 257.36 238.55 -5.22 1765  53.39   504.0 353475. -6.19  0.01   0.00   0.00   0.00 0.00 0.00 0.00 -1.00  -1.0     -1. 45.03 512.4 377240.
19:56:10 0.35 257.36 238.55 -5.22 1765  57.31   505.3 431704. -4.10  2.34   0.00   0.00   0.00 0.00 0.00 0.00 -1.00  -1.0     -1. 47.16 505.9 397222.
19:56:50 0.35 257.36 238.55 -5.22 1765  55.31   496.8 367706. -3.23  1.32   0.00   0.00   0.00 0.00 0.00 0.00 -1.00  -1.0     -1. 46.73 503.6 438730.
19:57:31 0.35 257.36 238.54 -5.21 1765  55.32   498.1 361482. -2.72  2.49   0.00   0.00   0.00 0.00 0.00 0.00 -1.00  -1.0     -1. 46.07 497.2 338012.
19:58:11 0.35 257.37 238.54 -5.21 1765  55.55   498.1 304208. -3.07  5.13   0.00   0.00   0.00 0.00 0.00 0.00 -1.00  -1.0     -1. 44.66 497.7 270951.
19:58:52 0.35 257.37 238.54 -5.21 1765  55.02   500.7 363746. -4.94  0.57   0.00   0.00   0.00 0.00 0.00 0.00  0.51 617.0 511138. 46.23 501.7 333815.
19:59:32 0.35 257.37 238.53 -5.21 1765  55.22   500.0 347748. -0.73 -2.04   0.00   0.00   0.00 0.00 0.00 0.00 -1.00  -1.0     -1. 45.54 497.6 299521.
20:00:13 0.35 257.37 238.53 -5.21 1765  55.21   502.7 370662. -4.86  0.68   0.00   0.00   0.00 0.00 0.00 0.00 -1.00  -1.0     -1. 46.07 504.4 345948.
20:00:53 0.35 257.37 238.52 -5.21 1765  56.84   497.2 327964. -4.60  1.12   0.00   0.00   0.00 0.00 0.00 0.00 -1.00  -1.0     -1. 45.35 497.5 281330.
20:01:34 0.35 257.37 238.52 -5.21 1765  57.50   495.8 271243. -2.72  0.58   0.00   0.00   0.00 0.00 0.00 0.00 -1.00  -1.0     -1. 48.09 498.5 321133.
20:02:14 0.35 257.38 238.52 -5.21 1765  56.77   496.0 302737. -2.31  1.38   0.00   0.00   0.00 0.00 0.00 0.00 -1.00  -1.0     -1. 46.67 494.4 263586.
20:02:55 0.35 257.38 238.51 -5.21 1765  56.08   495.5 287882. -2.30 -0.53   0.00   0.00   0.00 0.00 0.00 0.00 -1.00  -1.0     -1. 47.96 499.4 345954.
20:03:35 0.35 257.38 238.51 -5.21 1765  57.02   506.9 329355. -6.37 -1.74   0.00   0.00   0.00 0.00 0.00 0.00 -1.00  -1.0     -1. 47.42 514.0 349963.
20:04:16 0.35 257.38 238.50 -5.21 1765  53.98   494.6 258564. -4.04 -0.61   0.00   0.00   0.00 0.00 0.00 0.00 -1.00  -1.0     -1. 44.38 494.0 233437.
20:04:56 0.35 257.38 238.49 -5.21 1765  55.67   494.6 298699. -4.49  0.72   0.00   0.00   0.00 0.00 0.00 0.00 -1.00  -1.0     -1. 45.75 496.0 259675.
20:05:37 0.35 257.39 238.50 -5.21 1765  55.07   495.4 267033. -4.12  1.04   0.00   0.00   0.00 0.00 0.00 0.00 -1.00  -1.0     -1. 46.94 499.0 324092.
20:06:17 0.35 257.39 238.49 -5.21 1765  61.31   497.5 338610. -0.98  0.88   0.00   0.00   0.00 0.00 0.00 0.00 -1.00  -1.0     -1. 48.74 495.1 285890.
20:06:58 0.35 257.39 238.48 -5.21 1765  59.61   500.6 372423. -0.21  1.56   0.00   0.00   0.00 0.00 0.00 0.00 -1.00  -1.0     -1. 48.36 496.7 346325.
20:07:38 0.35 257.39 238.48 -5.21 1765  59.24   498.1 329170. -0.33 -1.73   0.00   0.00   0.00 0.00 0.00 0.00 -1.00  -1.0     -1. 47.58 494.8 282834.
20:08:19 0.35 257.40 238.48 -5.21 1765  59.78   499.0 354456. -2.02 -0.69   0.00   0.00   0.00 0.00 0.00 0.00 -1.00  -1.0     -1. 50.28 497.4 333116.
20:08:59 0.35 257.40 238.48 -5.21 1765  55.94   506.8 329813.  1.06 -4.42   0.00   0.00   0.00 0.00 0.00 0.00 -1.00  -1.0     -1. 45.53 501.5 285777.
20:09:40 0.35 257.40 238.47 -5.21 1765  53.92   500.2 263206. -5.64  0.47   0.00   0.00   0.00 0.00 0.00 0.00 -1.00  -1.0     -1. 44.88 505.1 304251.
20:10:20 0.35 257.40 238.47 -5.21 1765  57.98   499.2 307616. -5.51 -0.05   0.00   0.00   0.00 0.00 0.00 0.00 -1.00  -1.0     -1. 46.30 500.8 272507.
20:46:06 0.35 257.52 238.25 -5.20 1765  57.38   494.9 413808. -5.40  3.66   0.00   0.00   0.00 0.00 0.00 0.00 -1.00  -1.0     -1. 47.05 496.1 382155.
20:46:46 0.35 257.52 238.24 -5.20 1765  58.44   492.9 329079. -4.53  2.75   0.00   0.00   0.00 0.00 0.00 0.00 -1.00  -1.0     -1. 47.63 492.5 316708.
20:47:27 0.35 257.52 238.24 -5.20 1765  62.56   491.7 259149. -4.56  2.37   0.00   0.00   0.00 0.00 0.00 0.00 -1.00  -1.0     -1. 51.71 491.2 240214.
20:48:07 0.35 257.52 238.24 -5.20 1765  56.32   488.2 325778. -5.00  1.64   0.00   0.00   0.00 0.00 0.00 0.00 -1.00  -1.0     -1. 46.48 488.6 306447.
20:48:49 0.35 257.52 238.24 -5.20 1765  53.56   490.7 300531. -6.02  2.80   0.00   0.00   0.00 0.00 0.00 0.00 -1.00  -1.0     -1. 44.15 498.3 337255.
20:49:29 0.35 257.53 238.23 -5.20 1765  51.60   496.1 313314. -5.10  0.48   0.00   0.00   0.00 0.00 0.00 0.00 -1.00  -1.0     -1. 40.77 498.5 279634.
20:50:09 0.35 257.53 238.23 -5.20 1765  55.73   492.1 288167. -6.01  0.39   0.00   0.00   0.00 0.00 0.00 0.00 -1.00  -1.0     -1. 47.07 499.3 324160.
20:50:50 0.35 257.53 238.22 -5.20 1765  53.56   493.6 304082. -5.09  0.72   0.00   0.00   0.00 0.00 0.00 0.00 -1.00  -1.0     -1. 43.30 495.5 261939.
20:51:31 0.35 257.53 238.22 -5.20 1765  52.24   500.9 263762.  0.00  0.00   0.00   0.00   0.00 0.00 0.00 0.00 -1.00  -1.0     -1. 45.78 501.1 310377.
20:52:11 0.35 257.54 238.22 -5.20 1765  56.05   500.0 317365. -6.52  0.88   0.00   0.00   0.00 0.00 0.00 0.00 -1.00  -1.0     -1. 45.82 502.7 273458.
20:52:52 0.35 257.54 238.21 -5.20 1765  53.96   504.4 342439. -8.29  1.30   0.00   0.00   0.00 0.00 0.00 0.00 -1.00  -1.0     -1. 43.83 506.6 335195.
20:53:32 0.35 257.54 238.20 -5.20 1765  57.52   499.8 332970. -7.37  2.17   0.00   0.00   0.00 0.00 0.00 0.00 -1.00  -1.0     -1. 46.49 503.3 326015.
20:54:13 0.35 257.54 238.20 -5.20 1765  52.76   487.9 247334. -5.44 -0.88   0.00   0.00   0.00 0.00 0.00 0.00 -1.00  -1.0     -1. 43.81 489.1 229062.
20:54:53 0.35 257.54 238.20 -5.20 1765  52.96   495.6 338473. -7.39 -0.90   0.00   0.00   0.00 0.00 0.00 0.00 -1.00  -1.0     -1. 43.58 497.1 305056.
20:55:34 0.35 257.55 238.20 -5.20 1765  51.90   491.2 305420. -6.82 -2.34   0.00   0.00   0.00 0.00 0.00 0.00 -1.00  -1.0     -1. 43.64 498.8 339821.
20:56:14 0.35 257.55 238.19 -5.20 1765  56.94   491.0 322575. -6.60 -1.03   0.00   0.00   0.00 0.00 0.00 0.00 -1.00  -1.0     -1. 48.05 493.2 303075.
20:56:55 0.35 257.55 238.18 -5.20 1765  55.34   482.9 267205. -5.70 -0.48   0.00   0.00   0.00 0.00 0.00 0.00 -1.00  -1.0     -1. 43.93 485.8 240464.
20:57:35 0.35 257.55 238.18 -5.19 1765  59.77   488.5 330378. -5.50 -0.20   0.00   0.00   0.00 0.00 0.00 0.00 -1.00  -1.0     -1. 48.63 490.2 317283.
20:58:16 0.35 257.56 238.18 -5.19 1765  52.61   489.6 300804. -5.98  0.78   0.00   0.00   0.00 0.00 0.00 0.00 -1.00  -1.0     -1. 44.83 496.9 324768.
20:58:56 0.35 257.56 238.17 -5.19 1765  58.90   493.8 352347. -2.76  1.49   0.00   0.00   0.00 0.00 0.00 0.00 -1.00  -1.0     -1. 52.88 492.8 309640.
20:59:37 0.35 257.56 238.17 -5.19 1765  53.42   483.9 293141. -2.68  4.35   0.00   0.00   0.00 0.00 0.00 0.00 -1.00  -1.0     -1. 43.99 487.8 332129.
21:00:17 0.35 257.56 238.16 -5.19 1765  53.52   491.7 326623. -4.96  0.73   0.00   0.00   0.00 0.00 0.00 0.00 -1.00  -1.0     -1. 44.21 492.1 295941.
21:00:58 0.35 257.56 238.16 -5.19 1765  50.31   496.1 320080. -1.68  7.53   0.00   0.00   0.00 0.00 0.00 0.00 -1.00  -1.0     -1. 42.67 498.5 341611.
21:01:38 0.35 257.57 238.16 -5.19 1765  51.95   488.2 341767.  0.24  5.24   0.00   0.00   0.00 0.00 0.00 0.00 -1.00  -1.0     -1. 43.15 483.7 320503.
21:02:19 0.35 257.57 238.16 -5.19 1765  56.42   515.2 393528.  4.64  6.82   0.00   0.00   0.00 0.00 0.00 0.00 -1.00  -1.0     -1. 44.94 507.1 355619.
21:02:59 0.35 257.57 238.15 -5.19 1765  51.61   507.7 335270.  2.80  6.52   0.00   0.00   0.00 0.00 0.00 0.00 -1.00  -1.0     -1. 42.54 498.6 314145.
21:03:40 0.35 257.57 238.14 -5.19 1765  51.49   538.2 333919.  5.70  5.01   0.00   0.00   0.00 0.00 0.00 0.00 -1.00  -1.0     -1. 41.35 529.3 295360.
21:04:20 0.35 257.58 238.15 -5.19 1765  52.04   525.2 349781.  4.62  6.33   0.00   0.00   0.00 0.00 0.00 0.00 -1.00  -1.0     -1. 42.45 522.6 373599.
21:05:01 0.35 257.58 238.14 -5.19 1765  54.53   496.6 321286.  0.00  0.00   0.00   0.00   0.00 0.00 0.00 0.00 -1.00  -1.0     -1. 46.79 497.4 361755.
21:05:41 0.35 257.58 238.13 -5.19 1765  55.03   496.4 335650. -3.25  6.22   0.00   0.00   0.00 0.00 0.00 0.00 -1.00  -1.0     -1. 45.40 494.2 313691.
21:06:22 0.35 257.58 238.13 -5.19 1765  52.26   490.2 319512. -1.39  6.18   0.00   0.00   0.00 0.00 0.00 0.00 -1.00  -1.0     -1. 42.65 493.1 357652.
21:07:02 0.35 257.58 238.12 -5.19 1765  50.70   555.7 336985.  0.00 -0.84   0.00   0.00   0.00 0.00 0.00 0.00 -1.00  -1.0     -1. 41.24 554.4 303494.
21:07:43 0.35 257.58 238.12 -5.19 1765  48.24   536.9 299264.-11.35 -1.41   0.00   0.00   0.00 0.00 0.00 0.00 -1.00  -1.0     -1. 41.04 542.5 295743.
21:08:23 0.35 257.59 238.12 -5.19 1765  49.55   539.4 343538.-10.52 -2.14   0.00   0.00   0.00 0.00 0.00 0.00 -1.00  -1.0     -1. 40.85 545.4 341478.
21:09:04 0.35 257.59 238.11 -5.19 1765  43.98   537.5 267257.-11.70 -0.48   0.00   0.00   0.00 0.00 0.00 0.00  0.67 569.0 445481. 36.53 543.8 271555.
21:09:44 0.35 257.59 238.11 -5.19 1765  47.60   525.2 274098.-10.41 -0.63   0.00   0.00   0.00 0.00 0.00 0.00 -1.00  -1.0     -1. 40.44 533.0 328474.
21:10:25 0.35 257.59 238.10 -5.19 1765  62.57   539.5 402023.-10.97 -1.84   0.00   0.00   0.00 0.00 0.00 0.00 -1.00  -1.0     -1. 52.02 551.9 413500.
21:11:05 0.35 257.60 238.11 -5.19 1765  52.61   517.1 345509.-10.19  0.77   0.00   0.00   0.00 0.00 0.00 0.00 -1.00  -1.0     -1. 43.85 528.0 354098.
21:11:46 0.35 257.60 238.10 -5.19 1765  51.94   519.0 314659.-10.72 -0.07   0.00   0.00   0.00 0.00 0.00 0.00 -1.00  -1.0     -1. 42.75 525.3 317345.
21:12:26 0.35 257.60 238.09 -5.19 1765  54.02   517.9 334536. -9.91  2.02   0.00   0.00   0.00 0.00 0.00 0.00 -1.00  -1.0     -1. 44.17 527.3 342634.
21:13:07 0.35 257.60 238.09 -5.19 1765  49.33   508.5 266659.-10.20  3.11   0.00   0.00   0.00 0.00 0.00 0.00 -1.00  -1.0     -1. 42.11 516.9 308535.
21:13:47 0.35 257.60 238.08 -5.19 1765  52.11   509.4 353192. -9.62  1.29   0.00   0.00   0.00 0.00 0.00 0.00 -1.00  -1.0     -1. 43.12 513.8 329144.
21:14:28 0.35 257.61 238.08 -5.19 1765  53.92   499.7 342163. -9.83  2.07   0.00   0.00   0.00 0.00 0.00 0.00 -1.00  -1.0     -1. 46.50 509.9 354670.
21:15:08 0.35 257.61 238.08 -5.19 1765  51.45   498.8 353533. -8.93  0.13   0.00   0.00   0.00 0.00 0.00 0.00 -1.00  -1.0     -1. 41.96 502.7 340676.
21:15:49 0.35 257.61 238.07 -5.19 1765  53.75   502.7 375054.-10.56  2.11   0.00   0.00   0.00 0.00 0.00 0.00 -1.00  -1.0     -1. 44.54 511.7 354972.
21:16:29 0.35 257.61 238.07 -5.19 1765  54.76   507.3 332304. -8.97  4.73   0.00   0.00   0.00 0.00 0.00 0.00 -1.00  -1.0     -1. 43.86 514.2 290084.
21:17:10 0.35 257.62 238.06 -5.19 1765  52.73   500.6 294258. -8.42  5.36   0.00   0.00   0.00 0.00 0.00 0.00 -1.00  -1.0     -1. 45.03 506.5 344093.
21:17:50 0.35 257.62 238.06 -5.19 1765  52.65   492.8 372501. -1.10  6.01   0.00   0.00   0.00 0.00 0.00 0.00 -1.00  -1.0     -1. 43.86 488.0 346123.
21:18:31 0.35 257.62 238.06 -5.19 1765  58.96   508.7 420175. -6.06  7.06   0.00   0.00   0.00 0.00 0.00 0.00 -1.00  -1.0     -1. 46.92 515.6 400714.
21:19:11 0.35 257.62 238.05 -5.19 1765  51.86   565.7 307649.-10.06  4.95   0.00   0.00   0.00 0.00 0.00 0.00 -1.00  -1.0     -1. 43.05 572.3 295785.
21:19:52 0.35 257.62 238.05 -5.19 1765  45.96   540.2 267446.-10.12  3.68   0.00   0.00   0.00 0.00 0.00 0.00 -1.00  -1.0     -1. 37.82 544.6 266981.
21:20:32 0.35 257.63 238.04 -5.19 1765  49.59   517.3 298699. -9.08  4.96   0.00   0.00   0.00 0.00 0.00 0.00 -1.00  -1.0     -1. 40.29 520.7 295571.
21:21:13 0.35 257.63 238.04 -5.19 1765  48.71   515.6 340497.-10.96  3.59   0.00   0.00   0.00 0.00 0.00 0.00 -1.00  -1.0     -1. 40.35 521.8 327633.
21:21:53 0.35 257.63 238.04 -5.19 1765  51.45   500.1 343232. -8.96  3.26   0.00   0.00   0.00 0.00 0.00 0.00 -1.00  -1.0     -1. 43.44 505.2 321529.
21:22:34 0.35 257.63 238.03 -5.19 1765  45.49   512.6 324125.-10.24  3.72   0.00   0.00   0.00 0.00 0.00 0.00 -1.00  -1.0     -1. 37.80 518.9 325980.
21:23:14 0.35 257.64 238.03 -5.19 1765  52.18   507.4 320483. -8.94  1.58   0.00   0.00   0.00 0.00 0.00 0.00 -1.00  -1.0     -1. 41.78 512.3 288418.
21:23:55 0.35 257.64 238.02 -5.19 1765  53.79   502.3 332347.-10.03  1.75   0.00   0.00   0.00 0.00 0.00 0.00 -1.00  -1.0     -1. 45.38 513.0 354956.
21:24:35 0.35 257.64 238.02 -5.19 1765  -1.00    -1.0     -1. -1.00 -1.00   0.00   0.00   0.00 0.00 0.00 0.00 -1.00  -1.0     -1. 39.22 508.9 284380.
21:25:16 0.35 257.64 238.02 -5.19 1765  50.46   497.1 310780. -6.68 -3.19   0.00   0.00   0.00 0.00 0.00 0.00 -1.00  -1.0     -1. 42.46 504.4 322601.
21:25:56 0.35 257.64 238.01 -5.19 1765  52.66   492.6 348693. -5.30 -1.53   0.00   0.00   0.00 0.00 0.00 0.00 -1.00  -1.0     -1. 44.85 493.8 326460.
21:26:37 0.35 257.65 238.01 -5.18 1765  51.36   503.8 358692. -5.00 -4.60   0.00   0.00   0.00 0.00 0.00 0.00 -1.00  -1.0     -1. 43.67 504.4 353263.
21:28:38 0.35 257.65 238.00 -5.18 1765  57.89   520.5 354667. -1.49  0.00   0.00   0.00   0.00 0.00 0.00 0.00 -1.00  -1.0     -1. 48.86 523.5 359218.
21:29:19 0.35 257.66 237.99 -5.18 1765  54.76   529.6 374177. -4.02 -8.12   0.00   0.00   0.00 0.00 0.00 0.00 -1.00  -1.0     -1. 46.74 529.0 361628.
21:29:59 0.35 257.66 237.98 -5.18 1765  54.40   497.1 328871. -7.07  0.00   0.00   0.00   0.00 0.00 0.00 0.00 -1.00  -1.0     -1. 45.93 499.2 310315.
21:30:40 0.35 257.66 237.99 -5.18 1765  52.82   493.6 318891. -8.33  0.78   0.00   0.00   0.00 0.00 0.00 0.00 -1.00  -1.0     -1. 44.19 502.6 334845.
21:31:20 0.35 257.66 237.98 -5.18 1765  58.95   508.4 359305. -7.83  4.33   0.00   0.00   0.00 0.00 0.00 0.00 -1.00  -1.0     -1. 47.33 511.0 351175.
21:32:01 0.35 257.66 237.98 -5.18 1765  50.84   504.7 289174. -9.18  3.29   0.00   0.00   0.00 0.00 0.00 0.00 -1.00  -1.0     -1. 43.58 511.6 331340.
21:32:41 0.35 257.66 237.97 -5.18 1765  52.07   504.8 342556. -7.90  3.41   0.00   0.00   0.00 0.00 0.00 0.00 -1.00  -1.0     -1. 42.76 509.8 306154.
21:33:22 0.35 257.67 237.96 -5.18 1765  45.13   505.9 277821. -8.93  1.88   0.00   0.00   0.00 0.00 0.00 0.00 -1.00  -1.0     -1. 38.76 513.1 322582.
21:34:02 0.35 257.67 237.97 -5.18 1765  66.58   513.8 448550.  0.00 -3.27   0.00   0.00   0.00 0.00 0.00 0.00 51.04 392.2 300651. 50.48 520.5 494467.
21:34:43 0.35 257.67 237.96 -5.18 1765  51.42   516.1 354384.  1.75 -5.13   0.00   0.00   0.00 0.00 0.00 0.00 -1.00  -1.0     -1. 44.18 509.3 350785.
21:35:23 0.35 257.67 237.96 -5.18 1765  64.18   514.6 374963.  1.95 -4.19   0.00   0.00   0.00 0.00 0.00 0.00 -1.00  -1.0     -1. 52.28 512.4 406285.
21:36:04 0.35 257.68 237.95 -5.18 1765  53.81   498.6 464315. -0.83 -3.79   0.00   0.00   0.00 0.00 0.00 0.00 -1.00  -1.0     -1. 41.85 502.3 413425.
21:36:44 0.35 257.68 237.94 -5.18 1765  52.08   490.2 384338. -2.14  0.00   0.00   0.00   0.00 0.00 0.00 0.00 -1.00  -1.0     -1. 43.41 486.9 344960.
21:37:25 0.35 257.68 237.95 -5.18 1765  51.62   484.6 326311. -1.48 -2.19   0.00   0.00   0.00 0.00 0.00 0.00 -1.00  -1.0     -1. 43.79 487.9 377679.
21:38:05 0.35 257.68 237.94 -5.18 1765  52.59   494.6 356804. -0.92  0.00   0.00   0.00   0.00 0.00 0.00 0.00 -1.00  -1.0     -1. 43.60 489.9 328468.
21:38:46 0.35 257.68 237.93 -5.18 1765  53.71   505.3 396302.  1.44  5.05   0.00   0.00   0.00 0.00 0.00 0.00 -1.00  -1.0     -1. 43.89 502.2 370302.
21:39:26 0.35 257.69 237.93 -5.18 1765  54.30   523.4 352133.  5.00  0.00   0.00   0.00   0.00 0.00 0.00 0.00 -1.00  -1.0     -1. 45.18 521.2 382357.
21:40:07 0.35 257.69 237.92 -5.18 1765  54.20   530.8 367667.  5.86  2.11   0.00   0.00   0.00 0.00 0.00 0.00 -1.00  -1.0     -1. 44.96 521.9 360306.
21:40:47 0.35 257.69 237.92 -5.18 1765  51.48   506.8 385803.  3.97  1.06   0.00   0.00   0.00 0.00 0.00 0.00 -1.00  -1.0     -1. 44.50 497.9 353013.
21:41:28 0.35 257.69 237.92 -5.18 1765  60.17   492.0 343268.  0.72 -0.61   0.00   0.00   0.00 0.00 0.00 0.00 -1.00  -1.0     -1. 53.85 494.2 375444.
21:42:08 0.35 257.70 237.92 -5.18 1765  54.58   515.9 372322.  4.50 -1.62   0.00   0.00   0.00 0.00 0.00 0.00 -1.00  -1.0     -1. 48.15 510.8 406908.
21:42:49 0.35 257.70 237.91 -5.18 1765  53.43   515.4 364441.  1.94 -6.93   0.00   0.00   0.00 0.00 0.00 0.00 -1.00  -1.0     -1. 44.60 509.3 351896.
21:43:29 0.35 257.70 237.90 -5.18 1765  54.03   509.2 357776.  0.52 -1.11   0.00   0.00   0.00 0.00 0.00 0.00 -1.00  -1.0     -1. 44.99 503.1 333945.
21:44:10 0.35 257.70 237.91 -5.18 1765  54.67   503.2 415043.  1.05 -1.09   0.00   0.00   0.00 0.00 0.00 0.00 -1.00  -1.0     -1. 44.90 501.1 373963.
21:44:50 0.35 257.70 237.90 -5.18 1765  54.75   512.8 377828. -3.76 -6.93   0.00   0.00   0.00 0.00 0.00 0.00 -1.00  -1.0     -1. 47.07 516.4 409033.
21:45:31 0.35 257.71 237.89 -5.18 1765  53.03   529.2 348699. -3.17 -3.11   0.00   0.00   0.00 0.00 0.00 0.00 -1.00  -1.0     -1. 45.14 527.5 336492.
21:46:11 0.35 257.71 237.89 -5.18 1765  54.70   521.7 364961. -3.12 -2.51   0.00   0.00   0.00 0.00 0.00 0.00 -1.00  -1.0     -1. 47.22 525.3 368518.
21:46:52 0.35 257.71 237.88 -5.18 1765  54.78   497.7 425152. -2.81 -0.83   0.00   0.00   0.00 0.00 0.00 0.00 -1.00  -1.0     -1. 44.79 499.5 390406.
21:47:32 0.35 257.71 237.88 -5.18 1765  50.93   499.6 396585. -0.97  0.92   0.00   0.00   0.00 0.00 0.00 0.00 -1.00  -1.0     -1. 41.41 494.2 366335.
21:48:13 0.35 257.72 237.88 -5.18 1765  53.66   490.9 446962. -2.80 -2.07   0.00   0.00   0.00 0.00 0.00 0.00 -1.00  -1.0     -1. 45.14 491.8 403316.
21:48:53 0.35 257.72 237.87 -5.18 1765  53.07   492.9 400613. -2.40 -3.36   0.00   0.00   0.00 0.00 0.00 0.00 -1.00  -1.0     -1. 43.95 496.2 475750.
21:49:34 0.35 257.72 237.87 -5.18 1765  51.69   494.3 440985. -4.53 -2.57   0.00   0.00   0.00 0.00 0.00 0.00 -1.00  -1.0     -1. 41.83 495.5 403897.
21:50:13 0.35 257.72 237.87 -5.18 1765  55.39   495.9 382305. -7.65 -0.01   0.00   0.00   0.00 0.00 0.00 0.00 -1.00  -1.0     -1. 47.07 503.0 438831.
21:50:55 0.35 257.72 237.86 -5.18 1765  56.62   499.5 440670.  0.00 -2.28   0.00   0.00   0.00 0.00 0.00 0.00 -1.00  -1.0     -1. 45.25 497.3 400051.
21:51:35 0.35 257.73 237.86 -5.18 1765  51.72   498.6 395789. -2.17  0.29   0.00   0.00   0.00 0.00 0.00 0.00 -1.00  -1.0     -1. 45.28 495.1 330255.
21:52:16 0.35 257.73 237.85 -5.18 1765  57.21   487.8 345636. -0.75  0.90   0.00   0.00   0.00 0.00 0.00 0.00 -1.00  -1.0     -1. 47.10 490.7 394340.
21:52:56 0.35 257.73 237.85 -5.18 1765  58.04   495.7 387950. -1.38  0.00   0.00   0.00   0.00 0.00 0.00 0.00 -1.00  -1.0     -1. 47.44 492.8 353107.
21:53:37 0.35 257.73 237.85 -5.18 1765  57.80   509.0 431993.  3.00 -0.77   0.00   0.00   0.00 0.00 0.00 0.00 -1.00  -1.0     -1. 47.70 504.3 387551.
21:54:17 0.35 257.74 237.84 -5.18 1765  57.72   492.1 378426. -0.88  2.42   0.00   0.00   0.00 0.00 0.00 0.00 -1.00  -1.0     -1. 46.58 488.4 344931.
21:54:58 0.35 257.74 237.84 -5.18 1765  57.36   490.5 318190. -3.32  3.95   0.00   0.00   0.00 0.00 0.00 0.00 -1.00  -1.0     -1. 47.79 494.5 361563.
21:55:38 0.35 257.74 237.83 -5.18 1765  56.97   492.6 367355. -1.12  3.56   0.00   0.00   0.00 0.00 0.00 0.00 -1.00  -1.0     -1. 46.98 489.3 334936.
21:56:19 0.35 257.74 237.83 -5.17 1765  56.65   504.8 410943.  2.44  3.54   0.00   0.00   0.00 0.00 0.00 0.00 -1.00  -1.0     -1. 46.06 500.5 370834.
21:56:59 0.35 257.74 237.83 -5.17 1765  56.55   488.7 337028. -1.28  2.44   0.00   0.00   0.00 0.00 0.00 0.00 -1.00  -1.0     -1. 48.92 485.7 298683.
21:57:40 0.35 257.74 237.82 -5.17 1765  57.99   489.3 299963.  1.02  1.77   0.00   0.00   0.00 0.00 0.00 0.00 -1.00  -1.0     -1. 47.78 490.5 346705.
21:58:20 0.35 257.75 237.82 -5.17 1765  56.99   486.4 330797. -2.29  1.37   0.00   0.00   0.00 0.00 0.00 0.00 -1.00  -1.0     -1. 47.28 484.1 294661.
21:59:01 0.35 257.75 237.81 -5.17 1765  53.16   490.7 304007. -3.43  5.08   0.00   0.00   0.00 0.00 0.00 0.00 -1.00  -1.0     -1. 46.16 494.8 339815.
21:59:41 0.35 257.75 237.81 -5.17 1765  55.54   491.6 338977.  0.23  0.00   0.00   0.00   0.00 0.00 0.00 0.00 -1.00  -1.0     -1. 47.12 486.5 304744.
22:00:22 0.35 257.75 237.81 -5.17 1765  56.43   492.4 301282.  1.63 -0.95   0.00   0.00   0.00 0.00 0.00 0.00 -1.00  -1.0     -1. 47.93 491.1 333766.
22:01:02 0.35 257.76 237.80 -5.17 1765  57.02   512.3 353959.  4.07  0.62   0.00   0.00   0.00 0.00 0.00 0.00 -1.00  -1.0     -1. 46.45 501.5 326210.
22:01:43 0.35 257.76 237.80 -5.17 1765  55.58   497.5 309984.  1.20 -3.94   0.00   0.00   0.00 0.00 0.00 0.00 -1.00  -1.0     -1. 46.78 498.3 344626.
22:02:23 0.35 257.76 237.79 -5.17 1765  56.35   524.8 362382.  4.08 -3.17   0.00   0.00   0.00 0.00 0.00 0.00 -1.00  -1.0     -1. 47.35 521.4 388805.
22:03:04 0.35 257.76 237.79 -5.17 1765  57.52   529.2 392466.  3.89 -4.89   0.00   0.00   0.00 0.00 0.00 0.00 -1.00  -1.0     -1. 47.60 521.9 385459.
22:03:44 0.35 257.76 237.79 -5.17 1765  51.42   509.9 368551.  0.00 -6.31   0.00   0.00   0.00 0.00 0.00 0.00 -1.00  -1.0     -1. 44.99 510.7 412356.
22:04:25 0.35 257.77 237.78 -5.17 1765  58.42   486.3 321727. -2.67  0.00   0.00   0.00   0.00 0.00 0.00 0.00 -1.00  -1.0     -1. 48.33 490.4 374749.
22:05:05 0.35 257.77 237.78 -5.17 1765  57.59   489.7 367108. -4.09 -2.24   0.00   0.00   0.00 0.00 0.00 0.00 -1.00  -1.0     -1. 45.69 490.8 345535.
22:05:46 0.35 257.77 237.77 -5.17 1765  58.65   499.4 414718. -6.75 -2.27   0.00   0.00   0.00 0.00 0.00 0.00 -1.00  -1.0     -1. 47.63 503.1 379430.
22:06:26 0.35 257.77 237.77 -5.17 1765  56.57   492.2 376896. -4.08 -2.30   0.00   0.00   0.00 0.00 0.00 0.00 -1.00  -1.0     -1. 48.24 491.1 332694.
22:07:07 0.35 257.78 237.77 -5.17 1765  56.48   493.6 464344. -2.86 -2.62   0.00   0.00   0.00 0.00 0.00 0.00 -1.00  -1.0     -1. 46.88 494.3 405989.
22:07:47 0.35 257.78 237.76 -5.17 1765  52.56   495.1 425272.  0.00  0.00   0.00   0.00   0.00 0.00 0.00 0.00 -1.00  -1.0     -1. 46.24 495.7 468298.
22:08:28 0.35 257.78 237.76 -5.17 1765  56.65   508.8 418119.  3.25 -0.67   0.00   0.00   0.00 0.00 0.00 0.00 -1.00  -1.0     -1. 45.21 502.5 382298.
22:09:08 0.35 257.78 237.75 -5.17 1765  54.83   494.1 409712.  0.00  2.91   0.00   0.00   0.00 0.00 0.00 0.00 -1.00  -1.0     -1. 46.30 489.0 350486.
22:09:49 0.35 257.78 237.74 -5.17 1765  57.13   493.1 443642. -0.33 -0.28   0.00   0.00   0.00 0.00 0.00 0.00 -1.00  -1.0     -1. 47.08 489.9 400161.
22:10:29 0.35 257.79 237.75 -5.17 1765  59.51   494.2 381908.  0.00  1.54   0.00   0.00   0.00 0.00 0.00 0.00 -1.00  -1.0     -1. 49.41 488.9 340062.
22:11:10 0.35 257.79 237.74 -5.17 1765  55.94   493.0 451477. -5.17 -1.98   0.00   0.00   0.00 0.00 0.00 0.00 -1.00  -1.0     -1. 44.91 494.7 413188.
22:11:50 0.35 257.79 237.73 -5.17 1765  56.62   487.0 411131. -3.87  0.85   0.00   0.00   0.00 0.00 0.00 0.00 -1.00  -1.0     -1. 47.44 486.1 359893.
22:12:31 0.35 257.79 237.73 -5.17 1765  60.49   489.1 445513. -3.82  1.19   0.00   0.00   0.00 0.00 0.00 0.00 -1.00  -1.0     -1. 49.72 489.2 403001.
22:13:11 0.35 257.80 237.73 -5.17 1765  55.53   518.0 362726.  5.60  0.00   0.00   0.00   0.00 0.00 0.00 0.00 -1.00  -1.0     -1. 48.81 510.8 391952.
22:13:52 0.35 257.80 237.73 -5.17 1765  57.97   494.0 448979.  0.69 -0.56   0.00   0.00   0.00 0.00 0.00 0.00 -1.00  -1.0     -1. 47.58 491.3 415205.
22:14:32 0.35 257.80 237.72 -5.17 1765  55.15   486.7 406194. -0.59  0.52   0.00   0.00   0.00 0.00 0.00 0.00 -1.00  -1.0     -1. 45.69 482.5 360189.
22:15:13 0.35 257.80 237.72 -5.17 1765  54.52   479.7 340240. -3.33 -0.31   0.00   0.00   0.00 0.00 0.00 0.00 -1.00  -1.0     -1. 46.41 485.4 393083.
22:15:53 0.35 257.80 237.71 -5.17 1765  58.19   482.3 352091. -2.50 -0.38   0.00   0.00   0.00 0.00 0.00 0.00 -1.00  -1.0     -1. 48.17 480.7 324183.
22:16:34 0.35 257.81 237.71 -5.17 1765  56.86   480.4 319999. -2.08  0.82   0.00   0.00   0.00 0.00 0.00 0.00 -1.00  -1.0     -1. 46.71 478.3 271392.
22:17:14 0.35 257.81 237.71 -5.17 1765  59.75   490.6 378592. -8.92  2.72   0.00   0.00   0.00 0.00 0.00 0.00 -1.00  -1.0     -1. 49.90 497.8 425243.
22:17:55 0.35 257.81 237.70 -5.17 1765  47.37   523.4 300024.-11.52  3.45   0.00   0.00   0.00 0.00 0.00 0.00 -1.00  -1.0     -1. 40.47 527.2 306443.
22:18:35 0.35 257.81 237.69 -5.17 1765  57.67   517.1 355696.-11.30  1.88   0.00   0.00   0.00 0.00 0.00 0.00 -1.00  -1.0     -1. 47.19 529.2 374791.
22:19:16 0.35 257.82 237.69 -5.17 1765  65.90   527.1 417648.-11.70  4.71   0.00   0.00   0.00 0.00 0.00 0.00 -1.00  -1.0     -1. 56.15 536.3 463461.
22:19:56 0.35 257.82 237.69 -5.17 1765  57.39   557.8 294830.-11.90  1.84   0.00   0.00   0.00 0.00 0.00 0.00 -1.00  -1.0     -1. 47.75 563.4 291283.
22:20:37 0.35 257.82 237.69 -5.17 1765  56.91   549.3 313194.-11.74  5.21   0.00   0.00   0.00 0.00 0.00 0.00 -1.00  -1.0     -1. 48.20 557.1 345899.
22:21:17 0.35 257.82 237.68 -5.17 1765  57.24   489.5 384429. -3.73  5.21   0.00   0.00   0.00 0.00 0.00 0.00 -1.00  -1.0     -1. 47.76 493.7 453875.
22:21:58 0.35 257.82 237.67 -5.17 1765  -1.00    -1.0     -1. -1.00 -1.00   0.00   0.00   0.00 0.00 0.00 0.00 -1.00  -1.0     -1. 47.56 479.4 255693.
22:22:38 0.35 257.82 237.67 -5.17 1765  59.09   489.4 373511.  0.03  1.44   0.00   0.00   0.00 0.00 0.00 0.00 -1.00  -1.0     -1. 48.76 483.6 322637.
22:23:19 0.35 257.83 237.67 -5.17 1765  57.25   491.3 446575. -0.08  0.32   0.00   0.00   0.00 0.00 0.00 0.00 -1.00  -1.0     -1. 47.14 488.9 398992.
22:23:59 0.35 257.83 237.66 -5.17 1765  59.50   487.5 386791. -0.62  1.54   0.00   0.00   0.00 0.00 0.00 0.00 -1.00  -1.0     -1. 48.51 483.6 336037.
22:24:40 0.35 257.83 237.66 -5.17 1765  60.50   482.1 292829. -3.13  2.40   0.00   0.00   0.00 0.00 0.00 0.00 -1.00  -1.0     -1. 49.43 481.6 246704.
22:25:20 0.35 257.83 237.65 -5.16 1765  57.43   480.2 246285. -4.86  3.37   0.00   0.00   0.00 0.00 0.00 0.00 -1.00  -1.0     -1. 49.68 485.9 293248.
22:26:01 0.35 257.84 237.65 -5.16 1765  59.01   482.2 299573. -3.35  3.08   0.00   0.00   0.00 0.00 0.00 0.00 -1.00  -1.0     -1. 47.70 482.3 254858.
22:26:41 0.35 257.84 237.65 -5.16 1765  58.48   487.6 340464. -1.76  3.60   0.00   0.00   0.00 0.00 0.00 0.00 -1.00  -1.0     -1. 48.91 483.5 307327.
22:27:22 0.35 257.84 237.65 -5.16 1765  55.32   473.1 199498. -3.85  1.61   0.00   0.00   0.00 0.00 0.00 0.00 -1.00  -1.0     -1. 47.24 478.6 239944.
22:28:02 0.35 257.84 237.64 -5.16 1765  59.62   488.1 337739. -2.57  4.26   0.00   0.00   0.00 0.00 0.00 0.00 -1.00  -1.0     -1. 48.53 485.3 306450.
22:28:43 0.35 257.84 237.63 -5.16 1765  55.65   487.6 294154. -2.61  5.12   0.00   0.00   0.00 0.00 0.00 0.00 -1.00  -1.0     -1. 46.69 491.1 341608.
22:29:23 0.35 257.85 237.63 -5.16 1765  58.50   494.5 338051. -3.21  5.82   0.00   0.00   0.00 0.00 0.00 0.00 -1.00  -1.0     -1. 48.60 492.1 307642.
22:30:04 0.35 257.85 237.63 -5.16 1765  55.22   481.4 289249. -3.16  3.25   0.00   0.00   0.00 0.00 0.00 0.00 -1.00  -1.0     -1. 44.79 481.3 246474.
22:30:44 0.35 257.85 237.62 -5.16 1765  60.36   485.0 364581. -3.93  2.27   0.00   0.00   0.00 0.00 0.00 0.00 -1.00  -1.0     -1. 48.58 484.3 332398.
22:31:25 0.35 257.85 237.62 -5.16 1765  56.19   485.8 319353. -2.94  3.83   0.00   0.00   0.00 0.00 0.00 0.00 -1.00  -1.0     -1. 47.94 491.1 373556.
22:32:05 0.35 257.86 237.61 -5.16 1765  59.71   491.4 346198. -4.26  4.39   0.00   0.00   0.00 0.00 0.00 0.00 -1.00  -1.0     -1. 49.89 489.6 314600.
22:32:46 0.35 257.86 237.61 -5.16 1765  61.25   487.6 324186. -3.48  4.34   0.00   0.00   0.00 0.00 0.00 0.00 -1.00  -1.0     -1. 51.64 493.8 372179.
22:33:26 0.35 257.86 237.61 -5.16 1765  57.94   507.0 377679. -1.50  5.38   0.00   0.00   0.00 0.00 0.00 0.00 -1.00  -1.0     -1. 48.99 508.8 431499.
22:34:07 0.35 257.86 237.61 -5.16 1765  61.85   501.6 441514. -1.21  3.97   0.00   0.00   0.00 0.00 0.00 0.00 -1.00  -1.0     -1. 50.90 499.6 386235.
22:34:47 0.35 257.86 237.60 -5.16 1765  59.97   501.3 368918. -0.51  5.25   0.00   0.00   0.00 0.00 0.00 0.00 -1.00  -1.0     -1. 51.61 499.9 430707.
22:35:28 0.35 257.87 237.59 -5.16 1765  62.28   503.0 427409. -0.02  5.29   0.00   0.00   0.00 0.00 0.00 0.00 -1.00  -1.0     -1. 51.93 500.8 388704.
22:36:08 0.35 257.87 237.60 -5.16 1765  61.05   495.8 404358. -6.69 -0.59   0.00   0.00   0.00 0.00 0.00 0.00 -1.00  -1.0     -1. 53.50 501.5 456061.
22:36:49 0.35 257.87 237.59 -5.16 1765  64.60   495.4 431541. -3.82  3.50   0.00   0.00   0.00 0.00 0.00 0.00 -1.00  -1.0     -1. 53.37 495.8 377481.
22:37:29 0.35 257.87 237.58 -5.16 1765  61.61   492.3 398852. -6.08  0.42   0.00   0.00   0.00 0.00 0.00 0.00 -1.00  -1.0     -1. 54.08 497.7 458455.
22:37:43 0.35 257.87 237.58 -5.16 1765  62.28   486.6 560408. -1.42 -1.26   0.00   0.00   0.00 0.00 0.00 0.00 -1.00  -1.0     -1. 52.49 485.0 524477.
22:38:10 0.35 257.88 237.58 -5.16 1765  64.74   505.9 423498. -8.00 -1.87   0.00   0.00   0.00 0.00 0.00 0.00 -1.00  -1.0     -1. 54.19 510.3 376610.
22:38:50 0.35 257.88 237.57 -5.16 1765  63.18   496.2 390439. -6.04 -0.71   0.00   0.00   0.00 0.00 0.00 0.00 -1.00  -1.0     -1. 53.83 500.9 452254.
22:39:31 0.35 257.88 237.57 -5.16 1765  62.90   499.6 471657. -5.45  3.12   0.00   0.00   0.00 0.00 0.00 0.00 -1.00  -1.0     -1. 53.10 501.7 436970.
22:40:11 0.35 257.88 237.57 -5.16 1765  63.34   494.7 401922. -7.62 -0.15   0.00   0.00   0.00 0.00 0.00 0.00 -1.00  -1.0     -1. 54.80 502.1 455976.
22:40:52 0.35 257.88 237.56 -5.16 1765  63.50   497.5 482630. -5.27 -3.42   0.00   0.00   0.00 0.00 0.00 0.00 -1.00  -1.0     -1. 51.67 501.4 433088.
22:41:32 0.35 257.89 237.56 -5.16 1765  62.04   491.4 428429. -4.24 -1.05   0.00   0.00   0.00 0.00 0.00 0.00 -1.00  -1.0     -1. 51.68 497.3 499308.
22:42:13 0.35 257.89 237.55 -5.16 1765  60.37   493.9 499876. -3.88 -1.30   0.00   0.00   0.00 0.00 0.00 0.00 -1.00  -1.0     -1. 49.35 494.2 443674.
22:42:53 0.35 257.89 237.55 -5.16 1765  63.08   489.7 429485. -4.12  0.08   0.00   0.00   0.00 0.00 0.00 0.00 -1.00  -1.0     -1. 52.86 494.9 496202.
22:43:34 0.35 257.89 237.55 -5.16 1765  61.80   501.5 460602. -0.69  6.13   0.00   0.00   0.00 0.00 0.00 0.00 -1.00  -1.0     -1. 50.56 500.4 410784.
22:44:14 0.35 257.90 237.54 -5.16 1765  61.14   494.8 460963.  0.00  1.48   0.00   0.00   0.00 0.00 0.00 0.00 -1.00  -1.0     -1. 52.64 496.3 482549.
22:44:55 0.35 257.90 237.54 -5.16 1765  55.21   510.2 482152. -7.74 -2.57   0.00   0.00   0.00 0.00 0.00 0.00 -1.00  -1.0     -1. 44.76 516.3 472901.
22:45:35 0.35 257.90 237.53 -5.16 1765  58.38   500.8 409981. -8.06 -0.07   0.00   0.00   0.00 0.00 0.00 0.00 -1.00  -1.0     -1. 51.13 507.7 460869.
22:46:16 0.35 257.90 237.53 -5.16 1765  40.81   548.1 208067.-11.98 -1.24   0.00   0.00   0.00 0.00 0.00 0.00 -1.00  -1.0     -1. 33.09 550.9 214008.
22:46:56 0.35 257.90 237.53 -5.16 1765  61.63   500.8 488461. -5.97 -3.24   0.00   0.00   0.00 0.00 0.00 0.00 -1.00  -1.0     -1. 51.10 503.5 474749.
22:47:37 0.35 257.90 237.52 -5.16 1765  60.02   495.2 496436. -3.29  1.77   0.00   0.00   0.00 0.00 0.00 0.00 -1.00  -1.0     -1. 47.96 495.6 447293.
22:48:17 0.35 257.91 237.52 -5.16 1765  57.77   488.5 397602. -0.19  1.52   0.00   0.00   0.00 0.00 0.00 0.00 -1.00  -1.0     -1. 48.05 483.1 363840.
22:48:58 0.35 257.91 237.51 -5.16 1765  55.36   507.6 426162. -0.11  0.00   0.00   0.00   0.00 0.00 0.00 0.00 -1.00  -1.0     -1. 46.70 508.1 390276.
22:49:37 0.35 257.91 237.51 -5.16 1765  60.92   538.6 458734. -1.60 -3.21   0.00   0.00   0.00 0.00 0.00 0.00 -1.00  -1.0     -1. 50.83 540.3 417671.
22:50:18 0.35 257.91 237.51 -5.16 1765  60.32   548.5 337047.  0.00 -0.62   0.00   0.00   0.00 0.00 0.00 0.00 -1.00  -1.0     -1. 51.99 545.9 394970.
22:50:59 0.35 257.91 237.50 -5.16 1765  60.75   521.0 398778.  5.36 -1.30   0.00   0.00   0.00 0.00 0.00 0.00 -1.00  -1.0     -1. 51.70 514.8 456256.
22:51:40 0.35 257.92 237.50 -5.16 1765  63.65   497.0 483091.  0.02  1.18   0.00   0.00   0.00 0.00 0.00 0.00 -1.00  -1.0     -1. 52.42 493.5 436476.
22:52:20 0.35 257.92 237.49 -5.16 1765  62.30   492.8 436635. -1.21  0.62   0.00   0.00   0.00 0.00 0.00 0.00 -1.00  -1.0     -1. 52.07 494.9 499447.
22:53:01 0.35 257.92 237.49 -5.16 1765  64.93   497.0 473732.  0.26  1.59   0.00   0.00   0.00 0.00 0.00 0.00 -1.00  -1.0     -1. 52.73 493.1 426123.
22:53:41 0.35 257.92 237.49 -5.16 1765  62.69   492.9 423878. -0.89 -0.52   0.00   0.00   0.00 0.00 0.00 0.00 -1.00  -1.0     -1. 52.63 494.8 476487.
22:54:22 0.35 257.93 237.48 -5.15 1765  64.42   497.8 455041. -0.84  1.66   0.00   0.00   0.00 0.00 0.00 0.00 -1.00  -1.0     -1. 53.46 493.4 407519.
22:55:02 0.35 257.93 237.48 -5.15 1765  60.81   497.2 409241.  1.60  1.21   0.00   0.00   0.00 0.00 0.00 0.00 -1.00  -1.0     -1. 51.30 496.1 465842.
22:55:43 0.35 257.93 237.48 -5.15 1765  61.93   502.4 451178.  3.11  0.79   0.00   0.00   0.00 0.00 0.00 0.00 -1.00  -1.0     -1. 50.42 497.1 407262.
22:56:23 0.35 257.93 237.47 -5.15 1765  62.19   508.3 396646.  4.12  0.65   0.00   0.00   0.00 0.00 0.00 0.00 -1.00  -1.0     -1. 51.77 504.3 455892.
22:57:04 0.35 257.94 237.47 -5.15 1765  57.16   502.5 456620.  0.00  0.00   0.00   0.00   0.00 0.00 0.00 0.00 -1.00  -1.0     -1. 46.95 499.1 405547.
22:57:44 0.35 257.94 237.46 -5.15 1765  65.61   500.1 379904.  3.03  0.34   0.00   0.00   0.00 0.00 0.00 0.00 -1.00  -1.0     -1. 52.83 499.2 442960.
22:58:25 0.35 257.94 237.46 -5.15 1765  61.94   503.3 462681.  1.59  0.00   0.00   0.00   0.00 0.00 0.00 0.00 -1.00  -1.0     -1. 50.50 499.4 413392.
22:59:05 0.35 257.94 237.46 -5.15 1765  60.41   510.0 394064.  5.05 -0.47   0.00   0.00   0.00 0.00 0.00 0.00 -1.00  -1.0     -1. 51.39 502.5 443233.
22:59:46 0.35 257.94 237.45 -5.15 1765  63.29   510.8 438149.  0.00 -6.98   0.00   0.00   0.00 0.00 0.00 0.00 -1.00  -1.0     -1. 52.74 509.5 388659.
23:00:26 0.35 257.95 237.45 -5.15 1765  58.48   495.6 424346.  1.36  2.83   0.00   0.00   0.00 0.00 0.00 0.00 -1.00  -1.0     -1. 50.73 494.6 478550.
23:01:07 0.35 257.95 237.44 -5.15 1765  59.92   494.2 458929. -1.71 -3.09   0.00   0.00   0.00 0.00 0.00 0.00 -1.00  -1.0     -1. 49.89 491.2 399622.
23:01:47 0.35 257.95 237.43 -5.15 1765  59.60   490.2 410582. -0.58 -2.13   0.00   0.00   0.00 0.00 0.00 0.00 -1.00  -1.0     -1. 48.45 485.9 375801.
23:02:28 0.35 257.95 237.44 -5.15 1765  59.47   485.3 357964. -0.58 -1.03   0.00   0.00   0.00 0.00 0.00 0.00 -1.00  -1.0     -1. 49.82 488.6 415764.
23:03:08 0.35 257.96 237.43 -5.15 1765  57.56   491.9 417203. -0.67 -2.36   0.00   0.00   0.00 0.00 0.00 0.00 -1.00  -1.0     -1. 47.97 486.5 369256.
23:03:49 0.35 257.96 237.42 -5.15 1765  62.35   492.7 452296.  0.60 -1.40   0.00   0.00   0.00 0.00 0.00 0.00 -1.00  -1.0     -1. 50.05 489.9 412333.
23:04:29 0.35 257.96 237.42 -5.15 1765  57.91   495.6 404787.  2.03 -1.79   0.00   0.00   0.00 0.00 0.00 0.00 -1.00  -1.0     -1. 49.24 488.4 358796.
23:05:10 0.35 257.96 237.42 -5.15 1765  61.51   495.1 461193. -0.31 -2.99   0.00   0.00   0.00 0.00 0.00 0.00 -1.00  -1.0     -1. 49.90 493.2 420256.
23:05:50 0.35 257.96 237.42 -5.15 1765  60.77   490.5 422582. -0.40 -1.76   0.00   0.00   0.00 0.00 0.00 0.00 -1.00  -1.0     -1. 50.79 491.2 486038.
23:06:31 0.35 257.97 237.41 -5.15 1765  59.75   494.1 472683. -2.10 -2.95   0.00   0.00   0.00 0.00 0.00 0.00 -1.00  -1.0     -1. 49.98 491.4 448463.
23:07:11 0.35 257.97 237.41 -5.15 1765  58.39   495.2 395847. -2.28 -3.68   0.00   0.00   0.00 0.00 0.00 0.00 -1.00  -1.0     -1. 49.16 497.3 452539.
23:07:52 0.35 257.97 237.40 -5.15 1765  64.15   529.6 543824.  0.00  2.33   0.00   0.00   0.00 0.00 0.00 0.00 -1.00  -1.0     -1. 51.78 536.2 508920.
23:08:32 0.35 257.97 237.39 -5.15 1765  59.20   535.2 366907.  6.24  3.14   0.00   0.00   0.00 0.00 0.00 0.00 -1.00  -1.0     -1. 48.10 528.5 386333.
23:09:13 0.35 257.98 237.40 -5.15 1765  58.53   532.2 374018.  4.46  5.92   0.00   0.00   0.00 0.00 0.00 0.00 -1.00  -1.0     -1. 47.45 520.7 370574.
23:09:53 0.35 257.98 237.39 -5.15 1765  55.32   516.4 379771.  6.37  0.25   0.00   0.00   0.00 0.00 0.00 0.00 -1.00  -1.0     -1. 46.32 508.9 421156.
23:10:34 0.35 257.98 237.38 -5.15 1765  56.71   509.3 407636.  4.85 -0.81   0.00   0.00   0.00 0.00 0.00 0.00 -1.00  -1.0     -1. 45.88 502.1 381142.
23:11:14 0.35 257.98 237.38 -5.15 1765  57.83   507.7 398410.  4.24 -0.18   0.00   0.00   0.00 0.00 0.00 0.00 -1.00  -1.0     -1. 48.99 503.1 445562.
23:11:55 0.35 257.98 237.37 -5.15 1765  56.78   500.6 475704. -1.84 -3.36   0.00   0.00   0.00 0.00 0.00 0.00 -1.00  -1.0     -1. 47.77 496.9 433153.
23:12:35 0.35 257.98 237.38 -5.15 1765  64.37   510.3 459046. -8.19 -2.98   0.00   0.00   0.00 0.00 0.00 0.00 -1.00  -1.0     -1. 55.00 514.0 443291.
23:13:16 0.35 257.99 237.37 -5.15 1765  55.42   537.7 300515.-10.82 -3.26   0.00   0.00   0.00 0.00 0.00 0.00 -1.00  -1.0     -1. 47.98 545.8 352250.
23:13:56 0.35 257.99 237.36 -5.15 1765  46.94   537.7 202087.-10.09 -3.99   0.00   0.00   0.00 0.00 0.00 0.00 -1.00  -1.0     -1. 38.87 540.9 199472.
23:14:37 0.35 257.99 237.36 -5.15 1765  53.06   533.5 284549.-11.51 -3.18   0.00   0.00   0.00 0.00 0.00 0.00 -1.00  -1.0     -1. 43.13 538.9 288947.
23:15:17 0.35 257.99 237.36 -5.15 1765  52.53   528.3 303286.-10.40 -2.93   0.00   0.00   0.00 0.00 0.00 0.00 -1.00  -1.0     -1. 45.15 537.7 355326.
23:15:58 0.35 257.99 237.35 -5.15 1765  58.68   524.0 346282. -8.21 -6.80   0.00   0.00   0.00 0.00 0.00 0.00 -1.00  -1.0     -1. 49.89 528.3 310978.
23:16:38 0.35 258.00 237.35 -5.15 1765  63.39   498.8 652901. -2.03  0.57   0.00   0.00   0.00 0.00 0.00 0.00 -1.00  -1.0     -1. 51.74 503.9 639358.
23:17:19 0.35 258.00 237.34 -5.15 1765  55.29   513.2 434598. -3.07 -6.72   0.00   0.00   0.00 0.00 0.00 0.00 -1.00  -1.0     -1. 45.27 512.9 397920.
23:17:59 0.35 258.00 237.34 -5.15 1765  61.09   486.7 500396. -1.06  1.08   0.00   0.00   0.00 0.00 0.00 0.00 -1.00  -1.0     -1. 50.84 491.1 542353.
23:18:40 0.35 258.00 237.34 -5.15 1765  59.59   494.0 585392.  0.00 -0.98   0.00   0.00   0.00 0.00 0.00 0.00 -1.00  -1.0     -1. 52.15 489.6 537058.
23:19:20 0.35 258.01 237.34 -5.15 1765  63.49   486.0 520289. -3.30 -2.06   0.00   0.00   0.00 0.00 0.00 0.00 -1.00  -1.0     -1. 53.10 489.6 557250.
23:20:55 0.35 258.01 237.32 -5.15 1765  59.00   493.6 489081. -1.89  2.01   0.00   0.00   0.00 0.00 0.00 0.00 -1.00  -1.0     -1. 47.22 501.1 533842.
