199  6 17 13 0.98 178.30 229.54 -4.39 1643    4.50   458.9   63533.  -1.08  -1.15  -6.39  -1.10    1.11  0.00  0.00  0.00  -1.00   -1.0        -1.   4.07  459.4  61220.
199  7 00 25 0.98 178.29 229.13 -4.39 1643    4.61   456.0   96499.  -1.26  -1.66  -5.99  -1.30    1.11  0.00  0.00  0.00  -1.00   -1.0        -1.   4.07  455.2  80442.
199  7 43 37 0.98 178.28 228.72 -4.39 1643    4.19   451.3   87172.  -1.74  -1.99  -5.79  -1.80    1.11  0.00  0.00  0.00  -1.00   -1.0        -1.   4.02  453.7 104951.
199  8 26 49 0.98 178.27 228.32 -4.39 1643    4.59   452.7  100956.  -0.87  -1.55  -4.71  -1.40    2.62  0.00  0.00  0.00  -1.00   -1.0        -1.   4.10  451.3 100186.
199  9 10 02 0.98 178.26 227.91 -4.40 1643    5.24   458.6  110038.   0.00   0.00  -6.40  -0.20    1.41  0.00  0.00  0.00  -1.00   -1.0        -1.   4.73  457.5 112413.
199  9 53 14 0.98 178.25 227.51 -4.40 1643    4.87   444.3   73626.  -1.16  -1.87  -4.91  -1.34    3.41  0.00  0.00  0.00  -1.00   -1.0        -1.   4.60  444.8  89183.
199 10 36 26 0.98 178.25 227.10 -4.40 1643    5.05   434.8   96778.  -0.26  -2.80  -6.78   0.36    0.19  0.00  0.00  0.00   0.08  462.0    410592.   4.58  434.2  85314.
199 11 19 38 0.98 178.24 226.70 -4.40 1643    5.02   436.6  124598.  -0.06  -2.92  -6.47   1.06   -1.40  0.00  0.00  0.00  -1.00   -1.0        -1.   4.56  435.8 117643.
199 12 02 50 0.98 178.23 226.29 -4.40 1643    6.00   430.7  106052.   0.00   0.00  -5.36   0.56   -2.19  0.00  0.00  0.00  -1.00   -1.0        -1.  -1.00   -1.0     -1.
199 12 46 02 0.98 178.22 225.89 -4.41 1643    5.07   420.8  120264.  -0.30  -2.83  -5.28   2.76    0.21  0.00  0.00  0.00   0.08  458.6    321714.   4.71  422.7 140782.
199 13 29 14 0.98 178.21 225.48 -4.41 1643    6.41   427.2  128392.  -0.79  -3.31  -4.39   2.76    0.52  0.00  0.00  0.00  -1.00   -1.0        -1.   5.69  427.2 114901.
199 14 12 26 0.98 178.21 225.08 -4.41 1643    5.22   428.7  184376.   1.56  -3.43  -7.19   0.46    0.59  0.00  0.00  0.00  -1.00   -1.0        -1.   4.39  429.9 182063.
199 14 55 37 0.98 178.20 224.67 -4.41 1643   -1.00    -1.0      -1.  -1.00  -1.00  -5.59   2.86    0.60  0.00  0.00  0.00  -1.00   -1.0        -1.  -1.00   -1.0     -1.
199 15 38 49 0.98 178.19 224.27 -4.41 1643    5.14   419.0  141305.   0.00   0.00   1.63   4.46   -1.43  0.00  0.00  0.00  -1.00   -1.0        -1.   4.63  419.3 129825.
199 23 35 13 0.98 178.10 219.80 -4.44 1643    4.95   405.2   48123.   2.47  -0.62   0.00   0.00    0.00  0.00  0.00  0.00   0.11  395.3    229588.   4.49  406.5  38985.
