1976/125   rh    esh  clong  clat crot    np1     vp1     Tp1   vaz   vel     Bx     By     Bz  sBx  sBy  sBz   nal   val     Tal   np2   vp2     Tp2
hh:mm:ss [AU]  [deg]  [deg] [deg]    # [cm-3]  [km/s]     [K] [deg] [deg]   [nT]   [nT]   [nT] [nT] [nT] [nT][cm-3][km/s]     [K][cm-3][km/s]     [K]
 0:18:15 0.46 163.70 117.51  5.40 1640  47.91   315.2  25669.  5.94  0.77   0.00   0.00   0.00 0.00 0.00 0.00  0.34 305.8 105679. 42.79 309.9  24990.
 0:29:03 0.46 163.71 117.43  5.39 1640  45.58   311.3  25159.  0.00  0.00   0.00   0.00   0.00 0.00 0.00 0.00  0.27 309.5  33043. 40.41 311.4  28112.
 0:39:51 0.46 163.73 117.35  5.39 1640  -1.00    -1.0     -1. -1.00 -1.00   0.00   0.00   0.00 0.00 0.00 0.00 -1.00  -1.0     -1. 40.59 313.6  25958.
 0:51:15 0.46 163.74 117.26  5.39 1640  44.46   331.3  28590.  0.00  0.00   0.00   0.00   0.00 0.00 0.00 0.00  0.18 318.0  84577. -1.00  -1.0     -1.
 1:02:03 0.46 163.76 117.18  5.39 1640  50.37   315.4  28034.  0.00  0.00   0.00   0.00   0.00 0.00 0.00 0.00  0.08 322.8  71791. 42.46 314.1  27456.
 2:18:13 0.46 163.76 116.47  5.51 1641  -1.00    -1.0     -1. -1.00 -1.00   5.37  -2.09  -9.56 1.91 0.13 1.86 -1.00  -1.0     -1. -1.00  -1.0     -1.
 2:18:23 0.46 163.87 116.59  5.37 1640  51.28   303.4  35720.  7.02  0.61   5.37  -2.09  -9.56 1.91 0.13 1.86 -1.00  -1.0     -1. 43.54 298.1  30383.
 2:19:04 0.46 163.87 116.58  5.37 1640  45.75   314.0  34502.  0.00  0.00   0.00   0.00   0.00 0.00 0.00 0.00 -1.00  -1.0     -1. -1.00  -1.0     -1.
 2:19:14 0.46 163.87 116.58  5.37 1640  47.50   307.2  32004.  5.08  0.39   6.78  -3.87  -7.94 1.54 0.84 1.61 -1.00  -1.0     -1. 40.69 302.2  30977.
 2:19:24 0.46 163.87 116.58  5.37 1640  -1.00    -1.0     -1. -1.00 -1.00   7.22  -3.49  -7.96 1.62 0.87 1.86 -1.00  -1.0     -1. -1.00  -1.0     -1.
 2:19:45 0.46 163.87 116.58  5.37 1640  47.98   308.8  37526.  5.10  0.38   8.18  -2.43  -7.92 1.44 0.49 2.28 -1.00  -1.0     -1. 40.90 304.8  36503.
 2:20:25 0.46 163.88 116.57  5.37 1640  46.56   308.5  30230.  5.23  0.65   7.75  -2.24  -8.03 0.36 0.44 0.28 -1.00  -1.0     -1. 40.97 303.4  29743.
 2:21:06 0.46 163.88 116.57  5.37 1640  48.52   309.8  37523.  4.98  0.37   7.33  -2.87  -8.50 0.53 0.99 0.59 -1.00  -1.0     -1. 41.30 305.5  36711.
 2:21:46 0.46 163.88 116.56  5.37 1640  47.09   308.3  30925.  4.77  0.67   7.03  -3.53  -8.61 0.83 2.07 0.99 -1.00  -1.0     -1. 41.55 303.6  30493.
 2:22:27 0.46 163.88 116.56  5.37 1640  48.55   314.4  35912.  6.95  0.25   7.93  -1.23  -9.11 0.24 0.25 0.29 -1.00  -1.0     -1. 40.45 308.6  30938.
 2:23:07 0.46 163.88 116.55  5.37 1640  47.77   309.7  31097.  5.40  0.61   8.10  -1.06  -9.02 0.16 0.16 0.18 -1.00  -1.0     -1. 42.33 304.6  30123.
 2:23:48 0.46 163.88 116.55  5.37 1640  47.07   309.9  37991.  5.08  0.75   0.61  -8.15  -7.81 1.59 1.40 1.48 -1.00  -1.0     -1. 40.04 305.6  36181.
 2:24:28 0.46 163.88 116.54  5.37 1640  48.82   313.0  29207.  6.23  1.85   1.67  -6.43  -8.99 0.71 1.07 0.79  0.18 313.0  29912. 43.27 308.4  33573.
 2:25:09 0.46 163.88 116.54  5.37 1640  47.78   315.3  26481.  6.41  1.65   2.75  -6.13  -8.96 0.39 0.99 0.87  0.41 305.0  67477. 42.26 309.3  26348.
 2:25:49 0.46 163.88 116.53  5.37 1640  51.07   314.8  29184.  6.40  1.41   3.65  -5.54  -8.88 1.17 0.58 0.93  0.17 317.5  79223. 45.60 309.9  32722.
 2:26:30 0.46 163.88 116.52  5.37 1640  49.14   312.1  33514.  6.31  0.86   0.67  -8.21  -6.96 1.52 1.13 0.96  0.24 304.3  37851. 42.16 307.0  29204.
 2:27:10 0.46 163.89 116.52  5.37 1640  53.58   318.5  26595.  7.44  0.27   3.26  -6.69  -9.12 0.31 0.25 0.38  0.21 315.5  40060. -1.00  -1.0     -1.
 2:27:51 0.46 163.89 116.51  5.37 1640  48.55   317.0  28979.  6.41  0.63   3.31  -4.41 -10.25 0.50 0.33 0.28 -1.00  -1.0     -1. 42.46 311.2  28820.
 2:28:31 0.46 163.89 116.51  5.37 1640  46.06   316.0  27222.  5.77  0.75   3.97  -3.55  -9.88 0.25 0.42 0.61  0.25 313.0  42126. 41.56 311.9  30786.
 2:29:11 0.46 163.89 116.51  5.37 1640  49.26   302.1  27258.  0.00  0.00   4.87  -3.29  -9.09 0.27 0.46 0.65 -1.00  -1.0     -1. -1.00  -1.0     -1.
 2:29:21 0.46 163.89 116.50  5.37 1640  47.39   316.5  29304.  5.46  0.80   4.84  -3.17  -9.38 0.37 0.36 0.47 -1.00  -1.0     -1. 42.13 311.7  28889.
 2:29:32 0.46 163.89 116.50  5.37 1640  -1.00    -1.0     -1. -1.00 -1.00   4.78  -3.22  -9.38 0.47 0.36 0.65 -1.00  -1.0     -1. 42.12 311.7  28866.
 2:29:52 0.46 163.89 116.50  5.37 1640  51.34   312.1  27901.  5.79  1.78   4.70  -2.93  -9.44 0.44 0.57 0.70 -1.00  -1.0     -1. 44.21 306.5  27648.
 2:30:33 0.46 163.89 116.49  5.37 1640  50.44   314.0  33911.  5.71  1.46   5.64  -4.08  -8.69 0.55 0.72 0.42 -1.00  -1.0     -1. 43.05 309.2  30126.
 2:31:13 0.46 163.89 116.49  5.37 1640  47.40   312.3  28707.  6.16  0.79   7.23  -7.25  -4.87 0.72 1.44 1.74 -1.00  -1.0     -1. 40.78 306.4  27108.
 2:31:54 0.46 163.89 116.48  5.37 1640  51.46   308.5  35973.  7.82 -0.31   0.00   0.00   0.00 0.00 0.00 0.00 -1.00  -1.0     -1. 44.48 301.6  34443.
 2:32:34 0.46 163.89 116.48  5.37 1640  50.53   308.9  31097.  6.87  0.68   7.42  -5.29  -6.38 0.47 0.38 0.42 -1.00  -1.0     -1. 43.71 302.4  29876.
 2:33:15 0.46 163.89 116.47  5.37 1640  51.41   309.3  36480.  6.50  0.65   6.66  -2.89  -7.61 0.86 1.31 0.76 -1.00  -1.0     -1. 43.03 304.6  36422.
 2:33:55 0.46 163.89 116.47  5.37 1640  50.80   312.1  30877.  5.33  1.14   6.50  -4.46  -6.87 1.40 1.65 1.19 -1.00  -1.0     -1. 45.22 308.2  35593.
 2:34:36 0.46 163.90 116.46  5.37 1640  49.40   314.5  34174.  6.83  0.60   0.00   0.00   0.00 0.00 0.00 0.00 -1.00  -1.0     -1. 43.68 309.0  30834.
 2:35:16 0.46 163.90 116.46  5.37 1640  49.71   311.4  32809.  7.52  0.39   4.40  -3.46  -8.58 0.30 0.87 0.57 -1.00  -1.0     -1. 43.90 304.5  31344.
 2:35:57 0.46 163.90 116.45  5.37 1640  51.29   316.5  30048.  5.71  0.84   2.47  -6.24  -8.02 1.10 2.48 1.37 -1.00  -1.0     -1. 45.82 310.7  29395.
 2:36:37 0.46 163.90 116.45  5.37 1640  49.94   323.9  35558.  8.28  0.18   1.34  -8.12  -7.73 0.92 0.74 0.63  0.22 316.9 104470. 42.35 319.0  31760.
 2:37:18 0.46 163.90 116.44  5.37 1640  50.25   319.6  27040.  7.08  0.22   2.47  -7.45  -7.72 0.27 0.26 0.34 -1.00  -1.0     -1. 43.07 313.0  26543.
 2:38:29 0.46 163.90 116.43  5.37 1640  53.48   316.8  26530.  6.68  0.49   3.12  -6.79  -7.51 0.27 0.24 0.24  0.18 310.7  39956. 45.66 312.8  30341.
 2:38:39 0.46 163.90 116.43  5.37 1640  49.83   323.1  27680.  7.72  0.44   3.14  -6.75  -7.50 0.24 0.18 0.19 -1.00  -1.0     -1. 42.54 316.5  26452.
 2:39:19 0.46 163.90 116.43  5.37 1640  52.34   318.5  25439.  6.93  0.42   3.47  -5.97  -7.64 0.60 1.01 0.34  0.17 313.3  33758. 44.44 315.4  26689.
 2:40:00 0.46 163.90 116.42  5.37 1640  53.36   319.1  27375.  6.42  0.31   4.09  -5.13  -7.84 0.27 0.22 0.30 -1.00  -1.0     -1. -1.00  -1.0     -1.
 2:40:41 0.46 163.90 116.42  5.37 1640  50.04   317.9  25666.  7.17  0.10   3.37  -7.60  -6.31 0.14 0.05 0.22 -1.00  -1.0     -1. 42.63 313.7  30022.
 2:41:21 0.46 163.91 116.41  5.37 1640  53.06   320.9  27173.  6.89 -0.04   3.77  -5.38  -7.39 0.36 1.19 0.72 -1.00  -1.0     -1. 46.00 314.8  26228.
 2:42:01 0.46 163.91 116.41  5.37 1640  51.97   320.4  30162.  6.84 -0.06   0.00   0.00   0.00 0.00 0.00 0.00  0.25 312.2  76573. 45.43 316.0  26995.
 2:42:42 0.46 163.91 116.40  5.37 1640  55.41   320.9  26754.  6.75 -0.31   3.70  -4.52  -7.78 0.23 0.37 0.34 -1.00  -1.0     -1. 46.40 314.9  25903.
 2:43:53 0.46 163.91 116.39  5.37 1640  55.96   320.9  29714.  6.98 -0.16   4.07  -4.88  -7.29 0.19 0.26 0.36  0.24 314.2  70479. 47.39 316.6  26660.
 2:44:03 0.46 163.91 116.39  5.37 1640  55.29   320.9  26670.  6.87 -0.36   4.04  -5.16  -7.19 0.26 0.74 0.61 -1.00  -1.0     -1. 46.41 314.6  26693.
 2:44:43 0.46 163.91 116.38  5.37 1640  52.58   320.4  31942.  6.89 -0.14   4.45   0.34  -8.85 0.37 1.64 1.02  0.16 318.4  72817. 44.83 315.9  27511.
 2:45:24 0.46 163.91 116.38  5.37 1640  48.63   318.0  28746.  4.79  0.64   5.13   1.20  -8.88 0.31 0.26 0.22 -1.00  -1.0     -1. 42.19 313.6  27508.
 2:46:04 0.46 163.91 116.37  5.37 1640  50.25   315.3  26926.  5.08  0.58   4.78   0.37  -9.06 1.07 1.52 0.99  0.19 311.7  33498. 43.61 311.8  31643.
 2:46:44 0.46 163.91 116.37  5.37 1640  50.22   319.3  29548.  4.65  1.00   4.38  -0.88  -9.89 0.40 0.52 0.74  0.07 321.5  46999. 43.41 315.0  29116.
 2:47:25 0.46 163.91 116.36  5.37 1640  49.74   316.3  26910.  6.21  1.31   3.63   1.04  -9.43 0.49 1.78 1.30  0.19 313.2  39176. 43.63 311.7  31698.
 2:48:06 0.46 163.92 116.36  5.37 1640  48.58   319.8  29681.  4.41  1.35   1.75   3.64  -4.25 0.50 4.78 2.17  0.24 321.5  88592. 41.91 315.3  28843.
 2:48:46 0.46 163.92 116.35  5.37 1640  54.40   317.7  41791.  2.48  1.40   1.00  10.69  -5.90 0.60 0.52 0.61  0.59 310.5  84278. 46.30 315.9  41973.
 2:49:27 0.46 163.92 116.35  5.37 1640  46.32   322.6  28050.  3.52  0.15   1.15  11.33  -5.32 0.22 0.62 0.32  0.30 322.5  35057. 39.78 318.6  26023.
 2:50:07 0.46 163.92 116.34  5.37 1640  -1.00    -1.0     -1. -1.00 -1.00   0.42  12.66  -4.44 0.21 0.16 0.18 -1.00  -1.0     -1. 39.63 319.5  27985.
 2:50:48 0.46 163.92 116.34  5.37 1640  44.28   320.8  28603.  3.48 -0.22   1.57  12.37  -3.26 1.23 1.71 2.04  0.33 322.4  42347. 37.93 316.6  28232.
 2:51:28 0.46 163.92 116.33  5.37 1640  46.35   322.6  33976.  3.60 -0.62   3.74   8.07  -8.04 0.49 0.41 0.58  0.39 317.6  89826. 38.50 320.0  30032.
 2:52:08 0.46 163.92 116.33  5.37 1640  48.66   319.5  30165.  4.43  0.69   5.47  -3.15  -6.56 0.69 2.95 2.21  0.30 316.7  43101. 41.96 315.2  29044.
 2:52:49 0.46 163.92 116.32  5.37 1640  54.57   317.7  35070.  5.29  0.95  -1.83  -6.31  -4.72 6.83 2.05 1.34  0.53 314.8  72739. 47.33 314.1  34648.
 2:54:00 0.46 163.92 116.31  5.37 1640  54.53   321.0  27953.  6.93 -0.07   0.00   0.00   0.00 0.00 0.00 0.00  0.35 322.2  45271. 45.10 314.6  27644.
 2:54:10 0.46 163.92 116.31  5.37 1640  54.51   321.3  29665.  7.35 -0.07   0.00   0.00   0.00 0.00 0.00 0.00  0.49 315.2  33732. 45.09 316.8  27342.
 2:54:51 0.46 163.92 116.31  5.37 1640  55.45   321.0  25890.  7.21 -0.17   2.98 -10.28  -2.13 0.52 0.77 0.84  0.68 314.5 104392. 46.16 314.5  26056.
 2:55:31 0.46 163.93 116.30  5.37 1640  52.63   320.0  24477.  7.77 -0.23   2.76 -10.36  -2.37 0.67 0.62 0.72  0.68 318.9  70634. 45.56 316.2  26972.
 2:56:12 0.46 163.93 116.30  5.37 1640  53.17   322.3  28096.  6.59 -0.30   3.29 -10.01  -2.57 0.29 0.19 0.23  0.62 313.9  96843. 45.13 316.1  27024.
 2:56:52 0.46 163.93 116.29  5.37 1640  54.15   319.9  31075.  6.55 -0.07   3.07 -10.31  -2.23 0.40 0.64 0.51  0.51 318.5  89099. 45.79 315.8  28197.
 2:57:33 0.46 163.93 116.28  5.37 1640  55.86   320.1  27937.  6.51  0.08   0.00   0.00   0.00 0.00 0.00 0.00  0.52 318.6 131433. 46.67 314.1  27446.
 2:58:13 0.46 163.93 116.28  5.37 1640  52.37   318.5  26608.  7.27 -0.78   0.74 -11.93  -0.80 0.42 0.48 0.86  0.70 318.9  89787. 44.60 315.4  26654.
 2:58:54 0.46 163.93 116.27  5.37 1640  55.11   322.2  26602.  6.71 -0.32  -0.03 -12.42   0.45 0.34 0.43 0.48  0.70 318.5  75494. 45.32 316.4  25328.
 2:59:34 0.46 163.93 116.27  5.37 1640  51.34   321.3  29480.  6.89 -0.41   0.00   0.00   0.00 0.00 0.00 0.00  0.48 319.5  80640. 44.17 317.4  27362.
 3:00:14 0.46 163.93 116.27  5.37 1640  57.17   320.5  25517.  6.71 -0.30  -0.35 -13.42   0.32 0.56 0.28 0.69  0.49 317.6  96024. 46.12 314.7  25244.
 3:00:55 0.46 163.93 116.26  5.37 1640  50.46   322.9  28941.  6.14 -0.66  -0.07 -12.95   0.21 0.92 0.50 1.22  0.43 317.0  60668. 44.25 318.2  26189.
 3:01:36 0.46 163.94 116.25  5.37 1640  54.88   320.7  26179.  6.39 -0.33   1.44 -11.85  -3.00 0.32 0.45 0.48  0.65 318.4  81588. 44.76 315.0  26628.
 3:02:16 0.46 163.94 116.25  5.37 1640  53.48   321.1  28645.  6.43 -0.21   1.42 -11.52  -3.04 0.41 0.65 1.04  0.48 317.5  69335. -1.00  -1.0     -1.
 3:02:57 0.46 163.94 116.24  5.37 1640  52.31   322.0  26420.  7.07 -0.45   1.35 -11.21  -3.80 0.29 0.34 0.21  0.77 317.1  84850. 44.49 315.6  25643.
 3:03:37 0.46 163.94 116.24  5.37 1640  52.76   319.3  24623.  7.28 -0.17   1.31 -11.01  -3.80 0.40 0.31 0.31  0.66 315.1  41061. 45.13 315.5  25673.
 3:04:18 0.46 163.94 116.23  5.37 1640  53.75   321.9  27654.  6.21 -0.57   1.49 -10.93  -4.17 0.48 0.39 0.37  0.57 321.7  47311. 45.71 316.2  27115.
 3:04:58 0.46 163.94 116.23  5.37 1640  51.56   317.7  25819.  6.16 -0.23   0.07 -10.10  -6.20 0.36 0.43 0.33  0.49 315.5  57511. 45.35 314.8  30753.
 3:05:39 0.46 163.94 116.22  5.37 1640  51.74   322.9  26507.  5.76 -0.07  -0.56  -9.40  -7.23 0.24 0.64 0.43  0.39 323.8  39384. 44.92 317.5  26088.
 3:06:19 0.46 163.94 116.22  5.37 1640  52.88   322.9  29863.  6.14 -0.14  -0.21  -9.78  -6.86 0.24 0.26 0.25  0.52 318.4  63436. 44.17 318.1  26585.
 3:07:00 0.46 163.94 116.21  5.37 1640  52.94   322.5  24721.  6.07  0.16  -0.54  -9.88  -6.46 0.22 0.31 0.27  0.60 318.0  84577. 45.19 317.2  24584.
 3:07:40 0.46 163.94 116.21  5.37 1640  52.53   324.5  25731.  5.88  0.18  -0.51  -8.84  -6.90 0.18 0.53 0.40  0.47 320.6  72142. 45.21 319.0  25380.
 3:08:21 0.46 163.95 116.20  5.37 1640  55.35   322.7  26556.  5.76 -0.19  -0.63  -8.94  -6.61 0.31 0.37 0.46  0.50 320.7  33719. 46.11 317.4  25169.
 3:09:01 0.46 163.95 116.20  5.37 1640  53.25   324.3  26449.  5.86  0.27  -0.90  -9.10  -7.05 0.32 0.56 0.33  0.45 316.4  59122. 46.07 318.6  25874.
 3:09:42 0.46 163.95 116.19  5.37 1640  53.16   323.3  26819.  6.06  0.19  -1.14  -9.95  -6.73 0.19 0.42 0.35  0.52 323.9  38462. 45.18 317.6  25497.
 3:10:22 0.46 163.95 116.19  5.37 1640  50.16   324.4  25267.  6.29  0.29  -1.41  -9.09  -6.91 0.23 0.18 0.22  0.45 320.0  61994. 45.18 319.0  25237.
 3:11:03 0.46 163.95 116.18  5.37 1640  55.77   323.2  24542.  6.01  0.21  -2.16  -9.07  -6.50 0.38 0.23 0.27  0.49 317.4  70206. 45.46 317.6  24178.
 3:11:43 0.46 163.95 116.18  5.37 1640  55.14   325.2  23740.  6.39  0.36   0.00   0.00   0.00 0.00 0.00 0.00  0.39 320.2  62981. 46.29 319.5  24435.
 3:12:24 0.46 163.95 116.17  5.37 1640  55.53   324.2  23525.  6.41  0.34  -2.78  -8.86  -6.93 0.25 0.28 0.31  0.70 323.1  29366. 46.84 318.4  23590.
 3:13:04 0.46 163.95 116.17  5.36 1640  54.90   325.6  24659.  6.30  0.18  -2.78  -8.60  -6.57 0.21 0.13 0.07  0.51 320.9  63670. 46.22 320.0  24617.
 3:13:45 0.46 163.95 116.16  5.36 1640  54.57   323.1  26036.  5.63  0.03  -3.53  -8.71  -7.30 0.29 0.20 0.20  0.51 322.8  39176. 45.40 317.8  25072.
 3:14:25 0.46 163.95 116.16  5.36 1640  54.26   325.7  25052.  5.76  0.09  -4.11  -8.45  -7.63 0.23 0.22 0.23  0.46 318.6  64826. -1.00  -1.0     -1.
 3:15:06 0.46 163.96 116.15  5.36 1640  52.80   323.6  27099.  5.58 -0.04  -4.00  -7.80  -7.47 0.30 0.34 0.34  0.48 322.8  36721. 44.78 318.3  25819.
 3:15:46 0.46 163.96 116.14  5.36 1640  55.15   324.3  26332.  5.30 -0.14  -4.01  -7.75  -7.16 0.24 0.29 0.35  0.62 320.6  75767. 45.90 319.7  26936.
 3:16:27 0.46 163.96 116.14  5.36 1640  55.08   324.5  27248.  5.65 -0.08  -4.75  -7.55  -6.76 0.99 1.20 0.81  0.65 323.4  32563. 45.69 319.1  26225.
 3:17:07 0.46 163.96 116.13  5.36 1640  54.70   328.6  26849.  5.24  0.53  -5.53  -7.65  -7.05 0.71 0.55 0.66  0.53 325.3  65671. 46.04 323.6  27670.
 3:17:48 0.46 163.96 116.13  5.36 1640  51.94   327.1  30753.  5.31 -0.20  -4.02  -9.66  -5.71 1.53 0.57 0.61  0.66 324.0  35213. 45.95 324.6  36282.
 3:18:28 0.46 163.96 116.12  5.36 1640  50.72   327.7  28739.  6.04 -0.75  -3.70  -9.78  -5.86 0.92 0.77 0.56  0.55 322.2 113644. 43.57 322.3  29057.
 3:19:09 0.46 163.96 116.12  5.36 1640  50.06   321.9  28317.  6.58 -0.54   9.19  -8.09   6.75 0.63 0.80 0.45  0.45 324.1  38059. 42.97 316.1  27644.
 3:19:49 0.46 163.96 116.11  5.36 1640  50.46   310.9  32286.  6.93 -2.69   8.79  -8.65   7.59 0.79 0.53 0.84 -1.00  -1.0     -1. 44.29 306.2  39631.
 3:20:30 0.46 163.96 116.11  5.36 1640  54.64   310.4  40817.  6.70 -3.02   7.29  -9.83   8.55 0.52 0.65 0.39  0.64 300.8  48090. 47.57 304.5  39271.
 3:21:10 0.46 163.96 116.10  5.36 1640  50.39   308.0  30552.  0.00  0.00   9.37  -9.51   4.43 1.91 1.56 2.37 -1.00  -1.0     -1. 43.84 308.2  35658.
 3:21:51 0.46 163.96 116.10  5.36 1640  49.97   307.2  42805.  6.85 -1.00  10.56  -9.47   2.15 0.23 0.28 0.24 -1.00  -1.0     -1. 43.75 300.8  41298.
 3:22:40 0.46 163.97 116.09  5.36 1640  45.60   310.2  35753.  7.10 -1.03   9.49  -9.90   1.30 0.20 0.26 0.20 -1.00  -1.0     -1. 40.83 305.2  43906.
 3:23:12 0.46 163.97 116.09  5.36 1640  47.41   305.2  42373.  0.00  0.00   9.24 -10.12   1.73 0.28 0.31 0.36 -1.00  -1.0     -1. 40.28 304.2  41259.
 3:23:22 0.46 163.97 116.09  5.36 1640  47.91   310.3  42081.  7.20 -0.75   9.19 -10.16   1.72 0.26 0.29 0.38 -1.00  -1.0     -1. -1.00  -1.0     -1.
 3:23:52 0.46 163.97 116.08  5.36 1640  -1.00    -1.0     -1. -1.00 -1.00   8.70 -10.42   1.80 0.42 0.30 0.39 -1.00  -1.0     -1. 42.57 304.5  42707.
 3:24:33 0.46 163.97 116.08  5.36 1640  50.47   303.7  38358. 10.33 -0.90   8.13 -10.36   0.51 0.26 0.24 0.21 -1.00  -1.0     -1. 42.73 295.5  37088.
 3:25:13 0.46 163.97 116.07  5.36 1640  47.69   316.7  34450.  0.00  0.00   0.00   0.00   0.00 0.00 0.00 0.00 -1.00  -1.0     -1. -1.00  -1.0     -1.
 3:25:23 0.46 163.97 116.07  5.36 1640  49.93   312.3  31702.  8.16 -0.72   0.00   0.00   0.00 0.00 0.00 0.00 -1.00  -1.0     -1. 42.69 306.2  39875.
 3:25:33 0.46 163.97 116.07  5.36 1640  49.93   312.3  31698.  8.16 -0.72   0.00   0.00   0.00 0.00 0.00 0.00 -1.00  -1.0     -1. 42.68 306.2  39872.
 3:25:54 0.46 163.97 116.07  5.36 1640  50.69   311.3  36714.  7.96 -0.66   0.00   0.00   0.00 0.00 0.00 0.00  0.53 306.3  62786. 42.66 305.1  36496.
 3:26:34 0.46 163.97 116.06  5.36 1640  49.18   312.5  30890.  8.35 -0.56   0.00   0.00   0.00 0.00 0.00 0.00 -1.00  -1.0     -1. 43.49 306.5  37166.
 3:27:15 0.46 163.97 116.06  5.36 1640  50.88   311.0  38462.  7.81 -0.78   7.50 -10.81  -0.21 0.42 0.39 0.46  0.51 303.9  32628. 42.87 305.0  36997.
 3:27:55 0.46 163.97 116.05  5.36 1640  50.23   313.1  31055.  8.41 -0.14   0.00   0.00   0.00 0.00 0.00 0.00  0.33 315.4  37708. 43.12 305.5  29070.
 3:28:36 0.46 163.97 116.04  5.36 1640  51.57   314.4  34619.  7.68 -0.29   0.00   0.00   0.00 0.00 0.00 0.00  0.59 306.2  63826. 43.25 308.6  30802.
 3:29:16 0.46 163.98 116.04  5.36 1640  50.79   314.2  29135.  8.27 -0.41   8.11 -10.08   0.13 1.15 1.04 2.93  0.34 312.1  34096. 43.12 306.8  27381.
 3:29:27 0.46 163.98 116.04  5.36 1640  -1.00    -1.0     -1. -1.00 -1.00   8.79  -9.37   2.31 1.39 2.18 3.48 -1.00  -1.0     -1. 42.34 309.0  30308.
 3:30:07 0.46 163.98 116.03  5.36 1640  47.88   308.2  31325.  0.00  0.00  11.72  -4.96   9.55 0.26 0.40 0.47 -1.00  -1.0     -1. 42.12 308.3  36529.
 3:30:48 0.46 163.98 116.03  5.36 1640  -1.00    -1.0     -1. -1.00 -1.00  11.28  -5.58   9.13 0.20 0.14 0.20 -1.00  -1.0     -1. -1.00  -1.0     -1.
 3:32:49 0.46 163.98 116.01  5.36 1640  46.70   308.0  31276.  0.00  0.00   0.00   0.00   0.00 0.00 0.00 0.00 -1.00  -1.0     -1. 42.80 308.5  38085.
 3:33:30 0.46 163.98 116.01  5.36 1640  49.25   314.2  39501.  6.51 -1.57  10.91  -5.50   8.98 0.22 0.16 0.18 -1.00  -1.0     -1. 41.65 309.3  33631.
 3:34:10 0.46 163.98 116.00  5.36 1640  50.58   310.0  41821.  0.00  0.00  11.09  -5.69   9.01 0.29 0.19 0.26 -1.00  -1.0     -1. 42.01 308.9  40664.
 3:34:50 0.46 163.98 116.00  5.36 1640  48.76   310.6  39446.  0.00  0.00  11.19  -6.18   8.48 0.30 0.25 0.30 -1.00  -1.0     -1. 41.22 310.0  34564.
 3:35:31 0.46 163.98 115.99  5.36 1640  48.26   312.5  32082.  6.51 -1.75  10.74  -6.06   7.26 0.26 0.35 0.41 -1.00  -1.0     -1. 43.41 308.0  38134.
 3:36:12 0.46 163.99 115.99  5.36 1640  53.13   308.2  42279.  7.06 -1.84   9.66  -5.86   6.74 0.49 0.38 0.80 -1.00  -1.0     -1. 46.23 302.7  40583.
 3:36:52 0.46 163.99 115.98  5.36 1640  -1.00    -1.0     -1. -1.00 -1.00  10.11  -6.45   5.20 0.19 0.21 0.34 -1.00  -1.0     -1. -1.00  -1.0     -1.
 3:37:32 0.46 163.99 115.98  5.36 1640  52.26   301.9  39030.  0.00  0.00  10.43  -6.69   4.54 0.22 0.25 0.27 -1.00  -1.0     -1. 46.95 300.7  37003.
 3:38:13 0.46 163.99 115.97  5.36 1640  53.71   301.6  37861.  0.00  0.00  10.15  -6.86   4.93 0.25 0.25 0.28 -1.00  -1.0     -1. 45.19 301.2  32384.
 3:38:54 0.46 163.99 115.97  5.36 1640  -1.00    -1.0     -1. -1.00 -1.00  10.51  -7.14   5.25 0.20 0.18 0.21 -1.00  -1.0     -1. 44.82 302.2  35629.
 3:39:34 0.46 163.99 115.96  5.36 1640  49.92   302.6  31081.  0.00  0.00  10.04  -7.82   5.51 0.17 0.14 0.18 -1.00  -1.0     -1. 44.26 301.4  29710.
 3:40:15 0.46 163.99 115.96  5.36 1640  -1.00    -1.0     -1. -1.00 -1.00   9.63  -7.80   5.66 0.33 0.27 0.36 -1.00  -1.0     -1. 45.11 302.0  34385.
 3:40:55 0.46 163.99 115.95  5.36 1640  -1.00    -1.0     -1. -1.00 -1.00   9.36  -7.87   5.28 0.42 1.05 0.24 -1.00  -1.0     -1. -1.00  -1.0     -1.
 3:41:35 0.46 163.99 115.94  5.36 1640  -1.00    -1.0     -1. -1.00 -1.00   9.55  -7.97   4.32 0.18 0.21 0.22 -1.00  -1.0     -1. 44.85 302.5  37094.
 3:42:16 0.46 163.99 115.94  5.36 1640  -1.00    -1.0     -1. -1.00 -1.00   9.77  -7.96   4.42 0.31 0.27 0.28 -1.00  -1.0     -1. 44.67 302.5  31562.
 3:42:57 0.46 163.99 115.93  5.36 1640  -1.00    -1.0     -1. -1.00 -1.00   9.61  -8.18   4.96 0.31 0.25 0.23 -1.00  -1.0     -1. 44.88 301.6  35629.
 3:43:37 0.46 164.00 115.93  5.36 1640  51.14   309.0  30948.  7.61 -1.49   9.25  -7.60   5.18 0.31 0.71 0.38 -1.00  -1.0     -1. 44.69 302.5  30337.
 3:44:18 0.46 164.00 115.93  5.36 1640  55.44   303.6  40307.  0.00  0.00   0.00   0.00   0.00 0.00 0.00 0.00 -1.00  -1.0     -1. 46.28 302.4  39872.
 3:44:58 0.46 164.00 115.92  5.36 1640  51.70   303.9  34158.  0.00  0.00   9.33  -6.67   5.57 0.21 0.21 0.25 -1.00  -1.0     -1. 45.23 304.0  40684.
 3:45:39 0.46 164.00 115.91  5.36 1640  52.38   304.1  35295.  0.00  0.00   0.00   0.00   0.00 0.00 0.00 0.00  0.35 300.8  68010. 44.68 303.1  35372.
 3:46:19 0.46 164.00 115.91  5.36 1640  52.26   304.5  32530.  0.00  0.00   0.00   0.00   0.00 0.00 0.00 0.00 -1.00  -1.0     -1. 44.89 303.0  31432.
 3:46:59 0.46 164.00 115.90  5.36 1640  52.82   303.1  38842.  0.00  0.00   8.11  -9.05   2.98 0.21 0.22 0.21  0.50 298.1  79691. 45.10 301.8  37237.
 3:52:30 0.46 164.01 115.86  5.36 1640  51.03   300.9  46648.  0.00  0.00  14.08  -1.64   3.02 0.27 0.16 0.30 -1.00  -1.0     -1. 43.54 298.7  43062.
 3:53:11 0.46 164.01 115.86  5.36 1640  50.78   296.8  40658.  0.00  0.00   0.00   0.00   0.00 0.00 0.00 0.00 -1.00  -1.0     -1. 42.27 296.3  39235.
 3:55:53 0.46 164.01 115.83  5.36 1640  -1.00    -1.0     -1. -1.00 -1.00   0.00   0.00   0.00 0.00 0.00 0.00 -1.00  -1.0     -1. 42.56 297.8  39563.
 3:57:14 0.46 164.02 115.83  5.36 1640  50.64   297.2  41070.  0.00  0.00   0.00   0.00   0.00 0.00 0.00 0.00 -1.00  -1.0     -1. 43.56 298.9  51465.
 3:57:55 0.46 164.02 115.82  5.36 1640  49.83   299.9  46658.  0.00  0.00   0.00   0.00   0.00 0.00 0.00 0.00 -1.00  -1.0     -1. 42.87 298.1  45128.
 3:58:35 0.46 164.02 115.81  5.36 1640  46.89   309.1  57465.  6.97 -0.67   0.00   0.00   0.00 0.00 0.00 0.00 -1.00  -1.0     -1. 40.69 302.5  57248.
 3:59:16 0.46 164.02 115.81  5.36 1640  45.28   305.4  56549.  0.00  0.00   0.00   0.00   0.00 0.00 0.00 0.00 -1.00  -1.0     -1. 40.14 306.2  65966.
 4:00:37 0.46 164.02 115.80  5.36 1640  -1.00    -1.0     -1. -1.00 -1.00   0.00   0.00   0.00 0.00 0.00 0.00 -1.00  -1.0     -1. 40.57 305.3  61760.
 4:05:20 0.46 164.03 115.76  5.36 1640  46.97   307.2  62848.  6.73 -0.93   0.00   0.00   0.00 0.00 0.00 0.00 -1.00  -1.0     -1. 41.04 300.6  61406.
 4:06:01 0.46 164.03 115.76  5.36 1640  -1.00    -1.0     -1. -1.00 -1.00   0.00   0.00   0.00 0.00 0.00 0.00 -1.00  -1.0     -1. 42.38 297.7  49383.
 4:07:22 0.46 164.03 115.75  5.36 1640  49.99   298.9  50237.  0.00  0.00   0.00   0.00   0.00 0.00 0.00 0.00 -1.00  -1.0     -1. 44.02 297.4  47239.
 4:08:02 0.46 164.03 115.74  5.35 1640  47.43   300.1  62552.  0.00  0.00   0.00   0.00   0.00 0.00 0.00 0.00 -1.00  -1.0     -1. 41.19 298.9  61899.
 4:09:23 0.46 164.03 115.73  5.35 1640  -1.00    -1.0     -1. -1.00 -1.00   0.00   0.00   0.00 0.00 0.00 0.00 -1.00  -1.0     -1. 42.96 299.6  58947.
 4:10:04 0.46 164.04 115.73  5.35 1640  -1.00    -1.0     -1. -1.00 -1.00   0.00   0.00   0.00 0.00 0.00 0.00 -1.00  -1.0     -1. 42.77 298.8  50900.
 4:10:44 0.46 164.04 115.72  5.35 1640  51.75   299.9  60152.  0.00  0.00   0.00   0.00   0.00 0.00 0.00 0.00 -1.00  -1.0     -1. 42.22 299.4  59427.
 4:11:25 0.46 164.04 115.71  5.35 1640  49.53   305.0  52677.  6.71 -0.83   0.00   0.00   0.00 0.00 0.00 0.00 -1.00  -1.0     -1. 42.33 298.5  50393.
 4:12:05 0.46 164.04 115.71  5.35 1640  51.61   296.3  46037.  0.00  0.00   0.00   0.00   0.00 0.00 0.00 0.00 -1.00  -1.0     -1. 45.26 297.2  57654.
 4:13:26 0.46 164.04 115.70  5.35 1640  51.65   296.1  42756.  0.00  0.00   0.00   0.00   0.00 0.00 0.00 0.00 -1.00  -1.0     -1. 42.19 295.9  40807.
 4:14:47 0.46 164.04 115.69  5.35 1640  -1.00    -1.0     -1. -1.00 -1.00   0.00   0.00   0.00 0.00 0.00 0.00 -1.00  -1.0     -1. 42.95 297.8  52248.
 4:16:08 0.46 164.04 115.68  5.35 1640  53.00   296.9  45280.  0.00  0.00   0.00   0.00   0.00 0.00 0.00 0.00 -1.00  -1.0     -1. 44.79 298.4  54535.
 4:17:29 0.46 164.05 115.67  5.35 1640  47.66   299.3  61821.  0.00  0.00   0.00   0.00   0.00 0.00 0.00 0.00 -1.00  -1.0     -1. 40.41 299.1  59801.
 4:18:10 0.46 164.05 115.66  5.35 1640  46.63   299.2  55221.  0.00  0.00   0.00   0.00   0.00 0.00 0.00 0.00 -1.00  -1.0     -1. 38.67 298.6  47944.
 4:18:50 0.46 164.05 115.66  5.35 1640  47.46   297.7  46284.  0.00  0.00   0.00   0.00   0.00 0.00 0.00 0.00 -1.00  -1.0     -1. 42.19 297.6  56643.
 4:19:30 0.46 164.05 115.65  5.35 1640  -1.00    -1.0     -1. -1.00 -1.00   0.00   0.00   0.00 0.00 0.00 0.00 -1.00  -1.0     -1. 41.07 296.2  45329.
 4:20:11 0.46 164.05 115.65  5.35 1640  49.18   294.7  43747.  0.00  0.00   0.00   0.00   0.00 0.00 0.00 0.00 -1.00  -1.0     -1. 41.29 293.1  41369.
 4:21:32 0.46 164.05 115.64  5.35 1640  48.66   300.2  41369.  6.77 -0.86   0.00   0.00   0.00 0.00 0.00 0.00 -1.00  -1.0     -1. 41.49 293.7  39644.
 4:24:14 0.46 164.06 115.62  5.35 1640  46.73   302.7  47203.  6.49 -0.73   0.00   0.00   0.00 0.00 0.00 0.00 -1.00  -1.0     -1. 40.64 298.2  57709.
 4:24:55 0.46 164.06 115.61  5.35 1640  49.81   297.5  44205.  0.00  0.00   0.00   0.00   0.00 0.00 0.00 0.00 -1.00  -1.0     -1. 43.18 295.8  42383.
 4:28:17 0.46 164.06 115.59  5.35 1640  49.39   293.8  42107.  0.00  0.00   0.00   0.00   0.00 0.00 0.00 0.00 -1.00  -1.0     -1. 41.62 293.1  40161.
 4:28:58 0.46 164.06 115.58  5.35 1640  48.24   296.3  44647.  0.00  0.00   0.00   0.00   0.00 0.00 0.00 0.00 -1.00  -1.0     -1. 42.57 294.9  42834.
 4:30:59 0.46 164.06 115.56  5.35 1640  45.16   302.9  48789.  6.21 -0.91  13.80  -1.54   2.89 0.35 0.19 0.29 -1.00  -1.0     -1. 39.82 298.7  58514.
 4:31:40 0.46 164.07 115.56  5.35 1640  -1.00    -1.0     -1. -1.00 -1.00  13.73  -1.29   2.98 0.32 0.24 0.35 -1.00  -1.0     -1. 40.37 296.2  47590.
 4:32:20 0.46 164.07 115.55  5.35 1640  -1.00    -1.0     -1. -1.00 -1.00  13.50  -1.35   3.19 0.30 0.21 0.22 -1.00  -1.0     -1. 41.53 296.5  55331.
 4:33:01 0.46 164.07 115.55  5.35 1640  -1.00    -1.0     -1. -1.00 -1.00  13.15  -1.59   3.47 0.29 0.13 0.32 -1.00  -1.0     -1. -1.00  -1.0     -1.
 4:33:41 0.46 164.07 115.54  5.35 1640  -1.00    -1.0     -1. -1.00 -1.00  13.04  -2.22   3.18 0.25 0.23 0.25 -1.00  -1.0     -1. -1.00  -1.0     -1.
 4:36:23 0.46 164.07 115.52  5.35 1640  -1.00    -1.0     -1. -1.00 -1.00  12.20  -3.35   4.58 0.26 0.19 0.25 -1.00  -1.0     -1. -1.00  -1.0     -1.
 4:37:03 0.46 164.07 115.52  5.35 1640  -1.00    -1.0     -1. -1.00 -1.00  12.05  -3.44   4.39 0.22 0.25 0.23 -1.00  -1.0     -1. -1.00  -1.0     -1.
 4:37:44 0.46 164.07 115.51  5.35 1640  -1.00    -1.0     -1. -1.00 -1.00  12.39  -2.69   4.74 0.29 0.11 0.25 -1.00  -1.0     -1. -1.00  -1.0     -1.
 4:38:24 0.46 164.08 115.51  5.35 1640  -1.00    -1.0     -1. -1.00 -1.00  12.24  -1.61   5.06 0.26 0.48 0.44 -1.00  -1.0     -1. -1.00  -1.0     -1.
 4:39:05 0.46 164.08 115.50  5.35 1640  -1.00    -1.0     -1. -1.00 -1.00  11.93  -1.49   5.32 0.31 0.52 0.42 -1.00  -1.0     -1. -1.00  -1.0     -1.
 4:39:46 0.46 164.08 115.50  5.35 1640  -1.00    -1.0     -1. -1.00 -1.00  11.92  -1.93   4.73 0.30 0.49 0.46 -1.00  -1.0     -1. -1.00  -1.0     -1.
 4:40:26 0.46 164.08 115.49  5.35 1640  -1.00    -1.0     -1. -1.00 -1.00  11.70  -0.66   5.05 0.38 0.86 1.06 -1.00  -1.0     -1. 46.65 299.3  54870.
 4:41:07 0.46 164.08 115.49  5.35 1640  -1.00    -1.0     -1. -1.00 -1.00  -4.65 -11.12   2.46 2.46 0.54 1.12 -1.00  -1.0     -1. 43.25 297.1  50254.
 4:41:47 0.46 164.08 115.48  5.35 1640  -1.00    -1.0     -1. -1.00 -1.00   5.27  -8.49  -2.12 5.11 1.52 2.71 -1.00  -1.0     -1. -1.00  -1.0     -1.
 4:43:49 0.46 164.08 115.46  5.35 1640  51.67   301.5  44302.  0.00  0.00   0.00   0.00   0.00 0.00 0.00 0.00  0.52 293.2  34901. 43.52 300.1  44741.
 4:44:29 0.46 164.08 115.46  5.35 1640  49.45   296.1  47983.  0.00  0.00   0.00   0.00   0.00 0.00 0.00 0.00 -1.00  -1.0     -1. 43.09 296.3  56241.
 4:45:10 0.46 164.09 115.46  5.35 1640  -1.00    -1.0     -1. -1.00 -1.00  11.49  -1.02   6.04 0.29 0.22 0.62 -1.00  -1.0     -1. 44.68 295.5  48551.
 4:45:58 0.46 164.09 115.45  5.35 1640  -1.00    -1.0     -1. -1.00 -1.00  11.02  -0.89   7.44 1.24 0.59 1.44 -1.00  -1.0     -1. -1.00  -1.0     -1.
 4:47:11 0.46 164.09 115.44  5.35 1640  52.74   296.9  44364.  0.00  0.00   0.00   0.00   0.00 0.00 0.00 0.00 -1.00  -1.0     -1. 44.55 298.4  53515.
 4:47:52 0.46 164.09 115.43  5.35 1640  -1.00    -1.0     -1. -1.00 -1.00   0.00   0.00   0.00 0.00 0.00 0.00 -1.00  -1.0     -1. 43.99 297.0  46060.
 4:48:32 0.46 164.09 115.43  5.35 1640  -1.00    -1.0     -1. -1.00 -1.00  11.40  -1.96   6.28 0.28 0.23 0.46 -1.00  -1.0     -1. -1.00  -1.0     -1.
 4:49:13 0.46 164.09 115.42  5.35 1640  50.62   298.1  47285.  0.00  0.00   0.00   0.00   0.00 0.00 0.00 0.00 -1.00  -1.0     -1. 43.78 296.8  46476.
 4:49:53 0.46 164.09 115.42  5.35 1640  -1.00    -1.0     -1. -1.00 -1.00   0.00   0.00   0.00 0.00 0.00 0.00 -1.00  -1.0     -1. 43.05 297.3  53512.
 4:50:34 0.46 164.09 115.41  5.35 1640  51.65   298.1  54113.  0.00  0.00   0.00   0.00   0.00 0.00 0.00 0.00 -1.00  -1.0     -1. 44.16 297.5  47200.
 4:51:14 0.46 164.09 115.41  5.35 1640  52.46   298.2  42379.  0.00  0.00   8.99  -5.06   7.43 0.34 0.17 0.46 -1.00  -1.0     -1. 45.17 299.3  48435.
 4:51:55 0.46 164.09 115.40  5.35 1640  53.02   299.4  44150.  0.00  0.00   9.30  -4.76   7.26 0.24 0.10 0.42 -1.00  -1.0     -1. 46.37 298.1  42724.
 4:52:35 0.46 164.10 115.40  5.35 1640  52.71   295.3  41207.  0.00  0.00   0.00   0.00   0.00 0.00 0.00 0.00 -1.00  -1.0     -1. 43.79 295.7  39885.
 4:53:56 0.46 164.10 115.38  5.35 1640  -1.00    -1.0     -1. -1.00 -1.00  11.39  -3.79   5.19 0.30 0.19 0.41 -1.00  -1.0     -1. -1.00  -1.0     -1.
 4:54:36 0.46 164.10 115.38  5.35 1640  -1.00    -1.0     -1. -1.00 -1.00  11.49  -4.19   4.81 0.35 1.44 0.41 -1.00  -1.0     -1. -1.00  -1.0     -1.
 4:55:57 0.46 164.10 115.37  5.35 1640  52.67   297.9  46245.  0.00  0.00   0.00   0.00   0.00 0.00 0.00 0.00 -1.00  -1.0     -1. 45.12 296.8  45059.
 4:56:38 0.46 164.10 115.37  5.35 1640  52.31   297.2  43529.  0.00  0.00   0.00   0.00   0.00 0.00 0.00 0.00 -1.00  -1.0     -1. 45.44 299.0  51576.
 4:57:19 0.46 164.10 115.36  5.35 1640  50.78   303.1  44894.  0.00  0.00  11.09  -6.83   4.75 0.34 0.31 0.40 -1.00  -1.0     -1. 43.29 301.6  42987.
 4:57:59 0.46 164.10 115.35  5.35 1640  -1.00    -1.0     -1. -1.00 -1.00  11.14  -6.66   4.62 0.28 0.26 0.34 -1.00  -1.0     -1. -1.00  -1.0     -1.
 4:59:20 0.46 164.11 115.34  5.35 1640  -1.00    -1.0     -1. -1.00 -1.00  11.00  -7.46   4.16 0.27 0.25 0.43 -1.00  -1.0     -1. -1.00  -1.0     -1.
 5:01:21 0.46 164.11 115.33  5.35 1640  -1.00    -1.0     -1. -1.00 -1.00  11.47  -4.86   6.23 0.25 0.16 0.37 -1.00  -1.0     -1. -1.00  -1.0     -1.
 5:03:23 0.46 164.11 115.31  5.34 1640  51.57   301.3  53622.  0.00  0.00   6.55  -7.19   4.18 8.32 2.59 1.72 -1.00  -1.0     -1. 42.97 302.4  48220.
 5:04:03 0.46 164.11 115.31  5.34 1640  -1.00    -1.0     -1. -1.00 -1.00  -0.05 -10.46  -0.84 6.45 1.24 3.00 -1.00  -1.0     -1. -1.00  -1.0     -1.
 5:06:05 0.46 164.12 115.29  5.34 1640  53.53   311.0  35213.  7.95  0.37   6.63  -9.40  -3.37 0.51 0.64 0.46 -1.00  -1.0     -1. 48.22 305.0  39576.
 5:06:45 0.46 164.12 115.29  5.34 1640  -1.00    -1.0     -1. -1.00 -1.00   6.71  -8.91  -3.68 0.35 0.30 0.32 -1.00  -1.0     -1. -1.00  -1.0     -1.
 5:07:26 0.46 164.12 115.28  5.34 1640  -1.00    -1.0     -1. -1.00 -1.00   0.00   0.00   0.00 0.00 0.00 0.00 -1.00  -1.0     -1. 44.32 303.5  31432.
 5:08:07 0.46 164.12 115.28  5.34 1640  -1.00    -1.0     -1. -1.00 -1.00   0.00   0.00   0.00 0.00 0.00 0.00 -1.00  -1.0     -1. 46.91 303.4  39128.
 5:10:09 0.46 164.12 115.26  5.34 1640  -1.00    -1.0     -1. -1.00 -1.00  -4.63  -7.48  -1.34 8.19 2.01 0.62 -1.00  -1.0     -1. -1.00  -1.0     -1.
 5:12:50 0.46 164.13 115.24  5.34 1640  -1.00    -1.0     -1. -1.00 -1.00   0.00   0.00   0.00 0.00 0.00 0.00 -1.00  -1.0     -1. 44.65 301.9  32043.
 5:13:31 0.46 164.13 115.23  5.34 1640  -1.00    -1.0     -1. -1.00 -1.00   8.12  -9.44   0.56 1.62 0.67 1.40 -1.00  -1.0     -1. 42.55 302.5  39303.
 5:15:32 0.46 164.13 115.22  5.34 1640  -1.00    -1.0     -1. -1.00 -1.00   6.44 -10.13  -0.70 0.52 0.53 0.48 -1.00  -1.0     -1. -1.00  -1.0     -1.
 5:16:12 0.46 164.13 115.22  5.34 1640  -1.00    -1.0     -1. -1.00 -1.00   6.62  -9.70  -1.00 0.30 0.47 0.20 -1.00  -1.0     -1. -1.00  -1.0     -1.
 5:17:36 0.46 164.13 115.20  5.34 1640  -1.00    -1.0     -1. -1.00 -1.00   7.43  -8.90  -0.61 0.34 0.44 0.31 -1.00  -1.0     -1. -1.00  -1.0     -1.
 5:18:15 0.47 164.13 115.20  5.34 1640  -1.00    -1.0     -1. -1.00 -1.00   6.30  -9.04  -2.83 0.36 0.78 0.94 -1.00  -1.0     -1. -1.00  -1.0     -1.
 5:18:54 0.47 164.13 115.19  5.34 1640  53.17   306.0  38536.  0.00  0.00   6.26  -9.60  -2.44 0.26 0.31 0.43  0.46 297.1  91594. 45.10 305.8  37227.
 5:20:56 0.47 164.14 115.18  5.34 1640  -1.00    -1.0     -1. -1.00 -1.00   4.71 -11.62  -1.79 0.36 0.18 0.34 -1.00  -1.0     -1. -1.00  -1.0     -1.
 5:21:45 0.47 164.14 115.17  5.34 1640  -1.00    -1.0     -1. -1.00 -1.00   3.55 -12.14  -0.89 0.19 0.20 0.23 -1.00  -1.0     -1. -1.00  -1.0     -1.
 5:27:41 0.47 164.15 115.13  5.34 1640  -1.00    -1.0     -1. -1.00 -1.00   4.09 -11.62  -1.38 0.56 0.54 0.51 -1.00  -1.0     -1. -1.00  -1.0     -1.
 5:29:02 0.47 164.15 115.11  5.34 1640  -1.00    -1.0     -1. -1.00 -1.00   0.00   0.00   0.00 0.00 0.00 0.00 -1.00  -1.0     -1. 46.01 308.1  32868.
 5:32:30 0.47 164.15 115.09  5.34 1640  -1.00    -1.0     -1. -1.00 -1.00   3.58 -12.07   2.08 0.47 0.38 0.54 -1.00  -1.0     -1. -1.00  -1.0     -1.
 5:32:43 0.47 164.15 115.09  5.34 1640  58.71   319.6  37448.  7.55 -4.07   3.58 -12.07   2.08 0.47 0.38 0.54  0.55 313.2  43243. 50.50 313.9  37172.
 5:33:46 0.47 164.16 115.08  5.34 1640  -1.00    -1.0     -1. -1.00 -1.00   4.85  -9.41   0.83 3.84 2.95 4.24 -1.00  -1.0     -1. -1.00  -1.0     -1.
 5:34:26 0.47 164.16 115.07  5.34 1640  -1.00    -1.0     -1. -1.00 -1.00   3.58 -12.00   1.37 0.61 0.47 0.60 -1.00  -1.0     -1. -1.00  -1.0     -1.
 5:35:07 0.47 164.16 115.07  5.34 1640  -1.00    -1.0     -1. -1.00 -1.00   5.84 -10.35   4.76 0.56 0.58 0.41 -1.00  -1.0     -1. -1.00  -1.0     -1.
 5:35:47 0.47 164.16 115.06  5.34 1640  -1.00    -1.0     -1. -1.00 -1.00   5.62 -10.17   4.37 0.76 0.94 1.01 -1.00  -1.0     -1. -1.00  -1.0     -1.
 5:37:08 0.47 164.16 115.05  5.34 1640  -1.00    -1.0     -1. -1.00 -1.00   6.57  -8.99   5.66 0.35 0.46 0.43 -1.00  -1.0     -1. -1.00  -1.0     -1.
 5:39:50 0.47 164.16 115.03  5.34 1640  -1.00    -1.0     -1. -1.00 -1.00   4.94 -10.91   2.59 0.95 1.05 1.40 -1.00  -1.0     -1. -1.00  -1.0     -1.
 5:40:39 0.47 164.17 115.03  5.34 1640  -1.00    -1.0     -1. -1.00 -1.00   4.90 -10.71   3.23 0.31 0.36 0.36 -1.00  -1.0     -1. -1.00  -1.0     -1.
 5:43:21 0.47 164.17 115.00  5.34 1640  -1.00    -1.0     -1. -1.00 -1.00  10.72  -3.75  -1.05 0.71 2.26 1.39 -1.00  -1.0     -1. -1.00  -1.0     -1.
 5:43:53 0.47 164.17 115.00  5.34 1640  -1.00    -1.0     -1. -1.00 -1.00  10.84  -2.10  -2.88 0.34 0.70 0.76 -1.00  -1.0     -1. -1.00  -1.0     -1.
 5:44:34 0.47 164.17 114.99  5.34 1640  -1.00    -1.0     -1. -1.00 -1.00   9.37  -0.91  -5.77 0.26 0.22 0.51 -1.00  -1.0     -1. -1.00  -1.0     -1.
 5:45:14 0.47 164.17 114.99  5.34 1640  -1.00    -1.0     -1. -1.00 -1.00   6.74 -10.16   2.46 0.66 1.43 0.95 -1.00  -1.0     -1. 48.00 305.7  40447.
 5:45:55 0.47 164.17 114.98  5.34 1640  -1.00    -1.0     -1. -1.00 -1.00   5.86 -10.97   2.75 0.83 0.52 0.35 -1.00  -1.0     -1. -1.00  -1.0     -1.
 5:46:35 0.47 164.17 114.98  5.34 1640  -1.00    -1.0     -1. -1.00 -1.00   8.42  -7.23   2.93 1.07 4.39 3.57 -1.00  -1.0     -1. -1.00  -1.0     -1.
 5:47:16 0.47 164.18 114.97  5.34 1640  -1.00    -1.0     -1. -1.00 -1.00   7.69  -9.25   3.38 1.73 1.07 1.11 -1.00  -1.0     -1. -1.00  -1.0     -1.
 5:47:56 0.47 164.18 114.97  5.34 1640  51.05   306.0  35152.  0.00  0.00   7.52  -9.91   2.84 0.29 0.18 0.29 -1.00  -1.0     -1. 45.72 306.2  40973.
 5:48:37 0.47 164.18 114.96  5.34 1640  52.64   314.2  33102.  0.00  0.00   0.00   0.00   0.00 0.00 0.00 0.00 -1.00  -1.0     -1. 46.15 312.5  31637.
 5:49:17 0.47 164.18 114.96  5.34 1640  -1.00    -1.0     -1. -1.00 -1.00   0.00   0.00   0.00 0.00 0.00 0.00 -1.00  -1.0     -1. 47.02 307.1  39449.
 5:49:58 0.47 164.18 114.95  5.34 1640  -1.00    -1.0     -1. -1.00 -1.00   8.64  -9.13   4.13 0.40 0.29 0.28 -1.00  -1.0     -1. 46.33 304.8  38946.
 5:50:38 0.47 164.18 114.95  5.34 1640  -1.00    -1.0     -1. -1.00 -1.00   8.59  -8.60   3.87 0.00 0.00 0.00 -1.00  -1.0     -1. -1.00  -1.0     -1.
 5:51:18 0.47 164.18 114.94  5.34 1640  -1.00    -1.0     -1. -1.00 -1.00  -7.93  -9.05   4.18 2.64 0.33 0.30 -1.00  -1.0     -1. 44.61 303.5  39859.
 5:54:19 0.47 164.19 114.92  5.34 1640  55.13   309.6  43929.  6.53 -3.19  14.91   1.30   0.67 0.09 0.75 0.20 -1.00  -1.0     -1. 47.77 303.7  42785.
 6:15:55 0.47 164.22 114.75  5.33 1640  50.12   307.9  33722.  0.00  0.00   0.00   0.00   0.00 0.00 0.00 0.00  0.32 307.4  31107. 42.80 308.6  40447.
 6:37:31 0.47 164.25 114.58  5.33 1640  45.54   311.0  39985.  7.25 -3.20   0.00   0.00   0.00 0.00 0.00 0.00 -1.00  -1.0     -1. 39.30 305.2  39378.
 6:59:07 0.47 164.28 114.42  5.32 1640  47.88   312.9  31292.  8.97 -3.00   0.00   0.00   0.00 0.00 0.00 0.00  0.32 314.0  31146. 41.86 304.9  30295.
 7:20:43 0.47 164.31 114.25  5.32 1640  42.58   322.7  29200.  6.49 -1.23   0.00   0.00   0.00 0.00 0.00 0.00  0.31 322.8  33394. 36.74 316.9  28008.
 7:42:19 0.47 164.34 114.08  5.32 1640  46.89   315.5  36133.  0.00  0.00   0.00   0.00   0.00 0.00 0.00 0.00  0.32 304.6  37149. 39.70 315.7  34460.
 8:03:55 0.47 164.37 113.91  5.31 1640  50.93   309.7  47795.  5.91 -4.05   0.00   0.00   0.00 0.00 0.00 0.00 -1.00  -1.0     -1. 44.01 305.1  46083.
 8:25:31 0.47 164.40 113.75  5.31 1640  51.80   298.5  65879.  0.00  0.00   0.00   0.00   0.00 0.00 0.00 0.00 -1.00  -1.0     -1. 44.54 297.8  60792.
 8:47:07 0.47 164.43 113.58  5.30 1640  48.97   302.9  46310.  0.00  0.00   0.00   0.00   0.00 0.00 0.00 0.00 -1.00  -1.0     -1. 40.26 301.7  46294.
 9:08:43 0.47 164.46 113.41  5.30 1640  44.35   310.3  33079.  6.63 -0.91   0.00   0.00   0.00 0.00 0.00 0.00 -1.00  -1.0     -1. 37.44 305.5  40706.
 9:30:19 0.47 164.50 113.25  5.30 1640  50.46   300.9  46710.  0.00  0.00   0.00   0.00   0.00 0.00 0.00 0.00 -1.00  -1.0     -1. 43.47 299.2  45784.
 9:51:55 0.47 164.53 113.08  5.29 1640  50.52   299.9  49783.  6.42 -0.26   0.00   0.00   0.00 0.00 0.00 0.00 -1.00  -1.0     -1. 44.11 296.5  61929.
10:13:31 0.47 164.56 112.91  5.29 1640  47.07   300.8  49409.  0.00  0.00   0.00   0.00   0.00 0.00 0.00 0.00 -1.00  -1.0     -1. 41.19 299.6  48821.
10:35:07 0.47 164.59 112.74  5.29 1640  46.72   310.1  42197.  0.00  0.00   0.00   0.00   0.00 0.00 0.00 0.00  0.58 305.5  44608. 40.10 309.3  41239.
10:56:43 0.47 164.62 112.57  5.28 1640  46.17   309.1  40141.  0.00  0.00   0.00   0.00   0.00 0.00 0.00 0.00  0.89 299.9  83070. 40.37 307.7  38741.
11:18:19 0.47 164.65 112.41  5.28 1640  -1.00    -1.0     -1. -1.00 -1.00   0.00   0.00   0.00 0.00 0.00 0.00 -1.00  -1.0     -1. 40.33 307.5  39524.
11:39:55 0.47 164.68 112.24  5.27 1640  48.33   308.7  40372.  6.29 -0.29   0.00   0.00   0.00 0.00 0.00 0.00  0.66 307.3  80081. 41.28 303.6  39362.
12:01:31 0.47 164.71 112.07  5.27 1640  47.43   306.9  42412.  7.66 -0.83   0.00   0.00   0.00 0.00 0.00 0.00 -1.00  -1.0     -1. 40.48 300.3  40005.
12:23:07 0.47 164.74 111.90  5.27 1640  53.10   305.1  55289.  6.47 -4.27   0.00   0.00   0.00 0.00 0.00 0.00 -1.00  -1.0     -1. 44.70 300.8  51228.
12:44:43 0.47 164.77 111.74  5.26 1640  48.55   293.1  59609.  6.10 -2.71   0.00   0.00   0.00 0.00 0.00 0.00 -1.00  -1.0     -1. 41.14 288.7  51849.
13:06:19 0.47 164.80 111.57  5.26 1640  45.80   291.3  42457.  6.45 -1.04   0.00   0.00   0.00 0.00 0.00 0.00 -1.00  -1.0     -1. 40.56 287.9  55182.
13:27:55 0.47 164.83 111.40  5.25 1640  48.01   287.2  53817.  0.00  0.00   0.00   0.00   0.00 0.00 0.00 0.00 -1.00  -1.0     -1. 41.67 286.4  53258.
13:49:31 0.47 164.86 111.23  5.25 1640  46.08   294.6  67574.  5.66 -0.49   0.00   0.00   0.00 0.00 0.00 0.00 -1.00  -1.0     -1. 39.95 289.4  66792.
14:11:07 0.47 164.89 111.06  5.25 1640  -1.00    -1.0     -1. -1.00 -1.00   0.00   0.00   0.00 0.00 0.00 0.00 -1.00  -1.0     -1. 39.08 285.1  59401.
14:32:43 0.47 164.92 110.90  5.24 1640  46.38   290.4  66161.  0.00  0.00   0.00   0.00   0.00 0.00 0.00 0.00 -1.00  -1.0     -1. 40.54 289.7  64885.
15:46:57 0.47 165.03 110.32  5.23 1640  41.09   280.3  41031.  3.27 -0.72   0.00   0.00   0.00 0.00 0.00 0.00 -1.00  -1.0     -1. 35.89 277.3  38225.
15:48:18 0.47 165.03 110.31  5.23 1640  44.75   281.8  51199.  3.27 -1.03  14.93   1.48   1.68 0.14 0.40 0.61 -1.00  -1.0     -1. 38.69 277.9  47440.
15:49:39 0.47 165.03 110.30  5.23 1640  41.38   282.5  35879.  3.01 -1.20  15.15   1.98   1.34 0.17 0.07 0.19 -1.00  -1.0     -1. 35.35 279.5  34924.
15:51:00 0.47 165.03 110.29  5.23 1640  41.74   284.2  38471.  3.23 -0.92  15.01   2.13   0.82 0.15 0.24 0.18  5.13 266.7  89450. 35.47 280.3  38082.
15:52:21 0.47 165.03 110.28  5.23 1640  42.63   283.0  35340.  2.82 -1.05  14.85   2.77   0.58 0.17 0.31 0.33  6.03 265.7 116061. 36.08 279.7  33297.
15:53:42 0.47 165.04 110.27  5.23 1640  -1.00    -1.0     -1. -1.00 -1.00  14.61   2.72  -1.54 0.14 0.28 0.25 -1.00  -1.0     -1. -1.00  -1.0     -1.
15:55:03 0.47 165.04 110.26  5.23 1640  42.36   286.3  51355.  2.44 -0.62   0.00   0.00   0.00 0.00 0.00 0.00 -1.00  -1.0     -1. 35.98 285.0  44033.
15:56:24 0.47 165.04 110.24  5.23 1640  44.12   290.1  64495.  2.39 -1.46  14.45   3.85   1.73 0.23 0.77 0.96 -1.00  -1.0     -1. 37.66 287.3  60418.
15:57:46 0.47 165.04 110.23  5.23 1640  42.15   288.4  85603.  2.77 -0.17  14.25   3.67  -1.18 0.19 0.49 0.30 -1.00  -1.0     -1. 36.38 282.4  56923.
15:59:07 0.47 165.04 110.23  5.23 1640  40.75   286.2  44812.  2.29 -0.03  13.66   4.64  -1.95 0.28 0.84 0.40 -1.00  -1.0     -1. 37.31 286.0  59203.
16:00:28 0.47 165.04 110.21  5.23 1640  44.58   289.6  82037.  2.50  0.18  13.83   3.81  -1.91 0.14 0.79 0.37 -1.00  -1.0     -1. 38.65 286.6  79509.
16:01:49 0.47 165.05 110.20  5.23 1640  41.53   285.8  44923.  3.17 -0.13  14.09   4.29  -1.31 0.09 0.46 0.29 -1.00  -1.0     -1. 37.17 284.5  60477.
16:03:10 0.47 165.05 110.19  5.23 1640  44.56   291.0  90297.  2.65 -0.35  13.91   3.11  -1.19 0.24 0.91 0.46 -1.00  -1.0     -1. 38.22 288.3  84424.
16:04:31 0.47 165.05 110.18  5.23 1640  44.37   292.2  65570.  2.28  0.28  13.46   4.77  -0.91 0.29 0.43 0.83 -1.00  -1.0     -1. 39.51 292.6  88673.
16:05:52 0.47 165.05 110.17  5.23 1640  44.67   288.8  55938.  2.17  0.23  12.30   5.77  -3.28 0.25 0.13 0.36 -1.00  -1.0     -1. 37.23 286.7  50280.
16:07:13 0.47 165.05 110.16  5.23 1640  44.72   289.0  64050.  2.36  0.11  12.67   5.41  -2.36 0.37 0.14 0.24 -1.00  -1.0     -1. 38.12 286.1  62939.
16:08:34 0.47 165.06 110.15  5.22 1640  48.60   291.0  84668.  2.07  0.27  12.75   4.49  -1.68 0.41 0.89 0.55 -1.00  -1.0     -1. 41.07 288.1  82024.
16:09:55 0.47 165.06 110.14  5.22 1640  44.83   290.0  71102.  2.59 -0.16  13.03   4.49  -1.27 0.26 0.17 0.25 -1.00  -1.0     -1. 39.62 286.6  68377.
16:11:16 0.47 165.06 110.13  5.22 1640  44.90   286.1  63082.  2.38 -0.66  12.98   4.95  -0.59 0.54 0.57 0.63 -1.00  -1.0     -1. 39.27 285.2  82501.
16:12:37 0.47 165.06 110.12  5.22 1640  44.74   289.6  65996.  2.19 -0.48  12.71   5.97   0.76 0.35 0.34 0.83 -1.00  -1.0     -1. 38.06 286.8  61393.
16:13:58 0.47 165.06 110.11  5.22 1640  44.73   286.0  55490.  2.22 -1.59  13.02   5.79   0.02 0.08 0.33 0.21 -1.00  -1.0     -1. 38.46 283.2  51033.
16:15:19 0.47 165.07 110.10  5.22 1640  46.11   288.5  67454.  2.69 -1.49  12.24   6.03  -0.68 0.48 0.61 1.07 -1.00  -1.0     -1. 39.20 285.4  67607.
16:16:40 0.47 165.07 110.09  5.22 1640  46.18   292.6  45771.  1.38  0.26  10.24   8.38  -3.12 0.13 0.21 0.10 -1.00  -1.0     -1. 39.62 290.4  43588.
16:18:01 0.47 165.07 110.08  5.22 1640  46.12   294.1  56855.  1.55  0.25  10.39   8.04  -2.67 0.24 0.23 0.48 -1.00  -1.0     -1. 40.04 291.8  54022.
16:19:22 0.47 165.07 110.07  5.22 1640  46.61   289.7  56150.  2.02 -0.71  11.41   7.62  -1.11 0.17 0.19 0.14 -1.00  -1.0     -1. 39.20 287.9  49740.
16:20:43 0.47 165.07 110.05  5.22 1640  -1.00    -1.0     -1. -1.00 -1.00   9.66   9.95   1.44 0.80 0.77 1.16 -1.00  -1.0     -1. 40.26 290.6  53453.
16:22:04 0.47 165.08 110.05  5.22 1640  47.98   292.6  85376.  2.90 -0.63  11.58   5.64  -0.70 0.14 0.26 0.28 -1.00  -1.0     -1. 41.73 289.6  81874.
16:23:25 0.47 165.08 110.03  5.22 1640  47.14   291.8  70621.  2.65 -0.90  11.44   5.97  -0.53 0.14 0.25 0.29 -1.00  -1.0     -1. 41.43 291.4  90294.
16:24:46 0.47 165.08 110.02  5.22 1640  48.49   292.2  78080.  2.00 -1.10  11.07   7.22   1.07 0.13 0.17 0.25 -1.00  -1.0     -1. 40.73 291.4  71037.
16:26:07 0.47 165.08 110.01  5.22 1640  48.39   292.8  67659.  1.87 -1.63  10.81   7.36   1.14 0.22 0.29 0.44 -1.00  -1.0     -1. 40.87 290.8  64414.
16:27:28 0.47 165.08 110.00  5.22 1640  46.94   290.1  59599.  2.21 -0.85  11.32   6.96   0.23 0.44 0.36 0.90 -1.00  -1.0     -1. 41.06 290.9  70518.
16:28:49 0.47 165.08 109.99  5.22 1640  48.14   291.3  63741.  2.48 -1.49  11.09   7.24   1.39 0.30 0.17 0.22 -1.00  -1.0     -1. 40.27 287.8  62231.
16:30:10 0.47 165.09 109.98  5.22 1640  48.52   292.0  82482.  2.28 -1.92  11.14   5.78   4.75 0.21 0.59 0.73 -1.00  -1.0     -1. 42.10 289.2  78489.
16:31:31 0.47 165.09 109.97  5.22 1640  46.42   293.2  59525.  3.12 -3.42   8.79   2.57  11.63 0.98 1.25 1.42 -1.00  -1.0     -1. 40.25 289.5  58992.
16:32:52 0.47 165.09 109.96  5.22 1640  47.47   292.0  81289.  2.22 -2.35  11.02   5.08   7.15 0.24 0.45 0.47 -1.00  -1.0     -1. 40.90 289.4  79860.
16:34:13 0.47 165.09 109.95  5.22 1640  45.97   291.4  65190.  1.49 -1.52  10.29   7.76   2.86 0.25 0.47 1.19 -1.00  -1.0     -1. 40.49 289.8  61659.
16:35:34 0.47 165.09 109.94  5.22 1640  46.46   291.8  78918.  2.15 -1.76  10.51   7.52   4.28 0.34 0.43 0.41 -1.00  -1.0     -1. 40.99 289.4  74880.
16:36:55 0.47 165.09 109.93  5.22 1640  45.46   291.5  64706.  1.95 -1.94  10.49   7.46   4.94 0.14 0.24 0.53 -1.00  -1.0     -1. 40.45 289.5  61984.
16:38:16 0.47 165.10 109.92  5.22 1640  45.29   296.8  66967.  2.53 -1.90  10.03   6.43   8.26 0.20 0.17 0.32 -1.00  -1.0     -1. 39.79 294.3  66805.
16:39:37 0.47 165.10 109.91  5.22 1640  45.75   294.5  63842.  1.83 -1.22  10.92   6.19   5.94 0.48 1.19 0.87 -1.00  -1.0     -1. 39.64 292.6  62653.
16:40:58 0.47 165.10 109.90  5.22 1640  45.13   297.3  65710.  1.10 -0.84  10.00   8.81   3.20 0.32 0.31 0.97 -1.00  -1.0     -1. 39.60 295.1  64849.
16:42:19 0.47 165.10 109.89  5.22 1640  47.22   295.1  63137.  2.14 -1.42  10.20   7.46   5.10 0.21 0.26 0.40 -1.00  -1.0     -1. 40.64 292.2  59898.
16:43:40 0.47 165.10 109.88  5.22 1640  48.42   293.6  53440.  3.18 -2.42  10.19   5.31   7.46 0.09 0.75 0.76 -1.00  -1.0     -1. 43.12 292.3  67230.
16:45:01 0.47 165.11 109.87  5.22 1640  49.67   294.1  63118.  2.51 -1.65   9.57   6.99   6.22 0.33 0.59 0.53 -1.00  -1.0     -1. 43.12 291.9  60980.
16:46:22 0.47 165.11 109.85  5.22 1640  45.65   293.8  53892.  2.60 -1.74   9.96   6.35   6.86 0.22 0.77 0.81 -1.00  -1.0     -1. 41.42 293.0  66905.
16:47:43 0.47 165.11 109.84  5.22 1640  53.48   297.5  57608.  2.74 -2.97   7.12   6.24  10.63 1.07 0.49 1.25 -1.00  -1.0     -1. 46.26 295.1  55438.
16:49:04 0.47 165.11 109.84  5.22 1640  47.22   294.8  80078.  2.85 -2.02   9.55   6.13   7.94 0.31 0.17 0.50 -1.00  -1.0     -1. 40.82 292.7  72320.
16:50:25 0.47 165.11 109.82  5.22 1640  -1.00    -1.0     -1. -1.00 -1.00   9.21   5.75   8.37 0.16 0.27 0.30 -1.00  -1.0     -1. 41.72 292.2  63459.
16:51:46 0.47 165.12 109.81  5.22 1640  46.31   294.0  52209.  2.47 -2.64   0.00   0.00   0.00 0.00 0.00 0.00 -1.00  -1.0     -1. 40.93 293.4  66642.
16:53:07 0.47 165.12 109.80  5.22 1640  47.99   296.1  60772.  0.00  0.00   8.52   5.54   9.41 0.20 0.43 0.47 -1.00  -1.0     -1. 41.56 294.8  58417.
16:54:28 0.47 165.12 109.79  5.22 1640  48.03   295.4  50897.  2.55 -2.95   8.28   6.23   9.73 0.14 0.20 0.21 -1.00  -1.0     -1. 43.10 294.2  61393.
16:55:49 0.47 165.12 109.78  5.22 1640  48.28   296.3  58622.  2.59 -3.00   8.32   5.89   9.81 0.16 0.30 0.17 -1.00  -1.0     -1. 42.63 293.4  56195.
16:57:10 0.47 165.12 109.77  5.22 1640  48.77   296.9  46235.  2.66 -2.99   7.57   7.12   9.56 0.28 0.34 0.23 -1.00  -1.0     -1. 41.95 295.8  56955.
16:58:31 0.47 165.13 109.76  5.22 1640  47.56   297.9  58476.  3.33 -3.13   6.70   6.05  11.27 2.17 1.26 0.67 -1.00  -1.0     -1. 40.60 294.5  58316.
16:59:52 0.47 165.13 109.75  5.22 1640  46.50   297.1  50254.  3.14 -2.75   8.39   6.36   9.85 0.21 0.36 0.46 -1.00  -1.0     -1. 41.63 296.0  62140.
17:01:13 0.47 165.13 109.74  5.22 1640  48.62   295.8  61821.  3.46 -3.05   9.06   4.90   9.46 0.29 0.65 0.39 -1.00  -1.0     -1. 43.05 292.6  58735.
17:02:34 0.47 165.13 109.73  5.22 1640  47.93   298.1  62854.  2.97 -2.44   9.27   8.04   7.96 0.12 0.26 0.33 -1.00  -1.0     -1. 41.36 295.5  60977.
17:03:55 0.47 165.13 109.72  5.22 1640  50.30   299.7  55760.  3.40 -3.40   6.77   5.38  12.00 0.86 0.66 0.45  0.87 300.2  88059. 44.61 296.6  54201.
17:05:16 0.47 165.13 109.71  5.21 1640  46.75   299.5  44907.  3.81 -3.41   7.02   3.16  13.16 0.39 1.40 0.41 -1.00  -1.0     -1. 42.32 298.0  53801.
17:06:37 0.47 165.14 109.70  5.21 1640  48.38   298.3  55961.  3.81 -3.19   7.56   3.98  12.79 0.44 0.55 0.59 -1.00  -1.0     -1. 40.66 295.6  48415.
17:07:58 0.47 165.14 109.69  5.21 1640  47.73   297.5  77252.  4.53 -2.32  11.21   4.21  10.71 0.19 0.63 0.32 -1.00  -1.0     -1. 40.28 294.7  68335.
17:09:19 0.47 165.14 109.68  5.21 1640  46.88   299.3  61730.  4.71 -1.92  11.45   4.62   9.95 0.46 0.75 0.61 -1.00  -1.0     -1. 39.73 294.3  58602.
17:10:40 0.47 165.14 109.67  5.21 1640  45.06   297.9  68653.  3.63 -1.13  11.66   6.32   8.52 0.30 0.34 0.22 -1.00  -1.0     -1. 39.12 294.3  68227.
17:12:01 0.47 165.14 109.66  5.21 1640  48.64   293.4  64501.  3.31 -2.36  10.66   6.55   7.55 0.36 0.66 0.91 -1.00  -1.0     -1. 42.31 290.6  61607.
17:13:22 0.47 165.15 109.64  5.21 1640  47.93   294.7  52593.  3.27 -2.78   9.79   5.87   9.34 0.52 0.32 0.57 -1.00  -1.0     -1. 42.21 293.2  64352.
17:14:43 0.47 165.15 109.63  5.21 1640  49.12   293.9  64690.  4.06 -1.85  10.86   4.58   7.99 0.16 0.40 0.38 -1.00  -1.0     -1. 42.80 290.3  63358.
17:16:04 0.47 165.15 109.62  5.21 1640  48.02   292.6  57358.  4.08 -2.13  11.07   5.51   8.11 0.26 0.67 0.33 -1.00  -1.0     -1. 42.23 291.4  65239.
17:17:25 0.47 165.15 109.61  5.21 1640  49.05   294.8  61990.  3.67 -1.27  11.12   6.39   7.87 0.23 0.20 0.23 -1.00  -1.0     -1. 42.20 291.0  60074.
17:18:45 0.47 165.15 109.60  5.21 1640  50.27   293.7  85314.  4.04 -1.41  11.50   4.39   6.91 0.25 0.25 0.63 -1.00  -1.0     -1. 43.81 289.9  84928.
17:20:06 0.47 165.16 109.59  5.21 1640  49.06   293.3  64833.  0.00  0.00  11.21   4.80   8.43 0.20 0.35 0.20 -1.00  -1.0     -1. 42.00 292.3  61903.
17:26:06 0.47 165.16 109.55  5.21 1640  -1.00    -1.0     -1. -1.00 -1.00  13.40   1.93   6.28 0.05 0.05 0.19 -1.00  -1.0     -1. -1.00  -1.0     -1.
17:27:27 0.47 165.17 109.53  5.21 1640  50.13   293.6  87744.  4.93 -1.33   0.00   0.00   0.00 0.00 0.00 0.00 -1.00  -1.0     -1. 43.73 288.9  85233.
17:28:48 0.47 165.17 109.52  5.21 1640  50.38   292.5  75761.  5.39 -0.66  13.16   1.33   6.59 0.13 0.22 0.27 -1.00  -1.0     -1. 44.07 289.0  93783.
17:29:34 0.47 165.17 109.52  5.21 1640  51.86   292.6  88663.  5.26 -0.98  13.41   0.99   5.98 0.30 0.76 0.56 -1.00  -1.0     -1. 44.85 288.2  87656.
17:30:55 0.47 165.17 109.51  5.21 1640  51.52   291.9  80146.  5.76 -0.66  13.46  -0.84   6.67 0.16 0.66 0.44 -1.00  -1.0     -1. 45.00 289.4  94127.
17:32:16 0.47 165.17 109.50  5.21 1640  51.30   294.5  83141.  6.63 -1.62  12.86  -1.62   8.18 0.15 0.65 0.43 -1.00  -1.0     -1. 44.66 288.5  79236.
17:33:37 0.47 165.17 109.49  5.21 1640  51.73   295.1  73831.  5.44 -1.53  12.39   1.35   9.31 0.24 0.93 0.56 -1.00  -1.0     -1. 45.53 292.4  90278.
17:34:58 0.47 165.18 109.48  5.21 1640  49.32   295.4  87517.  5.13 -1.33  10.83  -2.10   9.67 3.05 2.48 2.43 -1.00  -1.0     -1. 43.29 290.4  85272.
17:36:19 0.47 165.18 109.47  5.21 1640  50.32   294.1  67282.  5.42 -1.19  13.43   1.97   8.00 0.09 0.28 0.49 -1.00  -1.0     -1. 42.96 288.2  64456.
17:37:40 0.47 165.18 109.45  5.21 1640  50.21   295.3  78216.  5.47 -1.82  13.07   0.88   9.26 0.15 0.80 0.31 -1.00  -1.0     -1. 42.92 290.3  77570.
17:39:01 0.47 165.18 109.45  5.21 1640  49.52   295.8  59057.  6.44 -2.08  11.85  -2.71  10.07 0.23 0.42 0.63 -1.00  -1.0     -1. 42.68 289.6  58196.
17:40:22 0.47 165.18 109.44  5.21 1640  53.14   296.9  75803.  7.08 -1.94  11.95  -3.67  10.12 0.26 0.37 0.60 -1.00  -1.0     -1. 45.74 290.7  74939.
17:41:43 0.47 165.18 109.42  5.21 1640  50.77   297.7  61493.  7.25 -1.57  12.28  -6.13   8.91 0.39 0.55 0.28 -1.00  -1.0     -1. 43.79 290.7  58622.
17:43:04 0.47 165.19 109.41  5.21 1640  47.90   301.4  62279.  7.25 -1.54  12.18  -7.35  10.02 0.30 0.21 0.24 -1.00  -1.0     -1. 41.82 295.2  59294.
17:44:25 0.47 165.19 109.40  5.21 1640  48.72   300.4  54886.  7.25 -1.49  10.92  -8.04  10.45 0.21 0.32 0.28 -1.00  -1.0     -1. 42.03 295.2  48275.
17:45:46 0.47 165.19 109.39  5.21 1640  46.16   299.5  45472.  7.42 -1.84  10.80  -7.94  10.77 0.19 0.23 0.23 -1.00  -1.0     -1. 41.52 295.0  57524.
17:47:07 0.47 165.19 109.38  5.21 1640  48.07   299.9  54909.  7.06 -1.70  12.63  -5.53   9.64 0.23 0.27 0.20 -1.00  -1.0     -1. 41.19 293.5  53980.
17:48:28 0.47 165.19 109.37  5.21 1640  48.72   297.7  46677.  7.61 -2.20  12.38  -5.14   9.72 0.08 0.15 0.16 -1.00  -1.0     -1. 43.49 293.3  60148.
17:49:49 0.47 165.20 109.36  5.21 1640  47.86   300.5  55809.  7.26 -1.95  11.90  -5.50  10.48 0.21 0.39 0.23 -1.00  -1.0     -1. 41.76 293.6  51719.
17:51:10 0.47 165.20 109.35  5.21 1640  47.02   299.4  46239.  7.41 -2.22  11.86  -6.35  10.19 0.20 0.44 0.24 -1.00  -1.0     -1. 42.23 294.6  59538.
17:52:31 0.47 165.20 109.34  5.21 1640  51.10   298.9  54892.  7.60 -1.99  10.25  -6.50  11.66 0.18 0.20 0.43 -1.00  -1.0     -1. 43.64 291.4  52096.
17:53:52 0.47 165.20 109.33  5.21 1640  49.34   298.5  47314.  7.86 -1.83  10.07  -6.85  10.92 0.26 0.17 0.14 -1.00  -1.0     -1. 42.81 293.9  60451.
17:55:13 0.47 165.20 109.32  5.21 1640  50.84   299.7  53271.  7.44 -2.09   9.10  -6.98  11.67 0.15 0.18 0.09 -1.00  -1.0     -1. 43.81 293.5  51709.
17:56:34 0.47 165.21 109.31  5.21 1640  49.57   300.7  44897.  7.85 -2.64   9.88  -6.54  11.84 0.57 0.66 0.27 -1.00  -1.0     -1. 42.84 294.7  43539.
17:57:55 0.47 165.21 109.30  5.21 1640  51.10   296.8  51475.  0.00  0.00   9.35  -7.48  12.08 0.20 0.26 0.18 -1.00  -1.0     -1. 42.31 296.0  45845.
17:59:16 0.47 165.21 109.29  5.20 1640  47.77   303.7  44413.  8.08 -2.41   8.91  -7.84  11.71 0.14 0.41 0.18 -1.00  -1.0     -1. 42.34 299.3  53619.
18:00:37 0.47 165.21 109.28  5.20 1640  52.87   302.6  54707.  7.63 -3.07   8.02  -6.98  11.99 0.22 0.33 0.31 -1.00  -1.0     -1. 44.92 296.7  48899.
18:01:58 0.47 165.21 109.27  5.20 1640  49.77   306.5  58544.  7.94 -3.19   7.87  -7.54  12.00 0.38 0.42 0.27 -1.00  -1.0     -1. 43.37 300.0  55217.
18:03:19 0.47 165.22 109.26  5.20 1640  52.70   306.1  45800.  7.85 -3.75   6.24  -7.02  12.93 0.34 0.20 0.26 -1.00  -1.0     -1. 45.47 299.2  46154.
18:04:40 0.47 165.22 109.24  5.20 1640  52.61   307.3  43286.  8.71 -3.32   4.56  -9.15  12.65 0.50 0.22 0.28 -1.00  -1.0     -1. 46.92 301.7  50419.
18:06:01 0.47 165.22 109.23  5.20 1640  52.69   310.6  44124.  7.93 -3.18   4.27  -7.57  13.43 0.96 0.42 0.46  0.96 307.3  91970. 45.18 304.2  43474.
18:07:22 0.47 165.22 109.22  5.20 1640  49.71   294.6  52112.  2.64  0.33  12.94   8.05   3.06 0.54 1.23 1.69 -1.00  -1.0     -1. 45.56 293.8  66561.
18:08:43 0.47 165.22 109.21  5.20 1640  50.97   294.0  62689.  4.84 -1.88  15.07   3.42   5.06 1.18 1.50 3.78 -1.00  -1.0     -1. 44.03 289.1  60779.
18:10:04 0.47 165.22 109.20  5.20 1640  49.68   292.1  60116.  4.70 -1.96  14.01   1.93   9.55 0.46 2.37 1.04 -1.00  -1.0     -1. 42.85 287.8  57780.
18:11:25 0.47 165.23 109.19  5.20 1640  50.80   300.4  53866.  4.73 -2.20  12.09   6.00  10.73 0.48 2.41 1.34 -1.00  -1.0     -1. 41.84 297.0  48519.
18:12:46 0.47 165.23 109.18  5.20 1640  54.99   304.3  65674.  3.81 -0.99  11.92   7.35   8.51 0.78 1.29 0.84 -1.00  -1.0     -1. 47.29 301.3  62923.
18:14:07 0.47 165.23 109.17  5.20 1640  49.49   314.4  37841.  2.09 -0.03   8.72  11.57   5.23 1.17 0.92 0.72 -1.00  -1.0     -1. 44.47 313.4  45160.
18:15:28 0.47 165.23 109.16  5.20 1640  57.04   307.7  64449.  3.98 -1.30  11.70   5.37   9.59 0.37 0.50 0.29 -1.00  -1.0     -1. 48.90 303.7  63010.
18:16:49 0.47 165.23 109.15  5.20 1640  56.56   307.9  54769.  5.51 -1.26  11.44   1.23  11.25 0.60 0.90 0.91 -1.00  -1.0     -1. 49.44 304.6  66538.
18:18:10 0.47 165.24 109.14  5.20 1640  58.12   305.8  68763.  6.59 -1.52  11.94  -0.79  11.38 0.32 0.35 0.41 -1.00  -1.0     -1. 48.55 301.4  66915.
18:19:31 0.47 165.24 109.13  5.20 1640  54.86   309.5  54165.  7.23 -1.53   8.78  -5.13  11.33 1.78 2.29 1.25 -1.00  -1.0     -1. 47.41 302.4  51758.
18:20:52 0.47 165.24 109.12  5.20 1640  55.22   305.9  70833.  7.23 -1.87  10.85  -4.18  10.51 0.36 0.91 0.42 -1.00  -1.0     -1. 48.11 300.3  69056.
18:22:13 0.47 165.24 109.11  5.20 1640  56.53   312.0  86081.  5.99 -0.73  11.52  -5.29   9.77 0.72 1.10 0.70 -1.00  -1.0     -1. 47.96 306.7  80448.
18:23:34 0.47 165.24 109.10  5.20 1640  57.16   307.7  67393.  5.34 -2.08  11.15  -0.75  12.37 0.25 0.43 0.28 -1.00  -1.0     -1. 49.06 302.9  64706.
18:24:55 0.47 165.24 109.09  5.20 1640  55.92   307.0  57001.  5.38 -1.80  11.14   1.92  12.85 0.43 0.46 0.58 -1.00  -1.0     -1. 48.64 304.3  70966.
18:26:16 0.47 165.25 109.08  5.20 1640  55.93   307.1  64794.  4.79 -1.99  12.36   3.72  11.02 0.43 1.29 0.56 -1.00  -1.0     -1. 48.12 302.7  65067.
18:27:37 0.47 165.25 109.06  5.20 1640  55.37   300.2  64612.  6.06 -0.46  15.23   0.17   8.08 0.48 0.21 0.86 -1.00  -1.0     -1. 48.37 294.4  61539.
18:28:58 0.47 165.25 109.05  5.20 1640  59.17   299.6  82452.  6.07  0.57  16.40  -1.59   5.65 0.22 0.64 0.95 -1.00  -1.0     -1. 49.08 294.9  76582.
18:30:19 0.47 165.25 109.05  5.20 1640  58.82   305.0  90781.  6.72  0.72  16.06  -3.68   5.04 0.17 0.38 0.48 -1.00  -1.0     -1. 51.12 298.7  89618.
18:31:40 0.47 165.25 109.03  5.20 1640  56.84   304.5  83355.  7.13 -1.09  14.99  -4.02   8.14 0.25 0.22 0.29 -1.00  -1.0     -1. 49.26 298.0  80286.
18:33:01 0.47 165.26 109.02  5.20 1640  57.62   303.9  90791.  7.12 -1.48  14.65  -4.10   9.54 0.57 0.82 1.20 -1.00  -1.0     -1. 50.71 297.6  90060.
18:34:22 0.47 165.26 109.01  5.20 1640  55.23   301.2  81299.  7.36 -0.73  16.27  -2.90   7.33 0.59 1.72 1.58 -1.00  -1.0     -1. 47.07 294.4  77089.
18:35:43 0.47 165.26 109.00  5.20 1640  54.11   296.3  61139.  6.69 -1.46  17.20  -2.09   8.22 0.25 0.48 0.37 -1.00  -1.0     -1. 47.07 289.2  56319.
18:37:04 0.47 165.26 108.99  5.20 1640  52.82   293.9  53739.  5.65 -2.14  17.89   1.30   9.75 0.44 1.00 0.38 -1.00  -1.0     -1. 44.77 289.0  45154.
18:38:25 0.47 165.26 108.98  5.20 1640  59.90   303.1  62624.  6.68 -0.89  17.30  -5.43   5.76 0.41 0.32 0.36 -1.00  -1.0     -1. 51.74 300.3  71183.
18:39:46 0.47 165.26 108.97  5.20 1640  55.86   305.0  74445.  7.57 -0.89  16.77  -7.31   6.32 0.22 0.47 0.47 -1.00  -1.0     -1. 47.41 298.0  72359.
18:41:07 0.47 165.27 108.96  5.20 1640  51.72   308.5 103785.  6.58  2.53  18.46  -2.54  -4.28 0.28 1.45 1.01 -1.00  -1.0     -1. 44.31 303.5  95534.
18:42:28 0.47 165.27 108.95  5.20 1640  53.99   305.7  83459.  6.97  1.34  15.74  -5.34  -1.32 0.22 0.58 0.60 -1.00  -1.0     -1. 47.06 298.5  82404.
18:43:49 0.47 165.27 108.94  5.20 1640  56.24   300.5 104730.  6.03  2.08  16.57  -2.93  -2.39 0.44 0.38 0.73 -1.00  -1.0     -1. 48.76 295.3 106361.
18:45:10 0.47 165.27 108.93  5.20 1640  55.15   300.9  96863.  5.90  2.66  15.51  -2.38  -4.19 0.46 0.42 0.88 -1.00  -1.0     -1. 46.39 295.8  87916.
18:46:31 0.47 165.27 108.92  5.20 1640  51.43   301.0 108473.  5.31  1.42  13.97  -0.72  -4.95 2.23 1.60 2.61 -1.00  -1.0     -1. 45.47 296.1 106345.
18:47:52 0.47 165.28 108.91  5.20 1640  54.70   314.7  44429.  1.38  0.00   5.47  10.24  13.08 0.40 0.27 0.25  1.08 311.7  86058. 47.50 313.5  43464.
18:49:13 0.47 165.28 108.90  5.20 1640  55.52   313.3  44705.  0.47 -3.07   2.88  12.25   9.82 0.77 0.54 0.79 -1.00  -1.0     -1. 48.93 314.3  44910.
18:50:34 0.47 165.28 108.89  5.20 1640  56.53   322.5  44897.  1.34 -2.29  -1.01  11.70  10.35 0.49 0.46 0.64  0.94 315.7 117412. 49.20 320.5  43315.
18:51:55 0.47 165.28 108.88  5.20 1640  55.23   319.5  36896.  0.81 -1.85   0.36  13.27   7.05 0.39 0.62 1.11  0.80 321.1 112189. 48.99 319.4  43243.
18:53:16 0.47 165.28 108.87  5.20 1640  58.44   320.8  73282.  0.11 -0.90   4.02   8.49   2.57 4.37 1.77 2.63 -1.00  -1.0     -1. 48.50 320.8  75660.
18:54:37 0.47 165.29 108.86  5.20 1640  52.95   310.8  81923.  3.39  2.30  10.31   4.63  -4.26 0.65 0.37 0.68 -1.00  -1.0     -1. 46.10 307.4  81757.
18:55:58 0.47 165.29 108.84  5.19 1640  55.31   307.9  86513.  4.78  2.61   8.47   0.64  -5.12 0.56 1.11 1.13 -1.00  -1.0     -1. 49.68 304.7 102177.
18:57:19 0.47 165.29 108.83  5.19 1640  55.53   316.7  70329.  2.36  1.64  -2.21   9.41   0.41 1.01 0.80 1.22 -1.00  -1.0     -1. 47.98 314.0  69939.
18:58:40 0.47 165.29 108.82  5.19 1640  56.20   305.9  64742.  3.50  2.77   5.26   6.74  -3.86 0.42 0.62 0.29 -1.00  -1.0     -1. 48.36 302.0  64787.
19:00:01 0.47 165.29 108.81  5.19 1640  57.24   306.8  63455.  3.07  1.99   7.43   3.56  -3.19 2.85 3.59 0.74 -1.00  -1.0     -1. 49.99 306.4  67600.
19:01:22 0.47 165.30 108.80  5.19 1640  54.34   310.8  82631.  3.86  1.80   9.89   3.70  -3.78 1.02 0.50 0.38 -1.00  -1.0     -1. 48.66 308.2  95235.
19:02:43 0.47 165.30 108.79  5.19 1640  58.01   306.0  80373.  3.56  2.17   7.02   6.16  -2.16 0.24 0.54 0.41 -1.00  -1.0     -1. 51.13 302.0  80922.
19:04:04 0.47 165.30 108.78  5.19 1640  57.15   309.7  71320.  3.44  1.59   6.76   6.99   1.27 0.20 0.30 0.97 -1.00  -1.0     -1. 50.06 306.0  69699.
19:05:25 0.47 165.30 108.77  5.19 1640  50.57   313.3  64472.  2.78 -0.49  10.25   4.18 -10.85 0.53 0.61 1.15 -1.00  -1.0     -1. 43.65 309.7  65476.
19:06:46 0.47 165.30 108.76  5.19 1640  47.84   317.3  60408.  3.03 -0.71  11.27   6.52  -7.97 0.52 0.35 0.51 -1.00  -1.0     -1. 42.04 315.5  70699.
19:08:07 0.47 165.30 108.75  5.19 1640  53.18   311.2  77677.  3.52  2.36   4.64   0.29  -3.50 4.36 7.90 2.09 -1.00  -1.0     -1. 44.73 309.2  70355.
19:09:28 0.47 165.31 108.74  5.19 1640  48.75   306.5  79006.  0.00  0.46  10.97   6.68  -6.79 0.53 0.98 0.53 -1.00  -1.0     -1. 41.47 305.2  76885.
19:10:49 0.47 165.31 108.73  5.19 1640  50.30   299.9  88907.  0.00  0.00   8.20   6.36  -5.87 2.24 0.77 0.55 -1.00  -1.0     -1. -1.00  -1.0     -1.
19:12:09 0.47 165.31 108.72  5.19 1640  53.61   316.8  92857.  3.04  2.12   9.19   3.02  -5.16 2.19 0.77 1.12 -1.00  -1.0     -1. 45.97 314.3  97554.
19:13:30 0.47 165.31 108.71  5.19 1640  52.79   315.9  81907.  1.48 -0.26   8.48   7.89  -3.00 1.23 4.57 2.30 -1.00  -1.0     -1. 45.76 313.1  80805.
19:14:51 0.47 165.31 108.70  5.19 1640  54.12   315.5  94160.  3.83  2.98   6.51  -0.64  -8.53 0.60 1.12 0.53 -1.00  -1.0     -1. 47.18 311.6  94605.
19:16:12 0.47 165.32 108.69  5.19 1640  49.97   308.3  63881.  2.36  1.19   7.87   9.44  -6.80 1.39 0.91 0.24 -1.00  -1.0     -1. 43.03 307.9  62098.
19:17:34 0.47 165.32 108.68  5.19 1640  51.79   306.8  79269.  2.23  1.52   9.29   4.94  -4.90 0.53 0.18 0.59 -1.00  -1.0     -1. 45.30 303.6  80065.
19:18:55 0.47 165.32 108.66  5.19 1640  53.52   307.9  91155.  1.29  2.01  10.11   3.18  -9.43 1.06 0.82 1.42 -1.00  -1.0     -1. 46.42 306.2  92182.
19:20:16 0.47 165.32 108.66  5.19 1640  48.68   315.4  58989.  3.48  1.53   8.91  -0.13 -13.09 0.50 0.49 0.41 -1.00  -1.0     -1. 41.39 311.1  57059.
19:21:37 0.47 165.32 108.64  5.19 1640  53.92   321.2  63683.  3.78  1.37   8.32  -1.13 -12.54 0.49 0.30 0.41 -1.00  -1.0     -1. 45.73 317.7  57602.
19:22:58 0.47 165.32 108.63  5.19 1640  52.48   311.7  61331.  4.07  1.24   8.84  -2.47 -13.39 0.66 0.47 0.73 -1.00  -1.0     -1. 44.15 308.9  57140.
19:24:19 0.47 165.33 108.62  5.19 1640  49.05   320.6  62166.  4.43  0.33   9.81  -2.92 -13.94 0.19 0.37 0.28 -1.00  -1.0     -1. 41.66 317.0  57046.
19:25:40 0.47 165.33 108.61  5.19 1640  58.71   319.1  56192.  4.45  2.03   7.21  -2.79 -11.88 0.94 0.55 0.48 -1.00  -1.0     -1. 51.21 315.7  68737.
19:27:01 0.47 165.33 108.60  5.19 1640  56.07   317.6  70566.  3.96  1.71   7.80  -1.35 -11.66 0.47 0.44 0.38 -1.00  -1.0     -1. 49.67 313.7  67493.
19:28:22 0.47 165.33 108.59  5.19 1640  49.22   317.7  58524.  4.17  1.30  10.31   0.26 -12.84 0.54 0.39 0.28 -1.00  -1.0     -1. 44.36 315.0  67292.
19:29:43 0.47 165.33 108.58  5.19 1640  53.05   317.7  71658.  0.00  0.00  10.80   1.90 -12.43 0.30 0.39 0.19 -1.00  -1.0     -1. 45.89 315.4  69663.
19:31:04 0.47 165.34 108.57  5.19 1640  54.72   321.7  73860.  4.00  0.96   9.04   0.61 -13.17 0.35 0.22 0.48 -1.00  -1.0     -1. 47.06 318.3  73734.
19:32:25 0.47 165.34 108.56  5.19 1640  56.01   315.4  77693.  2.79  0.10   9.92   1.35 -12.40 0.54 0.31 0.36 -1.00  -1.0     -1. 48.80 312.5  74916.
19:33:46 0.47 165.34 108.55  5.19 1640  51.66   314.8  63092.  0.00  0.00  12.57   1.58 -11.62 0.33 0.16 0.34 -1.00  -1.0     -1. 45.81 315.4  75780.
19:35:07 0.47 165.34 108.54  5.19 1640  53.40   317.4  71622.  3.88  0.00  11.80   1.34 -11.95 0.46 0.32 0.49 -1.00  -1.0     -1. 46.56 313.5  69819.
19:36:28 0.47 165.34 108.53  5.19 1640  51.75   316.6  60525.  3.70 -0.45  10.35   3.42 -11.90 0.37 0.58 0.24 -1.00  -1.0     -1. 46.72 314.7  73954.
19:37:49 0.47 165.34 108.52  5.19 1640  -1.00    -1.0     -1. -1.00 -1.00  10.45   5.22 -10.93 0.53 0.56 0.17 -1.00  -1.0     -1. -1.00  -1.0     -1.
19:40:57 0.47 165.35 108.49  5.19 1640  59.60   298.3 108333.  0.00  0.00   0.00   0.00   0.00 0.00 0.00 0.00 -1.00  -1.0     -1. -1.00  -1.0     -1.
19:42:18 0.47 165.35 108.48  5.19 1640  58.57   312.5 119387.  6.37 -1.82  12.35  -4.46  -2.12 0.29 0.62 0.49 -1.00  -1.0     -1. 49.74 308.0 115804.
19:43:39 0.47 165.35 108.47  5.19 1640  56.81   311.6 113222.  4.73 -0.99  12.58  -0.58  -3.64 0.74 0.96 0.46 -1.00  -1.0     -1. 49.98 309.3 129136.
19:44:34 0.47 165.35 108.47  5.19 1640  57.27   318.1 109837.  3.92 -1.30   0.00   0.00   0.00 0.00 0.00 0.00 -1.00  -1.0     -1. 49.10 314.1 109990.
19:45:55 0.47 165.36 108.45  5.19 1640  53.34   310.4  98458.  3.83 -1.01  14.15   0.86  -3.57 0.41 0.31 0.25 -1.00  -1.0     -1. 46.85 307.0  96161.
19:47:16 0.47 165.36 108.44  5.19 1640  55.70   309.6 119293.  4.62 -0.70  14.83  -0.22  -1.85 0.83 1.39 1.85 -1.00  -1.0     -1. 47.48 307.8 112741.
19:48:37 0.47 165.36 108.43  5.19 1640  53.62   310.6  96067.  4.70 -0.50  14.26  -1.20  -4.88 0.00 0.00 0.00 -1.00  -1.0     -1. 45.59 305.8  95703.
19:49:58 0.47 165.36 108.42  5.19 1640  52.81   308.9 100845.  0.00  0.00  13.87  -3.12  -4.98 0.22 0.21 0.44 -1.00  -1.0     -1. 46.10 308.2 101797.
19:51:19 0.47 165.36 108.41  5.18 1640  55.62   308.8  98448.  5.22 -0.61  14.02  -5.69  -2.61 0.28 0.56 0.76 -1.00  -1.0     -1. 48.00 303.9  98561.
19:52:40 0.47 165.37 108.40  5.18 1640  55.36   312.1  98282.  5.12  0.36  12.74  -4.56  -6.12 0.38 0.41 0.34 -1.00  -1.0     -1. 47.62 307.7  98701.
19:54:01 0.47 165.37 108.39  5.18 1640  54.95   308.4  91071.  4.79  0.17  13.52  -6.02  -4.44 0.21 0.97 0.71 -1.00  -1.0     -1. 48.07 304.5  90850.
19:55:22 0.47 165.37 108.38  5.18 1640  54.30   313.4 104438.  5.35  0.02  13.96  -5.39  -4.23 0.20 0.32 0.23 -1.00  -1.0     -1. 48.08 307.6 101602.
19:56:43 0.47 165.37 108.37  5.18 1640  54.55   311.7  94780.  4.90  0.47  13.59  -3.85  -5.19 0.23 0.42 0.20 -1.00  -1.0     -1. 47.79 305.8  92207.
19:58:04 0.47 165.37 108.36  5.18 1640  55.69   310.2 106991.  4.70  0.21  15.18  -1.74  -3.80 0.16 0.48 0.34 -1.00  -1.0     -1. 48.73 305.5 110012.
19:59:25 0.47 165.37 108.35  5.18 1640  55.45   307.7 100137.  4.27  0.23  15.71  -0.53  -4.91 0.20 0.22 0.66 -1.00  -1.0     -1. 48.33 302.7  97148.
20:00:46 0.47 165.38 108.34  5.18 1640  54.41   310.5 103200.  4.21 -0.08  15.47  -0.45  -6.32 0.30 0.42 0.53 -1.00  -1.0     -1. 47.23 307.5 102222.
20:02:07 0.47 165.38 108.33  5.18 1640  51.55   306.7  96109.  3.77 -0.48  15.82   0.07  -5.07 0.71 0.42 1.23 -1.00  -1.0     -1. 44.67 302.4  94553.
20:03:28 0.47 165.38 108.32  5.18 1640  54.16   305.0  86828.  3.37  0.81  15.27   1.18  -5.73 0.24 0.43 0.37 -1.00  -1.0     -1. 49.11 303.1 105695.
20:04:49 0.47 165.38 108.31  5.18 1640  53.72   304.2 103236.  4.90 -0.11  16.49  -1.42  -3.51 0.20 1.19 0.43 -1.00  -1.0     -1. 47.90 298.7 101511.
20:06:10 0.47 165.38 108.30  5.18 1640  53.99   299.2  96015.  5.42 -0.62  17.10  -3.90  -1.91 0.26 0.23 0.17 -1.00  -1.0     -1. 46.78 294.3  91655.
20:07:31 0.47 165.39 108.29  5.18 1640  51.10   306.5  98097.  4.74 -0.83  17.91  -2.86  -2.82 0.16 0.35 0.43 -1.00  -1.0     -1. 44.61 301.6  94338.
20:08:52 0.47 165.39 108.28  5.18 1640  51.27   299.5  92877.  0.00  0.00  17.67  -3.55  -1.62 0.20 0.35 0.34 -1.00  -1.0     -1. 44.01 298.7  85772.
20:10:13 0.47 165.39 108.26  5.18 1640  52.89   304.4 103925.  4.34 -0.87  17.48  -2.63  -2.42 0.25 0.51 0.35 -1.00  -1.0     -1. 44.51 300.6 102843.
20:11:34 0.47 165.39 108.25  5.18 1640  52.94   297.1  92731.  0.00  0.00  17.94  -1.96  -0.99 0.10 0.37 0.31 -1.00  -1.0     -1. 45.52 296.1  87673.
20:12:55 0.47 165.39 108.24  5.18 1640  53.32   302.6 102479.  4.32 -0.75   0.00   0.00   0.00 0.00 0.00 0.00 -1.00  -1.0     -1. 46.78 298.3 101690.
20:14:16 0.47 165.40 108.23  5.18 1640  53.99   298.8  92844.  4.98 -0.43  17.22  -1.00  -3.06 0.15 0.36 0.30 -1.00  -1.0     -1. 45.60 294.8  91155.
20:15:37 0.47 165.40 108.22  5.18 1640  52.78   301.8  98152.  4.18  0.50  16.48   0.71  -4.65 0.20 0.79 0.74 -1.00  -1.0     -1. 46.38 297.3  96781.
20:16:58 0.47 165.40 108.21  5.18 1640  53.20   301.7  93991.  3.86  1.23   0.00   0.00   0.00 0.00 0.00 0.00 -1.00  -1.0     -1. 46.00 298.7  85870.
20:18:19 0.47 165.40 108.20  5.18 1640  53.01   305.6  96151.  4.11  1.53  15.45  -1.32  -6.59 0.31 0.48 0.68 -1.00  -1.0     -1. 45.48 301.8  97178.
20:19:40 0.47 165.40 108.19  5.18 1640  52.95   305.3  84096.  5.29  1.93  14.98  -4.42  -6.43 0.31 0.23 0.45 -1.00  -1.0     -1. 46.08 300.1  82296.
20:21:01 0.47 165.40 108.18  5.18 1640  53.27   310.0  87985.  5.39  2.13  13.80  -5.96  -8.30 1.04 0.89 0.90 -1.00  -1.0     -1. 45.44 306.0  80828.
20:22:22 0.47 165.41 108.17  5.18 1640  44.56   314.4  62244.  5.16  3.38  13.18  -6.16  -8.71 1.56 0.68 1.11 -1.00  -1.0     -1. 37.67 310.3  56926.
20:23:43 0.47 165.41 108.16  5.18 1640  53.14   302.4 109843.  5.94 -0.70  15.56  -6.74  -1.97 0.41 0.95 1.52 -1.00  -1.0     -1. 47.88 296.5 105971.
20:25:04 0.47 165.41 108.15  5.18 1640  52.60   302.7  90034.  5.92  1.54  15.43  -6.21  -3.78 0.22 0.26 0.36 -1.00  -1.0     -1. 45.52 297.4  79932.
20:26:25 0.47 165.41 108.14  5.18 1640  47.46   310.3  92756.  6.18  0.59  15.25  -8.14  -4.37 0.29 1.20 0.86 -1.00  -1.0     -1. 40.71 304.5  88940.
20:27:46 0.47 165.41 108.13  5.18 1640  53.13   313.8  95586.  2.12  1.97  12.89   2.94  -8.13 0.41 0.83 0.42 -1.00  -1.0     -1. 47.80 311.2  93913.
20:29:07 0.47 165.42 108.12  5.18 1640  54.80   311.4  92731.  3.75  1.04  14.65   2.85  -5.94 0.30 0.61 0.52 -1.00  -1.0     -1. 46.89 307.9  85538.
20:30:28 0.47 165.42 108.11  5.18 1640  53.40   310.5  69306.  0.00  0.00  11.19   2.53 -11.31 0.20 0.36 0.29 -1.00  -1.0     -1. 47.16 310.7  84129.
20:31:49 0.47 165.42 108.10  5.18 1640  49.21   310.2  78808.  0.00  0.00  12.21   2.80 -11.80 0.49 0.80 0.20 -1.00  -1.0     -1. 42.59 308.0  76345.
20:33:10 0.47 165.42 108.09  5.18 1640  45.89   309.6  69673.  0.00  0.00  11.14  -2.38 -13.87 0.21 0.43 0.27 -1.00  -1.0     -1. 40.19 307.7  67363.
20:34:31 0.47 165.42 108.08  5.18 1640  51.47   316.3  81819.  3.86  2.55   9.32   1.80 -13.14 1.72 1.70 1.10 -1.00  -1.0     -1. 44.15 312.4  79243.
20:35:52 0.47 165.42 108.06  5.18 1640  54.71   314.2  65590.  3.25  3.53   9.01   2.85 -13.03 2.08 2.56 1.21 -1.00  -1.0     -1. 46.72 311.5  58495.
20:37:13 0.47 165.43 108.05  5.18 1640  52.12   308.4  89333.  5.44  1.40  16.97  -6.49  -5.24 0.27 0.60 0.38 -1.00  -1.0     -1. 44.85 303.1  87942.
20:38:34 0.47 165.43 108.04  5.18 1640  51.54   303.4  85233.  6.79  1.02  15.59  -8.74  -5.41 0.46 0.43 0.53 -1.00  -1.0     -1. 44.06 297.7  77690.
20:39:55 0.47 165.43 108.03  5.18 1640  52.75   304.2  91935.  6.88  2.97  14.08 -11.67  -5.83 0.53 2.09 1.12 -1.00  -1.0     -1. 46.46 297.6  91178.
20:41:16 0.47 165.43 108.02  5.18 1640  44.23   317.9  78980.  0.00  0.00  11.67 -14.07  -3.85 0.99 0.37 0.52 -1.00  -1.0     -1. -1.00  -1.0     -1.
20:43:58 0.47 165.44 108.00  5.18 1640  47.78   317.4  57930.  5.97  3.86   5.78 -11.92  -7.26 0.48 1.48 2.25 -1.00  -1.0     -1. 40.86 311.5  59255.
20:45:19 0.47 165.44 107.99  5.18 1640  54.13   313.3  83040.  7.60  2.31   7.13 -10.02  -7.19 0.84 1.78 1.56 -1.00  -1.0     -1. 45.15 308.4  77986.
20:46:40 0.47 165.44 107.98  5.17 1640  53.55   311.3  77066.  7.23  2.87   7.31  -2.88 -10.29 0.68 4.58 1.98 -1.00  -1.0     -1. 45.99 304.5  76293.
20:48:01 0.47 165.44 107.97  5.17 1640  53.40   313.4  68065.  4.75  3.28   7.76   0.61 -11.18 1.51 2.70 1.48 -1.00  -1.0     -1. 48.04 308.7  68958.
20:49:22 0.47 165.44 107.96  5.17 1640  54.14   314.7  71170.  5.46  3.04   7.61  -5.29  -7.86 1.23 1.34 1.08 -1.00  -1.0     -1. 48.47 311.4  84613.
20:50:43 0.47 165.44 107.95  5.17 1640  53.54   311.6  85996.  4.29  3.16   7.90  -3.56  -6.23 1.09 0.98 1.21 -1.00  -1.0     -1. 47.15 306.8  85074.
20:52:04 0.47 165.45 107.94  5.17 1640  53.10   310.7  76160.  6.00  2.61   8.80  -6.61  -7.48 0.96 1.21 0.53 -1.00  -1.0     -1. 46.51 305.1  72983.
20:53:25 0.47 165.45 107.93  5.17 1640  -1.00    -1.0     -1. -1.00 -1.00   5.82 -11.53  -8.29 0.30 0.26 0.56 -1.00  -1.0     -1. -1.00  -1.0     -1.
20:54:45 0.47 165.45 107.92  5.17 1640  52.08   321.7  56705.  7.52  3.46   3.85  -9.90 -10.27 0.85 0.01 0.10 -1.00  -1.0     -1. 45.48 315.2  55740.
20:56:06 0.47 165.45 107.91  5.17 1640  54.40   320.4  61662.  7.13  3.62   4.63  -9.10 -10.52 0.36 0.43 0.25 -1.00  -1.0     -1. 46.93 313.5  63046.
20:57:27 0.47 165.45 107.90  5.17 1640  51.01   323.3  70371.  0.00  0.00   6.98  -8.24  -9.98 1.33 0.51 0.40 -1.00  -1.0     -1. -1.00  -1.0     -1.
20:58:48 0.47 165.46 107.89  5.17 1640  52.56   318.4  70336.  6.67  3.58   0.00   0.00   0.00 0.00 0.00 0.00 -1.00  -1.0     -1. 46.87 312.2  68374.
21:00:10 0.47 165.46 107.87  5.17 1640  52.17   316.0  65099.  7.25  3.15   6.59 -10.08  -9.47 0.32 0.44 0.37 -1.00  -1.0     -1. 45.26 309.4  63887.
21:01:31 0.47 165.46 107.86  5.17 1640  52.24   315.0  68062.  6.46  2.48  11.11  -7.16  -7.76 1.88 2.22 1.26 -1.00  -1.0     -1. 44.84 308.8  69143.
21:02:52 0.47 165.46 107.85  5.17 1640  53.32   309.1  74341.  5.81  3.39  10.43  -5.27  -9.21 0.77 0.43 0.59 -1.00  -1.0     -1. 47.17 303.8  71950.
21:04:13 0.47 165.46 107.84  5.17 1640  56.79   316.7  75523.  5.57  3.26   7.41  -6.15 -10.04 0.87 0.73 0.40 -1.00  -1.0     -1. 49.70 310.8  74068.
21:05:34 0.47 165.47 107.83  5.17 1640  51.85   311.1  72285.  6.02  3.52  10.56  -5.56  -8.23 1.08 0.63 1.20 -1.00  -1.0     -1. 46.36 304.7  70323.
21:06:55 0.47 165.47 107.82  5.17 1640  52.91   304.2  96583.  6.51  0.28  15.90  -2.61  -1.10 0.16 0.37 0.64 -1.00  -1.0     -1. 45.62 298.1  99020.
21:08:16 0.47 165.47 107.81  5.17 1640  50.92   301.2  88521.  4.60  0.65  16.42  -0.64  -1.07 0.18 0.52 0.52 -1.00  -1.0     -1. 45.14 300.4 109291.
21:09:37 0.47 165.47 107.80  5.17 1640  53.18   301.4  98909.  0.00  0.00  16.02  -1.03  -1.96 0.26 0.26 0.32 -1.00  -1.0     -1. 45.30 299.7  98357.
21:10:58 0.47 165.47 107.79  5.17 1640  53.93   302.7  92035.  4.71  1.21  15.65  -1.87  -1.94 0.10 0.28 0.27 -1.00  -1.0     -1. 47.20 301.7 106130.
21:12:19 0.47 165.47 107.78  5.17 1640  -1.00    -1.0     -1. -1.00 -1.00  15.59  -2.74  -1.79 0.14 0.42 0.23 -1.00  -1.0     -1. 47.14 299.9  96609.
21:13:40 0.47 165.48 107.77  5.17 1640  53.81   301.9  94618.  5.48  1.18  15.11  -3.58  -2.26 0.11 0.26 0.21 -1.00  -1.0     -1. 48.77 299.2 114612.
21:15:01 0.47 165.48 107.76  5.17 1640  54.26   305.4  98873.  5.82  1.42  15.15  -4.03  -3.05 0.49 0.69 0.23 -1.00  -1.0     -1. 48.01 299.8  96184.
21:16:22 0.47 165.48 107.75  5.17 1640  52.70   300.6  93104.  4.93  1.09  16.18  -2.93  -2.19 0.28 0.30 0.44 -1.00  -1.0     -1. 46.89 298.5 115954.
21:17:43 0.47 165.48 107.74  5.17 1640  55.05   303.2 107284.  5.49  0.23  16.01  -3.91  -0.28 0.39 0.84 0.86 -1.00  -1.0     -1. 47.49 298.0 104919.
21:19:04 0.47 165.48 107.73  5.17 1640  54.16   299.1  91977.  4.60  1.14  15.75  -2.90  -0.99 0.20 2.16 2.52 -1.00  -1.0     -1. 47.35 297.8 116805.
21:20:25 0.47 165.49 107.72  5.17 1640  53.54   305.0 108073.  6.63 -0.72  15.09  -5.39   2.10 0.51 1.14 0.63 -1.00  -1.0     -1. 48.18 298.4 104464.
21:21:46 0.47 165.49 107.71  5.17 1640  55.62   304.7  94105.  6.83 -1.03  14.28  -8.06   3.74 0.26 0.43 0.54 -1.00  -1.0     -1. 49.30 301.8 106780.
21:23:07 0.47 165.49 107.69  5.17 1640  55.89   306.1 108109.  5.61  0.35  15.50  -3.79  -0.74 0.10 0.39 0.25 -1.00  -1.0     -1. 48.25 300.4 105536.
21:24:28 0.47 165.49 107.68  5.17 1640  57.24   305.7 119647.  5.83  0.28  15.18  -3.31   0.46 0.30 0.38 0.36 -1.00  -1.0     -1. 50.47 300.6 118971.
21:25:49 0.47 165.49 107.67  5.17 1640  56.30   304.8 104438.  5.58 -0.07  15.53  -3.64   1.03 0.21 0.50 0.32 -1.00  -1.0     -1. 48.66 299.4 104438.
21:27:10 0.47 165.50 107.66  5.17 1640  55.67   302.3  97161.  5.94  0.11  15.79  -4.02   1.51 0.18 0.25 0.19 -1.00  -1.0     -1. 49.78 299.9 121226.
21:28:31 0.47 165.50 107.65  5.17 1640  55.79   305.1 104581.  5.96 -0.42  16.19  -4.59   3.11 0.08 0.18 0.25 -1.00  -1.0     -1. 47.82 299.2 103792.
21:29:52 0.47 165.50 107.64  5.17 1640  57.13   310.1 113962.  7.18 -1.48  15.67  -5.32   2.19 0.41 1.29 1.81 -1.00  -1.0     -1. 48.28 304.7 108976.
21:31:13 0.47 165.50 107.63  5.17 1640  54.43   305.4 110600.  6.04  0.15  15.77  -3.41   1.05 0.16 0.65 0.56 -1.00  -1.0     -1. 47.65 298.7 105490.
21:32:34 0.47 165.50 107.62  5.17 1640  -1.00    -1.0     -1. -1.00 -1.00  16.23  -4.59   2.88 0.48 1.14 1.27 -1.00  -1.0     -1. 47.45 303.0 110077.
21:33:55 0.47 165.50 107.61  5.17 1640  53.23   304.2 105689.  5.66 -1.24  16.38  -2.65   4.53 0.09 0.58 0.31 -1.00  -1.0     -1. 45.92 298.9 103411.
21:35:16 0.47 165.51 107.60  5.17 1640  56.93   303.4 120173.  4.30 -1.27  16.25   1.01   3.91 0.23 0.30 0.28 -1.00  -1.0     -1. 49.56 299.2 121418.
21:36:37 0.47 165.51 107.59  5.17 1640  55.81   302.8 106686.  4.55 -0.10  16.28   0.91   2.02 0.14 0.46 0.20 -1.00  -1.0     -1. 49.14 298.3 107985.
21:37:58 0.47 165.51 107.58  5.17 1640  57.73   303.8 123243.  5.35 -0.50  16.64   0.20   3.15 0.26 0.43 0.30 -1.00  -1.0     -1. 50.02 299.2 123828.
21:39:19 0.47 165.51 107.57  5.17 1640  55.66   304.6 110116.  6.27 -0.76  16.25  -0.73   4.05 0.28 0.82 0.47 -1.00  -1.0     -1. 47.18 298.9 108151.
21:40:40 0.47 165.51 107.56  5.17 1640  55.26   304.7 132170.  5.16  0.06  16.66  -0.14   2.65 0.29 0.25 0.21 -1.00  -1.0     -1. 49.57 299.7 128321.
21:42:01 0.47 165.52 107.55  5.16 1640  53.59   299.0 111074.  0.00  0.00  16.96  -1.11   5.30 0.21 0.32 0.35 -1.00  -1.0     -1. 47.31 296.8 109288.
21:43:30 0.47 165.52 107.54  5.16 1640  52.33   308.9 134837.  0.00  0.00  16.92  -1.48   5.54 0.26 0.03 0.11 -1.00  -1.0     -1. -1.00  -1.0     -1.
21:44:51 0.47 165.52 107.52  5.16 1640  54.94   301.1 110873.  5.21 -0.81   0.00   0.00   0.00 0.00 0.00 0.00 -1.00  -1.0     -1. 48.11 298.9 140762.
21:46:12 0.47 165.52 107.52  5.16 1640  55.01   302.0 126537.  5.32 -1.41  16.41  -1.31   6.62 0.16 0.24 0.29 -1.00  -1.0     -1. 47.97 297.4 126397.
21:47:33 0.47 165.52 107.50  5.16 1640  53.96   302.3 108674.  5.56 -1.63  14.79  -3.72   8.58 0.12 0.13 0.16 -1.00  -1.0     -1. 46.52 296.8 107979.
21:48:46 0.47 165.52 107.49  5.16 1640  54.55   299.9  97194.  5.70 -1.63  14.64  -3.50   8.78 0.17 0.30 0.17 -1.00  -1.0     -1. 48.37 297.3 122363.
21:50:07 0.47 165.53 107.49  5.16 1640  54.90   305.1  99672.  6.49 -1.63  13.92  -5.19   8.57 0.34 0.55 0.46 -1.00  -1.0     -1. 47.98 299.0  99835.
21:51:28 0.47 165.53 107.47  5.16 1640  -1.00    -1.0     -1. -1.00 -1.00  14.21  -4.71   7.73 1.78 3.33 1.42 -1.00  -1.0     -1. -1.00  -1.0     -1.
21:57:20 0.47 165.54 107.43  5.16 1640  -1.00    -1.0     -1. -1.00 -1.00  15.04  -5.92   6.55 0.41 1.17 0.81 -1.00  -1.0     -1. -1.00  -1.0     -1.
21:58:32 0.47 165.54 107.42  5.16 1640  50.32   301.7 108726.  6.56 -1.52  13.95  -7.76   7.75 0.43 0.53 0.92 -1.00  -1.0     -1. 44.69 296.0 106998.
21:59:54 0.47 165.54 107.41  5.16 1640  52.19   295.1  94511.  0.00  0.00  14.32  -6.80   7.66 0.60 0.86 1.01 -1.00  -1.0     -1. 46.81 296.3 117435.
22:01:15 0.47 165.54 107.40  5.16 1640  49.96   297.5 107222.  0.00  0.00  14.10  -2.29  10.64 2.53 1.70 1.13 -1.00  -1.0     -1. 43.86 296.4 103642.
22:02:35 0.47 165.54 107.39  5.16 1640  50.36   296.9  91428.  0.00  0.00   0.00   0.00   0.00 0.00 0.00 0.00 -1.00  -1.0     -1. 43.34 296.3  86578.
22:03:57 0.47 165.54 107.38  5.16 1640  -1.00    -1.0     -1. -1.00 -1.00  11.99  -4.64  11.97 0.26 0.25 0.26 -1.00  -1.0     -1. 44.60 298.2  95872.
22:05:18 0.47 165.55 107.37  5.16 1640  50.94   298.2  89901.  0.00  0.00  13.55  -1.90  10.25 1.16 1.98 2.43 -1.00  -1.0     -1. 44.51 300.6 103918.
22:06:39 0.47 165.55 107.35  5.16 1640  -1.00    -1.0     -1. -1.00 -1.00  14.80   1.46   3.93 0.89 3.03 5.03 -1.00  -1.0     -1. 47.61 301.3 138768.
22:08:00 0.47 165.55 107.34  5.16 1640  53.41   297.9 130734.  0.00  0.00  13.46  -8.31  -6.93 0.22 0.38 0.81 -1.00  -1.0     -1. 47.63 296.4 130055.
22:09:21 0.47 165.55 107.33  5.16 1640  49.69   303.8  82563.  0.00  0.00  13.16  -8.69  -7.75 0.34 0.44 0.42 -1.00  -1.0     -1. 41.22 303.5  77580.
22:10:42 0.47 165.55 107.32  5.16 1640  48.56   306.4  73500.  6.62  0.49  14.78  -7.91  -0.37 0.47 0.77 0.68 -1.00  -1.0     -1. 40.52 300.5  69491.
22:12:03 0.47 165.56 107.31  5.16 1640  53.93   303.5  99698.  8.18  1.39  15.39  -7.04   1.85 2.63 0.85 1.15 -1.00  -1.0     -1. 46.24 295.7  96846.
22:13:24 0.47 165.56 107.30  5.16 1640  48.24   305.1  79188.  7.70  0.44  15.08  -7.77   2.98 2.43 0.86 1.63 -1.00  -1.0     -1. 43.28 300.9  99244.
22:14:45 0.47 165.56 107.29  5.16 1640  51.64   301.7  93133.  0.00  0.00  13.42 -10.58  -1.27 0.71 1.14 1.99 -1.00  -1.0     -1. 45.81 300.7  90421.
22:16:06 0.47 165.56 107.28  5.16 1640  -1.00    -1.0     -1. -1.00 -1.00  13.12 -11.48  -3.22 0.31 0.78 1.01 -1.00  -1.0     -1. 42.97 301.8  67980.
22:17:27 0.47 165.56 107.27  5.16 1640  49.27   304.8  79256.  0.00  0.00  13.08 -11.76  -2.34 2.35 0.62 2.18 -1.00  -1.0     -1. 41.95 304.0  70553.
22:18:48 0.47 165.56 107.26  5.16 1640  47.80   304.1  69588.  0.00  0.00  12.93 -12.28  -2.74 0.56 0.92 0.59 -1.00  -1.0     -1. 41.08 302.7  69718.
22:20:09 0.47 165.57 107.25  5.16 1640  -1.00    -1.0     -1. -1.00 -1.00  13.24 -12.14  -3.07 0.47 0.67 0.57 -1.00  -1.0     -1. -1.00  -1.0     -1.
22:21:30 0.47 165.57 107.24  5.16 1640  47.96   310.5 101378.  7.25  0.30  13.21 -13.77  -2.66 0.32 0.44 0.39 -1.00  -1.0     -1. 42.61 304.5  95212.
22:22:51 0.47 165.57 107.23  5.16 1640  -1.00    -1.0     -1. -1.00 -1.00  13.78 -13.15  -1.59 0.75 0.53 1.08 -1.00  -1.0     -1. -1.00  -1.0     -1.
22:25:32 0.47 165.57 107.21  5.16 1640  -1.00    -1.0     -1. -1.00 -1.00  13.98 -12.88  -1.82 0.25 0.21 0.16 -1.00  -1.0     -1. -1.00  -1.0     -1.
22:26:53 0.47 165.58 107.20  5.16 1640  -1.00    -1.0     -1. -1.00 -1.00  13.82 -12.94  -1.93 0.44 0.36 0.45 -1.00  -1.0     -1. -1.00  -1.0     -1.
22:28:14 0.47 165.58 107.19  5.16 1640  47.86   304.9  90379.  0.00  0.00  14.96 -10.74   2.10 0.29 0.46 0.24 -1.00  -1.0     -1. 40.08 304.4  81712.
22:29:36 0.47 165.58 107.18  5.16 1640  -1.00    -1.0     -1. -1.00 -1.00  14.72 -10.86   2.64 0.62 0.86 0.69 -1.00  -1.0     -1. -1.00  -1.0     -1.
22:30:56 0.47 165.58 107.16  5.16 1640  51.91   305.4 111812.  8.24 -1.38  13.90  -8.52   2.88 0.66 0.44 0.26 -1.00  -1.0     -1. 44.55 297.6 108330.
22:32:18 0.48 165.58 107.15  5.16 1640  50.50   307.3 123055.  7.37 -1.02  14.00  -9.95   2.25 0.66 1.11 1.14 -1.00  -1.0     -1. 44.03 300.9 125891.
22:33:39 0.48 165.58 107.14  5.16 1640  -1.00    -1.0     -1. -1.00 -1.00  12.56  -9.37   1.44 0.35 0.51 0.34 -1.00  -1.0     -1. -1.00  -1.0     -1.
22:35:00 0.48 165.59 107.13  5.16 1640  50.68   308.1 118825.  7.87 -0.28  11.54  -9.78  -0.24 3.82 1.85 3.19 -1.00  -1.0     -1. 43.99 300.9 118215.
22:36:21 0.48 165.59 107.12  5.16 1640  -1.00    -1.0     -1. -1.00 -1.00   7.87 -11.79  -2.94 0.38 0.64 0.27 -1.00  -1.0     -1. -1.00  -1.0     -1.
22:37:42 0.48 165.59 107.11  5.15 1640  53.43   309.2 123091.  6.72 -0.74   8.36 -11.91  -4.26 1.40 2.36 3.48 -1.00  -1.0     -1. 46.11 303.5 123539.
22:39:03 0.48 165.59 107.10  5.15 1640  -1.00    -1.0     -1. -1.00 -1.00   9.16 -14.45  -8.27 1.77 0.72 1.29 -1.00  -1.0     -1. -1.00  -1.0     -1.
22:40:24 0.48 165.59 107.09  5.15 1640  -1.00    -1.0     -1. -1.00 -1.00   8.79 -14.43  -8.18 0.81 0.81 0.90 -1.00  -1.0     -1. -1.00  -1.0     -1.
22:41:45 0.48 165.60 107.08  5.15 1640  42.78   311.1  73941.  6.59  0.26  12.97 -14.07  -3.45 0.24 0.46 0.22 -1.00  -1.0     -1. 37.38 305.2  71317.
22:43:06 0.48 165.60 107.07  5.15 1640  45.13   303.4  78512.  6.64 -1.14  13.77 -12.66  -1.96 2.72 1.28 3.31 -1.00  -1.0     -1. 39.38 297.5  77589.
22:44:27 0.48 165.60 107.06  5.15 1640  47.95   304.9 138163.  0.00  0.00  16.06 -10.14   5.12 0.39 1.33 3.32 -1.00  -1.0     -1. 42.91 303.4 135987.
22:45:48 0.48 165.60 107.05  5.15 1640  50.19   299.1 134285.  0.00  0.00  16.37  -6.81   8.88 0.61 1.59 1.90 -1.00  -1.0     -1. 43.65 298.9 135256.
22:56:31 0.48 165.62 106.96  5.15 1640  48.80   296.2 143234.  0.00  0.00  11.76  -3.36   4.42 0.45 0.25 0.13 -1.00  -1.0     -1. 42.63 295.1 143260.
22:57:52 0.48 165.62 106.95  5.15 1640  49.44   296.6 115713.  0.00  0.00   0.00   0.00   0.00 0.00 0.00 0.00 -1.00  -1.0     -1. 43.92 297.9 142185.
22:59:13 0.48 165.62 106.94  5.15 1640  50.64   300.7 145992.  6.46  0.48   0.00   0.00   0.00 0.00 0.00 0.00 -1.00  -1.0     -1. 44.38 294.4 140376.
23:00:34 0.48 165.62 106.93  5.15 1640  51.92   296.8 118267.  0.00  0.00   0.00   0.00   0.00 0.00 0.00 0.00 -1.00  -1.0     -1. 45.45 297.7 142370.
23:03:17 0.48 165.63 106.91  5.15 1640  -1.00    -1.0     -1. -1.00 -1.00   0.00   0.00   0.00 0.00 0.00 0.00 -1.00  -1.0     -1. 45.94 301.3 101836.
23:04:37 0.48 165.63 106.90  5.15 1640  50.63   310.4  99776.  7.08  0.71   0.00   0.00   0.00 0.00 0.00 0.00 -1.00  -1.0     -1. 44.66 304.5  99088.
23:05:58 0.48 165.63 106.89  5.15 1640  49.03   310.7 142477.  6.17 -0.78   0.00   0.00   0.00 0.00 0.00 0.00 -1.00  -1.0     -1. 40.93 304.8 144524.
23:11:22 0.48 165.64 106.85  5.15 1640  58.60   311.9 155270.  0.00  0.00   0.00   0.00   0.00 0.00 0.00 0.00 36.10 249.1  71193. 50.95 310.2 149952.
23:12:43 0.48 165.64 106.84  5.15 1640  52.50   312.3 101985.  5.10 -0.17   0.00   0.00   0.00 0.00 0.00 0.00 -1.00  -1.0     -1. 46.31 307.9 101011.
23:14:04 0.48 165.64 106.83  5.15 1640  56.82   306.1  92555.  6.05  0.62   0.00   0.00   0.00 0.00 0.00 0.00 -1.00  -1.0     -1. 50.04 300.2  90392.
23:15:25 0.48 165.64 106.82  5.15 1640  46.25   308.0  71963.  7.71  1.02   0.00   0.00   0.00 0.00 0.00 0.00 -1.00  -1.0     -1. 40.26 301.4  68351.
23:16:46 0.48 165.64 106.81  5.15 1640  43.60   309.6  78557.  8.28  0.95   0.00   0.00   0.00 0.00 0.00 0.00 -1.00  -1.0     -1. 37.27 303.1  70800.
23:18:07 0.48 165.65 106.80  5.15 1640  47.92   311.4  60642.  7.92  0.94   0.00   0.00   0.00 0.00 0.00 0.00 -1.00  -1.0     -1. 41.24 304.5  59028.
23:19:28 0.48 165.65 106.79  5.15 1640  43.86   303.9  47622.  0.00  0.00   0.00   0.00   0.00 0.00 0.00 0.00 -1.00  -1.0     -1. 38.01 302.3  47411.
23:20:49 0.48 165.65 106.77  5.15 1640  46.60   309.4  67766.  7.53  0.43   0.00   0.00   0.00 0.00 0.00 0.00 -1.00  -1.0     -1. 40.84 302.8  63680.
23:27:34 0.48 165.66 106.72  5.15 1640  52.72   299.9  61350.  0.00  0.00   0.00   0.00   0.00 0.00 0.00 0.00 -1.00  -1.0     -1. 46.36 300.8  74643.
23:30:16 0.48 165.66 106.70  5.15 1640  49.02   307.8  53278.  8.41  0.69   0.00   0.00   0.00 0.00 0.00 0.00 -1.00  -1.0     -1. 43.40 302.4  69842.
23:31:37 0.48 165.66 106.69  5.15 1640  50.56   299.5 125449.  7.02 -3.50   0.00   0.00   0.00 0.00 0.00 0.00 -1.00  -1.0     -1. 45.30 293.9 124419.
23:32:58 0.48 165.66 106.68  5.15 1640  60.77   319.7 124689.  0.00  0.00   0.00   0.00   0.00 0.00 0.00 0.00 -1.00  -1.0     -1. 53.33 318.6 121535.
23:34:19 0.48 165.67 106.67  5.14 1640  62.93   321.0 105841.  0.00  0.00   0.00   0.00   0.00 0.00 0.00 0.00 -1.00  -1.0     -1. 54.92 319.0 108245.
23:35:40 0.48 165.67 106.66  5.14 1640  -1.00    -1.0     -1. -1.00 -1.00   0.00   0.00   0.00 0.00 0.00 0.00 -1.00  -1.0     -1. 56.11 320.1 102141.
23:37:01 0.48 165.67 106.65  5.14 1640  60.90   321.1 102359.  5.40 -0.50   0.00   0.00   0.00 0.00 0.00 0.00 -1.00  -1.0     -1. 52.17 316.6 102635.
23:38:22 0.48 165.67 106.64  5.14 1640  59.57   317.1  86477.  0.00  0.00   0.00   0.00   0.00 0.00 0.00 0.00 -1.00  -1.0     -1. 51.26 317.3 101602.
23:39:43 0.48 165.67 106.63  5.14 1640  -1.00    -1.0     -1. -1.00 -1.00   0.00   0.00   0.00 0.00 0.00 0.00 -1.00  -1.0     -1. 47.14 315.2  97743.
23:42:25 0.48 165.68 106.61  5.14 1640  67.22   322.0  89823.  0.00  0.00   0.00   0.00   0.00 0.00 0.00 0.00 -1.00  -1.0     -1. 58.00 321.6  80211.
23:43:46 0.48 165.68 106.59  5.14 1640  61.35   323.0  80682.  4.92 -0.69   0.00   0.00   0.00 0.00 0.00 0.00 -1.00  -1.0     -1. 54.17 318.0  78340.
23:48:06 0.48 165.69 106.56  5.14 1640  45.24   315.0  93871.  8.44 -1.03   0.00   0.00   0.00 0.00 0.00 0.00 -1.00  -1.0     -1. 40.17 307.7  87309.
23:49:10 0.48 165.69 106.55  5.14 1640  44.99   310.8  88423.  8.41 -0.49   0.00   0.00   0.00 0.00 0.00 0.00 -1.00  -1.0     -1. 39.48 303.9  86630.
23:50:31 0.48 165.69 106.54  5.14 1640  -1.00    -1.0     -1. -1.00 -1.00   0.00   0.00   0.00 0.00 0.00 0.00 -1.00  -1.0     -1. 39.46 303.6  99435.
23:54:35 0.48 165.69 106.51  5.14 1640  45.22   309.8  80984.  0.00  0.00   0.00   0.00   0.00 0.00 0.00 0.00 -1.00  -1.0     -1. 40.26 311.2 103444.
23:55:55 0.48 165.70 106.50  5.14 1640  58.78   319.0  97444.  0.00  0.00   0.00   0.00   0.00 0.00 0.00 0.00 -1.00  -1.0     -1. 50.57 318.7  90885.
23:57:16 0.48 165.70 106.49  5.14 1640  63.89   325.2  74594.  2.83 -0.93   0.00   0.00   0.00 0.00 0.00 0.00 -1.00  -1.0     -1. 57.17 323.2  84960.
23:58:37 0.48 165.70 106.48  5.14 1640  59.87   315.4 118224.  0.00  0.00   0.00   0.00   0.00 0.00 0.00 0.00 -1.00  -1.0     -1. 50.58 315.3 118416.
23:59:58 0.48 165.70 106.47  5.14 1640  57.78   313.2 111903.  0.00  0.00   0.00   0.00   0.00 0.00 0.00 0.00 -1.00  -1.0     -1. 50.61 314.0 119082.
