170  2:02:45 0.90 184.98 262.47 -2.02 1643   6.36   589.6 173308. -2.23  0.60  -5.91   4.42  -3.01 0.00 0.00 0.00  0.12 673.4 464685.  5.45 595.2 201872.
170  2:45:57 0.90 184.98 262.06 -2.02 1643   5.20   649.8 258545.  1.84  1.85  -3.92  -3.08  -1.98 0.00 0.00 0.00  0.16 690.4 718299.  4.63 651.5 309792.
170  3:29:09 0.90 184.97 261.66 -2.03 1643   5.56   640.7 239603.  0.95  1.90  -4.37   5.02   2.62 0.00 0.00 0.00  0.14 666.9 777889.  4.79 638.4 221974.
170 15:21:58 0.91 184.90 255.04 -2.08 1643  -1.00    -1.0     -1. -1.00 -1.00  -5.80  -1.00   0.43 0.00 0.00 0.00 -1.00  -1.0     -1. -1.00  -1.0     -1.
170 15:41:09 0.91 184.90 254.86 -2.08 1643   3.91   610.0 275606. -0.04 -2.73   0.00   0.00   0.00 0.00 0.00 0.00  0.17 649.4 636022.  3.19 610.2 277652.
170 16:24:21 0.91 184.89 254.46 -2.08 1643  -1.00    -1.0     -1. -1.00 -1.00  -5.28   1.00  -1.67 0.00 0.00 0.00 -1.00  -1.0     -1. -1.00  -1.0     -1.
170 17:07:33 0.91 184.89 254.06 -2.08 1643   3.95   605.1 245415.  0.05 -2.24   0.00   0.00   0.00 0.00 0.00 0.00  0.11 669.61072251.  3.32 606.3 215564.
170 17:50:45 0.91 184.89 253.65 -2.09 1643   4.00   617.9 224153.  3.31 -0.62  -5.59   3.30  -1.67 0.00 0.00 0.00  0.12 650.0 731579.  3.27 615.0 216682.
170 18:33:58 0.91 184.88 253.25 -2.09 1643   4.02   592.8 188953. -1.14 -0.67  -7.23  -0.30   1.61 0.00 0.00 0.00  0.10 640.4 579525.  3.44 595.3 229136.
170 19:17:10 0.91 184.88 252.85 -2.09 1643   3.36   594.1 139219.  1.67  0.31  -5.43   3.70   1.94 0.00 0.00 0.00  0.15 644.3 912206.  2.99 595.9 186510.
170 20:00:22 0.91 184.87 252.45 -2.09 1643   3.52   623.3 223923.  0.00  0.00  -4.30   4.10  -1.35 0.00 0.00 0.00  0.12 644.8 625731.  2.99 621.4 218095.
170 20:43:34 0.91 184.87 252.05 -2.10 1643   3.50   666.2 289912.  0.00  0.00  -4.02   0.91  -0.05 0.00 0.00 0.00  0.15 670.61130853. -1.00  -1.0     -1.
170 21:45:58 0.91 184.86 251.47 -2.10 1643  -1.00    -1.0     -1. -1.00 -1.00  -3.43   3.22   1.46 0.00 0.00 0.00 -1.00  -1.0     -1. -1.00  -1.0     -1.
170 22:29:10 0.91 184.86 251.06 -2.10 1643   3.73   643.6 220470.  1.72 -0.94  -4.52  -1.07   0.35 0.00 0.00 0.00  0.24 652.7 774121.  3.25 642.0 220207.
170 23:45:58 0.91 184.85 250.35 -2.11 1643   4.15   628.8 186692.  0.00  0.00  -1.31   3.14  -2.11 0.00 0.00 0.00  0.18 666.8 538750.  3.33 631.8 251681.
