220  0 06 13 0.97 168.27 154.23 -5.37 1657    6.06   387.1  165805.   1.64  -6.38   0.00   0.00    0.00  0.00  0.00  0.00  -1.00   -1.0        -1.   5.60  388.3 192309.
220  0 49 25 0.97 168.26 153.83 -5.37 1657    6.28   417.4  108057.   3.74  -8.61   0.00   0.00    0.00  0.00  0.00  0.00   0.07  417.0    200729.   5.33  415.3 105393.
220  1 32 37 0.97 168.25 153.42 -5.37 1657    5.69   392.7  145157.   1.00  -4.74   0.00   0.00    0.00  0.00  0.00  0.00  -1.00   -1.0        -1.   5.66  394.7 169394.
220  2 15 49 0.97 168.25 153.02 -5.37 1657    6.30   406.5  120398.  -0.47  -0.53   0.00   0.00    0.00  0.00  0.00  0.00  -1.00   -1.0        -1.   5.72  405.2 118013.
220  2 59 01 0.97 168.24 152.61 -5.37 1657    6.64   395.4  112075.   0.36  -1.51   0.00   0.00    0.00  0.00  0.00  0.00   0.10  399.9    195115.   5.77  395.9  95479.
220  3 41 03 0.97 168.19 152.18 -5.51 1658   -1.00    -1.0      -1.  -1.00  -1.00   0.34  -6.62   -2.80  0.00  0.00  0.00  -1.00   -1.0        -1.  -1.00   -1.0     -1.
220  4 25 25 0.97 168.22 151.80 -5.38 1657    7.41   387.6  113504.   0.82  -3.69   0.00   0.00    0.00  0.00  0.00  0.00   0.11  405.5    303328.   6.57  386.7 109811.
220  5 08 37 0.97 168.21 151.40 -5.38 1657    8.06   385.3   68123.   2.82  -4.26   0.00   0.00    0.00  0.00  0.00  0.00   0.23  367.4    249508.   7.24  384.0  70394.
220  5 51 49 0.97 168.21 151.00 -5.38 1657    8.06   372.0   89453.  -0.95   0.85   0.00   0.00    0.00  0.00  0.00  0.00   0.19  379.1    238593.   7.34  370.7  90723.
220  6 35 01 0.97 168.20 150.59 -5.38 1657    7.27   396.1   76439.   1.34  -4.10   0.00   0.00    0.00  0.00  0.00  0.00   0.15  399.5    147922.   6.67  395.0  76563.
220  7 18 13 0.97 168.19 150.19 -5.38 1657    8.57   380.3   87153.   0.00   0.00   0.00   0.00    0.00  0.00  0.00  0.00  -1.00   -1.0        -1.   7.74  381.6 106582.
220  8 01 25 0.97 168.18 149.78 -5.38 1657    6.56   379.0   53210.   1.68  -1.79   0.00   0.00    0.00  0.00  0.00  0.00   0.20  385.8    172883.   6.08  379.2  66584.
220  8 44 37 0.97 168.18 149.38 -5.39 1657    6.59   395.3   61766.   0.86  -0.41  -2.20  -6.41   -2.02  0.00  0.00  0.00   0.10  412.1    151625.   6.05  395.0  71892.
220  9 27 49 0.97 168.17 148.97 -5.39 1657    6.33   386.6   70667.   3.56  -2.43   0.00   0.00    0.00  0.00  0.00  0.00   0.14  388.5    219661.   5.61  384.0  71157.
220 10 11 01 0.97 168.16 148.57 -5.39 1657    7.12   383.2   69027.   1.91  -3.02   0.00   0.00    0.00  0.00  0.00  0.00  -1.00   -1.0        -1.   6.33  383.0  61623.
220 10 54 13 0.97 168.15 148.16 -5.39 1657    6.45   367.7   74880.   3.03  -2.28   0.00   0.00    0.00  0.00  0.00  0.00   0.18  369.7    214502.   5.87  365.2  73649.
220 11 37 25 0.97 168.15 147.76 -5.39 1657    6.54   369.4   80305.   1.59   0.16   0.00   0.00    0.00  0.00  0.00  0.00  -1.00   -1.0        -1.   5.93  367.3  80958.
220 15 49 16 0.97 168.10 145.40 -5.40 1657   -1.00    -1.0      -1.  -1.00  -1.00   5.31  -5.89    1.80  0.22  0.20  0.12  -1.00   -1.0        -1.  -1.00   -1.0     -1.
220 15 51 49 0.97 168.10 145.38 -5.40 1657    6.54   375.1   92701.   1.83  -0.90   5.26  -5.90    1.83  0.25  0.23  0.21  -1.00   -1.0        -1.   6.39  375.3 112134.
220 15 52 30 0.97 168.10 145.37 -5.40 1657    6.92   379.7  100969.   2.71  -0.40   5.48  -5.37    2.15  0.29  0.37  0.24  -1.00   -1.0        -1.   5.93  378.3  89761.
220 15 53 10 0.97 168.10 145.36 -5.40 1657    6.10   384.9   76508.   3.62   0.02   5.61  -5.13    2.62  0.17  0.23  0.32  -1.00   -1.0        -1.   5.80  385.9  81286.
220 15 53 11 0.97 168.10 145.36 -5.40 1657    6.76   377.0  106289.   2.45  -0.20   0.00   0.00    0.00  0.00  0.00  0.00  -1.00   -1.0        -1.   6.01  376.7  94615.
220 15 53 52 0.97 168.10 145.36 -5.40 1657    6.71   376.9  106916.   2.52   0.27   6.21  -4.16    3.18  0.26  0.46  0.52  -1.00   -1.0        -1.   5.91  375.3 108791.
220 15 54 32 0.97 168.10 145.35 -5.40 1657    6.13   375.5  107469.   1.00  -1.36   6.51  -3.94    3.41  0.19  0.23  0.12  -1.00   -1.0        -1.   5.60  375.1  99081.
220 15 55 13 0.97 168.10 145.34 -5.40 1657    6.05   373.9   95339.   0.87  -0.96   6.53  -3.60    4.05  0.28  0.47  0.38  -1.00   -1.0        -1.   5.57  373.6 106595.
220 15 55 53 0.97 168.10 145.34 -5.40 1657    6.28   372.8  117266.   1.72  -1.10   6.57  -3.97    3.59  0.13  0.20  0.32  -1.00   -1.0        -1.   5.57  372.6 112501.
220 15 56 34 0.97 168.10 145.33 -5.40 1657    6.93   372.6   93777.   1.60  -0.66   6.52  -3.86    3.71  0.19  0.19  0.28  -1.00   -1.0        -1.   5.93  373.6 106176.
220 15 57 14 0.97 168.10 145.33 -5.40 1657    6.37   374.7  103649.   2.00  -1.69   6.33  -3.87    4.02  0.16  0.16  0.16  -1.00   -1.0        -1.   5.71  373.0 101212.
220 15 57 55 0.97 168.10 145.32 -5.40 1657    6.70   377.0  110087.   1.54  -1.27   6.13  -3.87    3.97  0.21  0.14  0.16  -1.00   -1.0        -1.   5.81  374.1 101664.
220 15 58 35 0.97 168.10 145.31 -5.40 1657    7.44   372.9  107465.   1.88  -1.65   5.81  -3.90    4.07  0.14  0.15  0.18  -1.00   -1.0        -1.   6.62  370.9 105013.
220 15 59 16 0.97 168.10 145.31 -5.40 1657    7.07   378.1  108333.   1.38  -1.31   5.89  -3.71    4.22  0.23  0.20  0.23  -1.00   -1.0        -1.   6.28  376.0 107404.
220 15 59 56 0.97 168.10 145.30 -5.40 1657    7.03   375.5   92354.   1.02  -1.99   5.86  -3.88    4.13  0.19  0.36  0.41  -1.00   -1.0        -1.   6.02  376.9  89095.
220 16 00 37 0.97 168.10 145.30 -5.40 1657    7.42   373.1   88144.   1.91  -1.09   5.92  -4.68    3.56  0.11  0.24  0.15  -1.00   -1.0        -1.   6.57  375.1  96625.
220 16 01 17 0.97 168.10 145.29 -5.40 1657    7.71   378.9   95735.   2.51  -1.26   5.70  -4.94    3.49  0.25  0.20  0.21  -1.00   -1.0        -1.   6.53  377.6  82777.
220 16 01 58 0.97 168.10 145.28 -5.40 1657    7.45   374.7   85577.   2.24  -0.84   5.80  -5.11    2.92  0.29  0.24  0.26  -1.00   -1.0        -1.   6.61  375.6  95843.
220 16 02 38 0.97 168.10 145.28 -5.40 1657    6.58   380.6   78207.   2.27  -0.51   5.91  -5.12    2.47  0.38  0.45  0.53  -1.00   -1.0        -1.   6.00  379.0  79743.
220 16 03 19 0.97 168.10 145.27 -5.40 1657    7.08   378.9   79906.   2.38   0.49   5.83  -5.37    1.72  0.25  0.20  0.15  -1.00   -1.0        -1.   6.36  377.7  74978.
220 16 03 59 0.97 168.10 145.26 -5.40 1657    7.60   381.3   82777.   2.32   0.30   5.85  -5.13    1.97  0.24  0.17  0.21  -1.00   -1.0        -1.   6.50  379.1  79909.
220 16 04 40 0.97 168.10 145.26 -5.40 1657    7.85   379.8   73854.   1.62   0.01   5.98  -4.79    2.54  0.23  0.32  0.39  -1.00   -1.0        -1.   6.85  377.3  68123.
220 16 05 20 0.97 168.10 145.25 -5.40 1657    9.72   386.0   70212.   0.97  -0.13   5.87  -3.86    3.55  0.15  0.29  0.33  -1.00   -1.0        -1.   8.90  386.1  68945.
220 16 06 01 0.97 168.10 145.25 -5.40 1657    8.50   381.2   67266.   1.63   0.74   5.92  -5.20    2.45  0.23  0.28  0.31  -1.00   -1.0        -1.   7.50  381.2  57842.
220 16 06 41 0.97 168.10 145.24 -5.40 1657    7.31   381.0   80568.   1.15  -0.50   6.15  -4.94    2.72  0.18  0.21  0.16  -1.00   -1.0        -1.   6.09  379.3  80172.
220 16 07 22 0.97 168.10 145.23 -5.41 1657    7.62   376.5   83170.   1.59  -0.55   6.12  -4.63    3.13  0.15  0.19  0.24  -1.00   -1.0        -1.   6.53  378.7  97639.
220 16 08 02 0.97 168.10 145.23 -5.41 1657    7.32   377.3   92295.   1.48  -0.90   6.17  -4.53    3.55  0.21  0.14  0.15  -1.00   -1.0        -1.   6.32  377.7  86922.
220 16 08 43 0.97 168.10 145.22 -5.41 1657    7.11   375.9   80334.   1.73  -0.85   6.33  -4.53    3.57  0.15  0.16  0.18  -1.00   -1.0        -1.   6.30  374.2  76975.
220 16 09 23 0.97 168.10 145.21 -5.41 1657    7.05   380.3   83060.   1.30  -0.95   6.31  -4.45    3.47  0.21  0.17  0.16  -1.00   -1.0        -1.   6.40  378.5  83930.
220 16 10 04 0.97 168.10 145.21 -5.41 1657    9.71   387.5   83407.   2.03   1.88   5.43  -2.41    4.04  0.18  0.81  0.55  -1.00   -1.0        -1.   8.72  386.1  80952.
220 16 10 44 0.97 168.10 145.20 -5.41 1657    9.86   391.5   79269.   1.46   1.41   5.71  -2.41    3.92  0.18  0.17  0.13  -1.00   -1.0        -1.   8.29  388.6  80208.
220 16 11 25 0.97 168.10 145.19 -5.41 1657    8.17   384.2   85373.   1.43   0.70   5.66  -2.73    3.94  0.24  0.31  0.24  -1.00   -1.0        -1.   7.38  383.2  97519.
220 16 12 05 0.97 168.10 145.19 -5.41 1657    8.30   386.6   88608.   1.83   0.61   5.81  -2.62    3.77  0.25  0.16  0.28  -1.00   -1.0        -1.   7.59  385.6  87965.
220 16 12 46 0.97 168.10 145.18 -5.41 1657    9.05   387.9   88745.   1.29   0.93   5.67  -2.85    3.50  0.39  0.37  0.23  -1.00   -1.0        -1.   8.94  388.5  97623.
220 16 13 26 0.97 168.10 145.18 -5.41 1657    9.81   387.0   83602.   1.74   0.62   5.16  -3.23    3.20  0.18  0.21  0.13  -1.00   -1.0        -1.   9.06  385.8  90879.
220 16 14 07 0.97 168.10 145.17 -5.41 1657    9.60   387.9   86451.   1.00   0.88   5.40  -3.26    3.40  0.12  0.12  0.19  -1.00   -1.0        -1.   9.43  388.3  88712.
220 16 14 47 0.97 168.10 145.16 -5.41 1657    8.07   390.1   81494.   1.20   0.54   6.00  -4.01    3.09  0.23  0.16  0.15  -1.00   -1.0        -1.   7.32  388.6  83125.
220 16 15 28 0.97 168.10 145.16 -5.41 1657    7.68   388.4   86926.   0.80   0.27   6.14  -3.99    3.23  0.17  0.15  0.21   0.07  404.3    174338.   6.80  389.3 101430.
220 16 16 08 0.97 168.10 145.15 -5.41 1657    7.08   392.0   82534.   0.51   0.64   6.11  -4.13    3.19  0.13  0.16  0.20  -1.00   -1.0        -1.   6.60  391.9  81033.
220 16 16 49 0.97 168.10 145.14 -5.41 1657    7.20   392.9   65690.   0.00   0.00   5.99  -4.26    3.07  0.17  0.17  0.17   0.07  403.0    200742.   6.92  394.2  78161.
220 16 18 54 0.97 168.10 145.12 -5.41 1657   -1.00    -1.0      -1.  -1.00  -1.00   3.36  -1.66    1.87  0.13  0.28  0.30  -1.00   -1.0        -1.  -1.00   -1.0     -1.
220 16 19 34 0.97 168.10 145.12 -5.41 1657   -1.00    -1.0      -1.  -1.00  -1.00   3.39  -1.74    1.74  0.19  0.25  0.33  -1.00   -1.0        -1.  -1.00   -1.0     -1.
220 16 20 11 0.97 168.06 145.08 -5.54 1658   -1.00    -1.0      -1.  -1.00  -1.00   3.26  -1.82    1.59  0.23  0.31  0.32  -1.00   -1.0        -1.  -1.00   -1.0     -1.
220 16 20 15 0.97 168.10 145.11 -5.41 1657    8.53   408.8   71856.   0.00   0.00   3.22  -1.76    1.65  0.22  0.32  0.34   0.09  424.0    329602.  -1.00   -1.0     -1.
220 16 20 52 0.97 168.06 145.07 -5.54 1658   -1.00    -1.0      -1.  -1.00  -1.00   3.20  -1.42    2.29  0.20  0.31  0.44  -1.00   -1.0        -1.  -1.00   -1.0     -1.
220 16 20 55 0.97 168.10 145.11 -5.41 1657   10.13   386.4   84590.   1.66   0.92   3.26  -1.68    2.01  0.21  0.70  0.84  -1.00   -1.0        -1.   9.27  384.6  83638.
220 16 21 32 0.97 168.10 145.10 -5.41 1657   13.12   392.0   76816.   1.26   0.65   3.51  -2.64    0.91  0.16  0.34  0.34   0.11  395.9    193426.  11.57  390.6  80481.
220 16 22 13 0.97 168.10 145.09 -5.41 1657   12.44   391.1   77921.   1.25   0.68   3.35  -2.65    0.55  0.06  0.21  0.31   0.18  393.1    210136.  12.18  391.9  66213.
220 16 22 53 0.97 168.10 145.09 -5.41 1657   13.99   393.0   71807.   1.51   0.80   2.96  -2.95    0.27  0.23  0.21  0.29   0.16  396.6    182161.  11.90  391.8  77167.
220 16 23 34 0.97 168.10 145.08 -5.41 1657   13.44   396.3   64212.   0.87   0.85   3.08  -2.92    0.35  0.26  0.21  0.31   0.14  392.0    261917.  11.83  393.7  64859.
220 16 24 14 0.97 168.10 145.07 -5.41 1657   13.23   393.1   72580.   1.36   0.77   3.09  -2.87    0.57  0.21  0.19  0.18   0.14  404.3    282148.  11.94  392.1  76277.
220 16 24 55 0.97 168.10 145.07 -5.41 1657   12.78   391.7   76709.   0.94   0.56   3.19  -2.77    0.69  0.22  0.14  0.11   0.15  390.5    276509.  11.96  392.2  66876.
220 16 25 35 0.97 168.10 145.06 -5.41 1657   12.92   393.5   72415.   1.15   0.73   3.68  -2.87    1.19  0.24  0.21  0.20   0.12  405.7    247234.  11.79  392.8  75072.
220 16 26 16 0.97 168.10 145.05 -5.41 1657   12.40   396.8   64784.   0.78   0.56   3.70  -3.02    0.96  0.18  0.19  0.15  -1.00   -1.0        -1.  11.40  394.3  64524.
220 16 26 56 0.97 168.10 145.05 -5.41 1657   12.64   395.1   66298.   1.06   0.63   3.63  -3.17    0.92  0.12  0.18  0.25   0.06  407.7     93660.  10.90  394.1  72983.
220 16 27 37 0.97 168.09 145.04 -5.41 1657   12.97   397.4   61484.   0.44   0.65   3.61  -3.28    0.52  0.15  0.17  0.21   0.10  399.6     62137.  11.46  394.8  63062.
220 16 28 17 0.97 168.09 145.04 -5.41 1657   13.36   396.3   63465.   0.97   0.39   3.52  -3.19    0.17  0.16  0.16  0.33   0.20  404.6    104159.  11.17  394.3  72791.
220 16 28 58 0.97 168.09 145.03 -5.41 1657   13.55   397.2   61045.   0.53   0.51   3.65  -2.85    0.68  0.10  0.05  0.13   0.14  394.8    215957.  11.88  395.3  58037.
220 16 29 38 0.97 168.09 145.02 -5.41 1657   -1.00    -1.0      -1.  -1.00  -1.00   3.67  -3.12    0.74  0.19  0.20  0.26  -1.00   -1.0        -1.  11.57  394.2  66548.
220 16 30 19 0.97 168.09 145.02 -5.41 1657   13.37   396.9   58131.   0.22   0.29   3.90  -3.13    1.18  0.14  0.21  0.21   0.17  388.6    231576.  11.58  394.3  60454.
220 16 30 59 0.97 168.09 145.01 -5.41 1657   11.81   394.7   65590.   0.97   0.46   4.16  -3.11    1.40  0.26  0.24  0.21   0.15  404.6    128626.  10.60  393.8  67594.
220 16 31 40 0.97 168.09 145.00 -5.41 1657   11.20   393.4   60373.   0.89   0.72   4.03  -2.89    1.36  0.16  0.18  0.20   0.06  397.3     69712.  11.46  393.0  58888.
220 16 32 20 0.97 168.09 145.00 -5.41 1657   12.22   392.0   65382.   1.16   0.62   3.84  -2.75    1.22  0.24  0.25  0.15   0.09  390.1    162605.  11.00  391.4  69845.
220 16 33 01 0.97 168.09 144.99 -5.41 1657   11.32   392.3   62452.   0.88   0.59   3.77  -2.86    1.24  0.19  0.15  0.19   0.13  388.8    138332.  11.21  392.1  61844.
220 16 33 41 0.97 168.09 144.99 -5.41 1657   12.52   392.5   67808.   1.14   0.66   3.83  -2.83    1.30  0.19  0.19  0.19   0.10  390.9    198455.  11.04  391.7  68783.
220 16 34 22 0.97 168.09 144.98 -5.41 1657   12.60   396.6   60892.   0.48   0.37   4.24  -2.93    1.59  0.18  0.22  0.27   0.08  403.2    213619.  11.22  394.3  59713.
220 16 35 02 0.97 168.09 144.97 -5.41 1657   12.03   394.5   65560.   1.05   0.92   4.42  -2.77    1.88  0.16  0.21  0.26   0.10  399.6    169712.  10.48  392.8  69238.
220 16 35 43 0.97 168.09 144.97 -5.41 1657    9.85   394.6   61695.   0.72   1.07   4.98  -2.29    2.27  0.23  0.20  0.30  -1.00   -1.0        -1.  10.71  395.2  58281.
220 16 36 23 0.97 168.09 144.96 -5.41 1657   11.19   396.8   64144.   1.06   1.73   4.95  -2.04    2.63  0.19  0.16  0.18   0.12  403.3    126742.   9.72  397.8  57423.
220 16 37 04 0.97 168.09 144.95 -5.41 1657   11.16   398.4   54490.   0.81   1.77   5.10  -2.27    2.67  0.20  0.21  0.32   0.09  388.4    133629.  10.68  396.9  57004.
220 16 37 44 0.97 168.09 144.95 -5.41 1657   11.63   395.1   67350.   1.19   1.20   5.31  -2.32    2.01  0.33  0.29  0.35   0.09  406.5    123026.  10.21  394.1  68533.
220 16 38 25 0.97 168.09 144.94 -5.41 1657   10.53   399.3   55035.   0.81   1.81   5.37  -2.39    2.47  0.28  0.22  0.26   0.10  391.9    217634.  10.39  398.3  53034.
220 16 39 05 0.97 168.09 144.93 -5.41 1657   10.86   395.6   69043.   1.42   2.05   5.16  -2.43    2.55  0.14  0.32  0.35   0.12  407.7    104470.  10.10  395.3  71125.
220 16 39 46 0.97 168.09 144.93 -5.41 1657   10.41   394.0   61769.   1.08   1.69   5.17  -2.72    2.51  0.16  0.38  0.24  -1.00   -1.0        -1.  10.60  394.3  61698.
220 16 40 26 0.97 168.09 144.92 -5.41 1657   11.05   393.1   70615.   1.29   1.42   5.12  -2.93    2.31  0.35  0.28  0.30   0.07  401.9    154951.  10.13  392.4  73441.
220 16 41 07 0.97 168.09 144.92 -5.41 1657   10.48   389.2   68994.   0.92   1.18   5.15  -3.14    2.27  0.19  0.13  0.11  -1.00   -1.0        -1.  10.68  391.3  62007.
220 16 41 47 0.97 168.09 144.91 -5.41 1657   11.66   393.2   68715.   1.04   1.06   5.10  -2.99    2.13  0.19  0.25  0.33   0.07  412.8     64761.  10.41  392.0  71882.
220 16 42 28 0.97 168.09 144.90 -5.41 1657    9.87   388.7   67766.   0.80   0.66   5.20  -3.14    1.89  0.20  0.14  0.14  -1.00   -1.0        -1.  10.15  391.1  60876.
220 16 43 08 0.97 168.09 144.90 -5.41 1657   10.79   389.2   67571.   1.50   0.89   5.63  -2.81    2.33  0.27  0.19  0.34  -1.00   -1.0        -1.   9.47  388.1  70297.
220 16 43 49 0.97 168.09 144.89 -5.41 1657   10.25   387.7   72603.   1.26   0.63   5.64  -2.81    2.07  0.26  0.40  0.30   0.08  387.3    161461.  10.21  390.8  62604.
220 16 44 29 0.97 168.09 144.88 -5.41 1657   11.77   392.5   65486.   1.38   0.43   5.52  -3.42    1.25  0.12  0.34  0.47   0.11  403.1    162020.  10.42  390.8  70865.
220 16 45 10 0.97 168.09 144.88 -5.41 1657   10.96   392.7   62478.   0.57   0.44   5.70  -4.04    0.40  0.19  0.18  0.15   0.08  390.2    154367.  10.87  393.1  59265.
220 16 45 50 0.97 168.09 144.87 -5.41 1657   12.09   392.5   65866.   0.93   0.37   5.64  -4.12    0.67  0.18  0.11  0.12  -1.00   -1.0        -1.  10.40  390.3  68484.
220 16 46 31 0.97 168.09 144.87 -5.41 1657   10.26   393.2   61000.   0.79   0.80   5.61  -3.97    1.44  0.16  0.24  0.24   0.07  385.4    140190.  10.33  393.3  59850.
220 16 47 11 0.97 168.09 144.86 -5.41 1657   11.82   391.8   66236.   1.26   0.53   5.65  -4.08    1.09  0.21  0.16  0.13   0.07  406.7    318388.  10.39  391.1  70212.
220 16 47 52 0.97 168.09 144.85 -5.41 1657   11.33   390.8   73954.   0.54   0.49   5.48  -3.99    1.23  0.19  0.16  0.23  -1.00   -1.0        -1.  10.59  392.1  61756.
220 16 48 32 0.97 168.09 144.85 -5.41 1657   11.70   391.4   62806.   0.84   0.51   5.27  -4.10    1.13  0.19  0.19  0.10  -1.00   -1.0        -1.  10.37  389.9  67289.
220 16 49 13 0.97 168.09 144.84 -5.41 1657   10.98   389.1   69585.   0.44   0.58   5.37  -4.18    1.34  0.25  0.26  0.14   0.09  385.6    169089.  10.68  391.1  58742.
220 16 49 53 0.97 168.09 144.83 -5.41 1657   11.31   391.2   61149.   0.96   0.56   5.74  -4.03    1.10  0.20  0.13  0.15  -1.00   -1.0        -1.   9.97  389.3  64453.
220 16 50 34 0.97 168.09 144.83 -5.41 1657    9.74   387.7   69007.   0.97   0.71   5.88  -3.81    0.84  0.15  0.27  0.13   0.06  391.9    130380.  10.02  388.0  70527.
220 16 51 14 0.97 168.09 144.82 -5.41 1657   11.99   392.2   60418.   1.37   0.25   5.82  -3.58    0.81  0.16  0.26  0.18  -1.00   -1.0        -1.  10.40  390.2  66934.
220 16 51 55 0.97 168.09 144.82 -5.41 1657   10.72   389.6   69147.   0.93   0.25   5.73  -3.74    0.86  0.16  0.21  0.17   0.06  398.7    184291.  10.65  391.2  59658.
220 16 52 35 0.97 168.09 144.81 -5.41 1657   11.53   387.9   57758.   0.00   0.00   5.54  -3.74    1.07  0.09  0.11  0.11  -1.00   -1.0        -1.  10.31  387.4  64862.
220 16 53 16 0.97 168.09 144.80 -5.41 1657   11.20   388.9   67799.   1.00   0.39   5.60  -3.47    1.05  0.09  0.13  0.21   0.04  397.1     78158.  10.64  390.2  60347.
220 16 53 56 0.97 168.09 144.80 -5.41 1657   11.79   391.0   61818.   1.57   0.52   5.70  -3.48    0.99  0.18  0.17  0.20  -1.00   -1.0        -1.  10.37  388.6  65973.
220 16 54 37 0.97 168.09 144.79 -5.41 1657   11.12   387.7   67594.   1.10   0.46   5.96  -3.47    0.98  0.16  0.19  0.11  -1.00   -1.0        -1.   9.50  387.9  63910.
220 16 55 17 0.97 168.09 144.78 -5.41 1657   11.43   390.5   62692.   1.21   0.54   6.09  -3.38    0.82  0.11  0.26  0.17  -1.00   -1.0        -1.   9.93  389.2  66785.
220 16 55 58 0.97 168.09 144.78 -5.41 1657    9.99   388.0   66850.   1.04   0.67   6.30  -3.21    0.92  0.27  0.23  0.37  -1.00   -1.0        -1.   9.00  387.6  61997.
220 16 56 38 0.97 168.09 144.77 -5.41 1657   10.95   388.0   54350.   1.46   0.54   6.20  -3.14    0.92  0.16  0.38  0.24  -1.00   -1.0        -1.   9.55  386.6  65596.
220 16 57 19 0.97 168.09 144.76 -5.41 1657   10.96   387.5   68240.   1.11   0.45   6.21  -2.87    0.84  0.22  0.20  0.25   0.05  394.1    136448.  10.24  389.7  62835.
220 16 57 59 0.97 168.09 144.76 -5.41 1657   11.40   390.5   62348.   1.49   0.62   6.11  -3.30    0.90  0.13  0.28  0.28  -1.00   -1.0        -1.  10.13  388.0  67025.
220 16 58 40 0.97 168.09 144.75 -5.41 1657   10.46   387.3   66057.   0.84   0.66   6.04  -3.54    1.06  0.11  0.13  0.11  -1.00   -1.0        -1.   9.19  387.4  61714.
220 16 59 20 0.97 168.09 144.75 -5.41 1657   11.35   388.4   57592.   1.45   0.68   6.11  -3.44    1.08  0.14  0.17  0.17  -1.00   -1.0        -1.   9.87  387.5  63943.
220 17 00 01 0.97 168.09 144.74 -5.41 1657   10.45   387.8   67311.   1.07   0.51   6.03  -3.56    1.18  0.12  0.22  0.20  -1.00   -1.0        -1.   9.06  386.9  60714.
220 17 00 49 0.97 168.09 144.73 -5.41 1657   -1.00    -1.0      -1.  -1.00  -1.00   5.84  -3.89    1.33  0.00  0.15  0.13  -1.00   -1.0        -1.  -1.00   -1.0     -1.
220 17 01 30 0.97 168.09 144.73 -5.41 1657   10.09   386.2   67133.   0.75   0.86   4.96  -2.36    0.74  0.07  0.15  0.16  -1.00   -1.0        -1.   9.38  384.5  68296.
220 17 02 10 0.97 168.09 144.72 -5.41 1657   11.56   387.0   59684.   1.19   0.63   5.04  -2.35    0.71  0.18  0.20  0.18  -1.00   -1.0        -1.   9.98  386.4  65453.
220 17 02 51 0.97 168.09 144.71 -5.41 1657   10.32   387.8   70664.   0.47   0.51   5.38  -2.92    0.93  0.49  0.71  0.29  -1.00   -1.0        -1.   8.87  386.6  61675.
220 17 03 23 0.97 168.09 144.71 -5.41 1657   11.63   390.7   64316.   0.94   0.50   5.96  -3.45    1.42  0.16  0.14  0.10  -1.00   -1.0        -1.  10.07  389.0  66947.
220 17 04 04 0.97 168.09 144.70 -5.41 1657   10.70   389.1   52921.   0.60   0.64   5.85  -3.57    1.46  0.19  0.18  0.20  -1.00   -1.0        -1.   9.34  388.1  58053.
220 17 04 44 0.97 168.09 144.69 -5.41 1657   11.41   389.4   54269.   0.91   0.61   5.96  -3.50    1.42  0.15  0.15  0.15  -1.00   -1.0        -1.  10.37  388.9  62926.
220 17 05 25 0.97 168.09 144.69 -5.41 1657   11.34   390.9   54152.   0.45   0.71   5.75  -3.37    1.44  0.17  0.14  0.15   0.08  387.0    144881.  11.27  391.4  55597.
220 17 06 05 0.97 168.09 144.68 -5.41 1657   11.75   388.7   56478.   1.05   0.46   5.94  -3.44    1.26  0.17  0.15  0.15  -1.00   -1.0        -1.  10.45  388.3  61630.
220 17 06 46 0.97 168.09 144.68 -5.41 1657   10.88   387.1   66473.   0.83   0.49   5.91  -3.99    1.99  0.19  0.17  0.12  -1.00   -1.0        -1.   9.62  387.6  58631.
220 17 07 26 0.97 168.09 144.67 -5.41 1657   11.79   388.1   56997.   1.10   0.63   0.00   0.00    0.00  0.00  0.00  0.00  -1.00   -1.0        -1.  10.39  388.3  63007.
220 17 09 28 0.97 168.09 144.65 -5.41 1657   11.44   386.3   60249.   0.00   0.00   0.00   0.00    0.00  0.00  0.00  0.00   0.07  390.4    144128.   9.79  386.9  60769.
220 17 10 08 0.97 168.09 144.64 -5.41 1657   12.43   390.3   56078.   1.23   0.37   0.00   0.00    0.00  0.00  0.00  0.00  -1.00   -1.0        -1.  11.05  388.6  65950.
220 17 10 49 0.97 168.09 144.64 -5.41 1657   12.03   389.4   67461.   0.49   0.38   0.00   0.00    0.00  0.00  0.00  0.00   0.07  385.3    175508.  11.45  390.5  58216.
220 17 11 29 0.97 168.09 144.63 -5.41 1657   11.88   389.1   55029.   0.00   0.00   0.00   0.00    0.00  0.00  0.00  0.00  -1.00   -1.0        -1.  10.88  388.4  62718.
220 17 12 10 0.97 168.09 144.62 -5.41 1657   10.32   385.9   62351.   0.56   0.25   6.09  -4.04    1.91  0.20  0.11  0.13  -1.00   -1.0        -1.   8.60  386.4  58651.
220 17 12 50 0.97 168.09 144.62 -5.41 1657   11.46   388.2   53564.   1.22   0.27   6.03  -4.20    1.61  0.18  0.20  0.16  -1.00   -1.0        -1.  10.06  387.0  58534.
220 17 13 31 0.97 168.09 144.61 -5.41 1657   10.72   389.2   51657.   0.42   0.42   5.85  -4.32    1.83  0.18  0.24  0.11  -1.00   -1.0        -1.   9.16  388.1  55588.
220 17 14 11 0.97 168.09 144.61 -5.41 1657   11.92   388.9   48844.   0.00   0.00   5.87  -4.26    1.77  0.15  0.18  0.12  -1.00   -1.0        -1.  10.22  387.1  49799.
220 17 14 52 0.97 168.09 144.60 -5.41 1657   11.60   390.5   45498.   0.12   0.67   5.79  -4.25    1.35  0.13  0.14  0.21   0.11  390.4    132589.   9.81  389.7  49344.
220 17 15 32 0.97 168.09 144.59 -5.41 1657   12.94   393.6   32803.   0.00   0.00   5.68  -4.26    1.85  0.11  0.17  0.27   0.07  390.0    127885.  11.23  391.6  34219.
220 17 16 13 0.97 168.09 144.59 -5.41 1657   -1.00    -1.0      -1.  -1.00  -1.00   5.92  -3.91    2.88  0.17  0.20  0.04  -1.00   -1.0        -1.  -1.00   -1.0     -1.
220 17 33 24 0.97 168.08 144.43 -5.41 1657    5.63   383.6  172461.   0.78   0.51   0.00   0.00    0.00  0.00  0.00  0.00   0.12  412.6    310579.   4.61  384.6 157089.
220 17 51 00 0.97 168.08 144.26 -5.41 1657   13.47   395.9   28785.   0.21   0.08   0.00   0.00    0.00  0.00  0.00  0.00   0.10  386.3    259617.  10.86  394.6  36279.
220 17 51 40 0.97 168.08 144.26 -5.41 1657   11.42   393.3   42249.  -0.29   0.04   5.98  -4.16    2.78  0.16  0.25  0.12   0.21  394.5     55042.  11.38  394.9  42379.
220 17 52 21 0.97 168.08 144.25 -5.41 1657   13.40   396.6   27537.   0.13   0.15   6.17  -3.90    2.83  0.21  0.21  0.17  -1.00   -1.0        -1.  10.91  395.3  34577.
220 17 53 01 0.97 168.08 144.24 -5.41 1657   10.36   395.7   39647.  -0.13   0.27   6.37  -3.59    3.04  0.17  0.23  0.28   0.17  392.0    105770.  10.54  398.7  25773.
220 17 53 43 0.97 168.08 144.24 -5.41 1657   12.65   397.6   28824.   0.59   0.40   6.20  -3.32    3.14  0.25  0.57  0.29  -1.00   -1.0        -1.  10.76  395.4  36292.
220 17 54 23 0.97 168.08 144.23 -5.41 1657   11.07   395.2   39397.  -0.38   0.16   6.08  -3.87    2.90  0.23  0.15  0.22   0.24  397.5     44907.  11.42  396.0  37536.
220 17 55 04 0.97 168.08 144.22 -5.41 1657   12.72   395.8   28671.   0.39   0.16   6.03  -3.98    2.86  0.19  0.14  0.23   0.09  387.7    232759.  10.75  393.5  30935.
220 17 55 44 0.97 168.08 144.22 -5.41 1657   11.42   392.8   41236.  -0.19   0.29   6.10  -4.04    2.70  0.17  0.15  0.10   0.18  397.6     47817.  11.16  394.2  40476.
220 17 56 25 0.97 168.08 144.21 -5.41 1657   13.37   395.7   26975.   0.26   0.09   6.08  -4.10    2.64  0.16  0.21  0.21   0.10  395.2    130887.  10.69  393.4  30211.
220 17 57 05 0.97 168.08 144.20 -5.41 1657   12.49   393.6   38059.  -0.44   0.09   6.11  -4.21    2.60  0.10  0.20  0.15   0.25  394.1     53613.  11.19  395.2  39072.
220 17 57 46 0.97 168.08 144.20 -5.41 1657   12.43   396.1   26735.   0.31   0.17   6.01  -4.38    2.52  0.06  0.14  0.14   0.09  390.5    268362.  10.41  394.4  28950.
220 17 58 26 0.97 168.08 144.19 -5.41 1657   10.05   393.9   42542.   0.18   0.18   5.98  -4.36    2.34  0.11  0.12  0.11   0.18  397.6     60187.   8.81  394.8  45933.
220 17 59 07 0.97 168.08 144.19 -5.41 1657   10.97   396.0   32394.   0.61  -0.01   6.15  -4.17    2.72  0.12  0.20  0.18   0.10  387.7    232992.   9.20  395.6  39514.
220 17 59 47 0.97 168.08 144.18 -5.41 1657   10.39   395.3   38777.  -0.14   0.15   6.15  -4.31    2.68  0.16  0.22  0.14   0.21  396.7     59720.  10.23  396.6  37172.
220 18 00 28 0.97 168.08 144.17 -5.41 1657   11.89   396.5   27869.   0.66   0.13   6.04  -4.30    2.68  0.11  0.12  0.16   0.13  395.1    138956.  10.06  395.8  35593.
220 18 01 08 0.97 168.08 144.17 -5.41 1657   10.82   395.1   41038.  -0.06  -0.24   6.02  -4.34    2.76  0.09  0.16  0.12   0.23  396.0     49909.  10.80  396.3  38384.
220 18 01 49 0.97 168.08 144.16 -5.41 1657   12.84   397.4   27826.   0.38   0.02   6.05  -4.11    2.72  0.18  0.19  0.12   0.13  393.5    225872.  10.48  395.8  33108.
220 18 02 29 0.97 168.08 144.15 -5.41 1657   10.70   394.4   46050.   0.39   0.00   5.78  -4.29    2.58  0.17  0.21  0.23   0.14  392.5    100858.  10.16  394.9  42535.
220 18 03 10 0.97 168.08 144.15 -5.41 1657   -1.00    -1.0      -1.  -1.00  -1.00   5.52  -4.97    2.14  0.25  0.20  0.23  -1.00   -1.0        -1.  10.57  392.1  31250.
220 18 03 50 0.97 168.08 144.14 -5.41 1657   -1.00    -1.0      -1.  -1.00  -1.00   6.04  -0.39    0.97  0.00  0.00  0.00  -1.00   -1.0        -1.  -1.00   -1.0     -1.
220 18 16 36 0.97 168.08 144.02 -5.41 1657    5.41   385.3  150423.   1.02   0.12   0.00   0.00    0.00  0.00  0.00  0.00   0.05  419.8    161539.   5.15  383.6 165873.
220 18 59 48 0.97 168.07 143.62 -5.41 1657    6.05   387.5  112481.   2.94   0.32   5.14  -6.59    0.26  0.00  0.00  0.00   0.16  405.4    226444.   5.49  384.8 104776.
220 19 43 00 0.97 168.06 143.21 -5.41 1657    7.27   378.5   53648.   3.60  -2.75   4.32  -6.28    1.83  0.00  0.00  0.00   0.13  389.3    220064.   6.98  378.6  65255.
220 20 26 12 0.97 168.05 142.81 -5.42 1657    7.56   375.0   67090.   2.46   1.45   0.00   0.00    0.00  0.00  0.00  0.00   0.22  378.6    189047.   6.71  372.6  63494.
220 21 09 24 0.97 168.05 142.40 -5.42 1657    7.30   407.6   50218.   6.26  -1.09   0.00   0.00    0.00  0.00  0.00  0.00   0.18  405.8    302068.   6.59  405.0  49416.
220 21 52 36 0.97 168.04 142.00 -5.42 1657    6.70   363.9   92188.  -1.75  -1.55   0.00   0.00    0.00  0.00  0.00  0.00   0.14  382.4    158473.   6.07  362.0  85064.
220 22 35 48 0.97 168.03 141.59 -5.42 1657    7.17   355.8   75868.   1.05  -0.35   7.71  -1.57    0.92  0.00  0.00  0.00  -1.00   -1.0        -1.   6.37  353.4  73915.
220 23 19 00 0.97 168.02 141.19 -5.42 1657    6.72   353.6   53060.  -1.12  -2.27   0.00   0.00    0.00  0.00  0.00  0.00  -1.00   -1.0        -1.   5.84  353.9  46830.
