191  4 22 41 0.96 175.91 183.33 -3.40 1656   -1.00    -1.0      -1.  -1.00  -1.00  -5.72   0.76   -6.18  0.00  0.00  0.00  -1.00   -1.0        -1.  -1.00   -1.0     -1.
191  5 05 53 0.96 175.90 182.92 -3.40 1656   18.89   379.4   73649.   0.95  -1.66   0.00   0.00    0.00  0.00  0.00  0.00   0.46  383.0    234253.  16.51  378.2  74724.
191 11 15 29 0.97 175.84 179.46 -3.42 1656   -1.00    -1.0      -1.  -1.00  -1.00   3.50  -5.94    1.61  0.00  0.00  0.00  -1.00   -1.0        -1.  -1.00   -1.0     -1.
191 12 41 53 0.97 175.82 178.65 -3.42 1656   16.61   379.7   81900.   3.84  -0.94   0.00   0.00    0.00  0.00  0.00  0.00  -1.00   -1.0        -1.  15.13  378.5  91814.
191 13 25 05 0.97 175.82 178.25 -3.43 1656    7.34   381.1   77222.   0.00   0.00  -0.60  -4.54   -9.23  0.00  0.00  0.00  -1.00   -1.0        -1.   6.63  381.5  76784.
191 13 53 54 0.97 175.81 177.98 -3.43 1656    8.99   376.8  159623.   3.47  -5.17   0.00   0.00    0.00  0.00  0.00  0.00  -1.00   -1.0        -1.   8.37  376.5 147288.
191 14 37 06 0.97 175.80 177.57 -3.43 1656    8.78   395.4  137088.  -3.65  -0.59  -3.07   5.77   -3.46  0.00  0.00  0.00  -1.00   -1.0        -1.   8.12  396.3 146207.
191 15 20 18 0.97 175.80 177.17 -3.43 1656    7.94   394.7   91938.   3.11  -4.24   5.19  -8.93    1.62  0.00  0.00  0.00  -1.00   -1.0        -1.   7.10  391.8  92568.
191 16 03 30 0.97 175.79 176.76 -3.43 1656    6.00   396.7  127541.   0.47  -5.20   4.76  -7.83    4.42  0.00  0.00  0.00  -1.00   -1.0        -1.   5.45  396.8 117295.
191 16 46 41 0.97 175.78 176.36 -3.44 1656    7.39   402.2  204211.  -1.35  -4.37   6.98  -4.03    2.74  0.00  0.00  0.00  -1.00   -1.0        -1.   6.48  407.0 231381.
191 17 29 53 0.97 175.77 175.96 -3.44 1656    7.96   458.1  185981.   0.00   0.00  -0.99   6.57   -1.14  0.00  0.00  0.00  -1.00   -1.0        -1.   7.34  456.6 193488.
