131  0:00:33 0.47 158.78 242.67  5.26 1654  35.96   361.9  36529.  3.28  1.99   4.45   8.25  15.89 0.37 0.81 0.48  0.86 353.0 145102. 30.54 357.5  36967.
131  0:03:15 0.47 158.79 242.65  5.25 1654  39.22   351.3  41561.  4.24  0.09  -3.92  13.62  11.19 0.26 0.38 0.26  0.99 349.5 223637. 33.54 346.7  41759.
131  0:05:57 0.47 158.79 242.63  5.25 1654  40.96   345.8  54025.  3.33  0.65  -6.59  11.54  12.45 1.18 0.54 0.01 -1.00  -1.0     -1. 34.66 342.2  53288.
131  0:08:39 0.47 158.79 242.60  5.25 1654  42.46   343.7  52359.  3.32  1.16  -4.22  11.90  13.33 0.37 0.22 0.20 -1.00  -1.0     -1. 35.93 340.2  51335.
131  0:11:21 0.47 158.80 242.59  5.25 1654  36.32   341.4  40073.  2.71  1.43  -4.39  12.72  13.88 0.43 0.45 0.43  0.77 348.4 152690. 32.39 339.6  47366.
131  0:14:03 0.47 158.80 242.56  5.25 1654  38.92   347.3  45284.  3.02  1.85  -5.17  13.11  13.65 0.45 0.30 0.26  0.93 340.8 155835. 32.83 345.0  40161.
131  0:16:45 0.47 158.81 242.54  5.25 1654  39.58   351.1  46482.  2.54  2.22  -3.79   9.79  16.00 1.52 1.69 0.32  1.19 349.3 114021. 33.00 349.5  46710.
131  0:19:27 0.47 158.81 242.52  5.25 1654  38.05   353.5  36815.  3.90  1.11  -0.20  11.03  16.45 0.41 1.28 0.72  1.01 350.3 191659. 33.04 349.7  36201.
131  0:22:09 0.47 158.81 242.50  5.25 1654  37.83   350.0  41814.  3.11  1.80  -3.25   9.17  17.25 1.24 1.24 0.41  0.75 346.9 140450. 31.33 347.7  41973.
131  0:24:51 0.47 158.82 242.48  5.25 1654  38.85   363.4  43295.  4.23  1.59   0.48  13.60  15.11 0.32 0.38 0.16  1.08 361.9 144465. 32.60 360.7  45040.
131  0:27:00 0.47 158.78 242.43  5.37 1655  -1.00    -1.0     -1. -1.00 -1.00  -1.76  13.66  15.17 0.20 0.05 0.00 -1.00  -1.0     -1. -1.00  -1.0     -1.
131  0:27:33 0.47 158.82 242.46  5.25 1654  39.30   355.4  43708.  3.85  1.71  -0.18  13.54  15.27 0.53 0.17 0.16  0.87 351.1 148039. 33.03 352.2  38611.
131  0:30:15 0.47 158.83 242.44  5.25 1654  38.84   354.5  36178.  4.19  1.48  -0.32  13.35  15.66 0.23 0.16 0.16  1.11 351.2 193998. 32.65 350.2  35704.
131  0:32:54 0.47 158.79 242.38  5.37 1655  -1.00    -1.0     -1. -1.00 -1.00  -2.61  13.32  14.68 1.05 0.15 0.01 -1.00  -1.0     -1. -1.00  -1.0     -1.
131  0:32:57 0.47 158.83 242.42  5.25 1654  40.78   354.4  42669.  2.78  2.17   0.00   0.00   0.00 0.00 0.00 0.00  0.82 350.1 130315. 34.39 352.5  37045.
131  0:35:39 0.47 158.83 242.39  5.25 1654  38.86   354.5  36354.  3.19  1.90   0.09  14.12  14.78 0.25 0.16 0.16  0.99 351.1 187098. 32.85 351.0  34901.
131  0:38:21 0.47 158.84 242.38  5.25 1654  39.96   353.5  38871.  3.85  0.91  -0.53  15.48  14.29 0.26 0.27 0.16  0.66 349.6 102547. 32.81 351.1  34024.
131  0:41:03 0.47 158.84 242.35  5.25 1654  39.60   353.3  34372.  3.66  1.73   0.63  15.28  14.54 0.36 0.30 0.32  0.93 350.7 155107. 33.78 349.8  32936.
131  0:43:45 0.47 158.84 242.33  5.25 1654  38.02   356.0  40645.  2.36  2.81  -1.36  14.44  15.57 0.33 0.20 0.25  0.77 350.5 126638. 32.49 353.8  35616.
131  0:46:27 0.47 158.85 242.31  5.25 1654  38.86   359.4  34453.  4.15  1.05   1.62  17.63  10.98 0.22 0.27 0.34  0.70 364.5 113826. 32.34 355.2  33446.
131  0:49:09 0.47 158.85 242.29  5.25 1654  43.06   362.0  37419.  5.23  2.73   1.46  17.22  10.52 0.16 0.27 0.20  1.00 354.2 161318. 35.69 356.3  37497.
131  0:51:51 0.47 158.85 242.27  5.25 1654  40.59   361.5  39917.  6.23  1.87   1.71  17.92   9.16 0.72 0.25 0.16  1.07 355.5 201625. 35.37 357.7  46583.
131  0:54:30 0.47 158.82 242.21  5.37 1655  -1.00    -1.0     -1. -1.00 -1.00  -0.77  19.24   4.03 0.87 0.48 0.96 -1.00  -1.0     -1. -1.00  -1.0     -1.
131  0:54:33 0.47 158.86 242.25  5.25 1654  39.23   354.5  44799.  5.77  0.56   0.00   0.00   0.00 0.00 0.00 0.00  0.96 353.8 183512. 32.24 351.8  39261.
131  0:57:15 0.47 158.86 242.23  5.25 1654  36.95   351.8  35587.  7.02 -0.29  -0.60  18.32   5.35 0.45 0.10 0.76  1.12 345.2 154770. 32.28 346.0  34577.
131  0:59:57 0.47 158.87 242.21  5.24 1654  40.40   350.1  35327.  6.51 -0.03  -1.62  18.63   4.10 0.56 0.15 0.32  1.10 350.6 125287. 35.91 345.5  40895.
131  1:02:39 0.47 158.87 242.19  5.24 1654  41.34   353.9  35269.  7.38 -0.47   0.54  19.13   2.99 0.42 0.15 0.99  0.97 346.3 135954. 35.50 347.3  35457.
131  1:05:21 0.47 158.87 242.17  5.24 1654  43.33   359.5  40216.  6.61 -0.61   3.11  19.12   2.68 0.28 0.12 0.36  1.07 354.1 127378. 36.23 355.1  36022.
131  1:08:03 0.47 158.88 242.14  5.24 1654  37.47   362.8  54363.  5.89 -3.48   6.85  15.04  -8.89 0.79 0.41 0.56  0.65 365.6 151768. 32.14 358.5  58053.
131  1:10:45 0.47 158.88 242.12  5.24 1654  40.67   365.7  64196.  3.96 -1.88   7.12  16.90   0.55 3.93 1.82 1.79  1.06 362.8 213554. 35.32 363.9  73490.
131  1:13:27 0.47 158.89 242.10  5.24 1654  42.84   365.8  54730.  4.46  1.15   9.53  11.39  10.91 0.38 0.80 0.64  0.92 363.2 153678. 35.42 361.5  56244.
131  1:16:06 0.47 158.85 242.04  5.36 1655  -1.00    -1.0     -1. -1.00 -1.00   6.34  11.74  11.15 1.25 0.21 0.90 -1.00  -1.0     -1. -1.00  -1.0     -1.
131  1:16:09 0.47 158.89 242.08  5.24 1654  39.03   366.3  44929.  4.22  1.59   5.66  11.78  11.54 1.18 0.17 0.90  1.06 362.6 180159. 32.42 361.3  46986.
131  1:18:51 0.47 158.89 242.06  5.24 1654  37.28   359.3  40752.  4.83  2.49   2.20  11.96  13.14 0.73 0.78 0.70  1.18 353.4 221441. 32.53 356.0  47736.
131  1:21:33 0.47 158.90 242.04  5.24 1654  36.88   360.5  53496.  1.50  4.28   3.72   6.84  16.74 0.34 0.44 0.35  0.93 360.1 214073. 32.35 359.3  44887.
131  1:24:15 0.47 158.90 242.02  5.24 1654  37.27   356.4  39859.  1.99  4.13   3.04  10.22  14.59 1.59 0.95 1.16  1.17 353.9 260851. 33.59 354.1  45397.
131  1:26:57 0.47 158.90 242.00  5.24 1654  39.60   357.0  46398.  3.80  3.11   0.75   9.48  15.65 0.37 0.34 0.25  1.13 353.5 130419. 34.40 354.4  39703.
131  1:29:39 0.47 158.91 241.98  5.24 1654  38.39   353.2  35856.  2.72  3.99  -1.20  11.66  14.90 0.39 0.39 0.33  1.05 348.3 200586. 32.46 350.1  34888.
131  1:32:21 0.47 158.91 241.96  5.24 1654  38.01   356.6  42571.  4.88  3.10  -0.64  16.87   7.82 0.83 0.89 1.32 -1.00  -1.0     -1. 31.86 351.7  37897.
131  1:35:03 0.47 158.92 241.93  5.24 1654  34.82   353.9  41925.  7.01 -0.32  -0.74  17.15  -1.12 0.40 0.36 2.94 -1.00  -1.0     -1. 29.35 347.7  40044.
131  1:37:45 0.47 158.92 241.91  5.24 1654  37.56   349.5  52658.  5.58 -2.02  -2.12  16.05  -6.39 0.29 0.44 0.96  0.94 349.5 142438. 31.76 344.5  51910.
131  1:38:48 0.47 158.88 241.87  5.36 1655  -1.00    -1.0     -1. -1.00 -1.00  -1.21  15.26  -7.11 0.61 0.71 2.16 -1.00  -1.0     -1. -1.00  -1.0     -1.
131  1:40:27 0.47 158.92 241.89  5.24 1654  36.10   354.2  38400.  5.01  1.70   0.28  16.32   4.04 0.44 0.92 3.41 -1.00  -1.0     -1. 31.12 349.3  36597.
131  1:43:09 0.47 158.93 241.87  5.24 1654  40.94   352.9  47096.  5.24 -0.43  -0.64  15.64   5.77 1.07 0.28 0.48 -1.00  -1.0     -1. 34.07 349.4  47200.
131  1:45:51 0.47 158.93 241.85  5.24 1654  36.32   361.6  41814.  4.88  0.66   5.95  13.16   9.42 0.44 0.52 0.97  0.65 360.3 104665. 32.54 358.7  48639.
131  1:48:33 0.47 158.93 241.83  5.24 1654  38.69   365.0  41486.  5.63 -0.97   5.84  15.84   1.36 0.57 0.51 0.53  1.02 357.5 136175. 33.11 360.1  39375.
131  1:51:15 0.47 158.94 241.81  5.24 1654  39.68   369.7  52242.  5.10 -3.54   6.16  14.74   4.60 0.40 0.40 2.15  0.93 364.2 172740. 32.54 367.4  42639.
131  1:53:57 0.47 158.94 241.79  5.24 1654  39.20   366.8  44514.  3.26  1.49   9.61   9.90  11.05 0.65 1.08 0.41  0.86 363.5 189866. 33.36 362.8  44124.
131  1:56:39 0.47 158.95 241.77  5.23 1654  39.75   367.8  50770.  4.76  0.28   6.74  11.87  10.78 0.46 0.43 0.44  0.86 362.1 128990. 32.75 363.2  50757.
131  1:59:21 0.47 158.95 241.74  5.23 1654  42.21   371.5  56984.  1.65  2.35   8.29   5.64  12.94 0.65 0.46 0.30  0.73 372.4 106900. 36.84 370.2  60152.
131  2:00:24 0.47 158.91 241.70  5.36 1655  -1.00    -1.0     -1. -1.00 -1.00   7.62   5.38  13.34 0.12 0.16 0.16 -1.00  -1.0     -1. -1.00  -1.0     -1.
131  2:02:03 0.47 158.95 241.72  5.23 1654  41.32   361.5  46183.  1.72  2.76   5.72   5.64  14.28 0.61 0.15 0.32  0.88 360.9 118868. 36.40 360.3  46040.
131  2:04:45 0.47 158.96 241.70  5.23 1654  39.42   368.0  44614.  2.50  2.15   7.61   7.00  12.87 0.78 0.31 1.03  0.92 364.3 123285. 34.32 364.6  44673.
131  2:07:27 0.47 158.96 241.68  5.23 1654  37.83   359.3  39300.  2.62  2.59   3.60   7.30  15.09 0.30 0.24 0.20  0.90 359.8 101677. 33.53 358.7  44965.
131  2:10:09 0.47 158.97 241.66  5.23 1654  37.96   363.5  41496.  0.59  2.95   4.23   7.26  14.46 1.10 1.02 0.26  0.88 360.9 182641. 31.97 361.7  40521.
131  2:12:51 0.47 158.97 241.64  5.23 1654  36.02   355.4  35418.  2.97  2.58   4.36   9.88  13.04 0.31 0.61 0.53  0.97 354.5 191841. 29.78 352.1  36932.
131  2:15:33 0.47 158.97 241.62  5.23 1654  34.17   358.5  38091.  0.75  2.51   4.95   0.90  15.99 0.38 2.15 0.55  0.72 351.9 154653. 28.76 356.3  38452.
131  2:18:15 0.47 158.98 241.60  5.23 1654  38.53   360.1  43659.  0.38  2.95   4.53  -1.65  15.77 0.32 1.18 0.16  0.93 359.9 124559. 33.69 359.2  48285.
131  2:20:57 0.47 158.98 241.57  5.23 1654  34.92   343.5  34791.  0.81  3.60   3.29   7.06  12.93 2.19 2.48 1.63  0.87 360.2 146856. 32.08 343.5  43835.
131  2:22:00 0.47 158.94 241.53  5.35 1655  -1.00    -1.0     -1. -1.00 -1.00   4.12   4.92  14.82 0.90 1.45 0.81 -1.00  -1.0     -1. -1.00  -1.0     -1.
131  2:23:39 0.47 158.98 241.56  5.23 1654  40.76   346.3  35369.  2.32  4.44  -1.01   7.22  15.51 0.53 0.38 0.34  0.89 340.9 153613. 35.75 343.2  36149.
131  2:26:21 0.47 158.99 241.53  5.23 1654  37.65   345.1  36561.  1.81  4.02   0.28   4.04  16.94 1.64 0.81 0.45  0.93 337.6 220557. 32.51 344.0  43260.
131  2:29:03 0.47 158.99 241.51  5.23 1654  37.62   350.5  36984. -0.54  3.93  -1.40  -3.72  16.79 0.77 1.50 0.17  1.09 347.8 175027. 32.70 349.8  36792.
131  2:31:45 0.47 158.99 241.49  5.23 1654  40.04   352.4  39290.  2.26  3.26   0.64   2.43  17.21 0.41 0.79 0.27  0.90 348.3 109122. 33.68 350.9  34236.
131  2:34:27 0.47 159.00 241.47  5.23 1654  27.32   350.8  39248.  4.32  0.79   1.61   9.47  17.86 0.21 0.38 0.20  0.44 347.9 107836. 22.78 346.4  38978.
131  2:37:09 0.47 159.00 241.45  5.23 1654  27.02   349.4  43188.  3.18 -0.76   1.17   8.69  17.94 0.10 0.22 0.16  0.53 349.8 140463. 22.87 346.9  42873.
131  2:39:51 0.47 159.01 241.43  5.23 1654  28.79   351.5  38884.  3.46  1.61   0.41   8.86  18.25 0.10 0.25 0.20  0.79 350.9 161851. 24.17 348.0  38267.
131  2:42:33 0.47 159.01 241.41  5.23 1654  35.15   351.1  43416.  5.05 -0.11   0.21  10.28  15.24 0.41 1.64 0.97  0.64 351.5 132888. 28.76 346.7  45079.
131  2:43:36 0.47 158.97 241.36  5.35 1655  -1.00    -1.0     -1. -1.00 -1.00   0.00   7.28  16.74 0.52 0.60 0.18 -1.00  -1.0     -1. -1.00  -1.0     -1.
131  2:45:15 0.47 159.01 241.39  5.23 1654  32.58   350.1  35736.  4.38  1.99  -0.39   9.96  15.36 0.36 1.30 0.70  0.61 341.6 141932. 27.85 345.4  35535.
131  2:47:57 0.47 159.02 241.36  5.23 1654  33.65   352.3  42522.  3.61  0.50  -0.16   7.72  15.76 0.23 0.35 0.20  0.52 349.5 114242. 28.77 351.3  37195.
131  2:50:39 0.47 159.02 241.35  5.22 1654  32.07   350.4  38663.  6.61 -0.99  -1.83  16.09   8.04 0.32 0.50 1.03  0.82 343.9 111266. 27.63 344.2  37227.
131  2:53:21 0.47 159.03 241.32  5.22 1654  34.44   348.2  34401.  6.38 -0.35   0.32  13.20  13.50 0.26 0.96 1.39  0.76 353.0 145128. 28.88 343.6  40901.
131  2:56:03 0.47 159.03 241.30  5.22 1654  32.71   351.5  36431.  4.67  1.87   0.30  11.84  15.30 0.25 0.99 0.92  0.50 341.7 137787. 27.99 346.9  35181.
131  2:58:45 0.47 159.03 241.28  5.22 1654  34.87   348.4  34414.  5.04  2.45   2.05  10.23  16.17 1.47 0.91 0.55  0.81 348.7 106718. 31.38 344.7  37987.
131  3:01:27 0.47 159.04 241.26  5.22 1654  37.59   358.8  37052.  3.73  2.94   2.44   9.27  15.46 0.32 0.56 0.20  0.84 359.6 108693. 33.25 356.0  41161.
131  3:04:09 0.47 159.04 241.24  5.22 1654  36.44   349.3  42331.  3.65  2.85  -3.09  10.10  14.30 2.13 0.33 1.41  0.89 340.0 188826. 31.21 346.9  41964.
131  3:06:51 0.47 159.04 241.22  5.22 1654  37.09   326.8  89450.  2.52 -0.26 -11.97   7.70   9.84 0.39 0.44 0.20 -1.00  -1.0     -1. 32.81 327.1 111724.
131  3:09:33 0.47 159.05 241.20  5.22 1654  37.85   329.5 102992.  3.46 -2.01  -8.75   9.72  11.46 0.71 0.25 0.79 -1.00  -1.0     -1. 33.32 326.0 101394.
131  3:12:15 0.47 159.05 241.18  5.22 1654  41.12   329.8  80646.  3.01  0.07  -9.85   7.84  11.70 0.82 0.52 0.70 -1.00  -1.0     -1. 34.08 331.3  96333.
131  3:14:57 0.47 159.05 241.15  5.22 1654  39.35   343.6  67626.  4.51 -2.41  -4.32  14.13   9.47 0.59 1.28 1.86 -1.00  -1.0     -1. 33.93 340.5  61282.
131  3:17:39 0.47 159.06 241.13  5.22 1654  37.00   354.4  40310.  5.71 -1.59  -3.39  15.13   8.76 0.70 2.22 2.64  0.96 343.9 178665. 29.59 349.0  38884.
131  3:20:21 0.47 159.06 241.11  5.22 1654  33.94   347.0  53401.  5.62 -0.23  -4.44  13.49  12.54 1.10 2.12 1.78 -1.00  -1.0     -1. 29.16 341.7  53606.
131  3:23:03 0.47 159.07 241.09  5.22 1654  38.27   348.3  51797.  4.91 -0.05  -5.93  13.28  11.92 0.27 0.46 0.32  0.84 344.3 142308. 32.49 344.8  45969.
131  3:25:45 0.47 159.07 241.07  5.22 1654  36.56   350.3  46615.  3.01  2.40  -2.30  10.78  14.67 1.23 1.16 1.02  0.71 344.1 102833. 31.24 346.4  44640.
131  3:28:27 0.47 159.07 241.05  5.22 1654  35.52   350.2  41255.  3.72  3.30  -6.70  12.84  13.31 0.90 0.34 0.41 -1.00  -1.0     -1. 30.61 346.0  41291.
131  3:31:09 0.47 159.08 241.03  5.22 1654  42.83   340.4  68926.  5.62  0.44  -6.98  14.60   5.77 0.41 0.22 0.96 -1.00  -1.0     -1. 36.30 336.3  61376.
131  3:33:51 0.47 159.08 241.01  5.22 1654  41.11   347.2  44799.  4.86  0.00  -4.92  12.07  11.86 0.63 0.57 0.43  0.95 344.1 141659. 34.98 342.9  40421.
131  3:36:33 0.47 159.08 240.99  5.22 1654  36.39   346.9  60382.  4.31 -0.71  -3.62  14.43   9.63 2.71 2.16 2.60 -1.00  -1.0     -1. 31.74 342.3  57585.
131  3:39:15 0.47 159.09 240.97  5.22 1654  41.56   344.0  53954.  6.68 -3.35  -5.94  16.63   0.79 0.15 0.12 0.65 -1.00  -1.0     -1. 34.07 338.7  51855.
131  3:41:57 0.47 159.09 240.95  5.22 1654  44.07   342.0  63813.  6.48 -4.30  -6.12  15.64  -2.50 0.18 0.14 0.96 -1.00  -1.0     -1. 36.47 337.6  57095.
131  3:44:39 0.47 159.10 240.92  5.22 1654  43.56   335.7  67081.  6.66 -3.79  -7.56  14.62  -1.51 0.84 0.47 1.14 -1.00  -1.0     -1. 34.75 331.2  62981.
131  3:47:21 0.47 159.10 240.90  5.21 1654  42.98   346.9  53814.  5.10 -0.60  -4.80  14.74   4.99 0.19 0.14 0.69 -1.00  -1.0     -1. 34.90 342.4  53924.
131  3:50:03 0.47 159.10 240.88  5.21 1654  42.85   353.9  41187.  6.13 -2.09  -0.73  14.36   7.46 0.71 0.47 1.04  1.11 343.7 140139. 34.79 348.7  39206.
131  3:52:45 0.47 159.11 240.86  5.21 1654  39.16   352.2  42815.  4.83 -0.96  -4.60  14.60   3.28 0.65 0.30 1.00  0.63 353.1 101924. 32.93 348.0  41710.
131  3:55:27 0.47 159.11 240.84  5.21 1654  33.85   340.7  54418.  5.09 -3.12  -3.32  16.78   5.57 0.56 0.30 0.52 -1.00  -1.0     -1. 28.36 336.3  52541.
131  3:58:09 0.47 159.12 240.82  5.21 1654  35.34   341.4  62806.  4.72 -1.76  -4.75  15.59   5.58 0.08 0.20 0.19 -1.00  -1.0     -1. 30.07 337.5  55925.
131  4:00:51 0.47 159.12 240.80  5.21 1654  34.80   337.4  58157.  5.01 -1.07  -6.83  13.03   7.55 0.93 1.56 1.28 -1.00  -1.0     -1. 29.89 332.9  54798.
131  4:03:33 0.47 159.12 240.78  5.21 1654  38.55   340.6  63192.  5.25 -1.80  -6.73  14.43   5.09 0.45 0.39 0.30 -1.00  -1.0     -1. 32.63 336.7  56881.
131  4:06:15 0.47 159.13 240.76  5.21 1654  38.34   336.3  64160.  5.37 -2.40  -8.57  13.89   1.90 0.00 0.00 0.36 -1.00  -1.0     -1. 31.61 330.8  63455.
131  4:08:57 0.47 159.13 240.73  5.21 1654  39.15   338.1  68435.  5.97 -2.55  -7.32  14.34   0.65 0.28 0.23 0.36 -1.00  -1.0     -1. 32.68 332.9  66905.
131  4:11:39 0.47 159.13 240.71  5.21 1654  38.22   325.7  91129.  4.31 -7.37  -8.07  12.64  -6.70 0.50 0.46 0.41 -1.00  -1.0     -1. 33.32 320.6  84583.
131  4:14:21 0.47 159.14 240.69  5.21 1654  36.88   331.2  85457.  4.91 -6.55  -8.16  10.42  -7.56 0.94 1.87 2.47 -1.00  -1.0     -1. 30.79 326.9  85087.
131  4:17:03 0.47 159.14 240.67  5.21 1654  40.05   331.7 123714.  2.95 -1.50 -10.94   7.64  -0.03 0.12 0.37 2.23 -1.00  -1.0     -1. 34.57 328.7 122230.
131  4:19:45 0.47 159.14 240.65  5.21 1654  35.82   332.9  99315.  5.10 -2.28  -9.92  11.04   2.28 0.14 0.31 0.25 -1.00  -1.0     -1. 28.55 328.5 100868.
131  4:22:27 0.47 159.15 240.63  5.21 1654  34.81   336.6 121444.  4.03 -5.57 -10.50  10.44  -5.85 0.22 0.46 0.29 -1.00  -1.0     -1. 29.67 333.6 121236.
131  4:25:09 0.47 159.15 240.61  5.21 1654  35.41   341.8  75010.  3.46 -6.14  -9.29   9.46  -6.09 2.41 0.81 2.93 -1.00  -1.0     -1. 30.71 338.1  74585.
131  4:27:51 0.47 159.16 240.59  5.21 1654  36.91   325.4 170616.  3.11 -2.72 -13.43   7.48  -0.46 0.18 0.19 0.84 -1.00  -1.0     -1. 31.89 321.9 172298.
131  4:30:33 0.47 159.16 240.57  5.21 1654  32.53   330.8 140496.  2.54 -5.03 -12.90   8.22  -5.91 0.20 0.16 0.16 -1.00  -1.0     -1. 29.39 330.1 163141.
131  4:33:15 0.47 159.16 240.54  5.21 1654  35.65   324.6 170677.  1.34 -5.84 -13.27   5.20  -4.40 0.80 2.01 0.51 -1.00  -1.0     -1. 30.60 323.3 163423.
131  4:35:57 0.47 159.17 240.52  5.21 1654  36.25   333.6 166383.  3.26 -4.27 -11.39   9.32  -5.82 0.41 0.30 0.41 -1.00  -1.0     -1. 30.95 329.9 164560.
131  4:38:39 0.47 159.17 240.50  5.21 1654  35.33   331.3 136692.  3.76 -7.44 -10.87   9.88  -5.49 0.24 0.37 1.03 -1.00  -1.0     -1. 29.78 327.9 139892.
131  4:41:21 0.47 159.18 240.48  5.20 1654  34.74   336.5 155835.  3.60 -4.11 -11.59  10.56  -0.94 0.24 0.15 0.39 -1.00  -1.0     -1. 28.99 334.5 148370.
131  4:44:03 0.47 159.18 240.46  5.20 1654  37.40   328.7 152414.  3.95 -5.60 -12.03   8.96  -2.39 0.48 0.31 0.30 -1.00  -1.0     -1. 31.83 326.1 145567.
131  4:46:45 0.47 159.18 240.44  5.20 1654  36.52   325.6 141392.  3.74 -4.71 -12.09   9.06  -2.23 0.10 0.20 0.32 -1.00  -1.0     -1. 31.74 325.4 166068.
131  4:49:27 0.47 159.19 240.42  5.20 1654  36.89   332.4 124598.  4.31 -4.73 -10.16  10.88  -3.90 0.68 0.16 0.77 -1.00  -1.0     -1. 31.01 328.1 127638.
131  4:52:09 0.47 159.19 240.40  5.20 1654  39.16   326.1 112156.  5.04 -4.91  -9.31  12.84  -7.27 0.45 0.34 1.13 -1.00  -1.0     -1. 32.29 321.6 110503.
131  4:54:51 0.47 159.19 240.38  5.20 1654  31.99   329.2 123386.  6.15 -6.04 -10.06  11.70  -7.43 0.71 0.44 1.44 -1.00  -1.0     -1. 27.28 324.8 122548.
131  4:57:33 0.47 159.20 240.36  5.20 1654  35.52   331.0  85899.  5.52 -6.87  -8.98  12.00  -8.47 0.31 0.53 0.72 -1.00  -1.0     -1. 30.28 325.4  81286.
131  5:00:15 0.47 159.20 240.33  5.20 1654  35.82   326.9  88608.  6.80 -4.44 -11.21  12.68  -0.98 0.54 0.20 1.04 -1.00  -1.0     -1. 30.76 324.7 116815.
131  5:02:57 0.47 159.20 240.31  5.20 1654  35.14   321.7 130783.  3.90 -5.72 -13.76   9.24  -4.09 0.23 0.52 0.00 -1.00  -1.0     -1. 30.90 321.5 160532.
131  5:05:39 0.47 159.21 240.29  5.20 1654  34.07   323.7 146476.  4.37 -5.72 -14.13  10.00  -3.62 0.24 0.18 1.27 -1.00  -1.0     -1. 28.19 321.3 141928.
131  5:08:21 0.47 159.21 240.27  5.20 1654  34.96   322.7 140558.  4.05 -4.12 -13.22  10.46  -0.82 0.09 0.20 0.73 -1.00  -1.0     -1. 30.46 322.3 164388.
131  5:11:03 0.47 159.22 240.25  5.20 1654  36.33   328.7 103879.  6.05 -3.34 -12.65  10.64   0.68 0.29 0.32 0.23 -1.00  -1.0     -1. 30.97 325.7 127297.
131  5:13:45 0.47 159.22 240.23  5.20 1654  37.86   324.8 122301.  3.60 -2.05 -12.37   9.54   1.13 0.52 0.54 1.00 -1.00  -1.0     -1. 31.69 322.4 123214.
131  5:16:27 0.47 159.22 240.21  5.20 1654  36.08   326.2 148656.  4.92 -1.30 -14.45   9.10  -0.14 0.33 0.34 0.98 -1.00  -1.0     -1. 30.74 322.9 146739.
131  5:19:09 0.47 159.23 240.19  5.20 1654  37.49   330.2 111055.  2.98 -7.08 -10.57   6.24 -10.25 0.15 0.22 0.20 -1.00  -1.0     -1. 31.36 327.6  99435.
131  5:21:51 0.47 159.23 240.17  5.20 1654  37.59   329.4 155114.  3.78 -3.43 -14.80  10.40   2.12 0.34 0.13 0.32 -1.00  -1.0     -1. 32.59 324.6 151099.
131  5:24:33 0.47 159.23 240.14  5.20 1654  35.17   328.1 134087.  4.28 -3.79 -10.25  10.10   6.13 0.24 0.38 0.22 -1.00  -1.0     -1. 29.18 325.0 129571.
131  5:27:15 0.47 159.24 240.12  5.20 1654  33.48   334.0 131819.  4.72 -3.25  -9.84  10.80   6.53 0.19 0.18 0.47 -1.00  -1.0     -1. 29.53 330.3 129662.
131  5:29:57 0.47 159.24 240.10  5.20 1654  31.74   333.1 128532.  3.76 -1.98  -8.73   9.46  10.49 0.75 1.34 1.61 -1.00  -1.0     -1. 26.80 327.7 120307.
131  5:32:39 0.47 159.25 240.08  5.20 1654  32.62   339.0 115957.  4.35 -0.31  -9.37  11.72   9.65 0.19 0.30 0.20 -1.00  -1.0     -1. 27.98 334.6 115340.
131  5:35:21 0.47 159.25 240.06  5.20 1654  31.22   329.2 118998.  4.75 -3.56 -12.95  13.50  -1.29 0.24 0.28 0.44  0.12 397.8 142698. 27.66 327.4 148364.
131  5:38:03 0.47 159.25 240.04  5.19 1654  34.04   330.8 131728.  5.27 -4.11 -12.56  12.94  -2.41 0.40 0.31 0.86 -1.00  -1.0     -1. 28.57 327.1 132095.
131  5:40:45 0.47 159.26 240.02  5.19 1654  32.95   329.2 119949.  4.03 -2.74 -11.93  13.82   0.95 0.20 0.27 0.32 -1.00  -1.0     -1. 29.27 327.7 148224.
131  5:43:27 0.47 159.26 240.00  5.19 1654  22.82   356.3 105822.  1.05 -4.59 -14.08  11.78   9.89 0.10 0.15 0.19 -1.00  -1.0     -1. 19.43 356.4 121606.
131  5:46:09 0.47 159.26 239.98  5.19 1654  25.67   351.3 138816.  0.81 -4.23 -14.73  12.18   6.02 0.08 0.24 0.50 -1.00  -1.0     -1. 21.42 350.1 139924.
131  5:48:51 0.47 159.27 239.96  5.19 1654  29.19   341.1 137881.  3.59 -3.03 -14.26  13.12   6.64 0.31 0.35 1.17 -1.00  -1.0     -1. 24.71 340.2 169017.
131  5:51:31 0.47 159.27 239.93  5.19 1654  23.27   352.7 121606.  0.00  0.00 -14.32  12.06   9.76 0.16 0.08 0.25 -1.00  -1.0     -1. 18.78 353.6 110350.
131  5:54:13 0.47 159.28 239.91  5.19 1654  -1.00    -1.0     -1. -1.00 -1.00 -14.14  11.88   9.72 0.25 0.24 0.14 -1.00  -1.0     -1. -1.00  -1.0     -1.
131  5:56:55 0.47 159.28 239.89  5.19 1654  25.57   345.3 135493.  2.10 -3.61   0.00   0.00   0.00 0.00 0.00 0.00 -1.00  -1.0     -1. 21.73 343.6 134717.
131  5:59:37 0.47 159.28 239.87  5.19 1654  22.68   357.2  97272.  0.78 -4.05 -12.91  12.96   9.51 0.12 0.08 0.00 -1.00  -1.0     -1. 19.22 358.8 101079.
131  6:02:21 0.47 159.29 239.85  5.19 1654  27.13   345.0 135938.  2.89 -2.69 -11.55  11.80   9.60 0.38 0.13 0.20 -1.00  -1.0     -1. 23.59 342.6 133892.
131  6:05:03 0.47 159.29 239.83  5.19 1654  28.59   343.8 127239.  3.57 -1.59 -11.11  11.50  10.09 0.00 0.00 0.16 -1.00  -1.0     -1. 24.28 340.1 122184.
131  6:05:07 0.47 159.29 239.83  5.19 1654  35.92   343.1 148672.  1.98 -3.52   0.00   0.00   0.00 0.00 0.00 0.00 -1.00  -1.0     -1. 30.43 342.7 142266.
131  6:07:45 0.47 159.29 239.81  5.19 1654  34.83   339.4  79594.  5.04  0.45  -7.65  10.54  10.67 0.51 0.23 0.47 -1.00  -1.0     -1. 30.09 333.9  75881.
131  6:10:27 0.47 159.30 239.79  5.19 1654  34.52   330.1  92298.  4.44  0.95  -9.72   9.24  10.20 0.18 0.31 0.31 -1.00  -1.0     -1. 30.16 328.9 113813.
131  6:17:10 0.47 159.31 239.74  5.19 1654  36.85   339.5  69829.  5.47  0.20  -9.87  10.64   9.45 0.56 0.47 0.56 -1.00  -1.0     -1. 30.69 335.0  67756.
131  6:17:30 0.47 159.31 239.73  5.19 1654  34.46   334.7 111887.  4.86 -0.83  -9.16  10.48  10.20 0.59 0.31 0.38 -1.00  -1.0     -1. 28.83 330.9 113664.
131  6:17:50 0.47 159.27 239.69  5.31 1655  -1.00    -1.0     -1. -1.00 -1.00  -8.21  10.50  10.61 0.64 0.67 0.65 -1.00  -1.0     -1. -1.00  -1.0     -1.
131  6:19:12 0.47 159.31 239.72  5.19 1654  31.73   330.8  85259.  5.01 -0.57  -8.16  10.11  10.63 0.93 0.77 0.91 -1.00  -1.0     -1. 28.24 329.7 109817.
131  6:20:33 0.47 159.31 239.71  5.19 1654  37.93   334.8  80230.  5.06  0.54  -6.58   9.27  12.25 0.69 0.66 0.76 -1.00  -1.0     -1. 31.49 331.1  79847.
131  6:21:54 0.47 159.31 239.70  5.19 1654  34.38   339.4  62224.  4.58  0.54  -7.47   9.92  10.99 2.07 1.38 1.65 -1.00  -1.0     -1. 29.36 334.5  61724.
131  6:32:46 0.47 159.33 239.61  5.18 1654  33.61   340.2 171418.  2.54 -3.87  -7.12   7.69   2.31 0.00 0.00 0.00 -1.00  -1.0     -1. 28.49 339.7 191503.
131  6:34:08 0.47 159.33 239.60  5.18 1654  31.89   348.5 124325.  3.55 -1.86   0.00   0.00   0.00 0.00 0.00 0.00 -1.00  -1.0     -1. 27.55 344.9 130845.
131  6:35:29 0.47 159.33 239.59  5.18 1654  33.74   345.7 136617.  3.19 -2.04   0.00   0.00   0.00 0.00 0.00 0.00 -1.00  -1.0     -1. 29.09 344.9 151895.
131  6:36:50 0.47 159.33 239.58  5.18 1654  34.49   343.8 156332.  2.98 -2.88   0.00   0.00   0.00 0.00 0.00 0.00 -1.00  -1.0     -1. 29.91 340.4 155611.
131  6:38:11 0.47 159.34 239.57  5.18 1654  32.23   343.2 155159.  2.76 -2.39   0.00   0.00   0.00 0.00 0.00 0.00 -1.00  -1.0     -1. 27.32 342.3 171856.
131  6:39:32 0.47 159.34 239.56  5.18 1654  34.41   342.9 145193.  2.95 -2.44   0.00   0.00   0.00 0.00 0.00 0.00 -1.00  -1.0     -1. 28.55 340.9 137543.
131  6:40:53 0.47 159.34 239.55  5.18 1654  33.02   342.1 136071.  3.59 -2.52   0.00   0.00   0.00 0.00 0.00 0.00 -1.00  -1.0     -1. 27.88 338.3 135980.
131  6:48:19 0.47 159.35 239.49  5.18 1654  36.09   341.7 145674.  3.15 -3.03   0.00   0.00   0.00 0.00 0.00 0.00 -1.00  -1.0     -1. 31.10 338.2 144501.
131  7:31:31 0.47 159.41 239.15  5.17 1654  40.59   338.3 182229. -0.12 -2.77 -15.73   0.19   3.75 0.00 0.00 0.00 -1.00  -1.0     -1. 33.92 337.1 179126.
131  8:14:43 0.47 159.47 238.82  5.17 1654  41.32   340.5 119787. -1.60 -1.12 -13.98  -5.50   3.00 0.00 0.00 0.00 -1.00  -1.0     -1. 34.66 341.6 120661.
131  8:57:56 0.47 159.53 238.48  5.16 1654  40.81   332.2 158827.  0.50 -4.79 -15.52  -1.30  -5.11 0.00 0.00 0.00 -1.00  -1.0     -1. 34.42 331.0 160393.
131  9:41:08 0.48 159.59 238.14  5.15 1654  39.68   335.5 116503.  2.52 -4.70   0.00   0.00   0.00 0.00 0.00 0.00 -1.00  -1.0     -1. 33.99 333.4 116321.
131 10:24:20 0.48 159.64 237.80  5.14 1654  44.95   327.9 119901.  0.67 -3.41   0.00   0.00   0.00 0.00 0.00 0.00 -1.00  -1.0     -1. 37.86 326.3 117074.
131 11:07:32 0.48 159.70 237.46  5.14 1654  43.12   329.9  81981.  4.25  0.53 -11.39  11.30   2.57 0.00 0.00 0.00 -1.00  -1.0     -1. 35.75 325.8  79652.
131 11:50:44 0.48 159.76 237.12  5.13 1654  43.99   337.9  71119.  4.83 -4.21   0.00   0.00   0.00 0.00 0.00 0.00 -1.00  -1.0     -1. 38.03 333.8  69052.
131 12:33:56 0.48 159.82 236.79  5.12 1654  43.79   327.7  85038.  4.88 -1.26   0.00   0.00   0.00 0.00 0.00 0.00 -1.00  -1.0     -1. 36.68 323.7  79899.
131 13:16:03 0.48 159.84 236.42  5.24 1655  -1.00    -1.0     -1. -1.00 -1.00 -14.45   1.72   8.34 0.00 0.00 0.00 -1.00  -1.0     -1. -1.00  -1.0     -1.
131 13:31:32 0.48 159.90 236.33  5.11 1654  42.91   319.1  70553.  1.39 -0.24 -13.26   2.54   8.94 0.00 0.00 0.00 -1.00  -1.0     -1. 35.95 319.8  88530.
131 13:59:15 0.48 159.90 236.08  5.23 1655  -1.00    -1.0     -1. -1.00 -1.00 -13.46   3.94   8.44 0.00 0.00 0.00 -1.00  -1.0     -1. -1.00  -1.0     -1.
131 14:14:44 0.48 159.95 236.00  5.10 1654  43.75   325.5  83781.  0.00  0.00   5.28  10.94 -10.12 0.00 0.00 0.00 -1.00  -1.0     -1. 37.95 324.1  78931.
131 14:43:32 0.48 159.99 235.77  5.10 1654  50.87   329.1  53388.  4.41  0.34  -7.43  14.45   3.39 0.00 0.00 0.00  1.06 323.5 113683. 43.70 324.3  51170.
131 15:26:44 0.48 160.05 235.43  5.09 1654  50.63   342.1  44108.  4.25 -2.75   0.00   0.00   0.00 0.00 0.00 0.00  0.83 337.7 109161. 42.96 339.5  44179.
131 16:09:56 0.48 160.11 235.09  5.08 1654  49.74   344.8  38134.  4.52 -3.84   0.00   0.00   0.00 0.00 0.00 0.00  1.06 344.3 141360. 42.06 341.4  42854.
131 16:53:08 0.48 160.17 234.75  5.07 1654  42.08   338.9  57764.  2.32 -1.41  -0.96  15.12   3.53 0.00 0.00 0.00 -1.00  -1.0     -1. 35.31 337.2  56364.
131 17:36:20 0.48 160.22 234.41  5.07 1654  52.55   332.6  76985.  4.39  1.55   0.00   0.00   0.00 0.00 0.00 0.00 -1.00  -1.0     -1. 45.66 327.6  76193.
131 18:19:32 0.48 160.28 234.07  5.06 1654  54.44   327.7  46105.  3.69 -3.88   0.00   0.00   0.00 0.00 0.00 0.00 -1.00  -1.0     -1. 45.48 326.1  49883.
131 19:02:44 0.48 160.34 233.73  5.05 1654  51.89   360.7  35493.  3.17 -2.91   9.14   5.35 -15.71 0.00 0.00 0.00  0.61 352.3 119114. 44.28 358.0  37296.
131 19:45:56 0.48 160.39 233.39  5.04 1654  52.51   345.3  39196.  6.19 -2.64   5.03  10.74 -15.63 0.00 0.00 0.00  0.85 341.3 125352. 45.33 341.2  34236.
131 20:29:08 0.48 160.45 233.05  5.03 1654  63.13   347.0  47892.  2.34 -2.90   0.00   0.00   0.00 0.00 0.00 0.00  1.03 344.2  91178. 54.08 345.6  50611.
131 20:53:08 0.48 160.48 232.86  5.03 1654  -1.00    -1.0     -1. -1.00 -1.00   1.02  15.53 -14.46 0.00 0.00 0.00 -1.00  -1.0     -1. -1.00  -1.0     -1.
131 21:12:19 0.48 160.47 232.68  5.15 1655  -1.00    -1.0     -1. -1.00 -1.00  -8.31  18.43  -9.62 0.00 0.00 0.00 -1.00  -1.0     -1. -1.00  -1.0     -1.
131 21:36:20 0.48 160.54 232.52  5.02 1654  45.91   344.4  81280.  0.00  0.00 -12.34  17.13  -6.75 0.00 0.00 0.00 -1.00  -1.0     -1. 38.85 343.5  79152.
131 22:20:06 0.48 160.59 232.18  5.01 1654  32.94   346.2 171398.  1.23  0.50  -6.37  19.71  -3.92 0.00 0.00 0.00 -1.00  -1.0     -1. 27.20 344.5 157095.
131 22:39:00 0.48 160.58 231.99  5.14 1655  -1.00    -1.0     -1. -1.00 -1.00  -2.96  16.63  -8.31 1.51 0.78 0.43 -1.00  -1.0     -1. -1.00  -1.0     -1.
131 23:00:36 0.48 160.61 231.82  5.13 1655  -1.00    -1.0     -1. -1.00 -1.00 -16.69  -3.72   0.36 0.28 0.40 1.59 -1.00  -1.0     -1. -1.00  -1.0     -1.
131 23:03:18 0.48 160.65 231.84  5.01 1654  35.93   396.5 130406.  5.04 -4.34 -16.33  -0.60   4.12 0.30 0.82 0.88 -1.00  -1.0     -1. 30.77 393.3 153317.
131 23:22:12 0.48 160.64 231.65  5.13 1655  -1.00    -1.0     -1. -1.00 -1.00 -18.81  -1.27   0.26 0.28 1.02 1.20 -1.00  -1.0     -1. -1.00  -1.0     -1.
131 23:46:30 0.48 160.71 231.50  5.00 1654  36.51   381.7 182320.  4.63 -5.68   0.00   0.00   0.00 0.00 0.00 0.00 -1.00  -1.0     -1. 30.54 377.8 177824.
131 23:48:00 0.48 160.67 231.45  5.12 1655  -1.00    -1.0     -1. -1.00 -1.00 -15.31  -0.40  10.59 0.45 0.71 0.66 -1.00  -1.0     -1. -1.00  -1.0     -1.
131 23:53:24 0.48 160.68 231.40  5.12 1655  -1.00    -1.0     -1. -1.00 -1.00 -17.12   1.76   8.42 0.34 0.73 0.47 -1.00  -1.0     -1. -1.00  -1.0     -1.
131 23:58:48 0.48 160.68 231.36  5.12 1655  -1.00    -1.0     -1. -1.00 -1.00  -5.57   9.30 -12.48 4.10 1.96 1.91 -1.00  -1.0     -1. -1.00  -1.0     -1.
