178  0 07 30 0.88 173.45 217.78 -1.60 1669   15.66   383.8   24617.   2.97  -9.83  -1.52   4.01   -0.36  0.00  0.00  0.00   0.23  379.7     84824.  15.13  383.5  26764.
178  0 50 42 0.88 173.44 217.38 -1.60 1669   20.51   380.0   28089.   1.73  -8.39   0.00   0.00    0.00  0.00  0.00  0.00   0.18  376.8    126404.  17.99  380.1  25046.
178  1 33 54 0.88 173.44 216.98 -1.60 1669   19.67   378.9   28762.   0.00   0.00   0.00   0.00    0.00  0.00  0.00  0.00   0.31  378.2     74208.  18.73  379.5  31656.
178  4 36 18 0.88 173.43 215.29 -1.62 1669   -1.00    -1.0      -1.  -1.00  -1.00  -0.02   2.92    2.81  0.00  0.00  0.00  -1.00   -1.0        -1.  -1.00   -1.0     -1.
178  5 09 54 0.88 173.43 214.98 -1.62 1669   15.99   375.9   28547.   0.00   0.00   0.00   0.00    0.00  0.00  0.00  0.00   0.18  364.4    101261.  14.60  375.4  29018.
178  5 53 06 0.88 173.42 214.58 -1.62 1669   20.58   372.1   30350.  -0.10  -5.19  -2.43   4.42    3.99  0.00  0.00  0.00   0.48  366.6     91256.  16.64  373.8  28262.
178  6 36 18 0.88 173.42 214.17 -1.62 1669   21.25   370.1   36181.  -0.51  -9.45  -4.25   1.20   -5.04  0.00  0.00  0.00   0.29  364.7    116633.  19.30  369.1  34772.
178  7 19 30 0.88 173.42 213.78 -1.63 1669   17.25   367.3   52505.   0.18  -8.67  -3.33   1.22   -5.12  0.00  0.00  0.00   0.14  371.7    178223.  15.74  367.6  63345.
178  8 03 17 0.88 173.41 213.37 -1.63 1669   16.64   375.3   46157.  -0.56  -9.59   0.00   0.00    0.00  0.00  0.00  0.00   0.19  366.2    215659.  15.32  374.9  47083.
178  8 46 29 0.88 173.41 212.97 -1.63 1669   13.86   372.4   33151.  -1.26  -4.80   0.00   0.00    0.00  0.00  0.00  0.00   0.26  368.2     48610.  11.98  374.2  29480.
178  9 29 41 0.88 173.41 212.57 -1.64 1669   14.05   366.5   51501.  -3.32  -1.44  -3.26   4.33   -1.62  0.00  0.00  0.00   0.22  360.2    148844.  12.93  367.6  47015.
178 10 12 53 0.88 173.40 212.17 -1.64 1669    8.62   360.0   30851.  -0.24  -1.47   0.00   0.00    0.00  0.00  0.00  0.00   0.12  354.5    152470.   7.61  360.3  31474.
