187  0:08:42 0.93 172.14  97.31 -2.48 1669   5.77   506.2 150072.  0.00  0.00   5.83  -0.06   2.02 0.19 0.05 0.19  0.18 554.7 578239.  4.78 509.9 144459.
187  0:19:30 0.93 172.14  97.21 -2.48 1669   5.56   523.5 144852. -0.35 -1.80   5.74  -3.10   1.05 0.19 0.09 0.33  0.16 562.6 533579.  4.57 522.2 135337.
187  0:29:06 0.93 172.14  97.12 -2.48 1669   5.41   528.3 180478. -2.84 -1.30   5.51   1.42   1.54 0.01 0.05 0.20  0.18 571.5 606084.  4.35 531.3 177356.
187  0:39:54 0.93 172.14  97.02 -2.48 1669  -1.00    -1.0     -1. -1.00 -1.00   4.05  -2.70   4.36 0.12 0.29 0.19 -1.00  -1.0     -1. -1.00  -1.0     -1.
187  0:50:42 0.93 172.13  96.92 -2.48 1669   4.54   567.6 129740.  5.44  0.22   4.09  -3.63   3.03 0.00 0.00 0.00  0.23 562.0 424651.  4.06 567.1 121674.
187  1:01:30 0.93 172.13  96.82 -2.48 1669   4.94   526.5 180296. -1.10 -2.30   5.43   0.14   1.75 0.09 0.66 0.00  0.19 572.7 563880.  4.61 524.0 163310.
187 12:25:31 0.93 172.04  90.44 -2.52 1669  -1.00    -1.0     -1. -1.00 -1.00  -2.19  -7.89   0.78 0.00 0.00 0.00 -1.00  -1.0     -1. -1.00  -1.0     -1.
187 13:11:07 0.93 172.04  90.02 -2.52 1669   4.76   555.9  90330.  5.24 -0.16   0.00   0.00   0.00 0.00 0.00 0.00  0.17 539.0 359955.  4.00 552.5 100826.
187 13:54:19 0.93 172.03  89.62 -2.53 1669   5.42   523.7 112842.  5.99  1.77   0.00   0.00   0.00 0.00 0.00 0.00  0.13 530.0 253003.  4.52 521.4 103298.
187 14:37:31 0.93 172.03  89.21 -2.53 1669   5.56   537.7 122561.  0.00  0.00   0.00   0.00   0.00 0.00 0.00 0.00  0.27 517.1 470871.  5.00 534.4 119920.
