198  0 41 26 0.96 169.74 308.99 -3.41 1670   -1.00    -1.0      -1.  -1.00  -1.00  -4.28  -0.73   -3.79  0.43  0.75  0.31  -1.00   -1.0        -1.  -1.00   -1.0     -1.
198  0 42 47 0.96 169.74 308.98 -3.41 1670    5.34   386.8  145992.   1.52  -5.61  -3.22  -2.43   -4.05  0.65  0.42  0.36  -1.00   -1.0        -1.   4.95  384.5 138037.
198  0 44 08 0.96 169.74 308.97 -3.41 1670    5.21   389.0  131004.  -2.61  -7.17  -3.71  -1.72   -3.24  1.03  1.83  0.61  -1.00   -1.0        -1.   4.63  394.0 133875.
198  0 44 18 0.96 169.74 308.97 -3.41 1670    5.81   391.7  164154.  -4.02  -6.79  -4.32  -0.91   -2.93  0.56  2.02  0.49  -1.00   -1.0        -1.   5.00  394.3 140535.
198  0 44 28 0.96 169.74 308.97 -3.41 1670    5.25   391.7  127057.  -4.53  -5.27  -4.58   1.34   -2.13  0.47  1.93  0.83  -1.00   -1.0        -1.   4.65  395.3 107651.
198  0 45 30 0.96 169.74 308.96 -3.41 1670    5.36   395.2  115509.   3.34  -4.18  -3.47   4.56   -2.36  0.36  0.31  0.28  -1.00   -1.0        -1.   4.86  393.9 117042.
198  0 46 52 0.96 169.74 308.94 -3.41 1670    4.99   403.7   91824.   1.60  -5.27  -2.86   3.65   -3.44  0.39  0.35  0.48  -1.00   -1.0        -1.   4.55  400.8  87923.
198  0 48 12 0.96 169.74 308.93 -3.41 1670    5.41   388.1  138306.   2.77  -2.87  -4.13   3.93   -1.25  0.25  0.71  0.97  -1.00   -1.0        -1.   5.17  384.4 133713.
198  0 49 34 0.96 169.74 308.92 -3.41 1670    5.13   387.3  121918.   1.66  -4.37  -4.57   2.45   -3.61  0.17  0.22  0.00  -1.00   -1.0        -1.   4.90  385.0 112397.
198  0 50 55 0.96 169.74 308.91 -3.41 1670    4.90   389.4  121171.   0.89  -4.74  -4.43   1.17   -4.40  0.35  0.38  0.43  -1.00   -1.0        -1.   4.64  388.1 117175.
198  0 52 16 0.96 169.74 308.89 -3.41 1670    5.01   390.7   88329.   1.50  -4.61  -4.54   1.89   -4.59  0.16  0.20  0.27  -1.00   -1.0        -1.   4.56  388.7  83888.
198  0 53 37 0.96 169.74 308.88 -3.41 1670    5.36   385.5   88982.   1.38  -4.39  -4.64   2.28   -4.11  0.27  0.30  0.21  -1.00   -1.0        -1.   5.03  388.5 103161.
198  0 54 57 0.96 169.74 308.87 -3.41 1670    5.26   386.9  107193.   0.87  -4.96  -4.61   2.27   -4.44  0.21  0.29  0.13  -1.00   -1.0        -1.   4.81  387.8  90382.
198  0 56 18 0.96 169.74 308.85 -3.41 1670    5.04   393.9  101112.   2.01  -4.43  -3.97   3.92   -3.94  0.09  0.27  0.24  -1.00   -1.0        -1.   4.75  391.7 101774.
198  0 57 39 0.96 169.74 308.84 -3.41 1670    5.26   392.9  111399.   2.27  -5.49  -3.22   3.85   -4.53  0.28  0.23  0.31  -1.00   -1.0        -1.   4.67  392.8  96863.
198  0 59 00 0.96 169.74 308.83 -3.41 1670    4.79   400.2  103307.   2.90  -5.33  -2.68   3.75   -4.92  0.36  0.75  0.26  -1.00   -1.0        -1.   4.71  399.4  92880.
198  1 00 22 0.96 169.74 308.82 -3.41 1670    5.51   394.1   96928.   3.08  -4.06  -2.83   4.65   -3.76  0.31  0.32  0.54  -1.00   -1.0        -1.   4.90  393.8  94108.
198  1 01 43 0.96 169.74 308.81 -3.41 1670    5.37   418.1   97220.   0.69  -5.29  -1.31   3.51   -5.28  0.72  0.72  0.64  -1.00   -1.0        -1.   4.84  417.5  95609.
198  1 03 03 0.96 169.74 308.79 -3.41 1670    4.97   405.5   97249.   2.31  -4.63  -1.00   5.00   -4.21  0.24  0.38  0.40  -1.00   -1.0        -1.   4.44  403.9  90232.
198  1 04 25 0.96 169.74 308.78 -3.41 1670    5.30   403.3  129903.   1.46  -4.87  -1.58   3.94   -5.19  0.25  0.26  0.18  -1.00   -1.0        -1.   4.74  401.8 124276.
198  1 05 45 0.96 169.74 308.77 -3.41 1670    4.52   406.7   88966.   2.80  -4.06  -1.40   4.70   -5.23  0.31  0.20  0.28  -1.00   -1.0        -1.   4.41  407.9 106176.
198  1 07 06 0.96 169.74 308.76 -3.41 1670    5.21   413.7   92156.   4.20  -3.71  -0.91   5.04   -4.33  0.18  0.39  0.25  -1.00   -1.0        -1.   4.86  411.7  89567.
198  1 08 27 0.96 169.74 308.74 -3.41 1670    5.23   405.0   94787.   2.92  -5.31  -1.70   4.03   -4.99  0.14  0.35  0.32  -1.00   -1.0        -1.   4.97  403.1  90483.
198  1 09 48 0.96 169.74 308.73 -3.41 1670    5.31   402.2  106491.   2.49  -5.31  -1.78   3.89   -5.15  0.21  0.13  0.12  -1.00   -1.0        -1.   5.01  402.5  96794.
198  1 11 10 0.96 169.74 308.72 -3.41 1670    5.61   400.3  100787.   2.09  -5.86  -1.69   3.87   -5.12  0.50  0.38  0.39  -1.00   -1.0        -1.   5.20  401.2  97360.
198  1 12 31 0.96 169.73 308.70 -3.41 1670    5.67   400.6  102242.   1.73  -5.60  -2.37   3.27   -5.32  0.40  0.23  0.18  -1.00   -1.0        -1.   5.08  401.5  95930.
198  1 13 51 0.96 169.73 308.69 -3.41 1670    5.54   395.3   91015.   0.96  -5.34  -3.93   1.96   -5.12  0.25  0.20  0.16  -1.00   -1.0        -1.   5.00  392.8  91801.
198  1 15 13 0.96 169.73 308.68 -3.41 1670    5.23   394.5  116194.   0.28  -6.09  -3.77   1.93   -5.31  0.16  0.17  0.17  -1.00   -1.0        -1.   5.10  393.6 110175.
198  1 16 33 0.96 169.73 308.67 -3.41 1670    5.21   397.8   94943.   1.20  -5.95  -3.57   1.96   -5.45  0.32  0.20  0.20  -1.00   -1.0        -1.   4.84  395.5  96281.
198  1 17 54 0.96 169.73 308.65 -3.41 1670    4.88   388.6   92643.   1.22  -5.48  -3.93   1.93   -5.22  0.12  0.35  0.19  -1.00   -1.0        -1.   4.76  391.4 103372.
198  1 19 16 0.96 169.73 308.64 -3.41 1670    4.86   393.4   95014.   0.50  -5.46  -3.67   1.10   -5.65  0.44  0.29  0.36  -1.00   -1.0        -1.   4.72  391.4  93195.
198  1 20 36 0.96 169.73 308.63 -3.41 1670    5.35   393.1  112640.   0.42  -5.54  -3.89   0.87   -5.47  0.21  0.26  0.12  -1.00   -1.0        -1.   5.26  391.7 113849.
198  1 21 58 0.96 169.73 308.62 -3.41 1670    5.15   390.5  108317.  -0.26  -5.48  -4.05  -0.01   -5.41  0.16  0.35  0.17  -1.00   -1.0        -1.   4.82  391.5  95651.
198  1 23 19 0.96 169.73 308.60 -3.41 1670    4.96   393.8  112436.  -0.34  -5.95  -4.27   0.02   -5.44  0.10  0.49  0.16  -1.00   -1.0        -1.   4.77  392.5 104915.
198  1 24 40 0.96 169.73 308.59 -3.41 1670    5.09   392.3   94023.   0.38  -5.62  -4.27   0.34   -5.20  0.16  0.32  0.16  -1.00   -1.0        -1.   4.54  392.4  89089.
198  1 26 01 0.96 169.73 308.58 -3.41 1670    5.22   389.5   93409.   0.47  -5.41  -4.40   0.76   -4.76  0.25  0.36  0.21  -1.00   -1.0        -1.   4.88  391.7 106364.
198  1 27 22 0.96 169.73 308.56 -3.41 1670    5.16   388.6  100995.   0.35  -5.52  -3.61   0.91   -5.48  0.34  0.48  0.18   0.05  423.6    154653.   4.80  387.8  93322.
198  1 28 42 0.96 169.73 308.55 -3.41 1670    6.09   396.1  106475.   0.16  -6.10  -3.54   1.96   -5.24  0.29  0.64  0.37  -1.00   -1.0        -1.   5.25  396.5 109915.
198  1 30 04 0.96 169.73 308.54 -3.41 1670    5.25   398.6   99448.   0.77  -5.69  -3.94   0.38   -5.15  0.16  0.24  0.12  -1.00   -1.0        -1.   4.82  397.2  93296.
198  1 31 25 0.96 169.73 308.53 -3.41 1670    5.38   393.9  111256.   0.75  -5.40  -3.75   0.02   -5.35  0.29  0.40  0.19  -1.00   -1.0        -1.   4.94  390.8 110467.
198  1 32 46 0.96 169.73 308.51 -3.41 1670    5.52   393.4  111331.  -0.05  -6.72  -3.52   0.33   -5.64  0.29  0.46  0.20  -1.00   -1.0        -1.   5.21  394.2  96418.
198  1 34 07 0.96 169.73 308.50 -3.41 1670    5.56   395.2  115924.   0.21  -6.11  -2.71   0.92   -6.02  0.21  0.28  0.13  -1.00   -1.0        -1.   5.15  394.8 109493.
198  1 35 27 0.96 169.73 308.49 -3.41 1670    5.26   399.4   90466.   0.28  -6.30  -2.40   1.41   -6.00  0.22  0.12  0.00  -1.00   -1.0        -1.   4.83  398.9  93435.
198  1 36 49 0.96 169.73 308.48 -3.41 1670    5.46   403.7   99734.   0.97  -6.09  -1.92   1.94   -6.20  0.24  0.35  0.20  -1.00   -1.0        -1.   4.77  404.4  92815.
198  1 38 10 0.96 169.73 308.46 -3.41 1670    5.37   403.2   92003.   0.75  -6.24  -3.21   0.65   -5.63  0.29  0.33  0.18  -1.00   -1.0        -1.   4.97  401.8  88566.
198  1 39 31 0.96 169.73 308.45 -3.41 1670    5.40   395.4  110197.   0.00  -6.36  -3.65   0.05   -5.55  0.16  0.23  0.12  -1.00   -1.0        -1.   5.03  395.1 105442.
198  1 40 52 0.96 169.73 308.44 -3.41 1670    5.39   394.4   96021.  -0.56  -6.06  -3.94  -0.51   -5.16  0.25  0.49  0.13  -1.00   -1.0        -1.   4.87  393.9  93864.
198  1 42 13 0.96 169.73 308.43 -3.41 1670    4.79   392.0   83641.  -1.21  -5.78  -4.18  -1.06   -4.92  0.13  0.09  0.20  -1.00   -1.0        -1.   4.77  392.5 104250.
198  1 43 34 0.96 169.73 308.41 -3.41 1670    4.76   387.4  100787.  -2.14  -5.12  -3.82  -0.69   -5.11  0.25  0.18  0.17  -1.00   -1.0        -1.   4.58  388.6  93712.
198  1 44 55 0.96 169.73 308.40 -3.41 1670    5.04   393.8  114609.  -1.44  -5.49  -3.74  -1.14   -4.99  0.36  0.35  0.25  -1.00   -1.0        -1.   4.60  391.6 105939.
198  1 46 15 0.96 169.73 308.39 -3.41 1670    4.97   395.7  104181.  -0.53  -5.78  -3.46   0.11   -5.35  0.21  0.42  0.19  -1.00   -1.0        -1.   5.01  395.5  93331.
198  1 47 36 0.96 169.73 308.38 -3.41 1670    4.90   387.2   86971.  -3.38  -5.63  -3.86  -2.14   -5.19  0.25  0.24  0.16  -1.00   -1.0        -1.   4.50  388.8  82209.
198  1 48 58 0.96 169.73 308.36 -3.41 1670    4.81   388.3  104162.  -0.80  -6.53  -3.69   0.29   -5.35  0.30  0.31  0.20  -1.00   -1.0        -1.   4.53  389.2  90372.
198  1 50 19 0.96 169.73 308.35 -3.41 1670    4.50   387.2   87156.  -0.88  -6.02  -3.89  -0.06   -5.28  0.19  0.27  0.20  -1.00   -1.0        -1.   4.63  386.8  83264.
198  1 51 40 0.96 169.73 308.34 -3.41 1670    4.56   390.9   98243.  -0.90  -6.67  -3.78   0.35   -5.40  0.11  0.22  0.18  -1.00   -1.0        -1.   4.29  389.9  88732.
198  1 53 01 0.96 169.73 308.33 -3.41 1670    4.81   390.1   90353.  -1.05  -6.51  -3.72   0.47   -5.12  0.16  0.04  0.00  -1.00   -1.0        -1.   4.83  391.5  98825.
198  1 54 21 0.96 169.73 308.31 -3.41 1670    5.13   387.8  103811.  -1.19  -6.11  -3.80   0.42   -5.24  0.20  0.33  0.18  -1.00   -1.0        -1.   4.64  390.2  87390.
198  1 55 43 0.96 169.73 308.30 -3.41 1670    5.04   388.2   81527.  -0.90  -6.53  -3.96   1.04   -4.96  0.25  0.24  0.19  -1.00   -1.0        -1.   4.56  387.9  80500.
198  1 57 03 0.96 169.73 308.29 -3.41 1670    4.99   387.7  102349.   0.00   0.00  -3.76   0.40   -5.36  0.20  0.14  0.20  -1.00   -1.0        -1.   4.37  389.3  87630.
198  3 07 32 0.97 169.72 307.63 -3.42 1670    4.61   397.6  105520.  -0.30  -5.85  -3.29   1.13   -5.63  0.20  0.05  0.01  -1.00   -1.0        -1.   4.11  397.6  99962.
198  3 08 53 0.97 169.72 307.61 -3.42 1670    4.55   400.4  111162.  -0.81  -6.25  -2.89   1.18   -5.62  0.17  0.19  0.18  -1.00   -1.0        -1.   4.21  399.3 112585.
198  3 10 14 0.97 169.71 307.60 -3.42 1670    4.95   403.0  126320.  -0.18  -5.88  -3.22   0.87   -5.45  0.42  0.22  0.26  -1.00   -1.0        -1.   4.34  403.2 121444.
198  3 11 35 0.97 169.71 307.59 -3.42 1670    4.69   399.2  115025.  -0.73  -5.79  -3.29   0.73   -5.48  0.17  0.37  0.15  -1.00   -1.0        -1.   4.22  399.6 116860.
198  3 12 58 0.97 169.71 307.58 -3.42 1670    4.41   399.9  105711.  -1.52  -6.91  -3.03  -0.66   -5.88  0.17  0.23  0.12  -1.00   -1.0        -1.   4.24  400.0 120310.
198  3 14 19 0.97 169.71 307.56 -3.42 1670    4.53   399.1  115297.  -3.25  -6.98  -3.05  -1.38   -5.60  0.13  0.24  0.16  -1.00   -1.0        -1.   4.13  400.9  95677.
198  3 15 40 0.97 169.71 307.55 -3.42 1670    4.42   399.8  103320.  -2.43  -6.68  -3.03  -0.64   -5.53  0.35  0.34  0.18  -1.00   -1.0        -1.   4.31  403.2 117990.
198  3 17 01 0.97 169.71 307.54 -3.42 1670    4.92   400.2  121950.  -1.69  -6.72  -3.13   0.28   -5.65  0.20  0.21  0.18  -1.00   -1.0        -1.   4.51  398.8 122704.
198  3 18 22 0.97 169.71 307.53 -3.42 1670    4.27   400.6  100173.  -1.90  -6.87  -3.25   0.57   -5.61  0.08  0.20  0.16  -1.00   -1.0        -1.   4.26  402.1 114388.
198  3 19 43 0.97 169.71 307.51 -3.42 1670    4.47   397.8  119248.  -1.43  -7.09  -3.20  -0.68   -5.49  0.19  0.81  0.21  -1.00   -1.0        -1.   4.22  397.2 118273.
198  3 21 04 0.97 169.71 307.50 -3.42 1670    4.55   399.3  105224.  -2.09  -6.86  -3.16  -1.29   -5.38  0.37  0.90  0.27  -1.00   -1.0        -1.   4.23  398.1 100199.
198  3 22 25 0.97 169.71 307.49 -3.42 1670    4.39   401.0  114456.  -1.43  -6.40  -3.57   0.24   -5.13  0.26  0.26  0.18  -1.00   -1.0        -1.   4.14  400.4 103889.
198  3 23 46 0.97 169.71 307.47 -3.42 1670    4.49   395.9  151690.  -1.61  -6.61  -3.84   0.99   -4.85  0.20  0.10  0.18  -1.00   -1.0        -1.   4.20  396.7 127908.
198  3 25 07 0.97 169.71 307.46 -3.42 1670    4.49   389.5  135373.  -0.30  -5.29  -3.70   0.68   -5.09  0.16  0.24  0.12  -1.00   -1.0        -1.   4.07  390.4 121375.
198  3 26 28 0.97 169.71 307.45 -3.42 1670    4.34   389.3  121947.  -1.53  -6.11  -2.99   3.42   -4.55  0.22  0.14  0.18  -1.00   -1.0        -1.   4.12  391.7 105880.
198  3 27 49 0.97 169.71 307.44 -3.42 1670    4.02   398.9  114057.   0.00  -5.07  -3.08  -0.31   -5.45  0.12  0.25  0.16  -1.00   -1.0        -1.   3.80  401.1 101303.
198  3 29 10 0.97 169.71 307.43 -3.42 1670    4.28   400.1  105698.  -2.81  -6.56  -3.60   0.65   -5.13  0.14  0.23  0.00  -1.00   -1.0        -1.   4.15  402.0 115297.
198  3 30 31 0.97 169.71 307.41 -3.42 1670    4.54   395.8  133765.  -1.76  -7.08  -3.38   0.56   -4.97  0.15  0.14  0.20  -1.00   -1.0        -1.   4.08  395.0 120199.
198  3 31 52 0.97 169.71 307.40 -3.42 1670    4.79   394.9  119001.  -1.09  -6.72  -3.39   0.72   -4.95  0.14  0.29  0.18  -1.00   -1.0        -1.   4.21  398.9 124825.
198  3 33 13 0.97 169.71 307.39 -3.42 1670    4.60   395.1  126888.  -1.32  -5.74  -3.47   1.18   -4.98  0.29  0.38  0.25  -1.00   -1.0        -1.   4.03  394.4 122275.
198  3 34 34 0.97 169.71 307.37 -3.42 1670    4.09   390.9  112267.  -0.82  -6.32  -3.73   1.07   -4.96  0.23  0.15  0.23  -1.00   -1.0        -1.   3.98  391.5 104578.
198  3 35 55 0.97 169.71 307.36 -3.42 1670    4.65   390.9  126134.  -0.44  -5.11  -4.21   2.13   -4.11  0.24  0.19  0.17  -1.00   -1.0        -1.   4.27  392.2 112494.
198  3 37 16 0.97 169.68 307.32 -3.52 1671   -1.00    -1.0      -1.  -1.00  -1.00  -4.33   1.64   -4.55  0.21  0.53  0.18  -1.00   -1.0        -1.  -1.00   -1.0     -1.
198  3 38 30 0.97 169.71 307.34 -3.42 1670    4.11   384.1  117549.  -2.14  -4.58  -4.56   0.24   -4.42  0.17  0.28  0.16  -1.00   -1.0        -1.   3.61  383.6 102034.
198  3 38 37 0.97 169.71 307.34 -3.42 1670    4.34   389.8  128444.  -2.08  -5.86  -4.36   0.50   -4.47  0.34  0.60  0.20  -1.00   -1.0        -1.   4.06  390.7 122298.
198  3 39 58 0.97 169.71 307.32 -3.42 1670    4.54   394.1  116197.  -1.58  -6.43  -3.88   0.83   -4.70  0.22  0.36  0.13  -1.00   -1.0        -1.   4.04  394.5 100868.
198  3 41 19 0.97 169.71 307.31 -3.42 1670    4.64   395.8  123136.  -1.07  -6.55  -3.82   0.73   -4.73  0.19  0.24  0.00  -1.00   -1.0        -1.   4.24  394.4 120089.
198  3 42 40 0.97 169.71 307.30 -3.42 1670    4.00   394.4  101813.  -1.19  -6.10  -3.87   1.01   -4.60  0.24  0.60  0.21  -1.00   -1.0        -1.   3.91  395.8  96811.
198  3 44 01 0.97 169.71 307.29 -3.42 1670   -1.00    -1.0      -1.  -1.00  -1.00  -2.66   3.53   -4.46  0.17  0.17  0.12  -1.00   -1.0        -1.   4.09  396.2 112575.
198  3 45 22 0.97 169.71 307.27 -3.42 1670    4.33   399.8   97912.  -0.55  -6.33  -2.62   2.02   -5.04  0.57  0.71  0.20  -1.00   -1.0        -1.   3.90  399.1  95329.
198  3 46 43 0.97 169.71 307.26 -3.42 1670    4.48   395.1  125225.  -0.26  -5.79  -3.09   2.78   -4.43  0.18  0.67  0.31  -1.00   -1.0        -1.   4.22  394.0 111432.
198  3 48 04 0.97 169.71 307.25 -3.42 1670    4.54   396.9   96635.   1.19  -5.82  -2.92   3.54   -4.26  0.23  0.17  0.20  -1.00   -1.0        -1.   3.99  397.4  94235.
198  3 49 25 0.97 169.71 307.24 -3.42 1670    4.77   398.4  118013.  -0.14  -5.63  -3.18   3.36   -3.99  0.21  0.27  0.22  -1.00   -1.0        -1.   4.28  398.0 110711.
198  3 50 46 0.97 169.71 307.22 -3.42 1670    4.60   392.4  120677.  -0.11  -5.53  -3.38   3.51   -4.07  0.14  0.18  0.12  -1.00   -1.0        -1.   4.05  395.4 104821.
198  3 52 07 0.97 169.71 307.21 -3.42 1670    4.17   396.0  128577.  -0.82  -6.06  -3.69   3.07   -4.19  0.24  0.40  0.26  -1.00   -1.0        -1.   3.83  396.3 112754.
198  3 53 28 0.97 169.71 307.20 -3.42 1670    4.33   400.2  127976.  -0.75  -6.02  -3.71   2.76   -4.11  0.47  0.43  0.16  -1.00   -1.0        -1.   3.93  397.7 118335.
198  3 54 49 0.97 169.71 307.18 -3.42 1670    4.05   402.8   92890.   0.03  -6.10  -4.16   2.30   -3.91  0.61  0.63  0.46  -1.00   -1.0        -1.   3.75  402.0 102229.
198  3 56 10 0.97 169.71 307.17 -3.42 1670    4.52   390.3  111601.  -0.70  -5.20  -4.79   2.07   -3.18  0.18  0.22  0.05  -1.00   -1.0        -1.   4.07  389.6  96885.
198  3 57 31 0.97 169.71 307.16 -3.42 1670    4.44   387.4  128239.  -1.29  -4.32  -5.35   1.85   -2.67  0.15  0.12  0.24  -1.00   -1.0        -1.   4.18  386.6 115616.
198  3 58 52 0.97 169.71 307.15 -3.42 1670    4.53   387.4  124608.  -0.84  -6.21  -4.09   2.15   -4.30  0.15  0.21  0.19  -1.00   -1.0        -1.   3.97  390.4 107131.
198  4 00 13 0.97 169.71 307.13 -3.42 1670    4.43   394.4   89495.  -0.95  -6.77  -2.35   1.32   -5.79  0.37  0.16  0.20  -1.00   -1.0        -1.   4.14  394.8  99789.
198  4 01 34 0.97 169.71 307.12 -3.42 1670    4.69   399.8   92623.  -0.70  -7.42  -1.59   1.00   -5.82  0.61  0.26  0.19  -1.00   -1.0        -1.   4.30  399.5  90843.
198  4 02 55 0.97 169.71 307.11 -3.42 1670    4.53   394.0  120826.  -0.50  -6.47  -4.62   1.31   -3.47  0.27  0.36  0.24  -1.00   -1.0        -1.   4.30  391.8 104012.
198  4 04 16 0.97 169.71 307.10 -3.42 1670    4.66   380.6  115138.  -0.80  -4.43  -4.66   0.65   -3.90  0.15  0.19  0.20  -1.00   -1.0        -1.   4.19  379.0 109580.
198  4 05 37 0.97 169.71 307.08 -3.42 1670    4.41   388.6  130832.  -1.34  -5.27  -4.69   0.87   -3.51  0.17  0.24  0.12  -1.00   -1.0        -1.   4.24  386.8 124725.
198  4 06 58 0.97 169.71 307.07 -3.42 1670    4.78   385.2  122408.  -1.88  -6.00  -4.30   0.88   -3.95  0.17  0.27  0.18  -1.00   -1.0        -1.   4.38  383.3 109788.
198  4 08 19 0.97 169.71 307.06 -3.42 1670    4.80   390.9  123766.  -1.18  -6.05  -4.61   0.57   -3.83  0.13  0.20  0.18  -1.00   -1.0        -1.   4.20  392.5 119855.
198  4 09 40 0.97 169.70 307.04 -3.42 1670    4.09   391.0  103252.  -1.56  -6.40  -4.87   0.14   -3.74  0.22  0.44  0.20  -1.00   -1.0        -1.   3.96  387.7 101881.
198  4 11 01 0.97 169.70 307.03 -3.42 1670    4.43   387.2  129665.  -1.58  -5.51  -5.24  -0.83   -3.23  0.09  0.17  0.30  -1.00   -1.0        -1.   4.13  389.3 120625.
198  4 12 22 0.97 169.70 307.02 -3.42 1670    4.09   382.7  120268.  -3.65  -5.73  -4.97  -0.55   -3.35  0.14  0.55  0.20  -1.00   -1.0        -1.   4.02  385.4 101274.
198  4 13 43 0.97 169.70 307.01 -3.42 1670    4.37   387.7  132907.  -3.40  -5.57  -4.87   0.63   -3.51  0.35  0.23  0.33  -1.00   -1.0        -1.   4.06  388.2 118111.
198  4 15 04 0.97 169.70 307.00 -3.42 1670    4.53   388.8  150797.  -1.44  -5.53  -4.49   1.41   -3.43  0.50  0.28  0.40  -1.00   -1.0        -1.   4.02  390.7 129997.
198  4 16 25 0.97 169.70 306.98 -3.42 1670    4.35   395.9  120086.  -0.54  -6.15  -5.77   0.68   -1.73  0.32  0.48  0.63  -1.00   -1.0        -1.   3.99  398.1  96616.
198  4 17 44 0.97 169.70 306.97 -3.42 1670    5.01   388.1  151264.  -1.24  -4.13  -4.73   0.75   -3.43  0.34  0.24  0.25  -1.00   -1.0        -1.   4.38  388.3 137202.
198  4 19 05 0.97 169.70 306.96 -3.42 1670    4.28   394.3  121304.   0.00   0.00  -5.34   0.36   -2.52  0.20  0.35  0.19  -1.00   -1.0        -1.   3.92  392.8 117068.
198  4 20 26 0.97 169.70 306.95 -3.42 1670   -1.00    -1.0      -1.  -1.00  -1.00  -3.69  -1.20   -0.73  0.00  0.00  0.00  -1.00   -1.0        -1.  -1.00   -1.0     -1.
198  4 21 42 0.97 169.70 306.93 -3.42 1670    4.90   387.8  151657.  -6.00  -0.87  -5.29  -0.90   -0.75  0.00  0.00  0.00  -1.00   -1.0        -1.   4.34  389.8 131936.
198  4 31 10 0.97 169.67 306.82 -3.52 1671   -1.00    -1.0      -1.  -1.00  -1.00  -5.69   1.10   -1.55  0.00  0.00  0.00  -1.00   -1.0        -1.  -1.00   -1.0     -1.
198  5 48 06 0.97 169.69 306.13 -3.42 1670    3.92   406.0  141922.  -0.54   1.26  -3.17   3.07    2.74  0.00  0.00  0.00  -1.00   -1.0        -1.   3.66  404.4 133986.
198  5 53 17 0.97 169.66 306.04 -3.52 1671   -1.00    -1.0      -1.  -1.00  -1.00  -0.47   3.17    3.57  0.00  0.00  0.00  -1.00   -1.0        -1.  -1.00   -1.0     -1.
198  5 57 34 0.97 169.66 306.00 -3.52 1671   -1.00    -1.0      -1.  -1.00  -1.00  -0.97   2.97    3.16  0.00  0.00  0.00  -1.00   -1.0        -1.  -1.00   -1.0     -1.
198  6 31 12 0.97 169.68 305.72 -3.43 1670    3.96   421.8  122961.  -3.20  -0.41  -1.88   2.97    4.76  0.00  0.00  0.00  -1.00   -1.0        -1.   3.46  423.2 119745.
198  6 36 29 0.97 169.65 305.64 -3.53 1671   -1.00    -1.0      -1.  -1.00  -1.00  -1.58   3.67    3.96  0.00  0.00  0.00  -1.00   -1.0        -1.  -1.00   -1.0     -1.
198  7 14 24 0.97 169.67 305.31 -3.43 1670    3.91   411.9  104714.  -0.84  -0.69  -2.67   4.17    3.54  0.00  0.00  0.00  -1.00   -1.0        -1.   3.37  411.5 103200.
198  7 19 41 0.97 169.64 305.24 -3.53 1671   -1.00    -1.0      -1.  -1.00  -1.00  -2.57   3.27    3.54  0.00  0.00  0.00  -1.00   -1.0        -1.  -1.00   -1.0     -1.
198  7 57 36 0.97 169.67 304.91 -3.43 1670    4.14   417.0  138781.  -3.58  -1.20  -4.37   2.26    3.52  0.00  0.00  0.00  -1.00   -1.0        -1.   3.90  417.5 116763.
198  8 02 53 0.97 169.63 304.83 -3.53 1671   -1.00    -1.0      -1.  -1.00  -1.00  -5.07   2.56    2.72  0.00  0.00  0.00  -1.00   -1.0        -1.  -1.00   -1.0     -1.
198  8 40 48 0.97 169.66 304.51 -3.43 1670    4.27   408.9  107859.  -4.17  -1.25  -4.68   2.46    3.92  0.00  0.00  0.00  -1.00   -1.0        -1.   3.95  411.1 138329.
198  8 46 06 0.97 169.63 304.43 -3.53 1671   -1.00    -1.0      -1.  -1.00  -1.00  -3.86   4.26    1.52  0.00  0.00  0.00  -1.00   -1.0        -1.  -1.00   -1.0     -1.
198  9 24 00 0.97 169.65 304.10 -3.44 1670    4.48   412.8  112559.  -2.63  -0.20  -2.58   3.26    3.93  0.00  0.00  0.00  -1.00   -1.0        -1.   3.76  415.4  97785.
198  9 29 18 0.97 169.62 304.02 -3.54 1671   -1.00    -1.0      -1.  -1.00  -1.00  -2.97   3.36    3.13  0.00  0.00  0.00  -1.00   -1.0        -1.  -1.00   -1.0     -1.
198 10 07 12 0.97 169.64 303.70 -3.44 1670    4.12   401.5   99208.  -2.70  -2.16  -4.95   2.86    1.09  0.00  0.00  0.00  -1.00   -1.0        -1.   3.66  401.2  90590.
198 10 12 30 0.97 169.61 303.62 -3.54 1671   -1.00    -1.0      -1.  -1.00  -1.00  -4.55   2.76    1.09  0.00  0.00  0.00  -1.00   -1.0        -1.  -1.00   -1.0     -1.
198 10 50 24 0.97 169.64 303.29 -3.44 1670    4.25   402.0  127122.  -3.19  -1.44  -3.66   3.66    1.90  0.00  0.00  0.00  -1.00   -1.0        -1.   4.01  402.3 118312.
198 10 55 42 0.97 169.61 303.21 -3.54 1671   -1.00    -1.0      -1.  -1.00  -1.00  -3.87   3.36    2.70  0.00  0.00  0.00  -1.00   -1.0        -1.  -1.00   -1.0     -1.
198 11 33 36 0.97 169.63 302.89 -3.44 1670    3.60   408.4  120914.  -1.53   0.10  -2.27   3.96    3.50  0.00  0.00  0.00  -1.00   -1.0        -1.   3.30  409.5 100757.
198 11 38 54 0.97 169.60 302.81 -3.54 1671   -1.00    -1.0      -1.  -1.00  -1.00  -2.87   4.66    2.70  0.00  0.00  0.00  -1.00   -1.0        -1.  -1.00   -1.0     -1.
198 12 16 48 0.97 169.62 302.49 -3.45 1670    3.83   398.6   78005.  -2.36  -2.45  -3.74   4.56   -0.51  0.00  0.00  0.00  -1.00   -1.0        -1.   3.80  401.1 102814.
198 12 22 06 0.97 169.59 302.40 -3.55 1671   -1.00    -1.0      -1.  -1.00  -1.00  -3.24   4.76   -0.51  0.00  0.00  0.00  -1.00   -1.0        -1.  -1.00   -1.0     -1.
198 13 00 00 0.97 169.61 302.08 -3.45 1670    4.07   392.8  121411.  -2.78  -3.96  -5.34   3.06   -0.13  0.00  0.00  0.00  -1.00   -1.0        -1.   3.76  393.8 101475.
198 13 05 18 0.97 169.58 302.00 -3.55 1671   -1.00    -1.0      -1.  -1.00  -1.00  -5.34   3.06   -0.13  0.00  0.00  0.00  -1.00   -1.0        -1.  -1.00   -1.0     -1.
198 13 43 12 0.97 169.61 301.68 -3.45 1670    3.39   391.4  106592.  -1.63  -3.86  -3.03   4.16   -0.91  0.00  0.00  0.00  -1.00   -1.0        -1.   3.11  391.8  98838.
198 13 48 30 0.97 169.58 301.59 -3.55 1671   -1.00    -1.0      -1.  -1.00  -1.00  -3.73   3.66   -0.91  0.00  0.00  0.00  -1.00   -1.0        -1.  -1.00   -1.0     -1.
198 14 26 24 0.97 169.60 301.27 -3.45 1670    4.07   396.5  114008.  -2.07  -1.45  -2.97   3.36    2.70  0.00  0.00  0.00  -1.00   -1.0        -1.   3.77  396.7 110607.
198 14 30 36 0.97 169.57 301.20 -3.55 1671   -1.00    -1.0      -1.  -1.00  -1.00  -2.27   3.96    2.70  0.00  0.00  0.00  -1.00   -1.0        -1.  -1.00   -1.0     -1.
198 15 09 34 0.97 169.59 300.87 -3.46 1670    3.79   392.3  129795.  -2.47  -4.99  -4.92   1.06   -2.42  0.00  0.00  0.00  -1.00   -1.0        -1.   3.54  392.7 106942.
198 15 13 48 0.97 169.56 300.80 -3.56 1671   -1.00    -1.0      -1.  -1.00  -1.00  -4.72   1.36   -2.42  0.00  0.00  0.00  -1.00   -1.0        -1.  -1.00   -1.0     -1.
198 15 52 46 0.97 169.58 300.46 -3.46 1670    3.79   379.5   89372.   0.00   0.00  -4.65   3.66    0.28  0.00  0.00  0.00  -1.00   -1.0        -1.   3.40  378.3  80230.
198 15 57 00 0.97 169.55 300.39 -3.56 1671   -1.00    -1.0      -1.  -1.00  -1.00  -5.34   3.06   -0.13  0.00  0.00  0.00  -1.00   -1.0        -1.  -1.00   -1.0     -1.
198 16 40 12 0.97 169.55 299.99 -3.56 1671   -1.00    -1.0      -1.  -1.00  -1.00  -6.65   1.96    0.76  0.00  0.00  0.00  -1.00   -1.0        -1.  -1.00   -1.0     -1.
198 17 23 24 0.97 169.54 299.58 -3.56 1671   -1.00    -1.0      -1.  -1.00  -1.00  -5.65   4.79   -0.68  0.00  0.00  0.00  -1.00   -1.0        -1.  -1.00   -1.0     -1.
