105  0:29:17 0.44   2.18 291.89 -5.43 1667  -1.00    -1.0     -1. -1.00 -1.00   8.84  -0.55  -3.80 0.00 0.00 0.00 -1.00  -1.0     -1. -1.00  -1.0     -1.
105  1:19:41 0.44   2.26 291.51 -5.42 1667  63.53   364.5 112234.  2.04 -2.02  -5.56   4.59  -3.80 0.00 0.00 0.00 -1.00  -1.0     -1. 51.28 362.9 102638.
105  1:30:29 0.44   2.28 291.43 -5.42 1667  70.20   360.6 115440.  2.79 -2.89  -5.71   4.64  -4.00 0.15 0.05 0.20 -1.00  -1.0     -1. 56.61 357.1 117467.
105  1:41:17 0.44   2.30 291.35 -5.42 1667  57.49   370.2 138807.  2.56 -2.52 -15.34   9.86  -2.94 0.19 0.05 0.19 -1.00  -1.0     -1. 47.44 368.9 154617.
105  1:52:05 0.44   2.32 291.27 -5.42 1667  36.61   332.4 140074.  5.77 -3.22 -20.75  11.13  -2.31 0.25 0.12 0.00 -1.00  -1.0     -1. 30.48 326.8 127362.
105  2:46:05 0.44   2.41 290.87 -5.41 1667  36.16   321.4 210178.  4.76 -1.38 -22.41  12.25  -0.32 0.00 0.00 0.00 -1.00  -1.0     -1. 29.18 317.7 202087.
105  2:56:53 0.44   2.43 290.79 -5.40 1667  35.96   324.6 225261.  6.74 -1.59 -22.41  12.25  -0.12 0.00 0.00 0.20 -1.00  -1.0     -1. 29.67 319.5 221441.
105  3:07:41 0.44   2.45 290.70 -5.40 1667  35.66   337.6 149913.  8.39  2.76 -19.15  14.85   9.21 0.24 0.29 0.98 -1.00  -1.0     -1. 29.31 330.6 135276.
105  3:18:29 0.44   2.47 290.63 -5.40 1667  35.21   322.3 206755.  3.57  1.86 -23.77   7.79   7.37 0.14 0.05 0.33  6.05 285.9 156277. 26.12 304.9  58073.
105  4:12:29 0.44   2.56 290.22 -5.39 1667  32.41   317.8  71349.  8.54  2.12 -25.59   3.93  -3.33 0.00 0.00 0.00 -1.00  -1.0     -1. 27.85 309.3  67607.
105  4:23:17 0.44   2.58 290.14 -5.39 1667  32.78   303.5  65417.  5.87 -6.69 -25.86   3.63  -2.93 0.21 0.29 0.32 -1.00  -1.0     -1. 26.04 298.5  60295.
105  4:34:05 0.44   2.60 290.07 -5.39 1667  32.89   320.3 105948.  5.07  4.42 -23.51   6.13  10.85 0.21 0.45 0.19 -1.00  -1.0     -1. 27.72 313.6  99747.
105  4:44:53 0.44   2.62 289.98 -5.38 1667  34.20   330.5 119293.  3.37  6.58 -19.95   3.78  16.68 0.08 0.54 0.33 -1.00  -1.0     -1. 28.86 325.5 114174.
105  5:38:53 0.44   2.71 289.58 -5.37 1667  34.41   326.2 110769.  1.80  6.60 -17.28  -3.28  19.64 0.00 0.00 0.00 -1.00  -1.0     -1. 29.84 326.2 144245.
105  5:49:41 0.44   2.73 289.50 -5.37 1667  34.34   336.7 108138. -0.49  2.03 -17.31  -2.41  19.64 0.12 0.62 0.00 -1.00  -1.0     -1. 28.83 335.6 104529.
105  6:00:29 0.44   2.75 289.42 -5.37 1667  38.32   349.6 112605. -6.65  0.92 -11.90 -17.55   9.05 0.57 0.41 0.50 -1.00  -1.0     -1. 31.95 353.1 113560.
105  6:11:17 0.43   2.77 289.34 -5.37 1667  37.72   323.0 137478. -4.86 -1.93 -23.47  -6.53   1.47 0.11 0.69 2.52 -1.00  -1.0     -1. 30.50 326.7 124851.
105  7:05:17 0.43   2.86 288.94 -5.35 1667  40.51   379.6 195044.  5.56  0.96   0.10   4.11  20.60 0.00 0.00 0.00 -1.00  -1.0     -1. 33.25 373.8 191782.
105  7:16:05 0.43   2.88 288.86 -5.35 1667  37.01   393.3 208450.  1.08  2.17  -1.53   4.31  19.95 2.23 0.51 0.91 -1.00  -1.0     -1. 30.43 391.8 207255.
105  7:26:53 0.43   2.90 288.78 -5.35 1667  39.31   367.4 259838.  5.08  1.15 -11.07   2.21  16.04 1.64 4.45 1.64 -1.00  -1.0     -1. 33.32 364.9 285163.
105  7:37:41 0.43   2.92 288.70 -5.35 1667  37.13   354.8 228240.  8.33  1.60 -15.50  16.52   7.04 0.29 0.25 0.19 -1.00  -1.0     -1. 30.39 351.3 246483.
105  8:31:41 0.43   3.01 288.30 -5.34 1667  39.07   357.8 237771. -4.27  4.73 -21.00  11.41   6.14 0.00 0.00 0.00 -1.00  -1.0     -1. 31.64 361.0 219687.
105  8:42:29 0.43   3.03 288.22 -5.33 1667  39.32   356.7 291390.  3.78 -0.13 -20.14  12.08   6.78 0.69 0.87 0.97 -1.00  -1.0     -1. 32.57 352.9 287014.
105  8:53:17 0.43   3.05 288.14 -5.33 1667  37.11   381.0 217029. 10.55 -4.64 -10.08  19.54  -8.47 0.58 0.25 0.65  0.16 462.4 302834. 31.06 373.1 248127.
105  9:04:05 0.43   3.07 288.06 -5.33 1667  36.11   368.8 289990.  6.05  1.84 -12.53   9.25  13.88 0.82 1.09 0.23  0.04 513.4 129652. 29.13 364.5 262713.
105  9:37:03 0.43   3.13 287.81 -5.32 1667  33.13   354.0 188537.  0.00  0.00 -21.37  12.32   1.95 0.00 0.00 0.00 -1.00  -1.0     -1. -1.00  -1.0     -1.
105  9:47:51 0.43   3.15 287.73 -5.32 1667  36.49   345.6 229442.  7.33 -1.33   0.00   0.00   0.00 0.00 0.00 0.00 -1.00  -1.0     -1. 30.61 341.4 274323.
105  9:58:05 0.43   3.17 287.66 -5.32 1667  35.41   357.7 239457.  8.34  0.70 -17.29  15.77   3.23 0.39 0.37 0.19  0.10 478.4 348430. 28.98 349.5 235991.
105 10:08:21 0.43   3.10 287.50 -5.47 1667  -1.00    -1.0     -1. -1.00 -1.00 -16.94  17.02   6.52 0.72 0.78 1.09 -1.00  -1.0     -1. -1.00  -1.0     -1.
105 10:08:53 0.43   3.19 287.58 -5.32 1667  36.95   362.3 261394.  0.00  0.00 -16.87  17.55   4.78 0.53 0.34 0.15 -1.00  -1.0     -1. 30.26 360.8 250375.
105 10:22:36 0.43   3.21 287.48 -5.31 1667  -1.00    -1.0     -1. -1.00 -1.00 -17.11  17.43   3.86 0.49 0.51 0.49 -1.00  -1.0     -1. -1.00  -1.0     -1.
105 10:23:16 0.43   3.21 287.47 -5.31 1667  40.92   381.1 271474.  7.41 -6.12 -17.92  16.69   4.27 0.71 0.78 0.59 -1.00  -1.0     -1. 33.70 374.5 268284.
105 10:23:57 0.43   3.21 287.47 -5.31 1667  35.36   358.7 243732.  6.07  0.78 -15.81  18.79  -0.28 1.78 2.48 3.63 -1.00  -1.0     -1. 29.93 352.0 234610.
105 10:24:37 0.43   3.21 287.46 -5.31 1667  36.19   370.0 234929.  7.26 -1.25 -17.10  17.37   4.14 0.82 3.03 3.59 -1.00  -1.0     -1. 29.13 363.4 239343.
105 10:24:56 0.43   3.21 287.46 -5.31 1667  33.29   375.1 263011.  0.00  0.00 -17.38  16.22   8.14 0.84 2.60 1.75 -1.00  -1.0     -1. -1.00  -1.0     -1.
105 10:25:39 0.43   3.22 287.45 -5.31 1667  37.25   370.1 247195.  8.12  1.36 -15.23  17.26   6.98 0.72 1.15 1.43 -1.00  -1.0     -1. 30.64 361.9 250830.
105 10:26:17 0.43   3.22 287.45 -5.31 1667  34.93   367.1 230475.  6.40  6.27 -15.34  13.99  12.42 0.61 1.39 0.86 -1.00  -1.0     -1. 27.77 361.0 214112.
105 10:26:57 0.43   3.22 287.44 -5.31 1667  34.28   364.7 202785.  5.03  1.33 -15.22  14.45  11.35 0.91 2.34 2.31 -1.00  -1.0     -1. 28.20 361.3 232733.
105 10:27:38 0.43   3.22 287.44 -5.31 1667  36.25   364.6 242163.  5.81 -0.36 -16.22  12.56  11.94 0.58 3.12 3.02 -1.00  -1.0     -1. 29.45 360.1 221902.
105 10:28:18 0.43   3.22 287.44 -5.31 1667  34.72   363.9 278091.  6.58  2.92 -10.34   7.46  17.68 5.40 6.04 7.32 -1.00  -1.0     -1. 30.32 360.8 328185.
105 10:28:59 0.43   3.22 287.43 -5.31 1667  32.72   399.2 223910.  0.00  0.00  -6.10   5.14  23.04 1.33 1.17 0.84 -1.00  -1.0     -1. 28.28 395.6 220613.
105 10:29:39 0.43   3.22 287.43 -5.31 1667  34.13   410.8 215490.  2.61  4.47  -4.57   8.11  22.54 1.62 1.49 0.95 -1.00  -1.0     -1. 28.39 407.0 216549.
105 10:30:20 0.43   3.23 287.42 -5.31 1667  35.73   386.8 260016.  2.51  4.28 -10.36   7.25  20.38 0.71 2.17 1.83 -1.00  -1.0     -1. 30.03 383.3 259100.
105 10:31:00 0.43   3.23 287.41 -5.31 1667  32.79   372.2 231245.  3.46  2.97 -14.59  10.71  15.69 2.67 1.84 2.78 -1.00  -1.0     -1. 28.21 367.6 237037.
105 10:31:41 0.43   3.23 287.41 -5.31 1667  32.73   367.6 239658.  5.67  1.17 -14.93  13.29  14.17 1.52 1.70 1.54 -1.00  -1.0     -1. 25.96 363.4 219466.
105 10:32:21 0.43   3.23 287.40 -5.31 1667  36.22   366.5 257440.  5.19  0.78 -18.05  12.56  12.65 1.49 3.10 2.40  0.12 481.5 489257. 30.74 360.2 244463.
105 10:33:02 0.43   3.23 287.40 -5.31 1667  35.67   361.4 244674.  5.86  5.24 -18.81  14.00  11.07 1.39 2.03 1.83 -1.00  -1.0     -1. 29.49 355.5 233249.
105 10:33:42 0.43   3.23 287.39 -5.31 1667  33.99   352.6 206868.  2.43  6.45 -20.27  13.50   8.91 0.76 2.07 1.57 -1.00  -1.0     -1. 29.54 351.3 242553.
105 10:34:23 0.43   3.23 287.39 -5.31 1667  37.40   361.0 236296.  6.20  1.91 -18.08  18.46   4.35 0.89 1.56 1.51 -1.00  -1.0     -1. 31.22 354.6 236842.
105 10:35:03 0.43   3.23 287.39 -5.31 1667  35.06   362.4 238226.  6.97  0.57 -17.16  19.40   3.82 1.26 1.03 0.89 -1.00  -1.0     -1. 29.52 355.5 240357.
105 10:35:44 0.43   3.23 287.38 -5.31 1667  35.11   360.3 226210.  7.26  0.52 -17.95  18.65   1.03 1.21 2.04 1.63  0.09 512.9 350405. 28.97 353.0 219063.
105 10:36:24 0.43   3.24 287.38 -5.31 1667  36.90   365.0 250482.  7.07  1.99 -18.11  17.93   3.98 1.21 1.90 1.44  0.10 482.2 391257. 30.55 357.5 240376.
105 10:37:05 0.43   3.24 287.37 -5.31 1667  39.23   360.4 250005.  6.75  2.38 -18.00  17.59   3.17 1.02 2.31 4.57 -1.00  -1.0     -1. 31.84 353.9 248234.
105 10:37:45 0.43   3.24 287.37 -5.31 1667  42.64   370.2 272078.  8.36 -0.50 -15.37  19.73   1.07 1.42 1.75 2.63 -1.00  -1.0     -1. 34.65 361.5 266802.
105 10:38:26 0.43   3.24 287.36 -5.31 1667  39.04   358.0 236179.  9.29  2.32 -16.29  19.01   2.08 1.93 2.14 1.73 -1.00  -1.0     -1. 31.83 347.9 231576.
105 10:39:06 0.43   3.24 287.35 -5.31 1667  31.52   370.1 216812.  8.17 -0.14 -16.87  18.50   1.07 3.42 2.85 1.68 -1.00  -1.0     -1. 25.58 363.9 200680.
105 10:39:47 0.43   3.24 287.35 -5.31 1667  37.46   356.4 231440.  7.52 -0.52 -19.78  15.95   0.04 1.39 2.14 2.13 -1.00  -1.0     -1. 31.13 349.4 225544.
105 10:40:27 0.43   3.24 287.34 -5.31 1667  36.91   352.3 196892.  5.40 -2.64 -20.69  14.58  -4.71 0.83 1.05 1.83 -1.00  -1.0     -1. 31.15 346.1 195297.
105 10:41:08 0.43   3.24 287.34 -5.31 1667  36.17   354.5 238794.  5.89 -4.14 -20.40  13.03  -7.89 0.72 2.20 2.46 -1.00  -1.0     -1. 30.76 348.7 228627.
105 10:41:48 0.43   3.24 287.33 -5.31 1667  37.68   357.8 248095.  2.99 -7.43 -19.67   9.32 -12.29 0.71 1.59 1.59 -1.00  -1.0     -1. 31.30 353.6 246210.
105 10:42:29 0.43   3.25 287.33 -5.31 1667  38.83   360.0 247708.  3.96 -7.09 -19.06  10.60 -11.08 0.65 3.38 3.94  0.07 497.7 462373. 32.77 356.1 236309.
105 10:43:09 0.43   3.25 287.33 -5.31 1667  40.36   354.9 250070.  2.04 -7.33 -21.20   8.21  -8.74 1.66 3.51 3.88 -1.00  -1.0     -1. 33.26 352.1 243810.
105 10:43:50 0.43   3.25 287.32 -5.31 1667  39.22   346.0 225956.  4.12  0.00 -20.64  14.22   0.76 1.88 2.73 2.39 -1.00  -1.0     -1. 32.69 341.2 218040.
105 10:44:30 0.43   3.25 287.32 -5.31 1667  35.62   360.2 244739.  7.27 -0.46 -20.81  13.83   3.16 1.67 2.89 2.33  0.09 494.0 443077. 29.14 352.0 243349.
105 10:45:11 0.43   3.25 287.31 -5.31 1667  37.21   349.6 232177.  0.00  2.08 -21.24  12.45   6.08 0.63 1.03 1.17 -1.00  -1.0     -1. 30.96 347.4 225193.
105 10:45:51 0.43   3.25 287.31 -5.31 1667  35.88   353.5 206852.  4.98  4.48 -21.61  12.36   3.38 0.98 2.01 3.66 -1.00  -1.0     -1. 30.39 350.5 237647.
105 10:46:32 0.43   3.25 287.30 -5.31 1667  39.27   354.0 249423.  4.88  1.19 -20.65  14.18   1.94 1.24 2.44 1.99 -1.00  -1.0     -1. 33.06 348.9 243014.
105 10:47:12 0.43   3.26 287.29 -5.31 1667  37.41   369.6 239866.  9.18 -1.41 -18.05  16.77  -1.53 2.58 3.37 2.68 -1.00  -1.0     -1. 30.67 359.7 232788.
105 10:47:53 0.43   3.26 287.29 -5.31 1667  37.33   344.6 232466.  0.00  1.09 -21.49  11.75  -1.88 1.89 2.26 4.15 -1.00  -1.0     -1. 31.75 342.5 225040.
105 10:48:33 0.43   3.26 287.28 -5.31 1667  41.49   367.6 248920.  5.48  0.00 -16.30  10.08 -15.05 3.06 3.13 3.11 -1.00  -1.0     -1. 35.12 361.9 253156.
105 10:49:14 0.43   3.26 287.28 -5.31 1667  39.84   363.4 244489.  4.71 -6.95 -16.16  12.57 -13.82 1.89 1.47 2.24 -1.00  -1.0     -1. 33.21 358.5 246477.
105 10:49:54 0.43   3.26 287.27 -5.31 1667  37.02   367.1 236039.  3.78 -8.96 -15.12  13.31 -14.40 1.47 2.12 2.19 -1.00  -1.0     -1. 30.91 362.8 234925.
105 10:50:35 0.43   3.26 287.27 -5.31 1667  37.51   361.3 246204.  6.53 -5.84 -17.14  15.21  -9.95 1.11 1.88 2.26 -1.00  -1.0     -1. 31.51 354.5 242309.
105 10:51:15 0.43   3.26 287.27 -5.31 1667  39.60   362.3 216393.  7.07 -3.45 -16.11  16.55  -9.14 1.43 2.25 2.86 -1.00  -1.0     -1. 33.77 357.7 238564.
105 10:51:56 0.43   3.26 287.26 -5.31 1667  38.37   361.7 244261.  7.03 -1.21 -17.14  15.05  -3.84 1.97 4.32 6.39 -1.00  -1.0     -1. 31.48 354.3 240516.
105 10:52:36 0.43   3.26 287.26 -5.31 1667  32.72   378.4 233015.  6.98  7.60 -14.10  14.77  13.24 2.22 3.09 2.12 -1.00  -1.0     -1. 27.58 370.9 228207.
105 10:53:17 0.43   3.27 287.25 -5.31 1667  39.12   367.5 255179.  4.37  2.44 -16.93  12.78  11.85 1.38 3.11 3.32 -1.00  -1.0     -1. 33.08 364.2 285712.
105 10:53:57 0.43   3.27 287.25 -5.31 1667  40.64   368.8 257703.  9.48  0.00 -15.59  19.28  -0.27 1.42 1.81 1.63 -1.00  -1.0     -1. 33.51 359.7 260244.
105 10:54:38 0.43   3.27 287.24 -5.31 1667  42.30   370.4 270311.  9.88  0.46 -14.67  19.95  -0.08 1.83 2.75 2.11 -1.00  -1.0     -1. 35.23 363.1 292007.
105 10:55:18 0.43   3.27 287.23 -5.31 1667  39.06   369.2 260510.  7.58  3.66 -16.72  18.20   3.12 1.98 2.50 2.21  0.07 522.1 387606. 32.47 361.8 254816.
105 10:55:59 0.43   3.27 287.23 -5.31 1667  40.27   347.8 237011.  4.62 -1.01 -19.37  15.52  -3.08 1.63 2.61 2.69 -1.00  -1.0     -1. 33.72 343.3 234860.
105 10:56:39 0.43   3.27 287.22 -5.31 1667  38.76   362.8 246571.  6.78 -4.85 -17.58  14.43 -10.41 1.20 1.39 1.88 -1.00  -1.0     -1. 32.26 355.2 246474.
105 10:57:20 0.43   3.27 287.22 -5.31 1667  40.13   342.4 187702.  3.85  1.64 -20.49  12.10  -4.56 1.67 3.26 5.05 -1.00  -1.0     -1. 34.24 340.8 217887.
105 10:58:00 0.43   3.27 287.22 -5.31 1667  37.89   347.2 220148.  3.51 -4.24 -18.53  10.87 -11.25 2.20 3.84 4.58 -1.00  -1.0     -1. 31.87 343.9 200794.
105 10:58:41 0.43   3.27 287.21 -5.31 1667  39.79   390.1 260698.  8.50 -2.56 -10.00  22.29  -4.76 1.68 1.14 1.09 -1.00  -1.0     -1. 32.57 382.0 258376.
105 10:59:21 0.43   3.28 287.21 -5.31 1667  40.66   385.3 249631.  7.64 -4.71 -13.36  18.22  -9.67 3.65 2.92 1.69 -1.00  -1.0     -1. 32.85 380.0 227122.
105 11:00:02 0.43   3.28 287.20 -5.31 1667  41.71   356.0 249085.  4.04 -7.94 -16.69  13.18 -12.29 1.98 2.25 2.79 -1.00  -1.0     -1. 34.02 352.1 240405.
105 11:00:42 0.43   3.28 287.20 -5.31 1667  36.71   359.4 206729.  6.79  0.00 -17.00  14.60  -9.98 1.56 3.07 3.49 -1.00  -1.0     -1. 32.52 353.7 232226.
105 11:01:23 0.43   3.28 287.19 -5.30 1667  39.00   366.0 236995.  5.18 -6.25 -15.99  15.45 -10.95 0.93 1.97 1.96 -1.00  -1.0     -1. 31.77 363.4 217072.
105 11:02:03 0.43   3.28 287.19 -5.30 1667  40.95   371.6 252126.  5.53 -6.72 -14.14  14.03 -14.78 1.68 3.40 4.30 -1.00  -1.0     -1. 33.06 366.6 245350.
105 11:02:44 0.43   3.28 287.18 -5.30 1667  36.21   376.8 219199.  3.46 -9.27 -11.85   7.93 -21.69 1.92 1.61 1.48 -1.00  -1.0     -1. 30.42 372.9 212069.
105 11:03:24 0.43   3.28 287.17 -5.30 1667  36.13   375.4 240889.  4.24 -9.64 -12.00   7.23 -21.75 1.09 2.56 2.25 -1.00  -1.0     -1. 30.19 370.6 236332.
105 11:04:05 0.43   3.29 287.17 -5.30 1667  36.92   393.4 230228.  0.00-10.62  -7.83   1.16 -24.59 1.08 0.72 1.10 -1.00  -1.0     -1. 31.67 391.2 228883.
105 11:04:45 0.43   3.29 287.16 -5.30 1667  34.26   389.0 204487. -0.51-10.93  -9.12   1.76 -24.28 1.18 1.17 0.96 -1.00  -1.0     -1. 28.46 386.2 207330.
105 11:05:25 0.43   3.29 287.16 -5.30 1667  31.97   390.0 159743.  0.25-11.15 -13.75  11.56 -14.53 4.69 7.36 7.02 -1.00  -1.0     -1. 27.44 389.4 182310.
105 11:06:06 0.43   3.29 287.16 -5.30 1667  38.84   364.3 239798.  0.00  0.00 -14.56  18.80  -8.65 3.64 1.79 5.09 -1.00  -1.0     -1. 32.70 362.3 233548.
105 11:23:48 0.43   3.32 287.02 -5.30 1667  38.22   391.2 232463.  5.76 -8.54   0.00   0.00   0.00 0.00 0.00 0.00 -1.00  -1.0     -1. 32.08 384.8 228672.
105 11:24:28 0.43   3.32 287.02 -5.30 1667  40.30   390.3 255332.  5.04 -8.36  -9.10  16.86 -17.29 1.50 1.28 1.52 -1.00  -1.0     -1. 33.58 386.1 253942.
105 11:25:09 0.43   3.32 287.01 -5.30 1667  39.68   392.3 223975.  5.35 -8.78  -7.34  17.03 -18.07 1.73 0.94 1.29  0.07 484.2 331759. 32.65 386.2 222714.
105 11:25:49 0.43   3.32 287.01 -5.30 1667  39.21   393.3 233951.  6.29 -7.58  -8.33  16.63 -18.01 1.39 1.37 1.07 -1.00  -1.0     -1. 31.67 387.1 236943.
105 11:26:30 0.43   3.32 287.00 -5.30 1667  34.43   383.2 166847.  4.99 -9.23 -12.07  16.70 -14.36 3.38 3.70 4.46 -1.00  -1.0     -1. 28.88 378.5 184724.
105 11:27:11 0.43   3.33 287.00 -5.30 1667  37.67   381.0 204942.  5.69 -7.44 -13.06  15.82 -12.64 2.15 3.39 4.27 -1.00  -1.0     -1. 31.08 374.8 203006.
105 11:27:51 0.43   3.33 286.99 -5.30 1667  38.92   372.6 232778.  7.79 -3.57 -13.88  18.77  -8.27 0.94 1.88 2.14 -1.00  -1.0     -1. 32.01 364.8 230732.
105 11:28:32 0.43   3.33 286.99 -5.30 1667  38.57   370.8 206300.  6.93 -5.89 -13.79  17.49 -10.77 0.82 1.42 1.66 -1.00  -1.0     -1. 32.29 363.7 204188.
105 11:29:12 0.43   3.33 286.99 -5.30 1667  39.12   371.1 200475.  6.10 -6.66 -12.35  17.31 -13.10 0.90 0.80 0.81  0.07 472.2 381707. 32.17 367.7 224062.
105 11:29:53 0.43   3.33 286.98 -5.30 1667  40.05   371.4 205075.  6.31 -5.43 -14.10  17.33 -10.83 0.83 1.23 0.89  0.06 450.9 133408. 32.36 364.5 204224.
105 11:30:33 0.43   3.33 286.98 -5.30 1667  35.60   366.9 181033.  6.73 -4.49 -15.26  17.53  -8.46 0.86 1.72 2.07 -1.00  -1.0     -1. 29.21 361.4 161201.
105 11:31:14 0.43   3.33 286.97 -5.30 1667  40.83   365.1 218436.  6.37 -5.01 -15.30  17.31  -9.51 0.54 0.92 0.79 -1.00  -1.0     -1. 32.50 360.6 208272.
105 11:31:54 0.43   3.33 286.96 -5.30 1667  40.85   362.0 213524.  3.42 -8.31 -16.75  12.34 -13.16 1.06 2.47 2.74 -1.00  -1.0     -1. 34.59 360.8 232996.
105 11:32:35 0.43   3.34 286.96 -5.30 1667  38.51   385.4 232762.  0.00  0.00 -16.86  15.12  -9.89 2.50 2.73 2.10  0.06 522.0 257356. -1.00  -1.0     -1.
105 11:33:18 0.43   3.34 286.95 -5.30 1667  46.42   363.2 259597.  5.39 -5.55 -17.33  16.16  -9.06 2.99 3.37 2.90 -1.00  -1.0     -1. 39.24 358.9 257739.
105 11:33:56 0.43   3.34 286.95 -5.30 1667  39.30   377.2 206738.  7.41 -3.44 -16.32  18.98  -3.87 2.65 2.85 3.79 -1.00  -1.0     -1. 32.37 369.5 210091.
105 11:34:36 0.43   3.34 286.94 -5.30 1667  40.51   353.5 191393.  5.33  0.42 -19.85  15.83  -3.31 2.09 1.66 3.69 -1.00  -1.0     -1. 33.67 348.0 188518.
105 11:35:17 0.43   3.34 286.94 -5.30 1667  39.69   355.2 217319.  4.46 -4.51 -19.39  15.75  -6.85 1.46 1.54 1.27  0.06 508.5 453108. 32.87 350.5 215938.
105 11:35:57 0.43   3.34 286.93 -5.30 1667  38.42   359.3 198575.  5.04 -4.30 -19.61  14.44  -8.06 1.72 2.11 1.76 -1.00  -1.0     -1. 31.92 353.3 193111.
105 11:36:38 0.43   3.34 286.93 -5.30 1667  39.87   348.3 212465.  0.00 -5.33 -22.90   7.10  -9.00 0.62 2.00 1.69 -1.00  -1.0     -1. 33.10 345.1 207612.
105 11:37:18 0.43   3.34 286.93 -5.30 1667  39.84   350.4 192906. -3.80 -6.56 -22.57  -0.77 -11.75 0.93 2.00 2.31 -1.00  -1.0     -1. 33.83 350.9 189028.
105 11:37:59 0.43   3.34 286.92 -5.30 1667  52.11   375.2 351344. -1.03 -8.28 -17.98   5.48 -15.85 4.11 4.44 3.35 -1.00  -1.0     -1. 43.30 376.3 334240.
105 11:38:39 0.43   3.35 286.92 -5.30 1667  41.49   358.5 250846. -8.54 -6.79 -21.80  -1.98 -10.72 2.19 5.58 3.37 -1.00  -1.0     -1. 34.98 362.6 247003.
105 11:39:20 0.43   3.35 286.91 -5.30 1667  40.97   347.8 220265.  0.68 -4.14 -21.52   2.42 -10.01 2.54 5.44 5.57 -1.00  -1.0     -1. 34.53 346.4 218225.
105 11:40:00 0.43   3.35 286.90 -5.30 1667  38.61   353.4 204637.  3.56 -2.71 -19.32  15.27  -4.61 1.35 5.09 4.56 -1.00  -1.0     -1. 33.45 348.9 198250.
105 11:40:41 0.43   3.35 286.90 -5.30 1667  41.13   361.4 204760.  5.48 -1.88 -18.73  17.86  -4.63 0.70 0.89 1.00  0.05 507.2 317673. 32.98 357.4 200024.
105 11:41:21 0.43   3.35 286.89 -5.30 1667  39.46   359.5 194303.  6.89 -3.82 -18.30  16.49  -8.28 0.99 1.27 1.98 -1.00  -1.0     -1. 32.78 353.5 191480.
105 11:42:02 0.43   3.35 286.89 -5.30 1667  42.05   354.7 216312.  4.11 -4.52 -18.06  18.44  -2.24 1.76 2.22 3.56  0.09 495.4 323533. 34.30 350.3 212615.
105 11:42:42 0.43   3.35 286.88 -5.30 1667  39.20   357.7 177155.  6.24  1.51 -19.39  17.60   1.10 0.77 1.49 2.54  0.06 491.6 244713. 32.29 351.4 176729.
105 11:43:23 0.43   3.35 286.88 -5.30 1667  45.67   361.1 235162.  6.02  0.00 -18.35  17.78  -6.27 1.23 1.81 1.46 -1.00  -1.0     -1. 37.44 355.1 233707.
105 11:44:03 0.43   3.36 286.88 -5.30 1667  39.93   362.4 195018.  6.33 -4.30 -15.86  18.58  -8.10 2.60 3.79 3.66  0.07 490.0 460255. 33.19 355.9 190740.
105 11:44:44 0.43   3.36 286.87 -5.30 1667  39.84   379.8 207343.  8.07 -2.67 -13.96  22.04  -4.40 1.68 1.21 1.53  0.07 514.3 577732. 32.87 372.1 200092.
105 11:45:24 0.43   3.36 286.87 -5.30 1667  40.66   370.1 207463.  8.52  1.21 -17.98  19.10  -0.84 2.00 2.23 2.01 -1.00  -1.0     -1. 33.20 363.6 229533.
105 11:46:05 0.43   3.36 286.86 -5.30 1667  39.80   352.8 179744.  0.00  0.07 -17.66  19.51   1.27 1.64 1.52 2.10 -1.00  -1.0     -1. 33.25 355.1 186484.
105 11:46:45 0.43   3.36 286.86 -5.30 1667  39.53   367.6 193264.  7.68 -0.12 -16.67  20.29  -1.62 1.31 1.55 3.31 -1.00  -1.0     -1. 33.09 361.8 210182.
105 11:47:26 0.43   3.36 286.85 -5.30 1667  42.07   364.6 220307.  6.88 -3.97 -16.93  18.79  -7.20 1.54 3.13 2.02 -1.00  -1.0     -1. 34.48 358.9 203084.
105 11:48:06 0.43   3.36 286.84 -5.29 1667  37.02   369.8 197012.  8.16 -0.37 -14.97  21.85  -1.05 1.15 1.68 1.86 -1.00  -1.0     -1. 31.14 364.2 220450.
105 11:48:47 0.43   3.36 286.84 -5.29 1667  38.96   369.8 199066.  6.31 -5.61 -17.29  16.64 -10.96 1.20 2.06 1.70 -1.00  -1.0     -1. 32.50 363.1 201788.
105 11:49:27 0.43   3.37 286.83 -5.29 1667  39.91   357.2 180975.  3.32 -7.12 -19.63  12.70 -12.21 0.77 1.71 1.41 -1.00  -1.0     -1. 32.78 353.0 183356.
105 11:50:08 0.43   3.37 286.83 -5.29 1667  40.57   361.5 214463.  5.50 -5.43 -18.56  16.90  -8.99 0.79 1.37 1.04 -1.00  -1.0     -1. 33.70 358.1 196165.
105 11:50:48 0.43   3.37 286.82 -5.29 1667  38.60   360.4 186072.  5.91 -5.06 -16.58  19.00  -6.97 2.42 2.98 2.71 -1.00  -1.0     -1. 32.11 354.1 182641.
105 11:51:29 0.43   3.37 286.82 -5.29 1667  39.55   377.5 213885.  7.55 -2.98 -13.92  21.68  -6.28 1.24 2.13 1.72 -1.00  -1.0     -1. 32.38 370.3 213654.
105 11:52:09 0.43   3.37 286.82 -5.29 1667  42.16   377.7 242017.  8.41 -2.64 -13.59  22.19  -2.18 1.03 2.02 4.91 -1.00  -1.0     -1. 34.22 369.5 235971.
105 11:52:50 0.43   3.37 286.81 -5.29 1667  42.22   387.0 222000.  8.76 -1.38 -11.40  23.84  -1.24 1.27 0.98 1.48 -1.00  -1.0     -1. 35.01 379.8 237251.
105 11:53:30 0.43   3.37 286.81 -5.29 1667  41.59   383.1 247913.  9.04 -0.45 -13.70  22.35  -0.03 2.37 1.25 1.29 -1.00  -1.0     -1. 34.04 373.9 245168.
105 11:54:11 0.43   3.37 286.80 -5.29 1667  40.08   375.7 211566.  8.12 -1.45 -15.20  21.47   1.85 0.91 1.89 2.25 -1.00  -1.0     -1. 33.18 367.0 210338.
105 11:54:51 0.43   3.37 286.80 -5.29 1667  39.07   368.6 230033.  7.50  1.98 -14.69  21.74   3.03 2.03 1.44 1.12 -1.00  -1.0     -1. 32.67 361.1 226392.
105 11:55:32 0.43   3.38 286.79 -5.29 1667  38.95   376.5 209282.  8.08  0.61 -13.20  22.77   1.72 1.11 0.82 0.73 -1.00  -1.0     -1. 31.58 369.4 208077.
105 11:56:12 0.43   3.38 286.78 -5.29 1667  39.49   379.0 219891.  8.33  1.69 -16.66  18.01  -2.72 4.04 6.10 6.05 -1.00  -1.0     -1. 31.47 373.0 208830.
105 11:56:53 0.43   3.38 286.78 -5.29 1667  37.91   345.2 172847.  0.00  0.00 -23.27   6.64  -9.50 0.61 3.00 2.69 -1.00  -1.0     -1. 32.24 346.7 199277.
105 11:57:33 0.43   3.38 286.77 -5.29 1667  39.83   347.8 178763.  3.73 -3.56 -22.54  13.15  -4.64 0.49 1.65 1.95 -1.00  -1.0     -1. 33.77 344.3 173143.
105 11:58:14 0.43   3.30 286.69 -5.45 1667  -1.00    -1.0     -1. -1.00 -1.00 -22.43  13.59  -3.84 0.74 1.37 1.10 -1.00  -1.0     -1. -1.00  -1.0     -1.
105 11:58:20 0.43   3.38 286.77 -5.29 1667  39.28   364.8 193533.  7.32 -0.50 -22.38  13.59  -3.93 0.76 1.48 1.14 -1.00  -1.0     -1. 32.02 357.1 187631.
105 11:58:54 0.43   3.30 286.68 -5.45 1667  -1.00    -1.0     -1. -1.00 -1.00 -20.88  15.74  -4.41 1.03 1.46 1.11 -1.00  -1.0     -1. -1.00  -1.0     -1.
105 11:59:35 0.43   3.38 286.76 -5.29 1667  41.68   363.6 209288.  6.98 -1.83 -18.74  18.41  -3.05 0.76 1.14 0.70 -1.00  -1.0     -1. 33.65 357.8 195677.
105 12:00:15 0.43   3.39 286.76 -5.29 1667  40.03   361.6 197198.  6.83 -0.54 -19.38  17.98  -1.48 1.07 1.34 1.09 -1.00  -1.0     -1. 33.85 354.2 191601.
105 12:00:56 0.43   3.39 286.75 -5.29 1667  41.78   360.2 224780.  6.10 -1.86 -19.13  17.35  -4.09 1.18 2.88 3.27 -1.00  -1.0     -1. 34.34 353.8 216529.
105 12:01:36 0.43   3.39 286.75 -5.29 1667  44.60   372.9 251648.  7.37  0.39 -17.69  19.34  -1.86 2.28 2.77 1.73 -1.00  -1.0     -1. 37.88 365.0 245567.
105 12:02:17 0.43   3.39 286.74 -5.29 1667  40.81   357.6 218459.  5.95 -1.88 -19.45  17.45  -3.20 1.05 2.42 1.83 -1.00  -1.0     -1. 34.40 351.5 215883.
105 12:02:57 0.43   3.39 286.74 -5.29 1667  40.22   363.4 201050.  7.21 -0.62 -20.55  16.17  -2.89 1.84 2.68 2.11 -1.00  -1.0     -1. 33.27 360.0 221769.
105 12:03:38 0.43   3.39 286.73 -5.29 1667  40.51   357.2 215288.  6.07 -1.48 -20.93  16.15  -2.37 0.63 1.07 0.98  0.10 500.8 402731. 33.55 351.2 207992.
105 12:04:18 0.43   3.39 286.72 -5.29 1667  39.23   356.4 182758.  0.00  0.00 -20.30  16.88  -3.10 1.01 1.30 1.08 -1.00  -1.0     -1. 31.99 353.9 177736.
105 12:04:59 0.43   3.39 286.72 -5.29 1667  41.11   348.8 174117.  4.83 -1.67 -20.81  16.56  -1.37 0.92 1.37 1.21 -1.00  -1.0     -1. 34.72 346.7 198705.
105 12:05:39 0.43   3.39 286.71 -5.29 1667  42.28   355.5 192322.  6.02 -0.68 -19.72  18.13  -1.22 1.16 1.14 0.73 -1.00  -1.0     -1. 35.10 348.8 187888.
105 12:06:20 0.43   3.40 286.71 -5.29 1667  -1.00    -1.0     -1. -1.00 -1.00 -19.33  18.41  -0.37 1.38 1.31 1.29 -1.00  -1.0     -1. -1.00  -1.0     -1.
105 12:07:00 0.43   3.40 286.71 -5.29 1667  40.12   355.1 194050.  0.00  0.00 -17.97  17.87   0.82 1.20 1.10 0.48  0.08 491.6 307148. 33.16 352.6 188726.
105 12:07:40 0.43   3.40 286.70 -5.29 1667  40.46   365.5 220310.  7.17 -0.89 -17.87  19.58  -0.37 0.55 1.08 0.86  0.04 513.3 317322. 33.54 360.8 198357.
105 12:08:21 0.43   3.40 286.70 -5.29 1667  40.68   369.0 198127.  7.46 -2.72 -16.94  20.57  -1.80 1.54 1.86 1.63 -1.00  -1.0     -1. 34.59 364.2 212569.
105 12:09:01 0.43   3.40 286.69 -5.29 1667  39.73   370.9 209483.  7.35  0.75 -16.38  21.13   2.60 0.95 1.35 1.10  0.06 494.6 305602. 33.69 363.5 202532.
105 12:09:42 0.43   3.40 286.69 -5.29 1667  40.20   360.4 185217.  6.29  2.08 -18.52  19.14   2.12 1.50 1.73 1.15 -1.00  -1.0     -1. 32.99 353.2 184201.
105 12:10:23 0.43   3.40 286.68 -5.29 1667  41.31   359.1 214337.  6.23 -0.32 -19.20  18.70   1.46 0.78 1.34 1.08 -1.00  -1.0     -1. 34.67 352.9 208619.
105 12:11:03 0.43   3.40 286.68 -5.29 1667  40.36   361.3 198763.  6.40  1.41 -18.67  18.65   3.91 1.02 1.49 1.92 -1.00  -1.0     -1. 33.79 354.6 189258.
105 12:11:44 0.43   3.40 286.67 -5.29 1667  43.54   369.9 234886.  6.42  4.47 -17.68  19.14   6.00 1.14 1.64 2.07 -1.00  -1.0     -1. 35.23 365.0 212332.
105 12:12:24 0.43   3.41 286.66 -5.29 1667  42.65   366.9 203155.  6.80  2.39 -19.03  18.76   2.56 1.14 1.59 1.08 -1.00  -1.0     -1. 36.34 361.8 223010.
105 12:13:05 0.43   3.41 286.66 -5.29 1667  40.19   360.8 212391.  5.84  0.58 -18.82  19.26   1.48 1.05 1.08 1.31 -1.00  -1.0     -1. 33.42 356.5 195846.
105 12:13:45 0.43   3.41 286.65 -5.29 1667  41.03   365.2 195460.  7.47 -2.07 -17.92  19.77  -1.63 1.23 2.17 3.34 -1.00  -1.0     -1. 33.72 358.2 187345.
105 12:14:26 0.43   3.41 286.65 -5.29 1667  41.42   368.4 223202.  7.29 -1.09 -16.49  21.29  -0.95 0.50 0.82 1.34 -1.00  -1.0     -1. 33.85 362.3 201827.
105 12:15:06 0.43   3.41 286.65 -5.29 1667  42.47   373.9 238723.  7.92 -1.69 -14.95  22.24  -2.40 1.08 1.16 0.68 -1.00  -1.0     -1. 34.97 366.0 232080.
105 12:15:47 0.43   3.41 286.64 -5.29 1667  40.96   370.7 214408.  7.29 -1.81 -14.11  22.42  -3.91 1.87 1.37 1.91  0.07 475.7 258226. 34.56 364.1 207326.
105 12:16:27 0.43   3.41 286.64 -5.29 1667  44.93   375.4 232817.  7.81 -1.38 -14.78  16.11  -0.05 0.00 0.00 0.00  0.06 506.4 283772. 37.00 367.3 232502.
105 12:17:08 0.43   3.42 286.63 -5.29 1667  40.09   372.8 206020.  8.06 -1.01   0.00   0.00   0.00 0.00 0.00 0.00 -1.00  -1.0     -1. 33.43 365.0 204793.
105 12:17:48 0.43   3.42 286.63 -5.29 1667  40.00   365.3 198757.  7.23 -0.12   0.00   0.00   0.00 0.00 0.00 0.00 -1.00  -1.0     -1. 33.25 356.7 192192.
105 12:19:56 0.43   3.42 286.61 -5.29 1667  43.65   362.9 215886.  6.48  0.38 -15.73  17.41   0.30 0.95 1.30 0.35 -1.00  -1.0     -1. 35.44 357.0 200816.
105 12:41:32 0.43   3.46 286.45 -5.28 1667  40.46   365.3 186429.  7.36 -2.46 -15.65  21.71  -4.16 0.00 0.00 0.00 -1.00  -1.0     -1. 33.43 357.2 184119.
105 13:03:08 0.43   3.50 286.29 -5.28 1667  40.72   346.9 178006.  4.88 -2.14 -23.90  12.62  -3.56 0.05 0.45 0.00  0.13 467.4 302639. 32.69 341.8 171116.
105 13:24:45 0.43   3.54 286.13 -5.27 1667  41.06   351.1 178373.  7.62 -3.87 -20.03  21.77  -7.03 0.00 0.00 0.00 -1.00  -1.0     -1. 34.06 343.5 173114.
105 13:46:21 0.43   3.57 285.97 -5.27 1667  42.81   350.7 156218.  9.09 -2.36 -17.12  25.53   3.65 0.00 0.00 0.00 -1.00  -1.0     -1. 34.68 345.3 140675.
105 14:07:57 0.43   3.61 285.81 -5.27 1667  42.63   342.0 129932.  4.83 -7.17 -20.10  12.84 -18.91 0.46 0.45 0.40 -1.00  -1.0     -1. 35.06 337.0 127229.
105 14:29:33 0.43   3.65 285.65 -5.26 1667  43.05   324.2 128152.  5.98 -4.47 -23.47  18.99  -2.64 0.00 0.00 0.00 -1.00  -1.0     -1. 35.38 319.8 117604.
105 14:51:09 0.43   3.69 285.50 -5.26 1667  40.21   324.1 110025.  7.55 -5.31 -24.63  16.15  -8.99 0.00 0.00 0.00 -1.00  -1.0     -1. 33.90 318.7 119559.
105 15:12:45 0.43   3.73 285.33 -5.25 1667  42.84   319.0 115983.  6.50 -4.13 -28.11  12.97  -5.13 0.36 0.25 1.00 -1.00  -1.0     -1. 35.33 314.0 116382.
105 15:34:21 0.43   3.77 285.18 -5.25 1667  40.82   325.0 109395.  6.04 -6.94 -23.12  12.38 -17.59 0.05 0.20 0.15 -1.00  -1.0     -1. 34.43 321.1 117838.
105 15:55:57 0.43   3.81 285.01 -5.24 1667  39.01   319.1  96398.  7.91 -4.98 -24.77  14.74 -12.50 0.15 0.40 0.20  0.25 356.1 318726. 32.17 315.1  99406.
105 16:17:33 0.43   3.85 284.86 -5.24 1667  35.43   316.2  98240.  7.12 -5.29 -26.84  15.09  -9.11 0.10 0.15 0.00  0.50 324.8 175859. 30.03 309.7  98808.
105 16:39:09 0.43   3.89 284.70 -5.23 1667  43.99   336.2 103178.  6.94 -7.82 -20.98  12.67 -17.09 1.01 1.15 1.20 -1.00  -1.0     -1. 37.39 329.5 100673.
105 17:00:45 0.43   3.92 284.54 -5.23 1667  48.12   406.5  66184.  8.86 -4.63  14.72  19.77 -16.35 0.21 0.10 0.20  0.70 400.3 333942. 37.66 398.4  65648.
105 17:22:21 0.43   3.96 284.38 -5.22 1667  49.95   373.0  64147. 11.96 -7.49   0.94  21.73 -21.41 0.00 0.00 0.00  0.74 378.9 216152. 42.07 363.8  63985.
105 17:43:57 0.43   4.00 284.22 -5.22 1667  44.37   357.5  69644. 12.09 -6.31   2.32  23.93 -17.90 0.00 0.00 0.00 -1.00  -1.0     -1. 37.15 348.1  73532.
105 18:05:33 0.43   4.04 284.06 -5.21 1667  43.86   322.9  72678. 12.70 -3.51 -19.36  23.89  -7.86 0.60 0.40 0.05 -1.00  -1.0     -1. 36.23 312.4  74406.
105 18:14:02 0.43   3.98 283.92 -5.37 1667  -1.00    -1.0     -1. -1.00 -1.00 -13.62  24.74 -13.51 1.22 1.25 2.74 -1.00  -1.0     -1. -1.00  -1.0     -1.
105 18:15:07 0.43   4.06 284.00 -5.21 1667  -1.00    -1.0     -1. -1.00 -1.00 -15.54  25.49 -10.28 0.00 0.00 0.00 -1.00  -1.0     -1. -1.00  -1.0     -1.
105 18:27:09 0.43   4.08 283.90 -5.21 1667  40.53   348.5  53418. 14.65  1.35 -19.76  27.09  -2.71 0.55 0.20 0.41 -1.00  -1.0     -1. 34.37 334.2  54285.
105 18:36:43 0.43   4.10 283.83 -5.21 1667  40.53   348.5  53414. 14.65  1.35 -20.33  25.94   5.45 0.45 0.00 1.01 -1.00  -1.0     -1. 34.37 334.2  54275.
105 18:48:45 0.43   4.12 283.75 -5.20 1667  47.28   327.8  70686. 10.90 -9.36 -19.09  19.24 -19.04 0.00 0.00 0.00 -1.00  -1.0     -1. 38.43 317.9  69390.
105 18:58:19 0.43   4.14 283.68 -5.20 1667  47.26   327.8  70660. 10.90 -9.36 -11.72  15.84 -27.39 0.00 0.00 0.00 -1.00  -1.0     -1. 38.42 317.9  69368.
105 19:10:19 0.43   4.16 283.59 -5.20 1667  51.20   347.8  71232. 11.38 -9.54 -10.76  23.80 -22.02 0.00 0.00 0.00 -1.00  -1.0     -1. 42.67 341.2  71726.
105 19:10:21 0.43   4.16 283.59 -5.20 1667  51.21   347.8  71242. 11.38 -9.54   0.00   0.00   0.00 0.00 0.00 0.00 -1.00  -1.0     -1. 42.68 341.2  71736.
105 19:31:55 0.43   4.20 283.43 -5.19 1667  48.86   351.6  75523.  8.90-10.57  -6.43  20.20 -26.49 0.31 0.80 1.00  0.44 377.6 249235. 40.79 344.0  73353.
105 19:31:57 0.43   4.20 283.43 -5.19 1667  48.86   351.6  75533.  8.90-10.57   0.00   0.00   0.00 0.00 0.00 0.00  0.45 377.6 249728. 40.80 344.0  73402.
105 19:53:31 0.43   4.24 283.27 -5.19 1667  45.02   316.6  92539.  5.41-12.35 -19.98  11.62 -24.65 1.06 0.85 0.24 -1.00  -1.0     -1. 39.13 311.6  93276.
105 19:53:33 0.43   4.24 283.27 -5.19 1667  45.02   316.6  92562.  5.41-12.35   0.00   0.00   0.00 0.00 0.00 0.00 -1.00  -1.0     -1. 39.16 311.6  93341.
105 20:15:07 0.43   4.28 283.11 -5.19 1667  43.89   343.7  83414. -3.66-10.72 -14.22 -18.93 -26.90 0.06 0.60 0.80 -1.00  -1.0     -1. 37.29 346.8  98929.
105 20:15:09 0.43   4.28 283.11 -5.19 1667  43.89   343.7  83420. -3.66-10.72   0.00   0.00   0.00 0.00 0.00 0.00 -1.00  -1.0     -1. 37.31 346.8  99078.
105 20:27:07 0.43   4.30 283.03 -5.18 1667  -1.00    -1.0     -1. -1.00 -1.00 -16.23  -4.33 -32.02 0.00 0.00 0.00 -1.00  -1.0     -1. -1.00  -1.0     -1.
105 20:36:45 0.43   4.32 282.95 -5.18 1667  38.60   353.4  90463.  0.00  0.00 -16.94  21.52 -31.28 0.21 0.55 0.55 -1.00  -1.0     -1. 32.14 352.5  88686.
105 21:20:58 0.43   4.40 282.63 -5.17 1667  -1.00    -1.0     -1. -1.00 -1.00 -23.25  14.76 -28.18 0.50 1.72 2.81 -1.00  -1.0     -1. -1.00  -1.0     -1.
105 21:21:39 0.43   4.40 282.63 -5.17 1667  42.81   385.6  91951.  9.94 -6.15   0.00   0.00   0.00 0.00 0.00 0.00  0.24 412.2 243634. 35.31 377.6 108982.
105 21:21:40 0.43   4.40 282.63 -5.17 1667  41.14   381.0 115590. 10.33 -5.62   0.00   0.00   0.00 0.00 0.00 0.00  0.27 389.8 279978. 33.52 372.2 113589.
105 21:22:00 0.43   4.40 282.62 -5.17 1667  43.20   370.5 113173. 11.18 -2.09   0.00   0.00   0.00 0.00 0.00 0.00 -1.00  -1.0     -1. 34.75 362.3 102135.
105 21:22:40 0.43   4.40 282.62 -5.17 1667  41.64   354.0 105149. 10.67  5.11   0.00   0.00   0.00 0.00 0.00 0.00 -1.00  -1.0     -1. 34.52 344.6  93426.
105 21:23:21 0.43   4.41 282.61 -5.17 1667  44.32   356.6 105023. 11.09  0.33   0.00   0.00   0.00 0.00 0.00 0.00 -1.00  -1.0     -1. 36.34 346.2 107300.
105 21:24:01 0.43   4.41 282.61 -5.17 1667  40.08   340.7 103759. 10.08  1.09   0.00   0.00   0.00 0.00 0.00 0.00 -1.00  -1.0     -1. 33.80 332.5 103168.
105 21:24:42 0.43   4.41 282.60 -5.17 1667  52.60   344.0 163079.  8.60 -4.57   0.00   0.00   0.00 0.00 0.00 0.00 -1.00  -1.0     -1. 42.69 337.3 163622.
105 21:25:22 0.43   4.41 282.60 -5.17 1667  43.64   338.2 103294.  0.95-12.57 -20.39  16.62 -28.55 4.44 4.45 3.05 -1.00  -1.0     -1. 35.73 336.7 104081.
105 21:26:03 0.43   4.41 282.59 -5.17 1667  47.77   361.0 131342.  5.57-10.42 -15.22  23.29 -27.37 1.68 1.43 2.00 -1.00  -1.0     -1. 39.98 356.7 133047.
105 21:26:43 0.43   4.41 282.59 -5.17 1667  41.74   352.4 110636.  6.45 -9.46 -15.77  24.47 -25.89 3.84 2.21 2.44 -1.00  -1.0     -1. 34.82 347.0 107336.
105 21:27:04 0.43   4.41 282.59 -5.17 1667  43.15   326.2  89596.  0.00  0.00 -17.33  24.88 -24.52 3.16 2.20 2.42 -1.00  -1.0     -1. 36.36 324.9  89641.
105 21:28:25 0.43   4.42 282.58 -5.17 1667  38.00   363.4 107959.  4.04-12.75 -14.41  21.13 -27.97 1.65 2.93 2.78  0.05 473.5 233616. 32.97 359.2 107673.
105 21:29:46 0.43   4.42 282.57 -5.17 1667  41.82   354.3  89657. 10.35 -6.06 -18.19  31.07 -12.43 2.34 1.97 3.76 -1.00  -1.0     -1. 35.72 347.4 106809.
105 21:31:07 0.43   4.42 282.55 -5.17 1667  43.69   364.7  93942.  9.61 -7.57 -13.92  30.83 -17.80 1.60 1.37 1.18 -1.00  -1.0     -1. 35.72 357.5 110759.
105 21:32:28 0.43   4.42 282.54 -5.17 1667  44.34   373.6 117818. 11.16 -4.45 -12.09  33.39 -14.23 2.80 1.76 1.97  0.25 403.5 285838. 35.20 366.5 106631.
105 21:33:49 0.43   4.43 282.53 -5.17 1667  46.73   354.7 113829. 10.97 -2.04 -17.12  32.85  -5.87 1.93 2.75 2.63 -1.00  -1.0     -1. 38.79 345.1 110022.
105 21:35:10 0.43   4.43 282.53 -5.17 1667  43.00   359.6 107176.  0.00  0.00 -14.31  31.80 -13.40 2.18 1.94 1.99 -1.00  -1.0     -1. 34.11 359.7  97668.
105 21:55:13 0.43   4.47 282.38 -5.16 1667  44.27   374.5 111750. 11.39 -1.11  -7.65  34.34  -7.96 4.75 4.13 5.70 -1.00  -1.0     -1. 36.16 363.4 114576.
105 21:56:34 0.43   4.47 282.37 -5.16 1667  42.21   367.7 121941. 11.97 -0.16 -11.45  34.63   0.61 1.04 2.04 1.99 -1.00  -1.0     -1. 35.06 357.4 122980.
105 21:57:55 0.43   4.47 282.36 -5.16 1667  47.49   361.4 139729. 11.80  0.73 -12.73  33.59  -5.13 2.43 3.43 3.15 -1.00  -1.0     -1. 38.63 353.5 129103.
105 21:59:16 0.43   4.47 282.35 -5.16 1667  42.33   362.3 113644. 11.14 -4.87 -16.40  29.33 -13.54 2.39 1.80 1.88 -1.00  -1.0     -1. 34.78 352.5 114635.
105 22:00:37 0.43   4.47 282.34 -5.16 1667  42.20   381.3 120917. 12.24  3.97 -12.21  33.82   1.22 2.14 2.22 2.56 -1.00  -1.0     -1. 35.37 370.7 119540.
105 22:01:58 0.43   4.48 282.33 -5.16 1667  43.60   357.0 108070. 10.30 -4.23 -17.01  28.97 -13.19 2.16 1.96 2.01 -1.00  -1.0     -1. 35.18 348.0 109333.
105 22:03:19 0.43   4.48 282.32 -5.16 1667  38.96   343.2 104035.  0.00  0.00 -19.12  29.11  -9.32 1.25 1.17 0.90  0.33 384.2 265789. 32.27 341.1 102950.
105 22:04:40 0.43   4.48 282.31 -5.16 1667  39.68   324.6  74039.  6.72 -4.81 -24.33  23.19 -12.21 2.04 2.84 2.60 -1.00  -1.0     -1. 33.41 320.0  88046.
105 22:06:01 0.43   4.49 282.30 -5.16 1667  40.55   350.5 107670. 10.62 -2.03 -19.77  28.29  -9.40 1.94 2.05 1.68 -1.00  -1.0     -1. 33.33 341.1 108671.
105 22:07:22 0.43   4.49 282.29 -5.16 1667  39.45   327.8  79080.  8.92 -1.44 -26.48  22.98  -8.13 1.67 2.07 1.31 -1.00  -1.0     -1. 33.67 321.2  91792.
105 22:08:43 0.43   4.49 282.28 -5.16 1667  41.58   318.1  88602.  7.14 -1.84 -28.74  21.10  -6.98 0.82 1.04 1.26 -1.00  -1.0     -1. 34.33 311.5  86578.
105 22:10:04 0.43   4.49 282.27 -5.16 1667  41.49   314.2  71362.  6.14 -0.69 -28.47  21.86  -6.39 1.67 1.71 1.52 -1.00  -1.0     -1. 34.28 307.5  72876.
105 22:11:25 0.43   4.50 282.26 -5.16 1667  38.77   348.6 104315.  9.88 -0.24 -19.92  30.36  -6.31 1.43 1.60 0.95  0.24 390.8 205861. 31.85 339.9  99617.
105 22:12:46 0.43   4.50 282.25 -5.16 1667  39.31   349.5  91954.  9.34 -2.09 -18.10  30.02 -11.94 1.08 1.66 1.95 -1.00  -1.0     -1. 32.62 340.3  91798.
105 22:14:07 0.43   4.50 282.24 -5.16 1667  38.55   369.3 109314. 10.25 -2.27 -14.04  33.42  -8.15 0.99 1.11 1.27  0.37 385.0 242647. 31.63 360.1 111578.
105 22:15:28 0.43   4.50 282.23 -5.16 1667  27.75   352.7  80088. 10.34  2.26 -17.99  31.34  -1.52 5.12 4.33 4.68 -1.00  -1.0     -1. 23.59 343.7  77232.
105 22:16:49 0.43   4.50 282.22 -5.16 1667  36.45   347.0  93448.  9.76  0.25 -20.40  30.93  -4.09 1.00 0.77 0.80 -1.00  -1.0     -1. 30.59 338.5  92974.
105 22:18:10 0.43   4.51 282.21 -5.16 1667  41.46   341.3 102284.  8.93 -0.54 -21.97  29.32  -6.84 1.49 1.67 1.04 -1.00  -1.0     -1. 35.10 333.6 100449.
105 22:19:31 0.43   4.51 282.20 -5.16 1667  39.06   335.4  75926.  7.39 -3.56 -21.27  29.49  -7.57 2.94 3.54 3.45 -1.00  -1.0     -1. 31.40 328.4  76625.
105 22:20:52 0.43   4.51 282.19 -5.16 1667  40.92   375.0 113881. 11.20  0.19 -19.46  29.41  -4.24 6.66 6.31 7.91 -1.00  -1.0     -1. 32.03 367.2  95898.
105 22:22:13 0.43   4.52 282.18 -5.16 1667  57.22   360.9 194527.  8.92  0.06 -16.29  30.76   2.00 6.44 4.6210.48 -1.00  -1.0     -1. 49.71 353.5 189739.
105 22:23:34 0.43   4.52 282.17 -5.16 1667  40.77   367.4 106916. 11.25  2.17 -15.31  33.94  -0.15 2.03 2.01 1.23 -1.00  -1.0     -1. 33.96 357.2 107592.
105 22:24:55 0.43   4.52 282.16 -5.16 1667  42.36   358.9 109470. 10.53  5.47 -18.88  30.67  -4.75 2.76 5.75 5.43 -1.00  -1.0     -1. 33.48 351.2  96723.
105 22:26:16 0.43   4.52 282.15 -5.16 1667  36.53   359.5 100121.  9.32 -5.09 -17.80  27.92 -16.62 1.46 3.11 4.52 -1.00  -1.0     -1. 30.29 350.6  97243.
105 22:27:37 0.43   4.53 282.14 -5.16 1667  39.44   359.9  94225. 10.60  0.03 -17.02  32.52  -7.61 1.31 2.06 1.92  0.30 389.5 284344. 32.61 350.7  95638.
105 22:28:58 0.43   4.53 282.13 -5.16 1667  38.08   361.1 104282. 10.97 -0.09 -18.75  32.02  -5.25 2.02 2.40 1.60  0.16 410.6 195804. 31.59 350.7 103077.
105 22:30:19 0.43   4.53 282.12 -5.16 1667  38.57   334.9  78470.  9.08  1.31 -22.63  29.31  -4.49 1.74 2.55 3.41 -1.00  -1.0     -1. 31.98 325.8  78489.
105 22:31:40 0.43   4.53 282.11 -5.15 1667  38.58   352.6  89446. 10.70  1.47 -19.41  30.84  -6.40 1.25 3.80 5.78  0.37 377.3 298884. 32.14 345.3 105815.
105 22:33:01 0.43   4.54 282.10 -5.15 1667  44.69   341.2 107225.  8.62 -2.47 -19.32  30.43  -9.76 4.01 2.51 2.05 -1.00  -1.0     -1. 37.44 333.1 107115.
105 22:34:22 0.43   4.54 282.09 -5.15 1667  38.34   368.9  97590. 11.59 -0.26 -16.64  31.98  -8.11 4.21 3.83 3.67  0.35 378.5 306862. 30.33 360.8  85571.
105 22:35:43 0.43   4.54 282.08 -5.15 1667  42.21   361.7  96028. 10.43 -2.20 -18.55  31.19  -8.08 3.94 2.84 2.23  0.14 439.5 234864. 36.02 353.8 111058.
105 22:37:04 0.43   4.54 282.07 -5.15 1667  40.03   354.5 104522. 10.27 -2.21 -16.63  31.74 -10.71 1.77 1.62 0.93 -1.00  -1.0     -1. 33.15 345.3 103428.
105 22:38:25 0.43   4.55 282.06 -5.15 1667  37.58   349.2  92542.  9.53 -3.90 -18.88  29.51 -12.98 2.08 1.89 1.62 -1.00  -1.0     -1. 30.62 340.3  91376.
105 22:39:46 0.43   4.55 282.05 -5.15 1667  40.26   383.9 103152. 11.63  3.94  -8.40  36.28   3.34 2.14 1.42 1.73 -1.00  -1.0     -1. 34.09 374.8 115889.
105 22:41:07 0.43   4.55 282.04 -5.15 1667  38.23   353.0  95609. 10.72 -0.15 -18.52  32.18  -5.49 2.24 1.59 1.23 -1.00  -1.0     -1. 31.03 345.2  82884.
105 22:42:28 0.43   4.55 282.03 -5.15 1667  36.73   346.8  79597.  9.41 -3.06 -20.69  30.15  -7.06 2.00 2.66 2.21 -1.00  -1.0     -1. 30.25 337.3  79997.
105 22:43:49 0.43   4.55 282.02 -5.15 1667  36.87   322.7  76810.  6.01 -5.20 -25.65  24.69 -11.06 2.36 2.34 2.49 -1.00  -1.0     -1. 30.09 317.8  69410.
105 22:45:10 0.43   4.56 282.01 -5.15 1667  37.95   321.8  74416.  7.35 -1.59 -27.48  23.74  -8.13 0.76 1.69 1.54 -1.00  -1.0     -1. 32.66 315.1  73974.
105 22:46:31 0.43   4.56 282.00 -5.15 1667  43.27   314.0  85496.  0.00  0.00 -28.61  21.32  -8.53 0.71 3.33 4.64 -1.00  -1.0     -1. 35.13 312.6  86022.
105 22:47:52 0.43   4.56 281.99 -5.15 1667  40.07   323.3  78769.  6.24 -4.88 -24.92  23.17 -14.03 1.01 0.76 0.66 -1.00  -1.0     -1. 33.66 316.8  76852.
105 22:49:13 0.43   4.57 281.98 -5.15 1667  36.26   312.1  61886.  2.88 -5.96 -28.44  16.32 -15.17 1.55 3.03 1.58 -1.00  -1.0     -1. 30.04 307.9  60015.
105 22:50:34 0.43   4.57 281.97 -5.15 1667  35.98   323.6  69572.  6.41 -5.61 -24.71  21.21 -15.61 1.00 1.81 1.63 -1.00  -1.0     -1. 29.46 317.5  68770.
105 22:51:55 0.43   4.57 281.96 -5.15 1667  40.59   338.2 104825. 10.03 -0.48 -20.15  28.30  -6.11 2.72 4.27 3.88 -1.00  -1.0     -1. 32.39 332.8  97460.
105 22:53:16 0.43   4.57 281.95 -5.15 1667  42.53   334.9  98331.  9.44  2.58 -23.50  27.16   1.63 1.13 1.77 2.79 -1.00  -1.0     -1. 34.21 325.8  96492.
105 22:54:37 0.43   4.58 281.94 -5.15 1667  39.83   330.3  92675.  9.30  0.73 -22.77  28.07  -4.98 1.86 1.45 2.68 -1.00  -1.0     -1. 32.75 323.9  82923.
105 22:55:58 0.43   4.58 281.93 -5.15 1667  36.95   326.1  73766.  8.58  4.80 -25.55  25.38  -6.19 1.57 4.48 4.65 -1.00  -1.0     -1. 30.94 317.7  71872.
105 22:57:19 0.43   4.58 281.92 -5.15 1667  38.51   317.4  82940.  5.83  6.52 -29.00  20.22   9.13 1.15 3.46 4.08 -1.00  -1.0     -1. 32.85 311.7  81185.
105 22:58:40 0.43   4.58 281.91 -5.15 1667  45.00   358.2 118218. 11.07 -2.98 -18.83  29.48 -10.53 3.57 3.44 2.54 -1.00  -1.0     -1. 37.06 348.1 117286.
105 23:00:01 0.43   4.59 281.91 -5.15 1667  37.28   341.1  96502. -4.41  0.00 -21.40   2.30  28.49 3.84 4.25 4.21 -1.00  -1.0     -1. 34.58 344.6  94189.
105 23:01:22 0.43   4.59 281.89 -5.15 1667  35.15   335.5 101128. -1.94  0.00 -25.12   7.04  25.85 1.30 1.31 1.39 -1.00  -1.0     -1. 30.87 338.1  88267.
105 23:02:43 0.43   4.59 281.88 -5.15 1667  53.91   353.3 235484.  5.25  0.00 -19.17  15.77  25.36 4.98 4.59 3.54 42.38 261.9 144102. 45.07 350.7 228948.
105 23:04:04 0.43   4.59 281.87 -5.15 1667  45.55   402.3 150901.  6.60-12.19  -7.99  26.94 -22.63 2.23 3.91 4.81 -1.00  -1.0     -1. 38.62 398.6 141824.
105 23:05:25 0.43   4.60 281.87 -5.15 1667  34.79   360.2 114115.  8.72 -9.31 -16.60  28.13 -16.40 1.93 2.95 2.55 -1.00  -1.0     -1. 29.47 355.3 122304.
105 23:06:46 0.43   4.60 281.86 -5.15 1667  38.19   331.6  97587.  8.19 -1.34 -25.03  27.12  -4.00 1.34 1.59 1.98 -1.00  -1.0     -1. 31.64 324.3  94939.
105 23:08:07 0.43   4.60 281.85 -5.15 1667  36.34   331.9  81579.  8.32 -0.15 -26.26  26.82   0.09 1.12 1.49 1.18 -1.00  -1.0     -1. 31.57 323.3  81296.
105 23:09:28 0.43   4.60 281.83 -5.15 1667  39.28   340.0  94004.  9.02 -2.21 -23.68  28.11  -5.46 0.74 0.83 0.76 -1.00  -1.0     -1. 32.03 334.4  81377.
105 23:10:49 0.43   4.60 281.82 -5.15 1667  39.56   321.0  88264.  7.11  0.91 -28.81  23.82  -2.24 0.63 1.57 1.32 -1.00  -1.0     -1. 32.39 314.0  88868.
105 23:12:10 0.43   4.61 281.82 -5.15 1667  40.33   329.3  97301.  7.84 -2.25 -28.03  23.97  -4.06 1.34 1.68 1.22 -1.00  -1.0     -1. 33.69 321.7  96304.
105 23:13:31 0.43   4.61 281.81 -5.15 1667  40.29   321.6  87273.  7.10 -1.20 -29.58  22.43  -3.36 0.48 0.53 0.58 -1.00  -1.0     -1. 32.09 315.0  87426.
105 23:14:52 0.43   4.61 281.80 -5.15 1667  36.91   331.0  92477.  8.20 -1.24 -26.61  25.65  -4.83 0.89 1.87 1.90 -1.00  -1.0     -1. 31.30 323.6  90557.
105 23:16:13 0.43   4.62 281.79 -5.14 1667  37.40   334.6  82355.  7.13 -7.59 -25.36  22.40 -15.90 0.98 1.61 1.91 -1.00  -1.0     -1. 31.46 327.5  81504.
105 23:17:34 0.43   4.62 281.77 -5.14 1667  38.01   337.3  90697.  8.84 -5.62 -24.12  24.33 -15.11 0.99 1.05 1.29 -1.00  -1.0     -1. 31.76 329.1  90275.
105 23:18:55 0.42   4.62 281.76 -5.14 1667  37.50   335.7  80331.  8.35 -5.80 -24.03  24.61 -15.17 0.69 0.61 0.65 -1.00  -1.0     -1. 30.91 327.9  81085.
105 23:20:16 0.42   4.62 281.76 -5.14 1667  39.61   324.6  78330.  6.97 -5.35 -26.52  21.69 -14.42 0.95 0.83 0.92 -1.00  -1.0     -1. 33.57 319.6  88582.
105 23:21:37 0.42   4.63 281.75 -5.14 1667  39.25   334.5  84103.  7.82 -6.74 -24.09  23.28 -16.48 0.63 0.88 1.02 -1.00  -1.0     -1. 32.55 329.2  98233.
105 23:22:58 0.42   4.63 281.74 -5.14 1667  41.09   338.2 112147.  7.35 -6.00 -23.01  23.19 -16.06 0.83 1.32 1.42 -1.00  -1.0     -1. 34.95 334.7 128662.
105 23:24:19 0.42   4.63 281.73 -5.14 1667  37.56   373.0 116694.  9.57  3.30 -16.98  27.73  -5.34 4.71 9.1412.48 -1.00  -1.0     -1. 31.05 363.6 120268.
105 23:25:40 0.42   4.63 281.71 -5.14 1667  36.19   353.9 115499.  9.38 -2.56 -18.94  31.22  -3.98 1.23 1.97 1.38  0.33 381.0 295805. 30.63 345.8 115038.
105 23:27:01 0.42   4.64 281.71 -5.14 1667  37.17   346.8  93244.  8.68 -1.81 -16.22  32.59  -1.75 4.45 2.25 1.92 -1.00  -1.0     -1. 30.53 337.7  91801.
105 23:28:22 0.42   4.64 281.70 -5.14 1667  35.86   325.5  69562.  6.73 -3.44 -26.57  22.91 -12.03 1.47 1.81 1.60 -1.00  -1.0     -1. 28.75 318.7  70803.
105 23:29:43 0.42   4.64 281.69 -5.14 1667  41.68   345.4 113179.  9.06 -3.66 -24.06  26.66  -9.79 2.15 1.97 0.76 -1.00  -1.0     -1. 33.23 337.9 112062.
105 23:31:04 0.42   4.64 281.68 -5.14 1667  34.81   326.9  74510.  7.21 -1.01 -27.26  24.33  -5.95 1.09 2.14 3.08 -1.00  -1.0     -1. 30.50 321.4  83963.
105 23:32:25 0.42   4.65 281.67 -5.14 1667  36.38   321.3  85496.  6.82 -1.36 -29.62  21.70  -5.22 0.86 2.11 2.25 -1.00  -1.0     -1. 29.47 315.5  85080.
105 23:33:46 0.42   4.65 281.66 -5.14 1667  37.57   327.6  91827.  6.98 -0.85 -27.40  24.42  -2.60 1.30 1.99 3.90 -1.00  -1.0     -1. 31.70 320.8  90587.
105 23:35:07 0.42   4.65 281.65 -5.14 1667  35.25   333.8  84220.  7.44 -4.30 -24.08  25.40 -11.21 0.92 2.02 1.92  0.21 391.5 229497. 30.56 328.5 104045.
105 23:36:28 0.42   4.65 281.64 -5.14 1667  38.15   333.3  89053.  5.78 -2.85 -24.27  27.82  -6.71 1.69 1.81 1.85 -1.00  -1.0     -1. 30.38 327.6  87627.
105 23:37:49 0.42   4.66 281.63 -5.14 1667  34.75   352.3  94280.  7.98 -2.86 -20.98  30.53  -6.13 1.56 1.81 1.36 -1.00  -1.0     -1. 27.26 346.2  83333.
105 23:39:10 0.42   4.66 281.62 -5.14 1667  36.18   346.1  85093.  7.72 -1.36 -22.62  29.68  -4.69 1.17 1.47 1.08 -1.00  -1.0     -1. 29.84 338.7  85740.
105 23:40:31 0.42   4.66 281.61 -5.14 1667  32.24   335.4  73578.  6.10  0.10 -23.65  29.02  -3.88 1.85 1.30 1.74 -1.00  -1.0     -1. 27.63 331.2  88433.
105 23:41:52 0.42   4.66 281.60 -5.14 1667  33.37   354.9 115138.  7.62  1.52 -20.83  30.83  -0.44 1.65 1.96 2.44  0.09 405.7 236540. 28.45 348.0 114788.
105 23:43:13 0.42   4.67 281.59 -5.14 1667  35.12   337.6  75510.  4.12 -9.68 -22.11  23.82 -16.12 2.22 4.70 5.96 -1.00  -1.0     -1. 29.67 335.6  86977.
105 23:44:34 0.42   4.67 281.58 -5.14 1667  34.16   341.9  90444.  7.20 -4.24 -21.79  28.32  -9.58 2.89 3.17 3.49 -1.00  -1.0     -1. 27.48 337.7  82241.
105 23:45:55 0.42   4.67 281.57 -5.14 1667  40.90   342.1  95687.  0.00  0.00 -21.68  27.21 -13.06 1.81 1.92 2.42  0.37 359.6 238788. 32.96 341.6  82488.
105 23:47:16 0.42   4.67 281.56 -5.14 1667  37.12   336.5  93026.  5.49 -6.22 -24.79  22.98 -15.79 1.36 2.09 1.97 -1.00  -1.0     -1. 29.21 332.6  79483.
105 23:48:37 0.42   4.68 281.55 -5.14 1667  36.76   346.4  88943.  6.61 -3.85 -23.62  26.98 -10.65 1.13 1.77 1.32 -1.00  -1.0     -1. 29.65 339.6  90398.
105 23:49:58 0.42   4.68 281.54 -5.14 1667  32.40   348.7  85720.  7.43 -3.03 -21.72  29.47  -3.55 2.01 2.82 5.47 -1.00  -1.0     -1. 26.96 341.2  84190.
105 23:51:19 0.42   4.68 281.53 -5.14 1667  28.60   338.0  70774.  6.98  1.53 -24.96  27.87   0.80 1.43 2.86 1.68 -1.00  -1.0     -1. 24.39 330.8  68981.
105 23:52:40 0.42   4.68 281.52 -5.14 1667  37.09   336.7  89144.  8.55  2.23 -24.28  28.01   4.48 0.50 0.57 0.37  0.34 349.5 229536. 29.85 329.4  92363.
105 23:54:01 0.42   4.69 281.51 -5.14 1667  35.87   331.2  79074.  0.00  0.00 -24.39  27.91   4.19 0.36 0.41 0.47  0.33 347.8 208941. 29.68 328.7  80159.
105 23:55:22 0.42   4.69 281.50 -5.14 1667  -1.00    -1.0     -1. -1.00 -1.00 -25.17  26.00   7.26 1.00 1.93 1.35 -1.00  -1.0     -1. -1.00  -1.0     -1.
105 23:55:51 0.42   4.69 281.50 -5.14 1667  35.14   334.3  85350.  7.61  4.32 -26.16  26.02   5.72 1.27 1.60 2.18 -1.00  -1.0     -1. 28.41 327.7  86123.
105 23:56:43 0.42   4.69 281.49 -5.14 1667  32.70   343.8  56413.  5.37  0.36 -25.83  28.06  -2.37 0.86 1.84 2.40 -1.00  -1.0     -1. 27.52 338.3  55666.
105 23:58:04 0.42   4.69 281.48 -5.14 1667  46.56   361.3 105354.  5.76 -7.76 -26.40  25.58  -6.53 4.36 5.50 5.53 -1.00  -1.0     -1. 37.30 359.1  93455.
105 23:59:25 0.42   4.70 281.47 -5.14 1667  32.99   321.7  61360.  3.25 -1.88 -30.92  22.47  -3.34 0.78 2.28 3.44  1.30 318.9 306512. 27.76 319.0  62383.
