1978/103   rh    esh  clong  clat crot    np1     vp1     Tp1   vaz   vel     Bx     By     Bz  sBx  sBy  sBz   nal   val     Tal   np2   vp2     Tp2
hh:mm:ss [AU]  [deg]  [deg] [deg]    # [cm-3]  [km/s]     [K] [deg] [deg]   [nT]   [nT]   [nT] [nT] [nT] [nT][cm-3][km/s]     [K][cm-3][km/s]     [K]
 0:25:11 0.47 357.67 313.83 -5.94 1667  49.01   526.0  80831.  5.64 -1.17  25.88  -8.82  -5.19 0.18 0.25 0.34  0.73 522.0 450236. 36.21 521.4  62036.
 0:26:33 0.47 357.67 313.82 -5.94 1667  39.80   523.2  82748.  5.16 -1.07  25.86  -8.85  -4.66 0.20 0.40 0.44  1.13 531.2 100040. 30.82 519.9  93257.
 0:27:54 0.47 357.67 313.81 -5.94 1667  47.72   525.5  80887.  5.41 -1.19  25.76  -9.02  -4.77 0.21 0.30 0.33  0.71 517.6 419103. 35.53 521.3  60662.
 0:29:15 0.47 357.67 313.80 -5.94 1667  38.49   521.6  79379.  5.34 -1.31  26.01  -9.01  -4.20 0.18 0.31 0.29  1.15 517.3 449561. 29.95 518.2  95232.
 0:30:36 0.47 357.67 313.79 -5.94 1667  46.21   524.1  84223.  5.68 -1.38  26.10  -8.72  -3.33 0.16 0.23 0.27  0.61 515.9 502835. 35.98 520.3  60425.
 0:31:57 0.47 357.68 313.77 -5.94 1667  41.66   518.9  81270.  0.00  0.00  26.24  -8.54  -3.30 0.15 0.28 0.27  0.96 520.6 185786. 31.38 518.9  98237.
 0:33:18 0.47 357.68 313.76 -5.94 1667  46.50   523.4  87894.  5.32 -1.21  26.24  -8.40  -3.50 0.14 0.27 0.18  0.65 511.8 435008. 35.37 519.6  61906.
 0:34:39 0.47 357.68 313.75 -5.94 1667  40.21   521.9  86042.  5.14 -1.25  26.11  -8.79  -3.40 0.17 0.47 0.47  0.99 525.0 219232. 32.13 518.0  98860.
 0:36:00 0.47 357.68 313.75 -5.94 1667  44.39   519.6  87257.  0.00  0.00  25.99  -9.07  -4.01 0.14 0.24 0.30  0.79 515.1 439244. 35.29 519.7  61321.
 0:37:21 0.47 357.68 313.73 -5.94 1667  41.57   522.3  78814.  5.22 -1.00  26.00  -9.14  -4.29 0.19 0.29 0.32  1.29 526.6 187514. 31.86 518.1  90960.
 0:38:42 0.47 357.69 313.72 -5.94 1667  50.75   525.0  81877.  5.74 -0.86  25.86  -9.41  -3.94 0.19 0.24 0.29  0.82 526.3 239528. 36.33 520.0  59421.
 0:40:03 0.47 357.69 313.71 -5.94 1667  41.33   521.9  78970.  5.24 -0.95  26.04  -9.42  -3.80 0.14 0.25 0.28  0.87 524.8 231485. 31.51 517.4  92243.
 0:41:24 0.47 357.69 313.70 -5.94 1667  47.09   521.4  73032.  5.42 -0.60  26.19  -9.92  -3.87 0.35 1.31 1.47  0.86 512.5 320142. 33.30 517.5  57530.
 0:43:25 0.47 357.69 313.68 -5.94 1667  39.20   516.6  70813.  0.00  0.00  25.70 -12.08   2.02 0.41 2.00 1.81  0.64 520.0 261891. 29.11 514.3  73750.
 0:45:12 0.47 357.70 313.67 -5.93 1667  -1.00    -1.0     -1. -1.00 -1.00  26.13 -11.95   0.16 0.37 0.78 0.27 -1.00  -1.0     -1. -1.00  -1.0     -1.
 0:45:53 0.47 357.70 313.67 -5.93 1667  35.35   517.5  79126.  6.09 -1.35  26.94 -10.22  -0.75 0.22 0.26 0.78  0.68 513.7 313294. 34.15 516.7  48993.
 0:46:33 0.47 357.70 313.66 -5.93 1667  33.89   516.0  58969.  6.07 -2.26  27.25  -8.62  -2.59 0.17 0.82 0.46  0.79 514.6 456590. 29.42 512.6  72752.
 0:46:48 0.47 357.70 313.66 -5.93 1667  42.02   515.5  55646.  4.55 -0.73  27.34  -7.97  -2.79 0.14 0.30 0.21  1.13 523.0 205692. 30.42 510.9  68659.
 0:47:28 0.47 357.70 313.66 -5.93 1667  38.23   515.2  79821.  5.79 -1.00  26.86 -10.21  -3.23 0.26 0.44 0.38  0.60 510.8 193179. 34.44 512.2  70768.
 0:48:09 0.47 357.70 313.65 -5.93 1667  36.72   512.8  58277.  5.12 -1.28  27.07 -10.04  -2.54 0.42 0.57 0.42  0.52 519.5 297481. 29.75 507.1  67441.
 0:48:49 0.47 357.70 313.65 -5.93 1667  38.42   510.7  77482.  4.40 -0.32  27.60  -5.77  -5.94 0.18 1.18 1.29  0.86 509.7 178977. 33.65 509.8  73932.
 0:49:30 0.47 357.70 313.64 -5.93 1667  36.96   514.3  56864.  5.55 -1.19  26.50 -10.08  -3.73 0.61 1.75 2.32  0.92 518.3 436489. 30.01 508.1  69036.
 0:50:10 0.47 357.70 313.64 -5.93 1667  39.90   514.8  96047.  6.19  0.10  26.18 -10.25  -4.87 0.53 0.63 1.30  0.66 510.3 366335. 34.43 510.4  88423.
 0:50:51 0.47 357.70 313.63 -5.93 1667  39.48   506.7  94790.  5.53 -1.26  26.67  -8.95  -3.34 0.41 0.69 0.69  0.46 510.6 314685. 31.04 501.2 103129.
 0:51:31 0.47 357.70 313.62 -5.93 1667  35.03   508.8  96794.  6.69 -1.45  26.11 -10.11  -3.64 0.25 0.48 0.43  0.55 502.1 293830. 33.70 507.5  89641.
 0:52:12 0.47 357.71 313.62 -5.93 1667  39.59   504.9  81864.  6.19 -0.69  26.22  -9.56  -5.02 0.27 0.39 0.72  0.46 515.3 299014. 29.17 496.7  86263.
 0:52:52 0.47 357.71 313.61 -5.93 1667  33.55   503.8  84125.  6.70 -1.08  26.57  -9.23  -4.17 0.22 0.56 0.53  0.47 495.5 484436. 26.58 498.6  95407.
 0:53:33 0.47 357.71 313.61 -5.93 1667  39.78   501.5  81786.  5.52 -0.51  27.03  -7.48  -4.99 0.18 0.51 0.40  0.40 496.8 467245. 30.40 494.4  81796.
 0:54:13 0.47 357.71 313.60 -5.93 1667  34.85   500.1  80809.  5.57 -0.36  26.89  -7.80  -5.40 0.19 0.55 0.39  0.54 495.5 435618. 26.28 496.7  95537.
 0:54:54 0.47 357.71 313.60 -5.93 1667  40.23   501.5  81965.  5.55 -0.49  26.52  -9.34  -4.73 0.16 0.32 0.48  0.42 501.5 470975. 30.38 494.6  81614.
 0:55:34 0.47 357.71 313.59 -5.93 1667  34.17   501.6  78314.  6.38 -0.43  26.38  -9.65  -4.42 0.18 0.47 0.53  0.05 688.2 954891. 25.72 496.9  92977.
 0:56:15 0.47 357.71 313.59 -5.93 1667  38.30   501.6  82228.  6.03 -0.76  26.36  -9.23  -4.62 0.19 0.49 0.73  0.05 678.7 856138. 29.66 493.7  82339.
 0:56:55 0.47 357.71 313.58 -5.93 1667  35.82   500.8  80198.  5.46  0.00  25.99  -9.78  -5.17 0.58 1.52 0.77  0.62 494.0 438659. 26.56 496.2  94647.
 0:57:36 0.47 357.71 313.58 -5.93 1667  41.01   502.0  83092.  5.17 -0.09  26.41  -8.25  -5.36 0.28 0.99 0.90  0.08 675.91053020. 30.41 494.5  82225.
 0:58:16 0.47 357.71 313.57 -5.93 1667  35.82   504.0  84285.  6.05  0.05  26.20  -7.47  -6.22 0.36 0.88 0.85  0.05 694.91170900. 26.43 498.4  93721.
 0:58:57 0.47 357.71 313.57 -5.93 1667  44.46   501.3  84207.  4.68 -0.21  26.52  -6.94  -5.57 0.39 1.04 0.63  0.06 690.3 558423. 30.95 493.2  85964.
 0:59:37 0.47 357.72 313.56 -5.93 1667  27.35   500.6  83641.  5.69 -0.18  27.13  -8.33  -5.17 0.33 0.88 0.46  0.07 702.71046575. 23.38 500.6  95544.
 1:00:18 0.47 357.72 313.56 -5.93 1667  38.97   502.0  86653.  4.91 -0.36  27.11  -7.65  -4.80 0.45 0.45 0.41  0.09 713.9 954059. 27.98 494.0  89498.
 1:00:58 0.47 357.72 313.55 -5.93 1667  31.21   497.9  77742.  5.60 -0.57  26.84  -7.85  -5.23 0.27 0.52 0.85  0.07 693.31103540. 23.65 493.5  94923.
 1:01:39 0.47 357.72 313.55 -5.93 1667  35.19   502.1  86951.  5.11 -0.15  27.17  -8.02  -5.81 0.36 0.48 0.63  0.51 510.7 315958. 25.76 493.5  87988.
 1:02:19 0.47 357.72 313.54 -5.93 1667  22.90   503.0  88631.  5.49 -0.07  27.98  -7.65  -6.75 0.40 0.71 0.53  0.38 510.4 368661. 21.28 503.7  89053.
 1:03:00 0.47 357.72 313.53 -5.93 1667  31.77   502.6  94306.  5.19 -0.38  28.57  -7.46  -7.02 0.94 0.56 0.29  0.16 524.4 207460. 23.11 497.4 112143.
 1:03:40 0.47 357.72 313.53 -5.93 1667  17.93   517.2  47775.  5.29 -0.94  27.40  -7.17  -7.28 0.74 1.13 0.94  0.30 501.6 584684. 18.45 515.1  36526.
 1:04:21 0.47 357.72 313.52 -5.93 1667  36.44   502.5  86532.  5.07 -0.21  26.41  -7.50  -6.32 0.28 0.76 0.56  0.09 671.7 795846. 28.91 497.0  84340.
 1:05:01 0.47 357.72 313.52 -5.93 1667  32.61   502.7  72908.  6.02  0.10  25.94  -8.35  -7.15 0.24 0.36 0.40  0.09 686.9 767364. 23.09 499.1  83622.
 1:05:42 0.47 357.72 313.51 -5.93 1667  26.96   497.2  99283.  5.39 -1.64  27.98  -7.84  -3.14 0.94 1.04 0.57  0.44 486.2 499626. 25.85 495.0  92763.
 1:06:22 0.47 357.73 313.51 -5.93 1667  15.18   502.3  80766.  5.53 -2.11  28.67  -7.84  -2.75 0.29 0.30 0.54  0.47 477.8 441894. 17.93 505.8  80023.
 1:07:03 0.47 357.73 313.50 -5.93 1667  21.52   499.7 105159.  4.95 -2.19  28.89  -7.41  -3.43 0.39 0.20 0.51  0.42 481.3 340309. 19.08 496.6  97100.
 1:07:43 0.47 357.73 313.50 -5.93 1667  15.14   501.0  92705.  5.37 -1.43  28.78  -7.67  -4.22 0.27 0.25 0.35  0.08 684.0 788154. 17.07 506.5  94732.
 1:08:24 0.47 357.73 313.49 -5.93 1667  21.62   502.9  50410.  5.84 -1.84  28.49  -7.92  -4.28 0.41 1.04 0.71  0.12 651.7 607072. 23.25 499.8  51352.
 1:09:04 0.47 357.73 313.49 -5.93 1667  31.38   498.1  73480.  4.71 -0.94  27.08  -5.54  -5.35 0.47 0.73 0.75  0.09 665.8 862167. 24.08 494.7  88780.
 1:09:45 0.47 357.73 313.48 -5.93 1667  31.27   497.5  89547.  5.14 -1.72  26.93  -6.20  -4.59 0.18 0.33 0.36  0.13 676.51096055. 28.22 493.0  81579.
 1:10:25 0.47 357.73 313.48 -5.93 1667  30.13   495.2  63556.  5.52 -2.22  26.72  -6.68  -3.82 0.18 0.42 0.35  0.13 652.0 893560. 24.74 492.3  85889.
 1:11:06 0.47 357.73 313.47 -5.93 1667  31.71   498.7  88462.  5.16 -1.46  26.83  -7.00  -3.75 0.21 0.65 0.91  0.12 672.4 850940. 27.89 494.4  86887.
 1:11:46 0.47 357.73 313.47 -5.93 1667  31.89   500.3  80357.  5.77 -1.48  26.70  -7.21  -4.18 0.33 0.87 1.85  0.15 684.51253437. 24.04 495.6  93604.
 1:12:27 0.47 357.73 313.46 -5.93 1667  33.25   505.0  81832.  4.77 -1.28  27.33  -7.00  -4.70 0.21 1.09 1.09  0.12 673.4 992521. 27.32 502.0  55854.
 1:13:07 0.47 357.74 313.46 -5.93 1667  27.55   502.0  82754.  5.87 -2.72  26.69  -8.73  -1.99 0.72 1.80 3.05  0.82 476.3 502809. 22.43 499.4  97597.
 1:13:48 0.47 357.74 313.45 -5.93 1667  30.49   504.2  93406.  5.13 -2.72  24.80 -10.91   4.24 2.10 3.95 3.61  0.12 645.4 759879. 25.54 499.3  89368.
 1:14:28 0.47 357.74 313.45 -5.93 1667  26.06   510.1  89144.  7.06 -3.00  26.07 -10.05  -0.75 0.56 1.89 2.01  0.16 644.91085972. 26.37 508.4  81913.
 1:15:09 0.47 357.74 313.44 -5.93 1667  30.16   507.7  75478.  6.33 -1.78  26.27  -8.51  -2.43 0.73 2.21 2.00  0.20 635.1 660555. 25.74 503.3  54272.
 1:15:49 0.47 357.74 313.43 -5.93 1667  30.06   501.1  75731.  5.08 -3.10  26.72  -7.41  -1.32 0.33 1.14 0.98  0.21 639.61046368. 24.84 499.6  89365.
 1:16:30 0.47 357.74 313.43 -5.93 1667  31.13   503.7  81507.  5.20 -3.19  26.89  -7.55  -1.22 0.33 0.98 1.16  0.14 639.6 572119. 27.24 501.7  56169.
 1:17:10 0.47 357.74 313.43 -5.93 1667  30.00   503.3  73636.  5.82 -2.69  26.59  -8.17  -2.64 0.16 0.55 0.56  0.20 635.11231048. 24.77 501.2  86201.
 1:17:51 0.47 357.74 313.42 -5.93 1667  30.45   503.9  83839.  5.52 -2.54  26.73  -8.04  -1.95 0.32 0.91 0.56  0.14 648.3 564335. 27.62 501.9  57371.
 1:18:31 0.47 357.74 313.41 -5.93 1667  28.14   500.0  74773.  4.88 -2.27  27.26  -5.63  -1.38 0.33 1.70 1.40  0.18 620.3 689232. 23.89 498.3  87962.
 1:19:12 0.47 357.74 313.41 -5.93 1667  33.26   502.0  83177.  3.79 -2.96  27.63  -3.51  -0.86 0.16 1.02 0.63  0.18 663.1 852603. 28.06 500.5  56718.
 1:19:52 0.47 357.74 313.40 -5.93 1667  30.14   503.8  80900.  5.41 -3.70  26.49  -7.61   2.05 1.05 2.41 3.07  0.17 641.11268874. 24.05 501.0  92139.
 1:20:33 0.47 357.75 313.40 -5.93 1667  35.55   511.2  53366.  6.11 -5.69  25.47 -10.32   5.87 0.37 0.54 1.13  0.17 638.3 720924. 25.93 503.3  55896.
 1:21:13 0.47 357.75 313.40 -5.93 1667  32.87   504.6  74006.  6.11 -4.44  26.02  -9.60   3.05 0.30 1.00 1.07  0.18 636.01163740. 24.28 500.3  86610.
 1:21:54 0.47 357.75 313.39 -5.93 1667  34.14   497.7  94689.  5.18 -4.68  26.58  -5.58   4.71 0.40 1.64 1.43  0.16 651.0 501042. 27.87 491.8  95320.
 1:22:34 0.47 357.75 313.39 -5.93 1667  35.60   496.7  75199.  4.08 -5.51  26.43  -2.28   6.72 0.30 0.91 1.37  0.18 642.3 979592. 26.61 492.7  87692.
 1:23:15 0.47 357.75 313.38 -5.93 1667  45.53   503.8  79337.  3.59 -5.75  26.68  -3.68   5.15 0.18 0.68 0.86  0.09 651.4 561542. 31.19 496.1  82069.
 1:23:55 0.47 357.75 313.37 -5.93 1667  34.29   507.1  74568.  4.34 -4.92  26.74  -4.99   4.84 0.18 1.00 1.04  0.18 637.01055346. 27.83 506.7  77794.
 1:24:36 0.47 357.75 313.37 -5.93 1667  40.90   510.6  55198.  3.77 -5.36  26.53  -4.62   5.29 0.31 1.51 2.10  0.15 640.1 741168. 27.64 503.5  60574.
 1:25:16 0.47 357.75 313.36 -5.93 1667  29.31   503.4  74789.  4.38 -3.67  26.72  -6.73   1.71 0.47 1.52 2.57  0.19 641.51042417. 25.33 503.2  82904.
 1:25:57 0.47 357.75 313.36 -5.93 1667  31.01   507.5  80581.  4.81 -3.86  26.50  -8.09   0.31 0.64 2.48 1.98  0.14 638.4 739791. 26.90 504.9  57105.
 1:26:37 0.47 357.75 313.35 -5.93 1667  31.99   509.3  75199.  5.63 -1.41  26.56  -7.23  -2.96 0.37 1.57 2.15  0.13 651.4 702291. 27.62 508.5  76098.
 1:27:18 0.47 357.76 313.35 -5.93 1667  40.15   508.2  78402.  4.55  0.50  23.59  -5.42 -12.14 1.76 2.13 3.90  0.19 651.5 794599. 27.29 503.2  61350.
 1:27:58 0.47 357.76 313.34 -5.93 1667  34.09   509.0  87728.  6.20 -5.56  25.05  -8.64   5.67 1.09 4.56 2.83  0.21 615.3 813141. 25.64 506.0  99062.
 1:28:39 0.47 357.76 313.34 -5.93 1667  26.46   512.2  59713.  4.97 -3.43  26.45  -7.89   0.31 0.67 1.05 4.64  0.20 637.9 795898. 24.84 509.0  70693.
 1:29:18 0.47 357.76 313.33 -5.93 1667  32.07   506.3  85454.  0.00  0.00  25.18  -9.43  -6.83 0.59 0.88 1.59  1.11 495.0 333461. 26.95 507.0  85360.
 1:29:59 0.47 357.76 313.32 -5.93 1667  -1.00    -1.0     -1. -1.00 -1.00  24.90  -9.96  -6.51 1.23 1.21 2.75 -1.00  -1.0     -1. -1.00  -1.0     -1.
 1:30:39 0.47 357.76 313.32 -5.93 1667  34.14   503.8  78476.  6.34  0.20  25.47  -9.75  -6.30 0.49 0.67 0.87  0.17 641.2 977799. 22.77 497.4  90518.
 1:31:20 0.47 357.76 313.32 -5.93 1667  32.47   499.9  95355.  5.18 -0.83  26.51  -8.32  -4.32 0.43 1.12 1.04  0.15 645.4 565596. 26.39 494.1  92292.
 1:32:01 0.47 357.76 313.31 -5.93 1667  32.58   498.3  78531.  5.59 -0.96  27.00  -7.23  -2.90 0.24 0.62 0.66  0.18 641.21188104. 24.32 491.0 115924.
 1:32:42 0.47 357.76 313.31 -5.93 1667  33.07   500.9  93260.  5.63 -0.68  26.17  -8.94  -4.06 0.59 1.21 0.45  0.12 649.4 736802. 27.26 494.9  86987.
 1:33:22 0.47 357.76 313.30 -5.93 1667  36.65   506.1  78752.  6.28  0.74  23.09 -10.27  -0.94 2.16 3.54 8.64  0.22 612.6 728252. 24.03 500.3  93673.
 1:34:03 0.47 357.77 313.30 -5.93 1667  33.32   513.7  61497.  5.50  0.93  23.59 -10.15  -8.22 0.97 1.74 1.13  0.16 631.3 764167. 24.34 504.7  60314.
 1:34:43 0.47 357.77 313.29 -5.93 1667  34.03   508.5  82391.  5.35  1.07  24.01  -9.62  -5.66 1.64 2.44 5.42  0.99 508.0 551497. 25.04 505.8  90804.
 1:35:24 0.47 357.77 313.28 -5.93 1667  26.09   506.9  84054.  6.03 -2.44  25.32 -11.04  -0.21 0.43 0.85 0.68  0.80 525.8 596768. 23.53 503.9  60009.
 1:36:04 0.47 357.77 313.28 -5.93 1667  21.88   515.4  86714.  3.93  2.90  24.63  -7.94  -9.84 1.05 2.02 3.45  0.77 511.4 777005. 23.66 518.5  55230.
 1:36:45 0.47 357.77 313.27 -5.93 1667  15.89   520.5  82108.  4.64  3.58  24.22  -8.54 -13.48 0.63 0.74 1.75  0.22 626.8 728058. 13.28 517.5  89781.
 1:37:25 0.47 357.77 313.27 -5.93 1667  14.20   518.1  73867.  4.82  1.84  24.60  -8.25 -13.74 0.26 0.36 0.26  0.40 523.8 570208. 14.05 519.0  51017.
 1:38:06 0.47 357.77 313.26 -5.93 1667  16.70   518.3  48623.  4.15  1.35  24.28  -8.82 -14.25 0.55 0.65 0.72  0.49 531.7 748224. 13.04 514.5  65752.
 1:38:46 0.47 357.77 313.26 -5.93 1667  12.97   519.6  81959.  4.78  2.11  24.03  -9.21 -14.60 0.25 0.30 0.38 -1.00  -1.0     -1. 12.80 519.8  53116.
 1:39:27 0.47 357.77 313.25 -5.93 1667  16.72   516.4  52547.  4.09  1.14  24.89  -8.98 -13.23 0.41 0.33 0.44  0.19 632.8 783970. 11.76 512.1  73353.
 1:40:07 0.47 357.77 313.25 -5.93 1667  16.19   513.6  74799.  4.62  1.16  25.99  -8.27 -11.32 0.18 0.27 0.36 -1.00  -1.0     -1. 13.53 515.5  54581.
 1:40:48 0.47 357.77 313.24 -5.93 1667  20.74   514.1  45995.  3.93  0.80  25.92  -8.65 -11.27 0.26 0.43 0.34  0.53 504.3 515686. 13.00 506.7  50293.
 1:41:28 0.47 357.78 313.24 -5.93 1667  15.24   511.9  68068.  4.77  0.96  25.58  -9.46 -11.65 0.13 0.30 0.26  0.39 529.7 629252. 11.34 514.0  56422.
 1:42:09 0.47 357.78 313.23 -5.93 1667  19.64   514.3  50043.  3.88  0.84  25.59  -9.39 -11.57 0.18 0.31 0.24  0.21 622.1 552966. 12.71 506.9  51985.
 1:42:49 0.47 357.78 313.23 -5.93 1667  17.34   509.8  67139.  4.60  0.74  25.47  -9.89 -11.39 0.42 0.39 0.61  0.59 506.9 843469. 12.21 506.5  74715.
 1:43:30 0.47 357.78 313.22 -5.93 1667  17.37   515.9  49643.  4.59  1.01  25.12 -10.51 -11.81 0.18 0.29 0.35  0.22 624.0 592324. 13.08 511.1  63615.
 1:44:10 0.47 357.78 313.22 -5.93 1667  16.23   514.3  67899.  4.92  1.15  24.88 -10.04 -12.79 0.24 0.28 0.54  0.56 505.9 842949. 13.64 515.8  54178.
 1:44:51 0.47 357.78 313.21 -5.93 1667  16.61   517.4  48473.  5.22  0.91  24.78 -10.08 -12.91 0.37 0.76 0.77  0.24 629.4 707774. 12.32 512.1  66373.
 1:45:31 0.47 357.78 313.21 -5.93 1667  14.35   514.8  74815.  4.44  1.51  25.06  -9.24 -13.07 0.44 0.51 0.68 -1.00  -1.0     -1. 12.91 517.1  52950.
 1:46:12 0.47 357.78 313.20 -5.93 1667  17.80   518.4  55165.  6.63  1.12  26.00 -10.12 -10.78 0.69 0.71 0.98  0.16 650.6 464244. 11.64 514.1  81907.
 1:46:52 0.47 357.78 313.19 -5.93 1667  17.54   508.0  66028.  4.70 -0.16  26.88 -10.07  -8.82 0.20 0.34 0.34  0.56 461.6 482305. 12.06 504.0  76423.
 1:47:33 0.47 357.78 313.19 -5.93 1667  18.77   513.2  50202.  4.63  0.56  26.47 -10.70  -9.25 0.37 0.43 0.49  0.21 627.6 680721. 12.85 505.9  51712.
 1:48:13 0.47 357.79 313.18 -5.93 1667  17.73   512.9  74516.  5.45  0.47  26.00 -11.50  -9.42 0.28 0.30 0.28 -1.00  -1.0     -1. 12.29 510.7  77239.
 1:48:54 0.47 357.79 313.18 -5.93 1667  18.44   514.7  51238.  4.01  0.87  26.10 -11.08  -9.74 0.34 0.73 0.31  0.56 452.8 264463. 12.86 507.4  53181.
 1:49:34 0.47 357.79 313.17 -5.93 1667  17.59   511.7  72593.  5.05  0.66  26.33 -11.30  -9.29 0.45 0.43 1.00  0.49 470.6 292595. 12.52 510.4  75903.
 1:50:15 0.47 357.79 313.17 -5.93 1667  16.69   519.0  50247.  6.24  0.82  25.61 -12.67  -9.38 0.47 1.03 1.04  0.07 713.5 562581. 11.79 513.3  67172.
 1:50:54 0.47 357.79 313.16 -5.93 1667  17.14   516.4  77810.  5.88  0.53  25.76 -13.49  -7.84 0.39 0.62 0.66 -1.00  -1.0     -1. 12.65 515.2  56218.
 1:51:35 0.47 357.79 313.16 -5.92 1667  -1.00    -1.0     -1. -1.00 -1.00  25.29 -12.65  -8.69 0.33 1.81 1.10 -1.00  -1.0     -1. -1.00  -1.0     -1.
 1:52:15 0.47 357.79 313.15 -5.92 1667  17.48   511.5  67747.  5.17  0.50  26.70 -11.29  -8.37 0.64 0.31 0.27  0.45 470.4 291374. 12.74 509.8  75150.
 1:52:56 0.47 357.79 313.15 -5.92 1667  19.43   516.1  58407.  5.05  1.05  25.71 -11.74  -7.25 0.53 1.40 3.55  0.79 523.8 724406. 14.80 511.3  72782.
 1:53:37 0.47 357.79 313.14 -5.92 1667  27.65   508.5  71070.  5.75 -0.54  26.31 -12.02  -3.28 0.31 0.47 1.35  0.79 521.2 395039. 19.11 503.2  78379.
 1:54:18 0.47 357.79 313.14 -5.92 1667  21.92   510.7  57332.  5.32 -0.67  26.56 -11.98  -6.10 0.58 0.71 2.44  0.59 513.0 480213. 17.78 504.0  56971.
 1:54:58 0.47 357.79 313.13 -5.92 1667  17.99   517.3  72113.  5.60  1.02  25.81 -12.80  -9.54 0.32 0.43 0.66  0.53 526.3 553979. 14.49 516.6  55136.
 1:55:39 0.47 357.80 313.13 -5.92 1667  20.39   516.2  54519.  5.46  1.07  25.55 -13.09  -9.02 0.42 0.56 0.49  0.51 520.8 372507. 16.61 512.0  67539.
 1:56:19 0.47 357.80 313.12 -5.92 1667  20.95   516.6  73997.  6.14  1.07  25.90 -11.29  -9.61 1.47 3.12 0.85  0.70 514.3 867897. 15.92 515.6  58167.
 1:57:00 0.47 357.80 313.12 -5.92 1667  22.49   511.5  56208.  3.62  1.17  26.77  -6.68 -10.73 0.48 1.42 0.91  0.65 506.1 478069. 16.89 505.6  55428.
 1:57:40 0.47 357.80 313.11 -5.92 1667  14.27   510.0  74195.  3.54  1.70  26.78  -8.97 -10.51 0.27 1.91 1.37  0.56 508.1 848173. 12.88 513.6  55812.
 1:58:21 0.47 357.80 313.11 -5.92 1667  19.69   516.2  56562.  5.97  0.76  25.81 -13.37  -7.88 0.31 0.74 0.87  0.47 512.8 520299. 15.37 511.1  70677.
 1:59:01 0.47 357.80 313.10 -5.92 1667  20.52   515.1  73568.  5.52  0.55  25.66 -14.09  -6.93 0.36 0.61 0.70  0.67 517.3 684632. 14.99 511.7  79230.
 1:59:42 0.47 357.80 313.09 -5.92 1667  30.18   511.6  56059.  4.53  0.84  25.83 -11.68  -7.01 0.66 2.36 1.93  0.71 526.5 734230. 21.71 504.6  57387.
 2:00:22 0.47 357.80 313.09 -5.92 1667  22.13   516.1  77216.  7.04 -1.87  24.50 -15.99   0.18 0.82 1.15 1.98  0.80 522.3 505382. 19.68 515.6  56085.
 2:01:03 0.47 357.80 313.09 -5.92 1667  16.76   512.6  65612.  6.41  0.27  25.61 -14.41  -3.35 0.69 1.63 3.00  0.21 639.6 802434. 13.79 507.1  78873.
 2:01:43 0.47 357.80 313.08 -5.92 1667  14.07   516.7  82420.  5.56  1.45  26.06 -13.53  -6.15 0.32 1.66 2.31  0.20 631.0 560450. 11.61 516.9  60850.
 2:02:24 0.47 357.81 313.08 -5.92 1667  16.98   518.3  56247.  5.85  0.61  24.91 -16.39  -5.01 0.75 0.86 1.38  0.70 470.3 466375. 12.60 515.0  79168.
 2:03:04 0.47 357.81 313.07 -5.92 1667  18.73   518.1  79006.  5.80  0.09  25.28 -16.21  -4.46 1.10 1.03 1.67 -1.00  -1.0     -1. 13.76 516.6  60678.
 2:03:45 0.47 357.81 313.07 -5.92 1667  15.86   515.1  55841.  5.46 -0.97  25.98 -14.54  -5.44 0.73 1.33 0.86  0.54 502.2 501783. 12.85 510.0  70199.
 2:04:25 0.47 357.81 313.06 -5.92 1667  15.50   518.5  76846.  5.88  0.91  25.73 -14.36  -7.00 0.20 0.44 0.43  0.19 629.8 548353. 12.16 517.1  58895.
 2:05:06 0.47 357.81 313.06 -5.92 1667  15.08   520.5  53710.  6.39  0.89  25.13 -15.29  -7.01 0.27 0.53 0.58 -1.00  -1.0     -1. 12.07 515.8  72291.
 2:05:46 0.47 357.81 313.05 -5.92 1667  15.42   521.8  78168.  6.82  0.01  25.63 -14.64  -6.78 0.55 1.38 1.20  0.22 649.4 809776. 11.89 519.2  57910.
 2:06:27 0.47 357.81 313.05 -5.92 1667  14.72   518.5  53395.  5.91  1.05  25.42 -14.19  -8.42 0.28 0.37 0.48 -1.00  -1.0     -1. 11.58 513.4  70790.
 2:07:07 0.47 357.81 313.04 -5.92 1667  16.23   533.3  68413.  7.12  1.47  24.47 -14.97  -9.62 0.73 0.83 0.79  0.28 638.01046030. 13.56 528.8  80624.
 2:07:48 0.47 357.81 313.03 -5.92 1667  15.36   516.9  53499.  5.51  0.65  25.91 -14.28  -6.17 0.41 0.83 1.10 -1.00  -1.0     -1. 11.62 511.2  69731.
 2:08:28 0.47 357.81 313.03 -5.92 1667  14.86   512.3  72067.  5.12  1.03  26.39 -12.97  -6.67 0.33 0.99 1.20  0.25 630.51039650. 11.15 511.2  78158.
 2:09:09 0.47 357.82 313.02 -5.92 1667  16.32   514.2  54892.  4.67  0.65  26.52 -12.47  -6.94 0.38 0.56 0.48 -1.00  -1.0     -1. 12.65 510.3  68568.
 2:09:49 0.47 357.82 313.02 -5.92 1667  14.21   514.2  78220.  4.96  1.28  26.37 -12.63  -7.21 0.23 0.76 0.81  0.21 619.0 640895. 11.14 515.0  60532.
 2:10:30 0.47 357.82 313.01 -5.92 1667  15.46   516.7  55594.  5.49 -0.19  26.10 -13.28  -6.74 0.57 1.13 1.42  0.71 471.1 460411. 12.25 511.4  71492.
 2:11:10 0.47 357.82 313.01 -5.92 1667  12.05   516.2  75458.  5.00  1.49  25.71 -13.19  -8.30 0.45 0.83 0.64  0.21 608.1 710139.  9.84 516.4  58774.
 2:11:51 0.47 357.82 313.00 -5.92 1667  13.97   510.8  58027.  5.02 -1.65  27.14 -12.21  -3.41 1.14 1.63 2.40  0.20 638.1 713336. 12.28 504.9  54207.
 2:12:31 0.47 357.82 313.00 -5.92 1667  14.87   508.4  72139.  5.12 -1.59  27.78 -11.61  -1.38 0.46 0.97 1.11 -1.00  -1.0     -1. 11.38 504.5  73568.
 2:13:12 0.47 357.82 312.99 -5.92 1667  15.78   517.4  54106.  6.27 -0.21  26.69 -13.38  -4.32 0.49 0.95 0.64  0.21 628.5 911206. 11.75 511.6  70001.
 2:13:52 0.47 357.82 312.99 -5.92 1667  15.97   517.5  72174.  6.16  0.05  26.44 -13.58  -4.73 0.76 1.19 0.91 -1.00  -1.0     -1. 11.73 515.8  60863.
 2:14:33 0.47 357.82 312.98 -5.92 1667  -1.00    -1.0     -1. -1.00 -1.00  26.68 -13.19  -4.71 0.46 0.75 0.67 -1.00  -1.0     -1. 11.67 504.4  51576.
 2:16:15 0.47 357.83 312.97 -5.92 1667  15.48   513.3  55350.  4.27  1.50  26.99 -11.44  -8.24 0.42 1.01 0.64  0.78 468.7 460527. 12.64 509.4  67155.
 2:16:56 0.47 357.83 312.96 -5.92 1667  14.96   510.2  70839.  4.99  1.17  26.88 -12.13  -7.87 0.21 0.71 0.59 -1.00  -1.0     -1. 11.28 507.2  75959.
 2:17:36 0.47 357.83 312.96 -5.92 1667  16.03   512.3  52823.  4.45  1.18  26.95 -11.05  -8.52 0.41 0.69 0.47  0.55 501.6 495455. 11.91 506.0  52482.
 2:17:55 0.47 357.83 312.96 -5.92 1667  14.93   513.2  73149.  5.26  1.06  26.41 -12.05  -8.51 0.46 1.38 0.81  0.16 630.3 629447. 11.65 511.5  76573.
 2:18:36 0.47 357.83 312.95 -5.92 1667  15.47   512.7  54834.  4.06  1.50  26.22 -11.91  -9.23 0.62 1.28 0.78 -1.00  -1.0     -1. 12.33 506.4  51495.
 2:19:16 0.47 357.83 312.94 -5.92 1667  12.52   513.3  81082.  4.37  2.99  25.92 -11.52 -10.47 0.46 1.18 0.90  0.63 480.5 445000. 11.12 515.6  61406.
 2:19:57 0.47 357.83 312.94 -5.92 1667  14.46   515.8  55370.  4.27  3.42  24.90 -13.64  -9.80 0.56 1.85 1.23  0.85 465.3 434410. 11.70 512.2  71629.
 2:20:37 0.47 357.83 312.93 -5.92 1667  11.69   529.1  67594.  6.78  1.21  25.38 -13.22  -8.95 1.07 1.82 1.35 -1.00  -1.0     -1. 11.04 522.5  58459.
 2:21:18 0.47 357.83 312.93 -5.92 1667  13.73   518.5  54912.  5.86  1.86  25.19 -14.22  -8.25 0.39 0.71 0.83 -1.00  -1.0     -1. 11.57 514.6  70813.
 2:21:58 0.47 357.83 312.92 -5.92 1667  12.71   515.2  73422.  5.70  1.57  25.45 -13.26  -8.91 0.30 1.04 0.97 -1.00  -1.0     -1. 10.28 516.1  58732.
 2:22:39 0.47 357.83 312.92 -5.92 1667  15.78   513.7  53833.  5.52  0.71  25.57 -13.15  -8.81 0.24 0.94 0.90 -1.00  -1.0     -1. 11.62 506.8  53785.
 2:23:19 0.47 357.84 312.91 -5.92 1667  13.37   512.8  77459.  1.77  4.53  25.62 -12.35  -9.29 0.37 1.20 1.32 -1.00  -1.0     -1. 11.29 515.1  60259.
 2:24:00 0.47 357.84 312.91 -5.92 1667  15.35   515.6  53236.  5.89  0.66  25.74 -13.73  -7.32 0.34 1.08 1.30 -1.00  -1.0     -1. 11.55 508.0  51777.
 2:24:40 0.47 357.84 312.90 -5.92 1667  17.40   513.7  71180.  5.92  0.62  26.05 -13.28  -7.30 0.46 1.14 1.00 -1.00  -1.0     -1. 11.81 510.4  75614.
 2:25:21 0.47 357.84 312.90 -5.92 1667  15.06   514.1  51761.  5.74 -0.27  25.73 -13.26  -8.36 0.47 1.00 1.25 -1.00  -1.0     -1. 11.69 506.9  51618.
 2:26:01 0.46 357.84 312.90 -5.92 1667  14.40   512.0  70189.  5.15  1.51  25.83 -14.11  -6.03 0.25 0.99 1.74  0.20 617.9 649211. 11.15 511.0  77404.
 2:26:42 0.46 357.84 312.89 -5.92 1667  14.19   516.8  53967.  5.91 -0.91  25.74 -15.25  -2.76 0.27 0.46 0.89  0.50 508.9 594169. 11.57 512.1  69975.
 2:27:22 0.46 357.84 312.88 -5.92 1667  14.29   509.3  74088.  0.00  0.00  25.54 -15.21  -4.63 0.55 0.88 1.11  0.60 479.7 473586. 10.44 508.1  75952.
 2:28:03 0.46 357.84 312.88 -5.92 1667  15.89   515.6  55055.  6.10  0.64  25.61 -14.98  -5.68 0.31 0.68 1.01 -1.00  -1.0     -1. 12.43 510.9  69238.
 2:28:43 0.46 357.84 312.87 -5.92 1667  16.22   511.3  70989.  6.04 -0.09  25.87 -14.59  -5.09 0.32 0.62 0.89 -1.00  -1.0     -1. 10.78 506.1  75657.
 2:29:24 0.46 357.84 312.87 -5.92 1667  15.54   509.1  53853.  4.36  0.69  26.56 -12.40  -6.61 0.48 0.75 1.07 -1.00  -1.0     -1. 11.75 503.0  51657.
 2:30:04 0.46 357.85 312.86 -5.92 1667  14.80   507.5  63715.  4.61  0.64  26.20 -11.99  -8.23 0.19 1.01 1.34 -1.00  -1.0     -1. 10.44 503.7  72879.
 2:30:45 0.46 357.85 312.85 -5.92 1667  13.16   511.4  53466.  3.80  1.55  25.62 -12.90  -6.30 0.52 2.93 5.47  0.54 473.2 427952. 11.16 506.0  51179.
 2:31:25 0.46 357.85 312.85 -5.92 1667  15.94   509.3  72233.  4.82  0.45  26.43 -12.66  -5.19 0.35 0.88 0.77 -1.00  -1.0     -1. 11.43 505.5  78434.
 2:32:06 0.46 357.85 312.85 -5.92 1667  15.88   514.3  55857.  4.72  0.30  25.98 -13.60  -4.90 0.28 0.54 0.58  0.48 519.5 463906. 12.42 507.8  52466.
 2:32:46 0.46 357.85 312.84 -5.92 1667  16.46   510.6  73542.  5.34 -0.67  25.88 -13.73  -4.24 0.32 0.36 0.53  0.49 524.5 564504. 11.15 506.3  77710.
 2:33:27 0.46 357.85 312.83 -5.92 1667  16.98   518.8  81595.  5.82 -0.03  24.88 -15.14  -3.66 0.42 0.81 0.63  0.54 514.5 524340. 13.83 512.1  81929.
 2:34:07 0.46 357.85 312.83 -5.92 1667  19.64   506.8  75452.  5.08  1.41  25.02 -11.56  -9.27 0.38 2.34 3.72 -1.00  -1.0     -1. 15.05 503.9  83560.
 2:34:48 0.46 357.85 312.82 -5.92 1667  15.47   520.4  71736.  3.89  3.47  24.51 -10.24 -12.71 0.40 0.62 0.39 -1.00  -1.0     -1. 13.63 515.3  71330.
 2:35:28 0.46 357.85 312.82 -5.92 1667  18.90   510.4  86601.  5.93 -0.12  26.22 -12.67  -3.05 0.72 1.61 1.22 -1.00  -1.0     -1. 13.85 505.9  92344.
 2:36:09 0.46 357.85 312.82 -5.92 1667  12.03   505.4  58677.  3.70 -0.57  26.48 -12.66  -2.85 0.50 0.59 0.91  0.37 575.51020991. 10.32 503.4  54889.
 2:36:49 0.46 357.85 312.81 -5.92 1667  14.59   502.8  60658.  2.98 -0.12  26.91 -11.27  -4.14 0.44 0.82 0.92  0.47 525.0 547183. 11.05 498.9  65739.
 2:37:30 0.46 357.86 312.81 -5.92 1667  12.65   508.4  58066.  3.22  0.83  26.66 -11.27  -6.19 0.26 0.40 0.44  0.41 517.6 541089. 10.79 504.2  51966.
 2:38:10 0.46 357.86 312.80 -5.92 1667  15.60   507.2  66051.  4.12 -0.16  27.12 -11.33  -3.44 0.23 0.78 0.28  0.48 545.5 863012. 11.77 502.7  69878.
 2:38:51 0.46 357.86 312.79 -5.92 1667  13.86   509.4  56364.  4.88 -0.76  26.50 -12.18  -3.65 0.62 1.17 1.22  0.49 509.9 544195. 11.53 504.0  51378.
 2:39:31 0.46 357.86 312.79 -5.92 1667  14.90   509.5  74666.  4.56  2.54  23.62 -14.60  -9.44 1.17 1.19 1.65  0.47 548.4 931164. 11.69 505.4  77382.
 2:40:12 0.46 357.86 312.78 -5.92 1667  14.37   524.6  71736.  6.37  1.53  23.85 -14.43  -8.89 0.75 1.42 1.49 -1.00  -1.0     -1. 11.28 517.2  74075.
 2:40:52 0.46 357.86 312.78 -5.92 1667  14.37   507.8  81309.  4.82  1.62  25.27 -10.91  -9.82 0.60 1.80 1.25 -1.00  -1.0     -1. 10.49 504.4  85987.
 2:41:33 0.46 357.86 312.77 -5.92 1667  14.71   511.3  61363.  5.16  0.32  25.15 -12.59  -8.29 0.26 1.29 1.56 -1.00  -1.0     -1. 12.22 508.1  73431.
 2:42:13 0.46 357.86 312.77 -5.92 1667  13.44   513.3  70524.  4.47  2.51  24.85 -11.94 -10.10 0.44 0.85 0.80  0.25 597.0 568766. 10.38 510.6  61350.
 2:42:54 0.46 357.86 312.76 -5.92 1667  13.24   515.8  58830.  4.73  2.38  24.20 -11.71 -11.49 0.65 0.80 1.19 -1.00  -1.0     -1. 12.04 513.2  71596.
 2:43:34 0.46 357.86 312.76 -5.92 1667  16.60   529.4 113332.  3.58  4.84  23.45 -10.13 -14.07 0.52 0.58 0.71  0.05 714.1 603953. 13.64 528.0  94468.
 2:44:15 0.46 357.87 312.75 -5.92 1667  14.75   518.4  51290.  3.43  4.60  24.21 -11.39 -11.74 0.28 0.48 0.71 -1.00  -1.0     -1. 11.88 514.4  67792.
 2:44:55 0.46 357.87 312.75 -5.92 1667  13.86   521.8  82228.  4.05  4.86  23.77 -11.44 -12.25 0.33 0.45 0.67 -1.00  -1.0     -1. 11.27 520.6  65115.
 2:45:36 0.46 357.87 312.74 -5.92 1667  15.61   526.2  75907.  4.14  5.34  24.21 -10.63 -11.98 0.84 0.80 1.15 -1.00  -1.0     -1. 10.74 521.3  84181.
 2:46:16 0.46 357.87 312.74 -5.92 1667  11.71   523.9  87406.  3.56  5.01  24.16 -10.68 -11.93 0.58 0.92 0.85 -1.00  -1.0     -1.  9.94 522.0  63985.
 2:46:57 0.46 357.87 312.73 -5.92 1667  12.71   513.3  54561.  3.40  3.35  24.61 -10.33 -11.11 0.97 0.75 2.15  0.38 540.6 603265. 10.54 507.4  50153.
 2:47:37 0.46 357.87 312.73 -5.92 1667  15.00   519.8  85412.  3.76  5.02  24.77  -9.44 -11.28 0.68 2.03 2.26  0.41 526.5 602056. 11.68 519.8  63764.
 2:48:18 0.46 357.87 312.72 -5.92 1667  15.14   521.1  70199.  3.63  4.84  24.46  -9.50 -12.23 0.61 1.16 1.46 -1.00  -1.0     -1. 11.34 515.5  75095.
 2:48:58 0.46 357.87 312.72 -5.92 1667  15.60   518.8  81280.  3.34  5.36  24.57  -9.96 -11.87 0.54 0.60 0.80 -1.00  -1.0     -1. 12.24 518.5  62754.
 2:49:39 0.46 357.87 312.71 -5.92 1667  16.38   521.0  74218.  2.59  5.52  25.16 -10.08  -9.87 0.63 1.86 1.33 -1.00  -1.0     -1. 12.20 516.3  73185.
 2:50:19 0.46 357.88 312.71 -5.92 1667  12.97   518.7  81504.  2.43  5.84  24.37 -10.71 -11.61 0.72 1.28 1.70 -1.00  -1.0     -1. 11.14 520.5  59392.
 2:51:00 0.46 357.88 312.70 -5.92 1667  13.08   512.4  59668.  3.45  3.15  25.49 -11.45  -8.63 0.22 0.56 0.77 -1.00  -1.0     -1. 10.98 507.1  51732.
 2:51:40 0.46 357.88 312.69 -5.92 1667  12.94   512.0  69325.  3.80  3.54  24.96 -10.59 -11.01 0.50 1.09 1.43 -1.00  -1.0     -1.  9.77 508.0  73480.
 2:52:21 0.46 357.88 312.69 -5.92 1667  14.71   521.7  74120.  3.45  5.23  23.76 -10.86 -12.74 1.20 1.78 2.77  0.32 584.2 733723. 11.00 516.7  75536.
 2:53:01 0.46 357.88 312.68 -5.92 1667  14.53   508.9  68650.  2.94  3.50  25.08  -9.24 -11.70 0.50 0.72 0.85 -1.00  -1.0     -1. 11.19 505.5  69595.
 2:53:42 0.46 357.88 312.68 -5.92 1667  12.65   513.4  59638.  4.21  3.34  24.94  -9.65 -11.59 0.50 0.70 1.30  0.31 583.3 667662. 10.50 507.1  53356.
 2:54:22 0.46 357.88 312.67 -5.92 1667  13.30   511.7  71755.  4.47  2.97  24.93 -10.39 -11.06 0.51 1.51 1.32 -1.00  -1.0     -1. 10.27 507.4  72402.
 2:55:03 0.46 357.88 312.67 -5.92 1667  14.65   513.0  60548.  2.78  4.58  25.19  -9.95 -11.20 0.34 0.86 0.44 -1.00  -1.0     -1. 11.86 510.7  73308.
 2:55:43 0.46 357.88 312.66 -5.92 1667  14.26   510.7  73025.  3.41  3.87  25.45 -10.52 -10.04 0.31 0.68 0.59 -1.00  -1.0     -1. 11.33 506.2  71840.
 2:56:24 0.46 357.88 312.66 -5.91 1667  12.77   498.4  53226.  3.38  0.56  27.05 -10.30  -4.16 0.54 1.17 2.58 -1.00  -1.0     -1.  9.87 498.0  53967.
 2:57:04 0.46 357.89 312.65 -5.91 1667  14.95   503.0  60477.  4.18  0.02  26.56 -11.64  -4.01 0.47 1.47 1.72  0.41 525.2 559852. 11.37 497.8  63874.
 2:57:45 0.46 357.89 312.65 -5.91 1667  14.16   499.2  55662.  3.32 -0.29  26.77 -11.63  -1.91 0.38 0.92 0.39 -1.00  -1.0     -1. 11.12 498.7  56065.
 2:58:25 0.46 357.89 312.64 -5.91 1667  14.46   496.5  49818.  1.25  0.84  27.22  -9.64  -4.29 0.44 1.28 0.92  0.36 528.5 609008. 11.80 495.6  64154.
 2:59:06 0.46 357.89 312.64 -5.91 1667  11.76   512.7  56647.  3.40  4.25  25.61  -9.56  -9.77 0.79 1.51 2.88  0.54 532.2 842377. 10.43 507.8  49822.
 2:59:46 0.46 357.89 312.63 -5.91 1667  13.75   505.4  64203.  1.17  4.96  25.92  -8.71  -9.77 1.01 0.75 2.88  0.27 567.8 607800. 10.02 502.0  67951.
 3:00:27 0.46 357.89 312.63 -5.91 1667  11.91   500.0  67250.  2.80  1.69  26.44 -10.55  -6.23 0.88 1.97 2.65  0.44 506.7 587893. 10.23 500.1  53509.
 3:01:07 0.46 357.89 312.62 -5.91 1667  14.28   506.1  71482.  2.16  3.86  25.86  -9.92  -9.11 0.44 1.54 0.85 -1.00  -1.0     -1. 11.28 503.5  70781.
 3:01:48 0.46 357.89 312.62 -5.91 1667  12.74   502.2  57131.  3.60  1.18  26.22 -12.03  -5.26 0.27 0.93 1.05 -1.00  -1.0     -1. 10.69 501.2  53846.
 3:02:28 0.46 357.89 312.61 -5.91 1667  14.03   505.3  65882.  3.15  2.62  26.34 -11.16  -6.45 0.20 0.46 0.46 -1.00  -1.0     -1. 11.35 501.6  67685.
 3:03:09 0.46 357.89 312.60 -5.91 1667  12.16   511.9  53879.  5.37  0.88  27.05  -9.70  -5.23 0.87 2.11 1.68  0.46 510.5 592467. 10.44 505.4  46515.
 3:03:49 0.46 357.89 312.60 -5.91 1667  13.42   496.0  47837.  1.70  1.08  27.58  -9.00  -3.91 0.41 1.18 1.43  0.49 493.9 451315. 11.18 494.3  57943.
 3:04:30 0.46 357.90 312.59 -5.91 1667  13.83   495.9  49838.  1.63  0.39  27.30 -10.26  -0.77 0.73 2.05 2.57 -1.00  -1.0     -1. 10.31 496.2  54301.
 3:05:10 0.46 357.90 312.59 -5.91 1667  14.61   511.9  68542.  5.60 -4.06  24.90 -14.90   5.02 0.67 0.98 1.00 -1.00  -1.0     -1. 10.44 506.6  74149.
 3:05:51 0.46 357.90 312.58 -5.91 1667  14.39   507.3  57566.  0.00  0.00  24.99 -15.17  -0.30 1.32 2.03 3.31 -1.00  -1.0     -1. 11.87 504.9  52739.
 3:06:30 0.46 357.82 312.50 -6.05 1667  -1.00    -1.0     -1. -1.00 -1.00  26.48 -12.67  -0.22 0.96 2.05 1.27 -1.00  -1.0     -1. -1.00  -1.0     -1.
 3:06:44 0.46 357.90 312.58 -5.91 1667  -1.00    -1.0     -1. -1.00 -1.00  26.70 -12.28  -0.05 0.96 2.04 1.19 -1.00  -1.0     -1. -1.00  -1.0     -1.
 3:07:11 0.46 357.82 312.49 -6.05 1667  -1.00    -1.0     -1. -1.00 -1.00  27.23 -11.23  -1.24 0.29 0.80 0.72 -1.00  -1.0     -1. -1.00  -1.0     -1.
 3:07:24 0.46 357.90 312.57 -5.91 1667  -1.00    -1.0     -1. -1.00 -1.00  27.29 -11.00  -1.61 0.33 0.79 0.61 -1.00  -1.0     -1. -1.00  -1.0     -1.
 3:07:51 0.46 357.82 312.49 -6.05 1667  -1.00    -1.0     -1. -1.00 -1.00  26.61 -12.48  -0.90 0.80 1.50 1.40 -1.00  -1.0     -1. -1.00  -1.0     -1.
 3:08:05 0.46 357.90 312.57 -5.91 1667  -1.00    -1.0     -1. -1.00 -1.00  26.35 -13.11  -0.92 0.66 1.16 1.40 -1.00  -1.0     -1. -1.00  -1.0     -1.
 3:08:32 0.46 357.90 312.57 -5.91 1667  12.18   508.9  60740.  5.11 -1.13  25.95 -13.42  -3.78 0.27 1.35 1.71  0.42 506.1 560359. 10.83 504.4  52547.
 3:09:13 0.46 357.90 312.56 -5.91 1667  15.77   509.9  70092.  4.62  0.94  25.06 -11.18  -8.19 1.17 4.54 5.02 -1.00  -1.0     -1. 12.49 506.4  57082.
 3:09:54 0.46 357.90 312.55 -5.91 1667  13.74   515.7  55844.  2.53  5.56  24.24  -6.72 -14.38 1.32 2.55 3.13 -1.00  -1.0     -1. 11.49 514.1  69660.
 3:10:34 0.46 357.90 312.55 -5.91 1667  14.13   510.6  69371.  2.32  5.11  24.26 -11.24  -6.57 1.21 4.90 8.93 -1.00  -1.0     -1. 10.44 507.9  71466.
 3:11:15 0.46 357.91 312.54 -5.91 1667  -1.00    -1.0     -1. -1.00 -1.00  26.99  -9.96  -5.46 0.20 0.62 1.02 -1.00  -1.0     -1. -1.00  -1.0     -1.
 3:11:54 0.46 357.91 312.54 -5.91 1667  13.98   508.3  72499.  3.59  3.18  26.60  -5.67 -11.12 0.52 0.53 1.59 -1.00  -1.0     -1. 10.87 503.5  70735.
 3:12:35 0.46 357.91 312.53 -5.91 1667   9.99   521.7  81582.  0.00  0.00  25.11  -5.79 -13.51 0.72 2.88 2.58  0.31 552.3 624964.  7.01 519.4  89401.
 3:13:15 0.46 357.91 312.53 -5.91 1667  14.46   502.2  67529.  2.16  0.00  25.56  -7.33 -12.09 0.78 2.04 2.47 -1.00  -1.0     -1. 11.58 498.4  64612.
 3:13:56 0.46 357.91 312.52 -5.91 1667  14.95   516.2  80542.  2.45  5.06  24.74  -7.74 -13.68 0.86 1.32 1.73  0.29 558.4 492258. 12.64 512.0  78639.
 3:14:54 0.46 357.91 312.52 -5.91 1667  -1.00    -1.0     -1. -1.00 -1.00  21.12  -4.04 -19.94 0.71 1.85 1.04 -1.00  -1.0     -1. -1.00  -1.0     -1.
 3:15:35 0.46 357.91 312.51 -5.91 1667  13.50   526.9  87861.  3.55  1.20  24.10 -10.87 -12.69 0.36 1.52 1.97  0.38 548.7 604317. 11.37 522.2  84720.
 3:16:15 0.46 357.91 312.51 -5.91 1667  -1.00    -1.0     -1. -1.00 -1.00  26.61  -7.33  -8.90 1.01 4.18 1.21 -1.00  -1.0     -1. -1.00  -1.0     -1.
 3:16:56 0.46 357.91 312.50 -5.91 1667  12.87   500.8  57647.  0.00  4.55  25.85  -5.36 -12.27 1.49 2.74 2.55  0.42 540.5 611048. 10.99 501.4  56189.
 3:17:19 0.46 357.91 312.50 -5.91 1667  12.47   514.2  82196.  0.00  5.82  24.63  -6.04 -14.56 0.51 1.76 1.51  0.28 598.6 669728.  9.76 521.7  98825.
 3:18:00 0.46 357.92 312.49 -5.91 1667  14.29   527.4  87520.  0.00  8.76  24.87  -4.49 -14.10 0.69 3.39 2.40 -1.00  -1.0     -1. 11.32 523.9  84057.
 3:18:40 0.46 357.92 312.49 -5.91 1667  12.47   511.1  84184.  0.00  0.08  25.17  -9.31 -10.72 0.69 1.69 2.08 -1.00  -1.0     -1.  9.53 511.9  86227.
 3:19:21 0.46 357.92 312.48 -5.91 1667  11.79   512.8  57563.  0.00  6.50  24.47  -9.36 -12.23 0.82 1.97 2.13 -1.00  -1.0     -1. 11.07 512.2  67396.
 3:20:01 0.46 357.92 312.48 -5.91 1667  13.08   507.7  69429.  0.00  4.61  25.06 -10.91 -10.01 0.38 0.95 1.34 -1.00  -1.0     -1. 10.25 506.0  70696.
 3:20:42 0.46 357.92 312.47 -5.91 1667  14.67   514.0  58547.  3.36  5.21  25.15 -11.16  -9.55 0.63 0.91 1.09  0.37 546.8 638829. 11.65 511.0  71261.
 3:21:22 0.46 357.92 312.47 -5.91 1667  13.90   505.6  66103.  1.20  5.23  25.70  -9.52  -9.91 0.70 0.77 1.49  0.28 565.4 668949. 10.61 502.7  69075.
 3:22:03 0.46 357.92 312.46 -5.91 1667  13.44   499.8  56611.  1.91  3.44  26.91 -10.14  -3.96 0.24 1.54 2.63 -1.00  -1.0     -1. 10.89 499.6  56049.
 3:22:43 0.46 357.92 312.45 -5.91 1667  14.25   496.0  51605.  2.84 -0.83  27.29 -10.50  -0.28 0.40 1.10 0.44 -1.00  -1.0     -1. 11.78 494.6  59372.
 3:23:24 0.46 357.92 312.45 -5.91 1667  14.68   491.9  45209.  1.48 -1.60  27.90  -8.87   0.44 0.31 1.07 0.55  0.46 505.0 533982. 10.84 488.8  47908.
 3:24:04 0.46 357.92 312.44 -5.91 1667  13.04   492.0  51888.  1.39 -2.31  27.98  -8.54   1.66 0.31 0.70 0.71  0.33 559.9 637244. 11.38 491.5  58641.
 3:24:45 0.46 357.92 312.44 -5.91 1667  14.74   489.2  44315. -0.28 -0.29  28.67  -5.81  -0.68 0.29 1.16 1.19 -1.00  -1.0     -1. 11.28 487.3  46638.
 3:25:25 0.46 357.93 312.43 -5.91 1667  13.81   494.6  51514.  1.65 -4.69  27.84  -8.20   3.54 0.62 2.12 1.76 -1.00  -1.0     -1. 12.01 493.9  60603.
 3:26:06 0.46 357.93 312.43 -5.91 1667  13.22   498.5  54551.  3.56 -3.61  26.88 -11.49   3.06 0.22 0.76 1.09 -1.00  -1.0     -1. 10.04 497.2  57715.
 3:26:46 0.46 357.93 312.42 -5.91 1667  12.52   492.7  51407.  1.67 -1.28  27.10 -10.49   2.72 0.38 1.33 1.86 -1.00  -1.0     -1. 10.99 491.8  59739.
 3:27:27 0.46 357.93 312.42 -5.91 1667  13.02   513.1  61406.  3.95 -7.45  23.01 -13.67  11.63 1.55 1.62 2.59 -1.00  -1.0     -1. 10.83 510.9  75728.
 3:28:07 0.46 357.93 312.41 -5.91 1667  15.84   520.1  76579.  5.82 -6.22  22.81 -16.46   8.32 0.86 2.08 2.23 -1.00  -1.0     -1. 11.97 518.1  66353.
 3:28:48 0.46 357.93 312.41 -5.91 1667  15.19   530.2  76959.  3.77-10.09  21.69 -12.79  15.20 1.34 2.04 3.09  0.20 633.0 624549. 11.42 525.9  83066.
 3:29:28 0.46 357.93 312.40 -5.91 1667  15.94   516.9  80727.  5.78 -6.03  22.96 -13.50  12.29 1.20 1.98 1.60 -1.00  -1.0     -1. 12.27 514.3  83086.
 3:30:09 0.46 357.93 312.40 -5.91 1667  14.04   544.2  59807.  3.78-10.78  20.92 -13.32  15.73 0.98 1.80 2.20 -1.00  -1.0     -1. 10.27 542.8  89560.
 3:30:49 0.46 357.93 312.39 -5.91 1667  13.40   512.1  76024.  5.09 -5.94  24.99 -13.97   6.59 0.91 0.93 2.35 -1.00  -1.0     -1.  9.30 507.2  77924.
 3:31:30 0.46 357.93 312.39 -5.91 1667  14.70   511.4  60366.  4.70 -6.08  25.26 -13.58   5.04 1.17 2.05 3.12 -1.00  -1.0     -1. 12.28 508.2  73055.
 3:32:10 0.46 357.94 312.38 -5.91 1667  15.91   506.7  73772.  5.04 -1.44  25.00 -15.26   0.47 0.55 1.08 1.13  0.30 572.6 619975. 11.86 501.4  74939.
 3:32:51 0.46 357.94 312.38 -5.91 1667  11.89   499.8  58716.  1.33 -6.87  25.65 -10.94   7.25 0.76 4.06 4.15 -1.00  -1.0     -1. 10.00 501.0  57118.
 3:33:31 0.46 357.94 312.37 -5.91 1667  13.66   495.6  48886.  2.57 -4.49  26.77 -10.62   2.53 0.66 3.13 3.40 -1.00  -1.0     -1. 11.46 494.2  62630.
 3:34:12 0.46 357.94 312.36 -5.91 1667  14.53   502.0  55854.  4.65 -3.05  25.96 -13.29   3.71 0.34 0.77 1.16 -1.00  -1.0     -1. 11.11 499.5  56848.
 3:34:52 0.46 357.94 312.36 -5.91 1667  14.52   496.4  51878.  3.43 -3.13  26.38 -12.00   4.78 0.47 1.35 1.51 -1.00  -1.0     -1. 11.83 494.0  64063.
 3:35:33 0.46 357.94 312.35 -5.91 1667  13.53   492.7  48334.  2.42 -3.21  27.59  -6.97   1.34 1.07 5.24 4.77  0.22 587.9 600965. 10.12 489.5  48893.
 3:36:13 0.46 357.94 312.35 -5.91 1667  14.22   487.1  53268. -3.60 -1.20  29.01  -0.10  -0.75 0.23 1.68 1.51  0.79 442.8 406980. 12.08 488.0  44244.
 3:36:54 0.46 357.94 312.34 -5.91 1667  15.20   496.0  60051. -8.16  0.86  28.06   6.30  -3.73 0.40 1.45 1.67  0.41 564.11027786. 12.76 505.1  79529.
 3:37:34 0.46 357.94 312.34 -5.91 1667  14.21   499.4  70774.  0.00  0.00  28.80   4.66  -1.49 0.36 1.76 0.90 -1.00  -1.0     -1. 11.60 497.3  67643.
 3:38:15 0.46 357.94 312.33 -5.91 1667  -1.00    -1.0     -1. -1.00 -1.00  28.93   3.55   0.26 0.17 0.41 0.86 -1.00  -1.0     -1. -1.00  -1.0     -1.
 3:40:11 0.46 357.95 312.32 -5.91 1667  14.63   487.7  44130. -1.55  0.41  29.06  -6.14  -1.56 0.41 1.42 0.76 -1.00  -1.0     -1. 11.61 485.3  44423.
 3:40:51 0.46 357.95 312.31 -5.91 1667  13.00   486.1  52167. -0.91  0.87  28.75  -6.25   1.87 0.41 1.96 2.80  0.25 561.2 583930. 10.98 486.6  46398.
 3:41:32 0.46 357.95 312.31 -5.91 1667  15.06   488.2  45316. -2.09 -4.62  28.65  -7.66  -0.52 0.42 1.27 1.99  0.30 549.4 622626. 11.02 487.9  48071.
 3:41:37 0.46 357.95 312.31 -5.91 1667  14.30   493.1  73185.  0.93  1.37  28.53  -8.03  -0.92 0.37 1.21 1.48 -1.00  -1.0     -1. 11.92 491.3  62338.
 3:42:18 0.46 357.95 312.30 -5.91 1667  12.96   493.5  49721.  2.44  0.96  28.02  -8.32  -2.76 0.44 1.34 2.34  0.21 579.1 821834.  9.66 489.5  53505.
 3:42:58 0.46 357.95 312.30 -5.91 1667  12.76   488.9  52950.  0.85  0.24  27.82  -8.60  -4.11 0.36 0.79 1.99  0.20 577.6 423248. 10.93 489.7  62932.
 3:43:39 0.46 357.95 312.29 -5.91 1667  12.31   499.6  59492.  2.39  3.89  25.94  -8.13 -10.29 1.49 2.34 3.28 -1.00  -1.0     -1.  9.97 499.2  58518.
 3:44:19 0.46 357.95 312.29 -5.91 1667  13.58   529.2 102775. -2.79  9.61  23.16  -4.68 -16.92 1.13 2.21 1.70  0.27 570.2 596638. 10.79 527.9  97779.
 3:45:00 0.46 357.95 312.28 -5.91 1667  15.39   540.1 138160.  2.44  4.03  22.45 -11.27 -13.06 2.61 2.13 6.26 -1.00  -1.0     -1. 12.34 537.3 142682.
 3:45:40 0.46 357.95 312.28 -5.91 1667  15.08   504.3  83362.  4.60  0.00  23.39 -16.56  -5.96 1.20 1.68 1.86  0.15 616.0 608839. 12.84 499.5  78921.
 3:46:21 0.46 357.96 312.27 -5.91 1667  12.89   509.6  63465.  5.86 -0.04  23.56 -17.33  -3.06 1.09 1.21 1.31 -1.00  -1.0     -1. 11.09 506.0  75842.
 3:47:01 0.46 357.96 312.27 -5.91 1667  13.31   541.5 109112.  8.57 -3.38  20.63 -20.43   2.61 2.84 3.46 3.33  0.28 595.71002149. 11.32 533.0  97532.
 3:47:42 0.46 357.96 312.26 -5.91 1667  14.38   521.9  90570.  7.49 -2.16  24.64 -15.16  -1.26 1.63 3.62 3.61  0.31 572.3 922185. 11.56 514.5  83836.
 3:48:22 0.46 357.96 312.26 -5.91 1667  15.41   510.6  72255.  5.53  0.80  24.79 -15.41   1.87 0.64 1.97 2.93 -1.00  -1.0     -1. 12.17 504.3  71291.
 3:49:03 0.46 357.96 312.25 -5.91 1667  13.61   503.4  57559.  5.15 -1.07  23.40 -17.64   2.29 1.03 2.37 2.01 -1.00  -1.0     -1. 10.65 500.0  59278.
 3:49:43 0.46 357.96 312.25 -5.91 1667  13.18   550.2  95998.  6.29  0.00  19.07 -16.30  15.96 0.80 1.36 1.45  0.02 752.6 282954.  9.28 544.1  99923.
 3:50:24 0.46 357.96 312.24 -5.91 1667  14.54   535.3  89502.  4.60 -9.98  19.40 -16.38  15.70 0.75 0.78 1.12  0.23 591.0 722561. 11.05 534.3 121190.
 3:51:04 0.46 357.96 312.24 -5.91 1667  14.37   527.5 121086.  0.00  0.00  20.87 -19.02   9.70 0.69 0.77 1.27 -1.00  -1.0     -1. 11.01 528.0 100949.
 3:51:45 0.46 357.96 312.23 -5.91 1667  15.55   517.4  81332.  6.78  0.45  22.68 -18.97  -1.72 0.94 2.16 0.55 -1.00  -1.0     -1. 11.61 509.7  80529.
 3:52:25 0.46 357.96 312.23 -5.91 1667  13.24   509.9  66548.  5.78  0.49  21.33 -20.45   2.21 1.59 2.00 2.20 -1.00  -1.0     -1.  9.96 504.6  58238.
 3:53:06 0.46 357.97 312.22 -5.91 1667  14.46   503.9  60961.  5.01 -3.48  23.85 -17.01   4.88 1.15 2.09 2.03 -1.00  -1.0     -1. 11.70 500.5  59437.
 3:53:46 0.46 357.97 312.22 -5.91 1667  16.32   517.8  87416.  7.21 -1.47  21.34 -20.49  -0.33 1.21 2.21 2.08 -1.00  -1.0     -1. 12.94 516.9 110688.
 3:54:27 0.46 357.97 312.21 -5.91 1667  14.40   536.4  83810.  8.83 -0.21  19.37 -22.54   0.22 0.95 1.21 2.99  0.24 592.0 663166. 10.84 528.1  82462.
 3:55:07 0.46 357.97 312.20 -5.91 1667  14.48   542.4 100225.  8.91  1.78  19.60 -22.24  -3.56 0.98 1.07 0.76  0.25 600.8 746041. 11.86 533.8  96983.
 3:55:48 0.46 357.97 312.20 -5.91 1667  13.54   525.6  80227.  7.32  3.45  22.39 -18.76  -5.66 1.26 1.69 0.96 -1.00  -1.0     -1. 10.22 518.0  79165.
 3:56:28 0.46 357.97 312.19 -5.91 1667  15.53   527.8 115915.  6.63  4.58  22.47 -18.78  -4.09 1.48 2.08 1.64  0.29 566.8 515193. 12.02 525.3 104457.
 3:57:09 0.46 357.97 312.19 -5.91 1667  12.43   534.0  82134.  8.16  2.96  18.74 -22.36  -6.01 1.17 1.45 1.60  0.21 597.5 676134.  8.96 525.8  89372.
 3:57:49 0.46 357.97 312.18 -5.91 1667  15.19   512.2  82618.  5.95  0.00  22.02 -19.70   1.29 1.67 2.31 3.68  0.26 572.7 591531. 11.35 507.3  85535.
 3:58:30 0.46 357.97 312.18 -5.91 1667  15.15   519.8  77563.  7.53 -1.62  22.70 -19.67   1.38 0.72 0.93 0.97  0.21 586.8 610320. 10.67 512.0  81023.
 3:59:10 0.46 357.97 312.17 -5.91 1667  12.91   496.8  52927.  4.40 -2.28  25.56 -14.96   1.96 0.83 1.53 1.42  0.36 525.4 571274. 11.70 494.0  62757.
 3:59:51 0.46 357.97 312.17 -5.91 1667  14.92   487.1  56098.  1.42 -3.43  27.63  -9.43   4.43 0.50 2.83 2.56  0.32 515.9 502186. 11.17 485.1  47999.
 4:00:31 0.46 357.98 312.16 -5.90 1667  14.92   499.7  69491.  0.84 -7.72  25.84  -8.84  11.60 0.84 1.12 2.24 -1.00  -1.0     -1. 11.27 496.8  69696.
 4:01:12 0.46 357.98 312.16 -5.90 1667  14.14   519.5  85886.  1.13-10.25  23.88 -11.43  13.02 0.79 3.42 3.36  0.30 545.7 578719. 11.49 516.8  81595.
 4:01:52 0.46 357.98 312.15 -5.90 1667  13.10   490.3  54366.  2.19 -3.28  25.10 -14.36   6.37 2.34 3.07 1.57  0.28 534.2 585710. 11.56 489.4  62650.
 4:02:33 0.46 357.98 312.15 -5.90 1667  15.96   554.4 133372.  9.12 -4.60  17.39 -22.68   8.84 2.04 1.94 2.03 -1.00  -1.0     -1. 11.99 549.5 111575.
 4:03:13 0.46 357.98 312.14 -5.90 1667  15.01   544.5 107803.  6.54 -8.78  18.35 -13.60  18.87 0.99 3.28 2.73  0.26 578.8 635450. 11.77 538.1 107082.
 4:03:54 0.46 357.98 312.14 -5.90 1667  15.64   541.3  90161.  3.18-11.60  19.54 -13.88  17.98 1.63 1.65 1.53  0.19 619.7 623769. 12.34 542.9  94455.
 4:04:34 0.46 357.98 312.13 -5.90 1667  12.97   514.5  76547. -0.90-10.99  23.53  -7.95  16.48 0.86 1.58 1.59  0.28 534.2 566570.  9.75 520.6  89411.
 4:05:15 0.46 357.98 312.13 -5.90 1667  13.31   497.0  57657. -0.20 -7.89  25.63  -7.99  13.03 0.39 0.54 0.50  0.28 574.5 534735. 10.77 497.7  59466.
 4:05:55 0.46 357.98 312.12 -5.90 1667  13.44   499.5  68442.  0.21 -8.36  25.89  -7.07  12.58 0.82 1.73 0.92  0.34 530.2 477978. 10.86 496.8  65759.
 4:06:36 0.46 357.98 312.11 -5.90 1667  14.65   518.3  83658. -0.47-10.84  23.52  -5.98  17.35 0.54 1.40 0.73  0.29 578.7 564790. 11.62 516.8  81036.
 4:07:16 0.46 357.99 312.11 -5.90 1667  14.59   510.4  74718. -1.64-10.41  24.07  -3.44  17.31 0.70 1.49 1.11 -1.00  -1.0     -1. 10.35 512.1  65398.
 4:07:57 0.46 357.99 312.10 -5.90 1667  15.38   522.9  96804. -0.81-11.32  24.90   1.06  11.95 2.39 7.02 7.35  0.28 577.2 796938. 11.71 522.5  95336.
 4:08:37 0.46 357.99 312.10 -5.90 1667  13.75   510.0  78480. -0.47-10.24  25.32  -5.43  14.52 0.99 1.39 1.61 -1.00  -1.0     -1. 10.05 508.9  80182.
 4:09:18 0.46 357.99 312.09 -5.90 1667  13.20   511.4  91256. -0.53 -9.70  25.88  -4.35  13.46 1.19 1.78 2.49 -1.00  -1.0     -1. 11.58 509.8  82163.
 4:09:58 0.46 357.99 312.09 -5.90 1667  16.06   497.4  79366. -3.56 -8.45  26.25  -0.13  13.40 0.72 2.56 1.52 -1.00  -1.0     -1. 12.40 499.4  78366.
 4:10:39 0.46 357.99 312.08 -5.90 1667  13.65   523.9  87868. -9.96 -9.34  25.90   5.33  12.37 1.50 2.04 2.76  0.04 725.1 714557. 10.77 528.1  85675.
 4:11:19 0.46 357.99 312.08 -5.90 1667  13.68   480.6  51189.  0.00 -2.85  28.32  -4.94   4.92 0.80 3.89 1.42  0.44 518.5 535775. 10.68 482.7  49932.
 4:12:00 0.46 357.99 312.08 -5.90 1667  13.89   491.4  62010.  1.50 -6.03  26.76 -11.34   2.57 0.28 1.54 4.15  0.44 506.7 551198.  9.73 490.9  54343.
 4:12:40 0.46 357.99 312.07 -5.90 1667  14.01   489.9  56533.  1.63  0.00  26.39  -6.96   1.93 1.42 4.27 8.95  0.60 501.5 801979. 12.14 489.7  66915.
 4:13:21 0.46 358.00 312.07 -5.90 1667  16.43   486.4  62854. -2.91  0.00  27.56  -4.39   7.84 0.46 2.44 1.97  0.52 521.6 751057. 11.98 489.0  54217.
 4:14:01 0.46 358.00 312.06 -5.90 1667  14.26   487.1  53882.  0.00 -2.24  26.87 -11.45   1.79 0.72 1.45 1.52  0.04 713.6 521209. 11.69 485.2  48038.
 4:14:42 0.46 358.00 312.05 -5.90 1667  12.68   513.2  60353.  6.94  0.68  26.03 -12.69   2.31 1.69 3.31 2.00 -1.00  -1.0     -1. 10.16 504.7  54519.
 4:15:22 0.46 358.00 312.05 -5.90 1667  13.70   483.6  54074.  1.71  0.72  25.03 -13.00  -3.82 1.79 2.71 4.42  0.24 569.6 539998. 11.77 486.8  71840.
 4:16:03 0.46 358.00 312.04 -5.90 1667  15.39   519.9 100413.  5.33  3.81  22.27 -17.61  -4.18 0.88 1.60 1.93 -1.00  -1.0     -1. 12.48 513.8  97269.
 4:16:43 0.46 358.00 312.04 -5.90 1667  16.23   502.1 110841.  0.47  0.00  24.02 -12.94   3.58 0.51 6.04 3.94 -1.00  -1.0     -1. 12.55 505.4 137579.
 4:17:24 0.46 358.00 312.03 -5.90 1667  13.61   495.0  72590.  1.30 -7.22  25.04  -9.37  11.46 0.67 0.95 1.37 -1.00  -1.0     -1. 10.16 496.6  62348.
 4:18:04 0.46 358.00 312.03 -5.90 1667  13.58   481.5  50569.  1.21 -1.63  26.51  -9.21   4.61 0.54 1.94 3.35 -1.00  -1.0     -1. 10.37 485.2  72762.
 4:18:45 0.46 358.00 312.02 -5.90 1667  15.52   492.2  78255. -0.08 -6.46  25.50  -7.75  10.66 0.48 2.52 1.78 -1.00  -1.0     -1. 12.39 494.7 101193.
 4:19:25 0.46 358.00 312.02 -5.90 1667  14.00   502.1  78629.  4.59 -1.88  24.15 -15.83  -0.24 0.65 0.91 2.08 -1.00  -1.0     -1. 12.05 496.0  73090.
 4:20:06 0.46 358.01 312.01 -5.90 1667  12.83   523.1  87903.  6.38  3.62  21.80 -17.62  -3.12 2.22 3.44 4.23  0.23 614.9 925629. 10.89 515.3  87595.
 4:20:46 0.46 358.01 312.01 -5.90 1667  15.33   504.4  85477.  0.00  0.00  24.74  -3.57  11.88 1.81 5.71 3.83  0.18 616.3 582709. 12.87 501.6  78541.
 4:21:27 0.46 358.01 312.00 -5.90 1667  16.41   529.9 146440. -3.60-10.21  23.02  -0.35  16.94 0.58 4.16 1.96  0.24 582.0 794976. 12.78 530.6 149682.
 4:22:07 0.46 358.01 312.00 -5.90 1667  14.66   511.1  82277.  0.61 -8.18  24.22  -9.26  12.23 1.19 1.78 4.28 -1.00  -1.0     -1. 11.71 508.2  78788.
 4:22:48 0.46 358.01 311.99 -5.90 1667  15.77   494.6  82579.  4.24  0.00  24.03 -13.09   7.33 1.09 2.08 4.30 -1.00  -1.0     -1. 12.10 489.6  76189.
 4:23:28 0.46 358.01 311.99 -5.90 1667  15.81   515.2 134678.  1.04 -7.93  23.25  -9.50  13.28 0.68 1.50 1.34  0.13 644.5 625939. 12.18 513.7 134363.
 4:24:09 0.46 358.01 311.98 -5.90 1667  14.74   525.5 121833.  3.49 -7.49  22.47 -13.32  11.63 1.05 1.46 2.00 -1.00  -1.0     -1. 11.81 524.9 149049.
 4:24:49 0.46 358.01 311.98 -5.90 1667  15.05   505.5  84973.  3.90  0.00  24.52 -13.81   4.56 0.66 1.86 1.85 -1.00  -1.0     -1. 11.90 500.1  80607.
 4:25:30 0.46 358.01 311.97 -5.90 1667  14.04   518.6 108226.  6.28 -1.40  20.52 -17.54  -5.68 4.01 3.18 4.50 -1.00  -1.0     -1. 10.89 512.2 106452.
 4:26:10 0.46 358.01 311.96 -5.90 1667  16.76   536.8 159470.  7.22  2.91  18.29 -21.00  -4.19 2.28 1.75 4.17 -1.00  -1.0     -1. 13.29 536.6 189447.
 4:26:51 0.46 358.01 311.96 -5.90 1667  14.20   522.2 111107.  6.21 -1.91  20.86 -19.23   1.72 0.55 0.83 1.35 -1.00  -1.0     -1. 11.38 515.2 109444.
 4:27:31 0.46 358.02 311.95 -5.90 1667  14.58   516.1 100543.  6.07  0.27  21.51 -18.34  -0.18 0.94 2.55 1.64 -1.00  -1.0     -1. 11.78 512.5 124247.
 4:28:12 0.46 358.02 311.95 -5.90 1667  15.40   519.8 116084.  6.20  1.93  22.32 -16.77   0.73 1.49 3.10 2.55 -1.00  -1.0     -1. 12.30 513.4 111685.
 4:28:52 0.46 358.02 311.94 -5.90 1667  14.94   512.3  97736.  4.60 -4.09  19.32  -7.39  16.69 2.93 6.34 6.64  0.25 614.9 618325. 11.75 509.6 127011.
 4:29:33 0.46 358.02 311.94 -5.90 1667  14.96   548.5 162163.  0.00-11.37  17.02  -4.94  22.47 0.75 2.08 1.08 -1.00  -1.0     -1. 11.50 550.3 133486.
 4:30:13 0.46 358.02 311.93 -5.90 1667  17.07   557.1 235708.  0.00  0.00  15.82   1.11  23.41 1.89 4.20 2.53  0.23 612.3 808398. 15.19 556.1 210461.
 4:30:54 0.46 358.02 311.93 -5.90 1667  13.70   557.0 140973. -3.55-13.19  20.16  -8.21  17.45 0.15 0.33 0.10  0.30 607.81121367. 11.86 556.6 132030.
 4:31:34 0.46 358.02 311.92 -5.90 1667  12.28   532.9 116828. -2.07-11.14   0.00   0.00   0.00 0.00 0.00 0.00 -1.00  -1.0     -1. 10.97 532.9 104308.
 4:32:15 0.46 358.02 311.92 -5.90 1667  14.12   522.7 100299. -2.34-10.61   0.00   0.00   0.00 0.00 0.00 0.00 -1.00  -1.0     -1. 10.99 522.1  94020.
 4:32:55 0.46 358.02 311.91 -5.90 1667  14.78   522.8 135613. -2.18-10.36   0.00   0.00   0.00 0.00 0.00 0.00 -1.00  -1.0     -1. 11.23 527.9 118455.
 4:33:36 0.46 358.02 311.91 -5.90 1667  12.19   561.9 123532. -3.21-13.37   0.00   0.00   0.00 0.00 0.00 0.00  0.29 601.8 941247. 10.76 559.8 113391.
 4:34:16 0.46 358.03 311.90 -5.90 1667  13.56   538.6 126060. -0.14-11.20   0.00   0.00   0.00 0.00 0.00 0.00  0.24 568.4 777226. 10.90 536.8 119313.
 4:34:57 0.46 358.03 311.90 -5.90 1667  14.43   528.8 112822.  1.08-10.41   0.00   0.00   0.00 0.00 0.00 0.00  0.20 623.7 717870. 11.62 529.6 145037.
 4:35:37 0.46 358.03 311.89 -5.90 1667  13.23   540.7 127388.  0.86-10.46   0.00   0.00   0.00 0.00 0.00 0.00 -1.00  -1.0     -1. 10.15 537.3 126248.
 4:36:18 0.46 358.03 311.89 -5.90 1667  15.03   532.1 167058.  3.60 -8.26   0.00   0.00   0.00 0.00 0.00 0.00  0.09 645.2 718195. 12.29 527.7 161367.
 4:36:58 0.46 358.03 311.88 -5.90 1667  14.36   543.4 131260.  4.38 -8.63   0.00   0.00   0.00 0.00 0.00 0.00  0.15 618.5 522131. 11.62 537.1 128295.
 4:37:39 0.46 358.03 311.88 -5.90 1667  14.67   526.1 120394.  3.56 -8.15   0.00   0.00   0.00 0.00 0.00 0.00 -1.00  -1.0     -1. 11.99 525.3 159831.
 4:38:19 0.46 358.03 311.87 -5.90 1667  14.58   528.6 147854.  3.61 -7.94   0.00   0.00   0.00 0.00 0.00 0.00 -1.00  -1.0     -1. 11.06 527.7 124377.
 4:39:00 0.46 358.03 311.86 -5.90 1667  14.83   518.9 116344.  1.10 -7.38   0.00   0.00   0.00 0.00 0.00 0.00 -1.00  -1.0     -1. 11.85 515.6 109369.
 4:39:40 0.46 358.03 311.86 -5.90 1667  16.64   518.1 153938.  3.08 -6.05   0.00   0.00   0.00 0.00 0.00 0.00 -1.00  -1.0     -1. 13.15 513.0 141301.
 4:40:21 0.46 358.03 311.85 -5.90 1667  14.75   517.1 113693.  1.08 -7.31   0.00   0.00   0.00 0.00 0.00 0.00 -1.00  -1.0     -1. 11.58 514.2 112816.
 4:41:01 0.46 358.04 311.85 -5.90 1667  14.98   511.0 103805.  0.82 -7.05   0.00   0.00   0.00 0.00 0.00 0.00 -1.00  -1.0     -1. 12.81 511.4 132030.
 4:41:42 0.46 358.04 311.84 -5.90 1667  15.36   520.9 150101.  1.01 -7.67  20.12  -8.74  16.97 0.53 0.93 1.07 -1.00  -1.0     -1. 11.87 525.2 166600.
 4:42:22 0.46 358.04 311.84 -5.90 1667  15.60   526.8 153340.  1.80 -8.32  19.85 -10.64  15.97 1.76 1.96 1.59  0.16 610.3 789194. 12.42 525.4 147292.
 4:43:03 0.46 358.04 311.84 -5.90 1667  14.61   517.0 116447.  1.43 -6.93  20.69  -9.78  15.44 0.73 1.37 0.67  0.13 626.3 533176. 11.74 513.2 113017.
 4:43:43 0.46 358.04 311.83 -5.90 1667  14.50   504.3  94543.  1.75 -5.25  20.63 -11.52  13.95 0.92 0.99 1.11 -1.00  -1.0     -1. 11.48 500.6  90077.
 4:44:24 0.46 358.04 311.83 -5.90 1667  15.08   521.3 124253.  3.52 -6.07  20.57 -12.27  13.52 0.81 1.05 1.05  0.10 636.3 463789. 11.90 516.6 120186.
 4:45:04 0.46 358.04 311.82 -5.90 1667  15.61   506.3 110675.  1.70 -5.13  22.26 -10.90  11.23 1.26 1.95 1.00 -1.00  -1.0     -1. 12.87 506.9 134710.
 4:45:45 0.46 358.04 311.81 -5.90 1667  13.49   522.4 108128.  4.40 -4.83  21.70 -12.44  10.03 1.63 1.80 1.91  0.06 689.1 681916. 10.39 516.4 103126.
 4:46:25 0.46 358.04 311.81 -5.90 1667  13.98   509.9 102443.  3.39 -3.36  22.05 -14.76   2.77 0.52 1.37 5.13  0.16 648.7 677758. 11.99 509.1 130088.
 4:47:06 0.46 358.04 311.80 -5.90 1667  14.07   496.3  80237.  4.79  0.19  22.60 -15.13  -3.20 0.49 0.52 0.71 -1.00  -1.0     -1. 11.68 494.5 109483.
 4:47:46 0.46 358.04 311.80 -5.90 1667  14.31   502.0  94309.  4.46  1.27  22.30 -15.59  -3.97 0.37 0.57 0.81 -1.00  -1.0     -1. 11.27 495.7  86815.
 4:48:27 0.46 358.05 311.79 -5.90 1667  12.26   494.0  74292.  4.32  0.61  23.02 -15.03  -2.62 0.65 0.89 0.80 -1.00  -1.0     -1.  9.40 492.3 113582.
 4:49:07 0.46 358.05 311.79 -5.90 1667  13.34   498.4  89583.  4.56  0.75  22.62 -15.45  -2.87 0.40 0.83 0.73 -1.00  -1.0     -1. 11.06 492.5  82904.
 4:49:48 0.46 358.05 311.78 -5.90 1667  14.27   490.1  76014.  3.82  0.26  22.34 -16.33  -1.99 1.02 1.42 0.97 -1.00  -1.0     -1. 11.71 485.8  71183.
 4:50:28 0.46 358.05 311.78 -5.90 1667  13.44   508.6  89580.  6.05 -0.34  20.14 -19.64  -1.25 1.00 1.10 0.70 -1.00  -1.0     -1. 10.18 501.5  87010.
 4:51:09 0.46 358.05 311.77 -5.90 1667  13.13   508.6 116249.  6.27  0.01  20.16 -19.56  -1.87 0.53 0.54 0.74 -1.00  -1.0     -1. 10.57 505.4  95959.
 4:51:49 0.46 358.05 311.77 -5.90 1667  12.76   511.5  84083.  6.03 -0.22  18.92 -20.79  -0.97 1.18 1.20 1.17 -1.00  -1.0     -1.  9.57 505.0  82612.
 4:52:30 0.46 358.05 311.76 -5.90 1667  12.87   515.4 100978.  6.61 -0.57  19.19 -20.57  -0.68 0.56 0.74 0.93 -1.00  -1.0     -1. 10.44 508.5  93874.
 4:53:10 0.46 358.05 311.76 -5.90 1667  10.61   502.6  92893.  5.15 -0.85  20.17 -18.65  -1.22 2.68 2.78 1.53 -1.00  -1.0     -1.  8.78 496.7  86812.
 4:53:51 0.46 358.05 311.75 -5.90 1667  13.48   487.2  80734.  1.89  3.16  21.81 -16.88  -2.03 1.45 2.04 1.66 -1.00  -1.0     -1. 10.63 484.4  81452.
 4:54:31 0.46 358.05 311.75 -5.90 1667  13.48   504.6 105598.  4.75  1.57  20.51 -18.90  -2.55 0.90 1.06 1.02 -1.00  -1.0     -1. 11.23 498.7  98380.
 4:56:33 0.46 358.06 311.73 -5.90 1667  13.73   504.9 122714.  0.00  0.00  20.27 -19.02  -4.79 0.35 0.57 0.91 -1.00  -1.0     -1. 10.78 506.1 103499.
 4:57:13 0.46 358.06 311.73 -5.90 1667  13.42   503.0  89612.  5.49 -1.44  21.04 -18.51  -1.38 0.70 1.46 1.41 -1.00  -1.0     -1. 10.16 496.0  87881.
 4:57:54 0.46 358.06 311.72 -5.90 1667  14.29   502.3 128986.  5.15  1.40  21.24 -18.00  -3.49 0.63 1.40 0.88 -1.00  -1.0     -1. 11.14 497.5 125839.
 4:58:34 0.46 358.06 311.71 -5.90 1667  14.26   494.8  93841.  4.40 -1.62  22.25 -16.81   1.13 1.03 2.00 2.13 -1.00  -1.0     -1. 11.43 489.6  91935.
 4:59:15 0.46 358.06 311.71 -5.90 1667  14.20   498.7  77333.  5.21 -3.39  21.64 -17.43   0.37 1.17 1.54 2.20 -1.00  -1.0     -1. 11.29 498.9 112218.
 4:59:55 0.46 358.06 311.70 -5.90 1667  13.08   506.9  88118.  5.64  0.18  21.03 -18.45  -2.49 0.57 0.86 0.76 -1.00  -1.0     -1. 10.72 499.5  83622.
 5:00:36 0.46 358.06 311.70 -5.90 1667  13.72   506.2 129415.  6.21 -0.64  21.07 -18.27  -2.34 0.79 1.19 1.40 -1.00  -1.0     -1. 10.52 505.0 106774.
 5:01:16 0.46 358.06 311.69 -5.90 1667  14.75   495.2  91538.  3.87  0.92  22.18 -16.78  -2.65 0.49 0.61 1.37 -1.00  -1.0     -1. 11.88 490.3  85831.
 5:01:57 0.46 358.06 311.69 -5.90 1667  -1.00    -1.0     -1. -1.00 -1.00  21.41 -18.19   0.96 0.37 1.01 2.13 -1.00  -1.0     -1. 11.11 496.2 111370.
 5:04:02 0.46 358.07 311.67 -5.89 1667  13.99   497.9 120937.  0.00  0.00   0.00   0.00   0.00 0.00 0.00 0.00 -1.00  -1.0     -1. -1.00  -1.0     -1.
 5:05:32 0.46 358.07 311.66 -5.89 1667  -1.00    -1.0     -1. -1.00 -1.00  19.87 -19.45  -2.74 0.09 0.33 0.32 -1.00  -1.0     -1. -1.00  -1.0     -1.
 5:06:53 0.46 358.07 311.65 -5.89 1667  12.61   498.5 101635. -0.18 -6.61  17.17 -20.40  -7.68 1.82 1.15 0.96 -1.00  -1.0     -1.  9.86 496.7  97821.
 5:07:21 0.46 357.99 311.57 -6.03 1667  -1.00    -1.0     -1. -1.00 -1.00  18.00 -19.54  -8.35 0.89 0.91 0.68 -1.00  -1.0     -1. -1.00  -1.0     -1.
 5:08:14 0.46 358.07 311.64 -5.89 1667  11.93   522.1 124552.  6.11  1.28  19.01 -19.56  -4.61 0.48 1.14 1.78 -1.00  -1.0     -1. 10.53 515.7 113495.
 5:08:42 0.46 358.07 311.64 -5.89 1667  12.79   537.7  94751.  7.29  2.54  17.90 -20.82  -4.80 0.88 0.73 0.64 -1.00  -1.0     -1. 10.88 532.7 126635.
 5:10:03 0.46 358.08 311.62 -5.89 1667  13.51   526.2 153067.  5.53 -0.65  16.31 -21.31  -7.58 1.63 0.77 1.17  0.23 604.0 660853. 10.53 522.0 145664.
 5:11:24 0.46 358.08 311.61 -5.89 1667  13.02   530.7 109350.  5.52  5.39  17.93 -18.83  -9.83 1.64 1.94 0.88 -1.00  -1.0     -1. 11.08 528.0 148474.
 5:12:45 0.46 358.08 311.60 -5.89 1667  14.60   530.3 149848.  5.37  5.18  18.44 -19.30  -8.09 0.80 0.69 0.91  0.14 648.1 647652. 11.32 528.4 125923.
 5:14:06 0.46 358.08 311.60 -5.89 1667  13.95   519.9 126242.  0.00  0.00  21.97  -4.68  15.30 0.55 1.09 1.86 -1.00  -1.0     -1. 11.65 520.6 168140.
 5:15:27 0.46 358.09 311.59 -5.89 1667  13.17   509.5 107608.  4.71 -0.82  17.63 -18.91  -3.52 2.36 1.51 6.05 -1.00  -1.0     -1. 11.19 508.3 141415.
 5:16:48 0.46 358.09 311.57 -5.89 1667  13.38   503.3 122084.  0.00  0.00  23.85  -2.54  10.14 1.18 2.92 2.95 -1.00  -1.0     -1. 10.90 501.3 106400.
 5:18:08 0.46 358.09 311.56 -5.89 1667  13.97   500.2 113586.  0.00  0.00  23.28 -11.79   6.49 1.45 2.16 1.78  0.22 606.2 735685. 11.33 498.2 103980.
 5:19:29 0.46 358.09 311.55 -5.89 1667  -1.00    -1.0     -1. -1.00 -1.00  19.84 -12.69  13.03 0.64 1.31 1.46 -1.00  -1.0     -1. -1.00  -1.0     -1.
 5:20:50 0.46 358.09 311.54 -5.89 1667  -1.00    -1.0     -1. -1.00 -1.00  24.16  -8.04   2.94 0.15 0.20 0.40 -1.00  -1.0     -1. -1.00  -1.0     -1.
 6:22:56 0.46 358.18 311.06 -5.88 1667  15.22   526.0 299108. -1.07 -4.29   0.00   0.00   0.00 0.00 0.00 0.00  0.17 653.8 728486. 11.86 523.2 277873.
 6:24:17 0.46 358.19 311.05 -5.88 1667  13.39   512.5 213443. -1.08 -0.15  23.97  -7.95   2.10 0.29 0.59 0.87  0.10 718.7 746158. 10.53 505.0 134866.
 6:25:38 0.46 358.19 311.04 -5.88 1667  14.92   549.7 403543.  2.03 -5.87  17.26 -11.66  14.75 1.71 0.50 1.76 -1.00  -1.0     -1. 11.64 546.9 398579.
 6:26:59 0.46 358.19 311.03 -5.88 1667  15.20   540.2 382464.  2.62 -2.11  17.76 -12.63  13.21 1.34 1.51 1.78 -1.00  -1.0     -1. 12.38 540.0 360777.
 6:28:21 0.46 358.19 311.02 -5.88 1667  15.29   551.4 411745.  5.53 -0.31  17.07 -18.23   4.88 1.44 1.66 1.60 -1.00  -1.0     -1. 12.43 544.5 401760.
 6:29:42 0.46 358.19 311.01 -5.88 1667  14.15   538.4 373654.  3.13 -4.07  18.77 -14.09   9.61 1.28 1.00 1.31  0.07 695.5 498963. 10.90 535.1 353790.
 6:31:03 0.46 358.20 311.00 -5.88 1667  13.71   513.3 188501.  0.83 -0.15  21.31 -12.48   5.28 0.66 1.61 1.48 -1.00  -1.0     -1. 11.17 511.1 173104.
 6:32:24 0.46 358.20 310.99 -5.88 1667  12.77   558.0 345399.  5.56  1.22  16.81 -18.27   4.08 1.35 2.38 2.28  0.23 664.91084621. 10.38 552.6 337011.
 6:33:45 0.46 358.20 310.98 -5.88 1667  13.80   515.1 191172.  1.19  0.56  21.96 -11.98   2.97 0.69 1.35 0.92 -1.00  -1.0     -1. 11.04 511.2 179883.
 6:35:06 0.46 358.20 310.97 -5.88 1667  14.26   510.3 237777. -0.82 -1.33  22.36 -10.99   5.08 0.48 0.84 0.66  0.17 679.8 917469. 11.19 511.7 224270.
 6:36:27 0.46 358.20 310.96 -5.88 1667  12.87   512.9 186403. -0.07  0.73  23.21  -9.65   1.18 0.89 1.93 2.11 -1.00  -1.0     -1. 10.34 509.6 168735.
 6:37:48 0.46 358.20 310.95 -5.88 1667  13.90   501.7 156202. -7.26 -1.44  25.06   2.36   3.72 0.12 0.87 0.45 -1.00  -1.0     -1. 11.33 510.8 204286.
 6:39:09 0.46 358.21 310.94 -5.88 1667  13.32   500.6 114401. -3.68 -1.36  24.62  -1.74   5.13 0.32 1.92 0.97 -1.00  -1.0     -1. 10.85 504.9 150482.
 6:40:30 0.46 358.21 310.93 -5.88 1667  13.65   517.8 244099. -9.84 -3.38  23.94  -0.95   7.44 0.23 3.29 2.12 -1.00  -1.0     -1. 11.07 521.7 228961.
 6:41:51 0.46 358.21 310.92 -5.88 1667  12.90   506.8 176339. -6.20 -2.61  24.40  -0.84   7.77 0.34 1.06 1.36 -1.00  -1.0     -1. 10.30 508.8 164551.
 6:43:12 0.46 358.21 310.91 -5.88 1667  13.65   520.8 357509. -6.11 -3.56  23.55  -0.30   8.96 0.32 2.37 0.72 -1.00  -1.0     -1. 10.46 516.4 230156.
 6:44:33 0.46 358.22 310.90 -5.88 1667  13.72   509.4 183957. -6.07 -0.03  24.34  -3.27   2.30 0.27 2.06 0.79  0.15 655.2 924329. 11.26 516.9 253000.
 6:45:54 0.46 358.22 310.88 -5.88 1667  13.58   514.6 235757.  0.74 -0.36  23.05  -9.94   2.99 0.42 0.72 0.82 -1.00  -1.0     -1. 10.77 513.2 224488.
 6:47:15 0.46 358.22 310.88 -5.88 1667  14.47   523.3 292589.  1.80  1.81  21.15 -13.63   1.91 0.37 0.85 0.77 -1.00  -1.0     -1. 11.25 520.0 278906.
 6:48:36 0.46 358.22 310.87 -5.88 1667  13.35   530.5 381184.  2.33  1.11  20.33 -13.68  -1.82 1.04 1.73 4.77 -1.00  -1.0     -1. 10.80 525.0 348173.
 6:49:57 0.46 358.22 310.86 -5.88 1667  14.17   543.9 411297.  0.70  4.61  18.54 -12.14 -11.41 1.25 1.03 2.04 -1.00  -1.0     -1. 11.10 541.8 408734.
 6:51:18 0.46 358.23 310.85 -5.88 1667  14.25   516.2 245158.  1.60 -0.20  21.27 -13.55   1.80 0.49 0.72 1.51 -1.00  -1.0     -1. 10.66 515.1 236280.
 6:52:39 0.46 358.23 310.84 -5.88 1667  12.11   495.3 108476. -2.71  2.24  24.06  -7.91  -0.22 0.61 1.45 0.75  1.47 485.9 312151.  9.69 496.6 102963.
 6:54:00 0.46 358.23 310.82 -5.88 1667  13.22   499.1 142386. -2.09  0.86  23.89  -7.15  -1.10 0.21 0.78 0.88 -1.00  -1.0     -1. 10.36 499.8 135461.
 6:55:21 0.46 358.23 310.81 -5.88 1667  11.90   496.8 107183. -1.12  0.31  23.88  -7.76   0.48 0.16 0.46 1.06  1.60 483.0 340269.  9.53 494.7 102028.
 6:56:42 0.46 358.23 310.80 -5.88 1667  11.97   489.5  95985. -3.22 -0.62  24.51  -5.04   2.11 0.09 0.35 0.48  2.21 468.7 410111. 10.09 494.4 126082.
 6:58:03 0.46 358.24 310.79 -5.88 1667  12.08   497.3 107953.  0.00 -2.01  23.89  -6.62   3.87 0.29 0.47 0.79  2.83 464.0 590544.  9.69 495.0 105006.
 6:59:24 0.46 358.24 310.78 -5.88 1667  12.75   494.5 142484. -3.43 -1.48  23.90  -5.91   4.42 0.36 0.48 1.27  0.16 682.8 769859.  9.78 495.7 133612.
 7:00:45 0.46 358.24 310.77 -5.88 1667  12.01   496.4 111799. -1.86 -1.19  23.77  -7.69   2.76 0.29 0.60 0.75  2.94 458.9 556058.  9.69 495.5 105503.
 7:02:06 0.46 358.24 310.76 -5.88 1667  12.14   489.9  95674. -3.17 -1.25  24.44  -5.76   2.58 0.18 0.58 1.23  2.45 462.1 414451.  9.90 495.0 132985.
 7:03:27 0.46 358.24 310.75 -5.88 1667  12.21   495.6 114196. -2.74  2.86  24.24  -5.88  -0.81 0.19 0.98 0.72  0.12 708.6 595845.  9.60 495.2 106972.
 7:04:48 0.46 358.24 310.74 -5.88 1667  13.59   517.3 380200.  0.27  2.01  22.64 -10.61  -1.15 0.36 1.11 1.07  0.13 690.9 595430. 10.64 515.1 357964.
 7:06:09 0.46 358.25 310.73 -5.88 1667  13.91   537.6 445383.  1.85  5.96  21.97 -10.53  -4.48 0.82 1.68 1.83  0.16 669.7 622457. 11.03 535.3 428774.
 7:07:30 0.46 358.25 310.72 -5.88 1667  15.44   521.0 409767.  0.00  2.11  23.68   2.41  -3.55 0.60 2.25 2.31 -1.00  -1.0     -1. 12.19 518.6 399655.
 7:08:51 0.46 358.25 310.71 -5.88 1667  14.47   528.9 453556.-11.16  2.25  23.79   5.20  -1.54 0.63 3.05 1.25 -1.00  -1.0     -1. 11.70 535.0 434748.
 7:10:12 0.46 358.25 310.70 -5.88 1667  15.48   549.3 513572. -7.48  4.20  19.98   0.31 -13.05 1.43 1.82 1.99 -1.00  -1.0     -1. 12.24 553.6 505457.
 7:11:33 0.46 358.25 310.69 -5.88 1667  15.59   516.9 334708.  0.32  0.00  21.19 -10.03  -3.37 1.48 4.50 2.38  0.17 670.3 572976. 12.45 512.6 307954.
 7:12:54 0.46 358.26 310.68 -5.87 1667  14.85   543.2 429800.  4.65  0.77  17.93 -17.21   1.26 0.29 0.79 2.25 -1.00  -1.0     -1. 11.81 537.9 410202.
 7:14:15 0.46 358.26 310.67 -5.87 1667  15.57   565.2 477543.  3.60  0.00  15.09 -16.42  10.04 1.14 2.32 2.36 -1.00  -1.0     -1. 12.21 561.6 467044.
 7:15:36 0.46 358.26 310.66 -5.87 1667  13.62   612.1 317254.  0.85  7.14   7.71 -10.81 -20.97 1.75 1.87 1.76 -1.00  -1.0     -1. 11.04 607.9 332408.
 7:16:57 0.46 358.26 310.64 -5.87 1667  13.44   700.8 260604.  1.47  3.07 -11.66 -16.44 -16.25 1.85 1.39 2.24 -1.00  -1.0     -1. 10.50 698.1 280303.
 7:18:18 0.46 358.26 310.64 -5.87 1667  15.17   678.4 383266. -0.16  5.52  -6.28  -4.38 -24.67 1.54 3.14 1.87 -1.00  -1.0     -1. 11.97 683.9 413880.
 7:19:39 0.46 358.27 310.63 -5.87 1667  14.67   697.1 405823. -7.38  5.42 -10.53  11.48 -19.40 2.05 4.26 4.39 -1.00  -1.0     -1. 12.27 700.1 397819.
 7:21:00 0.46 358.27 310.62 -5.87 1667  13.00   555.0 364925.  4.04  1.73  16.47 -16.75  -8.24 0.78 1.14 1.17 -1.00  -1.0     -1. 10.36 550.9 326532.
 7:22:21 0.46 358.27 310.61 -5.87 1667  14.90   571.4 437502.  5.85  5.58  11.20 -17.48 -10.64 3.60 3.00 6.83 -1.00  -1.0     -1. 11.78 564.5 424294.
 7:23:42 0.46 358.27 310.60 -5.87 1667  14.22   604.8 439364.  7.43  0.00   9.12 -19.86  -4.09 1.66 4.31 6.14 -1.00  -1.0     -1. 11.22 595.8 426601.
 7:25:03 0.46 358.28 310.58 -5.87 1667  14.54   566.8 416667.  4.65  1.67  14.05 -17.85  -9.66 0.70 0.53 0.62  0.18 667.6 568402. 11.67 561.0 396588.
 7:26:24 0.46 358.28 310.57 -5.87 1667  14.87   552.1 416914.  4.38  4.71  16.05 -17.15  -7.14 0.89 0.89 0.64 -1.00  -1.0     -1. 12.10 553.3 473323.
 7:27:45 0.46 358.28 310.56 -5.87 1667  13.70   565.0 397767.  3.43  0.00  15.19 -18.24   3.22 1.32 2.84 4.00  0.14 704.41032230. 11.23 561.0 395328.
 7:29:06 0.46 358.28 310.55 -5.87 1667  15.00   555.2 394645.  5.65  2.67  14.23 -20.37  -3.25 2.12 1.59 0.49 -1.00  -1.0     -1. 11.77 550.4 381749.
 7:30:27 0.46 358.28 310.54 -5.87 1667  13.86   571.6 384244.  6.86  1.70  15.15 -18.71   0.45 2.13 2.66 6.46 -1.00  -1.0     -1. 11.12 562.7 380102.
 7:31:48 0.46 358.28 310.53 -5.87 1667  14.13   549.3 383165.  4.17 -3.59  17.18 -16.72   8.02 0.89 0.71 0.90 -1.00  -1.0     -1. 11.09 546.8 348452.
 7:33:09 0.46 358.29 310.52 -5.87 1667  13.84   514.5 233265.  2.39  0.13  19.55 -14.43   5.08 0.83 1.44 2.30 -1.00  -1.0     -1. 11.01 516.7 277844.
 7:34:30 0.46 358.29 310.51 -5.87 1667  14.40   541.5 357438.  2.50 -4.51  17.95 -13.82  10.62 0.66 1.83 2.57 -1.00  -1.0     -1. 11.91 538.2 358565.
 7:35:51 0.46 358.29 310.50 -5.87 1667  13.73   576.8 384913.  5.97 -4.40  13.77 -18.73   9.77 1.26 0.99 1.19 -1.00  -1.0     -1. 10.57 572.8 343018.
 7:37:12 0.46 358.29 310.49 -5.87 1667  14.20   541.2 368326.  3.45 -3.39  17.80 -14.43  10.01 0.86 0.95 0.85 -1.00  -1.0     -1. 11.08 537.0 365539.
 7:38:33 0.46 358.29 310.48 -5.87 1667  15.41   545.8 431999.  3.18 -3.81  17.71 -15.03   9.06 0.76 0.79 0.81 -1.00  -1.0     -1. 11.89 543.1 446910.
 7:39:54 0.46 358.30 310.47 -5.87 1667  14.57   563.8 349654.  5.03 -2.04  13.37 -20.08   7.11 1.19 0.68 0.90 -1.00  -1.0     -1. 11.24 557.9 346565.
 7:41:15 0.46 358.30 310.46 -5.87 1667  14.98   563.7 368099.  5.73 -0.84  14.94 -18.25   7.81 1.39 2.47 2.48 -1.00  -1.0     -1. 11.98 556.8 370038.
 7:42:36 0.46 358.30 310.45 -5.87 1667  17.14   552.4 408276.  4.42 -0.78  14.12 -19.62   5.79 1.46 0.56 1.22  0.18 644.5 545546. 13.67 548.4 399882.
 7:43:57 0.46 358.30 310.44 -5.87 1667  14.24   555.5 395188.  5.17  3.19  14.89 -19.95  -3.42 0.78 0.35 2.10 -1.00  -1.0     -1. 11.77 549.1 383643.
 7:45:18 0.46 358.30 310.43 -5.87 1667  15.01   562.1 356704.  4.74  1.85  15.45 -19.19  -2.92 1.39 1.11 2.37 -1.00  -1.0     -1. 12.30 561.0 423021.
 7:46:39 0.46 358.31 310.42 -5.87 1667  15.18   544.7 439961.  0.00  0.00  18.27 -13.65   6.90 0.76 1.38 0.80 -1.00  -1.0     -1. 11.97 541.4 429076.
 7:48:00 0.46 358.31 310.41 -5.87 1667  14.31   525.1 262167. -2.17 -3.79  20.47  -6.16  10.96 0.29 0.72 0.59 -1.00  -1.0     -1. 11.94 529.4 331541.
 7:49:21 0.46 358.31 310.40 -5.87 1667  15.23   516.1 213784. -5.30 -3.57  20.62  -4.72  11.78 1.56 2.72 1.57 -1.00  -1.0     -1. 12.21 523.0 271802.
 7:50:42 0.46 358.31 310.39 -5.87 1667  14.64   522.0 252249. -2.16 -4.21  21.03  -8.45   7.98 0.80 1.01 3.15 -1.00  -1.0     -1. 11.74 522.4 248770.
 7:52:03 0.46 358.31 310.38 -5.87 1667  13.12   504.8 121187. -2.36  0.10  23.02  -7.24   1.75 0.40 1.03 1.17  1.41 480.2 450756. 10.93 507.5 152522.
 7:53:24 0.46 358.32 310.37 -5.87 1667  14.25   523.0 238840.  1.10 -1.38  20.60 -12.43   3.37 0.68 1.29 1.68 -1.00  -1.0     -1. 11.39 520.5 234240.
 7:54:45 0.46 358.32 310.36 -5.87 1667  15.19   539.8 330423.  3.75 -0.71  16.08 -17.52   5.14 1.35 1.22 0.49 -1.00  -1.0     -1. 12.42 541.0 399333.
 7:56:06 0.46 358.32 310.35 -5.87 1667  13.46   535.5 257772.  2.41 -3.05  17.32 -13.80   9.88 0.52 0.45 1.08 -1.00  -1.0     -1. 10.66 531.3 249222.
 7:57:27 0.46 358.32 310.33 -5.87 1667  13.61   523.4 200826. -0.54 -4.47  18.57 -11.77   6.86 0.95 3.39 4.64 -1.00  -1.0     -1. 11.34 524.5 253328.
 7:58:48 0.46 358.32 310.32 -5.87 1667  15.79   539.8 404176. -4.73 -6.19  18.98  -0.89  13.84 0.36 3.66 1.54 -1.00  -1.0     -1. 12.77 540.9 396806.
 8:00:09 0.46 358.33 310.31 -5.87 1667  13.79   517.9 209409.  0.00 -3.90  20.52  -3.98  11.24 0.70 1.85 1.58 -1.00  -1.0     -1. 11.37 519.5 260861.
 8:01:30 0.46 358.33 310.30 -5.87 1667  13.94   525.3 402835. -2.45 -1.59  18.90  -7.93   6.18 0.81 6.03 5.14 -1.00  -1.0     -1. 11.14 525.0 383672.
 8:02:51 0.46 358.33 310.29 -5.87 1667  14.97   585.9 453920.  3.09 10.15  12.68 -15.87  -7.22 3.13 2.24 6.31 -1.00  -1.0     -1. 11.78 584.0 392089.
 8:04:12 0.46 358.33 310.29 -5.87 1667  12.41   524.8 252477.  0.26 -2.05  19.53 -11.47   6.65 0.15 0.63 0.37 -1.00  -1.0     -1. 10.20 522.1 247045.
 8:05:33 0.46 358.33 310.27 -5.87 1667  13.73   530.1 272682.  1.08 -1.13  19.12 -11.57   7.40 0.28 0.48 0.65  0.17 691.3 999382. 10.97 528.8 265578.
 8:06:54 0.46 358.34 310.26 -5.87 1667  13.17   525.5 271269.  0.37 -2.73  19.13  -9.71   9.69 0.22 1.56 1.65 -1.00  -1.0     -1. 11.02 529.4 344350.
 8:08:15 0.46 358.34 310.25 -5.87 1667  13.43   534.4 284685.  0.99 -2.46  19.23 -12.00   7.16 0.21 0.56 0.88 -1.00  -1.0     -1. 10.73 530.4 276353.
 8:09:36 0.46 358.34 310.24 -5.87 1667  13.03   522.1 243719. -1.40 -1.67  19.82  -8.59   8.63 0.10 1.00 1.18 -1.00  -1.0     -1. 10.54 521.5 240266.
 8:10:57 0.46 358.34 310.23 -5.87 1667  12.71   526.3 284295.  0.47 -1.12  19.68 -12.08   4.93 0.72 1.15 1.24 -1.00  -1.0     -1. 10.33 525.9 269729.
 8:12:18 0.46 358.34 310.22 -5.87 1667  14.77   547.2 578066.  1.51 -0.28  18.53  -2.35  11.83 1.62 3.98 3.60 -1.00  -1.0     -1. 12.18 548.9 602657.
 8:13:39 0.46 358.35 310.21 -5.87 1667  13.79   575.3 451247.  5.51  5.14  13.07 -18.97  -2.03 2.68 2.31 3.15 -1.00  -1.0     -1. 11.25 567.6 440429.
 8:15:00 0.46 358.35 310.20 -5.86 1667  12.84   540.6 393957.  2.69  1.00  16.38 -16.40   2.82 1.31 1.19 0.83 -1.00  -1.0     -1. 10.54 541.9 469886.
 8:16:21 0.46 358.35 310.19 -5.86 1667  12.39   519.6 206894.  1.10  1.30  19.71 -12.16   2.17 0.96 1.81 1.07 -1.00  -1.0     -1. 10.11 521.8 272763.
 8:17:42 0.46 358.35 310.18 -5.86 1667  13.62   510.6 224585. -5.79  1.98  22.54  -3.68   1.81 0.17 1.06 0.89 -1.00  -1.0     -1. 10.48 507.3 152756.
 8:19:03 0.46 358.35 310.17 -5.86 1667  12.64   513.0 176661. -3.01 -1.01  22.17  -5.72   4.57 0.24 1.07 1.36  0.19 652.7 868404.  9.91 512.2 174699.
 8:20:24 0.46 358.36 310.16 -5.86 1667  13.01   520.1 230774. -3.39 -2.99  21.43  -4.25   8.39 0.29 2.19 0.87 -1.00  -1.0     -1. 10.62 519.5 217952.
 8:21:45 0.46 358.36 310.15 -5.86 1667  12.69   517.3 183791. -0.66 -1.38  20.92 -10.05   4.81 0.79 2.69 2.17 -1.00  -1.0     -1. 10.54 522.3 245600.
 8:23:06 0.46 358.36 310.14 -5.86 1667  13.95   549.6 366036.  3.97  0.00  16.50 -18.14  -0.91 0.59 0.62 0.69 -1.00  -1.0     -1. 10.72 547.6 336482.
 8:24:27 0.46 358.36 310.13 -5.86 1667  12.55   553.8 398852.  4.47  2.10  15.76 -17.60   1.56 0.76 0.81 1.50 -1.00  -1.0     -1. 10.15 548.2 386164.
 8:25:48 0.46 358.36 310.12 -5.86 1667  14.85   552.0 400015.  0.00 -5.21  18.24 -10.38   9.42 0.41 2.82 4.20  0.20 660.01079008. 11.25 551.5 369733.
 8:27:09 0.46 358.37 310.11 -5.86 1667  13.58   555.1 388009.  4.53  1.67  17.20 -16.82   1.76 0.56 0.96 1.75  0.21 660.1 843872. 10.88 550.5 378299.
 8:28:30 0.46 358.37 310.09 -5.86 1667  13.34   554.2 374102.  4.55  1.82  16.92 -17.15   1.69 1.00 1.18 1.08 -1.00  -1.0     -1. 10.73 549.4 320899.
 8:29:51 0.46 358.37 310.08 -5.86 1667  13.91   553.4 399733.  3.89  4.77  16.70 -17.07  -1.00 0.62 1.04 2.01 -1.00  -1.0     -1. 10.74 547.8 381817.
 8:31:12 0.46 358.37 310.08 -5.86 1667  14.06   545.4 348498.  3.42  0.00  16.56 -16.42   2.19 1.09 1.41 2.27  0.14 674.9 722665. 10.73 543.3 315253.
 8:32:33 0.46 358.37 310.07 -5.86 1667  14.69   579.4 446371.  5.87  3.95  11.68 -20.22  -3.86 0.83 0.51 0.93 -1.00  -1.0     -1. 11.14 572.8 423109.
 8:33:54 0.46 358.38 310.05 -5.86 1667  13.45   600.7 444883.  5.87  6.86   6.03 -20.70 -10.97 1.13 0.60 0.84  0.25 673.3 916221. 10.57 595.3 442872.
 8:35:15 0.46 358.38 310.05 -5.86 1667  12.22   575.0 416322.  5.78  5.05  14.72 -18.10  -2.52 1.98 2.34 2.83 -1.00  -1.0     -1.  9.93 569.7 406522.
 8:36:36 0.46 358.38 310.03 -5.86 1667  12.10   526.3 226697.  1.57  0.29  21.50 -10.43   3.21 0.50 1.15 0.65 -1.00  -1.0     -1.  9.48 524.5 196983.
 8:37:57 0.46 358.38 310.02 -5.86 1667  11.48   520.6 178945.  0.25  1.31  21.29 -10.84   2.60 0.67 1.22 0.47 -1.00  -1.0     -1.  9.46 520.2 168306.
 8:39:18 0.46 358.38 310.01 -5.86 1667  12.24   574.9 402529.  5.19  5.90  15.02 -17.52  -5.04 1.29 1.13 0.85  0.21 648.0 550328. 10.41 569.0 398771.
 8:40:39 0.46 358.39 310.00 -5.86 1667  14.00   568.6 464357.  5.35  1.86  13.83 -18.12  -1.86 2.79 1.70 3.59 -1.00  -1.0     -1. 11.15 563.9 435609.
 8:42:00 0.46 358.39 309.99 -5.86 1667  12.20   597.4 381639.  6.73  4.80  12.34 -19.64  -2.59 2.27 1.89 3.05 -1.00  -1.0     -1.  9.28 593.0 360530.
 8:43:21 0.46 358.39 309.98 -5.86 1667  12.76   559.3 389386.  5.26  3.01  13.98 -18.92  -3.59 1.60 1.28 1.81 -1.00  -1.0     -1. 10.00 552.6 381096.
 8:44:42 0.46 358.39 309.97 -5.86 1667  14.26   561.8 422183.  4.97  4.51  16.16 -16.95  -2.61 1.87 1.80 3.57 -1.00  -1.0     -1. 11.37 562.2 444136.
 8:46:03 0.46 358.39 309.96 -5.86 1667  12.84   565.0 397134.  6.02  3.24  14.71 -18.92  -2.11 1.50 1.38 1.02 -1.00  -1.0     -1. 10.42 559.1 391079.
 8:47:24 0.46 358.40 309.95 -5.86 1667  12.60   535.5 244482.  3.25  2.97  19.41 -14.36  -0.58 0.65 0.93 1.30 -1.00  -1.0     -1.  9.87 531.8 217400.
 8:48:45 0.46 358.40 309.94 -5.86 1667  12.24   535.1 271980.  2.33  4.58  18.97 -13.36  -4.44 0.83 0.58 2.31 -1.00  -1.0     -1.  9.75 530.9 257508.
 8:50:06 0.46 358.40 309.93 -5.86 1667  11.94   529.4 246487.  1.58 -0.66  19.81 -12.11  -1.91 1.62 2.00 3.57 -1.00  -1.0     -1.  9.56 524.3 234919.
 8:51:27 0.46 358.40 309.92 -5.86 1667  11.49   523.5 195440.  1.10  4.68  21.72  -9.65  -1.42 0.45 1.11 1.05 -1.00  -1.0     -1.  9.94 526.0 247536.
 8:52:48 0.46 358.40 309.91 -5.86 1667  12.94   532.2 260153.  1.93  2.90  19.14 -13.90  -1.16 0.97 1.17 0.91 -1.00  -1.0     -1. 11.04 534.1 319203.
 8:54:09 0.46 358.41 309.90 -5.86 1667  13.32   558.9 419136.  0.66  7.64  16.13  -9.79 -13.12 0.60 0.86 1.11 -1.00  -1.0     -1. 10.76 555.2 415134.
 8:55:30 0.46 358.41 309.89 -5.86 1667  13.02   563.2 350973.  2.74  0.88  15.23 -11.69 -12.19 0.39 2.68 2.28 -1.00  -1.0     -1. 10.81 561.6 408822.
 8:56:51 0.46 358.41 309.88 -5.86 1667  14.29   572.9 417794.  6.92  0.00  13.39 -17.97   2.61 1.81 3.10 6.04 -1.00  -1.0     -1. 11.54 565.9 399427.
 8:58:12 0.46 358.41 309.87 -5.86 1667  14.52   593.5 458189.  5.42 -3.96   8.80 -19.97   9.81 1.45 0.97 1.70 -1.00  -1.0     -1. 11.30 589.0 457240.
 8:59:33 0.46 358.41 309.86 -5.86 1667  13.57   548.2 390016.  1.61  0.00  18.81 -12.78  -6.17 1.02 2.87 2.25  0.17 681.5 855306. 11.23 544.9 381687.
 9:00:54 0.46 358.42 309.84 -5.86 1667  12.76   569.1 323566.  4.33 -1.76  15.33 -16.52  -6.09 1.06 1.55 1.16 -1.00  -1.0     -1. 10.23 566.6 390211.
 9:02:15 0.46 358.42 309.84 -5.86 1667  13.46   555.5 393278.  4.37 -0.95  17.31 -15.06  -5.08 0.63 2.42 2.77 -1.00  -1.0     -1. 11.04 549.1 386219.
 9:03:36 0.46 358.42 309.83 -5.86 1667  13.26   542.8 355953. -2.88  2.54  18.38  -5.01 -13.29 1.37 2.03 1.86 -1.00  -1.0     -1. 10.56 543.8 313590.
 9:04:57 0.46 358.42 309.82 -5.86 1667  13.27   557.1 442044.  0.00  3.23  18.55  -7.94 -11.53 1.11 1.36 0.97  0.19 663.2 919963. 11.14 555.1 431879.
 9:06:18 0.46 358.42 309.81 -5.86 1667  13.12   563.1 433445.  0.10  2.78  17.01  -4.22 -13.53 1.85 4.18 2.47  0.06 769.7 711438. 11.17 561.6 434498.
 9:07:39 0.46 358.43 309.80 -5.86 1667  14.34   553.3 386242.  0.00  0.00  17.29 -14.73   3.07 1.47 1.68 2.11 -1.00  -1.0     -1. 11.20 550.9 391478.
 9:09:00 0.46 358.43 309.78 -5.86 1667  14.13   561.7 451747.  1.28 -4.08  15.93 -12.83   9.80 0.45 0.99 0.72 -1.00  -1.0     -1. 11.44 559.8 451250.
 9:10:21 0.46 358.43 309.77 -5.86 1667  14.43   567.7 435355.  2.23 -4.07  15.44 -13.63   9.99 1.10 1.11 0.52 -1.00  -1.0     -1. 11.43 564.4 413324.
 9:11:42 0.46 358.43 309.76 -5.86 1667  17.64   570.8 515930.  1.91 -5.24  14.26 -14.28  11.20 1.30 0.72 1.76 -1.00  -1.0     -1. 13.09 570.9 477267.
 9:13:03 0.46 358.43 309.75 -5.86 1667  13.30   558.9 429761.  2.42 -3.04  16.15 -14.68   7.03 0.85 0.81 0.94 -1.00  -1.0     -1. 10.90 554.9 413490.
 9:14:24 0.46 358.44 309.74 -5.86 1667  13.67   548.2 338031.  1.58  0.39  18.63 -12.87   4.59 0.45 0.80 1.12 -1.00  -1.0     -1. 11.24 543.3 317027.
 9:15:45 0.46 358.44 309.73 -5.86 1667  12.82   539.5 282460.  1.27 -3.63  19.27 -12.40   7.33 0.56 1.26 0.61 -1.00  -1.0     -1. 10.41 537.1 273384.
 9:17:06 0.46 358.44 309.72 -5.85 1667  12.18   529.8 246490.  1.60 -0.24  19.59 -13.15   3.16 1.16 0.92 1.06 -1.00  -1.0     -1.  9.76 533.6 288359.
 9:18:27 0.46 358.44 309.71 -5.85 1667  12.54   541.4 290019.  2.61 -0.47  19.35 -13.31   4.74 0.44 0.92 0.92 -1.00  -1.0     -1. 10.02 535.5 276866.
 9:19:48 0.46 358.44 309.70 -5.85 1667  13.11   531.1 242530.  0.93 -0.43  19.61 -12.52   4.50 0.71 0.87 0.83 -1.00  -1.0     -1. 10.94 536.2 286904.
 9:21:09 0.46 358.45 309.69 -5.85 1667  12.66   533.2 283064.  0.93 -1.20  20.33 -11.48   2.08 0.84 1.93 1.43  0.15 657.5 866741. 10.09 531.7 275066.
 9:22:30 0.46 358.45 309.68 -5.85 1667  13.36   523.0 224303. -0.59  1.72  21.15 -10.20   0.81 0.33 0.57 0.95 -1.00  -1.0     -1.  9.95 522.0 193498.
 9:23:51 0.46 358.45 309.67 -5.85 1667  12.57   539.9 290143.  1.82  5.34  18.99 -14.01  -5.25 0.24 0.46 0.35  0.12 654.8 582748. 10.04 537.2 277184.
 9:25:12 0.46 358.45 309.66 -5.85 1667  11.82   558.9 318839.  3.29  6.14  16.97 -15.33  -6.11 0.60 0.60 1.59 -1.00  -1.0     -1.  9.47 553.9 312164.
 9:26:33 0.46 358.45 309.65 -5.85 1667   9.60   556.1 222172.  3.24  3.07  12.31 -18.61  -3.87 2.77 2.11 3.97 -1.00  -1.0     -1.  8.14 556.1 318804.
 9:27:54 0.46 358.45 309.64 -5.85 1667  12.43   556.2 355011.  4.39  0.00  16.85 -15.31  -0.12 0.79 1.45 1.40 -1.00  -1.0     -1.  9.76 551.6 313294.
 9:29:15 0.46 358.46 309.63 -5.85 1667  12.77   547.1 399473.  1.35  0.00  18.88 -11.65   7.68 0.40 0.96 0.67 -1.00  -1.0     -1. 10.28 543.9 388272.
 9:30:36 0.46 358.46 309.62 -5.85 1667  13.56   545.2 352675.  2.23 -0.28  18.45 -14.03   3.15 0.51 0.70 2.01  0.16 678.0 803123. 10.62 542.4 314766.
 9:31:57 0.46 358.46 309.61 -5.85 1667  13.17   560.9 394853.  4.33  2.98  16.88 -15.76  -1.67 1.11 1.27 1.19 -1.00  -1.0     -1. 10.61 557.2 391400.
 9:33:18 0.46 358.46 309.60 -5.85 1667  12.54   524.6 232944.  0.10  1.60  20.22 -10.45   1.22 1.36 2.31 0.82  0.20 634.9 832554. 10.12 530.8 298069.
 9:34:39 0.46 358.47 309.59 -5.85 1667  13.34   556.2 401584.  0.00  0.00  16.67 -15.21   3.13 1.31 0.91 3.83 -1.00  -1.0     -1. 10.47 551.9 390595.
 9:36:00 0.46 358.47 309.58 -5.85 1667  -1.00    -1.0     -1. -1.00 -1.00   1.33 -20.29  10.08 0.00 0.00 0.00 -1.00  -1.0     -1. -1.00  -1.0     -1.
 9:48:53 0.46 358.49 309.48 -5.85 1667  12.02   545.0 389344.  3.28  1.63   2.27 -20.49   9.55 0.88 0.16 0.37 -1.00  -1.0     -1. 10.21 544.3 476848.
 9:59:41 0.46 358.50 309.39 -5.85 1667  15.13   586.7 491898.  6.94  2.12  14.42 -15.49  -1.63 0.51 0.60 1.20 -1.00  -1.0     -1. 11.57 581.3 494152.
10:10:29 0.46 358.52 309.31 -5.85 1667  12.82   544.1 353254.  3.24 -0.28  16.95 -13.38   6.59 0.20 0.10 0.20 -1.00  -1.0     -1. 10.22 540.1 352978.
10:16:29 0.46 358.53 309.27 -5.85 1667  13.77   540.2 324612.  0.00  0.00  13.20 -18.78   4.19 0.75 0.37 0.67 -1.00  -1.0     -1. 10.64 537.1 327607.
