197  0:31:41 0.96 169.98 322.57 -3.33 1670   9.56   349.6  15303.  6.98  0.29  -4.69   3.00  -1.04 0.00 0.00 0.00  0.42 338.9  36695.  7.92 346.8  15018.
197  1:14:53 0.96 169.98 322.16 -3.33 1670   9.19   344.1  15573.  6.57  0.86  -4.80   2.70  -0.24 0.00 0.00 0.00 -1.00  -1.0     -1.  8.48 342.9  16090.
197  1:58:05 0.96 169.97 321.76 -3.33 1670   4.12   367.4  27385.  3.78  3.56  -2.04   2.00   4.18 0.00 0.00 0.00  0.07 361.7  71817.  4.00 365.5  26897.
197  2:41:17 0.96 169.96 321.35 -3.34 1670   4.68   363.8  54220.  2.69  3.89  -4.82   1.80   1.76 0.00 0.00 0.00 -1.00  -1.0     -1.  4.10 361.7  48577.
197  3:24:29 0.96 169.96 320.95 -3.34 1670   3.76   364.8  83528.  3.53  3.21  -5.71   0.40   1.05 0.00 0.00 0.00 -1.00  -1.0     -1.  3.63 360.6  72837.
197  4:07:41 0.96 169.95 320.55 -3.34 1670   4.47   351.6  69322.  3.94 -1.25  -5.59   1.60  -1.05 0.00 0.00 0.00 -1.00  -1.0     -1.  3.84 349.1  70222.
197  4:50:53 0.96 169.94 320.14 -3.34 1670   4.56   390.2  75722.  4.72  5.43  -3.14   3.30   4.17 0.00 0.00 0.00 -1.00  -1.0     -1.  4.58 385.9  73019.
197  5:34:05 0.96 169.93 319.73 -3.34 1670   4.41   365.0 128126.  4.05  0.74  -6.41   1.10   1.04 0.00 0.00 0.00 -1.00  -1.0     -1.  3.79 363.6 117721.
197  6:17:17 0.96 169.93 319.33 -3.35 1670   5.15   369.1 117247. -2.62 -3.25  -6.27  -2.60  -2.96 0.00 0.00 0.00 -1.00  -1.0     -1.  4.89 369.4 110279.
197  7:00:29 0.96 169.92 318.93 -3.35 1670   4.85   378.6  76605.  1.98 -6.52  -3.75   1.10  -5.03 0.00 0.00 0.00 -1.00  -1.0     -1.  4.49 377.7  74513.
197  7:43:41 0.96 169.91 318.52 -3.35 1670   4.68   368.9  67916.  2.69 -4.14  -5.07   2.10  -3.85 0.00 0.00 0.00 -1.00  -1.0     -1.  4.25 367.5  68227.
197  8:26:53 0.96 169.90 318.12 -3.35 1670   5.45   383.3  85412. -1.59  2.18  -4.84  -2.20   4.66 0.00 0.00 0.00 -1.00  -1.0     -1.  4.68 382.8  79428.
197  9:10:05 0.96 169.90 317.71 -3.36 1670   5.40   356.7 102391. -1.01  3.34  -7.12  -1.20   1.84 0.00 0.00 0.00 -1.00  -1.0     -1.  4.82 355.5  87614.
197  9:53:17 0.96 169.89 317.31 -3.36 1670   4.80   350.6  81260.  2.75  0.14  -7.59   0.70  -0.97 0.00 0.00 0.00 -1.00  -1.0     -1.  4.66 348.7  74224.
197 10:36:29 0.96 169.88 316.91 -3.36 1670   5.25   365.2  77658.  7.23 -0.91  -5.28   4.90  -2.25 0.00 0.00 0.00 -1.00  -1.0     -1.  5.04 361.2  69095.
197 20:50:36 0.96 169.78 311.15 -3.40 1670   6.60   391.1 115372. -1.84 -4.22  -3.30  -4.25  -4.80 0.20 0.24 0.20 -1.00  -1.0     -1.  6.21 391.5 116730.
197 20:51:57 0.96 169.78 311.14 -3.40 1670   6.54   388.0 113975. -1.37 -4.52  -3.09  -4.71  -4.68 0.22 0.17 0.18 -1.00  -1.0     -1.  6.10 387.4 116298.
197 20:53:18 0.96 169.78 311.13 -3.40 1670   5.92   391.3  92942. -1.99 -4.23  -4.27  -4.11  -4.61 0.32 0.25 0.12 -1.00  -1.0     -1.  5.92 392.2 106793.
197 20:54:39 0.96 169.78 311.12 -3.40 1670   6.23   388.3 104402.  0.00  0.00  -4.85  -3.78  -5.06 0.20 0.09 0.16 -1.00  -1.0     -1.  5.63 389.4  94361.
197 20:56:00 0.96 169.78 311.11 -3.40 1670   5.84   385.1  93270. -1.07 -3.63  -5.24  -3.35  -4.78 0.16 0.22 0.20  0.08 405.2 215308.  5.50 387.4 100394.
197 20:57:21 0.96 169.78 311.09 -3.40 1670   6.03   384.1 106286. -0.31 -3.63  -4.68  -2.91  -5.39 0.19 0.15 0.03 -1.00  -1.0     -1.  5.33 386.1  92360.
197 20:58:42 0.96 169.78 311.08 -3.40 1670   5.97   388.7 116977. -0.08 -3.92  -4.75  -2.39  -5.18 0.18 0.17 0.18 -1.00  -1.0     -1.  5.32 389.1 109236.
197 21:00:03 0.96 169.78 311.07 -3.40 1670   6.48   384.7 112553. -0.45 -4.37  -4.73  -1.99  -5.20 0.13 0.19 0.18 -1.00  -1.0     -1.  6.12 385.0 111805.
197 21:01:24 0.96 169.78 311.05 -3.40 1670   6.63   386.5 100345. -0.75 -4.70  -4.95  -1.40  -4.74 0.21 0.69 0.36 -1.00  -1.0     -1.  6.36 388.3 116181.
197 21:02:45 0.96 169.78 311.04 -3.40 1670   7.35   381.4 115512.  1.06 -3.77  -5.02  -1.29  -5.04 0.21 0.32 0.12 -1.00  -1.0     -1.  6.65 380.9 112942.
197 21:04:06 0.96 169.78 311.03 -3.40 1670   6.55   387.4 116317. -0.75 -5.03  -4.96  -1.81  -4.68 0.20 0.13 0.28 -1.00  -1.0     -1.  6.27 386.6 113728.
197 21:05:27 0.96 169.78 311.02 -3.40 1670   7.24   384.5 114157. -0.96 -4.68  -5.34  -1.83  -4.32 0.12 0.06 0.12 -1.00  -1.0     -1.  6.35 384.5 108999.
197 21:06:48 0.96 169.78 311.00 -3.40 1670   6.94   386.8 125420. -0.71 -4.70  -5.44  -1.73  -4.40 0.22 0.13 0.18  0.05 443.7 188281.  6.40 386.2 114264.
197 21:08:09 0.96 169.78 310.99 -3.40 1670   7.00   384.2 110935. -0.62 -4.57  -5.35  -2.28  -4.20 0.39 1.92 0.61 -1.00  -1.0     -1.  6.50 383.7 107569.
197 21:09:30 0.96 169.78 310.98 -3.40 1670   6.69   391.5 115359.  0.35 -4.30  -3.51  -1.17  -6.43 0.33 0.20 0.19 -1.00  -1.0     -1.  6.52 391.7 107667.
197 21:10:51 0.96 169.78 310.97 -3.40 1670   6.70   394.5 114583. -0.21 -5.93  -3.37  -0.70  -7.03 0.21 0.13 0.12 -1.00  -1.0     -1.  5.86 395.7  96028.
197 21:12:12 0.96 169.78 310.96 -3.40 1670   5.74   396.9 115255. -0.46 -4.84  -3.33  -0.12  -7.07 0.11 0.08 0.00 -1.00  -1.0     -1.  5.30 396.1 106309.
197 21:13:33 0.96 169.78 310.94 -3.40 1670   5.52   392.1 116256. -0.43 -4.70  -3.05  -0.22  -6.98 0.23 0.22 0.16 -1.00  -1.0     -1.  4.93 393.0 102362.
197 21:14:54 0.96 169.78 310.93 -3.40 1670   5.67   396.7 116535. -0.46 -4.84  -3.36  -0.14  -6.87 0.36 0.24 0.20 -1.00  -1.0     -1.  5.55 396.4 113079.
197 21:16:15 0.96 169.77 310.92 -3.40 1670   5.61   397.7 100705. -0.35 -4.75  -3.28  -0.20  -6.95 0.08 0.22 0.18 -1.00  -1.0     -1.  5.32 395.2  98409.
197 21:17:36 0.96 169.77 310.90 -3.40 1670   6.40   382.8 107079. -0.36 -4.21  -3.95  -0.01  -6.44 0.59 0.24 0.26 -1.00  -1.0     -1.  5.73 386.0 112186.
197 21:18:57 0.96 169.77 310.89 -3.40 1670   5.91   393.4 113832. -0.91 -5.11  -2.36  -0.65  -7.02 0.34 0.27 0.12 -1.00  -1.0     -1.  5.38 392.8  99409.
197 21:20:18 0.96 169.77 310.88 -3.40 1670   6.70   395.1 117526. -0.70 -4.81  -1.94  -1.36  -6.73 0.41 0.33 0.30 -1.00  -1.0     -1.  5.97 395.3 122379.
197 21:21:39 0.96 169.77 310.86 -3.40 1670   5.97   384.6 115372. -0.12 -5.05  -4.31   0.44  -5.68 1.35 1.11 0.82 -1.00  -1.0     -1.  5.86 382.2 114297.
197 21:23:00 0.96 169.77 310.85 -3.40 1670   6.55   387.1 122655. -0.28 -5.58  -5.46   1.47  -4.69 0.17 0.17 0.18 -1.00  -1.0     -1.  5.99 385.9 112728.
197 21:24:21 0.96 169.77 310.84 -3.40 1670   6.27   383.4 113332.  0.76 -5.23  -5.11   0.38  -4.64 0.73 1.25 0.48 -1.00  -1.0     -1.  5.82 382.1 110506.
197 21:25:42 0.96 169.77 310.83 -3.40 1670   6.70   385.3 100988. -1.76 -6.42  -4.04  -0.59  -5.35 0.19 0.22 0.18  0.06 410.5 145102.  6.40 388.6 115892.
197 21:27:03 0.96 169.77 310.82 -3.40 1670   7.09   394.0 118890. -2.78 -7.39  -3.01  -1.33  -5.50 0.26 0.29 0.12 -1.00  -1.0     -1.  6.79 395.6 104821.
197 21:28:24 0.96 169.77 310.80 -3.40 1670   5.81   382.5  83446.  0.53 -5.52  -4.76   1.88  -2.92 1.09 2.01 1.65 -1.00  -1.0     -1.  5.59 380.2  78658.
197 21:29:45 0.96 169.77 310.79 -3.40 1670   6.86   377.9 118920.  2.13 -3.82  -5.53   3.29  -2.28 0.31 0.41 0.23 -1.00  -1.0     -1.  6.31 377.1 112153.
197 21:31:06 0.96 169.77 310.78 -3.40 1670   6.92   379.1  93653.  1.83 -4.13  -5.46   3.10  -2.35 0.37 0.51 0.05 -1.00  -1.0     -1.  6.63 379.0 120414.
197 21:32:27 0.96 169.77 310.76 -3.40 1670   6.44   375.7 125374.  1.14 -3.92  -6.21   2.12  -1.98 0.15 0.29 0.39 -1.00  -1.0     -1.  5.96 375.0 116590.
197 21:33:48 0.96 169.77 310.75 -3.40 1670   6.43   378.2 140489.  1.56 -3.62  -6.10   2.56  -2.22 0.16 0.04 0.24 -1.00  -1.0     -1.  6.02 374.6  92945.
197 21:35:09 0.96 169.77 310.74 -3.40 1670   6.73   374.2 117484.  1.10 -3.38  -6.06   2.27  -1.74 0.14 0.32 0.37 -1.00  -1.0     -1.  6.43 374.3 112858.
197 21:36:30 0.96 169.77 310.72 -3.40 1670   6.54   382.3 142331.  1.17 -5.53  -4.94   2.04  -3.09 0.45 0.44 0.49 -1.00  -1.0     -1.  6.31 381.9 124351.
197 21:37:51 0.96 169.77 310.71 -3.40 1670   7.10   380.7 120891.  1.49 -5.82  -4.52   1.76  -3.91 0.19 0.35 0.41 -1.00  -1.0     -1.  6.34 379.4 111662.
197 21:39:12 0.96 169.77 310.70 -3.40 1670   7.29   377.9 105029.  0.51 -5.98  -4.52   0.51  -4.49 0.17 0.26 0.20 -1.00  -1.0     -1.  6.66 377.8  90401.
197 21:40:33 0.96 169.77 310.69 -3.40 1670   7.34   381.4 118650.  1.68 -5.30  -4.86   2.45  -3.26 0.19 0.24 0.21 -1.00  -1.0     -1.  6.56 379.4 105484.
197 21:41:54 0.96 169.77 310.68 -3.40 1670  -1.00    -1.0     -1. -1.00 -1.00  -5.51   1.34  -3.02 0.23 0.22 0.16 -1.00  -1.0     -1.  6.44 375.2  92808.
197 21:43:15 0.96 169.77 310.66 -3.40 1670  -1.00    -1.0     -1. -1.00 -1.00  -4.62   1.65  -3.25 0.42 1.30 0.48 -1.00  -1.0     -1. -1.00  -1.0     -1.
