1978/087   rh    esh  clong  clat crot    np1     vp1     Tp1   vaz   vel     Bx     By     Bz  sBx  sBy  sBz   nal   val     Tal   np2   vp2     Tp2
hh:mm:ss [AU]  [deg]  [deg] [deg]    # [cm-3]  [km/s]     [K] [deg] [deg]   [nT]   [nT]   [nT] [nT] [nT] [nT][cm-3][km/s]     [K][cm-3][km/s]     [K]
 0:00:16 0.67 339.94 147.56 -7.25 1666  -1.00    -1.0     -1. -1.00 -1.00   3.09  -8.12   0.96 1.10 0.71 0.58 -1.00  -1.0     -1. -1.00  -1.0     -1.
 0:00:36 0.67 340.02 147.63 -7.23 1666   7.47   528.5 237479.  5.47 -1.00   3.21  -8.23   0.59 1.19 0.57 0.40  0.27 555.3 425509.  6.13 524.1 230676.
 0:01:17 0.67 340.02 147.62 -7.23 1666   7.08   518.1 212735.  4.90 -1.24   3.64  -8.11   1.03 0.42 0.66 1.15  0.30 548.2 481357.  6.02 516.6 189275.
 0:01:57 0.67 340.02 147.62 -7.23 1666   7.17   522.8 178441.  5.19  0.40   3.70  -8.32  -0.52 0.53 0.63 0.36  0.30 541.2 558683.  6.08 520.1 205345.
 0:02:38 0.67 340.02 147.61 -7.23 1666   7.88   522.5 225956.  5.44 -0.42   1.94  -8.35   1.37 0.80 1.45 1.52  0.33 553.4 471143.  6.58 525.3 262596.
 0:03:18 0.67 340.02 147.61 -7.23 1666   7.07   530.6 200193.  6.21 -0.14   3.39  -8.09  -1.71 0.47 0.50 0.67  0.28 550.6 433617.  5.76 525.4 204185.
 0:03:59 0.67 340.02 147.60 -7.23 1666   7.15   523.8 181972.  5.38  0.57   4.16  -7.67  -0.96 1.04 1.46 1.73  0.28 539.9 323741.  6.05 518.5 184815.
 0:04:39 0.67 340.02 147.59 -7.23 1666   6.57   533.4 166162.  4.66 -2.73   2.45  -8.44  -1.30 1.03 0.89 0.87  0.28 549.1 485878.  5.49 526.3 168809.
 0:05:20 0.67 340.02 147.59 -7.23 1666   7.23   536.1 181339.  5.12  1.89   2.28  -7.58   2.68 1.15 1.79 1.53  0.34 551.6 529317.  6.03 532.3 185675.
 0:06:00 0.67 340.02 147.58 -7.23 1666   7.51   533.8 220177.  4.84 -1.50   2.86  -8.16  -0.83 0.98 1.15 0.84  0.36 550.2 488659.  6.14 531.0 226323.
 0:06:41 0.67 340.02 147.58 -7.23 1666   7.19   525.2 182541.  5.38  0.05   3.94  -7.91   0.35 0.78 0.82 0.70  0.31 552.2 620300.  5.83 521.4 184291.
 0:07:21 0.67 340.02 147.57 -7.23 1666   7.20   523.9 168433.  5.92 -0.76   4.37  -7.64   0.42 0.38 0.51 0.54  0.25 553.4 442076.  6.00 522.2 201570.
 0:08:02 0.67 340.02 147.56 -7.23 1666   7.37   520.3 198523.  4.79 -0.99   4.64  -7.24  -1.74 0.38 0.78 0.82  0.28 548.6 452952.  6.00 516.0 184512.
 0:08:42 0.67 340.02 147.56 -7.23 1666   7.40   516.7 179896.  4.74 -0.14   4.34  -7.43  -1.89 0.69 0.29 0.45  0.38 545.4 491765.  6.19 513.9 210805.
 0:09:23 0.67 340.02 147.55 -7.23 1666   7.26   521.7 205114.  4.97  0.97   3.80  -7.61  -1.79 0.70 0.52 0.52  0.26 556.3 399300.  6.13 520.6 194596.
 0:10:03 0.67 340.02 147.55 -7.23 1666   6.93   520.0 179835.  4.77  0.20   4.97  -4.22  -2.86 2.42 3.08 3.28  0.36 537.4 679824.  5.89 515.6 169537.
 0:10:44 0.67 340.02 147.54 -7.23 1666   7.00   557.1 164609.  4.55  2.45   2.29  -0.28  -7.39 1.19 3.13 1.35  0.32 548.6 528550.  5.87 552.0 170856.
 0:11:24 0.67 340.02 147.53 -7.23 1666   6.96   536.4 201817.  0.70  5.44   3.41  -2.03  -7.88 0.68 0.82 0.42  0.27 543.4 344129.  5.87 536.8 179896.
 0:12:05 0.67 340.02 147.53 -7.23 1666   7.15   524.8 185701.  0.04  5.50   4.07  -2.69  -6.80 0.64 1.53 1.11  0.32 544.7 531201.  6.10 524.5 189483.
 0:12:45 0.67 340.02 147.52 -7.23 1666   7.26   517.2 185935.  2.85  3.69   3.91  -6.12  -4.55 0.56 1.38 1.52  0.35 541.2 662439.  6.28 516.2 208291.
 0:13:26 0.67 340.02 147.52 -7.23 1666   7.20   525.7 180377.  5.29  1.47   3.96  -6.21  -4.72 0.48 0.95 1.30  0.31 550.3 650328.  6.12 524.1 183694.
 0:14:06 0.67 340.02 147.51 -7.23 1666   7.50   521.1 184434.  3.12  3.68   4.24  -5.22  -2.68 0.62 2.24 3.94  0.32 544.4 528199.  6.46 520.2 215230.
 0:14:47 0.67 340.02 147.50 -7.23 1666   7.87   521.3 231469.  4.01  0.00   4.45  -5.84   1.71 1.26 1.22 0.73  0.30 547.9 514803.  6.32 521.8 254822.
 0:15:27 0.67 340.02 147.50 -7.23 1666   7.38   513.0 192348.  4.12 -2.05   5.67  -6.06   0.08 0.94 0.48 0.64  0.29 556.3 485398.  6.21 511.2 208009.
 0:16:08 0.67 340.02 147.49 -7.23 1666   7.56   504.4 191705.  4.06 -0.40   6.70  -5.72  -1.54 0.47 0.74 0.73  0.31 546.8 595144.  6.21 500.6 186679.
 0:16:48 0.67 340.02 147.49 -7.23 1666   7.12   505.6 187787.  3.84  0.44   5.98  -6.54  -0.77 0.47 0.43 0.85  0.29 543.8 545130.  5.97 501.3 176830.
 0:17:29 0.67 340.02 147.48 -7.23 1666   6.98   508.0 207947.  4.09  0.25   6.17  -6.59  -0.52 0.53 0.57 0.32  0.29 547.6 487113.  6.06 504.4 202174.
 0:18:09 0.67 340.03 147.47 -7.23 1666   7.17   505.7 174241.  4.13 -0.55   6.48  -5.83   1.25 0.40 0.50 0.44  0.31 544.1 573262.  6.08 502.2 176706.
 0:18:50 0.67 340.03 147.47 -7.23 1666   7.43   503.6 201414.  3.94 -1.17   5.49  -6.81  -1.02 1.01 1.27 1.17  0.25 551.0 622249.  6.15 500.9 204218.
 0:19:30 0.67 340.03 147.46 -7.23 1666   7.55   513.4 228760.  4.98 -0.48   3.78  -8.14   0.53 0.66 0.59 0.66  0.34 542.6 525588.  6.39 511.0 235802.
 0:20:11 0.67 340.03 147.46 -7.23 1666   7.20   524.2 178493.  5.43 -1.71   3.21  -8.34   1.50 0.69 0.48 0.32  0.32 548.6 550445.  6.06 520.7 183116.
 0:20:51 0.67 340.03 147.45 -7.23 1666   7.24   521.6 190909.  6.17 -1.43   4.91  -7.63   1.24 0.79 0.76 0.59  0.33 540.0 585372.  6.07 519.3 211868.
 0:21:32 0.67 340.03 147.44 -7.23 1666   7.61   507.2 192185.  3.96 -2.20   5.04  -6.94   2.58 0.67 0.44 0.49  0.29 547.6 548613.  6.26 503.6 191536.
 0:22:12 0.67 340.03 147.44 -7.23 1666   7.58   512.4 184220.  4.66 -2.15   5.08  -6.84   2.99 0.70 1.00 0.83  0.28 536.3 591882.  6.24 512.9 207833.
 0:22:53 0.67 340.03 147.43 -7.23 1666   7.34   510.9 197269.  4.84 -1.88   5.19  -7.31   1.42 0.39 0.61 0.47  0.31 554.0 678226.  6.06 507.5 190210.
 0:23:33 0.67 340.03 147.43 -7.23 1666   7.60   510.9 176164.  4.64 -1.75   5.31  -7.09   1.06 0.42 0.42 0.25  0.31 541.4 603603.  6.10 507.2 174553.
 0:24:14 0.67 340.03 147.42 -7.23 1666   7.08   507.4 206543.  4.54 -1.42   5.44  -6.93   1.80 1.28 0.66 0.76  0.24 538.8 342647.  6.28 503.9 199991.
 0:24:54 0.67 340.03 147.41 -7.23 1666   7.35   511.2 178340.  4.76 -2.49   1.84  -8.48   2.72 0.80 0.72 0.63  0.26 538.9 583306.  5.99 508.2 184158.
 0:25:35 0.67 340.03 147.41 -7.23 1666   6.62   525.2 189073.  5.84 -1.86   4.22  -7.49   2.31 1.79 0.84 0.52  0.23 554.9 436021.  5.76 522.3 191373.
 0:26:15 0.67 340.03 147.40 -7.23 1666   7.48   509.7 179217.  4.43 -2.45   5.45  -7.00   1.85 0.41 0.31 0.35  0.26 544.5 666103.  6.09 504.3 174881.
 0:26:56 0.67 340.03 147.40 -7.23 1666   6.64   504.8 159044.  5.01 -2.01   5.44  -7.14   1.29 0.60 0.50 0.36  0.24 540.1 414984.  5.83 503.5 186202.
 0:27:36 0.67 340.03 147.39 -7.23 1666   7.05   511.0 188251.  4.89 -1.60   5.09  -7.69   0.22 0.45 0.74 0.43  0.28 542.8 476497.  5.78 506.9 173708.
 0:28:17 0.67 340.03 147.38 -7.23 1666   6.67   510.6 189349.  4.94 -1.18   6.69  -5.29   2.35 0.53 0.73 0.62  0.32 545.2 485177.  5.68 508.1 174605.
 0:28:57 0.67 340.03 147.38 -7.23 1666   7.29   499.5 175524.  3.00 -2.74   6.95  -4.88   2.37 0.39 0.49 0.55  0.27 537.0 504719.  6.23 496.9 172734.
 0:29:38 0.67 340.03 147.37 -7.23 1666   7.41   500.4 193946.  3.49 -2.16   6.90  -5.66  -0.32 0.56 0.64 0.71  0.29 542.9 504499.  6.18 496.9 188706.
 0:30:18 0.67 340.03 147.37 -7.23 1666   6.53   505.5 176330.  4.20 -0.85   7.45  -4.60  -0.63 0.63 0.96 1.36  0.31 540.6 738115.  5.63 501.3 167887.
 0:30:59 0.67 340.03 147.36 -7.23 1666   7.35   487.8 156784.  2.40 -0.45   7.17  -4.63   1.07 1.13 1.56 1.65  0.27 541.7 538633.  6.16 490.0 184876.
 0:31:39 0.67 340.03 147.35 -7.23 1666   6.53   517.8 167497.  2.47 -6.45   6.36  -4.75   3.67 0.74 0.86 1.16  0.27 535.7 624770.  5.44 514.1 161013.
 0:32:20 0.67 340.03 147.35 -7.23 1666   7.49   498.3 192582.  3.24  0.00   7.87  -3.90   1.35 0.59 0.85 0.85  0.26 543.7 444064.  6.34 496.1 180436.
 0:33:00 0.67 340.03 147.34 -7.23 1666   6.98   490.2 194904.  1.63 -0.61   7.78  -2.73   0.70 0.74 1.22 2.97  0.22 522.4 445585.  5.97 488.4 165619.
 0:33:21 0.67 340.03 147.34 -7.23 1666   6.24   538.4 180764.  3.99 -0.07   7.74  -2.24   2.64 1.18 1.56 2.15  0.26 556.9 669559.  5.24 533.7 172422.
 0:34:42 0.67 340.03 147.33 -7.23 1666   7.22   496.7 179542. -0.87 -4.60   7.32  -1.02   4.64 0.56 1.35 1.03  0.26 534.9 624458.  6.03 495.6 177983.
 0:36:03 0.67 340.03 147.32 -7.23 1666   6.96   506.3 189668.  3.05 -3.09   6.62  -4.75   2.24 1.18 1.64 1.24  0.26 537.8 420299.  5.41 505.4 172418.
 0:37:24 0.67 340.03 147.31 -7.23 1666   7.86   493.2 170050.  0.65 -2.74   8.23   0.02   1.86 0.48 2.46 0.84  0.33 537.4 691376.  6.34 490.7 166087.
 0:38:45 0.67 340.03 147.29 -7.23 1666   7.77   498.0 207037. -3.93 -2.25   7.31   4.32   2.40 0.69 1.15 0.73  0.28 535.8 379628.  6.39 500.1 203285.
 0:40:06 0.67 340.03 147.28 -7.23 1666  -1.00    -1.0     -1. -1.00 -1.00   6.40   4.74   3.70 0.81 1.44 1.21 -1.00  -1.0     -1.  6.26 509.7 183229.
 0:41:27 0.67 340.03 147.27 -7.23 1666   7.50   507.8 207615. -2.96 -4.14   6.34   5.12   2.86 0.81 0.91 1.87  0.34 544.6 499587.  6.16 510.1 190636.
 0:42:48 0.67 340.03 147.26 -7.23 1666   7.31   502.4 172288. -4.15 -2.93   7.78   3.66   1.09 0.63 1.38 1.68  0.28 530.6 660191.  5.85 502.7 163674.
 0:44:09 0.67 340.03 147.24 -7.23 1666   7.37   484.8 143312. -1.80 -0.23   9.02   1.30  -0.33 0.40 0.71 1.18  0.23 530.6 514803.  6.19 482.5 134070.
 0:54:53 0.67 340.04 147.15 -7.23 1666   8.04   492.8 152590. -2.26 -2.70   8.36   2.41   2.04 0.58 0.99 2.00  0.26 543.5 588777.  6.90 498.0 175534.
 0:56:14 0.67 340.04 147.14 -7.23 1666   7.18   497.0 164349. -0.58 -4.79   7.89   0.63   4.72 0.44 0.71 0.60  0.20 553.0 459592.  6.25 495.8 163008.
 0:57:35 0.67 340.04 147.12 -7.23 1666   8.03   497.4 190090.  1.14 -4.73   8.00  -1.29   4.26 0.58 0.75 0.80  0.29 544.7 493298.  6.58 497.0 177398.
 0:58:56 0.67 340.04 147.11 -7.23 1666   7.41   493.4 164180.  2.31 -3.17   7.56  -3.39   3.08 0.85 1.34 1.12  0.30 538.7 601757.  6.35 489.9 158632.
 1:00:17 0.67 340.04 147.10 -7.23 1666   7.23   511.0 179643.  3.62 -4.53   5.84  -5.61   3.46 1.03 1.39 1.52  0.28 537.1 363619.  5.90 509.1 166022.
 1:01:38 0.67 340.04 147.09 -7.23 1666   7.76   502.3 169576.  4.53  0.18   7.19  -4.56  -1.43 1.04 1.90 1.33  0.29 541.6 605110.  6.41 498.7 169008.
 1:04:20 0.67 340.04 147.07 -7.23 1666   7.41   496.3 158223.  3.81 -1.69   7.81  -4.71  -0.25 0.43 0.68 0.52  0.28 536.5 584359.  6.05 492.5 159269.
 1:05:41 0.67 340.04 147.05 -7.23 1666   7.22   490.1 156777.  3.36  0.18   6.37  -4.77  -0.18 2.83 1.44 2.79  0.22 539.6 445611.  6.16 491.4 186575.
 1:07:02 0.67 340.04 147.04 -7.23 1666   8.06   565.8 192426.  3.28 -5.16  -1.76  -7.01   6.31 1.23 0.82 0.82  0.25 546.3 383448.  6.53 565.6 216958.
 1:08:23 0.67 340.04 147.03 -7.23 1666   7.25   567.9 171165.  3.44 -4.79  -1.79  -7.27   6.02 1.60 0.98 0.97  0.18 558.9 482851.  5.94 566.1 168150.
 1:09:44 0.67 340.04 147.02 -7.23 1666   6.15   541.8 142676.  5.97 -3.00  -0.28  -7.74   5.53 0.90 1.19 1.23  0.22 550.9 371754.  5.17 537.8 153844.
 1:11:05 0.67 340.04 147.01 -7.23 1666   7.23   551.2 140834.  4.17 -5.07  -0.59  -7.06   6.73 0.61 0.54 0.55  0.21 543.3 286982.  5.92 548.3 162878.
 1:12:05 0.67 340.04 147.00 -7.23 1666   6.84   538.2 156416.  5.84 -3.04   0.51  -7.97   5.30 1.30 0.97 1.11  0.18 548.6 422624.  5.75 533.5 157537.
 1:13:26 0.67 340.04 146.99 -7.23 1666  -1.00    -1.0     -1. -1.00 -1.00   0.98  -8.49   4.69 0.58 0.41 0.36 -1.00  -1.0     -1. -1.00  -1.0     -1.
 1:17:50 0.67 340.05 146.95 -7.23 1666   6.63   550.0 145031.  4.04 -4.31  -1.67  -6.62   6.99 0.89 0.35 0.46  0.30 536.3 511242.  5.62 548.4 148783.
 1:19:11 0.67 340.05 146.94 -7.23 1666   6.79   533.9 159048.  4.25 -4.40   0.66  -6.91   6.89 1.71 0.53 0.52  0.17 535.3 308175.  5.63 531.7 160896.
 1:20:32 0.67 340.05 146.93 -7.23 1666   6.51   515.3 142572.  3.84 -4.80   3.47  -6.29   6.79 0.94 0.55 0.69  0.23 532.4 554109.  5.50 510.7 147175.
 1:21:53 0.67 340.05 146.91 -7.23 1666   6.58   496.9 151911.  2.71 -4.35   6.48  -4.66   4.96 1.48 1.38 1.55  0.24 535.3 411177.  5.46 497.0 173598.
 1:23:14 0.67 340.05 146.90 -7.23 1666   7.40   498.0 153480.  2.02 -4.42   7.16  -4.31   4.67 0.95 1.25 1.55  0.24 542.8 675433.  5.89 495.6 152106.
 1:24:35 0.67 340.05 146.89 -7.23 1666   7.67   493.6 148643.  2.97 -3.33   7.68  -4.61   3.69 0.41 0.65 0.78  0.24 537.2 469870.  6.18 494.5 173692.
 1:25:56 0.67 340.05 146.88 -7.23 1666   8.12   494.0 159961.  2.50 -1.61   8.26  -4.59   1.55 0.79 1.14 1.11  0.26 538.3 505148.  7.06 490.2 144436.
 1:27:17 0.67 340.05 146.86 -7.23 1666   6.82   497.8 151736.  3.25 -3.86   7.33  -4.63   4.27 0.47 0.56 0.58  0.24 531.9 442297.  6.00 497.2 179965.
 1:28:38 0.67 340.05 146.85 -7.23 1666   7.75   500.0 169534.  2.63 -4.26   5.82  -4.81   5.65 1.39 0.77 0.96  0.24 538.9 455655.  6.62 497.0 158499.
 1:29:59 0.67 340.05 146.84 -7.23 1666   7.86   507.3 199182.  3.75 -4.08   5.27  -5.60   5.48 1.20 0.97 1.28  0.23 534.6 435410.  6.67 505.0 189284.
 1:31:20 0.67 340.05 146.83 -7.23 1666   8.71   496.5 185214.  2.52 -3.66   4.73  -5.56   6.10 1.44 1.00 0.77  0.25 530.9 581786.  7.11 496.2 168007.
 1:32:41 0.67 340.05 146.82 -7.23 1666   6.68   511.1 127999.  3.91 -4.41   3.83  -6.30   6.52 0.94 0.64 0.69  0.23 536.7 459800.  5.46 510.1 142640.
 1:34:02 0.67 340.05 146.80 -7.23 1666   7.40   514.0 157232.  4.40 -3.78   4.62  -6.42   5.58 0.99 0.98 1.28  0.26 532.9 559606.  6.12 509.0 160516.
 1:35:23 0.67 340.05 146.79 -7.23 1666   7.15   494.0 155273.  3.81 -2.42   6.50  -5.13   4.85 0.93 1.37 1.71  0.24 539.0 343297.  6.12 494.7 174754.
 1:36:44 0.67 340.05 146.78 -7.23 1666   8.27   496.3 182057.  3.27 -2.95   7.32  -4.79   4.11 1.01 1.17 1.37  0.31 535.4 447300.  7.02 495.3 164551.
 1:38:05 0.67 340.05 146.77 -7.23 1666   8.41   485.5 150508.  2.05 -0.27   8.50  -3.99   2.02 0.64 1.20 1.55  0.28 526.8 571638.  7.26 482.5 139921.
 1:39:26 0.67 340.05 146.76 -7.23 1666   8.89   500.1 178935.  3.31 -2.67   7.36  -4.96   3.49 1.74 1.39 2.31  0.23 544.3 548665.  7.63 496.8 172246.
 1:40:47 0.67 340.05 146.74 -7.23 1666   7.54   491.1 137741.  3.54 -2.47   8.33  -3.52   3.72 0.72 2.22 1.07  0.21 545.1 584281.  5.94 488.6 143985.
 1:42:08 0.67 340.05 146.73 -7.23 1666   6.27   499.8 155208.  2.89 -4.05   8.11  -1.59   5.21 1.03 2.30 1.35  0.22 531.7 641038.  5.22 497.0 157995.
 1:43:29 0.67 340.05 146.72 -7.23 1666   6.42   497.0 126810.  2.86 -4.43   7.98  -1.30   5.58 0.86 2.40 0.88  0.23 537.9 331252.  5.08 494.8 112845.
 1:44:50 0.67 340.05 146.71 -7.23 1666   7.17   509.3 151843. -4.93 -4.57   6.04   3.72   6.89 1.18 1.50 1.21  0.28 531.4 551627.  5.66 510.1 149741.
 1:46:11 0.67 340.05 146.70 -7.23 1666   7.19   482.2 139330. -0.54 -2.48   6.56  -1.46   5.83 2.57 2.87 2.12  0.31 539.5 488425.  5.69 480.2 137592.
 1:47:32 0.67 340.06 146.68 -7.23 1666   7.24   497.3 143614. -0.96 -4.70   6.67  -3.31   4.83 1.72 3.19 2.38  0.18 530.2 447651.  5.98 495.2 151128.
 1:48:53 0.67 340.06 146.67 -7.23 1666   8.03   504.9 204932.  0.44 -4.85   7.18  -4.05   3.81 1.38 3.38 1.99  0.18 545.9 627927.  7.04 502.7 201879.
 1:50:14 0.67 340.06 146.66 -7.23 1666   6.92   508.7 143618.  5.52 -1.73   4.53  -9.19   0.67 0.89 0.60 0.53  0.21 534.1 594923.  5.76 506.3 154565.
 1:51:35 0.67 340.06 146.65 -7.23 1666   6.31   516.9 122415.  5.92 -0.14   2.77  -9.89  -0.33 0.89 0.66 0.80  0.25 525.1 651290.  5.18 514.2 144287.
 1:52:56 0.67 340.06 146.64 -7.23 1666   7.03   521.5 148766.  5.70 -0.77   2.13 -10.04  -0.49 0.68 0.42 0.53  0.25 532.7 495585.  5.44 516.3 155565.
 1:54:17 0.67 340.06 146.62 -7.23 1666   6.61   523.9 158245.  6.14 -0.64   1.85  -9.71  -0.75 0.66 0.47 0.46  0.23 534.9 374144.  5.76 520.5 160831.
 1:55:38 0.67 340.06 146.61 -7.23 1666   5.84   520.5 125040.  5.73 -0.24   2.57  -9.40  -0.96 1.09 0.93 1.01  0.23 538.8 462801.  4.94 517.2 112838.
 1:56:59 0.67 340.06 146.60 -7.23 1666   6.59   525.1 148565.  6.02  0.93   3.02  -8.48   0.69 0.81 1.21 2.80  0.26 534.1 430330.  5.65 522.0 156835.
 1:58:20 0.67 340.06 146.59 -7.23 1666   6.97   512.0 143686.  4.47 -5.19   3.69  -6.29   6.42 0.81 0.98 1.02  0.23 536.1 519623.  5.83 509.4 146408.
 1:59:41 0.67 340.06 146.58 -7.23 1666   6.81   523.0 140704.  4.57 -5.11   3.58  -7.39   5.20 0.88 1.08 1.22  0.22 544.6 496715.  5.63 520.0 137683.
 2:01:02 0.67 340.06 146.57 -7.23 1666   7.33   520.0 147746.  5.56 -3.76   4.12  -7.78   4.28 0.76 0.79 0.71  0.22 535.3 526029.  5.76 516.0 144046.
 2:02:23 0.67 340.06 146.55 -7.23 1666   6.68   503.6 135289.  4.99 -2.32   5.65  -7.40   2.89 0.85 1.04 1.05  0.20 533.8 409280.  5.44 499.7 119121.
 2:03:44 0.67 340.06 146.54 -7.23 1666   7.16   499.1 151495.  4.23 -3.39   6.19  -6.08   3.66 1.58 1.92 1.89  0.22 534.8 566063.  5.92 495.2 146327.
 2:05:05 0.67 340.06 146.53 -7.23 1666   7.67   552.3 149283.  0.43 -6.14  -0.78   3.35   8.48 1.78 1.77 1.29  0.21 535.6 342374.  6.50 552.7 178048.
 2:06:26 0.67 340.06 146.52 -7.23 1666   6.21   536.4 133934. -0.35 -7.98   0.98   1.02   9.67 2.01 1.34 1.01  0.21 540.2 426575.  5.44 536.0 136594.
 2:07:47 0.67 340.06 146.51 -7.23 1666   6.74   528.7 156702.  0.75 -8.46   0.70  -0.46   9.48 1.62 1.89 0.94  0.23 538.3 356291.  5.77 527.6 160883.
 2:09:08 0.67 340.06 146.50 -7.23 1666   4.28   508.3 134113.  1.14 -6.77   4.09  -2.06   8.61 2.11 0.87 1.19  0.20 529.4 526354.  3.72 508.6 123133.
 2:10:29 0.67 340.06 146.48 -7.23 1666   6.44   517.2 146785.  0.61 -7.52   4.24  -1.40   9.02 0.96 0.64 0.67  0.22 541.6 423521.  5.27 515.5 156689.
 2:11:50 0.67 340.06 146.47 -7.23 1666   7.27   510.3 147519. -0.38 -7.60   5.42   0.33   8.68 0.79 1.09 0.69  0.21 533.4 644338.  6.03 509.7 150326.
 2:13:11 0.67 340.06 146.46 -7.23 1666   7.44   517.9 165275. -0.01 -7.61   4.85  -0.23   8.87 0.89 0.90 0.79  0.21 529.1 363463.  6.27 515.8 157687.
 2:14:32 0.67 340.06 146.45 -7.23 1666   7.03   499.7 137091. -1.51 -6.26   5.89   1.83   8.07 0.84 1.25 0.84  0.19 531.7 411554.  5.97 500.2 143913.
 2:15:53 0.67 340.06 146.44 -7.23 1666   6.89   504.9 137419. -4.04 -5.68   7.02   0.19   6.34 1.26 3.81 1.76  0.19 540.7 343154.  5.64 509.4 138745.
 2:17:14 0.67 340.07 146.42 -7.23 1666   6.42   494.4 137140.  2.84 -4.30   8.50  -2.96   4.68 0.93 1.33 1.88  0.20 536.2 582501.  5.29 491.1 141142.
 2:18:35 0.67 340.07 146.41 -7.23 1666   7.33   474.3  88192.  0.36 -3.21  10.02  -1.83   2.26 0.60 1.01 1.39  0.16 531.8 437658.  6.34 476.6 111867.
 2:19:56 0.67 340.07 146.40 -7.23 1666   7.41   474.0 107007.  0.48  0.42  10.23  -2.62  -1.31 0.28 0.55 0.73  0.20 516.3 330030.  5.97 475.2  91808.
 2:21:17 0.67 340.07 146.39 -7.23 1666   8.97   497.8 213151.  2.13  2.69   6.83  -6.49  -2.23 2.15 2.75 2.47  0.23 544.3 472482.  7.89 496.7 209522.
 2:22:38 0.67 340.07 146.38 -7.23 1666   8.07   493.3 141831.  4.07  1.47   7.46  -6.73  -2.93 0.58 1.06 1.05  0.22 535.8 683346.  6.45 490.7 144683.
 2:23:59 0.67 340.07 146.36 -7.23 1666   6.29   497.0 133466.  5.26  0.52   8.16  -6.55  -1.16 0.86 1.27 1.47  0.21 523.8 464296.  5.12 495.7 110808.
 2:25:20 0.67 340.07 146.35 -7.23 1666   7.69   500.0 148175.  5.13 -2.19   6.97  -6.88   1.30 1.83 2.20 3.15  0.24 533.2 505083.  6.54 495.0 148903.
 2:26:41 0.67 340.07 146.34 -7.23 1666   7.33   492.7 147961.  4.37 -3.04   6.44  -7.34   4.43 0.83 0.71 0.64  0.18 537.6 339685.  6.20 492.7 144644.
 2:28:02 0.67 340.07 146.33 -7.23 1666   7.20   515.3 154669.  4.64 -5.15   4.67  -7.13   6.27 0.57 0.76 0.78  0.17 533.2 569351.  6.23 511.9 155452.
 2:29:23 0.67 340.07 146.32 -7.23 1666   6.82   501.7 118098.  1.97 -6.67   5.03  -5.65   7.69 1.04 1.33 1.03  0.23 526.8 555876.  5.48 499.1 106364.
 2:30:44 0.67 340.07 146.30 -7.23 1666   6.97   508.9 131052.  4.28 -5.15   5.07  -6.39   7.04 0.77 0.93 0.81  0.21 532.1 391803.  5.68 506.1 136718.
 2:32:05 0.67 340.07 146.29 -7.23 1666   7.10   520.9 143202.  5.19 -4.49   4.28  -7.06   6.99 0.89 1.45 1.27  0.17 530.2 354810.  6.00 519.0 145706.
 2:33:26 0.67 340.07 146.28 -7.23 1666   6.96   502.7 124403.  2.39 -6.71   6.02  -5.57   8.23 0.81 1.01 0.93  0.16 539.3 689024.  5.78 500.6 128814.
 2:34:47 0.67 340.07 146.27 -7.23 1666  -1.00    -1.0     -1. -1.00 -1.00   6.30  -7.20   6.74 1.23 0.95 0.89 -1.00  -1.0     -1. -1.00  -1.0     -1.
 2:36:08 0.67 340.07 146.26 -7.23 1666   6.14   509.4 121216.  5.99 -1.56   5.78  -8.99   4.75 0.89 1.21 1.53  0.24 534.1 586035.  5.14 508.0 124192.
 2:37:29 0.67 340.07 146.24 -7.23 1666   8.35   512.2 171808.  5.62 -3.74   5.36  -9.95   3.51 0.84 0.91 0.76  0.27 522.5 565089.  6.91 509.5 149218.
 2:38:50 0.67 340.07 146.23 -7.23 1666   7.13   508.6 139388.  5.88 -3.45   4.67  -9.80   4.07 0.73 0.71 0.68  0.25 532.4 467726.  6.13 506.9 141539.
 2:40:11 0.67 340.07 146.22 -7.23 1666   8.39   501.5 159626.  5.19 -2.54   5.48  -9.02   3.80 0.80 0.71 1.11  0.22 524.1 532162.  6.94 499.4 170781.
 2:41:32 0.67 340.07 146.21 -7.23 1666   7.84   527.6 143949.  5.42 -3.47   3.09  -9.51   4.55 0.98 0.47 0.39  0.17 550.2 276119.  6.09 524.3 127902.
 2:42:53 0.67 340.07 146.20 -7.23 1666   7.20   473.9  87705.  1.84 -2.24   9.33  -3.95   1.90 2.90 2.48 1.79  0.21 522.1 681825.  6.44 475.2 112952.
 2:44:14 0.67 340.07 146.18 -7.23 1666   7.76   468.9 106309.  1.38 -1.36  10.53  -3.92   1.09 0.77 1.11 0.86  0.21 533.1 569000.  6.22 467.6  93738.
 2:45:35 0.67 340.08 146.17 -7.23 1666   7.55   476.0  94202.  2.85 -0.22  10.21  -4.03  -0.31 0.87 2.06 2.36  0.28 517.9 690609.  5.87 471.3  83859.
 2:46:56 0.67 340.08 146.16 -7.23 1666   7.12   494.1 105952.  5.14 -4.36   7.24  -7.95   5.06 0.47 0.40 0.52  0.20 534.1 535879.  5.85 491.6 122025.
 2:48:17 0.67 340.08 146.15 -7.23 1666   7.51   508.5 112962.  5.58 -4.33   6.73  -8.63   4.27 0.65 0.69 0.87  0.15 548.9 520910.  6.11 503.4 113910.
 2:49:38 0.67 340.08 146.14 -7.23 1666   8.31   504.0 150160.  5.46 -4.07   6.81  -8.42   4.37 0.76 0.86 0.78  0.26 534.0 455993.  6.86 500.6 154513.
 2:50:59 0.67 340.08 146.12 -7.23 1666   7.32   497.7 127635.  5.20 -3.60   7.26  -8.29   3.65 0.41 0.55 0.59  0.13 562.0 431486.  6.16 492.6 125449.
 2:52:20 0.67 340.08 146.11 -7.23 1666   5.12   507.4 119043.  5.88 -3.45   7.16  -8.44   3.07 1.15 1.18 1.27  0.21 535.3 560060.  4.26 505.8 118881.
 2:53:41 0.67 340.08 146.10 -7.23 1666   8.34   512.3 173224.  6.20  2.23   5.80  -8.65  -3.82 1.95 1.26 3.57  0.15 533.5 286202.  7.07 508.4 156933.
 2:55:02 0.67 340.08 146.09 -7.23 1666   7.61   492.6 104282.  4.52  0.13   7.55  -7.68  -2.69 1.66 0.62 1.98  0.16 533.2 563192.  6.49 490.5 120982.
 2:56:23 0.67 340.08 146.08 -7.23 1666   7.86   501.1 149881.  4.98  2.02   6.03  -8.35  -4.65 1.67 0.52 1.57  0.18 537.3 278198.  6.63 500.0 124699.
 2:57:44 0.67 340.08 146.07 -7.23 1666   7.83   505.3 133382.  5.42  3.09   5.47  -8.21  -5.89 1.07 0.82 0.49  0.21 532.3 555330.  6.46 502.9 138141.
 2:59:05 0.67 340.08 146.05 -7.23 1666   7.47   503.1 129828.  4.91  3.79   5.90  -7.85  -6.79 0.44 0.33 0.33  0.18 517.4 565193.  6.16 501.1 115577.
 3:00:26 0.67 340.08 146.04 -7.23 1666   7.58   502.1 125520.  4.48  3.94   6.18  -7.09  -7.06 0.32 0.38 0.32  0.20 534.5 522911.  6.22 498.9 126313.
 3:01:47 0.67 340.08 146.03 -7.23 1666   7.36   502.4 138007.  4.30  3.98   5.78  -6.94  -6.84 0.45 0.32 0.31  0.23 530.9 436632.  5.95 499.7 120696.
 3:03:08 0.67 340.08 146.02 -7.23 1666   7.41   506.5 133473.  4.79  4.11   5.57  -6.91  -7.46 0.42 0.36 0.34  0.19 529.9 626810.  6.34 506.0 135116.
 3:04:29 0.67 340.08 146.01 -7.23 1666   6.99   501.9 113543.  4.26  4.50   5.60  -5.91  -8.16 0.42 0.55 0.43  0.20 523.6 396949.  5.72 499.3 104529.
 3:05:50 0.67 340.08 146.00 -7.23 1666   6.71   496.8 109743.  3.33  5.19   5.46  -4.92  -8.14 0.59 0.80 0.59  0.15 517.1 260292.  5.68 495.4 127534.
 3:07:11 0.67 340.08 145.98 -7.23 1666   6.89   505.8 147678.  5.26  2.35   4.61  -8.10  -4.46 0.62 1.33 1.47  0.16 530.5 273260.  5.67 502.0 164158.
 3:08:32 0.67 340.08 145.97 -7.23 1666   7.38   512.4 153282.  5.12  3.14   4.12  -7.73  -5.59 0.53 0.53 0.65  0.19 532.5 417128.  5.98 509.6 155500.
 3:09:53 0.67 340.08 145.96 -7.23 1666   7.33   507.0 159678.  5.59  1.72   5.11  -7.43  -5.08 1.01 1.16 1.01  0.15 532.5 350496.  5.96 506.4 149189.
 3:11:14 0.67 340.08 145.95 -7.23 1666   7.23   503.2 141919.  3.78  4.37   6.02  -5.63  -6.50 0.41 0.89 0.91  0.19 525.6 466920.  6.19 498.7 139966.
 3:12:35 0.67 340.08 145.94 -7.23 1666   7.93   500.8 161673.  5.07  1.63   6.38  -6.52  -4.71 0.75 1.35 1.55  0.22 528.8 379979.  6.52 498.6 170499.
 3:13:56 0.67 340.08 145.92 -7.23 1666   6.34   490.9 112283.  3.39  3.49   6.75  -5.84  -5.21 0.49 0.89 0.82  0.18 538.8 607514.  5.78 490.7 136296.
 3:15:17 0.67 340.09 145.91 -7.23 1666   7.07   500.0 134603.  4.80  2.79   6.47  -7.01  -4.02 0.64 0.70 0.90  0.20 526.5 566349.  5.56 496.0 132920.
 3:16:38 0.67 340.09 145.90 -7.23 1666   7.14   495.7 140986.  4.61  1.36   7.46  -6.11  -3.37 0.60 1.46 1.35  0.22 531.3 548626.  6.02 491.8 142682.
 3:17:59 0.67 340.09 145.89 -7.23 1666   7.40   485.4 129698.  4.16 -0.60   7.50  -6.83  -0.86 1.26 1.00 1.91  0.19 523.5 599445.  6.13 482.9 125748.
 3:19:20 0.67 340.09 145.88 -7.23 1666   7.51   512.0 140619.  6.31 -2.69   3.89  -9.35   2.00 1.12 1.19 1.91  0.21 529.4 413906.  6.00 509.6 141522.
 3:20:41 0.67 340.09 145.86 -7.23 1666   7.44   524.0 148916.  6.79  1.36   3.56  -9.27  -2.84 1.35 1.05 1.28  0.20 536.8 376561.  6.33 520.4 150368.
 3:22:02 0.67 340.09 145.85 -7.23 1666   7.23   533.7 125686.  6.54  1.03   2.07  -9.72  -2.49 1.78 0.91 1.59  0.21 535.9 454316.  6.20 530.8 147620.
 3:23:23 0.67 340.09 145.84 -7.23 1666   7.22   542.0 155669.  7.33  1.20   0.26 -10.26  -1.74 1.19 0.84 1.45  0.16 551.6 510827.  5.83 540.8 134132.
 3:24:44 0.67 340.09 145.83 -7.23 1666   7.96   563.0 144368.  6.30  0.35  -2.02 -10.17  -1.35 0.72 0.94 1.67  0.19 551.3 446442.  6.01 559.2 133268.
 3:26:05 0.67 340.09 145.82 -7.23 1666   6.82   558.7 118088.  6.84  1.13  -1.92 -10.09  -2.70 0.96 0.52 0.56  0.17 550.3 497963.  5.78 555.2 135185.
 3:27:26 0.67 340.09 145.80 -7.23 1666   7.60   551.3 150368.  6.19  1.96  -1.09 -10.22  -3.09 0.53 0.53 0.55  0.26 536.2 680318.  5.82 547.7 152756.
 3:28:47 0.67 340.09 145.79 -7.23 1666   6.91   547.9 125738.  6.20  3.01  -0.17  -9.75  -4.60 0.46 0.94 0.96  0.20 539.4 463126.  5.91 543.3 122516.
 3:30:08 0.67 340.09 145.78 -7.23 1666   7.39   542.8 133365.  5.61  3.75   0.86  -8.84  -6.25 0.93 1.21 1.69  0.24 539.6 500600.  6.00 538.1 139547.
 3:31:29 0.67 340.09 145.77 -7.23 1666   7.34   533.0 163683.  4.04  5.71   1.64  -6.35  -8.48 0.88 0.72 0.79  0.14 541.5 311189.  6.31 529.7 163534.
 3:32:50 0.67 340.09 145.76 -7.23 1666   7.22   551.5 132911.  5.45  3.70  -0.36  -8.36  -6.12 0.96 1.23 1.54  0.18 541.9 320792.  5.93 548.1 135110.
 3:34:11 0.67 340.09 145.74 -7.23 1666   7.89   541.2 154230.  6.12  2.65   0.70  -9.26  -5.78 1.08 0.95 1.10  0.22 534.1 375496.  6.38 539.2 129513.
 3:35:32 0.67 340.09 145.73 -7.23 1666   8.87   544.7 166779.  5.47  3.11   0.75  -8.92  -6.14 1.21 1.40 1.68  0.21 545.4 555408.  6.90 541.3 173939.
 3:36:53 0.67 340.09 145.72 -7.23 1666   8.70   541.0 162725.  5.83  2.98  -0.40  -9.84  -5.19 1.41 0.95 1.12  0.22 552.9 476692.  7.20 536.9 175579.
 3:38:14 0.67 340.09 145.71 -7.23 1666   6.36   547.0  83950.  5.84  2.77  -0.67 -10.14  -4.99 1.16 0.67 0.87  0.19 551.7 375236.  5.14 546.0  96349.
 3:39:35 0.67 340.09 145.69 -7.23 1666   6.70   545.5 109743.  6.74  1.43  -0.85 -10.73  -3.22 0.86 0.81 1.31  0.19 552.1 438035.  5.81 541.2 112296.
 3:40:56 0.67 340.09 145.68 -7.23 1666   7.49   536.0 107563.  5.48  3.56   1.26  -9.82  -6.01 0.73 0.64 0.76  0.19 531.0 453602.  5.87 532.1 102463.
 3:42:17 0.67 340.09 145.67 -7.23 1666   5.54   523.1  95492.  5.10  4.19   2.42  -8.77  -7.03 0.80 1.09 0.93  0.25 528.0 488152.  4.69 522.5 116659.
 3:43:38 0.67 340.09 145.66 -7.23 1666   7.69   507.2 148471.  2.95  5.08   4.33  -6.80  -6.99 1.20 1.33 0.78  0.18 531.7 695950.  6.54 502.7 147483.
 3:44:59 0.67 340.09 145.65 -7.23 1666   6.77   507.4 107449.  4.24  4.10   5.71  -5.41  -7.04 1.09 1.93 1.30  0.21 523.5 472001.  5.39 503.3 106150.
 3:46:20 0.67 340.10 145.63 -7.23 1666   7.18   502.1 127340.  4.56  3.20   7.05  -6.50  -5.95 0.54 0.68 0.61  0.20 519.2 434514.  6.09 497.6 129691.
 3:47:41 0.67 340.10 145.62 -7.23 1666   7.10   493.1 131576.  3.82  3.90   8.07  -4.23  -6.20 0.77 1.78 0.63  0.24 528.1 560294.  5.79 490.3 120872.
 3:49:02 0.67 340.10 145.61 -7.23 1666   7.67   474.1 118887.  0.44  3.10   9.49  -1.95  -5.38 0.40 1.22 0.48  0.16 519.7 414607.  6.30 475.8 103792.
 3:50:23 0.67 340.10 145.60 -7.23 1666   7.57   483.6 135863.  2.35  3.18   8.93  -4.24  -4.98 0.53 0.93 0.79  0.26 526.0 572755.  6.29 481.5 137124.
 3:51:44 0.67 340.10 145.59 -7.23 1666   7.43   477.6 124666.  1.83  2.94   9.24  -3.96  -4.21 1.11 1.39 1.91  0.23 538.2 601680.  6.46 481.5 144059.
 3:53:05 0.67 340.10 145.58 -7.23 1666   7.01   470.6  87416.  1.10  2.32  10.25  -2.73  -3.07 0.43 1.15 1.13  0.22 498.3 431473.  5.99 467.7  78957.
 3:54:26 0.67 340.10 145.56 -7.23 1666   7.79   566.3 124143.  5.53  2.43   0.82  -7.93  -4.28 5.17 3.94 1.10  0.16 548.2 397027.  6.23 562.4 126989.
 3:55:47 0.67 340.10 145.55 -7.23 1666   8.03   554.6 145284.  6.27  1.29  -0.89  -9.47  -5.28 2.15 1.12 1.02  0.18 550.4 545299.  6.88 552.3 166763.
 3:57:08 0.67 340.10 145.54 -7.23 1666   8.17   577.7 116860.  2.21  3.67  -5.99  -6.31  -5.16 1.55 2.71 3.94  0.20 544.8 441414.  6.67 573.1 118988.
 3:58:29 0.67 340.10 145.53 -7.23 1666   6.71   568.9 125556.  4.36  2.71  -4.08  -9.15  -3.91 1.64 0.85 1.90  0.23 553.2 559670.  5.58 568.3 109681.
 3:59:50 0.67 340.10 145.52 -7.23 1666   8.26   593.9 172032.  4.05  2.09  -6.13  -5.79  -3.83 2.02 1.26 1.05  0.19 559.4 500211.  6.90 590.2 177577.
 4:01:11 0.67 340.10 145.51 -7.23 1666   7.12   596.8  97064.  2.69  1.90  -8.75  -4.83  -3.67 1.03 0.75 0.70  0.23 536.0 485917.  5.74 594.1  98029.
 4:02:32 0.67 340.10 145.49 -7.23 1666   5.70   609.7  99221.  2.30  1.34  -8.32  -5.53  -4.09 0.70 0.72 0.82  0.23 558.1 429433.  5.08 605.1 107420.
 4:03:53 0.67 340.10 145.48 -7.23 1666   7.67   589.7 102953.  3.21  2.33  -4.61  -7.01  -4.58 5.15 1.29 1.12  0.24 556.3 736763.  6.10 586.2 107703.
 4:05:14 0.67 340.10 145.47 -7.23 1666   7.30   471.2 112579.  2.89 -1.81  10.61  -3.01   1.18 0.53 1.50 1.16  0.20 518.2 493649.  6.07 473.1 135113.
 4:06:35 0.67 340.10 145.46 -7.23 1666   6.73   471.0  83973.  3.19 -0.40   9.59  -5.36  -0.86 0.52 0.78 0.75  0.24 542.0 581877.  5.61 467.2  75715.
 4:07:56 0.67 340.10 145.45 -7.23 1666   6.64   490.2 136835.  4.39  1.54   7.34  -6.69  -4.11 0.74 0.99 1.17  0.17 520.8 328146.  5.75 482.2 103090.
 4:09:17 0.67 340.10 145.44 -7.23 1666   6.61   496.2 113332.  4.26  3.73   5.83  -7.35  -4.78 1.04 1.47 1.69  0.25 522.5 573730.  5.30 493.8 100939.
 4:10:38 0.67 340.10 145.42 -7.23 1666   7.54   521.3 123805.  4.36  4.63   2.62  -7.71  -7.36 0.94 0.58 0.72  0.25 540.7 563140.  6.01 518.4 114342.
 4:11:59 0.67 340.10 145.41 -7.23 1666   6.63   528.3 115541.  4.54  3.92   1.28  -7.72  -7.47 0.94 0.67 0.62  0.21 531.6 476640.  5.38 529.4 102947.
 4:13:20 0.67 340.10 145.40 -7.23 1666   6.42   522.0 107469.  4.68  3.77   1.37  -9.16  -4.65 1.79 1.72 1.90  0.19 545.2 410358.  5.84 521.3 149003.
 4:14:41 0.67 340.11 145.39 -7.23 1666   6.51   498.7 120294.  4.05  4.32   5.82  -6.32  -6.76 0.84 0.92 0.71  0.22 520.4 542220.  5.37 494.4 101011.
 4:16:02 0.67 340.11 145.38 -7.23 1666   6.68   499.1  96765.  6.10  1.13   5.13  -9.12  -3.49 0.43 0.56 1.07  0.18 522.4 366218.  5.70 496.6 119680.
 4:17:23 0.67 340.11 145.36 -7.23 1666   7.12   499.8 134642.  5.52  2.09   4.77  -8.73  -3.87 0.34 0.39 0.49  0.21 521.9 593558.  5.63 497.3 115311.
 4:18:44 0.67 340.11 145.35 -7.23 1666   6.59   502.3 142900.  5.62  2.58   4.32  -8.90  -3.83 0.58 0.67 0.76  0.12 522.2 423222.  5.17 498.3 138755.
 4:20:05 0.67 340.11 145.34 -7.23 1666   7.07   505.6 110480.  5.65  2.59   4.40  -8.96  -4.26 0.63 0.38 0.38  0.18 533.6 456084.  5.79 500.0 115168.
 4:21:26 0.67 340.11 145.33 -7.23 1666   7.04   504.0 130211.  5.36  3.29   4.91  -6.86  -5.72 1.14 2.62 1.87  0.19 533.5 607020.  5.90 501.0 132280.
 4:22:47 0.67 340.11 145.31 -7.23 1666   6.46   501.5 118523.  5.09  2.88   5.16  -7.21  -6.00 0.85 1.10 1.06  0.21 524.5 638153.  5.16 499.1 107686.
 4:24:08 0.67 340.11 145.30 -7.23 1666   6.45   491.8 138729.  4.83  0.81   7.10  -6.25  -3.43 1.25 1.81 2.62  0.18 529.0 756670.  5.17 486.3 138030.
 4:25:29 0.67 340.11 145.29 -7.23 1666   7.31   484.2 146197.  4.60 -0.28   8.06  -6.52  -1.92 0.83 1.04 0.91  0.23 504.6 389009.  5.72 480.4 139102.
 4:26:50 0.67 340.11 145.28 -7.23 1666   7.04   478.1 164671.  3.42  1.29   9.06  -3.68  -0.40 0.76 3.13 2.43  0.23 526.3 555447.  5.77 478.7 148555.
 4:28:11 0.67 340.11 145.27 -7.23 1666   6.39   481.2 149637. -4.24  0.74   6.97  -0.67  -1.68 2.60 6.72 2.49  0.25 516.9 645326.  5.66 483.2 153873.
 4:29:32 0.67 340.11 145.25 -7.23 1666   7.20   464.5 135656. -1.03  1.29  10.39  -1.63  -0.64 0.24 0.79 1.27 -1.00  -1.0     -1.  6.02 463.3 120882.
 4:30:53 0.67 340.11 145.24 -7.23 1666   6.74   464.8 167403. -0.07 -1.30  10.02  -2.25   0.90 0.81 1.93 1.05  0.20 501.0 433773.  5.55 465.3 159818.
 4:32:14 0.67 340.11 145.23 -7.23 1666   7.32   478.5 175413.  2.46 -2.45   8.02  -6.03   1.14 1.77 1.76 2.10 -1.00  -1.0     -1.  5.97 477.4 161572.
 4:33:35 0.67 340.11 145.22 -7.23 1666   5.77   534.1  83645.  0.00  0.00   2.66  -9.02  -5.06 1.52 1.04 1.15  0.22 539.3 352913.  4.97 532.5  90138.
 4:34:56 0.67 340.11 145.21 -7.23 1666   6.81   493.0 145765.  4.19  2.83   7.12  -7.01  -3.52 1.62 1.23 1.62  0.25 532.4 582111.  5.87 488.7 142169.
 4:36:17 0.67 340.11 145.19 -7.23 1666   6.86   508.9 115301.  4.03  4.65   5.48  -6.79  -6.48 0.90 0.99 0.58  0.21 518.9 625770.  5.64 503.1 110246.
 4:37:38 0.67 340.11 145.18 -7.23 1666   6.64   499.6 126479.  3.57  4.50   7.09  -5.51  -6.07 0.54 0.97 0.88  0.24 521.8 381889.  5.32 496.0 131559.
 4:38:59 0.67 340.11 145.17 -7.23 1666   7.25   492.1 132602.  2.81  4.83   7.07  -5.00  -6.60 0.45 0.45 0.59  0.24 519.8 578979.  5.82 490.4 127976.
 4:40:20 0.67 340.11 145.16 -7.23 1666   6.94   504.4 153451.  1.34  5.81   6.25  -4.78  -7.29 0.57 0.89 0.79  0.19 530.1 643312.  5.89 503.8 155448.
 4:41:41 0.67 340.11 145.15 -7.23 1666   7.68   517.0 185318.  1.81  6.54   5.87  -4.98  -7.30 1.58 0.77 1.42  0.20 529.9 518246.  6.45 516.5 171447.
 4:43:02 0.67 340.12 145.13 -7.23 1666   5.29   499.4 135422.  2.53  5.18   7.36  -5.51  -5.00 1.69 1.46 2.39  0.21 536.8 668000.  4.15 496.3 133911.
 4:44:23 0.67 340.12 145.12 -7.23 1666   7.28   478.0 135272.  1.84  3.59   8.95  -4.19  -4.79 0.75 0.70 1.01  0.22 528.3 432344.  6.14 474.7 126729.
 4:45:44 0.67 340.12 145.11 -7.23 1666   6.75   490.7 154880.  3.06  3.47   8.16  -6.09  -3.89 0.39 0.60 0.57  0.19 521.6 464880.  5.87 486.5 149832.
 4:47:05 0.67 340.12 145.10 -7.23 1666   6.86   482.9 134161.  3.31  2.80   8.81  -6.19  -1.94 0.54 0.75 0.88  0.19 497.5 497573.  5.33 479.0 130231.
 4:48:26 0.67 340.12 145.09 -7.23 1666   7.04   493.5 151024.  3.39  4.88   8.21  -6.27  -3.16 0.39 0.66 0.57  0.16 520.0 437502.  5.80 489.5 148675.
 4:49:47 0.67 340.12 145.08 -7.23 1666   6.77   485.8 129321.  4.15  1.98   8.33  -6.30  -2.78 0.45 1.00 1.30  0.19 531.4 397767.  5.72 481.6 133986.
 4:51:08 0.67 340.12 145.06 -7.23 1666   7.56   484.3 173494.  3.49  2.81   8.82  -5.66  -2.88 0.50 0.67 0.73  0.15 519.2 416206.  6.20 482.9 153694.
 4:52:29 0.67 340.12 145.05 -7.23 1666   5.84   468.5  89476.  2.59 -0.65  10.15  -4.21   0.86 0.29 0.44 0.46  0.17 541.5 679967.  5.30 469.2 130007.
 4:53:50 0.67 340.12 145.04 -7.23 1666   6.84   471.0 124370.  2.07 -2.19   9.77  -4.34   2.40 0.50 0.96 0.58  0.18 510.6 478758.  5.67 475.9 163177.
 4:55:11 0.67 340.12 145.03 -7.23 1666   6.87   494.8 152119.  4.99  0.66   7.73  -5.57  -2.65 1.87 1.98 2.76  0.22 539.2 554382.  5.78 492.7 141964.
 4:56:32 0.67 340.12 145.02 -7.23 1666   6.78   543.3 101764.  3.31  5.36   1.17  -5.93  -8.20 1.96 1.27 1.45  0.22 531.5 568311.  5.68 542.6 119728.
 4:57:53 0.67 340.12 145.01 -7.23 1666   5.50   523.8 122366.  1.86  7.11   3.99  -6.24  -6.09 2.51 1.84 2.77  0.26 524.6 719339.  4.48 523.9 123415.
 4:59:14 0.67 340.12 144.99 -7.23 1666   7.33   500.4 148792.  5.50 -0.68   6.64  -7.61  -2.16 0.90 1.45 1.57  0.16 521.6 457734.  6.18 494.8 144209.
 5:00:35 0.67 340.12 144.98 -7.23 1666   7.31   490.1 160227.  4.12  3.14   6.95  -6.10  -4.78 0.49 0.89 0.99  0.24 534.4 513724.  5.79 491.0 182891.
 5:01:56 0.67 340.12 144.97 -7.23 1666   8.10   476.9 119693.  1.16  1.99   8.83  -3.83  -1.31 1.31 1.24 2.96  0.11 576.2 473937.  6.38 479.5 142637.
 5:03:17 0.67 340.12 144.96 -7.23 1666   7.52   478.9 161302. -0.27  0.07  10.01  -1.45  -0.27 0.72 1.89 2.12 -1.00  -1.0     -1.  6.44 482.0 218118.
 5:05:59 0.67 340.12 144.94 -7.23 1666   7.50   494.3 204370. -1.66 -0.26   9.80   1.68   1.92 0.51 2.56 1.92  0.26 551.4 727941.  6.17 496.6 196457.
 5:07:20 0.67 340.12 144.92 -7.23 1666  -1.00    -1.0     -1. -1.00 -1.00   8.35  -1.02  -0.72 3.62 3.83 3.92 -1.00  -1.0     -1. -1.00  -1.0     -1.
 5:16:52 0.67 340.13 144.84 -7.23 1666   5.99   524.0  89794.  1.43  6.54   2.12  -5.92  -8.60 1.20 1.47 1.14  0.23 530.4 320584.  5.17 526.1  90622.
 5:18:14 0.67 340.13 144.83 -7.23 1666   7.34   512.8 121814.  3.27  4.61   3.42  -6.19  -8.02 1.69 1.09 1.30  0.23 532.9 564361.  6.16 507.8 126488.
 5:19:35 0.67 340.13 144.81 -7.23 1666   4.92   517.2  78467.  3.25  4.45   3.57  -6.11  -8.17 1.01 0.76 0.82  0.30 520.8 634801.  3.65 513.4  86074.
 5:20:56 0.67 340.13 144.80 -7.23 1666   6.54   529.1 107745.  5.07  3.72   1.37  -8.20  -6.31 1.40 1.73 1.98  0.20 538.5 606240.  5.58 523.7 106676.
 5:22:17 0.67 340.13 144.79 -7.23 1666   7.52   548.6 116363.  5.25  2.64  -1.57  -8.81  -6.24 0.92 1.43 1.49  0.22 538.4 420221.  5.95 544.3 114742.
 5:25:07 0.67 340.13 144.77 -7.23 1666   4.50   551.9  84145.  2.28  5.75  -0.32  -5.51  -9.02 3.31 1.54 1.17  0.19 541.0 277782.  4.15 550.0  67084.
 5:26:20 0.67 340.13 144.75 -7.23 1666   6.66   535.5 113910.  2.35  5.76   1.37  -4.63 -10.02 0.97 0.70 0.65  0.23 533.8 486177.  5.49 535.7 140103.
 5:27:41 0.67 340.13 144.74 -7.23 1666   7.79   529.5 144521.  1.87  6.08  -0.08  -3.19 -10.46 1.98 0.70 0.64  0.23 538.4 348040.  6.64 530.4 156709.
 5:29:02 0.67 340.13 144.73 -7.23 1666   7.08   561.5 147045.  0.51  6.45  -2.78  -2.08 -10.55 0.79 0.67 0.50  0.22 550.2 462360.  5.91 561.3 119816.
 5:30:23 0.67 340.13 144.72 -7.23 1666   6.83   559.3 104665.  0.71  5.87  -2.98  -2.03 -10.42 0.59 0.33 0.48  0.24 546.4 574522.  5.94 559.4 117126.
 5:31:44 0.67 340.13 144.71 -7.23 1666   7.18   573.6 118195.  0.32  4.89  -5.07  -2.11  -9.34 0.94 0.85 1.01  0.21 545.2 437074.  6.15 569.8 115028.
 5:33:05 0.67 340.13 144.69 -7.23 1666   4.73   547.5  94761. -0.51  7.87  -0.62  -2.13 -10.12 2.89 1.52 1.29  0.22 530.5 373222.  4.86 547.4  86318.
 5:34:26 0.67 340.13 144.68 -7.23 1666   7.57   501.7 168312.  3.78  3.54   5.74  -5.46  -6.71 1.40 1.36 1.66  0.25 538.1 653356.  6.57 497.9 165226.
 5:35:47 0.67 340.13 144.67 -7.23 1666   7.54   521.0 147233.  1.31  7.49   3.75  -4.03  -8.93 0.90 1.70 1.22  0.18 528.4 431343.  6.32 518.3 144417.
 5:37:08 0.67 340.13 144.66 -7.23 1666   5.97   513.9 141834.  1.43  6.97   4.95  -5.48  -7.87 1.29 1.73 1.72  0.20 538.8 539244.  5.20 517.3 121697.
 5:38:29 0.67 340.13 144.65 -7.23 1666   6.71   505.3 113446.  4.01  4.46   4.99  -7.12  -6.48 0.83 0.77 0.71  0.19 540.5 353302.  5.72 500.5 112738.
 5:39:50 0.67 340.13 144.63 -7.23 1666   5.58   509.3 154084.  3.89  3.67   1.63  -6.21  -6.84 3.55 1.94 2.45  0.16 543.5 642506.  4.64 507.8 143468.
 5:41:11 0.67 340.14 144.62 -7.23 1666   6.41   479.7  75494.  2.29  1.17   9.56  -3.70  -1.49 2.03 1.30 2.12  0.14 531.8 477874.  5.50 481.8  99861.
 5:42:32 0.67 340.14 144.61 -7.23 1666   6.91   479.1 100670.  3.17  1.66  10.03  -3.82  -2.11 0.44 0.81 1.06 -1.00  -1.0     -1.  5.84 477.4  99374.
 5:43:52 0.67 340.14 144.60 -7.23 1666   6.17   476.6  76979.  2.47  0.92   9.86  -5.14  -0.32 0.48 0.77 0.73  0.17 530.3 449353.  5.08 474.4  70063.
 5:45:14 0.67 340.14 144.59 -7.23 1666   6.75   494.8 144504.  3.94  1.30   9.71  -4.61  -0.59 0.99 2.43 0.96  0.20 537.1 668013.  5.86 490.9 141899.
 5:46:35 0.67 340.14 144.57 -7.23 1666   6.82   473.4  74773. -1.91 -2.26  11.07  -0.16   1.40 0.23 0.95 0.99  0.20 523.0 481396.  5.41 472.8  71443.
 5:47:56 0.67 340.14 144.56 -7.23 1666   6.73   464.4  66652. -0.29 -0.07  10.86  -2.34   0.29 0.37 1.26 0.76  0.22 505.3 485021.  5.34 468.7  88449.
 5:49:17 0.67 340.14 144.55 -7.23 1666   6.59   473.6  86292.  3.24 -0.31  10.14  -4.22   0.21 0.46 0.99 0.79  0.20 529.0 533553.  5.20 470.0  78515.
 5:50:38 0.67 340.14 144.54 -7.23 1666   7.48   480.7 182742.  1.98 -0.90   9.97  -4.42   1.09 0.47 1.03 0.54  0.19 521.5 366205.  5.87 481.8 163368.
 5:51:59 0.67 340.14 144.53 -7.23 1666   7.21   483.4 133879.  3.30  1.70   9.21  -5.29  -1.28 0.48 1.03 2.48  0.18 533.1 573470.  6.10 481.0 129558.
 5:53:20 0.67 340.14 144.52 -7.23 1666   7.58   513.2 148191.  4.43  3.67   7.57  -7.03  -2.51 1.21 1.07 1.51  0.28 531.1 572599.  6.23 507.7 147451.
 5:54:41 0.67 340.14 144.50 -7.23 1666   7.28   495.3 186864.  2.34 -1.07   9.69  -4.82   0.81 0.57 1.24 1.19  0.20 557.1 690181.  5.98 493.9 178860.
 5:56:02 0.67 340.14 144.49 -7.23 1666   6.60   484.5  88875.  1.62 -1.19  10.33  -3.28   0.75 0.22 0.54 0.90  0.20 549.4 617818.  5.36 479.9  84525.
 5:57:23 0.67 340.14 144.48 -7.23 1666   7.22   488.9 134876.  1.82 -1.04   9.66  -3.50   3.44 0.56 0.81 1.46  0.25 553.9 728525.  6.11 492.7 172246.
 5:58:44 0.67 340.14 144.47 -7.23 1666   6.54   501.5 142825.  2.02 -2.56   9.16  -3.68   4.86 0.41 0.49 0.56  0.28 538.4 817845.  5.43 498.1 134187.
 6:00:05 0.67 340.14 144.46 -7.23 1666   6.87   497.0 183054.  1.42 -2.08   9.61  -3.39   4.34 0.33 0.55 0.45  0.16 543.1 524366.  5.44 497.7 167195.
 6:01:26 0.67 340.14 144.45 -7.23 1666   6.17   484.9  82741.  0.81 -0.77  10.45  -2.40   3.01 0.32 0.59 0.67  0.19 566.8 706332.  5.24 482.8  80705.
 6:02:47 0.67 340.14 144.43 -7.23 1666   5.92   506.4 158856.  0.52 -3.80   9.83  -2.49   4.20 0.68 0.77 1.57  0.24 549.2 838115.  5.03 503.5 150413.
 6:04:08 0.67 340.14 144.42 -7.23 1666   7.80   502.2 143315.  1.16 -2.92   9.22  -3.26   5.06 0.35 0.45 0.48  0.27 535.1 865207.  6.22 499.0 132735.
 6:05:29 0.67 340.14 144.41 -7.23 1666   7.13   503.6 170629.  1.56 -2.27   9.38  -3.83   3.98 0.49 0.67 1.00  0.20 540.6 552134.  5.76 503.9 164567.
 6:06:50 0.67 340.14 144.40 -7.23 1666   6.42   493.3 180393.  0.58 -0.49   9.35  -2.99   4.43 0.84 1.03 1.37  0.19 556.1 506811.  5.61 490.7 159503.
 6:08:11 0.67 340.14 144.39 -7.23 1666   6.42   513.0 147002. -0.44 -4.10   8.72  -1.61   6.03 1.07 1.15 1.39  0.20 542.5 395104.  5.21 510.6 146181.
 6:09:32 0.67 340.14 144.38 -7.23 1666   7.46   498.5 166558.  0.00  0.00   9.34  -1.84   4.78 0.53 1.75 0.91 -1.00  -1.0     -1.  6.23 495.9 148032.
 6:10:54 0.67 340.15 144.36 -7.23 1666   6.93   499.8 218293.  0.00  0.00  10.17   1.06   3.11 0.37 0.73 0.91  0.22 571.2 551796.  5.40 500.7 201924.
 6:12:13 0.67 340.15 144.35 -7.23 1666   7.82   501.2 154136.  0.00  0.00   9.17   0.38   5.26 0.52 0.90 0.84  0.25 550.8 496793.  6.39 499.6 146973.
 6:13:34 0.67 340.15 144.34 -7.23 1666   6.83   500.2 216770. -1.13 -2.34   9.53  -0.63   4.25 0.33 1.35 0.62  0.21 540.8 429979.  5.38 501.9 191610.
 6:17:38 0.67 340.15 144.30 -7.23 1666   7.28   499.4 177190.  0.00  0.00  10.17   1.34   1.26 0.33 0.59 1.23  0.26 550.5 616713.  5.87 497.0 161247.
 6:18:59 0.67 340.15 144.29 -7.23 1666   6.24   502.3 219170. -2.17 -0.16  10.14   1.57   1.53 0.44 1.04 0.98  0.17 591.1 556227.  4.99 505.2 216588.
 6:20:20 0.67 340.15 144.28 -7.23 1666  -1.00    -1.0     -1. -1.00 -1.00  10.54  -0.69  -0.04 0.23 0.66 0.60 -1.00  -1.0     -1. -1.00  -1.0     -1.
 6:21:41 0.67 340.15 144.27 -7.23 1666  -1.00    -1.0     -1. -1.00 -1.00  10.39  -0.86   0.38 0.27 0.70 0.69 -1.00  -1.0     -1. -1.00  -1.0     -1.
 6:23:03 0.67 340.15 144.26 -7.23 1666  -1.00    -1.0     -1. -1.00 -1.00   9.93  -2.08   0.34 0.32 1.49 1.33 -1.00  -1.0     -1. -1.00  -1.0     -1.
 6:24:24 0.67 340.15 144.24 -7.23 1666   7.09   498.4 237017.  0.00  0.00   9.46  -2.82  -1.14 1.27 2.41 1.08  0.23 571.3 488789.  5.70 498.8 210721.
 6:25:44 0.67 340.15 144.23 -7.23 1666  -1.00    -1.0     -1. -1.00 -1.00   6.17  -8.08  -0.33 0.33 0.47 0.71 -1.00  -1.0     -1. -1.00  -1.0     -1.
 6:27:04 0.67 340.15 144.22 -7.23 1666  -1.00    -1.0     -1. -1.00 -1.00   7.62  -6.23  -0.80 1.10 1.36 1.37 -1.00  -1.0     -1. -1.00  -1.0     -1.
 6:28:25 0.67 340.15 144.21 -7.23 1666  -1.00    -1.0     -1. -1.00 -1.00   6.94  -5.22   4.67 1.28 1.26 2.21 -1.00  -1.0     -1. -1.00  -1.0     -1.
 6:29:47 0.67 340.15 144.19 -7.23 1666  -1.00    -1.0     -1. -1.00 -1.00   5.91  -4.73   6.16 2.20 2.15 1.45 -1.00  -1.0     -1. -1.00  -1.0     -1.
 6:31:09 0.67 340.15 144.18 -7.23 1666  -1.00    -1.0     -1. -1.00 -1.00   4.26  -8.28   3.41 2.06 1.37 2.03 -1.00  -1.0     -1.  6.13 535.7 168101.
 6:32:29 0.67 340.15 144.17 -7.23 1666  -1.00    -1.0     -1. -1.00 -1.00   8.17  -2.24   1.88 0.87 3.09 1.34 -1.00  -1.0     -1. -1.00  -1.0     -1.
 6:33:49 0.67 340.15 144.16 -7.23 1666  -1.00    -1.0     -1. -1.00 -1.00   7.75  -1.73  -1.72 1.92 2.49 2.15 -1.00  -1.0     -1. -1.00  -1.0     -1.
 6:35:12 0.67 340.15 144.15 -7.23 1666  -1.00    -1.0     -1. -1.00 -1.00   8.92   2.49   2.00 0.39 0.65 0.84 -1.00  -1.0     -1. -1.00  -1.0     -1.
 6:36:31 0.67 340.15 144.13 -7.23 1666  -1.00    -1.0     -1. -1.00 -1.00   8.23  -0.93  -1.12 1.46 1.05 1.29 -1.00  -1.0     -1. -1.00  -1.0     -1.
 6:37:53 0.67 340.15 144.12 -7.23 1666  -1.00    -1.0     -1. -1.00 -1.00   7.69  -1.93  -2.58 2.22 1.19 1.05 -1.00  -1.0     -1. -1.00  -1.0     -1.
 6:39:14 0.67 340.16 144.11 -7.23 1666  -1.00    -1.0     -1. -1.00 -1.00   9.61  -1.68  -1.00 0.25 0.47 1.17 -1.00  -1.0     -1. -1.00  -1.0     -1.
 6:40:35 0.67 340.16 144.10 -7.23 1666  -1.00    -1.0     -1. -1.00 -1.00   5.00  -2.15  -2.01 3.80 0.71 1.62 -1.00  -1.0     -1. -1.00  -1.0     -1.
 6:41:55 0.67 340.16 144.09 -7.23 1666  -1.00    -1.0     -1. -1.00 -1.00   3.93  -2.96  -2.21 2.70 1.32 1.35 -1.00  -1.0     -1. -1.00  -1.0     -1.
 6:43:18 0.67 340.16 144.07 -7.23 1666  -1.00    -1.0     -1. -1.00 -1.00   3.96  -4.19  -6.31 1.94 1.94 1.94 -1.00  -1.0     -1. -1.00  -1.0     -1.
 6:44:37 0.67 340.16 144.06 -7.23 1666  -1.00    -1.0     -1. -1.00 -1.00   5.60  -5.63  -4.17 1.11 2.10 2.82 -1.00  -1.0     -1. -1.00  -1.0     -1.
 6:46:02 0.67 340.16 144.05 -7.23 1666   7.86   502.4 234922.  3.90  1.56   5.74  -6.39  -3.27 1.64 1.62 1.75  0.20 546.1 688842.  6.69 499.2 233522.
 6:47:20 0.67 340.16 144.04 -7.23 1666  -1.00    -1.0     -1. -1.00 -1.00   6.69  -7.00  -1.53 0.95 0.80 1.09 -1.00  -1.0     -1. -1.00  -1.0     -1.
 6:48:40 0.67 340.16 144.03 -7.23 1666  -1.00    -1.0     -1. -1.00 -1.00   8.27  -4.37  -2.61 0.63 0.73 1.12 -1.00  -1.0     -1. -1.00  -1.0     -1.
 6:50:03 0.67 340.16 144.02 -7.23 1666  -1.00    -1.0     -1. -1.00 -1.00   8.01  -4.11  -5.00 0.48 0.31 0.30 -1.00  -1.0     -1. -1.00  -1.0     -1.
 6:51:22 0.67 340.16 144.00 -7.23 1666  -1.00    -1.0     -1. -1.00 -1.00   6.65  -3.76  -6.31 1.00 1.06 1.01 -1.00  -1.0     -1. -1.00  -1.0     -1.
 6:52:44 0.67 340.16 143.99 -7.23 1666   7.57   554.6 196158.  0.00  0.00   2.44  -5.96  -6.32 3.36 1.52 1.29 -1.00  -1.0     -1.  6.43 550.7 192140.
 6:54:05 0.67 340.16 143.98 -7.23 1666  -1.00    -1.0     -1. -1.00 -1.00   5.10  -4.17  -7.23 2.07 1.73 1.39 -1.00  -1.0     -1. -1.00  -1.0     -1.
 6:55:25 0.67 340.16 143.97 -7.23 1666   6.43   530.5 135506.  3.55  4.17   5.75  -5.29  -6.03 2.19 1.76 0.85  0.22 552.5 365867.  5.78 528.5 156904.
 6:56:47 0.67 340.16 143.96 -7.23 1666   7.19   510.5 184983.  4.25  4.57   4.60  -6.34  -6.85 1.02 0.63 0.55  0.18 545.0 522846.  5.94 507.0 158073.
 6:58:08 0.67 340.16 143.95 -7.23 1666   6.36   469.7 130283.  1.13  2.76   9.24  -2.73  -3.90 1.65 1.91 1.39  0.21 512.3 522508.  5.44 466.1 119842.
 6:59:29 0.67 340.16 143.93 -7.23 1666   6.65   474.2 154734.  3.02  2.70   9.40  -3.91  -3.97 0.38 0.78 0.84 -1.00  -1.0     -1.  5.74 470.9 149143.
 7:00:50 0.67 340.16 143.92 -7.23 1666   6.64   474.9 127210.  3.58  1.64   9.53  -4.75  -3.37 0.35 0.54 0.58  0.21 534.2 579291.  5.63 475.9 157466.
 7:02:11 0.67 340.16 143.91 -7.23 1666   6.94   484.1 139391.  0.00  0.00   8.05  -6.46  -3.71 0.93 0.77 0.94  0.21 534.8 470000.  5.73 482.7 144033.
 7:03:32 0.67 340.16 143.90 -7.23 1666   7.07   490.7 170833.  5.34  2.65   7.18  -6.53  -4.81 0.58 0.93 0.86  0.25 530.5 595507.  6.02 488.2 159434.
 7:04:53 0.67 340.16 143.89 -7.23 1666   8.01   498.9 212550.  0.00 -4.37   4.94  -6.61  -5.29 2.83 1.11 2.18  0.19 561.1 442661.  6.40 499.1 204838.
 7:06:14 0.67 340.16 143.88 -7.23 1666   6.06   519.0 142159.  4.41  3.95   1.34  -6.65  -8.06 1.99 1.14 1.24  0.20 521.4 442375.  4.98 517.2 116499.
 7:07:35 0.67 340.16 143.86 -7.23 1666   8.21   497.9 207830.  4.98  1.69   4.92  -7.23  -5.84 1.31 0.78 1.21 -1.00  -1.0     -1.  6.86 494.8 208951.
 7:08:56 0.67 340.17 143.85 -7.23 1666   6.40   527.6 120219.  3.17  5.52   1.86  -4.51  -8.97 1.71 1.48 1.57  0.20 539.4 537659.  5.51 526.6 149072.
 7:10:17 0.67 340.17 143.84 -7.23 1666   7.71   521.6 145853.  3.20  4.10   2.06  -6.00  -8.26 0.99 1.39 1.46  0.17 535.5 429953.  6.33 518.0 148334.
 7:11:38 0.67 340.17 143.83 -7.23 1666   6.97   519.7 133940.  4.91  3.88  -0.07  -6.42  -8.34 2.61 0.89 0.85  0.22 530.9 646118.  5.39 514.0 140522.
 7:12:59 0.67 340.17 143.82 -7.23 1666   7.40   564.5 152814.  2.64  4.84  -3.91  -4.26  -9.17 0.92 1.07 0.80  0.21 553.5 536165.  6.13 564.1 161205.
 7:14:20 0.67 340.17 143.80 -7.23 1666   7.40   564.8 159720.  2.74  4.81  -4.54  -3.86  -9.28 0.48 0.62 0.65  0.20 550.5 455590.  6.18 563.9 135951.
 7:15:41 0.67 340.17 143.79 -7.23 1666   6.84   563.9 149397.  1.67  5.36  -4.50  -3.28  -9.53 0.79 0.69 0.79  0.22 553.4 528095.  5.51 563.5 158772.
 7:17:02 0.67 340.17 143.78 -7.23 1666   7.43   565.3 130760.  1.29  5.48  -3.73  -2.75 -10.09 1.21 0.85 0.69  0.20 547.8 510502.  6.25 561.5 134908.
 7:18:23 0.67 340.17 143.77 -7.23 1666   6.83   549.9 118257.  2.84  8.37   3.24  -5.04  -3.75 5.00 2.07 6.88  0.25 546.0 633800.  5.52 544.6 119114.
 7:19:44 0.67 340.17 143.75 -7.23 1666   7.08   497.1 162261.  2.79 -5.46   7.48  -3.85   7.04 0.70 1.92 2.02  0.25 531.5 548015.  6.04 494.0 153613.
 7:21:05 0.67 340.17 143.74 -7.23 1666   6.84   493.7 161094.  2.06 -5.85   7.28  -3.95   7.82 0.37 0.87 0.90  0.23 520.9 680916.  5.62 496.0 183600.
 7:22:26 0.67 340.17 143.73 -7.23 1666   6.77   492.7 155965.  3.84 -5.07   7.90  -5.52   5.87 0.50 0.77 0.96  0.20 534.7 614803.  5.59 489.9 153048.
 7:23:47 0.67 340.17 143.72 -7.23 1666   7.14   499.0 183129.  5.79 -2.87   7.70  -7.10   2.92 0.66 1.41 3.01  0.24 532.4 484410.  5.91 493.5 175163.
 7:25:08 0.67 340.17 143.71 -7.23 1666   6.26   501.1 153785.  4.39 -3.90   7.75  -6.69   4.30 1.24 0.77 2.48  0.22 522.9 372520.  4.93 497.8 155049.
 7:26:29 0.67 340.17 143.69 -7.23 1666   7.96   492.3 225485.  5.58 -1.19   8.27  -6.16   3.97 0.70 1.20 2.24  0.19 533.2 464439.  6.95 488.7 215457.
 7:27:50 0.67 340.17 143.68 -7.23 1666   7.03   488.7 195395.  2.86 -3.89   8.35  -4.86   5.31 0.64 1.18 2.22  0.18 535.1 569793.  5.87 485.9 171265.
 7:29:11 0.67 340.17 143.67 -7.23 1666   7.15   488.5 250885.  5.09  2.89   9.18  -5.85  -0.21 0.54 1.16 1.57  0.24 535.3 490036.  6.17 484.7 235374.
 7:30:32 0.67 340.17 143.66 -7.23 1666   7.14   490.5 162436.  4.65  2.46   9.18  -5.22  -3.48 0.43 0.77 0.62 -1.00  -1.0     -1.  5.53 484.4 165139.
 7:31:53 0.67 340.17 143.65 -7.23 1666   7.29   489.2 151083.  4.44  3.20   8.33  -5.65  -4.51 0.90 1.23 1.04  0.24 534.2 510892.  6.18 488.3 187417.
 7:33:14 0.67 340.17 143.63 -7.23 1666   7.46   502.0 173919.  3.58  5.11   6.91  -5.28  -6.35 0.89 1.00 0.93  0.29 536.2 563919.  6.48 498.2 164687.
 7:34:35 0.67 340.17 143.62 -7.23 1666   7.98   500.7 217578.  3.38  4.95   6.73  -4.87  -6.63 1.18 1.45 1.24  0.21 538.2 426120.  6.70 499.2 201424.
 7:35:56 0.67 340.17 143.61 -7.23 1666   7.38   482.3 180267.  2.49  4.57   7.80  -4.48  -5.72 1.38 1.73 1.70  0.28 536.6 753785.  5.87 482.2 166935.
 7:37:17 0.67 340.18 143.60 -7.23 1666   7.20   496.0 157631.  3.22  5.42   6.68  -4.91  -6.86 0.78 1.03 1.19  0.21 539.5 521884.  6.25 494.9 191588.
 7:38:38 0.67 340.18 143.59 -7.23 1666   6.58   507.3 156124.  4.15  6.06   5.70  -6.25  -6.91 0.92 0.86 1.28  0.26 548.8 401899.  5.47 503.9 161111.
 7:39:59 0.67 340.18 143.57 -7.23 1666   7.15   503.3 188323.  5.68  4.66   6.46  -5.64  -6.70 0.68 1.47 1.10  0.22 538.2 451848.  5.97 498.4 187205.
 7:41:20 0.67 340.18 143.56 -7.23 1666   6.48   495.9 157690.  3.75  5.45   7.07  -3.33  -7.25 0.94 1.84 0.95  0.25 536.3 781813.  5.41 492.9 155725.
 7:42:41 0.67 340.18 143.55 -7.23 1666   6.47   488.2 177447.  1.38  5.41   6.02  -3.88  -7.63 1.76 1.73 1.19  0.15 540.8 442245.  5.55 489.5 207216.
 7:44:02 0.67 340.18 143.54 -7.23 1666   6.19   503.9 146886.  0.00  0.00   5.29  -4.34  -8.59 0.83 0.86 0.88  0.20 516.0 392037.  5.28 503.4 139677.
 7:45:23 0.67 340.18 143.53 -7.23 1666   6.33   508.7 121723.  2.78  7.39   3.90  -3.86  -9.66 0.87 0.60 0.41  0.26 519.0 623808.  5.47 506.1 141824.
 7:46:44 0.67 340.18 143.52 -7.23 1666   6.97   504.4 144170.  3.17  6.84   5.27  -3.59  -8.81 0.98 0.56 0.70  0.20 533.8 638023.  5.78 503.4 151391.
 7:48:05 0.67 340.18 143.50 -7.23 1666   6.46   486.4 143510.  1.99  6.13   6.63  -0.53  -8.51 0.58 0.85 0.82  0.21 516.6 654954.  5.40 486.3 142260.
 7:49:26 0.67 340.18 143.49 -7.23 1666   6.52   485.8 160825. -1.41  5.37   7.46   1.87  -6.71 1.38 1.91 1.78  0.21 517.0 486554.  5.30 486.3 150046.
 7:50:47 0.67 340.18 143.48 -7.23 1666   6.92   499.1 172805.  3.37  5.99   6.57  -0.97  -6.93 1.37 3.72 2.45  0.18 528.2 435553.  5.59 495.1 158307.
 7:52:08 0.67 340.18 143.47 -7.23 1666   6.36   501.6 157583.  1.41  7.34   6.28  -1.42  -8.18 1.04 1.09 1.01 -1.00  -1.0     -1.  5.43 497.6 152635.
 7:53:30 0.67 340.18 143.46 -7.23 1666  -1.00    -1.0     -1. -1.00 -1.00   6.22  -1.67  -7.81 1.95 1.49 1.29 -1.00  -1.0     -1. -1.00  -1.0     -1.
 7:54:50 0.67 340.18 143.45 -7.23 1666   5.90   469.6 142084.  2.87  4.44   8.42  -2.20  -5.74 1.38 0.96 1.40  0.22 513.7 490738.  5.12 466.8 132979.
 7:56:11 0.67 340.18 143.43 -7.23 1666   6.07   474.6 157069.  0.64  4.41   8.79   3.40  -2.40 0.86 3.66 2.58  0.20 517.5 528979.  5.10 471.3 154305.
 7:57:32 0.67 340.18 143.42 -7.23 1666   6.32   464.8 135935. -2.83  1.46   9.80   2.73  -2.48 1.50 2.07 2.04  0.20 509.8 513906.  5.41 467.3 171379.
 7:58:53 0.67 340.18 143.41 -7.23 1666   6.72   474.4 147672.  0.35  5.17   9.07   1.05  -6.28 0.41 1.01 0.88  0.20 513.9 796301.  5.62 473.0 142916.
 8:00:14 0.67 340.18 143.40 -7.23 1666   7.15   472.0 138514. -0.30  4.19   9.60   2.56  -5.58 0.74 1.39 0.97  0.18 533.3 496520.  5.91 475.9 165077.
 8:01:35 0.67 340.18 143.39 -7.23 1666   6.64   491.7 154714.  5.89  4.17   7.89  -6.70  -3.70 1.19 1.66 1.20 -1.00  -1.0     -1.  5.03 485.7 146889.
 8:02:56 0.67 340.18 143.38 -7.23 1666   6.23   489.7 162572.  5.85  4.00   8.43  -5.68  -4.03 1.21 1.48 0.77 -1.00  -1.0     -1.  5.12 486.2 152012.
 8:04:17 0.67 340.18 143.36 -7.23 1666   6.52   471.3 164060.  3.59  2.77   9.10  -3.72  -4.97 0.50 0.51 0.88  0.19 520.6 561853.  5.47 466.9 156891.
 8:05:38 0.67 340.19 143.35 -7.23 1666   6.53   477.8 193722.  3.87  4.08   8.35  -3.74  -5.82 0.84 0.91 0.82  0.23 518.4 517207.  5.65 473.7 181361.
 8:06:59 0.67 340.19 143.34 -7.23 1666   8.08   521.5 213664.  5.12  6.27   3.15  -5.89  -8.43 1.31 1.05 1.14  0.21 542.0 363970.  6.81 518.8 194280.
 8:08:20 0.67 340.19 143.33 -7.23 1666   6.47   528.0 150953.  3.76  7.85   2.61  -5.29  -8.92 0.90 1.43 1.38  0.21 534.4 676381.  5.48 529.0 148844.
 8:09:41 0.67 340.19 143.32 -7.23 1666   6.06   537.0 142822.  5.93  5.66   1.26  -6.75  -8.51 0.95 0.74 0.73  0.25 536.3 387242.  5.07 534.0 119420.
 8:11:02 0.67 340.19 143.30 -7.23 1666   6.23   558.0 157622.  5.27  4.73  -2.58  -7.06  -6.99 2.44 0.74 0.94  0.17 553.8 437931. -1.00  -1.0     -1.
 8:12:23 0.67 340.19 143.29 -7.23 1666   5.64   559.2 127599.  4.54  4.67  -4.52  -6.62  -7.06 0.66 0.81 0.98  0.23 528.7 546053.  4.83 557.3 156296.
 8:13:44 0.67 340.19 143.28 -7.23 1666   6.89   567.8 125027.  4.77  4.29  -4.23  -6.04  -8.03 0.80 0.70 0.91  0.19 544.7 458461.  5.63 562.3 123786.
 8:15:05 0.67 340.19 143.27 -7.23 1666   6.06   555.6 113228.  3.90  5.51  -3.92  -5.49  -8.67 0.97 0.80 1.07  0.18 535.6 526796.  5.21 550.1 107943.
 8:16:26 0.67 340.19 143.26 -7.23 1666   6.65   534.9 108365.  3.89  6.47  -1.61  -5.54  -9.19 1.65 0.79 1.18  0.22 526.3 507656.  5.33 530.6 104441.
 8:17:47 0.67 340.19 143.24 -7.23 1666   5.92   533.2 141542.  3.77  7.35   0.01  -4.47 -10.00 0.55 0.62 0.82  0.18 533.3 511437.  5.46 530.4 142737.
 8:19:08 0.67 340.19 143.23 -7.23 1666   5.94   534.1 119602.  2.55 10.30   0.46  -4.47  -9.78 0.94 1.01 0.73  0.19 531.0 621261.  5.36 533.3 140551.
 8:20:29 0.67 340.19 143.22 -7.23 1666   6.13   522.8 144404.  4.37  6.62   3.54  -1.73  -7.92 1.76 5.06 2.38  0.18 536.2 402237.  5.27 518.1 146642.
 8:21:50 0.67 340.19 143.21 -7.23 1666   6.64   516.4 184272.  3.28  7.69   1.64  -2.58  -9.12 3.18 2.69 1.13  0.19 537.6 704980.  5.76 514.3 177593.
 8:23:11 0.67 340.19 143.20 -7.23 1666   6.55   545.6 116834.  4.76  5.68  -2.25  -6.18  -8.87 1.29 0.55 0.82  0.21 535.8 446637.  5.52 541.8 115788.
 8:24:32 0.67 340.19 143.18 -7.23 1666   7.14   559.2 160097.  4.26  4.97  -4.57  -5.18  -8.28 0.81 0.49 0.69 -1.00  -1.0     -1.  5.76 554.7 159298.
 8:25:53 0.67 340.19 143.17 -7.23 1666   6.78   570.6 157050.  2.14  4.89  -6.22  -2.52  -8.22 0.91 0.82 0.99  0.23 540.8 710997.  5.68 568.2 161679.
 8:27:14 0.67 340.19 143.16 -7.23 1666   6.02   566.5 131647.  3.17  5.21  -4.84  -4.02  -7.91 1.29 2.65 1.53  0.15 545.3 415946.  5.06 562.5 139706.
 8:28:35 0.67 340.19 143.15 -7.23 1666   6.57   538.3 134113.  3.75  4.75  -0.73  -4.73  -9.48 1.08 0.45 0.75  0.16 530.0 405758.  5.25 535.1 124156.
 8:29:56 0.67 340.19 143.13 -7.23 1666   6.06   534.4 114222.  3.50  4.92  -0.91  -4.61  -9.47 0.68 0.73 0.65  0.20 536.0 488321.  5.00 532.4 134584.
 8:31:17 0.67 340.19 143.12 -7.23 1666   5.86   546.8 118585.  3.48  5.14  -2.13  -5.06  -9.61 0.92 0.52 0.64  0.20 526.8 312138.  5.03 541.1 115233.
 8:32:38 0.67 340.19 143.11 -7.23 1666   7.32   535.7 129133.  3.93  5.03  -2.94  -5.20  -9.37 0.82 0.46 0.57  0.19 532.6 642857.  5.75 535.2 156166.
 8:33:59 0.67 340.19 143.10 -7.23 1666   5.47   520.3 130205.  3.83  5.33  -1.47  -5.05  -9.59 1.43 0.60 0.63  0.20 520.0 598028.  4.63 519.4 131377.
 8:35:20 0.67 340.20 143.09 -7.23 1666   6.22   533.0 123074.  3.19  6.53  -1.13  -4.49  -9.96 0.94 0.52 0.74  0.19 512.8 453615.  5.05 528.4 119524.
 8:36:41 0.67 340.20 143.07 -7.23 1666   6.01   526.8 140743.  2.01  6.99  -0.08  -4.02 -10.31 0.92 0.99 0.90  0.18 538.9 399287.  5.42 524.3 149689.
 8:38:02 0.67 340.20 143.06 -7.23 1666   6.36   524.9 134515.  3.70  5.64   0.42  -4.56  -9.94 0.66 2.27 1.24  0.19 524.1 552381.  5.28 522.8 121369.
 8:39:23 0.67 340.20 143.05 -7.23 1666   7.50   533.1 145651.  3.66  5.24  -0.13  -5.15  -9.72 0.91 1.76 1.21  0.20 530.7 453134.  6.05 528.9 137744.
 8:40:44 0.67 340.20 143.04 -7.23 1666   7.05   528.7 149419.  3.68  5.47  -1.09  -4.22 -10.23 1.04 0.62 0.65  0.18 533.6 594221.  5.55 530.1 156978.
 8:42:05 0.67 340.20 143.03 -7.23 1666   6.68   526.3 143890.  2.30  7.43  -0.34  -4.23  -9.89 0.88 2.39 1.53  0.14 529.9 435683.  5.72 522.9 148773.
 8:43:26 0.67 340.20 143.02 -7.23 1666   6.11   538.6 110236.  4.78  4.91  -0.68  -7.50  -8.49 1.08 0.64 0.78  0.21 529.0 530382.  5.31 536.6 129948.
 8:44:47 0.67 340.20 143.00 -7.23 1666   6.17   527.2 144154.  4.98  5.12  -0.99  -5.44  -9.83 1.12 1.19 0.85  0.17 528.7 377289.  5.19 525.9 142961.
 8:46:08 0.67 340.20 142.99 -7.23 1666   6.88   546.7 133164.  4.14  5.24  -2.92  -4.29  -9.95 1.62 1.25 1.08  0.18 531.2 515154.  5.24 544.3 133635.
 8:47:29 0.67 340.20 142.98 -7.23 1666   5.90   549.0 107839.  3.51  5.42  -3.97  -3.48  -9.99 1.45 0.91 1.14  0.18 533.8 442687.  5.05 543.9 113501.
 8:48:50 0.67 340.20 142.97 -7.23 1666   7.33   552.7 162338.  0.84  6.46  -2.77  -2.80 -10.22 1.92 2.43 1.40  0.16 540.9 586503.  5.94 550.3 165528.
 8:50:11 0.67 340.20 142.96 -7.23 1666   6.24   549.1 118812.  1.39  6.66  -3.43  -1.54 -10.85 0.68 0.63 0.79  0.15 537.4 474587.  5.20 546.4 114222.
 8:51:32 0.67 340.20 142.95 -7.23 1666   5.09   545.8  87949.  1.30  6.68  -3.43  -1.36 -10.76 1.08 0.58 0.88  0.15 549.7 387931.  4.37 546.5  94507.
 8:52:53 0.67 340.20 142.93 -7.23 1666   6.21   547.1 122564.  1.72  6.62  -2.96  -1.75 -10.83 0.64 0.38 0.71  0.14 547.3 640050.  5.41 543.9 118133.
 8:54:14 0.67 340.20 142.92 -7.23 1666   6.57   550.9 137423.  1.02  6.45  -3.19  -1.40 -10.91 0.66 0.24 0.69  0.21 543.7 404810.  5.66 546.6 131371.
 8:55:35 0.67 340.20 142.91 -7.23 1666   8.30   547.6 174247.  4.55  5.01  -3.50  -4.52  -8.94 1.44 3.23 2.67  0.18 531.3 418401.  6.74 546.3 188476.
 8:56:56 0.67 340.20 142.90 -7.23 1666   6.49   541.9 136039.  4.01  6.18  -1.68  -4.35 -10.04 1.19 2.27 1.21  0.18 523.6 278445.  5.47 538.9 137299.
 8:58:17 0.67 340.20 142.89 -7.23 1666   5.03   545.5 109691.  5.74  5.10  -1.64  -7.70  -7.45 2.21 1.90 2.05  0.22 546.8 414126.  4.31 540.5 109499.
 8:59:38 0.67 340.20 142.87 -7.23 1666   6.46   536.3 130997.  5.87  6.45  -0.75  -5.74  -9.78 0.76 1.69 1.12  0.22 529.3 547989.  5.36 533.6 150631.
 9:00:59 0.67 340.20 142.86 -7.23 1666   6.89   537.1 152749.  2.46  6.72  -1.66  -2.96 -10.79 0.94 0.93 0.80  0.20 529.8 461762.  5.77 533.1 144576.
 9:02:20 0.67 340.20 142.85 -7.23 1666   6.32   540.8 141058.  4.00  7.36  -1.84  -4.67  -9.99 0.96 0.71 0.62  0.23 531.9 643377.  5.34 536.6 139700.
 9:03:41 0.67 340.21 142.84 -7.23 1666   6.63   543.6 154925.  4.98  6.91  -2.19  -5.63  -9.39 1.01 0.44 0.63  0.20 536.3 374729.  5.50 541.1 135282.
 9:05:02 0.67 340.21 142.83 -7.23 1666   5.91   536.5 116457.  6.14  5.41  -2.20  -6.13  -8.90 1.16 1.23 1.22  0.18 535.7 646313.  4.99 529.7 110746.
 9:06:23 0.67 340.21 142.82 -7.23 1666   5.30   539.8 107150.  5.99  5.81   0.05  -7.09  -8.65 1.13 0.59 0.85  0.19 535.9 360046.  4.59 535.3 114060.
 9:07:44 0.67 340.21 142.80 -7.23 1666   5.97   514.6 139992.  5.90  6.35   2.60  -6.94  -8.62 1.04 0.48 0.66  0.21 527.8 497248.  4.91 510.3 137166.
 9:09:05 0.67 340.21 142.79 -7.23 1666   6.74   528.2 144975.  6.19  5.96   1.24  -7.23  -8.54 0.94 0.53 0.64  0.17 539.7 378978.  5.79 524.3 147863.
 9:10:26 0.67 340.21 142.78 -7.23 1666   5.16   530.6 110402.  4.96  6.47   0.78  -7.07  -8.75 1.53 0.81 0.97  0.15 524.3 286631.  4.64 525.3 103892.
 9:11:47 0.67 340.21 142.77 -7.23 1666   6.30   543.3 145118.  4.62  5.67  -1.70  -6.16  -9.37 1.23 0.45 0.55  0.12 533.9 353133.  5.29 540.0 131667.
 9:13:08 0.67 340.21 142.76 -7.23 1666   6.92   544.6 150072.  4.78  6.09  -3.36  -5.26  -9.37 0.73 0.41 0.59  0.20 527.1 448846.  5.72 541.7 151339.
 9:14:29 0.67 340.21 142.74 -7.23 1666   6.42   546.6 122821.  3.72  6.34  -2.65  -4.93  -9.28 2.23 1.82 1.12  0.13 536.9 378289.  5.25 542.7 118968.
 9:15:50 0.67 340.21 142.73 -7.23 1666   6.81   526.3 150189.  5.84  5.94   1.62  -7.56  -8.24 0.92 0.76 0.90  0.17 527.2 539491.  5.67 520.9 145466.
 9:17:11 0.67 340.21 142.72 -7.23 1666   6.95   520.7 157573.  5.18  6.17   2.55  -6.06  -9.30 1.27 0.87 0.67  0.19 527.0 353809.  6.03 519.2 158577.
 9:18:32 0.67 340.21 142.71 -7.23 1666   6.30   511.0 154334.  3.31  7.83   1.36  -4.54  -9.75 2.55 1.53 1.04  0.17 519.0 332746.  5.43 509.5 161029.
 9:19:53 0.67 340.21 142.70 -7.23 1666   6.60   527.3 141831.  4.28  7.25  -0.17  -4.67  -9.94 1.31 1.11 1.00  0.18 528.5 437165.  5.57 524.9 140184.
 9:25:16 0.67 340.21 142.65 -7.23 1666   6.79   533.8 139794.  3.17  6.19  -1.59  -4.15 -10.61 0.52 0.20 0.45  0.15 530.4 449535.  5.83 530.1 134973.
 9:37:13 0.67 340.22 142.54 -7.23 1666   6.07   525.2 104652.  1.97  7.09   0.05  -1.40 -10.85 0.67 0.91 0.81  0.17 528.6 512061.  5.11 523.6 109408.
 9:38:34 0.67 340.22 142.53 -7.23 1666   5.91   524.2 124429.  1.44  7.38  -0.27  -2.07 -10.78 0.56 0.51 0.69  0.21 515.9 477653.  5.20 523.2 120151.
 9:39:55 0.67 340.22 142.52 -7.23 1666   5.65   526.0 108820.  2.04  6.96  -0.91  -1.90 -10.74 0.62 0.28 0.66  0.15 511.5 288606.  4.91 523.3 101937.
 9:41:16 0.67 340.22 142.51 -7.23 1666   6.24   518.1 100998.  1.83  7.13  -0.66  -1.41 -10.83 0.69 0.33 0.57  0.18 508.5 524275.  5.51 516.8 117662.
 9:42:37 0.67 340.22 142.50 -7.23 1666   6.14   499.5 127275.  3.53  6.00   1.14  -1.92 -10.10 2.05 2.13 1.25  0.16 515.6 302431.  5.15 496.2 133424.
 9:43:58 0.67 340.22 142.48 -7.23 1666   5.92   512.3 107157.  1.16  7.14   0.90  -0.13 -10.62 0.75 1.07 1.07  0.18 518.6 514699.  5.27 512.8 122629.
 9:45:19 0.67 340.22 142.47 -7.23 1666   6.80   499.0 140593.  3.91  6.91   3.24  -3.81  -8.92 1.36 3.01 1.51  0.20 523.7 609177.  5.67 495.6 149858.
 9:46:40 0.67 340.22 142.46 -7.23 1666   6.07   499.7 123542.  3.24  7.94   3.56  -4.54  -9.09 0.70 0.48 0.83  0.21 513.5 458955.  5.07 496.4 108485.
 9:48:01 0.67 340.22 142.45 -7.23 1666   6.58   511.2 133697.  4.19  7.17   1.80  -5.19  -9.22 0.90 0.66 0.67  0.12 519.1 371208.  5.26 508.2 137264.
 9:49:22 0.67 340.22 142.44 -7.23 1666   6.30   510.9 111903.  5.13  6.65   1.61  -6.09  -8.80 0.52 0.50 0.75  0.16 519.1 426704.  5.12 508.3 131751.
 9:50:43 0.67 340.22 142.42 -7.23 1666   6.66   505.8 130744.  4.84  6.39   2.69  -5.42  -9.08 0.58 0.75 0.80  0.17 509.4 377926.  5.54 503.2 134229.
 9:52:04 0.67 340.22 142.41 -7.23 1666   5.79   495.7 115570.  3.58  7.21   3.27  -4.24  -9.41 1.29 0.70 0.86  0.20 514.8 360228.  4.83 494.0  95956.
 9:53:25 0.67 340.22 142.40 -7.23 1666   5.94   500.4 117389.  2.46  8.34   4.06  -3.45  -9.48 0.77 0.55 0.83  0.22 504.1 642454.  4.93 496.9 121252.
 9:54:46 0.67 340.22 142.39 -7.23 1666   6.57   484.7 139203.  2.43  6.97   5.63  -2.43  -8.91 0.94 0.99 0.89  0.19 509.1 487165.  5.74 482.0 135906.
 9:56:07 0.67 340.22 142.38 -7.23 1666   5.57   486.9  98971.  0.00  0.00   5.02  -4.24  -8.80 1.06 0.54 0.88  0.17 527.6 522651.  4.72 484.6 102999.
 9:57:28 0.67 340.22 142.36 -7.23 1666  -1.00    -1.0     -1. -1.00 -1.00   4.72  -4.16  -9.02 1.06 0.46 0.70 -1.00  -1.0     -1. -1.00  -1.0     -1.
 9:58:59 0.67 340.22 142.35 -7.23 1666  -1.00    -1.0     -1. -1.00 -1.00   2.29  -5.14  -9.53 0.59 0.48 0.57 -1.00  -1.0     -1. -1.00  -1.0     -1.
10:00:10 0.67 340.23 142.34 -7.23 1666  -1.00    -1.0     -1. -1.00 -1.00   1.78  -5.82  -9.23 0.72 0.76 0.77 -1.00  -1.0     -1. -1.00  -1.0     -1.
10:01:34 0.67 340.23 142.33 -7.23 1666  -1.00    -1.0     -1. -1.00 -1.00   0.55  -5.37  -9.73 0.64 0.65 0.69 -1.00  -1.0     -1. -1.00  -1.0     -1.
10:02:52 0.67 340.23 142.32 -7.23 1666  -1.00    -1.0     -1. -1.00 -1.00  -0.50  -6.44  -9.26 0.75 0.34 0.51 -1.00  -1.0     -1.  5.57 513.5 121080.
10:04:13 0.67 340.23 142.30 -7.23 1666   5.89   520.0  99224.  0.00  0.00  -1.25  -6.69  -9.06 1.09 0.32 0.55  0.18 509.5 382019.  5.04 516.2 100731.
10:05:34 0.66 340.23 142.29 -7.23 1666   4.79   524.7  88712.  5.83  5.48  -0.71  -6.77  -8.82 1.98 0.71 0.76  0.21 503.7 376873.  4.16 527.2  90229.
10:06:55 0.66 340.23 142.28 -7.23 1666   6.35   510.9 122603.  5.44  5.73   0.87  -7.00  -8.49 1.21 1.21 1.04  0.19 508.7 364698.  5.23 505.6 122964.
10:08:16 0.66 340.23 142.27 -7.23 1666   6.84   509.8 115083.  5.56  6.02   1.81  -6.15  -8.93 1.43 1.01 0.73  0.18 512.4 404914.  5.49 503.7 113014.
10:09:37 0.66 340.23 142.26 -7.23 1666   6.09   486.0 124205.  3.27  6.52   5.35  -3.05  -9.05 0.79 0.89 0.66  0.14 518.1 360553.  4.85 484.5 111039.
10:10:58 0.66 340.23 142.24 -7.23 1666   6.27   491.2 137065.  2.02  7.80   4.95  -1.47  -9.51 0.40 0.75 0.70  0.14 515.1 347871.  5.41 487.2 135295.
10:12:19 0.66 340.23 142.23 -7.23 1666   5.80   490.8 116262.  2.57  7.37   4.86  -2.35  -9.31 0.55 0.68 0.82  0.18 515.2 445169.  5.06 488.7 138439.
10:13:40 0.66 340.23 142.22 -7.23 1666   6.37   492.9 137394.  3.40  7.48   4.79  -3.82  -8.90 0.66 0.70 0.81  0.12 509.1 767182.  5.54 490.6 134951.
10:15:01 0.66 340.23 142.21 -7.23 1666   6.05   498.1 104912.  2.51  7.15   4.05  -3.02  -9.66 0.82 0.63 0.91  0.15 507.1 430694.  5.39 496.9 119524.
10:16:22 0.66 340.23 142.20 -7.23 1666   5.88   481.6 132112.  4.72  5.81   5.22  -4.67  -8.21 0.49 0.81 0.80  0.13 501.5 399716.  5.00 479.5 137319.
10:17:43 0.66 340.23 142.18 -7.23 1666   6.31   483.1 141984.  4.07  5.76   6.02  -4.47  -7.52 0.50 0.41 0.65  0.18 519.9 413581.  5.61 482.3 161572.
10:19:04 0.66 340.23 142.17 -7.23 1666   6.34   484.2 142312.  3.65  5.90   6.01  -3.80  -7.84 0.35 0.72 0.69  0.18 505.6 426925.  5.25 480.9 139060.
10:20:25 0.66 340.23 142.16 -7.23 1666   6.71   475.7 141175.  6.59  1.33   7.22  -5.80  -4.63 0.49 1.17 1.41  0.22 515.4 522352.  5.66 473.0 175056.
10:21:46 0.66 340.23 142.15 -7.23 1666   6.15   473.1 108408.  4.64  4.50   6.57  -4.29  -7.16 0.73 0.66 0.84  0.17 518.7 554616.  5.41 470.3 132570.
10:23:07 0.66 340.23 142.14 -7.23 1666   6.85   473.9 147207.  3.78  5.27   6.12  -4.30  -7.46 0.95 0.69 0.75  0.17 495.8 583709.  5.76 471.1 142747.
10:24:28 0.66 340.23 142.12 -7.23 1666   6.47   493.4 133551.  4.91  5.37   4.42  -5.85  -7.50 0.58 0.53 0.78  0.20 498.3 435943.  5.33 488.9 129932.
10:25:49 0.66 340.23 142.11 -7.23 1666   6.26   494.2 119436.  4.35  6.09   4.36  -5.37  -7.93 0.63 0.50 0.75  0.20 529.0 508436.  5.43 492.2 135103.
10:27:10 0.66 340.23 142.10 -7.23 1666   5.83   486.7 134817.  4.45  5.71   4.91  -4.85  -7.98 0.79 0.44 0.53  0.20 497.6 247130.  4.99 482.1 137735.
10:28:31 0.66 340.23 142.09 -7.23 1666   5.88   490.6 106143.  3.85  6.76   2.70  -4.19  -9.14 0.73 0.49 0.70  0.20 499.1 609021.  5.12 485.9 105510.
10:29:52 0.66 340.24 142.08 -7.23 1666   6.05   501.4 125693.  2.72  8.54   2.67  -4.21  -9.14 0.42 0.58 0.63  0.27 507.8 483877.  5.16 499.4 114534.
10:31:13 0.66 340.24 142.07 -7.23 1666   4.99   497.8  91473.  4.47  6.32   4.05  -4.41  -8.43 1.56 1.00 0.92  0.16 514.8 382603.  4.43 495.1 109752.
10:32:34 0.66 340.24 142.05 -7.23 1666   6.56   489.1 133343.  2.76  6.66   4.27  -4.11  -8.66 0.90 0.71 0.97  0.17 517.7 439906.  5.61 488.4 133002.
10:33:55 0.66 340.24 142.04 -7.23 1666   6.96   506.8 125507.  3.78  4.44   2.51  -5.60  -8.30 1.23 0.62 0.73  0.21 516.8 436489.  5.70 504.6 125926.
10:35:16 0.66 340.24 142.03 -7.23 1666   7.07   513.2 122096.  4.94  4.77   1.31  -6.94  -7.94 1.18 0.87 0.76  0.23 512.0 525003.  6.17 509.5 134434.
10:36:37 0.66 340.24 142.02 -7.23 1666   5.43   519.7  85483.  3.40  5.46   1.16  -5.72  -8.99 0.71 0.55 0.63  0.17 511.4 408422.  4.54 516.5  89495.
10:37:58 0.66 340.24 142.01 -7.23 1666   5.89   496.3 103379.  5.62  4.45   2.87  -6.01  -8.45 1.15 0.63 0.64  0.23 512.3 491856.  5.12 491.6 111861.
10:39:19 0.66 340.24 142.00 -7.23 1666   6.61   516.0 122334.  4.37  5.16   1.34  -5.43  -8.84 1.28 0.34 0.53  0.22 520.4 387853.  5.61 514.4 109655.
10:40:40 0.66 340.24 141.98 -7.23 1666   6.46   520.2  96479.  4.47  4.93   0.48  -5.13  -9.10 0.71 0.45 0.53  0.21 518.9 570767.  5.42 517.1 118760.
10:42:01 0.66 340.24 141.97 -7.23 1666   5.74   512.4 114573.  3.47  7.71   1.95  -4.56  -9.46 0.72 0.49 0.46  0.20 512.2 368778.  4.93 508.6 115726.
10:43:22 0.66 340.24 141.96 -7.23 1666   5.88   502.5  97876.  4.10  7.06   2.90  -4.40  -9.55 0.60 0.41 0.44  0.21 512.7 442661.  4.97 497.1 101855.
10:44:43 0.66 340.24 141.95 -7.23 1666   5.71   502.2 118072.  2.74  7.06   2.86  -3.00 -10.03 0.79 0.59 0.54  0.17 515.6 358175.  5.26 500.2 119121.
10:46:04 0.66 340.24 141.94 -7.23 1666   5.73   501.6 101498.  1.80  7.58   2.93  -1.65 -10.25 0.64 0.36 0.51  0.16 516.1 634385.  5.17 499.8 101768.
10:47:25 0.66 340.24 141.93 -7.23 1666   6.08   503.8 117822.  2.08  7.12   2.08  -2.86 -10.09 0.74 1.43 0.66  0.16 495.0 525289.  5.34 502.2 123627.
10:48:46 0.66 340.24 141.91 -7.23 1666   6.65   508.1 106728.  4.59  6.33   1.30  -4.83  -9.54 0.63 0.54 0.56  0.20 518.1 576121.  5.33 503.2 104185.
10:50:07 0.66 340.24 141.90 -7.23 1666   5.02   517.6  79555.  3.30  7.28   0.81  -3.64 -10.09 0.55 0.75 0.67  0.20 498.6 610203.  4.53 514.1  88475.
10:51:28 0.66 340.24 141.89 -7.23 1666   6.31   516.0 115083.  3.41  6.91  -0.36  -3.18 -10.22 1.09 0.46 0.61  0.16 520.7 527913.  5.91 515.5 134132.
10:52:49 0.66 340.24 141.88 -7.23 1666   6.39   527.2 101592.  4.70  5.99  -1.00  -4.92  -9.65 0.53 0.40 0.41  0.15 531.1 570027.  5.05 523.2  96408.
10:54:10 0.66 340.24 141.87 -7.23 1666   5.44   516.6  90015.  4.97  5.45   0.34  -4.63  -9.60 0.89 0.90 0.59  0.13 533.2 338723.  4.41 513.1  83956.
10:55:31 0.66 340.24 141.85 -7.23 1666   6.44   524.3 106176.  5.09  5.45   0.08  -4.74  -9.49 0.95 0.71 0.68  0.15 520.7 346273.  5.40 519.2 108131.
10:56:52 0.66 340.24 141.84 -7.23 1666   6.22   509.9 101826.  4.66  6.71   0.54  -4.47  -9.62 0.70 0.80 0.64  0.17 496.3 352302.  5.08 505.6 101583.
10:58:13 0.66 340.25 141.83 -7.23 1666   6.35   523.6 108382.  3.70  5.88   0.59  -4.68  -9.25 1.04 1.22 1.23  0.23 526.7 499743.  5.53 520.3 111221.
10:59:34 0.66 340.25 141.82 -7.23 1666   6.00   493.4 103590.  5.29  4.68   3.96  -6.23  -7.52 0.76 0.87 0.72  0.16 512.8 605344.  4.83 492.0  93215.
11:00:55 0.66 340.25 141.80 -7.23 1666   7.68   485.0 147464.  6.13  3.87   5.03  -6.74  -6.69 0.86 0.53 0.57  0.18 515.0 475730.  6.30 481.3 131413.
11:02:16 0.66 340.25 141.79 -7.23 1666   6.30   487.6 117412.  4.83  4.78   5.58  -4.79  -7.77 0.68 0.71 0.70  0.21 517.1 672184.  5.52 484.0 119037.
11:03:37 0.66 340.25 141.78 -7.23 1666   5.65   489.6  93647.  2.44  5.87   5.22  -4.55  -8.15 0.50 1.53 1.02  0.19 513.1 432890.  4.49 486.3  89290.
11:04:58 0.66 340.25 141.77 -7.23 1666   6.19   487.7 113881.  6.11  4.22   4.87  -7.03  -6.94 0.55 0.52 0.53  0.16 496.7 417206.  5.39 484.2 115236.
11:06:19 0.66 340.25 141.76 -7.23 1666   6.70   487.6 103018.  5.86  4.08   5.01  -7.27  -6.27 0.87 1.13 0.90  0.19 504.6 476198.  5.46 482.7  99858.
11:07:40 0.66 340.25 141.74 -7.23 1666   6.72   495.9 128675.  6.91  4.03   3.44  -7.96  -6.25 0.97 0.72 0.90  0.23 509.8 556006.  5.55 490.3 131046.
11:09:01 0.66 340.25 141.73 -7.23 1666   6.25   492.3 115194.  7.31  4.13   3.33  -7.87  -6.49 0.73 0.44 0.53  0.17 513.1 390413.  5.46 488.4 131325.
11:10:22 0.66 340.25 141.72 -7.23 1666   6.08   480.6 136036.  5.05  4.11   5.28  -6.44  -6.41 1.28 1.03 0.69  0.18 501.0 347299.  5.19 475.7 132394.
11:11:43 0.66 340.25 141.71 -7.23 1666   6.45   467.3 152262.  4.96  3.47   7.50  -5.62  -4.25 1.17 1.29 1.42  0.21 509.3 406460.  5.32 462.7 142792.
11:13:04 0.66 340.25 141.70 -7.23 1666   6.96   480.8 135431.  5.82  3.89   6.09  -6.11  -6.00 0.60 0.91 0.97  0.17 502.3 329524.  6.02 475.7 132992.
11:14:25 0.66 340.25 141.68 -7.23 1666   6.53   479.9 125732.  5.09  4.16   6.26  -4.98  -6.64 0.94 1.23 1.06  0.18 516.5 327302.  5.75 474.7 127703.
11:15:46 0.66 340.25 141.67 -7.23 1666   6.78   507.4 144680.  7.89  2.67   3.57  -7.80  -4.88 2.22 1.38 1.54  0.24 517.3 524678.  5.64 503.0 120251.
11:17:07 0.66 340.25 141.66 -7.23 1666   7.12   460.6 162433.  4.34  1.70   7.88  -5.15  -3.38 1.31 1.59 1.41  0.20 486.8 380031.  6.19 455.1 144430.
11:18:28 0.66 340.25 141.65 -7.23 1666   7.26   468.1 228253.  1.65  3.45   6.25  -2.94  -6.71 2.05 1.59 2.16  0.28 510.2 706202.  6.41 469.1 224693.
11:19:49 0.66 340.25 141.64 -7.23 1666   6.59   493.8 111900.  5.20  4.72   3.74  -5.77  -7.73 0.76 0.81 0.71  0.21 517.3 407721.  5.55 491.7 130263.
11:21:10 0.66 340.25 141.62 -7.23 1666  -1.00    -1.0     -1. -1.00 -1.00   4.25  -7.12  -5.62 1.21 1.63 1.90 -1.00  -1.0     -1. -1.00  -1.0     -1.
11:22:31 0.66 340.25 141.61 -7.23 1666   7.79   512.2 144167.  7.82  1.92   1.13  -9.31  -3.98 1.28 1.00 1.58  0.19 515.1 399950.  6.53 508.5 148643.
11:23:52 0.66 340.25 141.60 -7.23 1666  -1.00    -1.0     -1. -1.00 -1.00   2.23  -7.59  -6.29 1.70 1.28 1.43 -1.00  -1.0     -1. -1.00  -1.0     -1.
11:25:13 0.66 340.25 141.59 -7.23 1666   7.74   508.0 121083.  5.71  3.95   1.43  -6.97  -7.17 0.94 0.64 0.78  0.20 517.5 481383.  6.33 505.1 127021.
11:26:34 0.66 340.26 141.58 -7.23 1666  -1.00    -1.0     -1. -1.00 -1.00   2.51  -7.06  -6.88 1.12 0.85 0.87 -1.00  -1.0     -1. -1.00  -1.0     -1.
11:27:55 0.66 340.26 141.57 -7.23 1666   7.82   498.0 142406.  6.78  3.39   3.37  -7.24  -6.53 1.22 0.67 0.80  0.22 510.9 476575.  6.52 491.5 133989.
11:29:16 0.66 340.26 141.55 -7.23 1666   7.07   463.2 157472.  6.03  1.83   8.02  -6.03  -2.17 1.87 1.17 2.59  0.22 493.9 439620.  5.75 460.7 156878.
11:30:37 0.66 340.26 141.54 -7.23 1666   6.72   458.5 134457.  6.54 -0.67   7.85  -6.98  -2.44 0.95 0.60 1.69  0.22 499.3 517012.  5.31 454.3 134434.
11:31:58 0.66 340.26 141.53 -7.23 1666   7.17   479.3 130763.  7.58  1.81   6.37  -7.60  -3.90 1.05 0.93 1.51  0.25 512.7 614712.  5.93 473.6 136526.
11:33:19 0.66 340.26 141.52 -7.23 1666   6.16   477.4 130643.  7.38  1.90   5.58  -8.65  -3.41 0.69 0.64 0.72  0.21 500.6 585736.  5.39 473.1 125598.
11:34:40 0.66 340.26 141.51 -7.23 1666   6.20   477.4 105279.  7.88  1.87   5.80  -8.48  -3.43 0.84 0.97 0.92  0.19 520.1 563426.  5.42 473.4 129526.
11:36:01 0.66 340.26 141.50 -7.23 1666   6.59   472.5 135480.  5.82  3.42   4.96  -8.21  -1.13 2.24 1.38 3.46  0.18 520.0 320259.  5.41 469.1 142932.
11:37:22 0.66 340.26 141.48 -7.23 1666   8.42   502.1 134866.  8.44 -2.04   2.39  -9.85   0.36 1.19 0.86 1.33  0.22 504.7 429355.  6.86 496.9 132475.
11:38:43 0.66 340.26 141.47 -7.23 1666   8.25   482.1 126138.  7.10  2.70   4.11  -8.71  -3.34 1.00 0.65 1.03  0.23 511.3 431707.  6.54 476.5 129194.
11:40:04 0.66 340.26 141.46 -7.23 1666   6.69   512.9  92977.  7.37  2.78   0.66  -8.99  -4.84 1.12 0.76 0.88  0.28 513.9 555889.  5.50 507.7 100192.
11:41:25 0.66 340.26 141.45 -7.23 1666   7.61   506.8 138173.  6.06  3.47   1.92  -8.64  -5.17 0.97 1.00 1.01  0.26 515.0 380641.  6.25 503.6 141555.
11:42:46 0.66 340.26 141.44 -7.23 1666   6.91   505.9  93338.  7.83  2.03   3.32  -7.62  -5.31 2.32 1.78 1.18  0.27 514.6 601991.  5.36 498.8  96080.
11:44:07 0.66 340.26 141.43 -7.23 1666   5.82   483.6 118988.  3.97  5.49   6.06  -3.51  -6.84 1.19 2.12 1.14  0.26 499.5 595118.  4.73 481.7 103675.
11:45:28 0.66 340.26 141.41 -7.23 1666   7.28   516.1 105546.  8.32  0.63   3.23  -7.64  -3.32 2.56 3.17 2.35  0.21 504.0 499470.  6.08 512.2 125079.
11:46:49 0.66 340.26 141.40 -7.23 1666   7.62   492.7 135870.  8.77  0.83   4.71  -8.89  -1.54 1.24 1.16 0.75  0.24 514.0 415556.  6.45 489.8 141626.
11:48:10 0.66 340.26 141.39 -7.23 1666   7.79   487.1 148549.  8.48 -0.50   3.64  -9.63  -1.12 1.24 0.67 0.94  0.26 510.1 550679.  6.42 482.6 155510.
11:49:31 0.66 340.26 141.38 -7.23 1666   7.23   505.7 133918.  8.97  1.49   2.16  -9.62  -2.90 0.69 0.67 1.20  0.19 517.9 516531.  6.04 500.9 141058.
11:50:52 0.66 340.26 141.37 -7.23 1666   7.73   542.4 147694.  5.24  3.07   1.59  -7.62  -3.49 4.49 1.79 2.47  0.23 526.7 454875.  6.41 539.5 129204.
11:52:13 0.66 340.26 141.35 -7.23 1666   3.98   502.7  56432.  7.95 -1.77   5.22  -5.12   0.86 6.17 2.30 1.76  0.26 500.9 459150.  3.15 492.7  58976.
11:53:34 0.66 340.26 141.34 -7.23 1666   7.69   462.8 203227.  5.53 -2.35   9.28  -2.85   0.96 0.49 1.40 1.67  0.25 489.4 431642.  6.32 459.7 190821.
11:54:55 0.66 340.27 141.33 -7.23 1666   7.78   466.0 166669. -3.00 -5.47   8.97   1.29   1.39 0.89 2.29 2.81  0.30 498.2 505317.  6.43 469.2 199303.
11:56:16 0.66 340.27 141.32 -7.23 1666   7.35   478.4 147938.  4.06  3.66   5.14  -6.96  -3.50 1.90 2.69 2.13  0.23 503.1 373365.  6.21 475.2 146119.
11:57:37 0.66 340.27 141.31 -7.23 1666   8.27   498.7 154117.  4.01  5.12   2.80  -3.60  -8.14 2.15 1.82 1.70  0.31 517.1 362606.  6.96 497.5 157212.
11:58:58 0.66 340.27 141.29 -7.23 1666   7.32   480.4 135626.  6.36  2.22   6.89  -6.04  -4.21 1.59 1.36 1.89 -1.00  -1.0     -1.  5.99 474.2 132056.
12:00:19 0.66 340.27 141.28 -7.23 1666   7.33   477.7 170268.  3.99  4.74   6.24  -5.31  -5.34 1.74 1.42 2.67  0.30 497.6 550627.  6.61 477.8 180868.
12:01:40 0.66 340.27 141.27 -7.23 1666   7.23   485.1 143098.  3.99  4.04   6.21  -5.12  -5.78 1.27 0.86 1.69  0.31 509.5 559540.  6.32 480.8 143903.
12:03:01 0.66 340.27 141.26 -7.23 1666   9.19   479.5 222977.  4.33 -1.44   6.47  -4.26   2.63 1.27 2.02 5.31  0.42 497.6 674198.  8.01 476.4 218592.
12:04:22 0.66 340.27 141.25 -7.23 1666   8.11   490.7 152453.  3.89 -7.49   4.69  -3.40   7.86 0.78 0.70 0.77  0.26 513.3 562178.  6.85 487.3 155374.
12:05:43 0.66 340.27 141.23 -7.23 1666   7.78   485.4 168842.  2.51 -8.00   5.69  -2.87   6.96 1.18 1.65 1.87  0.29 502.5 606071.  6.68 482.1 174949.
12:07:04 0.66 340.27 141.22 -7.23 1666   7.82   493.1 160104.  0.86 -8.74   3.23   2.06   7.81 1.80 3.56 1.77  0.33 514.4 567467.  6.06 491.1 165496.
12:08:25 0.66 340.27 141.21 -7.23 1666   8.05   502.5 155734. -1.35 -7.85   2.43   3.50   8.76 1.37 2.03 1.15  0.28 508.7 432838.  6.52 501.4 159262.
12:09:46 0.66 340.27 141.20 -7.23 1666   8.07   502.7 139430.  0.28 -9.16   1.58   2.37   9.57 1.15 1.32 0.77  0.26 513.3 575848.  6.69 506.0 144001.
12:11:07 0.66 340.27 141.19 -7.23 1666   8.03   522.9 131543.  3.77 -7.64  -0.30  -1.43  10.02 0.58 0.87 0.66  0.30 515.7 426302.  6.57 521.8 117389.
12:12:28 0.66 340.27 141.17 -7.23 1666   7.89   518.0 132030.  2.48 -9.26  -0.21  -1.84   9.99 0.90 0.84 0.92  0.26 519.6 481837.  6.68 515.7 142539.
12:13:49 0.66 340.27 141.16 -7.23 1666   8.43   522.0 148737.  2.90 -9.01  -1.15  -1.74   9.99 0.85 0.97 0.61  0.24 527.1 499340.  7.05 521.9 130019.
12:15:10 0.66 340.27 141.15 -7.23 1666   8.14   518.9 139944.  3.64 -8.30  -0.87  -3.44   9.39 0.85 1.07 0.67  0.35 511.3 527459.  6.55 515.2 144953.
12:16:31 0.66 340.27 141.14 -7.23 1666   8.38   519.8 149354.  5.07 -6.35  -0.47  -5.51   8.52 0.73 0.66 0.53  0.39 511.9 360332.  7.07 515.6 145258.
12:17:52 0.66 340.27 141.12 -7.23 1666   7.79   517.6 145534.  5.30 -6.14   0.41  -7.42   6.90 1.11 0.80 0.91  0.34 514.2 510320.  6.58 513.4 148451.
12:19:13 0.66 340.27 141.11 -7.23 1666   8.63   496.7 173302.  7.39 -4.65   3.73  -7.35   5.12 1.12 1.42 1.86  0.34 515.7 457084.  6.99 493.2 163765.
12:20:34 0.66 340.27 141.10 -7.23 1666   8.51   471.8 181969.  3.85 -5.61   6.29  -7.07   3.11 1.02 1.36 1.42  0.35 508.5 622833.  7.22 468.7 183353.
12:21:55 0.66 340.27 141.09 -7.23 1666   9.08   473.3 173744.  5.98 -1.69   6.57  -7.90  -0.09 0.70 0.81 1.08  0.31 517.8 420935.  7.83 473.4 197276.
12:23:16 0.66 340.28 141.08 -7.23 1666   8.89   476.9 182011.  6.47 -1.38   6.94  -7.56   0.08 0.41 0.65 0.50  0.34 512.3 560489.  7.06 471.2 173052.
12:24:37 0.66 340.28 141.07 -7.23 1666   7.41   476.6 164219.  6.64 -1.12   6.86  -7.77   0.28 1.07 0.98 0.60  0.26 530.0 580162.  6.73 474.8 197110.
12:25:58 0.66 340.28 141.05 -7.23 1666   8.92   463.1 195499.  4.21 -0.31   8.22  -5.62  -0.49 1.39 1.42 1.86  0.38 509.8 635749.  7.47 459.3 185848.
12:27:19 0.66 340.28 141.04 -7.23 1666   8.25   475.8 166574.  6.11 -3.54   6.57  -6.88   3.75 0.76 0.68 0.48  0.36 506.3 631279.  7.15 473.7 190896.
12:28:40 0.66 340.28 141.03 -7.23 1666   8.55   467.7 169599.  5.09 -3.42   8.13  -5.68   3.73 0.33 0.58 0.67  0.26 517.2 628213.  7.13 465.0 171392.
12:30:01 0.66 340.28 141.02 -7.23 1666   9.07   464.2 154230.  4.38 -3.55   8.60  -4.79   2.30 1.19 0.93 2.64  0.34 527.6 528368.  7.41 460.6 149471.
12:31:22 0.66 340.28 141.01 -7.23 1666   8.75   460.9 204578.  3.39  1.08   9.55  -3.30  -2.66 0.49 0.61 1.01  0.31 500.9 407513.  7.65 458.0 189112.
12:32:43 0.66 340.28 141.00 -7.23 1666   8.57   457.9 167260.  3.59 -0.77  10.03  -2.76  -1.61 0.41 1.37 0.46  0.32 510.4 444285.  7.24 454.9 156835.
12:34:04 0.66 340.28 140.98 -7.23 1666   9.07   458.6 171389.  4.72 -0.76   9.57  -4.69  -0.83 0.31 0.66 0.86  0.33 512.7 592948.  7.56 455.7 170531.
12:35:25 0.66 340.28 140.97 -7.23 1666   8.31   458.6 147197.  4.64 -0.29   9.96  -3.67  -0.41 0.37 0.91 1.65  0.25 487.9 357954.  6.93 453.8 137088.
12:36:46 0.66 340.28 140.96 -7.23 1666   9.11   459.5 186377.  4.01 -0.97  10.32  -3.33  -0.35 0.34 0.67 1.09  0.37 510.8 643156.  7.47 455.9 171301.
12:38:07 0.66 340.28 140.95 -7.23 1666   8.57   455.9 143770.  3.09 -1.13  10.75  -2.45   0.25 0.22 0.41 0.39  0.24 489.6 371312.  7.34 453.4 139099.
12:39:28 0.66 340.28 140.94 -7.23 1666   9.30   455.3 180114.  2.64 -0.73  10.71  -1.68  -0.51 0.26 0.66 0.73  0.32 493.2 517103.  7.56 452.0 164089.
12:40:49 0.66 340.28 140.93 -7.23 1666   8.68   458.2 149705.  3.88  0.62  10.59  -2.15  -2.00 0.43 1.08 0.62  0.28 487.4 371962.  7.16 454.3 146155.
12:42:10 0.66 340.28 140.91 -7.23 1666   9.12   449.2 121245.  0.81 -0.31  10.89  -0.14  -1.39 0.24 0.56 0.55  0.36 509.4 717649.  7.60 452.5 164739.
12:43:31 0.66 340.28 140.90 -7.23 1666   8.23   453.0 157222.  2.11 -0.10  10.59  -1.91  -1.87 0.40 1.20 0.72  0.34 489.7 358448.  7.11 450.1 144706.
12:44:52 0.66 340.28 140.89 -7.23 1666   9.42   452.6 178834.  1.67 -0.57   9.92  -2.57  -1.94 1.34 2.60 1.24  0.35 504.9 642428.  7.62 451.0 174358.
12:46:13 0.66 340.28 140.88 -7.23 1666   8.49   454.1 140902.  2.42  0.15  10.38  -0.54  -1.56 0.45 1.73 0.75  0.31 512.8 466972.  7.55 450.8 135071.
12:47:34 0.66 340.28 140.87 -7.23 1666   8.90   455.6 171291.  1.08  1.52  10.42  -0.43  -2.68 0.38 0.57 0.88  0.27 495.1 414958.  7.40 453.3 162527.
12:48:55 0.66 340.28 140.85 -7.23 1666   8.01   457.2 173955.  1.75  0.95   9.89  -0.62  -3.78 0.45 1.03 0.86  0.26 506.3 452809.  7.00 457.2 205647.
12:50:16 0.66 340.28 140.84 -7.23 1666   8.58   453.3 129428.  1.18  1.97   9.42   0.17  -4.94 0.44 0.69 0.86  0.26 495.2 398677.  7.38 454.8 157875.
12:51:37 0.66 340.29 140.83 -7.23 1666   8.20   458.2 150725.  1.22  2.51   9.45  -0.88  -4.70 0.38 0.48 0.59  0.29 492.7 431707.  6.88 455.7 139151.
12:52:58 0.66 340.29 140.82 -7.23 1666   8.45   452.6 127609.  2.24  1.71   9.32  -1.23  -4.75 0.45 0.55 0.67  0.32 492.9 393531.  7.23 453.7 153025.
12:54:19 0.66 340.29 140.81 -7.23 1666   8.50   461.5 162569. -0.20  2.26   8.10  -2.54  -3.63 1.12 3.63 2.21  0.27 512.6 427640.  6.68 459.7 157833.
12:55:40 0.66 340.29 140.79 -7.23 1666   8.42   474.0 198760.  6.07 -0.06   7.79  -5.42  -2.83 0.73 1.53 1.48  0.31 503.3 433500.  7.16 470.5 182654.
12:57:01 0.66 340.29 140.78 -7.23 1666   8.56   464.1 226580.  3.81 -0.78   8.62  -4.85  -1.28 0.68 1.15 1.19  0.28 487.2 352938.  7.39 460.0 219878.
12:58:22 0.66 340.29 140.77 -7.23 1666   8.78   460.5 204214.  3.63  0.53   9.36  -2.79  -2.42 0.47 0.83 0.76  0.34 491.3 441907.  7.39 458.0 194446.
12:59:43 0.66 340.29 140.76 -7.23 1666   8.25   459.2 179757.  2.59  0.65   8.59  -2.67  -3.29 1.94 1.94 1.58  0.31 484.8 436866.  7.07 455.8 163638.
13:01:04 0.66 340.29 140.75 -7.23 1666   6.94   506.3 104116.  7.07 -1.06   4.25  -8.25  -1.18 2.51 1.16 1.04  0.39 515.1 549392.  5.50 499.8 108190.
13:02:25 0.66 340.29 140.73 -7.23 1666   8.83   471.4 156358.  4.50  2.18   7.64  -4.84  -4.65 0.41 0.82 0.79  0.32 513.1 421949.  7.50 469.5 195106.
13:03:46 0.66 340.29 140.72 -7.23 1666   8.45   462.2 194706.  3.91  0.75   8.67  -3.48  -3.54 0.72 1.19 0.95  0.33 496.4 438711.  7.18 457.9 194047.
13:05:07 0.66 340.29 140.71 -7.23 1666   8.45   454.3 191958.  2.17 -2.88   9.74  -2.91  -0.49 0.42 0.71 1.11 -1.00  -1.0     -1.  6.83 452.4 165317.
13:06:28 0.66 340.29 140.70 -7.23 1666   8.26   458.1 189418.  4.05 -2.24   9.66  -2.70  -1.48 0.46 1.03 1.71  0.32 508.9 667220.  7.10 454.5 186471.
13:07:49 0.66 340.29 140.69 -7.23 1666   8.61   456.1 184935.  2.56 -0.44   9.93  -1.53  -1.69 0.40 1.19 0.89  0.33 513.4 459007.  7.45 457.0 217156.
13:09:10 0.66 340.29 140.67 -7.23 1666   9.26   454.3 196165.  2.22 -1.64   9.84  -1.96   0.73 0.51 1.40 0.95  0.37 513.2 742208.  7.93 451.9 193764.
13:10:31 0.66 340.29 140.66 -7.23 1666   9.22   457.3 158106.  3.81 -0.28   9.39  -3.68  -1.39 0.64 1.26 1.41  0.36 500.2 545104.  7.50 452.6 145710.
13:11:11 0.66 340.29 140.66 -7.23 1666   8.96   470.0 180575.  0.00 -2.46   0.00   0.00   0.00 0.00 0.00 0.00  0.40 507.2 606188.  7.31 469.4 182232.
13:11:52 0.66 340.21 140.57 -7.25 1666  -1.00    -1.0     -1. -1.00 -1.00   8.47  -3.66  -3.75 1.12 0.79 1.72 -1.00  -1.0     -1. -1.00  -1.0     -1.
13:13:13 0.66 340.29 140.64 -7.23 1666   8.61   461.0 166422.  2.74  1.27   0.00   0.00   0.00 0.00 0.00 0.00  0.34 499.8 505408.  7.00 457.5 157186.
13:14:34 0.66 340.29 140.63 -7.23 1666   7.88   484.1 141389.  1.53 -7.98   0.00   0.00   0.00 0.00 0.00 0.00  0.32 514.6 533709.  6.48 482.7 143637.
13:15:55 0.66 340.29 140.61 -7.23 1666   8.82   470.0 159892.  0.84 -6.15   0.00   0.00   0.00 0.00 0.00 0.00  0.31 507.7 385618.  7.04 469.9 189807.
13:17:16 0.66 340.29 140.60 -7.23 1666   8.06   479.0 145895.  2.41 -6.92   0.00   0.00   0.00 0.00 0.00 0.00  0.34 512.2 628317.  6.78 475.9 145797.
13:18:37 0.66 340.29 140.59 -7.23 1666   8.93   483.8 183138.  1.01 -7.71   0.00   0.00   0.00 0.00 0.00 0.00  0.35 516.5 355888.  7.38 481.1 182346.
13:19:58 0.66 340.30 140.58 -7.23 1666   8.66   484.1 146658.  1.44 -8.10   0.00   0.00   0.00 0.00 0.00 0.00  0.34 495.0 428796.  6.97 481.0 145394.
13:32:47 0.66 340.30 140.47 -7.23 1666   8.89   472.1 213680.  6.42 -1.65   5.88  -6.18   1.08 0.30 0.80 0.20  0.36 511.2 460294.  7.29 467.0 213122.
13:54:23 0.66 340.31 140.28 -7.23 1666   8.35   459.5 180666. -1.85 -3.81   9.05   3.62   5.00 0.00 0.00 0.00 -1.00  -1.0     -1.  7.03 460.8 177021.
14:15:59 0.66 340.32 140.08 -7.23 1666   9.18   451.7 201875.  0.45 -3.66   9.24   2.47   3.82 0.10 0.25 0.45  0.44 495.7 593805.  7.87 454.6 229676.
14:37:35 0.66 340.32 139.90 -7.23 1666   8.47   486.8 142094. -2.53 -6.14   5.13   6.72   5.34 0.00 0.00 0.00  0.25 494.7 421117.  6.89 486.8 136497.
14:59:11 0.66 340.33 139.71 -7.23 1666   8.68   477.8 144959. -3.96 -4.83   6.53   4.83   4.53 0.00 0.00 0.00  0.38 501.2 517739.  7.18 480.3 159464.
15:20:47 0.66 340.34 139.51 -7.23 1666  10.57   470.0 183388.  4.35 -4.56   7.23  -7.35   2.41 0.00 0.00 0.00  0.34 511.2 564647.  8.53 465.2 179581.
15:42:23 0.66 340.35 139.33 -7.23 1666   9.79   485.2 150011.  6.82 -4.85   3.50  -9.64   4.04 0.00 0.00 0.00  0.43 497.8 636477.  8.29 482.3 169989.
16:03:59 0.66 340.35 139.14 -7.23 1666   8.70   481.0 149185.  1.90  4.79   6.88  -3.44  -6.14 0.00 0.00 0.00  0.40 493.8 358461.  7.49 478.7 148773.
16:25:35 0.66 340.36 138.94 -7.23 1666   9.14   525.9 118760.  3.40  4.08  -0.66  -6.05  -9.94 0.65 0.05 0.21  0.32 515.0 358058.  7.58 521.4 122987.
16:47:11 0.66 340.37 138.76 -7.23 1666   9.47   485.0 137631.  3.82  2.92   3.63  -6.85  -7.90 0.15 0.35 0.20  0.31 510.2 580798.  7.60 481.8 134087.
17:08:47 0.66 340.38 138.56 -7.23 1666  10.26   475.6 139294.  4.18 -3.84   5.61  -8.89   1.89 0.00 0.00 0.00  0.24 487.2 400249.  8.28 472.5 135877.
17:30:23 0.66 340.39 138.37 -7.23 1666  10.36   471.3 160588.  4.26 -2.90   7.29  -5.99   3.90 0.00 0.00 0.00  0.37 497.0 425496.  8.60 469.8 147915.
17:51:59 0.66 340.39 138.19 -7.23 1666   9.70   479.2 130377.  0.00 -5.04   7.06   0.08   7.47 0.10 0.25 0.20  0.33 513.6 381577.  7.78 479.3 111351.
18:13:35 0.66 340.40 137.99 -7.23 1666  10.05   505.0 140817.  4.85  2.57   2.32  -8.61  -6.30 0.05 0.15 0.20  0.36 510.8 604707.  8.95 502.0 165574.
18:35:11 0.66 340.41 137.80 -7.23 1666  10.30   487.8 166760.  0.87 -5.24   6.96  -0.69   7.66 0.10 0.15 0.05  0.29 510.4 433019.  8.49 487.5 146564.
18:56:47 0.66 340.42 137.62 -7.23 1666  10.50   500.9 146116.  5.58  1.38   2.08  -9.44  -1.33 1.04 0.90 2.01  0.36 503.0 343674.  8.63 497.0 139138.
19:18:23 0.66 340.42 137.42 -7.23 1666  10.21   492.9 184623.  4.79  0.79   3.96  -6.43  -4.65 1.09 0.90 1.61 -1.00  -1.0     -1.  8.11 490.6 166776.
19:39:59 0.66 340.43 137.23 -7.22 1666  11.02   470.7 187956.  3.16 -1.48   8.05  -4.83   2.29 0.45 0.50 0.21  0.41 512.8 582111.  8.73 470.9 178711.
20:01:35 0.66 340.44 137.05 -7.22 1666  10.39   465.9 164918.  1.21 -2.96   7.86  -3.87   1.87 0.25 0.55 0.20 -1.00  -1.0     -1.  8.97 468.2 215123.
20:23:11 0.66 340.45 136.85 -7.22 1666   9.99   494.4 160181.  3.47 -5.07   7.21  -4.21   4.07 0.00 0.00 0.00  0.40 514.7 697470.  8.14 490.2 157609.
20:44:47 0.66 340.46 136.66 -7.22 1666  10.42   467.8 162400. -1.86 -2.80   7.15   2.54   5.97 0.16 0.35 0.40  0.37 506.9 481460.  8.48 470.9 191487.
21:06:23 0.66 340.46 136.48 -7.22 1666   9.53   497.1 151138.  3.52 -3.82   4.42  -7.72  -2.65 0.26 0.50 1.60  0.40 513.4 644897.  7.40 493.1 147165.
21:27:59 0.66 340.47 136.28 -7.22 1666   9.92   480.3 192627. -1.75 -3.97   8.52   2.66   4.79 0.00 0.00 0.00  0.34 508.9 437216.  8.17 479.6 189716.
21:49:35 0.66 340.48 136.09 -7.22 1666  11.71   493.5 175771. -5.01  1.37   5.05   8.56   1.06 0.00 0.00 0.00  0.39 507.1 549340.  9.19 494.0 178054.
22:11:11 0.66 340.49 135.90 -7.22 1666  10.02   497.5 180809.  1.65 -5.80   4.15  -2.70   7.86 0.55 0.25 0.20  0.31 515.1 405654.  8.17 496.7 168416.
23:36:24 0.66 340.44 135.08 -7.25 1666  -1.00    -1.0     -1. -1.00 -1.00  -1.38  -8.87  -5.43 1.99 1.93 1.76 -1.00  -1.0     -1. -1.00  -1.0     -1.
23:36:44 0.66 340.52 135.15 -7.22 1666   9.89   491.6 176550.  4.51 -1.27   1.13  -9.74  -3.22 1.62 2.17 2.20  0.25 513.9 361099. -1.00  -1.0     -1.
23:37:04 0.66 340.44 135.07 -7.25 1666  -1.00    -1.0     -1. -1.00 -1.00   2.15  -9.64   0.25 1.06 2.04 3.58 -1.00  -1.0     -1. -1.00  -1.0     -1.
23:37:34 0.66 340.52 135.14 -7.22 1666  10.02   500.1 147051.  4.47  0.00   2.34  -9.72  -0.39 0.77 1.31 3.69  0.35 514.2 423274.  8.35 497.8 150040.
23:37:54 0.66 340.52 135.14 -7.22 1666  10.02   500.1 147048.  4.47  0.00   2.44  -9.82  -2.10 0.79 1.47 2.65  0.34 514.2 423001. -1.00  -1.0     -1.
23:38:15 0.66 340.52 135.14 -7.22 1666   9.98   501.3 150036.  4.61  0.00   2.28 -10.31  -1.46 0.86 0.79 0.35  0.32 508.6 597353.  8.26 497.2 146947.
23:38:55 0.66 340.52 135.13 -7.22 1666   9.11   502.1 142867.  5.36  0.02   2.82 -10.29  -0.19 0.86 0.46 0.33  0.33 506.4 345896.  7.52 497.4 144306.
23:39:36 0.66 340.52 135.13 -7.22 1666  10.37   503.0 158093.  5.12 -0.75   1.05 -10.63  -0.68 1.30 0.76 0.69  0.30 511.9 474080.  8.34 498.3 153123.
23:40:16 0.66 340.52 135.12 -7.22 1666  10.63   513.4 163167.  5.59 -0.55   1.73 -10.72  -0.85 0.95 0.31 0.31  0.33 514.9 409670.  8.46 510.2 162205.
23:40:57 0.66 340.52 135.11 -7.22 1666   8.70   501.1 139953.  6.02  0.01   1.27 -10.83  -1.35 0.69 0.40 0.30  0.31 513.1 623938.  7.55 497.2 137796.
23:41:37 0.66 340.52 135.11 -7.22 1666   9.51   509.4 142542.  5.87  0.38   1.20 -10.72  -0.61 1.00 0.50 0.79  0.29 513.1 411632.  7.79 506.0 141051.
23:42:18 0.66 340.52 135.10 -7.22 1666   9.26   502.3 147971.  5.57 -0.85   1.79 -10.51   0.95 0.99 0.69 0.84  0.32 516.4 492258.  7.69 498.7 142620.
23:42:58 0.66 340.52 135.10 -7.22 1666   9.45   506.8 146769.  5.57 -1.34   1.48 -10.45   1.51 0.77 0.63 0.97  0.27 512.5 387554.  7.74 502.9 148490.
23:43:39 0.66 340.52 135.09 -7.22 1666   9.18   502.5 139771.  5.40 -2.54   0.74 -10.31   2.92 0.44 1.08 0.59  0.32 510.7 495364.  7.49 499.2 138310.
23:44:19 0.66 340.52 135.08 -7.22 1666   9.52   511.0 137800.  5.34 -3.52   1.31 -10.66   1.92 0.45 0.49 0.73  0.28 512.5 418012.  8.00 508.2 134109.
23:45:00 0.66 340.52 135.08 -7.22 1666   8.72   506.8 136780.  5.90 -2.45   1.30 -10.34   2.39 0.84 0.82 0.61  0.27 513.6 553122.  7.08 503.1 116561.
23:45:40 0.66 340.52 135.07 -7.22 1666   9.85   504.3 145726.  5.39 -2.31   2.30 -10.07   2.39 0.84 0.83 1.12  0.33 512.5 450691.  8.09 501.0 153191.
23:46:21 0.66 340.52 135.07 -7.22 1666   9.58   496.8 142971.  5.68 -1.82   3.39  -9.17  -3.25 0.54 1.45 2.43  0.34 497.9 440244.  7.75 493.2 143195.
23:47:01 0.66 340.52 135.06 -7.22 1666   9.92   497.0 147678.  5.30  2.43   2.39  -9.62  -1.08 0.59 1.82 3.01  0.32 515.3 314841.  8.23 492.4 150800.
23:47:42 0.66 340.52 135.05 -7.22 1666   9.37   500.8 148026.  5.55 -1.81   3.44  -9.67  -1.66 1.59 1.22 1.01  0.39 510.9 503992.  7.35 498.4 121109.
23:48:22 0.66 340.52 135.05 -7.22 1666   9.16   486.0 132859.  4.93 -0.10   2.94  -8.40  -4.99 0.60 1.43 2.46  0.34 511.0 388594.  7.52 483.5 162358.
23:49:03 0.66 340.52 135.04 -7.22 1666   9.17   496.0 140551.  5.72 -0.67   3.50  -9.74  -1.64 0.78 1.44 0.98  0.38 512.3 581019.  7.53 491.9 138238.
23:49:43 0.66 340.52 135.04 -7.22 1666  11.26   497.0 185864.  4.17  2.82   5.69  -8.24   0.18 2.29 2.04 1.53  0.38 527.8 518441.  9.50 494.0 169855.
23:50:24 0.66 340.52 135.03 -7.22 1666  10.29   482.1 159980.  4.42 -2.33   5.17  -7.91  -3.55 1.02 1.81 2.51  0.32 496.2 444896.  8.14 477.8 160510.
23:51:04 0.66 340.52 135.02 -7.22 1666   9.32   483.3 168020.  4.94  0.27   6.89  -6.97  -3.33 0.52 1.28 1.50  0.28 511.0 427315.  7.61 480.3 165129.
23:51:45 0.66 340.52 135.02 -7.22 1666   9.84   475.3 185409.  1.82  3.34   7.47  -2.85  -6.23 5.58 3.6112.83  0.32 500.9 395545.  8.06 475.5 167552.
23:52:25 0.66 340.53 135.01 -7.22 1666   8.97   475.0 141396.  0.14  4.39   7.48  -0.26  -7.46 0.36 0.59 0.80  0.34 499.5 535554.  7.58 477.4 169706.
23:53:06 0.66 340.53 135.01 -7.22 1666   9.98   472.6 168576. -1.58  4.23   7.12   0.32  -7.52 0.69 1.68 1.90  0.36 508.9 560047.  8.05 472.9 156244.
23:53:46 0.66 340.53 135.00 -7.22 1666  10.03   474.5 161588.  1.73  3.25   9.32  -1.80  -5.02 0.35 0.55 0.74  0.41 494.7 637426.  8.48 474.0 187092.
23:54:27 0.66 340.53 134.99 -7.22 1666  10.12   465.1 181875. -0.04  2.61   8.98  -0.64  -5.87 0.48 1.34 0.62  0.36 492.7 514985.  8.29 464.3 174182.
23:56:07 0.66 340.45 134.90 -7.25 1666  -1.00    -1.0     -1. -1.00 -1.00   9.11   1.13  -5.05 0.58 0.93 1.09 -1.00  -1.0     -1. -1.00  -1.0     -1.
23:56:28 0.66 340.53 134.98 -7.22 1666  -1.00    -1.0     -1. -1.00 -1.00   9.39   1.34  -4.74 0.35 0.50 0.86 -1.00  -1.0     -1.  8.41 462.1 149861.
23:56:48 0.66 340.53 134.98 -7.22 1666  10.02   463.5 156134. -2.47  2.99   8.98   1.03  -5.50 0.64 0.60 1.09  0.37 502.4 601666.  8.41 462.1 149718.
23:57:08 0.66 340.53 134.97 -7.22 1666   9.58   465.0 170619. -2.00  2.93   8.82   1.36  -5.43 0.54 0.90 1.09  0.38 497.0 411385.  8.27 465.8 174780.
23:57:49 0.66 340.53 134.96 -7.22 1666   9.74   465.4 156339. -2.87  1.62   9.93   2.37  -2.22 0.22 0.39 0.56  0.28 506.6 416154.  8.06 468.3 177519.
23:58:30 0.66 340.53 134.96 -7.22 1666  10.06   459.2 187637. -3.64  0.16  10.16   2.56  -1.72 0.28 1.35 1.51  0.23 518.4 445740.  8.23 461.1 178464.
23:59:10 0.66 340.53 134.95 -7.22 1666   9.85   461.0 144404. -3.71 -1.55  10.42   2.84   0.01 0.32 0.73 0.64  0.26 507.8 418207.  8.19 460.5 141438.
23:59:51 0.66 340.53 134.95 -7.22 1666  10.28   456.6 184899. -2.89 -0.47   9.47   4.06  -2.19 1.14 1.91 1.94  0.34 491.6 484449.  8.66 457.8 175719.
