267  0 05 57 0.73 158.49 105.67 -7.18 1672   16.67   357.1   83580.   0.86   2.61   0.24  -5.20   -4.60  0.00  0.00  0.00   0.38  363.9    183070.  14.43  355.6  82085.
267  0 27 33 0.73 158.49 105.48 -7.18 1672   16.14   359.4   77079.   2.04   2.31   0.92  -6.70   -2.09  0.00  0.00  0.00   0.53  354.0    205523.  14.80  359.2  87634.
267  0 49 09 0.73 158.49 105.28 -7.18 1672   16.49   360.6   74244.   2.11   1.76   0.42  -8.70   -2.49  0.00  0.00  0.00   0.45  361.7    222312.  14.29  359.5  75091.
267  1 10 45 0.73 158.50 105.09 -7.18 1672   16.04   361.8   54620.   1.28   4.04   0.86  -6.80   -6.99  0.00  0.00  0.00   0.47  361.4    242907.  14.20  360.6  54811.
267  1 32 21 0.73 158.50 104.90 -7.19 1672   17.93   359.0   77317.  -4.63   3.16   0.82  -1.00   -2.39  0.00  0.00  0.00   0.53  360.4    214346.  15.83  360.0  79896.
267  1 53 57 0.73 158.51 104.70 -7.19 1672   18.12   356.5  107131.  -5.10   1.62   3.41   4.90   -1.37  0.00  0.00  0.00   0.56  365.7    234240.  16.26  357.4 103723.
267  2 15 34 0.73 158.51 104.51 -7.19 1672   18.23   361.1  102658.  -2.61   1.82   3.81  -4.00   -1.17  0.00  0.00  0.00   0.48  360.1    257590.  16.28  362.2 122571.
267  2 37 10 0.73 158.51 104.31 -7.19 1672   18.65   367.3   71278.   0.00   0.26   1.36   4.30    4.71  0.00  0.00  0.00   0.70  368.0    267959.  16.22  367.3  73009.
267  2 58 46 0.73 158.52 104.12 -7.19 1672   18.28   376.5   62617.  -4.35  -0.54  -1.06   2.80    6.79  0.00  0.00  0.00   0.73  371.5    275716.  16.13  378.5  76966.
267  3 20 22 0.73 158.52 103.92 -7.19 1672   20.18   358.8   99224.  -2.78   4.13   6.43   1.80   -3.25  0.00  0.00  0.00   0.54  353.3    188281.  17.46  358.7  97236.
267  3 41 58 0.73 158.52 103.73 -7.19 1672   18.26   349.9   92445.  -3.12   2.52   8.02   1.50   -2.63  0.00  0.00  0.00   0.68  349.9    231004.  16.09  351.0  83450.
267  4 03 34 0.73 158.53 103.54 -7.19 1672   19.66   348.1   88017.  -3.04   1.58   8.51   0.50   -0.63  0.00  0.00  0.00   0.59  348.0    205757.  17.70  350.2  99361.
267  4 21 08 0.73 158.46 103.31 -7.23 1672   -1.00    -1.0      -1.  -1.00  -1.00   7.22  -3.40   -2.84  0.00  0.00  0.00  -1.00   -1.0        -1.  -1.00   -1.0     -1.
267  4 25 10 0.73 158.53 103.34 -7.19 1672   18.82   350.1  109444.  -1.79   2.34   7.21  -3.40   -1.64  0.00  0.00  0.00   0.73  344.3    278315.  16.34  350.8 100904.
267  4 46 46 0.73 158.54 103.15 -7.19 1672   16.99   344.0   84918.  -4.74   2.11   7.60   3.50   -0.24  0.00  0.00  0.00   0.53  344.9    171856.  15.08  344.5  81085.
267  5 04 20 0.73 158.47 102.92 -7.23 1672   -1.00    -1.0      -1.  -1.00  -1.00   6.59   4.10    1.35  0.00  0.00  0.00  -1.00   -1.0        -1.  -1.00   -1.0     -1.
267  5 08 22 0.73 158.54 102.95 -7.19 1672   18.26   348.6   85659.  -4.87   0.17   6.71   2.85   -0.04  0.11  0.25  0.60   0.52  346.6    192283.  15.91  351.6  80633.
267  5 29 58 0.73 158.54 102.76 -7.19 1672   19.95   348.7   76027.  -4.51   0.46   6.38   3.70    2.15  0.00  0.00  0.00   0.42  345.2    127950.  16.88  349.5  73740.
267  5 47 32 0.73 158.48 102.53 -7.23 1672   -1.00    -1.0      -1.  -1.00  -1.00   2.60  -3.60    0.48  1.50  0.90  0.77  -1.00   -1.0        -1.  -1.00   -1.0     -1.
267  5 51 34 0.73 158.55 102.56 -7.19 1672   19.69   357.9   68377.  -0.51   1.48  -1.68  -6.80   -2.21  0.00  0.00  0.00   0.39  356.7    191542.  17.37  358.1  67035.
267  6 13 10 0.73 158.55 102.37 -7.19 1672   16.56   341.5   51105.   2.81   1.38   1.01  -8.50   -1.39  0.00  0.00  0.00   0.45  339.8    215282.  14.72  340.3  58690.
267  6 30 44 0.73 158.48 102.14 -7.23 1672   -1.00    -1.0      -1.  -1.00  -1.00   2.90  -6.80    0.38  0.81  0.30  0.25  -1.00   -1.0        -1.  -1.00   -1.0     -1.
267  6 34 46 0.73 158.56 102.18 -7.19 1672   18.80   343.1   62318.   1.14   0.52   4.20  -6.30    0.14  0.00  0.00  0.00   0.44  339.6    197077.  16.36  342.6  55932.
267  6 56 22 0.73 158.56 101.98 -7.19 1672   19.54   347.1   53447.   1.79  -0.39   1.29  -8.00    1.41  0.00  0.00  0.00   0.45  346.7    139450.  16.96  346.8  55097.
267  7 03 25 0.73 158.49 101.85 -7.23 1672   -1.00    -1.0      -1.  -1.00  -1.00   3.54  -7.30    1.19  0.75  0.10  0.25  -1.00   -1.0        -1.  -1.00   -1.0     -1.
267  7 17 58 0.73 158.56 101.79 -7.19 1672   23.71   343.6   51082.  -0.44  -1.75   4.16  -5.30    4.14  0.00  0.00  0.00   0.63  334.8    135006.  21.10  342.8  49971.
267  7 39 34 0.73 158.57 101.60 -7.19 1672   22.25   354.7   54483.  -1.06  -1.66  -5.84  -1.20    4.95  0.00  0.00  0.00   0.49  355.2    136552.  18.72  356.0  48110.
267  7 46 37 0.73 158.50 101.46 -7.23 1672   -1.00    -1.0      -1.  -1.00  -1.00  -4.15   1.05    5.07  0.20  0.05  0.21  -1.00   -1.0        -1.  -1.00   -1.0     -1.
267  8 01 10 0.73 158.57 101.40 -7.19 1672   18.42   349.6   46427.  -2.18  -2.15  -2.76   3.60    6.77  0.00  0.00  0.00   0.46  349.1    195700.  15.85  349.1  46716.
267  8 22 46 0.73 158.58 101.21 -7.19 1672   18.78   334.3   70820.  -0.36  -2.38   2.69  -7.80    1.03  0.00  0.00  0.00   0.33  325.1    135889.  16.77  334.1  68929.
267  8 29 49 0.73 158.51 101.07 -7.23 1672   -1.00    -1.0      -1.  -1.00  -1.00   2.14  -8.45    0.82  0.15  0.05  0.20  -1.00   -1.0        -1.  -1.00   -1.0     -1.
267  9 13 01 0.73 158.51 100.68 -7.23 1672   -1.00    -1.0      -1.  -1.00  -1.00   7.22  -2.53    3.01  0.05  0.20  0.15  -1.00   -1.0        -1.  -1.00   -1.0     -1.
267 13 28 28 0.73 158.63  98.46 -7.19 1672   -1.00    -1.0      -1.  -1.00  -1.00   7.30  -0.18    3.77  0.13  1.98  0.53  -1.00   -1.0        -1.  -1.00   -1.0     -1.
267 13 28 48 0.73 158.63  98.46 -7.19 1672   19.70   315.5   38267.  -0.61  -2.80   7.38   1.38    4.22  0.16  0.87  0.28   0.37  294.9    134525.  17.62  317.6  42753.
267 13 29 11 0.73 158.63  98.45 -7.19 1672   18.98   312.8   27748.  -0.98  -3.57   7.46   1.61    4.46  0.14  0.24  0.20   0.20  297.3    131667.  16.50  312.9  26183.
267 13 29 31 0.73 158.63  98.45 -7.19 1672   -1.00    -1.0      -1.  -1.00  -1.00   7.48   1.80    4.59  0.11  0.30  0.15  -1.00   -1.0        -1.  16.50  312.9  26228.
267 13 29 52 0.73 158.63  98.45 -7.19 1672   17.91   309.0   21297.  -1.15  -3.92   7.50   2.25    4.64  0.16  0.24  0.18   0.29  303.1     41307.  16.64  311.0  25988.
267 13 30 32 0.73 158.63  98.44 -7.19 1672   19.23   308.8   24110.  -1.20  -4.08   7.33   2.47    4.67  0.14  0.08  0.09   0.24  289.1    153041.  16.72  308.7  25280.
267 13 31 13 0.73 158.63  98.44 -7.19 1672   18.53   308.0   24344.  -1.39  -4.34   7.31   2.48    4.71  0.12  0.08  0.14   0.34  301.9     33511.  16.08  309.4  22382.
267 13 31 53 0.73 158.63  98.43 -7.19 1672   19.18   309.7   25893.  -1.31  -4.16   7.35   2.62    4.66  0.17  0.23  0.09   0.27  303.3     69998.  16.15  309.7  25689.
267 13 32 34 0.73 158.63  98.42 -7.19 1672   19.12   309.7   25169.  -1.57  -4.15   7.23   2.76    4.66  0.17  0.28  0.06   0.30  304.5     37370.  16.50  311.4  26108.
267 13 33 14 0.73 158.64  98.42 -7.19 1672   18.46   310.4   26595.  -1.41  -4.15   7.14   2.75    4.61  0.19  0.23  0.12   0.28  300.3     94049.  16.62  310.8  26023.
267 13 33 55 0.73 158.64  98.41 -7.19 1672   18.59   310.8   22658.  -1.57  -4.01   7.20   2.78    4.54  0.18  0.26  0.20   0.25  301.7     36266.  16.58  311.4  26296.
267 13 34 35 0.73 158.64  98.40 -7.19 1672   19.35   310.6   26754.  -1.57  -4.04   7.11   2.74    4.68  0.20  0.19  0.13   0.25  301.0    100351.  16.96  310.9  26488.
267 13 35 16 0.73 158.64  98.40 -7.19 1672   17.67   310.6   22736.  -1.49  -3.98   7.18   2.94    4.68  0.22  0.16  0.10   0.29  301.9     34668.  16.47  311.4  25663.
267 13 35 56 0.73 158.64  98.39 -7.19 1672   19.08   310.2   26059.  -1.50  -4.16   6.86   3.12    4.61  0.14  0.11  0.12   0.31  301.2     64631.  16.62  310.8  26020.
267 13 36 37 0.73 158.64  98.39 -7.19 1672   18.63   308.1   25140.  -1.50  -4.18   6.97   3.09    4.58  0.15  0.06  0.16   0.27  301.9     35291.  16.99  310.9  26683.
267 13 37 17 0.73 158.64  98.38 -7.19 1672   19.61   309.0   27839.  -1.53  -4.15   6.90   2.68    4.77  0.17  0.38  0.18   0.23  297.6    125157.  17.03  309.3  26416.
267 13 37 58 0.73 158.64  98.38 -7.19 1672   18.54   308.8   21502.  -1.60  -3.92   7.04   2.61    4.71  0.15  0.15  0.13   0.41  297.4     90775.  16.76  311.1  26693.
267 13 38 38 0.73 158.64  98.37 -7.19 1672   19.84   308.9   25286.  -1.73  -4.21   6.99   2.92    4.64  0.12  0.25  0.09   0.29  296.7     90788.  17.06  309.1  25575.
267 13 39 19 0.73 158.64  98.36 -7.19 1672   18.24   309.2   21508.  -1.42  -4.02   7.03   3.09    4.64  0.12  0.18  0.09   0.27  301.9     35161.  17.42  311.2  25650.
267 13 39 59 0.73 158.64  98.36 -7.19 1672   19.37   309.3   26800.  -1.41  -4.16   7.06   2.90    4.60  0.13  0.22  0.14   0.22  302.5     73285.  17.36  309.5  26036.
267 13 40 40 0.73 158.64  98.35 -7.19 1672   18.11   308.9   21177.  -1.58  -4.08   0.00   0.00    0.00  0.00  0.00  0.00   0.30  299.3    131653.  16.97  309.9  21882.
267 13 41 20 0.73 158.64  98.35 -7.19 1672   19.22   309.0   26400.  -1.60  -4.13   7.19   2.81    4.60  0.20  0.21  0.14   0.23  298.5     96518.  17.27  309.5  25790.
267 13 42 01 0.73 158.64  98.34 -7.19 1672   18.11   308.8   21378.  -1.32  -4.03   7.16   2.81    4.67  0.20  0.21  0.06   0.27  297.9     70388.  16.45  309.5  22171.
267 13 42 41 0.73 158.64  98.33 -7.19 1672   19.07   308.6   25530.  -1.30  -4.09   7.06   2.69    4.70  0.15  0.17  0.15   0.21  293.8    157732.  16.78  309.3  24058.
267 13 43 22 0.73 158.64  98.33 -7.19 1672   18.89   307.8   24383.  -1.39  -4.23   7.11   2.89    4.67  0.17  0.20  0.11   0.41  296.9     86461.  16.82  309.2  22444.
267 13 44 02 0.73 158.64  98.32 -7.19 1672   19.60   309.2   25296.  -1.27  -4.20   7.05   2.66    4.71  0.17  0.29  0.13   0.19  299.8     84512.  16.82  309.4  24425.
267 13 44 43 0.73 158.64  98.32 -7.19 1672   19.31   307.8   23808.  -1.05  -4.36   7.15   2.98    4.73  0.18  0.35  0.15   0.35  296.7     78470.  16.82  309.2  22444.
267 13 45 23 0.73 158.64  98.31 -7.19 1672   19.20   309.6   24188.  -1.35  -4.14   7.08   3.19    4.69  0.15  0.15  0.10   0.21  298.1    107251.  17.18  309.7  23025.
267 13 46 04 0.73 158.64  98.31 -7.19 1672   18.87   308.2   19647.  -1.21  -4.21   6.92   3.46    4.67  0.13  0.18  0.06   0.27  299.4     74559.  16.82  309.6  20715.
267 13 46 44 0.73 158.64  98.30 -7.19 1672   19.94   309.2   24084.  -1.51  -4.03   7.08   3.06    4.70  0.14  0.36  0.19   0.21  298.0    112903.  17.27  309.6  23321.
267 13 47 25 0.73 158.64  98.29 -7.19 1672   19.02   308.9   20033.  -1.37  -4.07   7.08   2.01    4.61  0.16  0.32  0.20   0.32  296.3     98909.  16.85  309.7  21034.
267 13 48 07 0.73 158.64  98.29 -7.19 1672   19.84   309.4   23587.  -1.36  -3.96   6.98   2.27    4.56  0.20  0.13  0.17   0.18  299.5     98013.  17.19  309.7  23067.
267 13 48 47 0.73 158.64  98.28 -7.19 1672   19.81   310.6   22486.  -1.46  -3.87   6.96   2.22    4.66  0.20  0.05  0.00   0.34  299.9     40866.  17.49  311.1  25988.
267 13 49 26 0.73 158.64  98.27 -7.19 1672   19.19   310.0   26550.  -1.07  -3.92   6.91   2.28    4.68  0.19  0.13  0.09   0.28  299.5    115541.  17.77  310.4  26033.
267 13 50 07 0.73 158.64  98.27 -7.19 1672   -1.00    -1.0      -1.  -1.00  -1.00   6.85   2.29    4.68  0.16  0.12  0.09  -1.00   -1.0        -1.  17.14  311.5  25354.
267 13 50 47 0.73 158.64  98.26 -7.19 1672   20.25   310.2   26608.  -1.21  -4.01   6.90   2.04    4.73  0.16  0.24  0.16   0.20  298.9    101638.  17.40  310.4  25305.
267 13 51 07 0.73 158.57  98.19 -7.24 1672   -1.00    -1.0      -1.  -1.00  -1.00   6.98   1.98    4.68  0.16  0.23  0.10  -1.00   -1.0        -1.  -1.00   -1.0     -1.
267 13 53 22 0.73 158.64  98.24 -7.19 1672   -1.00    -1.0      -1.  -1.00  -1.00   6.83   2.34    4.69  0.13  0.16  0.10  -1.00   -1.0        -1.  -1.00   -1.0     -1.
267 13 53 42 0.73 158.64  98.24 -7.19 1672   -1.00    -1.0      -1.  -1.00  -1.00   6.77   2.27    4.64  0.00  0.00  0.10  -1.00   -1.0        -1.  -1.00   -1.0     -1.
267 13 54 02 0.73 158.64  98.23 -7.19 1672   -1.00    -1.0      -1.  -1.00  -1.00   6.85   2.40    4.66  0.11  0.19  0.10  -1.00   -1.0        -1.  -1.00   -1.0     -1.
267 13 54 12 0.73 158.64  98.23 -7.19 1672   19.99   311.0   21095.  -1.66  -3.99   6.89   2.50    4.65  0.19  0.19  0.11   0.35  292.4    102261.  17.88  312.3  25718.
267 13 54 22 0.73 158.64  98.23 -7.19 1672   20.23   310.7   26144.  -1.68  -4.08   6.91   2.56    4.65  0.19  0.18  0.11   0.29  300.0     91814.  17.41  311.3  25247.
267 13 54 32 0.73 158.64  98.23 -7.19 1672   20.42   311.8   21326.  -1.39  -3.92   6.89   2.55    4.66  0.19  0.20  0.12   0.29  300.5     40697.  17.69  312.6  25699.
267 13 54 50 0.73 158.64  98.23 -7.19 1672   20.65   311.0   25179.  -1.26  -3.88   6.84   2.55    4.58  0.17  0.27  0.26   0.26  299.2    114930.  17.84  311.3  25260.
267 13 55 31 0.73 158.64  98.22 -7.19 1672   19.54   310.9   21713.  -1.54  -3.89   7.06   2.89    4.38  0.11  0.20  0.18   0.28  303.4     41606.  17.20  311.4  25673.
267 13 56 11 0.73 158.64  98.21 -7.19 1672   20.36   310.5   26537.  -1.58  -3.88   7.08   3.03    4.42  0.08  0.11  0.19   0.22  304.9     85292.  17.79  311.4  24847.
267 13 56 52 0.73 158.64  98.21 -7.19 1672   19.72   311.2   21164.  -1.62  -4.15   7.12   3.15    4.46  0.09  0.13  0.20   0.39  296.6     77560.  17.75  312.0  25078.
267 13 57 32 0.73 158.64  98.20 -7.19 1672   19.84   311.4   25572.  -1.55  -4.22   7.06   3.02    4.60  0.03  0.13  0.17   0.28  304.5    124052.  17.34  311.4  24896.
267 13 58 13 0.73 158.64  98.19 -7.19 1672   19.81   311.3   21765.  -1.53  -4.06   7.11   3.03    4.49  0.14  0.11  0.20   0.35  296.9     76975.  17.72  311.9  24698.
267 13 58 53 0.73 158.64  98.19 -7.19 1672   19.75   311.0   24776.  -1.65  -4.15   7.11   3.02    4.42  0.14  0.12  0.22   0.25  300.8     94972.  17.30  311.5  24523.
267 13 59 34 0.73 158.64  98.18 -7.19 1672   19.51   311.6   20384.  -1.54  -4.11   7.26   2.96    4.60  0.21  0.17  0.14   0.21  301.6     38007.  17.55  312.0  24627.
267 14 00 14 0.73 158.64  98.18 -7.19 1672   19.74   310.6   24627.  -1.64  -4.09   7.09   3.09    4.62  0.12  0.10  0.12   0.17  305.9     81913.  17.33  311.1  23558.
267 14 00 55 0.73 158.64  98.17 -7.19 1672   19.90   311.2   20248.  -1.57  -4.16   6.95   3.09    4.47  0.20  0.25  0.22   0.29  297.6     59083.  17.66  312.0  24347.
267 14 01 35 0.73 158.64  98.16 -7.19 1672   20.33   313.0   25689.  -1.58  -3.87   6.91   3.05    4.37  0.18  0.21  0.18   0.23  304.2     94036.  17.54  312.9  24078.
267 14 02 16 0.73 158.64  98.16 -7.19 1672   19.88   312.5   20914.  -1.47  -3.77   7.02   2.60    4.52  0.12  0.14  0.19   0.23  300.1     44205.  18.01  313.7  24971.
267 14 02 56 0.73 158.64  98.15 -7.19 1672   20.04   311.9   24370.  -1.69  -3.86   6.79   2.76    4.69  0.20  0.16  0.10   0.23  301.6    117841.  17.78  312.6  24324.
267 14 03 37 0.73 158.64  98.14 -7.19 1672   20.60   312.5   20891.  -1.48  -3.82   6.99   2.64    4.55  0.16  0.15  0.18   0.26  300.1     42776.  17.43  313.1  25335.
267 14 04 17 0.73 158.64  98.14 -7.19 1672   20.00   311.7   24818.  -1.37  -4.02   6.84   2.86    4.48  0.18  0.22  0.22   0.24  303.1     99026.  17.81  312.3  24620.
267 14 04 58 0.73 158.64  98.13 -7.19 1672   20.05   312.1   21443.  -1.37  -3.88   6.78   2.79    4.62  0.17  0.40  0.17   0.22  299.6     45907.  17.56  312.8  25582.
267 14 05 38 0.73 158.64  98.13 -7.19 1672   19.68   312.3   26287.  -1.52  -3.78   6.88   2.02    4.71  0.20  0.23  0.12   0.29  305.3     77209.  17.74  312.7  25296.
267 14 06 19 0.73 158.64  98.12 -7.19 1672   20.38   313.0   21849.  -1.71  -3.90   6.94   1.97    4.75  0.18  0.26  0.19   0.28  299.5     43568.  18.18  314.0  25260.
267 14 06 59 0.73 158.64  98.11 -7.19 1672   20.54   312.3   26644.  -1.56  -3.94   6.88   2.02    4.73  0.26  0.31  0.14   0.37  297.8    112189.  17.74  312.4  24214.
267 14 07 40 0.73 158.64  98.11 -7.19 1672   20.39   311.9   21560.  -1.55  -3.99   6.97   1.77    4.66  0.00  0.00  0.00   0.32  301.9     33771.  17.66  313.0  26215.
267 14 08 20 0.73 158.64  98.10 -7.19 1672   21.31   312.6   25874.  -1.63  -3.93   7.03   1.82    4.66  0.12  0.16  0.09   0.24  302.0    120089.  17.80  312.6  24562.
267 14 09 01 0.73 158.64  98.10 -7.19 1672   19.76   311.6   21937.  -1.45  -4.06   7.02   2.03    4.54  0.16  0.37  0.27   0.24  301.4     37136.  17.71  312.4  25621.
267 14 09 41 0.73 158.64  98.09 -7.19 1672   21.26   312.5   25751.  -1.61  -3.89   7.09   2.19    4.26  0.16  0.13  0.18   0.27  304.3    108031.  18.31  313.0  24558.
267 14 10 22 0.73 158.64  98.08 -7.19 1672   20.64   313.0   21498.  -1.46  -3.58   7.16   2.18    4.34  0.09  0.15  0.16   0.23  299.1     46908.  18.79  314.2  25299.
267 14 11 02 0.73 158.64  98.08 -7.19 1672   21.34   312.6   26114.  -1.53  -3.70   7.01   2.20    4.45  0.20  0.11  0.19   0.26  304.0     98987.  18.24  313.2  24149.
267 14 11 43 0.73 158.64  98.07 -7.19 1672   20.75   312.4   20998.  -1.48  -3.48   7.11   2.06    4.18  0.10  0.20  0.16   0.27  303.4     41255.  18.59  314.0  24497.
267 14 12 23 0.73 158.64  98.07 -7.19 1672   21.12   312.8   25189.  -1.38  -3.62   7.11   2.16    4.25  0.17  0.12  0.19   0.19  309.7     57472.  18.30  312.7  24886.
267 14 13 04 0.73 158.64  98.06 -7.19 1672   20.96   313.2   20572.  -1.48  -3.59   7.04   2.16    4.39  0.20  0.13  0.18   0.30  299.7     91581.  18.48  313.8  23853.
267 14 13 44 0.73 158.64  98.06 -7.19 1672   20.71   312.9   24623.  -1.38  -3.63   6.80   2.41    4.35  0.14  0.19  0.17   0.16  304.7    152119.  18.21  313.0  24152.
267 14 14 25 0.73 158.64  98.05 -7.19 1672   20.90   313.2   20014.  -1.55  -3.81   6.67   2.42    4.61  0.19  0.20  0.16   0.17  305.6     39072.  18.38  314.1  23951.
267 14 15 05 0.73 158.64  98.04 -7.19 1672   20.85   312.4   24776.  -1.65  -3.69   6.61   2.55    4.66  0.16  0.27  0.00   0.26  304.7    110032.  17.92  312.8  23782.
267 14 15 46 0.73 158.64  98.04 -7.19 1672   20.76   313.7   21674.  -1.59  -3.72   0.00   0.00    0.00  0.00  0.00  0.00   0.20  305.5     37318.  18.60  314.5  24636.
267 14 16 26 0.73 158.64  98.03 -7.19 1672   20.52   313.6   25552.  -1.64  -3.73   6.66   2.43    4.65  0.15  0.24  0.16   0.24  307.4    116776.  18.03  314.7  21810.
267 14 17 07 0.73 158.64  98.03 -7.19 1672   20.64   313.2   20592.  -1.68  -3.82   6.75   2.23    4.63  0.15  0.14  0.16   0.37  300.2     75364.  18.39  314.4  23821.
267 14 17 47 0.73 158.64  98.02 -7.19 1672   20.72   312.8   24279.  -1.58  -3.78   6.78   2.08    4.54  0.16  0.23  0.21   0.26  303.7    107719.  17.84  314.0  21255.
267 14 18 28 0.73 158.64  98.01 -7.19 1672   20.06   313.0   21144.  -1.47  -3.65   6.94   1.76    4.37  0.14  0.19  0.21   0.29  296.0    114826.  18.37  313.6  23736.
267 14 19 08 0.73 158.64  98.01 -7.19 1672   20.50   312.5   24195.  -1.31  -3.91   7.16   1.60    4.01  0.19  0.43  0.17   0.26  304.6    113280.  18.30  312.8  23451.
267 14 19 49 0.73 158.64  98.00 -7.19 1672   20.27   311.7   20173.  -1.18  -3.49   7.13   1.30    4.15  0.16  0.10  0.22   0.39  290.4    109265.  18.11  311.7  20384.
267 14 20 29 0.73 158.64  98.00 -7.19 1672   21.04   311.3   24682.  -1.21  -3.45   7.10   1.32    4.15  0.16  0.12  0.22   0.22  302.7    124585.  18.72  311.9  23814.
267 14 21 10 0.73 158.64  97.99 -7.19 1672   21.49   312.8   21073.  -1.19  -3.46   7.09   1.24    4.12  0.15  0.12  0.20   0.33  302.1     46518.  18.87  313.2  25179.
267 14 21 30 0.73 158.57  97.91 -7.24 1672   -1.00    -1.0      -1.  -1.00  -1.00   7.05   1.18    4.19  0.17  0.24  0.19  -1.00   -1.0        -1.  -1.00   -1.0     -1.
267 14 21 50 0.73 158.64  97.98 -7.19 1672   21.26   312.2   24763.  -1.00  -3.39   7.06   1.63    4.32  0.14  0.50  0.21   0.24  303.1    124429.  19.02  312.2  24107.
267 14 22 31 0.73 158.64  97.98 -7.19 1672   21.80   312.4   21014.  -1.12  -3.44   6.99   1.83    4.24  0.12  0.15  0.12   0.26  305.2     34174.  18.79  313.1  24877.
267 14 23 11 0.73 158.64  97.97 -7.19 1672   21.69   312.2   25325.  -1.28  -3.47   7.06   1.83    4.21  0.14  0.18  0.14   0.30  305.3    100754.  19.01  312.2  24087.
267 14 24 12 0.73 158.64  97.96 -7.19 1672   20.71   311.2   24497.  -1.28  -3.71   7.12   1.74    4.15  0.18  0.21  0.18   0.18  308.7     71206.  18.23  311.5  23964.
267 14 25 33 0.73 158.65  97.95 -7.19 1672   20.77   312.1   20264.  -1.44  -3.62   7.18   1.83    4.25  0.19  0.22  0.11   0.35  299.9     47674.  17.88  311.9  20014.
267 14 26 54 0.73 158.65  97.94 -7.19 1672   20.76   311.5   23922.  -1.49  -3.75   7.32   1.60    4.13  0.18  0.10  0.20   0.21  310.2     55003.  18.39  312.1  23184.
267 14 28 15 0.73 158.57  97.85 -7.24 1672   -1.00    -1.0      -1.  -1.00  -1.00   7.23   2.67    4.14  0.19  0.57  0.18  -1.00   -1.0        -1.  -1.00   -1.0     -1.
267 14 38 02 0.73 158.65  97.84 -7.19 1672   17.77   314.7   19777.  -0.41  -3.55   7.02   1.77    5.11  0.13  0.03  0.13   0.21  295.7     55458.  16.20  315.5  24169.
267 14 48 29 0.72 158.65  97.74 -7.19 1672   18.97   312.3   23818.  -1.27  -3.58   6.91   1.45    5.14  0.17  0.15  0.17   0.24  305.0    109811.  16.57  313.3  20735.
267 14 49 51 0.72 158.65  97.73 -7.19 1672   19.39   313.2   19803.  -1.17  -3.59   7.09   1.70    4.75  0.18  0.16  0.24   0.19  304.1     33173.  17.36  312.7  19640.
267 14 51 12 0.72 158.65  97.72 -7.19 1672   18.96   312.6   23883.  -1.54  -3.46   7.10   1.80    4.69  0.17  0.19  0.11   0.28  304.4    100676.  16.75  313.6  20179.
267 14 52 33 0.72 158.65  97.70 -7.19 1672   19.11   313.5   18113.  -1.19  -3.40   7.12   1.59    4.95  0.22  0.15  0.22   0.24  299.5     45517.  16.51  313.4  18610.
267 14 53 54 0.72 158.65  97.69 -7.19 1672   18.81   313.0   23470.  -1.36  -3.49   7.08   1.99    4.92  0.12  0.20  0.19   0.20  311.6     51352.  16.45  313.6  19689.
267 14 55 15 0.72 158.65  97.68 -7.19 1672   19.45   313.1   19208.  -1.09  -3.38   7.14   2.24    4.63  0.14  0.21  0.16   0.23  299.0     47402.  16.99  313.0  19406.
267 14 56 36 0.72 158.65  97.67 -7.19 1672   18.72   314.2   24123.  -1.14  -3.65   7.37   1.08    4.71  0.22  0.33  0.16   0.26  305.4    113423.  16.42  314.6  19715.
267 14 57 57 0.72 158.65  97.66 -7.19 1672   20.39   313.2   19393.  -1.25  -3.48   7.20   1.46    4.65  0.19  0.20  0.18   0.25  303.3     49584.  17.87  314.2  23535.
267 14 59 18 0.72 158.65  97.65 -7.19 1672   20.86   312.3   26309.  -1.59  -3.75   7.49   0.98    4.71  0.19  0.37  0.17   0.31  309.2    117516.  17.24  312.9  23691.
267 15 00 39 0.72 158.65  97.63 -7.19 1672   19.13   313.2   20920.  -0.97  -3.53   7.50   2.10    4.93  0.15  0.19  0.19   0.30  299.5     56536.  17.33  313.6  24688.
267 15 02 00 0.72 158.65  97.62 -7.19 1672   18.00   314.0   23425.  -1.51  -3.32   7.60   2.06    4.82  0.22  0.14  0.19   0.17  311.1     54860.  15.59  314.8  19747.
267 15 03 21 0.72 158.65  97.61 -7.19 1672   17.27   313.4   18984.  -1.21  -3.35   7.64   1.77    4.84  0.19  0.19  0.20   0.36  296.9    179523.  15.55  313.3  18451.
267 15 04 42 0.72 158.65  97.60 -7.19 1672   19.28   313.3   24182.   0.42  -3.55   7.42  -0.92    4.85  0.16  0.37  0.21   0.23  308.7     59642.  16.45  313.7  20131.
267 15 06 03 0.72 158.65  97.59 -7.19 1672   17.64   314.6   20241.   0.16  -3.42   7.40  -0.81    4.99  0.21  0.22  0.20   0.26  302.2    133395.  16.74  314.7  24448.
267 15 07 24 0.72 158.65  97.57 -7.19 1672   17.91   314.7   24812.   0.25  -3.43   7.33  -0.52    5.01  0.14  0.12  0.20   0.20  311.1    111201.  15.96  314.8  21186.
267 15 08 45 0.72 158.65  97.56 -7.19 1672   18.09   314.6   19403.   0.32  -3.59   0.00   0.00    0.00  0.00  0.00  0.00   0.35  300.0     62955.  15.67  313.8  18672.
267 15 10 06 0.72 158.65  97.55 -7.19 1672   16.69   314.7   23538.   0.03  -3.44   0.00   0.00    0.00  0.00  0.00  0.00   0.17  310.8     57446.  15.68  314.6  21186.
267 15 14 09 0.72 158.65  97.51 -7.19 1672   17.66   314.6   18926.  -0.25  -3.73   5.78  -0.80    2.75  0.00  0.00  0.00   0.22  297.3     61721.  15.61  313.6  18474.
267 15 21 14 0.72 158.66  97.45 -7.19 1672   17.66   314.5   24350.  -0.55  -3.72   0.00   0.00    0.00  0.00  0.00  0.00   0.20  310.4     74169.  15.57  315.1  21180.
267 16 04 26 0.72 158.66  97.06 -7.20 1672   18.54   312.9   19894.  -1.01  -3.92   0.00   0.00    0.00  0.00  0.00  0.00   0.29  298.3     55562.  16.26  312.5  18649.
267 16 47 38 0.72 158.67  96.67 -7.20 1672   19.77   308.0   21476.  -1.08  -4.64   7.66   2.40    4.66  0.00  0.00  0.00   0.23  302.5    128730.  17.42  308.5  21037.
267 17 30 51 0.72 158.68  96.29 -7.20 1672   21.70   305.9   22522.  -1.40  -4.50   0.00   0.00    0.00  0.00  0.00  0.00   0.38  303.0     39228.  18.28  307.5  19959.
267 18 14 03 0.72 158.69  95.90 -7.20 1672   20.80   314.0   25208.  -0.02  -4.59   6.76   1.50    5.16  0.00  0.00  0.00   0.27  310.0     54067.  17.45  313.7  22509.
267 18 57 15 0.72 158.70  95.51 -7.20 1672   -1.00    -1.0      -1.  -1.00  -1.00   7.66   1.50    4.67  0.00  0.00  0.00  -1.00   -1.0        -1.  18.56  319.3  24727.
267 19 40 27 0.72 158.71  95.12 -7.20 1672   20.19   318.2   20949.  -1.15  -4.92   7.66   1.50    4.27  0.00  0.00  0.00   0.59  313.7     33745.  17.32  319.0  20803.
267 20 23 39 0.72 158.71  94.73 -7.20 1672   -1.00    -1.0      -1.  -1.00  -1.00   7.16   2.20    4.26  0.00  0.00  0.00  -1.00   -1.0        -1.  21.20  317.2  26767.
267 21 06 51 0.72 158.72  94.35 -7.20 1672   21.03   318.6   18965.   0.01  -6.04   6.45   4.30    6.35  0.00  0.00  0.00   0.57  318.5     33589.  17.94  319.1  18698.
267 21 48 57 0.72 158.66  93.90 -7.24 1672   -1.00    -1.0      -1.  -1.00  -1.00   7.14   4.90    6.76  0.00  0.00  0.00  -1.00   -1.0        -1.  -1.00   -1.0     -1.
267 21 50 03 0.72 158.73  93.96 -7.20 1672   -1.00    -1.0      -1.  -1.00  -1.00   7.65   5.10    6.36  0.00  0.00  0.00  -1.00   -1.0        -1.  -1.00   -1.0     -1.
267 23 16 27 0.72 158.75  93.19 -7.20 1672   20.96   298.7   21635.   3.41  -5.47   8.76   0.60    4.37  0.00  0.00  0.00   0.50  288.0    102158.  18.75  296.8  22054.
267 23 59 39 0.72 158.76  92.80 -7.20 1672   28.69   298.1   19491.   4.78  -6.35   8.57   0.20    3.67  0.00  0.00  0.00   0.73  291.8     40034.  24.45  296.1  19552.
