199  5:13:23 0.95 164.84 150.82 -2.95 1683   3.26   503.6  92880.  2.84 -0.35   0.00   0.00   0.00 0.00 0.00 0.00  0.12 536.5 384163.  3.24 505.5 113469.
199  5:14:05 0.95 164.84 150.82 -2.95 1683   3.54   506.9  92117.  3.03 -0.13   0.00   0.00   0.00 0.00 0.00 0.00  0.12 529.5 256940.  3.35 504.3  94563.
199  5:14:45 0.95 164.84 150.81 -2.95 1683   3.68   500.7  93975.  2.75  0.20   0.00   0.00   0.00 0.00 0.00 0.00  0.14 525.2 429745.  3.26 501.8 109863.
199  5:15:26 0.95 164.84 150.81 -2.95 1683   3.55   507.4  98542.  2.99 -0.03   0.00   0.00   0.00 0.00 0.00 0.00  0.17 521.2 377887.  3.19 503.3  96866.
199  5:16:06 0.95 164.84 150.80 -2.95 1683   3.56   504.7 114719.  2.39 -0.17   0.00   0.00   0.00 0.00 0.00 0.00  0.15 519.8 361255.  3.20 501.5 105166.
199  5:16:47 0.95 164.84 150.79 -2.95 1683   3.82   508.0 112877.  3.21 -0.17   0.00   0.00   0.00 0.00 0.00 0.00  0.13 512.7 301197.  3.43 505.5  97785.
199  5:17:27 0.95 164.84 150.79 -2.95 1683   3.54   505.4 111867.  2.67  0.16   0.00   0.00   0.00 0.00 0.00 0.00  0.16 517.0 271259.  3.35 503.7 111026.
199  5:18:08 0.95 164.84 150.78 -2.95 1683   3.63   502.9 103233.  3.04  0.10   0.00   0.00   0.00 0.00 0.00 0.00  0.13 524.7 501562.  3.16 502.5  92065.
199  5:18:48 0.95 164.84 150.77 -2.95 1683   4.01   479.8  92432.  0.00  0.00   0.00   0.00   0.00 0.00 0.00 0.00  0.16 501.2 262060. -1.00  -1.0     -1.
199  5:19:28 0.95 164.84 150.77 -2.96 1683   3.77   500.7 110571.  2.73 -0.05   0.00   0.00   0.00 0.00 0.00 0.00  0.15 518.8 485826.  3.26 501.0  96106.
199  5:20:08 0.95 164.84 150.76 -2.96 1683   3.54   503.1  92672.  2.98 -0.63   0.00   0.00   0.00 0.00 0.00 0.00  0.15 522.4 254653.  3.34 503.6 112250.
199  5:20:49 0.95 164.84 150.75 -2.96 1683   3.41   506.3 106728.  3.25 -0.43   0.00   0.00   0.00 0.00 0.00 0.00  0.16 533.9 561061.  3.18 504.4  97675.
199  5:21:29 0.95 164.84 150.75 -2.96 1683   3.28   517.6 103574.  3.08 -0.08   0.00   0.00   0.00 0.00 0.00 0.00  0.14 517.5 319051.  3.10 518.2  94874.
199  5:22:11 0.95 164.84 150.74 -2.96 1683   3.81   514.7  93549.  3.59  0.65   0.00   0.00   0.00 0.00 0.00 0.00  0.15 522.1 482734.  3.39 511.5  99234.
199  5:22:51 0.95 164.84 150.73 -2.96 1683   3.60   498.5  97863.  0.00  0.00   0.00   0.00   0.00 0.00 0.00 0.00  0.15 519.1 274430.  3.36 500.9 116587.
199  5:23:32 0.95 164.84 150.73 -2.96 1683   3.84   500.8 115687.  2.10  0.36   0.00   0.00   0.00 0.00 0.00 0.00  0.13 508.4 324833.  3.47 502.9 105065.
199  5:24:12 0.95 164.84 150.72 -2.96 1683   3.65   503.9 117662.  1.78  0.97   0.00   0.00   0.00 0.00 0.00 0.00  0.14 520.0 413984.  3.48 502.7 125800.
199  5:24:53 0.95 164.84 150.71 -2.96 1683   3.85   497.5 110441.  1.73  1.20   0.00   0.00   0.00 0.00 0.00 0.00  0.17 525.2 396390.  3.40 497.3 101703.
199  5:25:33 0.95 164.84 150.71 -2.96 1683   3.57   502.2 130149.  1.67  1.19   0.00   0.00   0.00 0.00 0.00 0.00  0.14 505.9 398573.  3.46 501.6 114342.
199  5:26:14 0.95 164.84 150.70 -2.96 1683   3.58   499.6 108398.  1.66  1.50   0.00   0.00   0.00 0.00 0.00 0.00  0.17 522.3 578589.  3.23 502.0 101472.
199  5:26:54 0.95 164.84 150.70 -2.96 1683   3.68   500.2 100725.  1.52  1.13   0.00   0.00   0.00 0.00 0.00 0.00  0.17 505.0 577602.  3.53 501.1 121941.
199  5:28:56 0.95 164.84 150.68 -2.96 1683   3.59   508.6 106981.  0.00  1.33   0.00   0.00   0.00 0.00 0.00 0.00  0.12 506.4 296714.  3.43 507.5 101687.
199  5:29:36 0.95 164.84 150.67 -2.96 1683   3.66   507.5 111792.  2.08  1.20   0.00   0.00   0.00 0.00 0.00 0.00  0.17 507.4 587464.  3.57 507.5 124039.
199  5:30:17 0.95 164.84 150.67 -2.96 1683   3.86   510.5  96057.  2.46  0.70   0.00   0.00   0.00 0.00 0.00 0.00  0.10 524.1 396819.  3.49 508.9  97736.
199  5:30:57 0.95 164.84 150.66 -2.96 1683   3.57   505.1  84145.  1.46  1.74   0.00   0.00   0.00 0.00 0.00 0.00  0.09 519.3 272338.  3.33 506.6 100735.
199  5:31:38 0.95 164.84 150.65 -2.96 1683   3.33   502.8 112159.  2.65 -1.44   0.00   0.00   0.00 0.00 0.00 0.00  0.18 516.4 516232.  2.89 503.6 102268.
199  5:32:18 0.95 164.84 150.65 -2.96 1683   3.37   498.3 100088.  2.15 -1.18   0.00   0.00   0.00 0.00 0.00 0.00  0.13 515.9 369064.  3.17 498.5 117282.
199  5:32:59 0.95 164.84 150.64 -2.96 1683   3.28   502.4 120807.  2.62  0.50   0.00   0.00   0.00 0.00 0.00 0.00  0.11 522.1 447001.  2.90 503.0 101823.
199  5:33:39 0.95 164.84 150.63 -2.96 1683   3.38   505.5 117260.  1.29  2.51   0.00   0.00   0.00 0.00 0.00 0.00  0.12 510.5 478862.  3.19 504.2 122220.
199  5:34:20 0.95 164.84 150.63 -2.96 1683   3.82   518.5 133031.  0.17  3.91   0.00   0.00   0.00 0.00 0.00 0.00  0.13 517.6 386774.  3.41 517.7 137234.
199  5:35:00 0.95 164.84 150.62 -2.96 1683   3.17   518.8 123825.  0.64  2.74   0.00   0.00   0.00 0.00 0.00 0.00  0.11 532.9 521819.  3.04 520.1 105591.
199  5:35:41 0.95 164.84 150.61 -2.96 1683   3.48   498.5 117987.  2.00  0.23   0.00   0.00   0.00 0.00 0.00 0.00  0.14 525.9 607826.  3.10 497.6 113741.
199  5:36:21 0.95 164.84 150.61 -2.96 1683   3.10   504.2  84259.  2.19 -1.64   0.00   0.00   0.00 0.00 0.00 0.00  0.12 520.0 321143.  2.98 504.9 101160.
199  5:37:02 0.95 164.84 150.60 -2.96 1683   3.38   499.8 107271.  2.28 -1.87   0.00   0.00   0.00 0.00 0.00 0.00  0.11 506.9 320129.  3.06 500.3  97191.
199  5:37:42 0.95 164.84 150.59 -2.96 1683   2.85   501.1  87423.  1.75 -1.26   0.00   0.00   0.00 0.00 0.00 0.00  0.13 538.6 541076.  3.01 501.7 109473.
199  5:38:23 0.95 164.84 150.59 -2.96 1683   3.59   493.5 105435.  1.92 -0.75   0.00   0.00   0.00 0.00 0.00 0.00  0.15 519.3 420325.  3.49 491.7 108797.
199  5:39:03 0.95 164.84 150.58 -2.96 1683   3.28   486.5 112117. -0.77  1.25   0.00   0.00   0.00 0.00 0.00 0.00  0.17 538.5 449080.  2.88 492.1 137163.
199  5:39:44 0.95 164.84 150.58 -2.96 1683   3.63   491.9 117740.  1.28 -0.14   0.00   0.00   0.00 0.00 0.00 0.00  0.15 509.2 393726.  3.43 487.9 117571.
199  5:40:24 0.95 164.84 150.57 -2.96 1683  -1.00    -1.0     -1. -1.00 -1.00   0.00   0.00   0.00 0.00 0.00 0.00 -1.00  -1.0     -1.  3.31 492.1 131900.
199  5:42:07 0.95 164.84 150.56 -2.96 1683   3.07   490.5  99016.  1.80 -0.89   0.00   0.00   0.00 0.00 0.00 0.00  0.16 504.5 465153.  3.16 489.2  85798.
199  5:42:47 0.95 164.84 150.55 -2.96 1683   3.68   496.6 111299.  2.27 -1.06   0.00   0.00   0.00 0.00 0.00 0.00  0.13 513.8 395844.  3.32 495.7  94377.
199  5:43:28 0.95 164.84 150.54 -2.96 1683   3.28   492.1  96268.  1.72 -0.85   0.00   0.00   0.00 0.00 0.00 0.00  0.12 525.9 235539.  3.08 489.4  84437.
199  5:43:47 0.95 164.84 150.54 -2.96 1683   3.39   492.4 100861.  2.11 -0.75   0.00   0.00   0.00 0.00 0.00 0.00  0.10 524.3 505343.  3.17 493.2  95069.
199  5:44:27 0.95 164.84 150.53 -2.96 1683   3.04   495.2 101170.  1.99 -0.23   0.00   0.00   0.00 0.00 0.00 0.00  0.13 526.1 496105.  3.24 493.9 105815.
199  5:45:08 0.95 164.84 150.53 -2.96 1683   3.18   498.9 101196.  1.80 -1.43   0.00   0.00   0.00 0.00 0.00 0.00  0.12 521.1 520676.  3.07 501.1  89661.
199  5:45:48 0.95 164.84 150.52 -2.96 1683   3.63   500.7  85922.  2.00 -2.15   0.00   0.00   0.00 0.00 0.00 0.00  0.11 536.9 425340.  3.36 502.9 100988.
199  5:46:29 0.95 164.84 150.52 -2.96 1683   3.29   501.7 106894.  2.05 -1.81   0.00   0.00   0.00 0.00 0.00 0.00  0.14 528.4 489036.  3.11 502.9  94377.
199  5:47:09 0.95 164.84 150.51 -2.96 1683   3.22   500.3  83570.  1.89 -2.33   0.00   0.00   0.00 0.00 0.00 0.00  0.12 509.9 368999.  3.03 498.3  80152.
199  5:47:50 0.95 164.84 150.50 -2.96 1683   3.25   503.8  90902.  1.51 -2.86   0.00   0.00   0.00 0.00 0.00 0.00  0.14 530.6 466453.  3.21 502.6  88446.
199  5:48:30 0.95 164.84 150.50 -2.96 1683   3.55   499.8  87988.  1.36 -2.67   0.00   0.00   0.00 0.00 0.00 0.00  0.09 521.3 438282.  3.10 498.3  81254.
199  5:49:11 0.95 164.84 150.49 -2.96 1683   3.34   499.5 110412.  1.63 -2.66   0.00   0.00   0.00 0.00 0.00 0.00  0.14 505.9 377419.  3.13 503.2  96768.
199  5:49:51 0.95 164.84 150.48 -2.96 1683   3.32   504.0  86286.  1.84 -3.17   0.00   0.00   0.00 0.00 0.00 0.00  0.10 515.1 278614.  2.99 504.4 102742.
199  5:50:32 0.95 164.84 150.48 -2.96 1683   3.31   503.0 101349.  1.69 -2.87   0.00   0.00   0.00 0.00 0.00 0.00  0.13 515.7 460099.  3.12 503.0  95225.
199  5:51:12 0.95 164.83 150.47 -2.96 1683   3.11   497.2  89044.  1.61 -2.76   0.00   0.00   0.00 0.00 0.00 0.00  0.11 519.5 264775.  3.14 500.3 111903.
199  5:51:53 0.95 164.83 150.46 -2.96 1683   3.24   504.5  97561.  1.99 -3.12   0.00   0.00   0.00 0.00 0.00 0.00  0.12 527.1 383695.  3.18 506.0  89914.
199  5:52:33 0.95 164.83 150.46 -2.96 1683   3.25   501.9  90447.  2.25 -2.92   0.00   0.00   0.00 0.00 0.00 0.00  0.13 525.2 242166.  3.01 501.7 106777.
199  5:53:14 0.95 164.83 150.45 -2.96 1683   3.52   490.9 108362.  1.02 -1.68   0.00   0.00   0.00 0.00 0.00 0.00  0.09 516.9 381993.  3.34 490.5  94797.
199  5:53:54 0.95 164.83 150.44 -2.96 1683   3.18   491.5  87156.  0.99 -1.77   0.00   0.00   0.00 0.00 0.00 0.00  0.10 518.5 435839.  3.30 493.2 111175.
199  5:54:35 0.95 164.83 150.44 -2.96 1683   3.34   491.8 103350.  0.91 -1.54   0.00   0.00   0.00 0.00 0.00 0.00  0.15 520.1 530967.  3.09 491.3  98747.
199  5:55:15 0.95 164.83 150.43 -2.96 1683   3.42   504.4 108102.  2.86 -1.20   0.00   0.00   0.00 0.00 0.00 0.00  0.18 513.1 371429.  3.04 502.0 113982.
199  5:55:56 0.95 164.83 150.42 -2.96 1683   3.42   507.2  91727.  2.73 -2.23   0.00   0.00   0.00 0.00 0.00 0.00  0.13 518.2 493844.  3.13 503.8  89898.
199  5:56:36 0.95 164.83 150.42 -2.96 1683   3.49   517.4 100696.  2.64 -2.56   0.00   0.00   0.00 0.00 0.00 0.00  0.09 519.5 350535.  3.12 516.5  86568.
199  5:57:17 0.95 164.83 150.41 -2.96 1683   3.32   517.8  89485.  3.51 -2.22   0.00   0.00   0.00 0.00 0.00 0.00  0.18 521.0 523600.  3.05 515.5  87530.
199  5:57:57 0.95 164.83 150.41 -2.96 1683   3.51   499.1  97223.  2.20 -1.80   0.00   0.00   0.00 0.00 0.00 0.00  0.14 519.7 262306.  3.30 497.6 113319.
199  5:58:38 0.95 164.83 150.40 -2.96 1683   3.86   490.6  99698.  0.66 -1.47   0.00   0.00   0.00 0.00 0.00 0.00  0.13 522.8 503654.  3.39 491.9  97772.
199  5:59:18 0.95 164.83 150.39 -2.96 1683   3.52   494.1 115671.  1.41 -0.14   0.00   0.00   0.00 0.00 0.00 0.00  0.12 531.8 432487.  3.55 493.6 114450.
199  5:59:59 0.95 164.83 150.39 -2.96 1683   3.33   496.5  86341. -0.45 -1.76   0.00   0.00   0.00 0.00 0.00 0.00  0.10 536.0 406668.  3.05 494.7  77833.
199  6:00:39 0.95 164.83 150.38 -2.96 1683   3.29   493.0  74461. -0.03 -2.04   0.00   0.00   0.00 0.00 0.00 0.00  0.12 528.5 570520.  3.09 492.4  73915.
199  6:01:20 0.95 164.83 150.38 -2.96 1683   3.31   495.6  84574.  0.00 -1.87   0.00   0.00   0.00 0.00 0.00 0.00  0.11 532.6 499899.  3.09 494.6  81780.
199  6:02:00 0.95 164.83 150.37 -2.96 1683   3.27   492.4  83040.  0.88 -1.47   0.00   0.00   0.00 0.00 0.00 0.00  0.10 524.6 374378.  2.98 491.8  71814.
199  6:02:41 0.95 164.83 150.36 -2.96 1683   3.42   495.7  88995.  0.47 -1.57   0.00   0.00   0.00 0.00 0.00 0.00  0.08 558.4 373651.  3.08 493.7  88875.
199  6:03:21 0.95 164.83 150.36 -2.96 1683   3.05   495.1  79727.  1.05 -1.57   0.00   0.00   0.00 0.00 0.00 0.00  0.10 520.5 399833.  3.06 492.1  73383.
199  6:04:02 0.95 164.83 150.35 -2.96 1683   3.71   495.9  91009.  1.26 -1.72   0.00   0.00   0.00 0.00 0.00 0.00  0.14 518.8 477835.  3.46 492.1  77693.
199  6:04:42 0.95 164.83 150.34 -2.96 1683   3.18   495.8  83076.  0.86 -1.84   0.00   0.00   0.00 0.00 0.00 0.00  0.12 518.8 367985.  3.08 493.2  72996.
199  6:05:23 0.95 164.83 150.34 -2.96 1683   3.45   490.9  58287. -0.05 -1.11   0.00   0.00   0.00 0.00 0.00 0.00  0.10 523.8 452250.  3.44 493.0  86844.
199  6:06:03 0.95 164.83 150.33 -2.96 1683   3.34   493.6  81734.  1.37 -0.55   0.00   0.00   0.00 0.00 0.00 0.00  0.15 523.4 276730.  3.19 490.7  70082.
199  6:06:44 0.95 164.83 150.32 -2.96 1683   3.35   496.9  79061.  1.29 -2.13   0.00   0.00   0.00 0.00 0.00 0.00  0.13 524.7 494987.  3.03 497.7  87163.
199  6:07:24 0.95 164.83 150.32 -2.96 1683   3.37   495.2  72882.  1.56 -2.32   0.00   0.00   0.00 0.00 0.00 0.00  0.13 520.9 255602.  3.25 494.2  75582.
199  6:08:05 0.95 164.83 150.31 -2.96 1683   3.28   498.4  87975.  1.28 -1.91   0.00   0.00   0.00 0.00 0.00 0.00  0.11 524.2 463815.  3.13 499.2  87536.
199  6:08:45 0.95 164.83 150.31 -2.96 1683   3.32   500.2  84989.  0.88 -2.35   0.00   0.00   0.00 0.00 0.00 0.00  0.13 535.5 490166.  3.30 499.2 101417.
199  6:09:26 0.95 164.83 150.30 -2.96 1683   3.68   496.2 100865. -1.22  0.36   0.00   0.00   0.00 0.00 0.00 0.00  0.14 507.1 345805.  3.17 495.0  99182.
199  6:10:06 0.95 164.83 150.29 -2.96 1683   3.03   490.9  97548. -0.64  0.34   0.00   0.00   0.00 0.00 0.00 0.00  0.05 571.9 201015.  3.21 492.4 111338.
199  6:10:47 0.95 164.83 150.29 -2.96 1683   3.64   493.2 108330. -1.30  0.23   0.00   0.00   0.00 0.00 0.00 0.00  0.13 506.3 287709.  3.27 491.4  99624.
199  6:11:27 0.95 164.83 150.28 -2.96 1683   3.50   494.9 113446. -0.28 -0.28   0.00   0.00   0.00 0.00 0.00 0.00  0.12 524.2 229328.  3.40 496.2 108492.
199  6:12:08 0.95 164.83 150.27 -2.96 1683   3.77   495.6  98763. -0.48  0.29   0.00   0.00   0.00 0.00 0.00 0.00  0.14 509.8 259903.  3.48 494.6  95579.
199  6:12:48 0.95 164.83 150.27 -2.96 1683   3.28   499.1 119923.  0.44 -1.22   0.00   0.00   0.00 0.00 0.00 0.00  0.11 519.2 324742.  3.15 496.8 104204.
199  6:13:29 0.95 164.83 150.26 -2.96 1683   3.56   498.4  87640. -1.96  0.01   0.00   0.00   0.00 0.00 0.00 0.00  0.09 519.3 468662.  3.15 499.4  94959.
199  6:14:09 0.95 164.83 150.25 -2.96 1683   3.18   490.4  86393. -0.01 -0.99   0.00   0.00   0.00 0.00 0.00 0.00  0.13 522.4 344389.  3.14 489.0  74117.
199  6:14:50 0.95 164.83 150.25 -2.96 1683   3.52   490.6  66421.  0.34 -1.95   0.00   0.00   0.00 0.00 0.00 0.00  0.12 527.8 561568.  3.46 493.4  87562.
199  6:15:30 0.95 164.83 150.24 -2.96 1683   3.35   495.4 116957.  0.31 -1.62   0.00   0.00   0.00 0.00 0.00 0.00  0.14 542.8 549990.  3.16 493.5 106783.
199  6:16:11 0.95 164.83 150.24 -2.96 1683   3.04   494.7 100270.  0.49 -1.67   0.00   0.00   0.00 0.00 0.00 0.00  0.12 546.6 390049.  3.09 492.0  96525.
199  6:16:51 0.95 164.83 150.23 -2.96 1683   3.24   496.6 112975.  1.42 -1.54   0.00   0.00   0.00 0.00 0.00 0.00  0.11 522.8 420584.  3.08 490.5  72080.
199  6:17:32 0.95 164.83 150.22 -2.96 1683   3.35   495.6  98539.  1.44 -1.64   0.00   0.00   0.00 0.00 0.00 0.00  0.09 525.9 484319.  2.94 492.2  92873.
199  6:18:12 0.95 164.83 150.22 -2.96 1683   3.45   494.8 116457.  0.96 -1.68   0.00   0.00   0.00 0.00 0.00 0.00  0.11 522.5 491674.  3.09 490.0  76820.
199  6:18:53 0.95 164.83 150.21 -2.96 1683   3.32   487.6  64397.  1.00 -1.71   0.00   0.00   0.00 0.00 0.00 0.00  0.07 562.7 495338.  3.08 491.9  92263.
199  6:19:33 0.95 164.83 150.21 -2.96 1683   3.19   497.2 128132.  1.00 -1.76   0.00   0.00   0.00 0.00 0.00 0.00  0.11 523.7 358929.  3.09 494.4 114852.
199  6:20:14 0.95 164.83 150.20 -2.96 1683   3.38   492.6 114355.  1.39 -1.41   0.00   0.00   0.00 0.00 0.00 0.00  0.12 529.4 403965.  3.05 491.1  91431.
199  6:20:54 0.95 164.83 150.19 -2.96 1683   3.17   491.7  84778.  1.34 -1.88   0.00   0.00   0.00 0.00 0.00 0.00  0.11 517.3 533592.  3.22 494.2 109873.
199  6:21:35 0.95 164.83 150.19 -2.96 1683   3.22   496.4 104016.  1.25 -1.70   0.00   0.00   0.00 0.00 0.00 0.00  0.12 529.8 366010.  3.13 491.8  92386.
199  6:22:15 0.95 164.83 150.18 -2.96 1683   3.17   496.0 120021.  1.76 -2.03   0.00   0.00   0.00 0.00 0.00 0.00  0.11 518.6 481357.  3.15 495.0 114800.
199  6:22:56 0.95 164.83 150.17 -2.96 1683   3.57   493.3 110035.  1.87 -1.53   0.00   0.00   0.00 0.00 0.00 0.00  0.10 520.8 411814.  3.14 491.8  92464.
199  6:23:36 0.95 164.83 150.17 -2.96 1683   3.22   495.9 113238.  1.58 -1.48   0.00   0.00   0.00 0.00 0.00 0.00 -1.00  -1.0     -1.  3.10 494.7 117906.
199  6:24:17 0.95 164.83 150.16 -2.96 1683   3.76   495.8 103681.  0.58 -2.59   0.00   0.00   0.00 0.00 0.00 0.00  0.13 527.0 518285.  3.44 494.4  89768.
199  6:24:57 0.95 164.83 150.15 -2.96 1683   3.56   495.0  81241.  0.74 -2.90   0.00   0.00   0.00 0.00 0.00 0.00  0.09 525.3 325301.  3.46 497.5 102534.
199  6:25:38 0.95 164.83 150.15 -2.96 1683   3.56   491.2  99517.  1.02 -2.57   0.00   0.00   0.00 0.00 0.00 0.00  0.10 529.1 394324.  3.26 492.7  91642.
199  6:26:18 0.95 164.83 150.14 -2.96 1683   3.49   493.8  82063.  0.98 -2.63   0.00   0.00   0.00 0.00 0.00 0.00  0.11 517.2 308539.  3.27 492.1  78402.
199  6:26:59 0.95 164.83 150.13 -2.96 1683   3.31   494.5  96954.  1.75 -2.06   0.00   0.00   0.00 0.00 0.00 0.00  0.11 510.5 362242.  3.17 494.1  89583.
199  6:27:39 0.95 164.83 150.13 -2.96 1683   3.35   493.0  90239.  1.62 -1.22   0.00   0.00   0.00 0.00 0.00 0.00  0.13 526.6 446338.  3.13 490.4  76115.
199  6:28:20 0.95 164.83 150.12 -2.96 1683   3.49   492.8  93669.  1.83 -1.79   0.00   0.00   0.00 0.00 0.00 0.00  0.09 525.6 459332.  3.12 492.4  93559.
199  6:29:00 0.95 164.83 150.11 -2.96 1683   3.29   492.3  84492.  1.53 -1.48   0.00   0.00   0.00 0.00 0.00 0.00  0.11 519.9 448508.  3.09 490.8  80156.
199  6:33:57 0.95 164.83 150.07 -2.96 1683   3.43   491.3  84148.  1.67 -2.25   0.00   0.00   0.00 0.00 0.00 0.00  0.10 528.6 282811.  3.23 494.8 108193.
199  6:44:45 0.95 164.83 149.97 -2.96 1683   3.18   499.8  98844.  2.39 -3.08   0.00   0.00   0.00 0.00 0.00 0.00  0.11 526.9 481928.  2.97 500.2  90814.
199  6:55:33 0.95 164.83 149.87 -2.96 1683   3.32   483.5  94611.  1.41 -1.11   0.00   0.00   0.00 0.00 0.00 0.00  0.09 512.6 506695.  2.98 488.8 119394.
199  7:02:46 0.95 164.82 149.80 -2.96 1683   3.61   511.7  85318.  4.18 -1.81   0.00   0.00   0.00 0.00 0.00 0.00  0.12 518.0 470052.  3.37 508.8  84265.
199  7:13:34 0.95 164.82 149.70 -2.96 1683   3.57   484.6 114713.  2.18 -0.81   0.00   0.00   0.00 0.00 0.00 0.00  0.12 507.5 537555.  3.06 488.3 125907.
199  7:24:22 0.95 164.82 149.60 -2.96 1683   3.26   508.1  80386.  5.04 -0.42   0.00   0.00   0.00 0.00 0.00 0.00  0.12 514.5 542480.  3.07 505.0  84632.
199  7:35:10 0.95 164.82 149.50 -2.96 1683   3.15   492.1  90408.  2.90 -2.02   0.00   0.00   0.00 0.00 0.00 0.00  0.14 520.6 353627.  3.14 491.2  87751.
199  7:45:58 0.95 164.82 149.40 -2.96 1683   3.81   494.4 101521.  3.47 -0.38   0.00   0.00   0.00 0.00 0.00 0.00  0.10 522.7 429628.  3.35 491.3 104120.
199  7:56:46 0.95 164.82 149.30 -2.96 1683   3.52   504.6  74494.  4.85 -0.48   0.00   0.00   0.00 0.00 0.00 0.00  0.14 511.2 373040.  3.29 500.3  71684.
199  8:07:34 0.95 164.81 149.20 -2.96 1683   3.97   494.4  87988.  0.00  0.00   0.00   0.00   0.00 0.00 0.00 0.00  0.12 497.5 347377.  3.45 496.0  81322.
199  8:18:22 0.95 164.81 149.09 -2.97 1683   3.55   487.0  96128.  0.40 -1.67   0.00   0.00   0.00 0.00 0.00 0.00  0.17 501.9 438659.  3.18 486.4  92130.
199  8:29:10 0.95 164.81 148.99 -2.97 1683   3.59   537.6  75153.  4.13 -0.54   0.00   0.00   0.00 0.00 0.00 0.00  0.15 518.7 483955.  3.40 536.3  85155.
199  8:39:58 0.95 164.81 148.89 -2.97 1683   3.42   507.1  62988.  5.84 -0.72   0.00   0.00   0.00 0.00 0.00 0.00  0.12 503.5 350535.  3.32 502.9  69325.
199  8:50:46 0.95 164.81 148.79 -2.97 1683   3.66   501.2  86662.  5.03 -1.79   0.00   0.00   0.00 0.00 0.00 0.00  0.11 508.1 224962.  3.35 501.9  84937.
199  9:01:34 0.95 164.81 148.69 -2.97 1683   3.73   497.4  89057.  4.95 -0.71   0.00   0.00   0.00 0.00 0.00 0.00  0.13 523.7 238801.  3.34 494.6  82277.
199  9:12:22 0.95 164.80 148.59 -2.97 1683   3.95   508.3  68780.  4.77 -0.84   0.00   0.00   0.00 0.00 0.00 0.00  0.14 510.5 350262.  3.60 506.3  67737.
199  9:23:10 0.95 164.80 148.49 -2.97 1683   3.61   512.8  52934.  4.35 -0.29   0.00   0.00   0.00 0.00 0.00 0.00  0.12 506.4 294635.  3.43 511.9  54827.
199  9:33:58 0.95 164.80 148.39 -2.97 1683   3.74   520.5  72545.  3.23 -1.01   0.00   0.00   0.00 0.00 0.00 0.00  0.16 516.5 353939.  3.48 519.2  76478.
199  9:44:46 0.95 164.80 148.29 -2.97 1683   3.94   496.7  76271.  4.31  0.35   0.00   0.00   0.00 0.00 0.00 0.00  0.11 504.6 457201.  3.83 494.5  78704.
199  9:55:34 0.95 164.80 148.18 -2.97 1683   3.91   486.4 103067.  0.00  0.00   0.00   0.00   0.00 0.00 0.00 0.00 -1.00  -1.0     -1.  3.70 485.3 110610.
199 10:06:22 0.95 164.80 148.09 -2.97 1683   3.04   478.9  88456.  0.01  1.51   0.00   0.00   0.00 0.00 0.00 0.00  0.14 509.5 334955.  2.56 482.0  86571.
199 10:17:10 0.95 164.79 147.99 -2.97 1683   2.53   484.1 141074.  1.34  1.03   0.00   0.00   0.00 0.00 0.00 0.00  0.09 518.1 588257.  2.66 481.8 126050.
199 10:27:58 0.95 164.79 147.88 -2.97 1683   2.66   478.1 123467.  0.00  0.00   0.00   0.00   0.00 0.00 0.00 0.00  0.12 519.4 300924.  2.60 481.4 145690.
199 10:38:46 0.95 164.79 147.78 -2.97 1683   2.85   501.8  99078.  4.11 -1.85   0.00   0.00   0.00 0.00 0.00 0.00  0.10 522.7 608514.  2.33 502.7  89320.
199 10:49:34 0.95 164.79 147.68 -2.97 1683   2.24   497.3 121184.  0.00  0.00   0.00   0.00   0.00 0.00 0.00 0.00  0.09 508.2 435683.  2.20 496.6 127284.
199 11:00:22 0.95 164.79 147.58 -2.98 1683   2.10   499.8  95735.  4.23  0.15   0.00   0.00   0.00 0.00 0.00 0.00 -1.00  -1.0     -1.  2.05 499.9  83135.
199 11:11:10 0.95 164.79 147.48 -2.98 1683   2.18   492.1 126248.  2.13 -0.72   0.00   0.00   0.00 0.00 0.00 0.00  0.09 530.3 447157.  2.15 489.8  88910.
199 11:21:58 0.95 164.78 147.38 -2.98 1683   2.66   486.0 128561.  1.91 -0.59   0.00   0.00   0.00 0.00 0.00 0.00 -1.00  -1.0     -1.  2.62 483.2 118091.
199 11:32:46 0.95 164.78 147.28 -2.98 1683   2.55   480.3  96518.  0.28  0.33   0.00   0.00   0.00 0.00 0.00 0.00  0.08 512.4 336605.  2.31 483.1 132907.
199 11:43:34 0.95 164.78 147.18 -2.98 1683   2.58   482.8 126446. -2.52 -0.09   0.00   0.00   0.00 0.00 0.00 0.00 -1.00  -1.0     -1.  2.59 480.9 118806.
199 11:54:22 0.95 164.78 147.08 -2.98 1683   2.54   479.0 106497. -1.50 -0.64   0.00   0.00   0.00 0.00 0.00 0.00  0.10 503.9 681955.  2.46 485.1 127249.
199 12:05:10 0.95 164.78 146.97 -2.98 1683   2.45   481.5  83524. -1.49  0.54   0.00   0.00   0.00 0.00 0.00 0.00  0.08 518.1 625549.  2.54 484.1 111900.
199 12:15:58 0.95 164.78 146.87 -2.98 1683   2.50   471.4  60347. -0.95 -0.15   0.00   0.00   0.00 0.00 0.00 0.00  0.09 519.5 289178.  2.20 475.5  90548.
199 12:26:46 0.95 164.77 146.77 -2.98 1683   2.66   476.4  79766. -1.80 -1.77   0.00   0.00   0.00 0.00 0.00 0.00  0.10 522.3 552394.  2.45 476.1  75647.
199 12:37:34 0.95 164.77 146.67 -2.98 1683   2.60   475.9 112280. -0.97 -1.44   0.00   0.00   0.00 0.00 0.00 0.00  0.08 511.8 582877.  2.27 475.0  85844.
199 12:48:22 0.95 164.77 146.57 -2.98 1683   1.90   488.1 233655. -0.79 -1.06   0.00   0.00   0.00 0.00 0.00 0.00  0.10 523.5 536788.  1.86 490.9 223166.
199 12:59:10 0.95 164.77 146.47 -2.98 1683   2.11   487.2 195606.  0.71 -0.90   0.00   0.00   0.00 0.00 0.00 0.00 -1.00  -1.0     -1.  1.82 485.8 206859.
199 13:09:58 0.95 164.77 146.37 -2.98 1683   2.24   484.2 137822.  1.86 -0.18   0.00   0.00   0.00 0.00 0.00 0.00  0.08 517.1 356629.  2.11 480.3 115119.
199 13:20:46 0.95 164.77 146.27 -2.98 1683   2.48   480.6  94667. -0.62 -1.34   0.00   0.00   0.00 0.00 0.00 0.00  0.08 520.7 305147.  2.25 479.7 134665.
199 13:31:34 0.95 164.76 146.17 -2.98 1683   2.46   480.6 132290.  0.70 -1.25   0.00   0.00   0.00 0.00 0.00 0.00 -1.00  -1.0     -1.  2.15 479.2 123104.
199 13:42:22 0.95 164.76 146.07 -2.98 1683   2.48   480.6 121005.  0.74  0.79   0.00   0.00   0.00 0.00 0.00 0.00  0.10 535.2 565362.  2.21 481.3 132764.
199 13:53:10 0.95 164.76 145.96 -2.99 1683   2.44   479.1 124913.  1.51 -1.93   0.00   0.00   0.00 0.00 0.00 0.00  0.06 503.9 312450.  2.06 473.0  68143.
199 14:03:58 0.95 164.76 145.87 -2.99 1683   2.32   476.0 114008.  0.00  0.00   0.00   0.00   0.00 0.00 0.00 0.00  0.08 528.9 329952.  2.18 474.4  97636.
199 14:14:46 0.95 164.76 145.76 -2.99 1683   2.36   479.3 135643.  0.65 -2.33   0.00   0.00   0.00 0.00 0.00 0.00 -1.00  -1.0     -1.  2.17 477.8 116753.
199 14:25:34 0.95 164.76 145.66 -2.99 1683   2.28   477.9 105185.  1.75 -2.09   0.00   0.00   0.00 0.00 0.00 0.00 -1.00  -1.0     -1.  2.14 476.2  90752.
199 14:36:22 0.95 164.75 145.56 -2.99 1683   2.45   497.9 132131.  0.00  0.00   0.00   0.00   0.00 0.00 0.00 0.00 -1.00  -1.0     -1.  2.27 494.9 125475.
199 14:47:46 0.95 164.75 145.46 -2.99 1683   2.75   474.2 111380. -0.87 -1.68   0.00   0.00   0.00 0.00 0.00 0.00 -1.00  -1.0     -1.  2.67 472.4  96161.
199 14:57:58 0.95 164.75 145.36 -2.99 1683   2.97   474.2  90385.  0.64 -2.25   0.00   0.00   0.00 0.00 0.00 0.00  0.07 501.7 224157.  2.86 476.1 106800.
199 15:08:46 0.95 164.75 145.26 -2.99 1683   3.32   468.1 143946. -0.23 -1.31   0.00   0.00   0.00 0.00 0.00 0.00  0.12 509.2 496494.  3.11 464.1 124825.
199 15:19:34 0.95 164.75 145.16 -2.99 1683   3.26   468.2 149364.  0.49  0.70   0.00   0.00   0.00 0.00 0.00 0.00  0.09 477.5 290087.  3.03 467.2 130276.
199 15:30:22 0.95 164.75 145.06 -2.99 1683   3.34   479.0  94147.  2.17 -2.57   0.00   0.00   0.00 0.00 0.00 0.00  0.11 499.2 458345.  3.10 477.1 101563.
199 15:41:10 0.95 164.74 144.96 -2.99 1683   3.10   466.3  94965.  2.09 -2.34   0.00   0.00   0.00 0.00 0.00 0.00  0.12 504.2 618013.  2.82 469.3 104915.
199 15:51:58 0.95 164.74 144.86 -2.99 1683   3.66   466.3 107488.  2.94 -0.87   0.00   0.00   0.00 0.00 0.00 0.00  0.09 491.3 417674.  3.45 462.3 101777.
199 16:02:46 0.95 164.74 144.75 -2.99 1683   3.32   455.9 120160.  0.00  0.00   0.00   0.00   0.00 0.00 0.00 0.00  0.15 485.1 377835.  3.34 454.5 100111.
199 16:13:34 0.95 164.74 144.65 -2.99 1683   3.56   465.0 105754.  0.31  1.62   0.00   0.00   0.00 0.00 0.00 0.00  0.12 482.8 227691.  3.67 461.7  98951.
199 16:24:22 0.95 164.74 144.55 -2.99 1683   3.34   463.0  92916.  0.00  0.00   0.00   0.00   0.00 0.00 0.00 0.00  0.09 501.9 304160.  3.07 464.5 117143.
199 16:35:10 0.95 164.74 144.45 -2.99 1683   3.10   461.8  99328.  2.30 -0.02   0.00   0.00   0.00 0.00 0.00 0.00  0.10 486.3 393947.  3.04 459.9  92708.
199 16:45:58 0.95 164.73 144.35 -3.00 1683   3.50   457.7  93598.  1.59 -1.20   0.00   0.00   0.00 0.00 0.00 0.00  0.12 471.3 218387.  3.14 455.7  84473.
199 16:56:46 0.95 164.73 144.25 -3.00 1683   3.40   455.5 107465.  1.77 -1.59   0.00   0.00   0.00 0.00 0.00 0.00  0.08 485.1 213515.  3.05 455.9  92627.
199 17:30:46 0.95 164.73 143.93 -3.00 1683   3.28   502.6  73136.  3.52 -2.72   0.00   0.00   0.00 0.00 0.00 0.00  0.12 495.3 400210.  3.13 498.4  72902.
199 20:52:22 0.95 164.70 142.05 -3.01 1683   2.60   451.9  39414.  0.16 -1.10   0.00   0.00   0.00 0.00 0.00 0.00  0.08 516.5 308902.  2.54 454.1  67760.
199 21:13:59 0.95 164.69 141.85 -3.01 1683  -1.00    -1.0     -1. -1.00 -1.00   0.00   0.00   0.00 0.00 0.00 0.00 -1.00  -1.0     -1.  2.67 453.7  91532.
199 21:35:35 0.95 164.69 141.64 -3.01 1683   2.83   458.3 110340.  0.88 -0.14   0.00   0.00   0.00 0.00 0.00 0.00  0.11 473.9 296350.  2.78 456.3 103330.
199 21:57:11 0.95 164.69 141.44 -3.01 1683   2.65   448.2  53401.  0.79 -0.86   0.00   0.00   0.00 0.00 0.00 0.00 -1.00  -1.0     -1.  2.23 449.1  46180.
199 22:18:47 0.95 164.68 141.24 -3.01 1683   2.77   443.6  88404.  0.63 -1.68   0.00   0.00   0.00 0.00 0.00 0.00  0.11 489.8 462736.  2.77 447.6 109652.
199 22:40:22 0.95 164.68 141.04 -3.02 1683   2.88   446.6 101725.  0.10 -2.75   0.00   0.00   0.00 0.00 0.00 0.00 -1.00  -1.0     -1.  2.59 446.1 102596.
