096  0:17:19 0.64 334.85 245.97 -7.21 1680  28.05   678.4  71570.  0.66 -0.11   8.75   0.40  -6.43 0.00 0.00 0.00  0.35 684.7 567779. 21.56 670.7  71830.
096  0:38:55 0.64 334.86 245.78 -7.21 1680   8.16   663.0  82381.  1.69 -0.81   9.97  -6.50  -9.02 0.00 0.00 0.00  1.57 654.1 127236.  8.14 675.1  46518.
096  1:00:31 0.64 334.87 245.59 -7.21 1680  17.44   668.6  35655.  5.59 -0.14   9.68  -8.20 -10.12 0.00 0.00 0.00  0.59 665.3 276301.  7.29 668.7  66061.
096  1:22:07 0.64 334.88 245.41 -7.21 1680  12.93   641.6  26030.  3.08  0.03   4.97 -14.80  -9.66 0.00 0.00 0.00  0.45 648.9 149065.  2.80 638.6  48295.
096  1:43:43 0.64 334.89 245.22 -7.21 1680   7.63   621.4  29600.  0.94 -0.18   2.08 -15.30 -10.88 0.00 0.00 0.00  1.82 629.0  96882.  2.60 636.5  57118.
096  2:05:19 0.64 334.90 245.03 -7.21 1680   6.41   621.1  47876.  0.03 -0.41   4.96 -15.70  -8.36 0.00 0.00 0.00  0.29 615.1 296402.  5.79 620.7  31624.
096  2:26:55 0.64 334.91 244.84 -7.21 1680  -1.00    -1.0     -1. -1.00 -1.00   7.15 -15.70  -6.34 0.00 0.00 0.00 -1.00  -1.0     -1. -1.00  -1.0     -1.
096  2:48:31 0.64 334.92 244.65 -7.21 1680   6.87   594.9  20881.  4.39 -0.14   8.38 -13.80 -10.83 0.00 0.00 0.00  0.35 608.1 116035.  1.97 589.5  40512.
096  3:09:01 0.64 334.83 244.37 -7.24 1680  -1.00    -1.0     -1. -1.00 -1.00   9.99 -12.40 -12.02 0.00 0.00 0.00 -1.00  -1.0     -1. -1.00  -1.0     -1.
096  3:31:43 0.64 334.93 244.27 -7.21 1680  10.48   589.2  28262.  4.22 -1.11  11.49  -9.10 -11.71 0.00 0.00 0.00  0.34 596.4 245947.  8.16 584.1  30038.
096  6:18:03 0.64 335.01 242.82 -7.21 1680   9.37   554.2  15771.  7.46 -0.15  14.03 -16.51  -6.25 0.15 0.12 0.35  0.49 559.7  97532.  1.77 542.3  23983.
096  6:18:23 0.64 335.01 242.81 -7.21 1680   9.37   554.2  15775.  7.46 -0.15  14.10 -16.25  -6.58 0.28 0.34 0.44  0.49 559.7  97519.  1.76 542.3  23863.
096  6:18:43 0.64 334.91 242.72 -7.24 1680  -1.00    -1.0     -1. -1.00 -1.00  14.24 -16.01  -6.62 0.41 0.33 0.49 -1.00  -1.0     -1. -1.00  -1.0     -1.
096  6:19:06 0.64 335.01 242.81 -7.21 1680   9.74   551.6  16301.  2.71 -0.41  14.75 -15.71  -6.23 0.41 0.27 0.37  0.44 558.3  94829.  1.59 547.7  44328.
096  6:19:27 0.64 335.01 242.81 -7.21 1680   9.74   551.6  16275.  2.71 -0.41  15.25 -15.35  -6.10 0.29 0.28 0.32  0.44 558.3  94686.  1.59 547.7  43854.
096  6:19:47 0.64 335.01 242.80 -7.21 1680   3.81   557.7  37536.  1.17  0.00  15.70 -15.64  -6.96 0.87 0.74 1.25  0.46 540.9  87474.  5.78 556.8  20235.
096  6:20:27 0.64 335.01 242.80 -7.21 1680   1.82   551.4  23210.  1.62  0.91  17.68 -16.66  -8.78 0.29 0.44 0.29  0.21 558.7  92035.  1.55 551.4  46492.
096  6:21:08 0.64 335.01 242.79 -7.21 1680   2.26   565.5  25848.  1.07  1.03  17.91 -18.31  -9.62 0.23 0.44 0.41 -1.00  -1.0     -1.  7.46 559.4  20066.
096  6:21:48 0.64 335.01 242.78 -7.21 1680   0.72   565.2  70998.  0.86  3.39  18.20 -18.30 -10.02 0.19 0.17 0.29 -1.00  -1.0     -1.  4.15 575.7  26732.
096  6:22:29 0.64 335.01 242.78 -7.21 1680   2.61   565.8  25559.  1.38  3.90  18.23 -18.48 -10.50 0.39 0.30 0.48  0.11 459.4 281797.  5.86 559.8  21541.
096  6:23:09 0.64 335.01 242.77 -7.21 1680   0.98   567.1  65476.  1.02  4.59  18.43 -19.47  -9.64 0.28 0.39 0.33  0.04 551.6 191815.  4.15 575.7  26725.
096  6:23:49 0.64 335.01 242.77 -7.21 1680   2.69   571.6  28223.  1.56  4.16  14.49 -22.51 -10.21 1.48 1.15 0.52  0.88 583.9  91165.  2.80 570.5  49607.
096  6:24:30 0.64 335.01 242.76 -7.21 1680   2.87   598.2  32322.  3.58  4.54  14.83 -22.84 -11.38 0.86 0.92 0.95  0.24 608.3 127340.  3.86 609.5  50130.
096  6:25:11 0.64 335.01 242.76 -7.21 1680   3.47   613.1  33979.  1.89  4.28  15.65 -22.61 -12.00 1.00 0.61 0.84  0.12 606.1 284058.  4.82 606.4  29990.
096  6:25:51 0.64 335.01 242.75 -7.21 1680   3.10   608.4  54886.  3.08  4.35  15.81 -23.59 -11.78 0.74 0.72 1.33  0.33 606.4 112462.  4.30 615.2  47986.
096  6:26:32 0.64 335.01 242.74 -7.21 1680   5.87   615.9  23915.  3.26  4.77  14.58 -25.30 -11.46 1.73 1.68 0.79  0.18 605.5 259383.  6.63 604.5  22716.
096  6:27:12 0.64 335.01 242.74 -7.21 1680   2.37   647.9  58199.  5.45  1.17  12.53 -27.27 -10.52 0.74 0.46 0.71  0.12 657.2 159876.  3.50 644.9  58424.
096  6:27:53 0.64 335.01 242.73 -7.21 1680   0.88   646.0  84070.  4.62  1.50  16.24 -25.55 -10.23 0.94 0.32 0.65  0.19 629.6 168413.  2.97 647.8  36685.
096  6:28:33 0.64 335.01 242.73 -7.21 1680   7.45   633.6  30558.  4.55  0.20  17.03 -25.25  -8.95 0.99 0.65 0.33  0.10 607.3 313814.  6.68 625.2  28986.
096  6:29:14 0.64 335.01 242.72 -7.21 1680  10.02   609.5  31672.  4.56  0.39  14.74 -26.55  -8.33 0.92 0.51 0.65  0.50 627.0 144141.  6.28 601.8  31776.
096  6:29:54 0.64 335.01 242.71 -7.21 1680   5.98   623.1  49123.  4.32  0.43  15.11 -26.29  -8.07 0.53 0.58 0.83  0.44 606.6 121076.  6.09 619.7  27121.
096  6:30:35 0.64 335.01 242.71 -7.21 1680   9.83   613.7  27807.  4.64  0.32  15.85 -25.78  -8.08 0.85 0.38 0.63  0.17 614.8 375691.  6.47 605.6  27372.
096  6:31:15 0.64 335.01 242.70 -7.21 1680  17.18   595.0  22499.  4.14 -0.11  16.84 -25.58  -6.63 0.77 0.50 0.68  0.90 602.7 114982.  4.52 590.2  42610.
096  6:31:56 0.64 335.01 242.70 -7.21 1680   4.41   584.2  40768.  3.75 -0.36  19.24 -23.78  -4.54 0.52 0.49 1.10  0.39 581.4  87838.  3.77 588.3  50273.
096  6:32:36 0.64 335.01 242.69 -7.21 1680   5.37   582.4  41795.  4.12 -1.66  18.76 -23.25  -4.62 0.49 0.18 0.28  0.13 572.0 311657. 14.70 577.5  22463.
096  6:33:17 0.64 335.01 242.68 -7.21 1680   3.54   572.7  29379.  5.35 -1.58  17.53 -23.78  -5.48 0.55 0.38 0.48  0.21 586.2 143348.  5.23 573.3  45303.
096  6:33:57 0.64 335.01 242.68 -7.21 1680   3.61   583.6  42259.  4.33 -2.10  17.21 -24.11  -5.95 0.53 0.34 0.26  0.08 562.7 388464. 14.79 578.9  23516.
096  6:34:38 0.64 335.01 242.67 -7.21 1680   3.84   574.9  27781.  5.74 -0.87  16.18 -24.56  -5.83 0.65 0.48 0.24  0.21 582.2 129198.  5.70 572.9  39543.
096  6:35:18 0.64 335.01 242.67 -7.21 1680   3.96   578.1  49347.  4.01 -1.55  17.27 -23.53  -5.46 0.33 0.28 0.22  0.18 561.2 140190. 14.06 577.0  23905.
096  6:35:59 0.64 335.01 242.66 -7.21 1680   4.88   566.4  27274.  2.87 -3.27  17.82 -23.38  -5.00 0.54 0.26 0.70  0.04 591.2 379108. 11.71 560.6  22768.
096  6:36:39 0.64 335.01 242.65 -7.21 1680   2.67   565.5  44559.  4.29 -3.31  18.12 -23.21  -5.65 0.49 0.29 0.87  0.23 562.1 127508.  9.20 574.1  25854.
096  6:37:20 0.64 335.01 242.65 -7.21 1680   3.44   564.4  41093.  3.68 -3.21  19.54 -23.02  -4.37 0.61 0.52 0.77  0.09 583.8 281303. 10.03 560.4  23262.
096  6:38:00 0.64 335.01 242.64 -7.21 1680   4.43   564.7  46118.  4.20 -4.21  19.16 -24.21  -3.77 0.67 0.50 0.56  0.32 559.9 132810.  6.83 573.8  29532.
096  6:38:41 0.64 335.01 242.64 -7.21 1680   4.73   572.2  31335.  4.91 -4.19  19.04 -24.48  -3.65 0.27 0.20 0.31  0.18 574.2 311631.  7.35 565.5  27238.
096  6:39:21 0.64 335.02 242.63 -7.21 1680   5.34   580.7  51361.  4.33 -4.13  19.13 -24.85  -3.71 0.23 0.39 0.52  0.21 568.6 363658. 11.59 577.8  27524.
096  6:40:02 0.64 335.02 242.63 -7.21 1680   4.44   579.6  54837.  5.33 -2.64  19.02 -25.68  -4.34 0.31 0.31 0.31  0.32 578.6 257291.  5.14 578.5  58307.
096  6:40:42 0.64 335.02 242.62 -7.21 1680   6.15   583.3  50055.  4.30 -3.17  19.15 -24.96  -3.54 0.89 0.90 1.05  0.25 578.6 314724. 12.86 578.8  27774.
096  6:41:23 0.64 335.02 242.61 -7.21 1680  15.15   572.7  80360.  4.38 -4.57  19.81 -23.64  -2.35 0.81 0.69 1.01  0.70 568.4 434917. 10.59 568.8  70865.
096  6:42:03 0.64 335.02 242.61 -7.21 1680   6.96   570.0  67194.  3.59 -4.42  20.49 -22.79  -2.18 0.27 0.52 0.30  0.88 562.0 130055.  6.96 573.2  56588.
096  6:42:44 0.64 335.02 242.60 -7.21 1680  18.04   569.3  35307.  2.59 -5.11  20.16 -22.57  -2.16 0.42 0.45 0.31  0.48 564.5 295818. 12.69 564.5  56569.
096  6:43:24 0.64 335.02 242.60 -7.21 1680  17.19   567.3  71807.  3.13 -4.75  18.47 -24.13  -3.22 0.72 0.77 0.71  0.70 567.8 285721. 11.59 574.3  91441.
096  6:44:05 0.64 335.02 242.59 -7.21 1680  14.32   574.7  33524.  5.49 -4.82  18.53 -23.53  -2.23 1.41 1.04 0.84  0.45 593.0 290230.  8.62 570.3  58969.
096  6:44:45 0.64 335.02 242.58 -7.21 1680  13.95   572.3  94062.  3.06 -5.17  19.77 -23.14  -1.65 1.22 1.07 0.68  0.98 561.8 131550. 10.97 575.8  84502.
096  6:45:26 0.64 335.02 242.58 -7.21 1680  16.05   576.7  55146.  4.52 -5.12  18.62 -23.84  -3.02 0.71 0.58 0.61  0.62 571.9 308331. 10.35 570.7  68055.
096  6:46:06 0.64 335.02 242.57 -7.21 1680  11.54   582.5  88176.  3.39 -4.46  17.77 -24.47  -3.94 1.01 0.59 0.96  0.63 567.5 293674. 12.15 577.3  53119.
096  6:46:47 0.64 335.02 242.57 -7.21 1680  12.60   586.0  80247.  4.46 -4.32  17.01 -24.76  -3.01 0.32 0.53 0.80  0.54 583.3 310553.  9.12 590.2 110158.
096  6:47:27 0.64 335.02 242.56 -7.21 1680  10.60   585.9  63234.  3.80 -3.94  17.41 -24.89  -3.20 0.33 0.24 0.41  0.58 577.0 324222. 16.00 581.4  34365.
096  6:48:08 0.64 335.02 242.56 -7.21 1680   7.43   578.0  59632.  5.66 -4.01  16.53 -25.12  -4.74 0.85 0.37 1.33  0.45 580.6 155081.  6.74 578.8  72480.
096  6:48:48 0.64 335.02 242.55 -7.21 1680  17.34   585.9  61006.  3.76 -4.61  18.78 -24.29  -0.32 0.82 0.66 2.25  0.54 575.2 362346. 14.10 583.8  57511.
096  6:49:29 0.64 335.02 242.54 -7.21 1680  13.03   575.8  30188.  6.11 -5.08  17.34 -25.65  -4.44 0.91 0.48 1.98  0.37 580.8 130133.  5.26 574.1  65177.
096  6:50:09 0.64 335.02 242.54 -7.21 1680   7.34   594.6  38072.  4.34 -3.96  15.30 -27.13  -5.13 0.47 0.23 1.13  0.34 594.2 324196.  9.84 584.9  32621.
096  6:50:50 0.64 335.02 242.53 -7.21 1680   5.05   604.8  77596.  4.97 -1.51  15.24 -27.00  -5.27 0.31 0.23 0.72  0.43 590.8 307551. 10.53 602.7  34953.
096  6:51:30 0.64 335.02 242.53 -7.21 1680   5.66   600.1  86844.  4.24 -2.35  15.43 -26.97  -5.41 0.25 0.26 0.42  0.54 597.0 326756.  6.07 595.9  74695.
096  6:52:11 0.64 335.02 242.52 -7.21 1680   5.06   609.7 117318.  4.65 -3.03  15.03 -27.28  -4.80 0.32 0.24 0.32  0.51 597.5 388126. 10.04 603.9  38364.
096  6:52:51 0.64 335.02 242.51 -7.21 1680   5.18   605.9  83726.  4.42 -3.41  15.20 -27.04  -4.70 0.33 0.23 0.32  0.48 604.0 168582.  4.97 601.3  85733.
096  6:53:32 0.64 335.02 242.51 -7.21 1680   6.09   606.8 122558.  4.65 -3.19  15.57 -26.69  -3.97 0.25 0.20 0.45  0.52 594.0 347975.  9.14 600.1  57618.
096  6:54:12 0.64 335.02 242.50 -7.21 1680   8.18   602.7  76768.  4.60 -4.14  15.18 -27.05  -3.29 0.36 0.24 0.31  0.47 596.5 247338.  6.15 597.2  83852.
096  6:54:53 0.64 335.02 242.50 -7.21 1680   7.16   607.1 112939.  5.09 -4.28  14.81 -27.25  -3.22 0.34 0.29 0.41  0.57 598.1 288749.  9.29 602.7  41184.
096  6:55:33 0.64 335.02 242.49 -7.21 1680  10.35   602.2  65057.  4.50 -4.22  14.50 -27.32  -3.24 0.68 0.41 0.35  0.63 600.1 247727.  7.41 599.3  78548.
096  6:56:14 0.64 335.02 242.48 -7.21 1680   9.43   612.3  64186.  5.37 -4.14  14.83 -27.03  -3.19 0.28 0.21 0.36  0.52 599.9 269557. 12.10 605.7  37539.
096  6:56:54 0.64 335.02 242.48 -7.21 1680   9.35   602.3  66366.  4.72 -4.33  15.23 -26.94  -3.42 0.20 0.18 0.25  0.54 604.0 153873.  6.48 599.5  80107.
096  6:57:35 0.64 335.02 242.47 -7.21 1680   8.54   606.5  74406.  4.91 -4.26  15.55 -26.75  -3.29 0.18 0.14 0.17  0.59 599.2 331343. 13.40 603.2  37594.
096  6:58:15 0.64 335.02 242.47 -7.21 1680  12.94   598.6  57371.  4.30 -4.46  15.43 -26.57  -3.48 0.19 0.16 0.24  0.57 593.2 309201.  7.76 593.9  74218.
096  6:58:56 0.64 335.02 242.46 -7.21 1680   8.14   599.1  82690.  4.80 -4.48  15.51 -26.21  -3.52 0.17 0.14 0.21  0.57 592.8 279056. 10.74 598.9  57127.
096  6:59:36 0.64 335.02 242.46 -7.21 1680  18.37   593.3  34866.  4.16 -4.93  15.97 -25.95  -3.49 0.17 0.16 0.23  0.54 589.1 338255. 10.09 588.7  62968.
096  7:00:17 0.64 335.02 242.45 -7.21 1680  10.50   588.6  74815.  5.10 -4.71  15.76 -26.32  -2.81 0.27 0.43 0.63  0.55 589.5 242920.  8.64 593.7  71161.
096  7:00:57 0.64 335.02 242.44 -7.21 1680  25.35   593.6  33118.  4.09 -5.08  15.94 -26.55  -3.33 0.41 0.34 0.81  0.60 589.6 272870. 11.40 587.6  58878.
096  7:01:38 0.64 335.02 242.44 -7.21 1680   8.34   589.6  82287.  4.82 -4.51  16.19 -26.35  -2.84 0.50 0.33 0.53  0.57 588.2 252080.  7.48 596.1  94004.
096  7:02:18 0.64 335.03 242.43 -7.21 1680  18.74   593.8  35840.  4.13 -4.86  16.21 -26.43  -2.69 0.34 0.25 0.49  0.56 583.9 345961. 10.12 588.9  64742.
096  7:02:59 0.64 335.03 242.43 -7.21 1680   9.81   588.2  78194.  5.31 -4.60  16.60 -26.36  -2.37 0.26 0.17 0.54  0.57 592.1 254198.  8.06 595.1  94361.
096  7:03:39 0.64 335.03 242.42 -7.21 1680  20.20   593.5  33362.  4.05 -5.03  17.18 -26.03  -1.51 0.24 0.21 0.46  0.60 585.1 490894. 11.11 587.2  57085.
096  7:04:20 0.64 335.03 242.41 -7.21 1680  13.85   584.8  64086.  5.88 -5.21  16.85 -26.06  -1.39 0.46 0.35 0.34  1.04 584.0 138722.  6.95 593.9 108307.
096  7:05:00 0.64 335.03 242.41 -7.21 1680  23.31   594.3  31539.  3.98 -5.21  17.97 -25.05  -1.35 0.57 0.36 0.23  0.55 572.8 404277. 13.75 584.0  33125.
096  7:05:41 0.64 335.03 242.40 -7.21 1680  19.48   579.5  50036.  5.89 -5.18  17.89 -24.90  -1.14 0.31 0.30 0.23  0.53 585.3 285475.  8.46 575.1  74887.
096  7:06:21 0.64 335.03 242.40 -7.21 1680  16.67   587.2  54840.  3.99 -5.17  17.71 -25.30  -1.34 0.42 0.48 0.39  0.61 570.6 359747. 12.13 584.3  59255.
096  7:07:02 0.64 335.03 242.39 -7.21 1680  22.09   576.0  26283.  5.74 -5.20  21.02 -23.00   1.11 1.09 0.95 0.84  0.72 582.9 122532.  6.07 574.5  61506.
096  7:07:42 0.64 335.03 242.39 -7.21 1680  14.22   561.2  40232.  3.93 -5.47  21.23 -22.47   1.15 0.24 0.18 0.34  1.81 562.9  90684.  6.73 570.4  51638.
096  7:08:23 0.64 335.03 242.38 -7.21 1680  16.78   572.4  27641.  4.16 -5.52  21.56 -21.88   1.43 0.32 0.42 0.35  0.38 562.5 353484. 13.93 563.2  26462.
096  7:09:03 0.64 335.03 242.37 -7.21 1680  17.29   563.2  42789.  4.01 -5.43  22.61 -20.88   2.66 0.58 0.64 0.91  0.07 645.8 528290.  7.88 571.5  52427.
096  7:09:44 0.64 335.03 242.37 -7.21 1680  12.09   568.9  30000.  2.76 -5.72  21.79 -22.06   1.90 0.34 0.34 0.67  0.24 553.5 366686. 14.66 560.8  25793.
096  7:10:24 0.64 335.03 242.36 -7.21 1680  14.65   562.2  42948.  3.85 -5.66  21.10 -22.81   1.86 0.27 0.23 0.20  1.47 560.7 104107.  6.89 571.5  49055.
096  7:11:05 0.64 335.03 242.36 -7.21 1680  14.48   570.3  27534.  3.29 -5.63  20.82 -23.16   1.47 0.19 0.18 0.39  0.29 574.5 629889. 13.67 561.8  26667.
096  7:11:45 0.64 335.03 242.35 -7.21 1680  11.29   566.9  48902.  3.94 -5.61  20.97 -23.34   1.35 0.27 0.20 0.43  1.21 560.5 111773.  8.06 576.0  33420.
096  7:12:26 0.64 335.03 242.34 -7.21 1680  17.94   573.2  26849.  5.09 -5.40  19.72 -24.41   0.54 1.01 0.88 0.68  0.34 575.6 297832.  9.75 564.1  29499.
096  7:13:06 0.64 335.03 242.34 -7.21 1680  10.16   570.0  50767.  4.05 -5.57  19.11 -25.00   0.17 0.84 0.77 0.74  1.01 559.3 100169.  8.34 576.6  33232.
096  7:13:47 0.64 335.03 242.33 -7.21 1680  15.77   575.6  26222.  5.29 -5.24  19.02 -25.23  -0.31 1.13 0.86 0.88  0.64 587.0 100468.  6.34 571.3  51602.
096  7:14:27 0.64 335.03 242.33 -7.21 1680  12.99   562.5  44182.  3.26 -5.63  21.75 -22.96   1.92 0.51 0.50 0.52  1.50 560.2 108525.  7.47 572.6  48243.
096  7:15:08 0.64 335.03 242.32 -7.21 1680  15.19   571.1  27726.  1.53 -5.86  20.99 -23.59   1.24 0.99 0.88 0.89  0.16 591.3 467713. 17.07 563.0  25283.
096  7:15:48 0.64 335.03 242.32 -7.21 1680  12.99   562.4  47213.  3.35 -5.78  19.78 -24.78   0.20 0.79 0.62 0.64  1.29 561.2 108901.  8.38 573.2  49740.
096  7:16:29 0.64 335.03 242.31 -7.21 1680  20.92   574.8  27264.  3.02 -5.46  21.13 -23.80   1.05 0.52 0.58 0.90  0.67 580.5 162670. 12.76 570.2  44289.
096  7:17:09 0.64 335.03 242.30 -7.21 1680   7.72   575.0  66844.  2.95 -6.07  21.21 -23.78   1.94 0.80 0.71 0.57  0.68 562.4 136435. 12.26 580.1  31361.
096  7:17:50 0.64 335.03 242.30 -7.21 1680  19.16   575.7  27875.  3.14 -5.48  21.53 -23.41   2.64 0.38 0.48 0.43  0.82 579.5 127586. 11.81 571.9  48136.
096  7:18:30 0.64 335.03 242.29 -7.21 1680  30.53   590.8  28648.  3.47 -5.33  20.54 -24.13   1.05 0.45 0.27 0.48  0.37 579.7 452133. 17.87 583.2  28210.
096  7:19:11 0.64 335.03 242.29 -7.21 1680  18.79   576.3  28996.  3.84 -5.52  23.11 -21.52   3.09 1.02 1.15 1.51  0.94 579.2 135825. 10.48 574.2  52745.
096  7:19:51 0.64 335.03 242.28 -7.21 1680  31.70   591.6  29132.  3.63 -5.33  19.94 -24.90  -0.12 2.76 2.70 2.22  0.58 578.6 361450. 14.18 584.0  31786.
096  7:20:32 0.64 335.03 242.27 -7.21 1680   5.99   588.3  56848.  4.94 -4.96  17.07 -27.54  -1.83 0.61 0.35 0.48  0.46 581.0 148792.  5.39 595.5  53639.
096  7:21:12 0.64 335.03 242.27 -7.21 1680  17.27   591.3  27307.  4.16 -5.24  16.34 -27.63  -0.41 0.61 0.43 1.12  0.48 592.7 288138.  6.93 582.7  32559.
096  7:21:53 0.64 335.03 242.26 -7.21 1680   6.29   587.1  57043.  5.21 -4.82  17.01 -27.27   0.83 0.92 0.57 1.49  0.62 588.8 232226.  6.76 595.6  49003.
096  7:22:33 0.64 335.03 242.26 -7.21 1680  17.59   593.1  29551.  3.98 -4.86  15.48 -27.83  -0.78 1.63 0.87 1.72  0.77 586.3 322286.  8.99 584.8  32221.
096  7:23:14 0.64 335.03 242.25 -7.21 1680   6.06   612.3  58069.  4.90 -2.86  18.26 -26.15   1.41 2.50 1.41 1.93  0.38 607.9 483540. 11.93 606.1  32861.
096  7:23:54 0.64 335.03 242.25 -7.21 1680  11.64   593.8  33449.  3.99 -4.58  17.62 -26.40   0.12 1.65 1.02 1.84  0.62 594.6 495195.  9.46 588.9  47697.
096  7:24:35 0.64 335.03 242.24 -7.21 1680   6.68   608.2  62500.  5.26 -4.05  18.48 -25.97  -1.91 2.04 1.37 1.66  0.46 600.5 437385. 10.87 603.8  34862.
096  7:25:15 0.64 335.04 242.23 -7.21 1680   8.92   601.3  51163.  4.43 -4.41  23.53 -22.38   1.52 1.11 0.98 1.13  0.54 601.0 517986.  7.81 593.9  57563.
096  7:25:56 0.64 335.04 242.23 -7.21 1680  14.34   590.4  53752.  4.45 -5.08  22.44 -22.45   5.27 1.39 1.12 2.57  0.92 589.3 236761. 10.18 595.5  51537.
096  7:26:36 0.64 335.04 242.22 -7.21 1680  18.46   599.3  29957.  4.03 -5.29  20.51 -24.65  -0.39 3.18 2.44 2.87  0.79 595.2 343362.  7.18 600.9  62351.
096  7:27:17 0.64 335.04 242.22 -7.21 1680  12.66   618.2  34261.  5.99 -0.58  16.27 -27.74  -2.33 0.55 0.36 0.80  0.47 616.5 521858.  7.81 611.9  50660.
096  7:27:57 0.64 335.04 242.21 -7.21 1680   7.85   602.3  58943.  4.00 -2.05  17.26 -27.16  -1.04 0.83 0.48 1.82  0.67 597.0 486892.  8.57 598.4  60756.
096  7:28:38 0.64 335.04 242.20 -7.21 1680   5.72   611.7  56358.  4.14 -2.05  18.57 -26.26   0.52 0.69 0.43 1.37  0.47 602.5 357954.  9.72 605.4  33612.
096  7:29:18 0.64 335.04 242.20 -7.21 1680   9.60   608.0  68101.  4.28 -1.74  17.60 -26.92   0.57 0.83 0.54 0.93  0.55 607.9 351730. 10.41 610.2  64255.
096  7:29:59 0.64 335.04 242.19 -7.21 1680   7.12   612.0  55653.  5.22 -1.96  20.89 -24.43   1.97 1.09 0.99 1.39  0.49 598.3 369324.  9.46 605.7  36178.
096  7:30:39 0.64 335.04 242.19 -7.21 1680   9.42   600.8  55016.  4.29 -3.88  20.67 -24.75   1.89 0.41 0.38 0.40  0.55 602.8 483488.  9.19 595.5  55292.
096  7:31:20 0.64 335.04 242.18 -7.21 1680   7.53   599.2  70956.  4.52 -4.32  20.60 -24.62   2.42 0.23 0.26 0.22  0.89 589.2 267205.  9.35 600.9  38475.
096  7:32:00 0.64 335.04 242.18 -7.21 1680  18.44   594.4  31614.  3.80 -4.97  21.47 -23.41   3.54 0.33 0.47 0.46  0.73 590.5 338801.  9.38 589.9  54844.
096  7:32:41 0.64 335.04 242.17 -7.21 1680  14.23   583.6  53544.  3.35 -4.90  22.82 -21.81   4.31 0.65 0.89 0.88  0.61 587.0 249988.  8.17 582.1  64849.
096  7:33:21 0.64 335.04 242.16 -7.21 1680  18.57   595.5  34661.  3.62 -4.84  22.55 -21.86   4.10 0.28 0.27 0.39  0.41 601.2 414594. 11.61 591.6  55981.
096  7:34:02 0.64 335.04 242.16 -7.21 1680  10.84   589.4  61578.  4.75 -4.61  22.58 -21.72   3.79 0.40 0.33 0.37  0.83 590.4 245376.  6.27 597.3  87910.
096  7:34:42 0.64 335.04 242.15 -7.21 1680  18.59   595.4  34853.  3.72 -4.79  22.12 -22.00   4.27 0.33 0.30 0.20  0.45 593.5 525250. 11.77 591.0  55513.
096  7:35:23 0.64 335.04 242.15 -7.21 1680  13.33   589.9  57998.  4.89 -4.80  22.61 -21.67   3.71 0.26 0.24 0.31  0.67 589.5 285592.  8.12 594.6  64920.
096  7:36:03 0.64 335.04 242.14 -7.21 1680  14.65   594.1  37601.  3.51 -4.56  22.65 -22.01   3.71 0.91 0.92 1.20  0.47 592.2 543311. 12.04 589.9  56319.
096  7:36:44 0.64 335.04 242.13 -7.21 1680  11.59   586.9  61714.  4.13 -4.82  22.78 -22.17   4.54 0.52 0.43 0.88  0.61 587.7 255004.  8.64 589.1  64151.
096  7:37:24 0.64 335.04 242.13 -7.21 1680  12.03   589.2  51270.  3.81 -4.46  22.32 -22.53   3.61 0.49 0.50 0.68  0.39 595.6 525016.  8.99 588.3  63660.
096  7:38:05 0.64 335.04 242.12 -7.21 1680   7.97   587.0  72743.  4.33 -4.35  22.76 -21.83   4.76 0.46 0.50 0.41  0.75 589.1 292400.  6.02 588.3  75264.
096  7:38:45 0.64 335.04 242.12 -7.21 1680  14.61   591.4  37172.  3.80 -4.84  21.88 -22.37   4.56 0.57 0.55 0.54  0.47 580.1 328419.  8.82 586.9  56374.
096  7:39:26 0.64 335.04 242.11 -7.21 1680  12.19   585.1  54408.  4.72 -4.57  22.36 -21.55   5.07 0.67 0.88 0.71  0.54 581.5 461840.  7.51 585.5  64651.
096  7:40:06 0.64 335.04 242.10 -7.21 1680  13.53   585.7  57329.  3.90 -4.96  21.94 -22.11   4.84 0.46 0.49 0.31  0.43 588.5 510177.  9.77 585.9  61220.
096  7:40:47 0.64 335.04 242.10 -7.21 1680  13.46   583.5  61740.  4.88 -4.96  22.62 -20.88   5.38 0.37 0.76 0.63  0.53 589.4 316400.  7.94 580.7  71258.
096  7:41:27 0.64 335.04 242.09 -7.21 1680  14.12   584.5  60509.  3.71 -4.85  22.38 -20.44   5.82 0.39 0.33 0.24  0.55 575.1 272611.  9.75 583.9  77434.
096  7:42:08 0.64 335.04 242.09 -7.21 1680  13.21   580.3  59573.  5.11 -4.96  -1.10  -9.62  -0.4619.9512.57 6.46  0.56 575.8 456642.  8.05 576.7  69985.
096  7:42:48 0.64 335.04 242.08 -7.21 1680  36.23   571.5 120290.  4.69 -6.55 -22.94   9.25  -6.14 0.77 2.69 1.12  0.69 562.3 353471. 28.67 566.1 136260.
096  7:43:29 0.64 335.04 242.07 -7.21 1680  33.91   573.3 112631.  6.80 -5.28 -21.81  13.09  -3.75 0.37 0.52 0.69  0.97 578.3 188891. 24.38 568.8 121889.
096  7:44:09 0.64 335.04 242.07 -7.21 1680  34.67   579.6 136822.  7.15 -4.74 -21.68  13.62  -3.37 0.49 0.81 0.64  0.60 576.2 332408. 28.14 574.9 118111.
096  7:44:50 0.64 335.04 242.06 -7.21 1680  34.39   575.2 120125.  7.30 -4.86 -21.01  14.57  -3.92 0.77 0.83 1.21  0.95 576.2 204263. 25.13 570.7 124504.
096  7:45:30 0.64 335.04 242.06 -7.21 1680  32.05   586.9 102408.  7.59 -5.73 -19.00  15.51  -7.05 1.90 2.15 4.42  0.58 576.3 357655. 24.65 579.0 108320.
096  7:46:11 0.64 335.04 242.05 -7.21 1680  34.15   585.5 118260.  8.09 -5.70 -20.54  15.68  -3.72 1.32 1.07 2.00  0.97 587.6 228484. 26.89 582.0 114430.
096  7:46:51 0.64 335.04 242.04 -7.21 1680  32.17   572.4 112946.  7.23 -3.74 -21.57  14.94  -2.27 0.41 0.49 0.91  0.75 569.5 511476. 28.83 571.0 108239.
096  7:47:32 0.64 335.04 242.04 -7.21 1680  32.05   572.1 112949.  7.30 -4.29 -21.48  15.57  -2.15 0.41 0.53 0.37  0.91 576.8 216516. 24.81 566.4 119355.
096  7:48:12 0.64 335.05 242.03 -7.21 1680  32.00   573.6 109184.  7.23 -4.35 -20.48  16.18  -2.43 0.50 0.41 0.93  0.71 565.7 489361. 27.32 572.3 111617.
096  7:48:53 0.64 335.05 242.03 -7.21 1680  36.59   577.2 117009.  7.75 -4.72 -21.52  14.48  -2.08 1.14 1.42 1.14  1.05 580.8 173870. 26.60 571.4 125092.
096  7:49:33 0.64 335.05 242.02 -7.21 1680  29.97   563.3 117276.  6.48 -4.35 -20.46  15.60  -2.62 0.77 0.80 1.20  0.72 566.1 465816. 29.21 565.2 138439.
096  7:50:14 0.64 335.05 242.01 -7.21 1680  38.63   576.7 116188.  7.43 -5.27 -20.13  15.55  -2.92 0.68 0.80 2.09  1.01 577.6 181225. 27.95 571.0 126437.
096  7:50:36 0.64 334.95 241.91 -7.24 1680  -1.00    -1.0     -1. -1.00 -1.00 -18.98  16.38   0.75 1.55 1.24 3.96 -1.00  -1.0     -1. -1.00  -1.0     -1.
096  7:50:56 0.64 335.05 242.01 -7.21 1680  36.17   576.1 144407.  7.48 -4.36 -18.51  16.63   1.65 1.23 1.15 3.60  0.63 578.3 349690. 29.91 572.4 118462.
096  7:51:36 0.64 335.05 242.00 -7.21 1680  36.05   578.7 130601.  7.84 -4.68 -20.70  14.34  -4.53 1.31 1.74 1.88  0.64 578.6 212774. 28.83 574.7 132518.
096  7:52:15 0.64 335.05 242.00 -7.21 1680  39.65   571.6 119449.  5.76 -6.30 -22.27   5.58 -11.76 0.92 3.86 2.22  0.52 573.3 309903. 31.65 568.1 141191.
096  7:52:56 0.64 335.05 241.99 -7.21 1680  34.12   578.0 132690.  5.60 -8.05 -20.59  11.05 -11.20 1.11 1.34 2.18  0.72 584.3 346351. 29.41 577.3 129523.
096  7:53:36 0.64 335.05 241.98 -7.21 1680  38.42   580.1 135506.  5.75 -7.23 -21.73   6.97 -12.31 2.27 3.56 1.29  0.63 572.2 413308. 28.89 576.9 121931.
096  7:54:17 0.64 335.05 241.98 -7.21 1680  34.38   566.1 111909.  4.01 -7.54 -22.91   4.30 -12.17 0.28 0.67 0.48  0.88 569.5 508176. 26.83 563.3 122873.
096  7:54:57 0.64 335.05 241.97 -7.21 1680  37.97   569.3 117165.  3.91 -7.44 -23.10   4.32 -12.08 0.34 0.84 0.39  0.52 569.2 321623. 30.86 566.4 130429.
096  7:55:38 0.64 335.05 241.97 -7.21 1680  34.85   566.2 112595.  4.29 -7.41 -23.21   4.70 -11.54 0.44 0.77 0.91  0.83 566.8 546547. 27.42 563.0 128499.
096  7:56:18 0.64 335.05 241.96 -7.21 1680  38.78   568.5 130624.  4.45 -7.12 -23.06   2.13 -12.06 0.45 2.26 0.82  0.71 561.3 328393. 31.62 565.0 145885.
096  7:56:59 0.64 335.05 241.95 -7.21 1680  38.52   563.8 155182.  2.26 -7.43 -23.14  -0.49 -11.74 0.35 1.41 0.66  0.86 560.6 374807. 28.66 563.0 140307.
096  7:57:39 0.64 335.05 241.95 -7.21 1680  40.91   565.9 128990.  3.19 -7.27 -22.64  -1.69 -11.33 0.46 0.88 0.53  0.85 565.3 296714. 32.43 562.4 142399.
096  7:58:20 0.64 335.05 241.94 -7.21 1680  42.01   558.2 160994.  3.25 -7.66 -19.66   8.55  -9.73 1.99 6.36 1.46  1.04 562.3 403576. 32.95 555.4 168991.
096  7:59:00 0.64 335.05 241.94 -7.21 1680  43.06   573.5 157436.  5.96 -6.74 -19.61   9.41 -10.73 0.84 3.04 1.58  0.81 570.2 430564. 34.54 567.9 156420.
096  7:59:21 0.64 335.05 241.93 -7.21 1680  37.69   542.1 125397.  0.00  0.00 -19.93   6.35 -12.18 0.54 1.99 1.05  0.84 542.3 295220. 33.61 541.8 132505.
096  8:00:42 0.64 335.05 241.92 -7.21 1680  42.75   567.9 182118.  5.75 -7.91 -18.72  10.14 -10.83 1.59 2.94 1.03  0.77 570.0 481448. 34.02 561.4 181089.
096  8:02:03 0.64 335.05 241.91 -7.21 1680  35.49   573.9 140145.  2.60 -7.73 -18.44   9.01 -13.97 1.42 2.50 0.75  0.67 562.5 647964. 27.92 570.2 139437.
096  8:03:24 0.64 335.05 241.90 -7.21 1680  35.30   565.8 162329.  0.38 -6.46 -23.70  -3.34 -10.37 0.57 1.73 1.56  0.62 567.0 490595. 30.20 566.2 156907.
096  8:04:45 0.64 335.05 241.89 -7.21 1680  32.24   576.7 127619.  1.93 -7.73 -22.39   0.57 -13.51 0.88 1.94 1.01  0.55 580.8 458669. 26.64 577.2 150501.
096  8:06:06 0.64 335.05 241.88 -7.21 1680  40.81   569.8 149682.  4.10 -6.25 -22.88   5.59  -9.53 1.15 2.53 2.08  0.49 568.1 257122. 31.59 564.6 147311.
096  8:07:27 0.64 335.05 241.86 -7.21 1680  35.26   585.7 136663.  6.85 -6.83 -20.12  12.14 -10.49 1.90 3.56 0.98  0.57 590.1 431824. 30.13 586.6 148484.
096  8:08:48 0.64 335.05 241.85 -7.21 1680  37.99   590.3 110665.  5.48 -7.35 -17.12  15.65 -13.40 0.92 1.37 1.17  0.68 596.5 696742. 28.06 585.3 125722.
096  8:10:09 0.64 335.05 241.84 -7.21 1680  32.53   575.1 117763.  3.67 -7.13 -20.05  13.59 -11.57 2.68 3.92 2.01  0.32 582.9 158499. 26.42 574.1 122353.
096  8:11:30 0.64 335.06 241.83 -7.21 1680  38.82   577.5  80848.  3.79 -6.83 -22.89   9.91 -11.93 0.53 0.98 0.53  0.34 582.0 597392. 27.38 572.8 104178.
096  8:12:51 0.64 335.06 241.82 -7.21 1680  37.18   571.8 116707.  3.10 -6.02 -24.02   8.84 -10.09 0.30 0.39 0.38  0.68 568.4 369337. 27.20 568.2 125023.
096  8:14:12 0.64 335.06 241.81 -7.21 1680  38.08   571.3 111422.  0.00  0.00 -23.11  10.26  -9.97 0.61 2.01 1.20  0.50 578.4 379797. 28.91 572.3 112400.
096  8:15:33 0.64 335.06 241.79 -7.21 1680  34.47   571.9 123253.  3.83 -6.86 -21.94  10.83 -11.78 0.79 0.82 1.26  0.69 573.2 642714. 26.13 568.6 131111.
096  8:16:54 0.64 335.06 241.78 -7.21 1680  37.87   571.2 102843.  4.54 -5.25 -23.41  10.72  -8.76 0.57 1.10 1.33  0.40 581.4 364347. 28.79 569.0  97792.
096  8:18:15 0.64 335.06 241.77 -7.21 1680  35.12   568.9 123373.  3.76 -6.03 -23.59  11.05  -7.83 0.65 1.02 0.75  0.63 577.0 202964. 26.98 566.1 127648.
096  8:19:36 0.64 335.06 241.76 -7.21 1680  40.56   569.0 110795.  4.64 -6.10 -23.18  11.51  -8.07 0.40 0.92 0.50  0.46 569.3 262125. 28.54 561.8 108671.
096  8:20:57 0.64 335.06 241.75 -7.21 1680  33.72   572.3 126726.  5.03 -5.25 -22.86  11.76  -7.86 0.81 2.07 0.76  0.54 578.6 263151. 29.65 572.1 124133.
096  8:22:18 0.64 335.06 241.73 -7.21 1680  40.01   571.0 110779.  4.95 -6.05 -22.06  12.95  -8.98 0.33 0.32 0.35  0.46 574.9 448508. 29.93 565.6 126615.
096  8:23:39 0.64 335.06 241.72 -7.21 1680  34.41   571.3 113845.  5.82 -5.96 -20.45  15.89  -7.51 0.68 1.10 1.00  0.77 565.0 417986. 27.43 567.2 120251.
096  8:25:00 0.64 335.06 241.71 -7.21 1680  40.11   580.0 122792.  5.53 -5.70 -21.32  15.55  -8.01 0.92 1.89 1.06  0.50 582.3 382123. 28.43 576.2 114810.
096  8:26:21 0.64 335.06 241.70 -7.21 1680  39.93   573.2 125004.  4.40 -5.91 -22.31  11.96  -8.89 0.53 0.90 0.33  0.49 587.0 247312. 30.39 569.7 128824.
096  8:27:42 0.64 335.06 241.69 -7.21 1680  43.50   574.0 102801.  4.59 -5.93 -22.26  13.36  -9.16 0.37 0.53 0.42  0.56 571.3 407941. 32.34 571.3 107284.
096  8:29:03 0.64 335.06 241.68 -7.21 1680  35.19   572.8 114440.  4.82 -5.73 -22.66  12.84  -8.15 0.64 1.45 1.22  0.53 590.0 224910. 27.42 569.1 119332.
096  8:30:24 0.64 335.06 241.66 -7.21 1680  43.14   573.5 109340.  5.50 -5.69 -21.26  14.15  -7.99 0.91 1.42 1.00  0.68 574.2 454096. 32.42 571.2 108131.
096  8:31:45 0.64 335.06 241.65 -7.21 1680  40.43   568.6 114719.  3.45 -6.38 -22.59   8.54 -10.06 0.51 1.25 0.34  0.85 571.4 434709. 30.95 564.3 124354.
096  8:33:06 0.64 335.06 241.64 -7.21 1680  40.45   569.5 108586.  4.12 -5.91 -23.21   9.53  -9.45 0.32 0.73 0.74  0.58 569.9 410085. 32.01 566.5 123396.
096  8:34:27 0.64 335.07 241.63 -7.21 1680  40.24   570.5 123614.  4.04 -5.94 -22.78   9.69  -9.47 0.58 2.08 1.06  0.64 568.7 559398. 31.50 566.4 129613.
096  8:35:48 0.64 335.07 241.62 -7.21 1680  40.51   563.1 132014.  3.10 -5.79 -22.19  10.30  -7.87 1.50 3.50 0.76  0.48 569.7 416972. 33.46 561.4 147054.
096  8:37:09 0.64 334.97 241.51 -7.23 1680  -1.00    -1.0     -1. -1.00 -1.00 -22.53   6.96 -10.91 0.67 1.97 1.43 -1.00  -1.0     -1. -1.00  -1.0     -1.
096  8:40:19 0.64 335.07 241.58 -7.21 1680  41.63   579.8 123568.  1.82 -7.40 -19.47   5.31 -16.33 0.81 1.63 1.20  0.66 573.2 627680. 33.43 578.4 119287.
096  8:41:12 0.64 335.07 241.57 -7.21 1680  43.77   575.0 130893. -1.24 -7.54 -20.76   0.23 -15.70 0.88 1.50 0.93  0.58 575.5 459657. 32.70 576.1 120843.
096  8:42:33 0.64 335.07 241.56 -7.21 1680  41.95   575.0 129688.  1.36 -7.28 -20.30   5.17 -14.29 0.67 3.20 0.79  1.04 573.7 500523. 33.69 574.0 133661.
096  8:43:54 0.64 335.07 241.55 -7.21 1680  44.03   576.0 148139.  0.21 -7.17 -18.01  -4.65 -16.59 1.18 0.82 1.07  0.81 574.0 448170. 35.18 574.7 154078.
096  8:45:15 0.64 335.07 241.54 -7.21 1680  42.93   577.7 151320.  1.04 -8.02 -20.36  -1.87 -14.30 1.02 1.49 1.55  1.11 572.8 627329. 35.44 578.1 168134.
096  8:46:36 0.64 335.07 241.52 -7.21 1680  35.66   583.2 166149.  3.36 -8.39 -15.33   5.76 -18.63 1.06 2.20 0.89  0.90 586.5 658839. 27.80 580.1 171262.
096  8:47:57 0.64 335.07 241.51 -7.21 1680  36.70   562.6 263843.  1.87 -7.30 -19.71   3.96 -14.00 1.73 1.32 1.93  0.85 570.0 678759. 30.40 561.9 277987.
096  8:49:18 0.64 335.07 241.50 -7.21 1680  37.45   572.8 209386.  2.74 -7.80 -19.59   3.61 -14.25 0.67 1.18 0.63  0.74 566.6 518051. 29.05 567.6 217146.
096  8:50:39 0.64 335.07 241.49 -7.21 1680  34.67   574.6 201476.  2.89 -7.62 -19.86   3.55 -14.36 1.57 1.82 1.65  0.78 565.6 747314. 28.49 574.6 191142.
096  8:52:00 0.64 334.97 241.38 -7.23 1680  -1.00    -1.0     -1. -1.00 -1.00 -21.74   2.91 -11.14 0.47 0.52 0.87 -1.00  -1.0     -1. -1.00  -1.0     -1.
096  8:53:29 0.64 335.07 241.46 -7.21 1680  40.10   573.3 216429.  2.75 -7.46 -21.27   3.49 -12.39 0.49 0.79 0.89  0.74 567.9 684788. 31.31 567.3 211228.
096  8:54:42 0.64 335.07 241.45 -7.21 1680  36.15   573.1 201625.  3.27 -8.07 -19.37   4.21 -14.98 0.74 1.12 0.91  0.68 574.6 483514. 27.99 569.0 206115.
096  8:56:03 0.64 335.07 241.44 -7.21 1680  38.52   585.6 179461.  1.30 -8.43 -16.78  -0.43 -16.32 2.61 5.92 1.57  0.86 602.8 674900. 30.99 583.5 188534.
096  8:57:24 0.64 335.08 241.43 -7.21 1680  35.61   597.8 136666. -0.52 -7.68  -8.31 -14.28 -15.72 3.86 3.40 2.54  0.99 596.9 820665. 29.58 601.2 156576.
096  8:58:45 0.64 335.08 241.42 -7.21 1680  35.55   607.8 124848. -0.71 -7.70  -7.92 -13.15 -17.28 1.61 1.46 0.82  0.92 608.0 668377. 29.00 605.8 130234.
096  9:00:06 0.64 335.08 241.41 -7.21 1680  35.80   614.6 181998. -1.71 -6.47 -12.71  -4.82 -15.89 5.86 8.25 1.80  0.76 607.8 470598. 27.83 618.1 143156.
096  9:01:27 0.64 335.08 241.39 -7.21 1680  19.57   617.1 163339.  0.59 -6.19   4.76 -12.71 -13.8811.42 7.89 3.54  0.73 634.7 733346. 16.32 619.0 212946.
096  9:02:48 0.64 335.08 241.38 -7.20 1680  20.59   623.3 215837. -0.86 -6.95   8.76 -14.92 -17.26 3.46 5.53 1.94 -1.00  -1.0     -1. 15.60 621.4 211722.
096  9:04:09 0.64 335.08 241.37 -7.20 1680  16.65   612.9 171025.  1.03 -6.12   4.48 -17.18 -20.93 1.30 2.40 1.34 -1.00  -1.0     -1. 13.98 613.3 202967.
096  9:05:30 0.64 335.08 241.36 -7.20 1680  23.01   639.3 241617.  2.66-10.20   4.65 -14.13 -20.43 2.30 3.33 1.54 -1.00  -1.0     -1. 18.34 640.7 239902.
096  9:06:51 0.64 335.08 241.34 -7.20 1680  -1.00    -1.0     -1. -1.00 -1.00   3.74 -14.26 -22.31 2.15 2.48 1.56 -1.00  -1.0     -1. 18.97 624.6 204763.
096  9:08:12 0.64 335.08 241.33 -7.20 1680  24.52   621.2 226983.  0.00  0.00   2.88 -12.76 -20.48 2.48 1.69 1.25  0.74 623.4 474119. 20.95 622.9 279062.
096  9:09:33 0.64 335.08 241.32 -7.20 1680  26.08   632.7 262586.  0.00  0.00   3.86 -11.15 -21.11 4.06 3.15 1.86  0.67 628.8 574314. 20.46 631.4 272910.
096  9:10:54 0.64 335.08 241.31 -7.20 1680  21.67   612.3 226281. -0.33 -9.82   7.39  -9.29 -21.70 5.55 3.17 1.84  0.71 609.9 715557. 18.49 612.1 227412.
096  9:12:15 0.64 335.08 241.30 -7.20 1680  24.29   629.0 297978.  0.00  0.00  17.41  -8.77 -18.82 1.13 1.90 0.91  0.75 600.1 630734. 18.94 631.4 256456.
096  9:13:36 0.64 335.08 241.29 -7.20 1680  25.07   624.7 269443.  0.45 -7.71  18.47 -11.56 -17.15 0.88 0.64 1.23  0.77 607.0 587191. 20.29 621.9 269603.
096  9:14:57 0.64 335.08 241.27 -7.20 1680  27.54   633.9 324605. -0.28 -8.35  15.05 -12.76 -18.32 6.02 1.30 2.85  0.80 625.6 882996. 21.14 634.3 285933.
096  9:16:18 0.64 335.08 241.26 -7.20 1680  26.76   616.3 192504. -0.32 -8.89  -6.21  -9.51 -20.3311.50 5.08 4.03 -1.00  -1.0     -1. 20.44 612.4 203347.
096  9:17:39 0.64 335.08 241.25 -7.20 1680  22.81   546.0 205793.  4.56 -7.30 -23.13   2.18 -13.94 3.10 3.74 2.05  0.82 561.1 617623. 19.42 541.1 195359.
096  9:19:00 0.64 335.08 241.24 -7.20 1680  -1.00    -1.0     -1. -1.00 -1.00 -23.41   1.12 -14.06 0.51 0.58 0.82 -1.00  -1.0     -1. 20.28 530.2 227805.
096  9:20:21 0.64 335.09 241.23 -7.20 1680  25.22   549.4 245057.  3.64 -6.77 -25.25   3.21 -11.60 1.22 1.99 2.12  0.67 564.9 741532. 19.03 551.4 206492.
096  9:21:42 0.64 335.09 241.21 -7.20 1680  21.00   539.4 178214.  3.92 -7.39 -24.99   3.98 -11.22 0.81 0.45 1.40  0.50 573.7 478160. 17.27 539.8 216513.
096  9:23:03 0.64 335.09 241.20 -7.20 1680  19.70   545.0 172094.  3.65 -7.38 -24.24   4.68 -12.12 0.36 0.74 0.51  0.49 565.8 629798. 16.33 541.0 168260.
096  9:24:24 0.64 335.09 241.19 -7.20 1680  21.60   556.9 185276.  3.64 -6.64 -24.27   6.31  -9.46 0.54 1.99 1.19 -1.00  -1.0     -1. 17.79 552.7 190421.
096  9:25:45 0.64 335.09 241.18 -7.20 1680  18.80   545.7 162455.  5.61 -6.04 -23.83   6.02 -12.62 0.28 1.21 1.88  0.55 566.1 633657. 15.31 542.1 164349.
096  9:27:06 0.64 335.09 241.17 -7.20 1680  20.86   548.8 137653.  4.98 -6.66 -23.39   6.76 -12.07 0.38 0.55 0.99 -1.00  -1.0     -1. 17.52 546.5 167637.
096  9:28:27 0.64 335.09 241.16 -7.20 1680  21.76   555.6 166834.  0.00  0.00 -23.13   6.98 -11.81 0.31 0.39 0.72  0.47 561.3 662114. 17.67 554.6 163157.
096  9:29:48 0.64 335.09 241.14 -7.20 1680  21.57   553.0 133164.  4.68 -6.64 -23.36   7.44  -9.94 0.40 0.32 0.84  0.46 572.8 460956. 18.07 550.9 162615.
096  9:40:25 0.64 335.09 241.05 -7.20 1680  18.42   553.3 128395.  4.59 -5.49 -21.35  10.65  -8.29 0.38 0.66 0.72  0.40 578.6 285345. 15.15 551.9 159109.
096  9:41:46 0.64 335.09 241.04 -7.20 1680  19.05   555.6 162550.  4.35 -5.93 -21.81   9.95  -7.69 0.29 0.71 0.59  0.48 568.3 673016. 15.86 552.1 156423.
096  9:43:07 0.64 335.10 241.03 -7.20 1680  22.07   545.3 167234.  5.07 -6.09 -21.75   9.33  -7.56 0.33 1.44 1.33  0.45 576.1 327367. 17.86 543.1 199179.
096  9:44:28 0.64 335.10 241.02 -7.20 1680  19.30   556.0 163472.  4.43 -5.33 -19.40  13.60  -7.10 1.44 1.38 1.90  0.45 579.7 452549. 15.29 552.3 163378.
096  9:45:49 0.64 335.10 241.00 -7.20 1680  20.16   552.3 210572.  4.05 -6.14 -19.29  14.85  -3.43 0.33 0.73 1.69  0.46 582.7 573379. 16.57 550.4 188713.
096  9:47:10 0.64 335.10 240.99 -7.20 1680  19.95   561.7 194722.  4.22 -4.71 -20.54  13.62  -4.62 0.63 1.38 1.82  0.37 583.1 448118. 16.56 560.4 213037.
096  9:48:31 0.64 335.10 240.98 -7.20 1680  17.91   555.8 173994.  3.46 -6.46 -20.94  12.55  -6.60 0.38 0.54 0.60  0.46 572.0 496754. 15.00 551.8 173510.
096  9:49:52 0.64 335.10 240.97 -7.20 1680  18.65   560.0 194164.  3.54 -6.66 -20.55  13.70  -4.87 0.28 0.66 1.24  0.50 590.4 478693. 15.46 558.4 215649.
096  9:51:13 0.64 335.10 240.96 -7.20 1680  18.78   555.3 168598.  0.00  0.00 -20.28  13.81  -5.32 0.36 0.41 0.51  0.52 576.3 480837. 15.52 554.0 173974.
096  9:52:34 0.64 335.10 240.95 -7.20 1680  19.14   561.0 180351.  4.03 -6.28 -19.99  13.73  -5.76 0.30 0.34 0.56  0.65 578.3 709372. 15.41 557.3 173858.
096  9:53:55 0.64 335.10 240.93 -7.20 1680  18.89   562.0 178629.  4.03 -6.14 -20.62  12.78  -5.62 0.29 0.37 0.36  0.53 588.9 445546. 15.80 558.0 175589.
096  9:55:16 0.64 335.10 240.92 -7.20 1680  19.50   555.4 176729.  0.00  0.00 -21.24  12.28  -4.86 0.23 0.32 0.37  0.58 571.7 641986. 15.42 554.7 168108.
096  9:56:37 0.64 335.10 240.91 -7.20 1680  18.68   563.0 197893.  4.18 -6.12 -20.04  14.31  -4.79 1.13 1.64 0.54  0.43 580.2 497703. 15.15 558.5 189457.
096  9:57:58 0.64 335.10 240.90 -7.20 1680  19.33   557.0 207330.  3.77 -6.67 -19.15  15.48  -4.15 1.30 1.50 1.60  0.37 590.2 470780. 15.75 556.1 239645.
096  9:59:19 0.64 335.10 240.89 -7.20 1680  19.42   558.6 187105.  3.27 -5.95 -19.42  15.00  -3.24 0.40 0.39 0.54  0.42 576.3 506045. 15.67 555.1 191753.
096 10:02:01 0.64 335.10 240.86 -7.20 1680  18.32   550.2 141896.  0.00  0.00 -19.88  14.89  -3.34 0.31 0.38 0.48  0.42 571.9 475172. 15.36 550.7 172600.
096 10:03:22 0.64 335.10 240.85 -7.20 1680  20.25   551.1 164210.  3.05 -6.79 -21.75  10.64  -5.81 0.68 1.40 0.98  0.42 567.6 650861. 15.71 549.6 162108.
096 10:04:43 0.64 335.10 240.84 -7.20 1680  17.46   549.9 135298.  3.71 -7.75 -20.00  11.50  -7.05 8.17 6.51 8.67  0.42 575.0 332902. 14.55 548.8 163420.
096 10:06:04 0.64 335.11 240.83 -7.20 1680  15.66   552.6 175917.  4.66 -6.66 -19.82  13.97  -6.27 0.45 0.48 0.81  0.36 582.9 432097. -1.00  -1.0     -1.
096 10:07:25 0.64 335.11 240.82 -7.20 1680  16.41   551.4 127902.  4.80 -7.12 -19.95  14.08  -6.51 0.45 0.69 0.77  0.39 568.7 453446. 13.99 548.8 154516.
096 10:08:46 0.64 335.11 240.81 -7.20 1680  17.15   559.3 172279.  6.09 -6.55 -18.86  15.64  -5.08 0.58 0.72 1.26  0.37 584.9 469545. 14.01 554.3 161504.
096 10:10:07 0.64 335.11 240.79 -7.20 1680  16.93   548.2 132472.  0.00  0.00 -19.30  15.22  -4.20 0.60 0.77 0.35  0.38 584.9 465088. 13.63 548.2 158470.
096 10:11:28 0.64 335.11 240.78 -7.20 1680  16.74   547.8 157609.  5.37 -5.59 -20.01  15.22  -3.53 0.39 0.66 0.55  0.48 569.5 729500. 13.67 545.7 158651.
096 10:12:49 0.64 335.11 240.77 -7.20 1680  15.80   552.3 136039.  5.43 -5.61 -19.15  15.99  -3.57 0.44 0.50 0.73  0.34 582.1 336735. 13.58 549.8 161601.
096 10:14:10 0.64 335.11 240.76 -7.20 1680  16.66   550.1 164174.  5.15 -5.38 -19.71  16.23  -3.74 0.24 0.25 0.41  0.41 566.8 591544. 13.44 548.3 157563.
096 10:15:31 0.64 335.11 240.75 -7.20 1680  15.23   549.3 132498.  4.99 -5.15 -19.74  16.09  -3.76 0.41 0.54 0.43 -1.00  -1.0     -1. 12.72 544.3 129016.
096 10:16:54 0.64 335.11 240.73 -7.20 1680  16.59   544.9 157326.  4.52 -6.64 -19.79  15.75  -4.00 0.34 0.46 1.08  0.36 573.9 508215. 13.35 543.4 158473.
096 10:18:13 0.64 335.11 240.72 -7.20 1680  -1.00    -1.0     -1. -1.00 -1.00 -19.54  16.59  -2.24 0.18 0.26 0.47 -1.00  -1.0     -1. 12.87 544.0 127827.
096 10:19:34 0.64 335.11 240.71 -7.20 1680  16.07   545.8 156374.  4.83 -4.36 -19.64  16.35  -2.24 0.22 0.29 0.56  0.23 584.1 423157. 13.41 542.7 156225.
096 10:20:55 0.64 335.11 240.70 -7.20 1680  16.72   550.1 137150.  4.62 -4.61 -19.58  16.34  -1.36 0.21 0.20 0.68  0.38 576.8 278185. 13.84 547.5 161166.
096 10:22:16 0.64 335.11 240.69 -7.20 1680  18.45   551.3 155559.  4.21 -4.53 -19.84  15.40  -2.83 0.41 0.94 1.04  0.42 560.7 488854. 14.94 548.9 151063.
096 10:23:37 0.64 335.11 240.68 -7.20 1680  23.01   556.5 125368.  4.43 -4.55 -20.26  12.44  -4.5513.62 4.9310.10  0.39 569.1 423027. 20.06 553.2 120865.
096 10:24:58 0.64 335.11 240.66 -7.20 1680  24.96   550.6 137082.  0.00  0.00 -18.40  14.99  -2.81 0.65 1.09 1.01  0.42 565.6 544455. 19.21 549.6 147415.
096 10:26:19 0.64 335.11 240.65 -7.20 1680  21.97   546.3 150988.  4.77 -4.33 -19.71  12.69  -5.08 0.40 0.77 0.78  0.43 563.3 477471. 18.43 545.3 131433.
096 10:27:40 0.64 335.11 240.64 -7.20 1680  21.68   551.5 143452.  2.72 -5.02 -19.58  13.33  -5.73 0.99 0.95 0.97  0.48 570.5 455512. 16.58 549.6 151248.
096 10:29:01 0.64 335.12 240.63 -7.20 1680  25.12   569.5 119761.  0.00  0.00 -20.40  11.62  -5.71 0.47 0.95 0.49  0.48 580.5 410475. 19.50 567.9 135886.
096 10:30:22 0.64 335.12 240.62 -7.20 1680  21.69   564.2 160185.  0.32 -5.61 -20.89  10.62  -5.62 0.49 1.12 0.60  0.60 571.8 387593. 16.34 564.9 165818.
096 10:31:43 0.64 335.12 240.60 -7.20 1680  25.17   563.3 132946. -0.09 -5.56 -21.22  10.67  -5.18 0.23 0.64 0.65  0.43 571.8 373482. 19.03 558.7 127229.
096 10:33:04 0.64 335.12 240.59 -7.20 1680  21.65   564.5 120125.  0.25 -5.47 -21.15  10.81  -5.66 0.28 0.76 0.39  0.68 565.3 331590. 17.12 564.1 134860.
096 10:37:07 0.64 335.02 240.46 -7.23 1680  -1.00    -1.0     -1. -1.00 -1.00 -21.58  13.07  -4.89 0.39 0.77 0.71 -1.00  -1.0     -1. -1.00  -1.0     -1.
096 10:38:28 0.64 335.12 240.55 -7.20 1680  -1.00    -1.0     -1. -1.00 -1.00 -22.29  13.25  -4.82 0.34 0.59 0.50 -1.00  -1.0     -1. 12.12 576.6  72428.
096 10:39:49 0.64 335.12 240.53 -7.20 1680  16.88   576.2  61691. -0.43 -4.44 -23.18  11.42  -5.15 0.31 0.71 0.51  0.23 574.0 385709. 18.21 572.0  49955.
096 10:41:10 0.64 335.12 240.52 -7.20 1680  17.58   570.8  69345.  1.03 -4.31 -22.63  12.35  -5.07 0.35 0.65 0.77  0.43 576.1 407669. 12.68 573.0  87578.
096 10:42:31 0.64 335.12 240.51 -7.20 1680  16.65   574.4  62276. -0.38 -4.32 -23.08  11.28  -5.36 0.43 0.89 0.54  0.21 565.5 504733. 18.22 571.7  50471.
096 10:43:52 0.64 335.12 240.50 -7.20 1680  17.50   572.7  53804.  1.00 -4.58 -22.30  11.36  -5.40 7.44 3.28 4.94  0.93 578.6 126040. 12.18 572.4  87260.
096 10:45:13 0.64 335.12 240.49 -7.20 1680  15.51   576.6  62471. -0.03 -4.51 -23.02  11.12  -6.07 0.29 0.50 0.57  0.18 589.5 569910. 17.54 573.0  48266.
096 10:46:34 0.64 335.12 240.47 -7.20 1680  18.85   568.6  74094.  1.08 -4.20 -22.46  11.50  -5.26 0.38 0.58 0.70  0.52 580.4 155627. 14.14 568.8  91184.
096 10:47:55 0.64 335.12 240.46 -7.20 1680  17.58   564.4 108674.  0.00  0.00 -21.85  12.10  -4.32 0.34 0.53 0.77  0.33 569.9 338255. 16.61 566.1  72181.
096 10:49:16 0.64 335.12 240.45 -7.20 1680  19.32   565.3  88212.  1.82 -3.89 -21.53  11.44  -5.17 0.30 0.66 0.38  0.59 567.9 322260. 14.86 564.1 103756.
096 10:50:37 0.64 335.13 240.44 -7.20 1680  17.84   564.5 109886.  1.18 -4.08 -21.64  10.73  -5.18 0.32 0.76 0.55  0.35 569.2 332915. 17.80 566.4  70995.
096 10:51:58 0.64 335.13 240.43 -7.20 1680  19.86   565.8  92666.  1.53 -4.24 -21.12  11.57  -5.44 0.67 1.63 1.14  0.59 569.7 217478. 15.18 564.2 107417.
096 10:53:19 0.64 335.13 240.42 -7.20 1680  18.53   565.0 112231.  1.86 -4.08 -19.68  12.23  -4.16 0.49 2.10 0.44  0.31 563.5 359487. 18.06 566.0  71697.
096 10:54:40 0.64 335.13 240.40 -7.20 1680  26.38   551.1 138768.  2.55 -4.34 -19.80  10.53  -4.08 0.33 0.71 0.68  0.56 562.1 324521. 20.23 547.8 150537.
096 10:56:01 0.64 335.13 240.39 -7.20 1680  18.54   559.4 135175.  2.51 -3.81 -19.72  12.53  -3.58 0.39 0.53 0.53  0.30 570.5 297364. 18.13 557.7 120648.
096 10:57:22 0.64 335.13 240.38 -7.20 1680  25.09   547.8 149293.  2.97 -4.57 -19.05  11.99  -4.37 0.43 0.49 0.42  0.42 563.3 353900. 19.45 544.4 162147.
096 10:58:43 0.64 335.13 240.37 -7.20 1680  22.41   543.9 186663.  2.69 -4.19 -19.59  11.98  -3.32 0.33 0.66 0.65  0.40 552.2 540959. 20.73 549.1 151290.
096 11:00:04 0.64 335.13 240.36 -7.20 1680  24.78   549.3 121775.  2.82 -3.97 -18.84  13.03  -2.27 0.33 0.37 0.38  0.49 564.8 302198. 19.77 547.1 143575.
096 11:01:25 0.64 335.03 240.25 -7.23 1680  -1.00    -1.0     -1. -1.00 -1.00 -18.90  13.39  -3.01 0.36 0.32 0.42 -1.00  -1.0     -1. -1.00  -1.0     -1.
096 11:02:46 0.64 335.03 240.24 -7.23 1680  -1.00    -1.0     -1. -1.00 -1.00 -18.91  11.61  -3.45 0.22 0.44 0.65 -1.00  -1.0     -1. -1.00  -1.0     -1.
096 11:04:07 0.64 335.13 240.32 -7.20 1680  22.24   543.6 162995.  2.59 -4.77 -19.51   9.51  -5.07 0.43 1.05 0.67  0.40 547.4 486528. 20.41 548.1 138745.
096 11:05:28 0.64 335.13 240.31 -7.20 1680  22.96   543.4 149124.  2.08 -4.87 -20.32   7.53  -5.54 0.30 0.43 0.62  0.34 555.5 272546. 19.24 540.4 153447.
096 11:06:49 0.64 335.13 240.30 -7.20 1680  20.69   539.6 164132.  2.78 -4.49 -20.36   8.09  -4.07 0.25 0.51 0.81  0.38 546.5 487386. 17.96 539.5 163865.
096 11:08:10 0.64 335.13 240.29 -7.20 1680  22.47   546.9 122876.  2.92 -3.87 -19.17  11.74  -3.20 0.48 1.19 0.88  0.36 566.3 219986. 18.44 545.9 151645.
096 11:09:31 0.64 335.13 240.27 -7.20 1680  20.01   538.5 158375.  0.00  0.00 -19.32  11.92  -2.81 0.32 0.31 0.40  0.39 544.1 485826. 16.86 539.9 158681.
096 11:10:52 0.64 335.13 240.26 -7.20 1680  22.14   548.5 140606.  2.75 -4.22 -19.02  12.04  -2.71 0.39 0.68 0.55 -1.00  -1.0     -1. 18.31 544.2 141620.
096 11:12:15 0.64 335.13 240.25 -7.20 1680  19.60   543.8 145258.  4.18 -3.26 -16.92  15.00  -1.28 0.80 0.92 1.08  0.49 549.7 568389. 16.02 543.9 134379.
096 11:13:34 0.64 335.04 240.14 -7.23 1680  -1.00    -1.0     -1. -1.00 -1.00 -16.14  15.75  -0.90 0.55 0.49 0.92 -1.00  -1.0     -1. -1.00  -1.0     -1.
096 11:14:55 0.64 335.14 240.23 -7.20 1680  18.02   546.7 116564.  4.10 -4.09 -16.21  15.43  -1.76 0.63 0.55 1.11  0.49 552.5 579707. 14.13 543.6 121762.
096 11:16:16 0.64 335.14 240.21 -7.20 1680  17.98   546.1 116685.  3.34 -3.38 -17.09  14.73  -0.71 0.75 0.73 0.70  0.35 555.1 405213. 15.68 544.1 124085.
096 11:17:37 0.64 335.14 240.20 -7.20 1680  17.73   540.6 134272.  3.43 -3.63 -17.05  14.81  -1.64 0.36 0.36 0.92  0.34 569.6 286553. 14.47 540.6 114690.
096 11:18:58 0.64 335.14 240.19 -7.20 1680  18.74   543.7 111932.  2.84 -4.36 -17.32  14.52  -1.89 0.38 0.47 0.49  0.34 557.6 310176. 15.82 539.6 109142.
096 11:20:19 0.64 335.14 240.18 -7.20 1680  18.89   542.3 134181.  3.45 -3.92 -16.81  14.98  -2.04 0.46 0.41 0.41  0.44 558.0 447716. 14.55 543.4 127343.
096 11:21:40 0.64 335.14 240.17 -7.20 1680  17.94   549.9 105672.  2.81 -3.98 -17.15  14.82  -2.63 0.56 0.31 0.51  0.37 557.1 365984. 14.44 550.3  96154.
096 11:23:01 0.64 335.14 240.16 -7.20 1680  18.17   542.6 106397.  3.54 -4.10 -16.55  14.02  -2.11 0.42 0.79 0.62  0.43 550.8 452458. 14.56 539.0 119806.
096 11:24:22 0.64 335.14 240.14 -7.20 1680  20.62   541.2 121671.  3.32 -4.21 -16.65  13.62  -2.39 0.29 0.33 0.40  0.38 551.4 304939. 17.03 538.8 129445.
096 11:25:43 0.64 335.04 240.03 -7.23 1680  -1.00    -1.0     -1. -1.00 -1.00 -16.92  13.38  -2.61 1.27 1.12 0.96 -1.00  -1.0     -1. -1.00  -1.0     -1.
096 11:27:04 0.64 335.14 240.12 -7.20 1680  18.06   535.7 120615.  2.54 -4.64 -17.95  12.28  -2.94 0.23 0.24 0.39  0.33 534.8 633748. 16.07 533.4 118692.
096 11:28:25 0.64 335.14 240.11 -7.20 1680  19.30   529.8 130582.  0.00  0.00 -17.47  12.08  -1.97 0.46 0.68 0.51  0.40 543.9 449496. 15.87 528.1 135600.
096 11:29:46 0.64 335.14 240.10 -7.20 1680  18.56   537.3 128931.  3.96 -3.75 -15.22  14.85  -0.88 0.86 1.08 0.61  0.40 549.1 410423. 17.14 537.7 142611.
096 11:31:07 0.64 335.14 240.08 -7.20 1680  17.99   537.9 137335.  4.22 -3.82 -14.09  16.50  -0.59 0.66 0.69 0.46  0.38 543.2 609814. 14.81 535.1 143631.
096 11:32:28 0.64 335.14 240.07 -7.20 1680  17.51   537.3 122181.  3.89 -4.44 -14.59  15.92  -2.24 0.60 0.65 0.85  0.36 532.9 620884. 15.32 537.4 137767.
096 11:33:49 0.64 335.14 240.06 -7.20 1680  18.62   536.3 134934.  3.76 -3.62 -15.29  15.48  -0.75 0.36 0.45 1.57  0.44 549.7 507045. 15.26 533.8 137137.
096 11:35:10 0.64 335.14 240.05 -7.20 1680  16.14   534.0 121304.  3.46 -4.67 -16.35  14.53  -3.65 0.54 0.46 0.62  0.26 548.1 409124. 13.55 531.7 141032.
096 11:36:31 0.64 335.15 240.04 -7.20 1680  19.04   533.2 139291.  3.97 -3.43 -15.75  14.93  -0.82 0.41 0.37 1.62  0.36 546.7 505967. 15.73 530.0 141854.
096 11:37:52 0.64 335.15 240.02 -7.20 1680  18.87   541.5 127541.  3.65 -3.45 -15.17  15.44   0.28 0.20 0.20 0.62  0.32 543.4 333487. 16.67 539.0 138300.
096 11:39:13 0.64 335.15 240.01 -7.20 1680  18.17   534.9 135548.  0.00  0.00 -15.24  15.39   0.04 0.32 0.32 0.58  0.28 538.7 371221. 15.28 533.7 138238.
096 11:40:34 0.64 335.15 240.00 -7.20 1680  16.70   537.5 123620.  4.06 -3.55 -14.64  16.23   0.66 0.76 0.72 0.86  0.27 542.1 430057. 15.04 538.3 137523.
096 11:41:55 0.64 335.15 239.99 -7.20 1680  -1.00    -1.0     -1. -1.00 -1.00 -14.87  16.07   0.21 1.24 1.03 1.98 -1.00  -1.0     -1. 13.08 538.0 126875.
096 11:43:16 0.64 335.15 239.98 -7.20 1680  17.27   543.8 117367.  3.40 -4.03 -16.62  14.19  -2.93 1.17 3.01 2.57  0.33 565.4 425470. 14.81 542.0 124396.
096 11:44:37 0.64 335.15 239.97 -7.20 1680  22.64   550.2 114794. -1.07 -6.36 -19.00   6.94  -8.78 0.38 0.60 0.76  0.67 547.8 325184. 18.46 552.1 118286.
096 11:45:58 0.64 335.15 239.95 -7.20 1680  20.91   559.6  57875.  0.34 -5.03 -19.72   9.06  -8.18 0.22 0.80 0.38  0.47 567.7 275495. 14.93 557.1  75647.
096 11:47:19 0.64 335.15 239.94 -7.20 1680  20.66   552.0 105140. -0.13 -5.79 -19.43   8.95  -7.96 0.33 1.11 0.45  0.57 549.7 298286. 17.36 553.9 104055.
096 11:48:40 0.64 335.15 239.93 -7.20 1680  21.47   556.8  59752.  1.03 -5.40 -19.31  10.04  -7.56 0.31 0.41 0.31  0.39 561.3 341010. 15.90 551.1  61328.
096 11:50:01 0.64 335.15 239.92 -7.20 1680  18.75   548.8  86026.  0.28 -5.81 -19.18   8.31  -9.18 0.28 0.64 0.85  0.52 551.9 435111. 14.41 546.8  94748.
096 11:51:22 0.64 335.15 239.91 -7.20 1680  22.18   556.0  70362.  0.80 -5.95 -18.39   8.67  -9.48 0.58 0.61 1.20  0.36 562.7 409111. 16.59 554.2  88917.
096 11:52:43 0.64 335.15 239.90 -7.20 1680  18.52   547.4 104993.  0.33 -5.28 -18.83   9.68  -7.44 0.66 0.64 1.04  0.47 550.7 268712. 14.14 546.4 117126.
096 11:54:04 0.64 335.15 239.88 -7.20 1680  19.90   548.8  97438.  0.00  0.00 -18.84  10.60  -6.87 0.31 0.23 0.51  0.31 552.9 333617. 15.71 548.1  72194.
096 11:55:26 0.64 335.15 239.87 -7.20 1680  20.23   545.5  92883.  0.64 -5.49 -18.11  11.10  -6.82 0.22 0.44 0.46  0.57 547.6 275248. 15.74 544.5 103597.
096 11:56:46 0.64 335.15 239.86 -7.20 1680  21.66   548.0  97554.  0.91 -5.55 -17.95  12.01  -5.28 0.25 0.30 0.69  0.36 555.3 329316. 16.57 547.0  72242.
096 11:58:08 0.64 335.16 239.85 -7.20 1680  19.45   544.6  94725.  1.01 -5.30 -17.68  12.74  -4.53 0.29 0.70 0.65  0.57 542.8 354095. 14.77 543.6 103509.
096 11:59:28 0.64 335.16 239.84 -7.20 1680  19.43   548.5  94598.  0.91 -5.25 -18.20  12.66  -4.78 0.58 0.69 0.70  0.38 544.2 426575. 15.15 547.7  69400.
096 12:00:50 0.64 335.16 239.83 -7.20 1680  15.55   547.3  80084.  1.15 -5.05 -18.46  12.93  -4.48 0.30 0.44 0.38  0.52 558.4 135825. 11.51 546.6  94325.
096 12:02:10 0.64 335.16 239.81 -7.20 1680  14.96   552.1  68861.  0.94 -5.01 -17.31  15.06  -3.32 0.71 1.30 0.96  0.28 552.8 331499. 11.95 548.1  68000.
096 12:03:32 0.64 335.16 239.80 -7.20 1680  13.81   548.0  86815.  0.78 -4.93 -16.76  16.08  -2.23 0.44 0.53 0.38  0.34 545.8 292205. 10.45 547.6  97171.
096 12:04:52 0.64 335.16 239.79 -7.20 1680  14.42   551.7  67227.  0.88 -5.02 -16.66  15.96  -2.16 0.39 0.93 0.67  0.29 553.3 303588. 11.40 547.6  65385.
096 12:06:14 0.64 335.16 239.78 -7.20 1680  14.83   548.2  97580.  0.83 -5.10 -17.24  14.50  -2.95 0.32 0.48 0.48  0.37 550.7 390595. 11.85 547.2 104993.
096 12:07:34 0.64 335.16 239.77 -7.20 1680  18.63   546.9  95612.  2.03 -4.64 -17.30  12.54  -4.29 0.67 1.57 1.23  0.46 554.6 311813. 15.18 547.3  89388.
096 12:08:56 0.64 335.16 239.76 -7.20 1680  20.18   544.6 104649.  0.37 -5.47 -18.53   7.89  -7.55 0.41 1.22 0.66  0.99 547.2 415192. 16.14 543.5 104675.
096 12:10:16 0.64 335.16 239.74 -7.20 1680  19.82   546.1  91460.  0.59 -5.44 -18.78   6.65  -8.28 0.17 0.30 0.30  0.73 552.8 322533. 15.62 547.2  87793.
096 12:11:38 0.64 335.16 239.73 -7.20 1680  18.29   546.5  93799.  0.60 -5.31 -18.59   7.07  -8.06 0.25 0.45 0.34  0.81 545.0 324755. 14.75 545.3  94520.
096 12:12:58 0.64 335.16 239.72 -7.20 1680  21.33   540.2  80464.  0.89 -5.18 -18.22   6.68  -7.22 0.25 0.42 0.44  1.22 535.5 497755. 17.37 541.3  67266.
096 12:14:20 0.64 335.16 239.71 -7.20 1680  23.31   539.0  79668.  1.22 -5.24 -17.80   6.02  -7.76 0.31 0.56 0.57  1.25 540.7 309370. 19.09 537.0  82667.
096 12:15:40 0.64 335.16 239.70 -7.20 1680  22.71   537.1  76696.  0.00  0.00 -17.95   5.17  -7.86 0.23 0.36 0.57  1.27 534.3 473690. 17.75 536.8  65216.
096 12:17:02 0.64 335.16 239.69 -7.20 1680  22.75   545.0  89355.  0.00  0.00 -17.98   4.72  -7.58 0.25 0.70 0.65  1.30 544.6 368999. 19.10 543.1  88673.
096 12:18:22 0.64 335.16 239.67 -7.20 1680  25.43   540.2  77476.  0.00  0.00 -17.80   5.43  -7.03 0.30 0.52 0.48 -1.00  -1.0     -1. 19.77 541.4  70742.
096 12:19:45 0.64 335.16 239.66 -7.20 1680  25.10   547.8 105815. -0.61 -5.68 -17.50   4.43  -8.07 0.30 0.99 1.03  1.38 552.7 415192. 19.18 547.5 102655.
096 12:21:04 0.64 335.17 239.65 -7.20 1680  20.03   548.9  94439.  1.46 -5.24 -16.73   9.93  -5.51 0.62 2.07 1.31  0.88 553.4 308643. 15.97 550.9  91395.
096 12:22:26 0.64 335.17 239.64 -7.20 1680  18.70   551.0  93059.  1.23 -4.68 -16.13  12.39  -3.18 0.39 0.57 0.62  1.12 547.0 309578. 14.49 548.8  98415.
096 12:23:46 0.64 335.17 239.63 -7.20 1680  18.46   547.1  88157.  0.44 -4.76 -17.08  10.18  -4.40 0.80 1.66 0.60  0.98 543.4 313359. 15.43 546.3  68010.
096 12:25:08 0.64 335.17 239.62 -7.20 1680  18.51   547.7  89596. -0.10 -5.10 -17.98   8.11  -5.23 0.30 0.89 0.69  1.14 542.9 309955. 14.79 546.5  93312.
096 12:26:28 0.64 335.17 239.60 -7.20 1680  19.04   546.8  86334.  0.64 -4.81 -17.73   9.61  -3.82 0.36 0.56 1.25  0.89 548.2 317803. 15.62 546.4  66801.
096 12:27:50 0.64 335.17 239.59 -7.20 1680  18.80   547.0  84772.  0.57 -4.59 -18.09   8.98  -3.77 0.26 1.03 1.30  1.09 545.5 264736. 14.55 545.5  93929.
096 12:29:10 0.64 335.17 239.58 -7.20 1680  18.85   550.3  68403.  0.62 -5.01 -18.10   9.20  -4.00 0.34 0.89 0.94  0.03 673.7 214554. 15.50 546.5  64459.
096 12:30:32 0.64 335.17 239.57 -7.20 1680  16.87   545.4  89541.  0.00  0.00 -17.84   9.21  -4.66 0.24 0.34 0.64  1.12 544.9 280901. 13.86 544.3  96811.
096 12:31:52 0.64 335.17 239.56 -7.20 1680  18.62   546.0  88855.  0.00  0.00 -17.67   8.94  -5.10 0.25 0.49 0.60  0.88 544.4 338294. 14.64 545.5  70056.
096 12:33:14 0.64 335.17 239.55 -7.20 1680  19.07   546.4  85915.  0.00  0.00 -16.31  10.38  -4.40 1.19 1.87 1.14  1.55 542.6 314139. 16.11 545.6  90021.
096 12:34:34 0.64 335.17 239.53 -7.20 1680  24.10   544.3  83281.  1.54 -4.71 -15.22  11.18  -3.76 0.47 0.68 0.43  1.68 539.5 408578. 19.27 544.9  70319.
096 12:35:56 0.64 335.17 239.52 -7.20 1680  23.40   547.4  84486.  0.84 -4.90 -14.96  11.97  -2.86 0.17 0.23 0.39  1.60 546.3 267569. 18.75 546.2  88745.
096 12:37:16 0.64 335.17 239.51 -7.20 1680  -1.00    -1.0     -1. -1.00 -1.00 -14.75  11.76  -2.75 0.22 0.23 0.33 -1.00  -1.0     -1. 18.94 545.3  68201.
096 12:38:38 0.64 335.17 239.50 -7.20 1680  24.10   546.0  81384.  0.00  0.00 -14.40  11.58  -3.07 0.34 0.19 0.31  1.71 541.3 273819. 19.44 545.2  83200.
096 12:39:59 0.64 335.07 239.39 -7.23 1680  -1.00    -1.0     -1. -1.00 -1.00 -14.07  11.76  -3.18 0.22 0.22 0.25 -1.00  -1.0     -1. -1.00  -1.0     -1.
096 12:41:27 0.64 335.17 239.47 -7.20 1680  25.45   542.8  76943.  0.59 -4.92 -14.90  11.41  -3.25 0.25 0.32 0.36  1.73 540.6 259591. 20.05 541.9  81075.
096 12:42:40 0.64 335.17 239.46 -7.20 1680  24.53   542.2  78879.  1.01 -4.81 -15.02  11.51  -3.14 0.21 0.36 0.33  1.91 537.0 337801. 19.42 543.6  66145.
096 12:44:02 0.64 335.18 239.45 -7.20 1680  -1.00    -1.0     -1. -1.00 -1.00 -15.22  11.62  -3.26 0.20 0.28 0.36 -1.00  -1.0     -1. 18.93 540.5  82722.
096 12:45:22 0.64 335.18 239.44 -7.20 1680  27.27   540.0  77843.  1.04 -5.27 -14.68  11.04  -4.17 0.43 0.74 0.99  2.32 538.2 343128. 20.65 540.8  69965.
096 12:46:44 0.64 335.18 239.43 -7.20 1680  25.99   542.0  77710.  0.00  0.00 -14.67  10.97  -4.22 0.42 0.38 0.37  2.15 534.9 260461. 20.83 540.2  77706.
096 12:48:04 0.64 335.18 239.42 -7.20 1680  23.09   541.3  79142.  0.00  0.00 -14.25  12.23  -3.32 0.31 0.51 0.66  1.96 536.4 394350. 18.08 542.7  69562.
096 12:49:26 0.64 335.08 239.31 -7.23 1680  -1.00    -1.0     -1. -1.00 -1.00 -14.00  12.90  -2.86 0.27 0.24 0.36 -1.00  -1.0     -1. -1.00  -1.0     -1.
096 12:50:46 0.64 335.18 239.39 -7.20 1680  23.22   543.1  77593.  1.65 -4.48 -14.33  10.85  -4.72 1.12 3.04 2.28  1.80 530.7 278094. 18.12 543.8  69293.
096 12:52:08 0.64 335.18 239.38 -7.20 1680  23.62   545.8  76258.  0.18 -5.34 -15.57   9.61  -5.80 0.43 0.88 0.73  1.55 545.7 260111. 17.96 544.7  85035.
096 12:53:28 0.64 335.18 239.37 -7.20 1680  25.47   548.7  65356.  0.00  0.00 -15.58   8.63  -6.34 0.27 0.84 0.83  2.09 539.3 324248. 20.48 545.7  62608.
096 12:54:50 0.64 335.18 239.36 -7.20 1680  21.42   545.7  76729.  0.82 -4.78 -16.15   9.52  -5.42 0.19 0.39 0.40  1.21 544.7 274352. 17.19 544.9  83079.
096 12:56:10 0.64 335.18 239.34 -7.20 1680  18.44   542.8  83921.  0.00  0.00 -16.57   8.79  -5.71 0.33 0.90 0.70  1.27 536.6 416894. 15.53 545.1  65044.
096 12:57:32 0.64 335.18 239.33 -7.20 1680  19.64   545.0  74776.  0.79 -4.44 -17.18   7.83  -5.68 0.23 0.34 0.47  1.20 546.2 274131. 15.49 543.7  80766.
096 12:58:52 0.64 335.18 239.32 -7.20 1680  19.48   545.5  83628.  1.17 -3.95 -16.84   8.93  -4.42 0.25 0.55 0.58  1.06 538.0 385267. 16.65 545.0  65213.
096 13:00:14 0.64 335.18 239.31 -7.20 1680  20.52   543.9  76966.  0.92 -4.30 -16.83   8.64  -4.46 0.22 0.55 0.90  1.33 542.4 259175. 16.03 542.3  83898.
096 13:01:35 0.64 335.08 239.20 -7.23 1680  -1.00    -1.0     -1. -1.00 -1.00 -16.62   9.09  -4.08 0.31 0.28 1.22 -1.00  -1.0     -1. -1.00  -1.0     -1.
096 13:02:56 0.64 335.18 239.28 -7.20 1680  -1.00    -1.0     -1. -1.00 -1.00 -17.20   8.60  -3.53 0.29 0.49 0.82 -1.00  -1.0     -1. 16.22 539.5  90859.
096 13:04:16 0.64 335.18 239.27 -7.20 1680  22.31   544.4  88465. -0.01 -5.21 -17.05   5.75  -6.96 0.50 1.90 1.54  1.31 535.3 415400. 18.12 544.5  70111.
096 13:05:38 0.64 335.18 239.26 -7.20 1680  19.81   545.0  97366.  1.90 -5.27 -16.00   7.03  -8.13 0.87 2.02 0.64 -1.00  -1.0     -1. 15.43 543.3 100251.
096 13:06:58 0.64 335.19 239.25 -7.20 1680  19.51   539.3  79444.  0.71 -4.42 -16.30   6.19  -8.19 0.36 0.80 0.81  1.35 535.7 411684. 15.97 540.5  67204.
096 13:08:20 0.64 335.19 239.24 -7.20 1680  18.22   537.7  85412.  0.70 -4.78 -16.18   7.46  -7.81 0.57 1.23 0.60  1.27 540.7 258590. 14.58 535.9  87591.
096 13:09:40 0.64 335.19 239.23 -7.20 1680  17.88   538.6  90642.  0.75 -4.71 -15.91   7.50  -8.08 0.32 1.08 0.84  1.28 536.5 440881. 14.94 539.0  85772.
096 13:11:02 0.64 335.19 239.21 -7.20 1680  18.81   542.0  81449.  0.00  0.00 -16.32   7.23  -7.11 0.49 0.78 1.64  1.20 543.9 273546. 14.68 539.6  85165.
096 13:12:22 0.64 335.19 239.20 -7.20 1680  17.60   530.7  85327.  1.02 -4.51 -16.54   8.89  -5.27 0.30 0.68 0.97  1.33 527.8 406577. 14.31 528.0  83930.
096 13:13:44 0.64 335.19 239.19 -7.20 1680  18.61   532.1 108323.  1.47 -4.93 -15.72  10.17  -5.82 0.62 0.75 0.55  1.19 541.6 292465. 14.97 532.4  99331.
096 13:15:04 0.64 335.19 239.18 -7.20 1680  17.10   526.9  83768.  0.62 -4.61 -16.94   8.55  -4.86 0.69 1.26 0.50  1.20 525.1 323469. 13.49 525.8  83787.
096 13:16:26 0.64 335.19 239.17 -7.20 1680  16.83   527.0  84700.  0.66 -4.75 -17.02   8.61  -4.56 0.32 0.71 0.62  1.03 531.9 248780. 14.13 528.9  87159.
096 13:17:46 0.64 335.19 239.15 -7.20 1680  17.75   529.5  86516.  0.60 -4.77 -16.95   8.89  -4.10 0.30 0.69 0.64  1.26 525.0 320454. 14.15 527.6  85776.
096 13:19:08 0.64 335.19 239.14 -7.20 1680  16.96   521.6  81306.  0.92 -5.14 -17.11   9.13  -3.66 0.24 0.75 0.59  1.51 514.7 410215. 13.17 524.9  84083.
096 13:20:28 0.64 335.19 239.13 -7.20 1680  17.55   523.3  81280.  0.92 -5.04 -17.10   9.19  -3.87 0.18 0.28 0.31  1.32 524.3 412528. 13.99 522.3  84496.
096 13:21:50 0.64 335.19 239.12 -7.20 1680  16.41   520.3  81582.  0.70 -4.68 -17.19   8.79  -3.86 0.24 0.34 0.36  1.39 514.4 403004. 13.61 524.2  85568.
096 13:23:10 0.64 335.19 239.11 -7.20 1680  17.21   522.5  83797.  0.82 -4.26 -17.13   8.72  -3.68 0.23 0.28 0.40  1.29 524.7 294492. 13.88 521.2  84060.
096 13:24:32 0.64 335.19 239.10 -7.20 1680  16.79   520.8  78730.  0.56 -4.46 -17.36   8.15  -3.71 0.28 0.41 0.44  1.11 512.6 478420. 13.34 522.1  66619.
096 13:25:52 0.64 335.19 239.08 -7.20 1680  18.25   522.3  80081.  0.51 -4.54 -17.64   7.65  -3.32 0.29 0.61 0.34  1.32 521.0 304965. 13.68 520.6  82504.
096 13:27:14 0.64 335.19 239.07 -7.20 1680  16.70   520.0  77245.  0.70 -4.74 -17.44   7.95  -3.75 0.23 0.42 0.38  1.36 517.6 490855. -1.00  -1.0     -1.
096 13:28:34 0.64 335.19 239.06 -7.20 1680  17.40   525.2  79990.  0.00  0.00 -17.35   7.41  -4.13 0.30 0.88 0.84  1.23 524.4 280355. 14.52 524.6  80633.
096 13:29:56 0.64 335.20 239.05 -7.20 1680  16.60   522.7  74166.  0.92 -4.31 -17.61   6.03  -4.88 0.25 0.83 0.42  1.17 520.8 443129. 13.92 524.1  62081.
096 13:31:16 0.64 335.20 239.04 -7.20 1680  16.48   521.9  89294.  1.05 -4.40 -16.90   8.50  -4.03 0.49 1.17 0.77  1.18 518.1 318232. 13.72 520.3  83612.
096 13:32:38 0.64 335.20 239.02 -7.20 1680  14.40   508.6  78213.  0.55 -5.55 -16.96   9.70  -3.56 0.47 0.90 0.71  0.08 635.6 289737. 11.79 507.5  77801.
096 13:33:58 0.64 335.20 239.01 -7.20 1680  12.96   510.8  60548.  0.00  0.00 -16.18  11.34  -2.80 0.33 0.61 0.64  1.12 508.1 365543. 10.86 509.2  53739.
096 13:35:20 0.64 335.20 239.00 -7.20 1680  13.90   509.1  69816.  0.00  0.00 -16.44  11.01  -2.46 0.28 0.43 0.58  0.06 633.0 261787. 11.76 507.5  65794.
096 13:36:40 0.64 335.20 238.99 -7.20 1680  14.15   507.4  55123.  1.21 -5.36 -16.32  11.25  -2.28 0.29 0.40 0.43  1.21 506.2 381668. 10.95 507.3  55617.
096 13:38:02 0.64 335.20 238.98 -7.20 1680  13.62   505.2  63053.  0.81 -5.49 -16.72  10.66  -2.03 0.29 0.36 0.75  0.05 643.7 499314. 10.67 503.5  63150.
096 13:39:22 0.64 335.20 238.97 -7.20 1680  14.17   508.5  58713.  0.79 -2.56 -16.61  10.58  -1.11 0.51 0.82 2.58  1.52 495.4 525899. 12.25 510.8  76371.
096 13:40:44 0.64 335.20 238.95 -7.20 1680  14.17   510.2  66347.  0.68 -6.67 -16.40  10.41  -4.27 0.31 0.42 0.54  0.03 643.2 254757. 10.82 510.7  58082.
096 13:42:04 0.64 335.20 238.94 -7.20 1680  14.80   507.5  53496.  0.00  0.00 -16.65  10.43  -3.58 0.17 0.32 0.44  1.40 500.9 517869. 11.82 509.9  68874.
096 13:43:26 0.64 335.20 238.93 -7.20 1680  14.90   510.1  62604.  1.27 -5.31 -16.74  10.89  -2.48 0.28 0.42 0.51  0.05 653.5 432227. 11.48 509.1  54145.
096 13:44:46 0.64 335.20 238.92 -7.20 1680  13.61   511.8  54857.  0.86 -5.38 -17.10   9.92  -3.25 0.22 0.47 0.66  1.27 497.5 587386. 11.00 509.6  51313.
096 13:46:08 0.64 335.20 238.91 -7.20 1680  14.28   509.6  64235.  0.83 -5.34 -17.01   9.30  -4.43 0.22 0.31 0.83  1.28 508.2 349456. 11.17 510.2  54067.
096 13:47:28 0.64 335.20 238.89 -7.20 1680  14.16   511.7  55825.  0.89 -5.26 -17.11   9.40  -3.77 0.22 0.42 0.67  1.20 497.1 522521. 11.34 509.4  52044.
096 13:48:50 0.64 335.20 238.88 -7.20 1680  14.54   510.3  61159.  0.88 -5.38 -17.04   9.95  -2.39 0.31 0.64 0.80  1.22 508.3 376120. 11.21 510.4  54873.
096 13:51:32 0.64 335.21 238.86 -7.20 1680  14.71   512.6  63270.  1.24 -5.33 -16.83  10.03  -2.78 0.48 1.15 1.98  1.10 510.4 387125. 11.74 511.4  55152.
096 13:52:53 0.64 335.11 238.75 -7.23 1680  -1.00    -1.0     -1. -1.00 -1.00 -17.18   9.58  -4.23 0.20 0.38 0.51 -1.00  -1.0     -1. -1.00  -1.0     -1.
096 14:02:25 0.64 335.21 238.76 -7.20 1680  11.89   521.0  57166.  0.87 -5.99 -17.10  10.19  -4.01 0.22 0.30 0.45  1.08 516.1 402952.  9.61 521.6  57985.
096 14:03:46 0.64 335.21 238.75 -7.20 1680  11.84   516.6  53661.  0.00  0.00 -17.50   9.44  -3.64 0.16 0.24 0.31  1.05 516.9 333916. 10.26 516.5  64410.
096 14:05:07 0.64 335.21 238.74 -7.20 1680  12.13   517.2  52232.  0.38 -5.47 -17.39   9.19  -3.64 0.28 0.32 0.56  1.12 512.6 429420.  9.55 515.8  54545.
096 14:06:28 0.64 335.21 238.73 -7.20 1680  18.13   529.7 126680.  0.00  0.00 -13.10  12.89  -0.28 3.71 3.94 4.66  1.36 537.5 472781. 13.93 533.9 124845.
096 14:07:49 0.64 335.21 238.72 -7.20 1680  15.60   532.7  87117.  3.36 -2.06 -11.47  15.29   4.27 1.44 1.10 1.30  1.16 538.6 313346. 11.94 530.8  86714.
096 14:09:10 0.64 335.21 238.71 -7.20 1680  12.52   507.3  58274.  0.71 -4.93 -17.82   7.81  -2.33 0.62 1.35 0.84  1.18 509.9 362307. 10.37 510.7  82787.
096 14:10:31 0.64 335.21 238.69 -7.20 1680  14.86   521.3  79519.  2.52 -5.22 -14.72  12.30  -2.02 1.99 3.09 1.08  1.11 532.1 373365. 12.14 523.0  97912.
096 14:11:52 0.64 335.21 238.68 -7.20 1680  13.05   537.2  79240.  3.94 -4.26 -12.03  15.55  -0.75 0.83 0.72 0.93  1.11 542.6 546339. 10.42 533.7  70316.
096 14:13:13 0.64 335.21 238.67 -7.20 1680  -1.00    -1.0     -1. -1.00 -1.00 -12.00  15.43  -2.03 0.79 0.52 0.99 -1.00  -1.0     -1. 12.64 530.6  93228.
096 14:14:34 0.64 335.22 238.66 -7.20 1680  -1.00    -1.0     -1. -1.00 -1.00 -12.37  14.90  -2.58 0.58 0.33 1.13 -1.00  -1.0     -1. 11.20 527.6  90869.
096 14:15:55 0.64 335.22 238.65 -7.20 1680  11.99   533.2  97658.  3.12 -5.93 -11.94  14.52  -4.11 1.26 0.97 1.21  1.23 536.8 298585.  9.94 532.8  87845.
096 14:17:16 0.64 335.22 238.63 -7.20 1680  12.02   527.1  81670.  2.82 -4.18 -14.41  12.66  -1.36 1.28 1.35 0.89  1.28 528.3 564868. 10.60 522.5  70875.
096 14:18:37 0.64 335.22 238.62 -7.20 1680  16.18   521.1  66275.  0.00  0.00 -14.00  13.17  -1.43 0.78 0.92 1.17  1.19 529.1 320064. 12.81 521.7  91616.
096 14:21:19 0.64 335.22 238.60 -7.20 1680  14.23   520.3  75709.  3.13 -4.69 -14.24  13.04  -1.72 0.56 0.51 0.72  1.22 532.7 337190. 11.76 520.8  93312.
096 14:22:40 0.64 335.22 238.59 -7.20 1680  -1.00    -1.0     -1. -1.00 -1.00 -14.14  13.15  -1.80 0.40 0.41 0.69 -1.00  -1.0     -1. 11.27 517.5  77778.
096 14:24:01 0.64 335.22 238.58 -7.20 1680  15.87   520.1  76511.  3.22 -4.02 -13.11  14.17  -0.24 1.00 0.93 1.11  1.26 531.3 296116. 12.78 517.0  63667.
096 14:25:22 0.64 335.22 238.56 -7.20 1680  18.77   525.2 113495.  3.31 -1.92 -11.51  14.60   2.67 2.20 1.30 3.36  1.24 542.6 553797. 12.48 524.4 122087.
096 14:26:43 0.64 335.22 238.55 -7.20 1680  12.70   517.3  74334.  0.00  0.00 -12.50  14.02   1.48 1.82 1.56 1.80  0.98 532.9 283720.  9.57 517.0  63316.
096 14:28:04 0.64 335.22 238.54 -7.20 1680  11.54   512.7 100299.  1.44 -5.16 -16.12   9.31  -3.21 0.71 1.30 1.00  1.13 525.2 596222.  9.71 512.3  89456.
096 14:29:25 0.64 335.22 238.53 -7.20 1680  13.03   504.3  83784.  0.07 -5.95 -16.90   6.84  -4.61 0.47 1.45 1.08  1.36 507.7 642831. 10.10 502.9  79971.
096 14:30:46 0.64 335.22 238.52 -7.20 1680  11.21   502.8  61373. -0.56 -6.54 -17.37   5.97  -4.76 0.46 1.37 0.81  1.18 509.7 382214.  9.18 507.1  92243.
096 14:32:07 0.64 335.22 238.51 -7.20 1680  12.85   504.4  75536.  0.00  0.00 -16.95   7.62  -4.13 0.31 0.64 0.94  1.20 519.5 385878. 10.17 502.3  76833.
096 14:33:28 0.64 335.22 238.49 -7.20 1680  11.65   497.5  69010. -0.25 -5.03 -16.97   8.26  -1.58 0.60 1.14 2.29  1.08 514.7 329667.  9.70 497.3  59024.
096 14:34:49 0.64 335.22 238.48 -7.20 1680  11.99   504.0  78548.  0.40 -4.92 -17.02   8.61  -1.05 0.48 0.96 0.95  1.03 515.4 324144. 10.22 502.4  75069.
096 14:36:10 0.64 335.23 238.47 -7.20 1680  13.07   501.3  67350.  0.62 -5.04 -16.76   8.79  -1.99 0.31 0.50 0.67  1.11 511.7 360631. 10.34 506.3  88884.
096 14:37:31 0.64 335.23 238.46 -7.20 1680  12.42   501.5  84051. -0.11 -4.26 -16.81   8.63  -1.78 0.42 0.66 0.84  0.91 521.6 379511. 10.11 500.0  75475.
096 14:38:52 0.64 335.23 238.45 -7.20 1680  12.05   501.7  61058.  0.56 -4.64 -16.75   8.62  -2.14 0.34 0.57 0.96  1.23 509.4 348884. 10.07 502.7  92337.
096 14:40:13 0.64 335.23 238.43 -7.20 1680  12.90   497.8  80432. -1.63 -5.98 -16.85   8.30  -1.55 0.51 1.20 1.41  1.48 504.4 613816. 10.24 497.6  76566.
096 14:41:34 0.64 335.23 238.42 -7.20 1680  12.84   502.5  58469.  1.61 -3.17 -15.96   9.86   0.16 0.87 1.48 1.26  1.17 509.7 380888. 10.53 503.3  83833.
096 14:42:55 0.64 335.23 238.41 -7.20 1680  11.94   501.3  80607.  0.76 -3.64 -16.43   9.10  -0.12 0.65 0.99 1.36  1.43 505.1 558033.  9.73 498.2  72879.
096 14:44:16 0.64 335.23 238.40 -7.20 1680  11.48   502.2  63127.  1.32 -4.20 -16.73   7.98   0.67 0.76 1.58 2.70  1.21 508.7 305654.  9.36 507.1  97892.
096 14:45:37 0.64 335.23 238.39 -7.20 1680  12.18   495.9  86104. -1.24 -3.56 -17.96   5.53   1.02 0.38 0.55 1.52  1.33 502.7 549769. 10.38 494.6  77365.
096 14:46:58 0.64 335.23 238.38 -7.20 1680  13.53   495.3  69861.  0.39 -1.52 -17.44   6.05   3.45 0.49 1.12 1.16 -1.00  -1.0     -1. 10.09 496.7  58973.
096 14:48:20 0.64 335.23 238.36 -7.20 1680  13.11   511.8  71037.  2.84 -4.14 -15.73   9.86   0.61 1.02 2.39 2.50  1.28 515.9 474093. 10.48 509.4  59895.
096 14:49:40 0.64 335.23 238.35 -7.20 1680  13.02   491.0  68240. -0.53 -4.33 -18.07   5.78   0.29 0.39 1.13 1.55  1.37 503.8 301340. 10.43 491.7  57728.
096 14:51:01 0.64 335.23 238.34 -7.20 1680  13.98   499.6  84684. -0.68 -0.92 -17.36   5.70   4.46 0.91 0.99 2.49  1.22 506.6 478719. 11.21 497.8  77489.
096 14:52:22 0.64 335.23 238.33 -7.20 1680  15.40   498.5  67480.  0.76 -1.90 -16.49   8.05   3.44 0.89 1.94 0.96  1.39 504.1 316790. 12.45 497.9  58765.
096 14:53:43 0.64 335.23 238.32 -7.20 1680  13.36   499.1  83057.  0.53 -1.53 -16.78   6.51   4.31 0.45 1.44 0.67  1.22 494.5 305654. 11.14 497.3  76755.
096 14:55:04 0.64 335.23 238.31 -7.20 1680   7.51   520.0 102749.  3.65 -4.03 -13.60  11.96  -0.34 1.93 2.07 2.97  1.49 510.6 338243.  7.30 517.7  78782.
096 14:56:25 0.64 335.23 238.29 -7.20 1680  -1.00    -1.0     -1. -1.00 -1.00 -13.23  12.67  -1.90 1.12 1.21 1.76 -1.00  -1.0     -1. 12.48 506.3  59119.
096 14:57:46 0.64 335.23 238.28 -7.20 1680  16.03   517.8  91740.  4.15 -3.86 -12.43  13.68  -0.72 0.99 0.87 0.99  1.32 530.4 482643. 14.64 515.6  86662.
096 14:59:07 0.64 335.24 238.27 -7.20 1680  12.97   525.3  64384.  3.69 -3.89 -12.02  13.84  -2.08 2.07 2.24 1.80  1.62 508.4 481383.  9.64 523.2  61763.
096 15:00:28 0.64 335.24 238.26 -7.20 1680  14.40   513.4  88062.  2.89 -5.72 -12.10  13.35  -2.70 0.78 0.76 3.84  1.30 511.3 336579. 11.44 513.1  84070.
096 15:01:49 0.64 335.24 238.25 -7.20 1680  14.32   512.3  62975.  3.52 -4.87 -12.39  13.97  -2.65 0.69 0.70 1.13  1.35 514.9 451341. 10.26 510.0  56169.
096 15:03:10 0.64 335.24 238.24 -7.20 1680  13.27   517.2  58427.  4.03 -4.63 -12.01  14.47  -1.77 0.81 0.59 1.19  1.21 516.0 289048. 11.49 516.1  72431.
096 15:04:31 0.64 335.24 238.22 -7.20 1680  13.42   505.7  68552.  3.06 -4.74 -13.05  13.65  -0.91 1.11 1.13 1.20  1.32 507.2 492674.  9.69 502.6  67773.
096 15:05:52 0.64 335.24 238.21 -7.20 1680  12.38   515.6  82992.  3.16 -5.05 -12.91  13.63  -1.60 0.92 0.78 1.69  1.06 526.5 488087. 10.43 511.4  76310.
096 15:07:13 0.64 335.24 238.20 -7.20 1680  14.12   515.6  76436.  3.46 -3.24 -11.84  14.78   0.78 1.29 1.83 1.10  1.22 518.6 604083. 10.98 513.6  60977.
096 15:08:34 0.64 335.24 238.19 -7.20 1680  -1.00    -1.0     -1. -1.00 -1.00 -11.94  14.55   0.52 0.76 0.62 1.05 -1.00  -1.0     -1. 11.60 512.1  88585.
096 15:09:55 0.64 335.24 238.18 -7.20 1680  13.44   513.0  73207.  3.30 -4.15 -11.51  14.60   0.63 0.82 0.52 1.13  1.33 522.0 518740. 10.01 511.3  65054.
096 15:11:16 0.64 335.24 238.17 -7.20 1680  14.52   520.0  81052.  4.40 -4.06 -11.01  14.64  -0.69 1.29 0.87 0.87  1.22 528.2 438945. 12.29 516.4  76368.
096 15:12:37 0.64 335.24 238.15 -7.20 1680  14.63   510.3  74461.  3.46 -4.29 -12.75  13.19  -1.30 0.76 0.78 1.05  1.30 513.5 572248. 11.01 507.7  73081.
096 15:13:58 0.64 335.24 238.14 -7.20 1680  11.59   512.3  89089.  2.88 -4.82 -12.41  13.55  -1.46 0.64 0.65 1.23  0.95 517.2 369908.  9.34 512.0  85314.
096 15:15:19 0.64 335.24 238.13 -7.20 1680  13.90   512.8  79945.  2.55 -5.58 -12.44  12.77  -3.49 0.83 1.46 2.14  1.30 516.6 476965. 11.40 511.1  64859.
096 15:16:40 0.64 335.24 238.12 -7.20 1680  -1.00    -1.0     -1. -1.00 -1.00 -12.49  13.20  -0.66 1.02 0.91 2.04 -1.00  -1.0     -1.  8.88 514.2  84077.
096 15:18:01 0.64 335.24 238.11 -7.20 1680  13.16   502.7  82761.  0.00  0.00 -14.50  10.84  -2.50 0.53 0.72 0.91  1.24 511.6 559982. 10.82 501.6  77170.
096 15:19:22 0.64 335.24 238.10 -7.20 1680  15.20   495.3  63745.  1.92 -4.62 -14.63  10.26  -1.95 0.56 0.90 2.38  1.27 512.1 369064. 11.38 494.1  56552.
096 15:20:43 0.64 335.24 238.08 -7.20 1680  11.33   499.7  87091.  0.00  0.00 -14.60  10.27   1.50 1.22 1.59 1.26  1.32 495.2 334500.  9.67 497.2  74474.
096 15:22:04 0.64 335.25 238.07 -7.20 1680  12.52   496.8  64355.  1.87 -3.14 -14.87  10.37   0.88 0.57 0.90 0.68  1.22 509.9 375769.  9.98 495.3  56400.
096 15:23:25 0.64 335.25 238.06 -7.20 1680  10.50   496.8  51244.  2.35 -3.18 -14.93  10.27   1.24 0.49 0.67 0.46  1.25 504.6 532059.  9.31 496.9  70777.
096 15:24:46 0.64 335.25 238.05 -7.20 1680  11.33   491.3  66587.  1.45 -3.39 -15.02   9.86   1.42 0.63 0.88 0.92  1.11 504.2 360696.  8.97 491.5  56734.
096 15:26:07 0.64 335.25 238.04 -7.20 1680  10.68   489.4  50799.  1.71 -3.21 -15.41   9.30   0.64 0.62 1.03 1.56  1.28 491.8 359721.  8.30 489.1  44959.
096 15:27:28 0.64 335.25 238.03 -7.20 1680   8.59   497.5  46001.  2.53 -2.18 -15.36   9.55   1.24 0.82 1.16 1.55 -1.00  -1.0     -1.  6.94 494.5  50591.
096 15:28:50 0.64 335.25 238.01 -7.20 1680  11.78   487.7  47450.  1.04 -4.97 -16.05   8.41  -0.69 0.31 0.66 0.83  0.10 608.4 331473.  9.09 490.9  70540.
096 15:30:10 0.64 335.25 238.00 -7.20 1680  11.42   491.6  57225.  1.86 -3.58 -15.57   9.27   0.68 0.45 0.78 1.37  1.14 502.2 320818.  9.30 491.3  49656.
096 15:31:31 0.64 335.25 237.99 -7.20 1680  11.34   493.4  52229.  0.00  0.00 -15.24   9.60   0.34 0.46 0.68 0.70  1.25 502.8 475210.  9.60 494.1  68315.
096 15:32:52 0.64 335.25 237.98 -7.20 1680  11.40   495.5  57140.  2.21 -4.00 -14.80  10.16  -0.71 0.25 0.41 0.66  1.32 493.4 534488.  9.32 494.2  50842.
096 15:34:13 0.64 335.25 237.97 -7.20 1680  10.35   494.0  53421.  2.02 -4.13 -14.82   9.92  -0.52 0.23 0.29 0.45  1.33 503.6 489517.  9.25 495.2  68088.
096 15:35:34 0.64 335.25 237.95 -7.20 1680  11.56   497.6  50933.  2.26 -4.49 -14.89   9.51  -0.69 0.50 0.84 0.62  1.13 503.8 342193.  8.91 494.5  50968.
096 15:36:55 0.64 335.25 237.94 -7.20 1680  11.04   489.9  49022.  1.40 -3.30 -15.40   8.70   0.21 0.58 1.19 0.56  0.11 613.1 392206.  9.55 492.7  68841.
096 15:38:16 0.64 335.25 237.93 -7.20 1680  11.67   488.9  63186.  0.91 -4.44 -15.75   7.69  -0.47 0.31 0.57 0.82  1.16 501.7 332265.  9.30 489.2  50569.
096 15:39:37 0.64 335.25 237.92 -7.20 1680  10.99   486.9  52346.  1.11 -4.06 -15.75   7.54  -0.73 0.17 0.29 0.44  1.07 490.8 300521.  9.20 490.1  69475.
096 15:40:58 0.64 335.25 237.91 -7.20 1680  12.14   489.4  60831.  0.86 -4.33 -15.80   7.40  -1.52 0.23 0.45 0.66  0.95 498.9 310020.  9.60 487.8  58248.
096 15:42:19 0.64 335.25 237.90 -7.20 1680  11.59   488.0  51478.  0.83 -4.63 -16.11   6.38  -0.33 0.53 1.30 2.39  1.25 490.2 329017.  9.32 490.3  65671.
096 15:43:40 0.64 335.26 237.88 -7.20 1680  10.33   485.1  58700.  0.05 -2.92 -16.88   4.81   2.13 0.21 0.34 0.37  1.39 487.6 428940.  8.90 484.5  54278.
096 15:45:01 0.64 335.16 237.77 -7.23 1680  -1.00    -1.0     -1. -1.00 -1.00 -17.17   3.82   1.87 0.19 0.64 0.33 -1.00  -1.0     -1. -1.00  -1.0     -1.
096 15:46:22 0.64 335.26 237.86 -7.20 1680   9.81   479.5  44605. -1.18 -3.44 -17.45   2.77   0.96 0.17 0.40 0.59  1.26 487.3 409098.  9.22 481.6  52671.
096 15:47:43 0.64 335.26 237.85 -7.20 1680  10.69   480.6  43822. -1.62 -3.59 -17.51   1.83  -0.21 0.18 0.47 0.51  1.12 485.6 284045.  8.83 479.2  43997.
096 15:49:04 0.64 335.26 237.84 -7.20 1680  10.37   482.9  57498. -1.35 -3.58 -17.39   2.26  -0.64 0.16 0.39 0.39  1.06 491.0 349807.  9.13 483.1  54418.
096 15:50:25 0.64 335.26 237.82 -7.20 1680  11.13   481.4  44702. -0.70 -3.42 -17.32   1.41  -1.25 0.18 1.23 0.82  1.10 487.3 278848.  9.17 479.6  44679.
096 15:51:46 0.64 335.26 237.81 -7.20 1680   9.90   478.9  44780. -1.95 -4.23 -17.36   0.81  -1.62 0.18 0.62 0.36  1.29 488.3 433085.  9.34 483.0  57663.
096 15:53:07 0.64 335.26 237.80 -7.20 1680  10.94   481.3  49052. -2.98 -5.08 -17.08  -0.98  -2.67 0.21 0.94 0.39  0.08 601.1 437009.  8.19 483.5  49048.
096 15:54:28 0.64 335.26 237.79 -7.20 1680  11.70   485.9  58297. -4.00 -6.05 -16.83  -1.35  -3.49 0.33 0.80 0.94  1.02 497.1 295883.  8.31 488.4  50933.
096 15:55:49 0.64 335.26 237.78 -7.20 1680  12.37   483.2  46508. -1.70 -5.35 -16.76  -2.51  -3.20 0.52 3.56 0.63  1.14 485.3 297871.  8.93 484.8  49679.
096 15:57:10 0.64 335.26 237.77 -7.20 1680  11.25   482.8  69299. -2.49 -4.62 -16.96  -0.90  -2.94 0.71 2.76 1.40  1.16 499.6 272182.  9.39 483.7  61841.
096 15:58:31 0.64 335.26 237.75 -7.20 1680  11.23   482.9  51612. -4.07 -4.69 -17.36  -1.22  -2.45 0.23 0.47 0.95  1.16 488.8 262527.  8.75 485.2  49822.
096 15:59:52 0.64 335.26 237.74 -7.20 1680  11.66   484.0  64134. -4.70 -3.74 -17.39  -2.46  -0.72 0.22 1.02 0.71  1.14 491.1 411372.  9.63 485.5  60516.
096 16:01:13 0.64 335.26 237.73 -7.20 1680  10.94   480.7  51660. -4.57 -3.33 -17.60  -2.22  -0.18 0.24 0.68 0.94  1.12 487.2 278432.  9.35 484.2  74520.
096 16:02:34 0.64 335.26 237.72 -7.20 1680  11.61   482.0  70755. -3.75 -2.20 -17.39  -2.93   1.07 0.26 1.38 0.92  1.21 487.5 471559.  9.98 482.8  61000.
096 16:03:55 0.64 335.26 237.71 -7.20 1680  11.01   483.7  50364. -5.80 -2.51 -17.68  -2.13   0.22 0.32 1.44 1.25  1.29 481.7 353939.  8.87 486.7  46729.
096 16:05:16 0.64 335.27 237.69 -7.20 1680  11.45   483.9  62965. -6.06 -0.75 -16.97  -4.13   3.39 0.60 1.59 1.58  0.93 494.5 353289.  9.24 485.9  60204.
096 16:06:37 0.64 335.27 237.68 -7.20 1680  10.20   479.2  47840. -5.64 -1.96 -17.35  -3.39   0.80 0.31 1.16 1.68  1.21 482.7 315984.  8.10 479.4  47112.
096 16:07:58 0.64 335.27 237.67 -7.20 1680   9.90   481.2  75143. -4.96 -3.76 -17.27  -2.31  -0.28 0.63 2.00 3.03  1.08 490.1 320610.  8.76 483.1  66795.
096 16:09:19 0.64 335.27 237.66 -7.20 1680  10.29   497.2  43929. -3.63 -9.30 -16.43   1.37  -6.13 1.17 1.47 2.56  1.25 486.0 364737.  8.07 495.0  39456.
096 16:10:40 0.64 335.27 237.65 -7.20 1680  11.95   483.8  63293. -2.34 -5.22 -17.31   1.83  -3.57 0.27 1.12 0.91  1.13 496.5 326717.  9.67 483.9  61159.
096 16:12:01 0.64 335.27 237.64 -7.20 1680  11.51   479.4  51225. -2.94 -4.45 -17.19  -0.90  -3.45 0.34 1.40 1.06  1.33 485.7 321961.  9.19 479.1  48980.
096 16:13:22 0.64 335.27 237.62 -7.20 1680  12.13   483.6  81972. -4.47 -4.80 -13.51   1.82  -1.20 7.38 5.36 5.62  1.19 494.5 364295. 10.90 485.6  71219.
096 16:14:43 0.64 335.17 237.51 -7.23 1680  -1.00    -1.0     -1. -1.00 -1.00   1.97  11.88  11.84 2.34 1.30 0.94 -1.00  -1.0     -1. -1.00  -1.0     -1.
096 16:16:04 0.64 335.27 237.60 -7.20 1680   6.51   578.3  58099.  0.00  0.00   0.93  13.81  10.57 1.66 0.92 1.24  1.16 566.3 561542.  5.04 578.5  64319.
096 16:17:25 0.64 335.27 237.59 -7.20 1680  10.81   591.4  76284.  0.00  0.00   3.53  11.30  12.92 1.57 0.94 0.91  1.13 580.2 718052.  8.87 592.1  67968.
096 16:18:46 0.64 335.27 237.58 -7.20 1680  11.23   598.3  66717.  1.53  4.14   5.22  10.94  12.90 1.01 0.92 0.77  1.22 586.9 575211.  8.93 595.2  64868.
096 16:20:07 0.64 335.27 237.56 -7.20 1680  11.32   594.7  90294.  2.52  3.58   2.40  11.58  12.51 3.53 2.00 1.78  1.12 582.3 460242. 10.54 593.4  71200.
096 16:21:28 0.64 335.27 237.55 -7.20 1680  11.77   538.8  78548.  4.67  1.02  -6.34  15.06   7.09 1.19 0.57 1.32  1.20 543.1 553018.  9.17 536.6  66944.
096 16:22:49 0.64 335.27 237.54 -7.20 1680  12.31   540.0  83024.  3.84  1.39  -6.45  14.27   7.89 1.87 0.82 1.60  1.15 550.1 567454.  9.99 537.1  83775.
096 16:24:10 0.64 335.27 237.53 -7.20 1680  11.14   545.6  65573.  4.93  1.79  -5.39  14.59   8.31 1.25 1.00 1.48  1.02 547.0 549743.  9.65 544.3  81228.
096 16:25:31 0.64 335.27 237.52 -7.20 1680   3.36   532.0 124712.  3.42 -0.63  -3.76  13.76   7.68 4.85 1.70 4.85  1.13 512.7 610229.  2.33 534.5 125579.
096 16:26:52 0.64 335.27 237.51 -7.20 1680  11.00   568.5  75098.  2.44  4.11   0.54  11.89  12.78 1.40 1.35 1.17  1.04 562.3 479849.  8.54 564.6  74890.
096 16:28:13 0.64 335.28 237.49 -7.20 1680   8.81   567.5  64420.  3.01  3.63   0.68  13.77  10.54 1.48 1.16 1.67  1.27 563.9 612880.  6.79 569.3  92870.
096 16:29:34 0.64 335.28 237.48 -7.20 1680   9.50   546.4  69075.  4.98  1.68  -3.95  11.69  10.27 2.27 5.04 3.43  1.19 547.5 576770.  8.37 546.5  84606.
096 16:30:55 0.64 335.28 237.47 -7.20 1680  10.12   551.6  72142.  0.00  0.00  -4.73  10.39  12.50 1.74 2.13 1.57  1.03 551.8 530070.  7.69 550.5  64164.
096 16:32:16 0.64 335.28 237.46 -7.20 1680   9.65   533.0  75471.  2.28  3.00  -6.21  10.78  11.49 2.80 1.66 1.70  1.02 527.9 567025.  7.89 530.4  64397.
096 16:33:37 0.64 335.28 237.45 -7.20 1680  11.03   545.5 106618.  0.00  0.00  -4.33  10.99  12.55 2.16 1.46 1.42  1.12 555.0 587477.  8.01 545.0 114255.
096 16:34:58 0.64 335.28 237.43 -7.20 1680   9.55   535.9  87907.  2.96  2.73  -5.92  13.28   7.64 3.19 3.52 5.10  1.19 544.9 596235.  8.28 533.1  70245.
096 16:36:19 0.64 335.28 237.42 -7.20 1680  12.53   577.7  85139.  0.00  0.00  -1.12   7.90  14.54 1.28 5.99 3.30  1.27 567.9 625250.  9.78 576.4  87991.
096 16:37:40 0.64 335.28 237.41 -7.20 1680   9.91   559.5 101475. -6.12  4.81  -0.74   3.08  16.52 2.19 5.85 1.85  1.27 576.0 736763.  9.66 563.8 105555.
096 16:39:01 0.64 335.28 237.40 -7.20 1680   7.27   554.4  90213. -1.93  5.33  -7.99   1.94  14.17 5.47 4.59 3.12  1.01 547.0 541648.  6.41 558.1  92272.
096 16:40:22 0.64 335.28 237.39 -7.20 1680  12.60   513.1 127921.  2.11  1.16 -12.34   9.14   7.70 1.53 1.42 3.87  0.95 538.0 610242. 10.05 514.0 114888.
096 16:41:43 0.64 335.28 237.38 -7.20 1680  18.38   522.1 316835.  0.00  0.00  -5.96   9.12  10.74 7.28 2.27 4.84  1.13 585.5 653499. 15.93 524.7 362278.
096 16:43:04 0.64 335.28 237.36 -7.20 1680   9.07   560.3  79880.  4.01  3.40  -2.03  10.85  13.41 3.13 2.04 1.60  1.18 559.6 488737.  8.34 555.3  81975.
096 16:44:25 0.64 335.28 237.35 -7.20 1680   6.91   540.2 102063.  2.31  2.90  -5.88  11.85  11.45 2.83 1.67 2.84  1.24 542.0 617558.  6.74 538.0  86139.
096 16:45:46 0.64 335.28 237.34 -7.20 1680   7.33   520.5  94088.  4.44 -1.53 -12.23  12.03   0.37 3.22 2.41 4.47  0.95 521.7 384332.  6.70 516.0  83768.
096 16:47:07 0.64 335.28 237.33 -7.20 1680  10.97   503.1 151891.  1.95 -4.01 -15.06   7.61  -3.64 0.58 1.56 1.92  1.30 519.3 690025.  8.89 498.2 143699.
096 16:48:28 0.64 335.28 237.32 -7.20 1680  13.51   505.3 118237.  1.41 -6.42 -14.39   8.08  -5.31 1.18 1.20 2.33  0.89 533.7 522872. 11.23 503.5 109535.
096 16:49:49 0.64 335.28 237.30 -7.20 1680  10.24   502.8 101709.  0.00  0.00 -14.54   9.60  -3.94 0.54 1.28 0.97  0.76 532.0 482175.  8.18 500.6 101485.
096 16:51:10 0.64 335.29 237.29 -7.20 1680  12.29   504.8 139908.  2.24 -4.12 -14.16   9.75  -3.07 0.91 1.15 1.10  0.80 538.1 611893. 10.38 500.9 126592.
096 16:52:31 0.64 335.29 237.28 -7.20 1680   9.73   534.2 122395.  4.49 -2.39  -7.15  16.15   1.44 1.28 0.89 1.37  0.87 550.0 710607.  7.75 532.7 108021.
096 16:53:52 0.64 335.29 237.27 -7.20 1680  12.60   545.1 127288.  4.98 -0.45  -6.98  16.19   3.04 1.24 0.46 1.60  0.81 548.7 685854. 10.24 543.8 127833.
096 16:55:13 0.64 335.29 237.26 -7.20 1680  10.08   550.3  88316.  4.30 -0.12  -4.83  16.89   4.27 0.92 0.55 1.27 -1.00  -1.0     -1.  7.62 545.6  95638.
096 16:56:34 0.64 335.29 237.25 -7.20 1680  12.06   547.9 135691.  5.01 -2.29  -5.06  17.19   1.69 0.78 0.28 1.30  0.73 564.0 669260.  9.37 546.7 131897.
096 16:57:55 0.64 335.29 237.23 -7.20 1680  11.36   532.8 126907.  0.00  0.00  -7.29  16.11  -2.21 1.22 0.79 1.89  0.67 540.0 528732.  8.96 533.5 106179.
096 16:59:16 0.64 335.29 237.22 -7.20 1680  11.17   534.5 119728.  2.83 -6.06  -7.54  15.28  -2.95 0.80 0.96 2.84  0.72 553.3 535437.  9.63 534.3 132011.
096 17:00:37 0.64 335.29 237.21 -7.20 1680  12.72   539.7 136117.  3.71 -1.15  -6.51  16.44   1.70 0.70 0.67 1.47  0.84 553.0 632384.  9.83 538.4 121778.
096 17:01:58 0.64 335.29 237.20 -7.20 1680  11.17   555.8 110324.  4.64 -0.14  -4.25  17.04   4.79 0.78 0.26 0.70  0.71 562.5 437502.  9.51 553.6 112192.
096 17:03:19 0.64 335.29 237.19 -7.20 1680  12.76   562.0 145710.  3.79  0.90  -4.13  16.63   4.66 0.80 0.86 2.64  0.82 556.5 722002. 10.55 558.4 142617.
096 17:04:40 0.64 335.29 237.17 -7.20 1680  12.39   545.6 118890.  4.85 -0.99  -4.04  16.91   2.74 1.81 0.64 3.35  0.76 565.4 621222. 10.43 543.4 121798.
096 17:06:01 0.64 335.29 237.16 -7.20 1680  12.68   565.7 147828.  3.39  3.37  -2.39  14.75   9.38 1.07 2.16 2.15  0.75 562.8 735789. 10.47 564.0 148117.
096 17:07:22 0.64 335.29 237.15 -7.20 1680  12.75   581.9 159723.  0.00  0.00   0.51  13.63  11.31 1.19 1.90 2.06  0.72 575.6 632553. 10.56 580.4 154490.
096 17:08:43 0.64 335.29 237.14 -7.20 1680  11.76   561.7 104714.  3.85  3.05  -1.33  14.38  10.11 1.10 2.12 2.41  0.71 558.9 708463.  9.88 561.5 122168.
096 17:10:04 0.64 335.29 237.13 -7.20 1680  13.94   560.7 127174.  2.25  4.22   1.49  13.21  10.71 2.41 2.24 2.04  0.71 578.3 876304. 11.09 559.5 140746.
096 17:11:25 0.64 335.29 237.12 -7.20 1680  11.55   621.8 125001. -1.24  5.36   8.25   4.77  14.34 1.72 2.68 1.04  0.73 602.7 790142.  9.12 619.3 129289.
096 17:12:46 0.64 335.30 237.10 -7.20 1680  12.94   623.9 127447.  0.01  4.09   9.06   4.10  14.48 0.88 2.82 1.29  0.76 611.1 702369. 10.46 624.4 120216.
096 17:14:07 0.64 335.30 237.09 -7.20 1680  14.51   628.5 117484. -1.82  4.80   9.54   4.67  14.20 0.64 1.03 0.59  0.63 617.1 564439. 11.03 627.7 127145.
096 17:15:28 0.64 335.30 237.08 -7.20 1680  12.61   625.1 115518. -1.45  5.12   9.45   5.94  13.78 1.71 1.72 0.99  0.85 611.4 648145. 10.16 624.5  96301.
096 17:16:49 0.64 335.30 237.07 -7.20 1680  13.41   635.4 100585. -2.24  4.70  11.48   2.70  13.32 1.08 3.03 0.82  0.99 628.8 554278. 10.78 634.4 105058.
096 17:18:10 0.64 335.30 237.06 -7.20 1680  13.57   612.3 104876. -0.02  5.23   9.80   6.93  13.24 1.72 2.03 0.73  1.03 611.4 627797. 11.10 608.7 103191.
096 17:19:31 0.64 335.20 236.95 -7.23 1680  -1.00    -1.0     -1. -1.00 -1.00  12.31   5.01  11.78 2.28 3.60 1.65 -1.00  -1.0     -1. -1.00  -1.0     -1.
096 17:20:52 0.64 335.30 237.03 -7.20 1680  14.06   609.0 104383.  2.47  3.59   6.83  12.94  10.80 1.67 2.25 0.96  1.16 599.8 360488. 11.87 607.1  96674.
096 17:22:13 0.64 335.30 237.02 -7.20 1680  14.45   609.3  72285.  2.24  3.28   7.50  13.28  10.94 0.60 0.26 0.58  1.00 602.5 445520. 11.27 608.3  76696.
096 17:23:34 0.64 335.30 237.01 -7.20 1680  14.73   611.4  85116.  2.16  4.02   7.51  12.69  11.80 0.41 0.19 0.25  1.05 601.6 357343. 11.97 608.8  82943.
096 17:24:55 0.64 335.30 237.00 -7.20 1680  14.35   608.1  71671.  0.00  0.00   7.63  12.70  11.77 0.37 0.32 0.25  0.95 599.7 452120. 11.23 607.8  74445.
096 17:26:16 0.64 335.30 236.99 -7.20 1680  14.75   610.9  85269.  2.15  4.08   7.81  12.17  11.92 0.49 0.65 0.41  0.99 600.0 361190. 12.17 607.9  86669.
096 17:27:37 0.64 335.30 236.98 -7.20 1680  14.00   619.9  77781.  0.62  4.36   8.81  10.28  12.82 0.72 1.03 0.51  0.98 610.3 435969. 12.03 618.9  89622.
096 17:28:58 0.64 335.30 236.96 -7.20 1680  16.49   613.0  72152.  0.65  4.51   9.19   9.59  13.67 0.47 0.54 0.33  0.96 602.2 312125. 12.11 612.6  67864.
096 17:30:19 0.64 335.30 236.95 -7.20 1680  15.02   610.2  82326.  1.06  4.33   8.52  10.36  13.22 0.38 0.78 0.29  1.06 602.8 497612. 12.06 611.9  99936.
096 17:31:40 0.64 335.30 236.94 -7.20 1680  14.16   612.1  94309.  0.00  0.00   8.44   9.58  13.42 0.18 0.28 0.21  0.92 599.9 405460. 11.52 610.2  97373.
096 17:33:01 0.64 335.30 236.93 -7.20 1680  14.43   610.3  75692.  1.41  4.69   8.70   9.72  13.81 0.22 0.32 0.45  0.93 602.5 513581. 11.02 610.2  80260.
096 17:34:22 0.64 335.31 236.92 -7.20 1680  15.74   608.8  57426.  1.05  4.59   8.74  10.37  13.88 0.32 0.52 0.59  0.87 601.4 352146. 11.86 607.3  68305.
096 17:35:43 0.64 335.31 236.91 -7.20 1680  15.53   607.1  66889.  1.51  4.48   8.88  10.07  13.73 0.36 0.78 0.41  0.92 604.5 413438. 11.99 606.7  68848.
096 17:37:04 0.64 335.31 236.89 -7.20 1680  16.90   611.6  73630.  0.00  0.00   9.25   9.29  14.02 0.29 0.56 0.36  0.94 601.1 332421. 12.12 610.2  78538.
096 17:38:25 0.64 335.31 236.88 -7.20 1680  15.15   614.8  65404.  0.75  4.37  10.39   7.61  14.26 0.56 0.57 0.38  1.04 605.2 468818. 12.88 612.8  63933.
096 17:39:46 0.64 335.31 236.87 -7.20 1680  16.27   611.5  69160.  0.23  4.82  10.76   5.00  14.86 1.04 3.33 0.30  0.84 598.5 291478. 11.77 608.4  74448.
096 17:41:07 0.64 335.31 236.86 -7.20 1680  14.99   622.6  61740. -1.85  5.18  12.06  -0.68  15.47 0.80 1.52 0.60  0.95 613.0 286735. 11.48 620.3  58875.
096 17:42:28 0.64 335.31 236.85 -7.20 1680  14.66   618.4  79815. -0.88  5.32  11.14   3.70  15.51 1.01 2.95 0.64  0.95 609.9 239554. 11.00 617.0  84060.
096 17:43:49 0.64 335.31 236.84 -7.20 1680  14.64   621.6  56721.  0.45  5.28  11.45   4.73  15.30 0.39 0.72 0.26  1.13 611.1 350639. 11.72 618.7  57017.
096 17:45:10 0.64 335.31 236.82 -7.20 1680  13.92   618.5  56523.  0.65  5.49  11.68   3.34  15.42 0.71 2.05 0.41  1.03 608.4 275846. 10.74 615.5  57176.
096 17:46:31 0.64 335.31 236.81 -7.20 1680  15.94   618.5  63683.  0.31  5.25  12.38   0.92  15.11 0.28 0.47 0.33  1.25 605.7 316218. 13.95 615.3  61087.
096 17:47:52 0.64 335.31 236.80 -7.20 1680  17.16   614.2  71151.  0.00  0.00  11.56   2.62  15.45 0.44 0.61 0.26  1.51 603.7 216841. 12.40 612.6  79110.
096 17:49:13 0.64 335.31 236.79 -7.20 1680  19.16   614.5  58820.  0.13  4.38  11.08   3.49  15.45 0.21 0.48 0.22  1.21 607.3 309721. 16.12 611.3  58934.
096 17:50:34 0.64 335.21 236.68 -7.23 1680  -1.00    -1.0     -1. -1.00 -1.00  11.29   4.05  15.38 0.23 0.65 0.24 -1.00  -1.0     -1. -1.00  -1.0     -1.
096 17:52:01 0.64 335.31 236.76 -7.20 1680  16.47   610.8  55068.  0.61  4.46  10.74   5.48  15.36 0.48 0.59 0.42  1.06 602.2 300703. 13.61 610.6  52843.
096 17:53:16 0.64 335.31 236.75 -7.20 1680  20.28   609.6  54532.  1.15  4.31  10.26   6.19  15.35 0.21 0.28 0.24  1.02 600.5 262540. 13.15 610.4  59801.
096 17:54:37 0.64 335.31 236.74 -7.20 1680  16.61   606.5  54717.  0.70  4.33   9.69   6.18  15.86 0.32 0.71 0.33  0.89 599.7 340049. 12.81 606.1  52001.
096 17:55:58 0.64 335.31 236.73 -7.20 1680  20.22   597.2  56640.  0.18  3.01   9.40   5.65  15.82 0.37 0.42 0.23  1.48 590.1 191139. 15.45 595.6  58716.
096 17:57:19 0.64 335.32 236.72 -7.20 1680  23.34   600.3  51875.  0.00  0.00   9.46   5.99  15.17 0.36 0.38 0.26  1.20 594.2 234747. 19.18 597.2  49487.
096 17:58:40 0.64 335.32 236.71 -7.20 1680  21.60   594.9  55945.  0.00  0.00   9.44   6.15  15.02 0.24 0.62 0.39  1.21 590.0 213216. 18.99 592.8  56585.
096 18:00:01 0.64 335.32 236.70 -7.20 1680  23.74   594.7  46404. -0.34  2.32   9.21   6.52  14.93 0.25 0.24 0.17  0.78 596.4 388750. 22.37 592.5  44439.
096 18:01:22 0.64 335.32 236.68 -7.20 1680  27.78   588.0  38757.  0.01  2.33   8.86   7.49  14.39 0.49 0.44 0.32  0.66 585.5 121921. 25.59 589.9  48240.
096 18:02:43 0.64 335.32 236.67 -7.20 1680  27.09   591.1  35473. -0.31  2.09   9.30   7.71  14.06 0.39 0.36 0.47  0.49 592.3 294986. 30.53 589.2  37994.
096 18:05:40 0.64 335.32 236.64 -7.20 1680  23.21   591.3  36792. -0.28  2.10   9.41   7.38  14.65 0.21 0.30 0.25  0.49 588.5 247896. 27.07 588.9  39024.
096 18:06:46 0.64 335.32 236.64 -7.20 1680  24.24   588.5  42003. -0.01  2.49   9.40   7.37  14.80 0.14 0.12 0.16  1.10 588.7 184460. 18.06 589.8  53976.
096 18:07:46 0.64 335.32 236.62 -7.20 1680  -1.00    -1.0     -1. -1.00 -1.00   9.49   6.86  14.95 0.23 0.90 0.42 -1.00  -1.0     -1. 35.24 579.7  31991.
096 18:17:26 0.64 335.32 236.54 -7.20 1680  41.05   579.3  29558.  0.44  0.38   9.67   5.91  15.20 0.32 1.36 0.58  1.23 581.9 117763. 32.33 577.8  34456.
096 18:18:47 0.64 335.33 236.53 -7.20 1680  34.10   582.5  40817.  0.15  1.13   9.17   8.24  13.69 0.35 0.55 0.17  0.64 576.0 281849. 35.45 580.8  32306.
096 18:20:08 0.64 335.33 236.52 -7.20 1680  45.84   579.8  31435.  0.00  0.00   9.55   7.18  14.09 0.18 0.23 0.22  2.04 583.1 116646. 33.19 578.3  36860.
096 18:21:29 0.64 335.33 236.51 -7.20 1680  -1.00    -1.0     -1. -1.00 -1.00   8.74   7.72  14.39 0.40 0.69 0.32 -1.00  -1.0     -1. 33.82 579.9  32056.
096 18:22:50 0.64 335.33 236.49 -7.20 1680  46.34   579.1  33989.  0.94  0.33   9.14   6.92  14.57 0.23 0.44 0.24  2.11 582.1 119101. 34.34 577.5  36120.
096 18:24:11 0.64 335.33 236.48 -7.20 1680  32.37   581.1  39274.  0.39  1.00   9.38   6.73  14.65 0.24 0.36 0.22  0.75 575.5 227015. 34.60 580.1  31065.
096 18:25:32 0.64 335.33 236.47 -7.20 1680  43.40   576.1  25364.  0.44  0.86   9.28   6.11  15.40 0.34 0.68 0.37  1.91 583.9 109018. 36.23 574.1  32494.
096 18:26:53 0.64 335.33 236.46 -7.20 1680  32.11   583.2  44400.  0.57  1.22  10.43   8.38  13.42 0.59 0.70 0.73  0.72 576.6 245609. 32.39 582.6  34034.
096 18:28:14 0.64 335.33 236.45 -7.20 1680  42.81   579.6  21810.  0.90  0.87  11.38   8.23  13.84 0.24 0.73 0.86  1.52 582.8 129328. 27.26 579.0  36617.
096 18:29:35 0.64 335.33 236.44 -7.20 1680  30.33   586.0  31208. -0.30  0.68  11.36   7.19  14.61 0.28 0.57 0.33  0.37 575.6 318674. 36.54 583.2  27021.
096 18:30:56 0.64 335.33 236.42 -7.20 1680  50.29   577.8  22499.  0.66  0.80  10.73   6.15  15.36 0.57 0.61 0.46  1.76 582.8 114904. 38.16 576.2  32046.
096 18:32:17 0.64 335.33 236.41 -7.20 1680  30.58   583.6  35993. -0.24  0.86  10.47   5.20  15.78 0.44 0.45 0.28  0.40 577.3 268725. 34.04 581.3  28115.
096 18:33:38 0.64 335.33 236.40 -7.20 1680  46.07   577.6  22655. -0.11  0.06  10.62   4.45  15.65 0.31 0.69 0.23  1.57 581.8 123143. 35.62 576.3  34028.
096 18:34:59 0.64 335.33 236.39 -7.20 1680  38.85   586.8  29119. -0.60  1.34  10.89   4.40  15.59 0.48 0.74 0.23  0.39 581.0 277730. 36.87 583.1  25819.
096 18:36:20 0.64 335.23 236.28 -7.23 1680  -1.00    -1.0     -1. -1.00 -1.00  11.83   3.52  15.34 0.64 0.99 0.45 -1.00  -1.0     -1. -1.00  -1.0     -1.
096 18:38:08 0.64 335.33 236.36 -7.20 1680  31.43   578.5  43900.  0.58  1.32   7.83   7.88  15.11 0.26 0.20 0.20  0.88 568.1 187839. 31.32 578.2  34989.
096 18:39:02 0.64 335.33 236.35 -7.20 1680  35.40   576.3  37260.  0.00  0.00   7.92   7.73  15.10 0.19 0.15 0.19  1.13 579.1 134694. 32.27 573.9  36422.
096 18:40:23 0.64 335.34 236.34 -7.20 1680  31.44   579.5  43773.  0.49  1.26   8.45   7.41  14.92 0.83 0.98 0.36  0.78 574.1 199533. 30.74 579.2  34284.
096 18:41:44 0.64 335.34 236.33 -7.20 1680  45.75   579.0  34352.  0.95  1.19  10.56   4.15  14.89 0.58 0.94 0.16  1.83 581.4 116178. 33.35 577.1  36360.
096 18:43:05 0.64 335.34 236.32 -7.20 1680  28.84   579.0  41970.  0.78  1.49   8.85   5.18  15.53 0.34 0.17 0.20  1.16 569.6 191360. 30.65 578.7  33937.
096 18:44:26 0.64 335.34 236.31 -7.20 1680  43.77   576.4  27235.  1.28  1.24  10.13   4.39  14.83 0.13 0.40 0.25  1.28 581.3 119192. 33.53 575.3  34544.
096 18:45:47 0.64 335.34 236.29 -7.20 1680  30.55   576.7  43728.  1.17  0.86  10.36   5.73  13.96 0.26 1.81 0.90  1.39 568.0 152690. 31.10 577.8  34333.
096 18:47:08 0.64 335.34 236.28 -7.20 1680  55.10   575.5  26455.  0.00  0.00  10.59   5.56  13.96 0.19 0.34 0.28  1.94 581.2 110370. 37.43 574.7  32131.
096 18:48:29 0.64 335.34 236.27 -7.20 1680  31.11   576.0  39664.  1.05  0.69  10.72   5.64  14.00 0.30 0.33 0.26  1.54 567.5  94348. 31.10 577.0  31078.
096 18:49:50 0.64 335.34 236.26 -7.20 1680  48.99   575.7  26225.  1.05  1.02  11.12   4.70  14.08 0.18 0.24 0.21  1.36 582.2 116724. 36.81 574.4  31188.
096 18:51:11 0.64 335.34 236.25 -7.20 1680  29.37   576.9  39508.  0.87  0.92  11.07   3.44  14.57 0.19 0.35 0.18  0.95 569.3 132914. 32.38 577.6  31214.
096 18:52:32 0.64 335.34 236.24 -7.20 1680  49.72   576.7  24896.  0.99  0.63  11.00   3.37  14.85 0.24 0.34 0.19  1.52 581.0  97714. 33.87 575.4  32871.
096 18:53:53 0.63 335.34 236.22 -7.20 1680  23.01   578.8  34570.  0.33  1.11  11.60   3.18  14.67 0.42 0.82 0.29  0.61 563.3 178678. 35.02 579.8  22716.
096 18:55:14 0.63 335.34 236.21 -7.20 1680  49.09   576.4  21492.  0.00  0.00  11.72   2.95  14.91 0.11 0.17 0.14  1.02 580.6 110188. 32.94 574.3  29265.
096 18:56:35 0.63 335.34 236.20 -7.20 1680  18.92   579.6  34531.  0.19  1.22  12.00   2.25  15.32 0.15 0.25 0.23  0.37 570.0 268790. 35.51 580.5  21888.
096 18:57:56 0.63 335.34 236.19 -7.20 1680  59.83   576.2  19569.  0.00  0.00  11.18   3.25  15.26 0.31 0.50 0.15  1.06 582.2 101924. 33.11 573.5  29197.
096 18:59:17 0.63 335.34 236.18 -7.20 1680  17.87   581.5  35697.  0.46  0.64  11.00   3.48  15.86 0.32 0.26 0.18  0.28 568.1 308850. 28.18 580.1  25299.
096 19:00:38 0.63 335.34 236.16 -7.20 1680  54.02   576.6  21505.  0.00  0.00  11.61   2.47  15.18 0.31 0.62 0.26  1.39 580.9 111487. 33.18 575.0  28557.
096 19:01:59 0.63 335.34 236.15 -7.20 1680  19.38   582.6  37000.  0.53  1.56  11.82   1.73  15.45 0.22 0.37 0.12  0.34 575.0 236592. 25.87 582.0  27683.
096 19:03:20 0.63 335.35 236.14 -7.20 1680  30.42   580.5  27885.  0.95  1.58  11.93   1.15  15.37 0.22 0.26 0.19  0.86 583.7 112293. 23.82 578.4  32982.
096 19:04:41 0.63 335.35 236.13 -7.20 1680  20.92   583.3  35405.  0.38  1.04  11.99   0.70  15.27 0.23 0.40 0.23  0.28 573.9 300989. 25.85 582.5  27462.
096 19:06:02 0.63 335.35 236.12 -7.20 1680  36.29   577.7  22814.  0.90  0.95  12.10   1.03  15.12 0.16 0.22 0.17  1.24 581.8 111331. 25.17 576.0  33378.
096 20:13:11 0.63 335.38 235.53 -7.20 1680  23.49   574.9  50452.  0.14  0.42   1.80  10.31  12.61 0.00 0.00 0.00  0.70 563.6 117074. 17.68 575.3  46511.
096 20:34:47 0.63 335.39 235.34 -7.20 1680  56.74   568.5  28486.  0.00  0.00   2.31  10.50  11.81 0.00 0.00 0.00  0.86 577.5 148182. 26.77 566.7  37604.
096 20:56:23 0.63 335.40 235.16 -7.19 1680  30.19   561.3  47047.  0.84  0.31   0.23  13.60   9.70 0.00 0.00 0.00  0.93 558.1 125442. 23.10 561.4  49555.
096 21:17:59 0.63 335.41 234.97 -7.19 1680  36.24   551.8  51017.  1.60 -0.26  -3.04  14.90   5.67 0.00 0.00 0.00  1.38 541.1 114813. 25.57 549.5  48880.
096 21:39:35 0.63 335.42 234.78 -7.19 1680   9.80   584.6 120183.  1.58  0.00  -2.27  13.80   8.88 0.00 0.00 0.00  0.07 615.4 334799.  9.34 580.4 109454.
096 22:01:11 0.63 335.43 234.59 -7.19 1680  26.89   563.7 116808. -1.83  0.54  -2.83  10.40   3.37 0.00 0.00 0.00  0.72 564.8 537334. 21.71 563.3 120534.
096 22:22:47 0.63 335.44 234.41 -7.19 1680  18.97   560.7 129727. -0.82  0.25  -7.18  13.00  -3.16 0.00 0.00 0.00  0.63 556.7 447391. 16.69 560.7 119728.
096 22:44:23 0.63 335.45 234.22 -7.19 1680  22.94   538.0  37737.  1.30  0.04  -8.50  16.30  -0.07 0.00 0.00 0.00  1.32 535.4 154847. 11.90 536.3  46433.
096 23:05:59 0.63 335.46 234.03 -7.19 1680  12.31   539.9 130283. -0.27 -1.38 -10.24  11.10  -8.18 0.00 0.00 0.00  0.49 549.4 272598.  9.17 541.4 122084.
096 23:27:35 0.63 335.47 233.84 -7.19 1680  10.73   543.2 124520.  0.61 -1.62 -10.02   9.60 -10.98 0.00 0.00 0.00  0.19 564.2 354953.  8.59 541.1 129880.
096 23:49:11 0.63 335.48 233.65 -7.19 1680   8.92   532.6  67938.  0.42 -2.55  -9.10  10.49 -12.57 0.00 0.00 0.00  0.23 533.7 218426.  8.23 531.5  73824.
