202  3:42:24 0.96 164.17 111.28 -3.20 1683   4.26   368.8  51569.  4.07 -2.25   0.00   0.00   0.00 0.00 0.00 0.00  0.24 370.4 170297.  4.51 366.1  46239.
202  4:04:00 0.96 164.17 111.08 -3.20 1683   5.52   382.6  47606.  0.00  0.00   0.00   0.00   0.00 0.00 0.00 0.00  0.28 385.7 196285.  5.20 382.3  45781.
202  4:16:00 0.96 164.17 110.97 -3.20 1683   5.27   397.5  44666.  4.85  0.12   0.00   0.00   0.00 0.00 0.00 0.00  0.17 394.1 174338.  5.29 394.2  38848.
202  4:37:36 0.96 164.16 110.77 -3.20 1683   6.90   398.6  45923.  0.00  0.00   0.00   0.00   0.00 0.00 0.00 0.00  0.31 398.0 241919.  6.71 400.1  43422.
202  5:16:13 0.96 164.16 110.40 -3.20 1683   5.93   394.0  41632.  1.75  5.09   0.00   0.00   0.00 0.00 0.00 0.00  0.25 391.2 291348.  5.63 393.4  32900.
202  5:27:01 0.96 164.16 110.30 -3.20 1683   6.74   399.8  45875.  5.26  3.13   0.00   0.00   0.00 0.00 0.00 0.00  0.26 395.9 160994.  6.38 397.1  47447.
202  5:54:37 0.96 164.15 110.05 -3.21 1683   6.38   397.8  37715.  6.23 -1.55   0.00   0.00   0.00 0.00 0.00 0.00  0.27 396.3 170791.  6.19 398.3  40395.
202  6:05:25 0.96 164.15 109.94 -3.21 1683   6.86   396.7  35577.  6.59 -1.48   0.00   0.00   0.00 0.00 0.00 0.00  0.32 398.5 238619.  6.86 394.0  34378.
202  6:16:13 0.96 164.15 109.84 -3.21 1683   6.92   395.5  33904.  6.49 -1.99   0.00   0.00   0.00 0.00 0.00 0.00  0.25 393.1 237280.  6.26 395.5  29974.
202  6:27:01 0.96 164.15 109.74 -3.21 1683   6.94   405.5  33758.  5.00 -3.71   0.00   0.00   0.00 0.00 0.00 0.00  0.28 404.7 214164.  6.41 404.2  30071.
202  6:37:49 0.96 164.14 109.64 -3.21 1683   7.01   398.2  30539.  4.83 -4.16   0.00   0.00   0.00 0.00 0.00 0.00  0.26 393.8 178288.  6.26 397.3  30454.
202  6:48:37 0.96 164.14 109.54 -3.21 1683   6.57   403.6  34473.  4.30 -4.11   0.00   0.00   0.00 0.00 0.00 0.00  0.25 403.2 223104.  6.03 402.0  28050.
202  6:59:25 0.96 164.14 109.44 -3.21 1683   6.51   390.3  43822.  6.29  0.47   0.00   0.00   0.00 0.00 0.00 0.00  0.23 391.0 234084.  5.89 388.3  40807.
202  7:10:13 0.96 164.14 109.34 -3.21 1683   5.99   397.6  38994.  4.86 -2.84   0.00   0.00   0.00 0.00 0.00 0.00  0.30 398.4 276379.  5.96 396.8  39894.
202  7:21:01 0.96 164.14 109.24 -3.21 1683   6.51   400.8  34067.  5.67 -1.11   0.00   0.00   0.00 0.00 0.00 0.00  0.22 394.7 249897.  6.39 401.3  42769.
202  7:31:49 0.96 164.14 109.14 -3.21 1683   6.42   394.8  42431. -1.33 -5.63   0.00   0.00   0.00 0.00 0.00 0.00  0.33 397.1 230472.  6.57 395.5  41252.
202  7:42:37 0.96 164.13 109.04 -3.21 1683   7.23   393.4  51218.  4.53 -3.67   0.00   0.00   0.00 0.00 0.00 0.00  0.20 403.4 177704.  7.19 393.6  54074.
202  7:53:26 0.96 164.13 108.93 -3.21 1683   6.06   402.5  40849.  6.51  0.94   0.00   0.00   0.00 0.00 0.00 0.00  0.20 404.0 251613.  6.00 400.5  40632.
202  8:04:14 0.96 164.13 108.83 -3.21 1683   6.74   412.9  43269.  6.14 -1.80   0.00   0.00   0.00 0.00 0.00 0.00  0.20 407.9 184227.  5.96 411.0  48035.
202  8:15:02 0.96 164.13 108.73 -3.21 1683   5.87   400.1  38572.  6.07 -2.59   0.00   0.00   0.00 0.00 0.00 0.00  0.16 392.0 144699.  6.03 397.4  37536.
202  8:25:50 0.96 164.13 108.63 -3.21 1683   6.10   402.8  34440.  6.28 -3.05   0.00   0.00   0.00 0.00 0.00 0.00  0.22 401.1 250417.  6.26 401.3  38592.
202  8:36:38 0.96 164.13 108.53 -3.22 1683   6.26   398.9  37104.  4.46 -3.71   0.00   0.00   0.00 0.00 0.00 0.00  0.19 402.4 261137.  6.01 396.9  37851.
202  8:47:26 0.96 164.12 108.43 -3.22 1683   5.95   403.9  32182.  3.20 -4.70   0.00   0.00   0.00 0.00 0.00 0.00  0.24 390.6 248975.  6.08 403.6  37594.
202  8:58:14 0.96 164.12 108.33 -3.22 1683   6.05   404.9  42824.  2.66 -4.56   0.00   0.00   0.00 0.00 0.00 0.00  0.19 397.9 219089.  6.03 403.3  41528.
202  9:09:02 0.96 164.12 108.23 -3.22 1683   6.50   395.4  57962.  0.27  3.02   0.00   0.00   0.00 0.00 0.00 0.00  0.31 403.2 207018. -1.00  -1.0     -1.
202  9:19:50 0.96 164.12 108.13 -3.22 1683   6.97   392.5  63368.  5.14 -0.33   0.00   0.00   0.00 0.00 0.00 0.00  0.24 390.1 229835.  6.50 390.4  56676.
202  9:30:38 0.96 164.12 108.02 -3.22 1683   6.73   389.8  46177.  3.87  0.93   0.00   0.00   0.00 0.00 0.00 0.00  0.21 393.9 229471.  6.88 386.9  42444.
202  9:41:26 0.96 164.11 107.92 -3.22 1683   6.75   389.9  53129.  3.09 -3.76   0.00   0.00   0.00 0.00 0.00 0.00  0.23 390.0 184318.  6.30 389.7  46814.
202  9:52:14 0.96 164.11 107.82 -3.22 1683   6.27   380.1  65525.  0.00  0.00   0.00   0.00   0.00 0.00 0.00 0.00  0.23 391.7 278497.  6.31 379.2  54814.
202 10:03:02 0.96 164.11 107.72 -3.22 1683   6.83   366.6  89891.  0.35  0.40   0.00   0.00   0.00 0.00 0.00 0.00  0.25 363.4 180081.  6.37 367.4  84171.
202 10:13:50 0.96 164.11 107.62 -3.22 1683   6.59   367.9  78749. -1.05  1.77   0.00   0.00   0.00 0.00 0.00 0.00  0.26 377.2 186423.  6.31 368.3  92753.
202 10:24:38 0.96 164.11 107.52 -3.22 1683   6.92   405.1  48370.  5.53 -1.92   0.00   0.00   0.00 0.00 0.00 0.00  0.22 403.6 182511.  6.62 403.3  43984.
202 10:35:26 0.96 164.11 107.42 -3.22 1683   7.08   395.2  37237.  4.88 -1.20   0.00   0.00   0.00 0.00 0.00 0.00  0.24 395.7 230173.  6.25 395.3  32413.
202 10:46:14 0.96 164.10 107.32 -3.22 1683   6.09   395.2  45521.  4.29  2.90   0.00   0.00   0.00 0.00 0.00 0.00  0.24 397.6 243219.  6.00 393.8  44881.
202 10:57:02 0.96 164.10 107.22 -3.22 1683   6.34   390.4  40391.  4.27  1.73   0.00   0.00   0.00 0.00 0.00 0.00  0.25 390.3 219570.  6.13 387.3  42236.
202 11:07:50 0.96 164.10 107.12 -3.22 1683   6.54   396.6  43809.  5.67  0.86   0.00   0.00   0.00 0.00 0.00 0.00  0.17 392.9 149572.  6.37 395.1  40992.
202 11:18:38 0.96 164.10 107.01 -3.22 1683   7.05   401.0  47012.  5.95  0.14   0.00   0.00   0.00 0.00 0.00 0.00  0.26 393.2 254731.  6.40 399.9  42919.
202 11:29:26 0.96 164.10 106.91 -3.22 1683   6.68   402.7  47164.  5.77 -0.31   0.00   0.00   0.00 0.00 0.00 0.00  0.23 404.4 223988.  6.39 401.6  44221.
202 11:40:14 0.96 164.10 106.81 -3.23 1683   6.29   404.0  39043.  3.42  2.38   0.00   0.00   0.00 0.00 0.00 0.00  0.19 402.7 175534.  6.57 401.8  39651.
202 11:51:02 0.96 164.09 106.71 -3.23 1683   6.22   399.8  35717.  4.31  2.07   0.00   0.00   0.00 0.00 0.00 0.00  0.21 387.4 142192.  6.40 398.0  37120.
202 12:01:50 0.96 164.09 106.61 -3.23 1683   6.55   390.9  35811.  4.68  1.37   0.00   0.00   0.00 0.00 0.00 0.00  0.20 394.2 160058.  5.82 388.7  36207.
202 12:12:38 0.96 164.09 106.51 -3.23 1683   5.82   377.2  42795.  4.74 -0.29   0.00   0.00   0.00 0.00 0.00 0.00  0.22 380.9 200287.  5.74 375.4  51420.
202 12:23:26 0.96 164.09 106.41 -3.23 1683   6.00   394.9  37650.  5.05 -0.19   0.00   0.00   0.00 0.00 0.00 0.00  0.21 390.9 193296.  5.30 394.6  33761.
202 12:34:14 0.96 164.09 106.31 -3.23 1683   5.39   388.5  32806.  5.40 -1.22   0.00   0.00   0.00 0.00 0.00 0.00  0.19 383.8 164086.  5.44 386.7  33995.
202 12:45:02 0.96 164.08 106.21 -3.23 1683   6.15   381.0  43269.  5.00 -0.01   0.00   0.00   0.00 0.00 0.00 0.00  0.20 381.5 148143.  5.93 378.6  44072.
202 12:55:50 0.96 164.08 106.11 -3.23 1683   5.44   395.6  24932.  3.32 -1.71   0.00   0.00   0.00 0.00 0.00 0.00  0.25 384.7 292621.  5.79 394.8  28294.
202 13:06:38 0.96 164.08 106.00 -3.23 1683   6.90   372.5  44764.  4.27 -0.49   0.00   0.00   0.00 0.00 0.00 0.00  0.22 376.8 139996.  6.46 372.9  41635.
202 13:17:26 0.96 164.08 105.90 -3.23 1683   6.24   370.6  43666.  3.75  2.92   0.00   0.00   0.00 0.00 0.00 0.00  0.20 379.6 239671.  5.95 368.4  42798.
202 13:28:14 0.96 164.08 105.80 -3.23 1683   6.78   392.4  35291.  4.52  1.21   0.00   0.00   0.00 0.00 0.00 0.00  0.27 389.8 188489.  6.26 391.4  31754.
202 13:39:02 0.96 164.08 105.70 -3.23 1683   6.18   394.7  26900.  4.32  0.00   0.00   0.00   0.00 0.00 0.00 0.00  0.27 393.0  96596.  5.96 393.1  30328.
202 13:49:50 0.96 164.07 105.60 -3.23 1683   5.56   376.9  35376.  4.91  0.29   0.00   0.00   0.00 0.00 0.00 0.00  0.25 379.5  89891.  5.73 374.8  34590.
202 14:00:38 0.96 164.07 105.50 -3.23 1683   5.58   376.5  27995.  5.73  0.42   0.00   0.00   0.00 0.00 0.00 0.00  0.20 377.5 164775.  5.60 375.1  26092.
202 14:11:26 0.96 164.07 105.40 -3.23 1683   5.28   372.7  24899.  5.04 -1.62   0.00   0.00   0.00 0.00 0.00 0.00  0.25 368.6 153392.  5.37 371.8  25052.
202 14:22:14 0.96 164.07 105.30 -3.23 1683   5.44   371.5  30256.  0.00  0.00   0.00   0.00   0.00 0.00 0.00 0.00  0.27 371.1 199650.  5.26 369.7  28145.
202 14:33:02 0.96 164.07 105.20 -3.24 1683   5.36   372.1  26644.  5.11 -1.94   0.00   0.00   0.00 0.00 0.00 0.00  0.23 368.9 168478.  5.25 370.7  27001.
202 14:43:50 0.96 164.07 105.09 -3.24 1683   5.38   371.4  31604.  4.75 -1.76   0.00   0.00   0.00 0.00 0.00 0.00  0.22 374.1 173013.  5.65 369.5  31773.
202 14:54:38 0.96 164.06 104.99 -3.24 1683   4.90   379.8  23704.  0.00  0.00   0.00   0.00   0.00 0.00 0.00 0.00  0.23 364.0  82823.  5.25 380.7  24925.
202 15:21:01 0.96 164.06 104.75 -3.24 1683   4.80   367.5  33414.  0.00  0.00   0.00   0.00   0.00 0.00 0.00 0.00  0.20 363.1 226418.  4.97 370.1  28418.
202 15:31:49 0.96 164.06 104.64 -3.24 1683   6.06   369.2  28817.  4.32 -1.88   0.00   0.00   0.00 0.00 0.00 0.00  0.18 366.6 185136.  5.85 367.5  28749.
202 15:42:37 0.96 164.06 104.54 -3.24 1683   5.66   366.6  38731.  4.66 -1.61   0.00   0.00   0.00 0.00 0.00 0.00  0.20 365.8 186851.  5.96 365.4  39881.
202 15:48:38 0.96 164.05 104.49 -3.24 1683   5.27   368.2  36100.  5.17 -1.36   0.00   0.00   0.00 0.00 0.00 0.00  0.21 362.9 159590.  5.46 366.4  34145.
202 15:59:26 0.96 164.05 104.38 -3.24 1683   5.96   361.5  35509.  4.24 -2.46   0.00   0.00   0.00 0.00 0.00 0.00  0.24 368.8 147259.  5.85 359.0  33440.
202 16:10:14 0.96 164.05 104.29 -3.24 1683   5.89   370.4  30536.  4.78 -1.80   0.00   0.00   0.00 0.00 0.00 0.00  0.32 370.7 282980.  5.61 368.8  28408.
202 16:21:02 0.96 164.05 104.19 -3.24 1683   5.81   360.7  35402.  4.43 -1.46   0.00   0.00   0.00 0.00 0.00 0.00  0.24 364.7 195167.  5.75 359.2  33719.
202 16:31:50 0.96 164.05 104.08 -3.24 1683   6.03   362.7  26884.  0.00  0.00   0.00   0.00   0.00 0.00 0.00 0.00  0.23 365.1 128860.  6.07 363.4  28206.
202 16:42:38 0.96 164.05 103.98 -3.24 1683   5.72   363.9  39303.  3.91 -1.43   0.00   0.00   0.00 0.00 0.00 0.00  0.24 367.2 152054.  5.53 362.7  38998.
202 16:53:26 0.96 164.04 103.88 -3.24 1683   6.50   360.6  49253.  0.00  0.00   0.00   0.00   0.00 0.00 0.00 0.00  0.23 369.7 175936.  6.10 361.8  43396.
202 17:13:38 0.96 164.04 103.69 -3.24 1683   6.37   358.8  48132.  4.26 -0.39   0.00   0.00   0.00 0.00 0.00 0.00  0.16 363.5 141854.  5.97 358.4  43390.
202 17:35:14 0.96 164.04 103.49 -3.25 1683   5.65   359.2  42769.  0.00  0.00   0.00   0.00   0.00 0.00 0.00 0.00  0.24 364.6 213736.  5.65 358.6  39683.
202 20:52:02 0.96 164.00 101.65 -3.26 1683   5.67   352.8  40788.  5.28 -0.57   0.00   0.00   0.00 0.00 0.00 0.00  0.22 359.7 117113.  5.40 352.1  48564.
202 21:04:03 0.96 164.00 101.54 -3.26 1683   5.45   380.1  33238.  6.81 -1.59   0.00   0.00   0.00 0.00 0.00 0.00  0.15 376.6 220271.  5.43 377.6  35025.
202 21:25:39 0.96 164.00 101.33 -3.26 1683   5.02   357.7  45755.  5.70 -0.79   0.00   0.00   0.00 0.00 0.00 0.00  0.24 358.0 136305.  4.57 355.0  40131.
202 21:47:15 0.96 164.00 101.13 -3.26 1683   4.94   381.0  31523.  4.83 -3.46   0.00   0.00   0.00 0.00 0.00 0.00  0.21 377.4 105419.  5.07 379.2  30370.
202 22:08:51 0.96 163.99 100.93 -3.26 1683   5.11   370.1  32153.  5.60 -3.37   0.00   0.00   0.00 0.00 0.00 0.00  0.21 366.4 141399.  4.92 368.1  30081.
202 22:30:26 0.96 163.99 100.73 -3.26 1683   5.37   363.7  33794.  5.23 -3.46   0.00   0.00   0.00 0.00 0.00 0.00  0.18 361.8 144972.  5.12 361.7  33118.
202 22:52:02 0.96 163.98 100.53 -3.26 1683   5.52   352.4  29441.  4.89 -2.00   0.00   0.00   0.00 0.00 0.00 0.00  0.17 362.8 103366.  4.89 351.6  27219.
