1979/159   rh    esh  clong  clat crot    np1     vp1     Tp1   vaz   vel     Bx     By     Bz  sBx  sBy  sBz   nal   val     Tal   np2   vp2     Tp2
hh:mm:ss [AU]  [deg]  [deg] [deg]    # [cm-3]  [km/s]     [K] [deg] [deg]   [nT]   [nT]   [nT] [nT] [nT] [nT][cm-3][km/s]     [K][cm-3][km/s]     [K]
 0:06:11 0.66 163.21 321.52  1.97 1682  15.65   504.4 265701.  0.09  1.19   0.00   0.00   0.00 0.00 0.00 0.00 -1.00  -1.0     -1. 12.71 505.4 247672.
 0:49:23 0.66 163.23 321.14  1.97 1682  13.04   501.7 185029.  2.38  2.41   0.00   0.00   0.00 0.00 0.00 0.00  0.68 510.0 412749. 11.09 499.6 189174.
 1:32:35 0.66 163.24 320.76  1.96 1682  16.31   500.6 198682.  2.44  3.08   0.00   0.00   0.00 0.00 0.00 0.00 -1.00  -1.0     -1. 13.34 497.9 205819.
 2:15:47 0.66 163.26 320.38  1.95 1682  13.87   486.7 187845. -0.45 -3.01   0.00   0.00   0.00 0.00 0.00 0.00  0.43 506.3 392375. 11.26 486.4 187391.
 2:58:59 0.66 163.28 320.00  1.95 1682  11.80   475.6 191142. -1.01 -1.56   0.00   0.00   0.00 0.00 0.00 0.00 -1.00  -1.0     -1. 10.42 478.4 226047.
 3:42:11 0.66 163.30 319.62  1.94 1682  11.66   517.2 124312.  0.00  0.00   0.00   0.00   0.00 0.00 0.00 0.00  0.44 506.1 301223.  9.75 515.2 125043.
 5:00:50 0.66 163.33 318.93  1.93 1682  13.48   455.2 177483. -0.25 -1.40   0.00   0.00   0.00 0.00 0.00 0.00  0.40 495.0 365685. 11.54 454.7 174660.
 5:03:32 0.66 163.33 318.91  1.93 1682  13.75   461.1 154217.  0.94 -1.27   0.00   0.00   0.00 0.00 0.00 0.00  0.21 532.3 358669. 11.43 459.9 152057.
 5:04:46 0.66 163.33 318.89  1.93 1682  11.95   469.5 126797.  2.21  1.38   0.00   0.00   0.00 0.00 0.00 0.00  0.31 490.1 282655. 10.03 467.1 123168.
 5:07:28 0.66 163.33 318.87  1.93 1682  12.79   475.2 146743.  1.20  2.96   0.00   0.00   0.00 0.00 0.00 0.00  0.40 492.2 331811. 10.83 474.3 143449.
 5:10:10 0.66 163.33 318.85  1.93 1682  13.22   484.4 120554.  2.77  1.89   0.00   0.00   0.00 0.00 0.00 0.00  0.41 481.5 380667. 11.07 481.9 114300.
 5:12:52 0.66 163.33 318.82  1.93 1682  11.74   469.5 145099.  2.53 -0.27   0.00   0.00   0.00 0.00 0.00 0.00  0.40 493.6 376821.  9.91 468.5 145729.
 5:15:34 0.66 163.33 318.80  1.93 1682  12.58   454.8 162504.  0.89 -1.29   0.00   0.00   0.00 0.00 0.00 0.00  0.37 487.6 264217. 10.32 453.1 155124.
 5:18:16 0.66 163.33 318.77  1.93 1682  12.97   464.4 153993.  1.73  0.52   0.00   0.00   0.00 0.00 0.00 0.00 -1.00  -1.0     -1. 10.61 461.2 154276.
 5:20:58 0.66 163.33 318.75  1.93 1682  11.41   463.8 133343.  2.30  0.59   0.00   0.00   0.00 0.00 0.00 0.00  0.27 486.0 343609.  9.67 463.5 117416.
 5:23:38 0.66 163.33 318.73  1.93 1682  11.66   467.8 112991.  1.90  3.05   0.00   0.00   0.00 0.00 0.00 0.00  0.32 494.9 340412. 10.05 467.8 134366.
 5:26:20 0.66 163.34 318.70  1.93 1682  12.97   468.6 133109.  1.98  1.35   0.00   0.00   0.00 0.00 0.00 0.00  0.36 494.8 516583. 10.61 466.4 131816.
 7:00:14 0.66 163.37 317.88  1.92 1682  10.27   463.4 150628.  2.01 -1.67   0.00   0.00   0.00 0.00 0.00 0.00  0.30 494.0 392999.  9.13 462.8 146583.
 7:02:56 0.66 163.37 317.85  1.92 1682  12.05   454.0 156917.  0.24 -1.94   0.00   0.00   0.00 0.00 0.00 0.00 -1.00  -1.0     -1.  9.81 451.3 140567.
 7:05:38 0.66 163.37 317.83  1.92 1682  13.32   490.7 177629.  2.05  0.00   0.00   0.00   0.00 0.00 0.00 0.00  0.29 511.3 526705. 11.01 488.8 170833.
 7:08:20 0.66 163.38 317.81  1.92 1682  11.64   488.4 124887.  0.00  0.00   0.00   0.00   0.00 0.00 0.00 0.00  0.26 511.3 378822. 10.00 489.1 139983.
 7:16:26 0.66 163.38 317.73  1.92 1682  12.50   464.4 175660.  1.71  0.51   0.00   0.00   0.00 0.00 0.00 0.00  0.25 500.3 330121. 11.24 461.9 172240.
 7:19:08 0.66 163.38 317.71  1.92 1682  12.50   467.3 163852.  2.86  1.73   0.00   0.00   0.00 0.00 0.00 0.00  0.26 506.8 304939. 10.37 464.2 159015.
 7:21:52 0.66 163.38 317.69  1.91 1682  12.32   490.6 122506.  3.38  2.90   0.00   0.00   0.00 0.00 0.00 0.00  0.35 496.2 318713.  9.97 489.5 119504.
 7:24:34 0.66 163.38 317.66  1.91 1682  11.81   484.0 120485.  1.99  5.24   0.00   0.00   0.00 0.00 0.00 0.00  0.36 493.6 466583.  9.96 483.6 141132.
 7:27:16 0.66 163.38 317.64  1.91 1682   9.83   494.6 125965.  2.59  3.79   0.00   0.00   0.00 0.00 0.00 0.00  0.33 496.6 324183.  8.56 490.8 129240.
 7:29:58 0.66 163.38 317.62  1.91 1682  10.57   463.0 155952.  3.20 -2.06   0.00   0.00   0.00 0.00 0.00 0.00  0.28 486.2 308292.  8.51 459.3 151268.
 7:32:40 0.66 163.39 317.59  1.91 1682  10.41   465.4 164755.  3.24 -1.01   0.00   0.00   0.00 0.00 0.00 0.00  0.27 494.9 328016.  8.76 461.4 157147.
 7:40:46 0.66 163.39 317.52  1.91 1682  -1.00    -1.0     -1. -1.00 -1.00   0.00   0.00   0.00 0.00 0.00 0.00 -1.00  -1.0     -1.  8.84 456.9 153454.
 7:43:28 0.66 163.39 317.50  1.91 1682  10.90   448.0 147012.  2.74  0.46   0.00   0.00   0.00 0.00 0.00 0.00  0.26 470.4 252964.  9.60 447.8 180367.
 7:46:10 0.66 163.39 317.47  1.91 1682  10.63   448.0 174897.  1.55  2.99   0.00   0.00   0.00 0.00 0.00 0.00 -1.00  -1.0     -1.  9.09 444.6 160971.
 7:48:52 0.66 163.39 317.45  1.91 1682  10.50   430.0  99221. -0.35  1.98   0.00   0.00   0.00 0.00 0.00 0.00 -1.00  -1.0     -1.  9.02 433.5 135724.
 7:51:34 0.66 163.39 317.43  1.91 1682  10.10   446.7 146021.  2.03 -0.53   0.00   0.00   0.00 0.00 0.00 0.00 -1.00  -1.0     -1.  8.81 446.4 142978.
 7:54:16 0.66 163.39 317.40  1.91 1682  11.08   451.9 134678.  2.82 -0.46   0.00   0.00   0.00 0.00 0.00 0.00 -1.00  -1.0     -1.  8.96 449.9 125563.
 7:56:58 0.66 163.39 317.38  1.91 1682  11.10   456.4 140580.  1.80 -1.47   0.00   0.00   0.00 0.00 0.00 0.00  0.24 502.8 404615.  9.16 454.1 132950.
 7:59:40 0.66 163.40 317.36  1.91 1682  10.62   458.6 117929.  1.78 -2.10   0.00   0.00   0.00 0.00 0.00 0.00  0.25 489.1 294518.  8.78 456.4 114274.
 8:02:22 0.66 163.40 317.33  1.91 1682   9.41   448.8 154640.  2.83  0.86   0.00   0.00   0.00 0.00 0.00 0.00 -1.00  -1.0     -1.  8.34 447.5 153129.
 8:05:04 0.66 163.40 317.31  1.91 1682  10.24   449.6 114576.  1.04  0.63   0.00   0.00   0.00 0.00 0.00 0.00  0.26 491.9 395169.  8.87 451.0 149773.
 8:07:46 0.66 163.40 317.29  1.91 1682  10.85   446.0 139502.  0.45 -1.39   0.00   0.00   0.00 0.00 0.00 0.00 -1.00  -1.0     -1.  8.53 446.1 129704.
 8:10:28 0.66 163.40 317.26  1.91 1682   9.43   455.2 151528.  4.71  0.36   0.00   0.00   0.00 0.00 0.00 0.00  0.45 464.9 318089.  7.91 453.1 131920.
 8:13:10 0.66 163.40 317.24  1.91 1682  10.05   467.3 135782.  5.32  1.36   0.00   0.00   0.00 0.00 0.00 0.00  0.28 474.6 319129.  8.09 466.5 125725.
 8:15:52 0.66 163.40 317.21  1.91 1682  10.16   450.2 149897.  2.19 -0.64   0.00   0.00   0.00 0.00 0.00 0.00 -1.00  -1.0     -1.  8.66 449.8 174890.
 8:18:34 0.66 163.40 317.19  1.91 1682   9.57   477.3 116032.  4.66 -2.62   0.00   0.00   0.00 0.00 0.00 0.00  0.33 482.7 305576.  7.88 472.9 114200.
 8:21:16 0.66 163.40 317.17  1.91 1682  10.32   468.8 155335.  4.35 -1.04   0.00   0.00   0.00 0.00 0.00 0.00  0.28 485.6 439685.  8.96 466.6 152645.
 8:23:58 0.66 163.41 317.14  1.91 1682  10.83   459.5 158921.  4.40 -2.56   0.00   0.00   0.00 0.00 0.00 0.00  0.33 474.4 325509.  9.11 455.5 155598.
 8:26:40 0.66 163.41 317.12  1.91 1682  10.44   470.2 129214.  4.35  0.20   0.00   0.00   0.00 0.00 0.00 0.00  0.30 479.5 437216.  8.93 469.3 150215.
 8:29:22 0.66 163.41 317.09  1.91 1682  10.44   488.9 161036.  4.97 -1.02   0.00   0.00   0.00 0.00 0.00 0.00 -1.00  -1.0     -1.  8.80 484.8 168683.
 8:32:04 0.66 163.41 317.07  1.91 1682   9.78   472.5 118708.  3.68 -1.31   0.00   0.00   0.00 0.00 0.00 0.00  0.24 489.0 280407.  8.53 472.0 143504.
 8:34:46 0.66 163.41 317.05  1.91 1682  10.52   466.1 148084.  4.13 -1.45   0.00   0.00   0.00 0.00 0.00 0.00  0.27 485.7 293375.  8.74 462.8 144907.
 8:37:28 0.66 163.41 317.02  1.91 1682   9.62   474.1 116899.  4.65 -2.28   0.00   0.00   0.00 0.00 0.00 0.00  0.38 480.1 436541.  8.22 472.7 140265.
 8:40:10 0.66 163.41 317.00  1.90 1682  10.84   462.8 146223.  4.69 -2.55   0.00   0.00   0.00 0.00 0.00 0.00  0.32 475.6 322156.  8.86 460.2 148152.
 8:42:52 0.66 163.41 316.98  1.90 1682  10.51   479.0 143748.  4.90 -1.12   0.00   0.00   0.00 0.00 0.00 0.00 -1.00  -1.0     -1.  8.77 477.4 129133.
 8:45:34 0.66 163.41 316.95  1.90 1682  10.31   475.3 134704.  4.84 -2.68   0.00   0.00   0.00 0.00 0.00 0.00  0.37 483.5 277210.  9.08 471.3 131033.
 8:48:16 0.66 163.41 316.93  1.90 1682   9.56   471.5 119953.  2.40 -4.52   0.00   0.00   0.00 0.00 0.00 0.00  0.38 464.7 290217.  8.26 471.7 138378.
 8:50:58 0.66 163.42 316.90  1.90 1682  10.07   460.3 142156.  5.21 -2.27   0.00   0.00   0.00 0.00 0.00 0.00  0.34 478.3 303003.  8.65 457.8 150654.
 8:53:40 0.66 163.42 316.88  1.90 1682   9.74   469.3 126817.  4.61 -1.45   0.00   0.00   0.00 0.00 0.00 0.00  0.36 482.1 474730.  8.24 468.3 139209.
 8:56:22 0.66 163.42 316.86  1.90 1682  10.34   460.7 136562.  4.66 -2.25   0.00   0.00   0.00 0.00 0.00 0.00  0.35 477.5 310722.  8.35 457.4 142230.
 8:59:04 0.66 163.42 316.83  1.90 1682   9.87   454.0 138167.  4.67 -1.37   0.00   0.00   0.00 0.00 0.00 0.00  0.35 462.4 322702.  8.14 453.8 126774.
 9:01:46 0.66 163.42 316.81  1.90 1682  11.01   461.6 160906.  4.36 -0.38   0.00   0.00   0.00 0.00 0.00 0.00  0.42 481.5 338671.  9.03 458.3 153792.
 9:04:28 0.66 163.42 316.78  1.90 1682  10.60   469.4 154968.  3.59 -1.33   0.00   0.00   0.00 0.00 0.00 0.00  0.36 488.2 432539.  8.58 464.2 157261.
 9:07:10 0.66 163.42 316.76  1.90 1682  11.19   465.3 156982.  4.28 -1.79   0.00   0.00   0.00 0.00 0.00 0.00  0.40 498.6 476861.  8.95 462.6 153610.
 9:09:52 0.66 163.42 316.74  1.90 1682   9.97   461.9 188375.  3.68 -2.61   0.00   0.00   0.00 0.00 0.00 0.00  0.37 494.9 341361.  8.37 462.4 167036.
 9:12:34 0.66 163.42 316.71  1.90 1682   9.38   453.6 195953.  2.90 -2.10   0.00   0.00   0.00 0.00 0.00 0.00  0.35 482.7 293024.  8.15 450.2 189099.
 9:15:16 0.66 163.43 316.69  1.90 1682  10.59   444.1 146869. -0.78 -2.06   0.00   0.00   0.00 0.00 0.00 0.00 -1.00  -1.0     -1.  8.62 448.5 173377.
 9:17:58 0.66 163.43 316.66  1.90 1682  10.72   446.3 178464.  0.37  3.08   0.00   0.00   0.00 0.00 0.00 0.00 -1.00  -1.0     -1.  9.21 443.6 170986.
 9:20:40 0.66 163.43 316.64  1.90 1682  10.02   447.7 152928. -1.48  4.46   0.00   0.00   0.00 0.00 0.00 0.00 -1.00  -1.0     -1.  8.82 451.5 177489.
 9:23:22 0.66 163.43 316.62  1.90 1682  10.42   477.9 105857.  5.01 -2.18   0.00   0.00   0.00 0.00 0.00 0.00  0.33 483.9 333240.  8.54 474.2 111175.
 9:26:04 0.66 163.43 316.59  1.90 1682   9.36   487.7 121986.  6.11  0.58   0.00   0.00   0.00 0.00 0.00 0.00 -1.00  -1.0     -1.  8.19 482.6 121950.
 9:28:46 0.66 163.43 316.57  1.90 1682  10.01   500.0 118478.  5.16 -1.56   0.00   0.00   0.00 0.00 0.00 0.00  0.28 483.8 340231.  8.24 496.4 122227.
 9:31:28 0.66 163.43 316.55  1.90 1682  10.16   490.5 123019.  5.66 -0.70   0.00   0.00   0.00 0.00 0.00 0.00  0.27 492.7 356681.  8.47 487.2 119839.
 9:34:10 0.66 163.43 316.52  1.90 1682  10.44   488.3 114891.  5.25  1.12   0.00   0.00   0.00 0.00 0.00 0.00  0.33 495.3 501185.  8.39 482.9 114128.
 9:36:52 0.66 163.43 316.50  1.90 1682   9.74   492.3 119287.  4.63  0.29   0.00   0.00   0.00 0.00 0.00 0.00  0.30 497.0 296688.  8.07 488.5 118887.
 9:39:34 0.66 163.43 316.48  1.90 1682  11.35   464.1 165798.  4.56  1.18   0.00   0.00   0.00 0.00 0.00 0.00  0.38 481.5 351834.  9.90 461.8 161172.
 9:42:16 0.66 163.44 316.45  1.90 1682   9.80   476.6 139460.  4.56  2.26   0.00   0.00   0.00 0.00 0.00 0.00  0.05 590.6 190814.  8.19 473.4 134434.
 9:44:58 0.66 163.44 316.43  1.90 1682   9.67   482.7 114820.  4.16 -4.16   0.00   0.00   0.00 0.00 0.00 0.00  0.32 476.1 299703.  7.94 479.2 115395.
 9:47:40 0.66 163.44 316.41  1.90 1682  10.32   460.4 152187.  4.60 -0.76   0.00   0.00   0.00 0.00 0.00 0.00  0.33 485.5 534982.  8.82 460.2 158343.
 9:50:22 0.66 163.44 316.38  1.90 1682  10.87   458.2 157537.  5.18  1.07   0.00   0.00   0.00 0.00 0.00 0.00  0.05 592.4 405810.  9.21 455.0 158866.
 9:53:04 0.66 163.44 316.36  1.90 1682  10.67   458.1 156923.  5.14 -1.51   0.00   0.00   0.00 0.00 0.00 0.00  0.28 476.2 227210.  8.93 458.8 171278.
 9:55:46 0.66 163.44 316.33  1.90 1682   9.67   455.1 160013.  5.05 -2.28   0.00   0.00   0.00 0.00 0.00 0.00  0.33 483.4 304381.  8.12 451.0 156572.
 9:58:28 0.66 163.44 316.31  1.89 1682  11.10   450.1 164297.  4.66 -0.35   0.00   0.00   0.00 0.00 0.00 0.00  0.20 499.4 272858.  9.16 450.1 179364.
10:01:10 0.66 163.44 316.29  1.89 1682   9.97   440.0 211017.  2.44 -0.34   0.00   0.00   0.00 0.00 0.00 0.00 -1.00  -1.0     -1.  8.24 438.9 193377.
10:03:52 0.66 163.44 316.26  1.89 1682   9.77   439.9 194765.  1.83 -0.67   0.00   0.00   0.00 0.00 0.00 0.00  0.26 493.3 351470.  8.57 439.7 223253.
10:06:34 0.66 163.44 316.24  1.89 1682  10.40   438.5 219018.  0.53  1.97   0.00   0.00   0.00 0.00 0.00 0.00 -1.00  -1.0     -1.  8.64 438.4 213307.
10:09:16 0.66 163.45 316.22  1.89 1682  10.05   452.3 154867.  1.57  1.19   0.00   0.00   0.00 0.00 0.00 0.00  0.26 490.8 282187.  8.43 451.8 138657.
10:11:58 0.66 163.45 316.19  1.89 1682  10.29   442.2 166555.  2.41  0.39   0.00   0.00   0.00 0.00 0.00 0.00  0.18 496.6 236111.  9.09 439.4 168803.
10:14:40 0.66 163.45 316.17  1.89 1682  10.48   435.6 170684. -1.00 -3.13   0.00   0.00   0.00 0.00 0.00 0.00 -1.00  -1.0     -1.  9.07 435.4 165564.
10:17:22 0.66 163.45 316.14  1.89 1682  10.55   497.2  95703.  4.10  0.99   0.00   0.00   0.00 0.00 0.00 0.00  0.31 474.6 340231.  8.70 496.0 110292.
10:20:04 0.66 163.45 316.12  1.89 1682  10.24   511.5 123315.  2.74 -0.87   0.00   0.00   0.00 0.00 0.00 0.00  0.28 494.3 354576.  8.78 512.3 126323.
10:22:46 0.66 163.45 316.10  1.89 1682  10.23   504.1 123217.  3.39 -1.33   0.00   0.00   0.00 0.00 0.00 0.00  0.30 491.6 377289.  8.63 502.2 126505.
10:25:28 0.66 163.45 316.07  1.89 1682  10.02   496.0 113806.  4.07  1.53   0.00   0.00   0.00 0.00 0.00 0.00  0.26 487.3 284565.  8.41 493.9 114427.
10:28:10 0.66 163.45 316.05  1.89 1682  11.06   524.4 136036.  0.97 -1.12   0.00   0.00   0.00 0.00 0.00 0.00 -1.00  -1.0     -1.  9.27 522.6 136377.
10:30:52 0.66 163.45 316.02  1.89 1682  10.41   532.3 133132. -0.60  3.42   0.00   0.00   0.00 0.00 0.00 0.00 -1.00  -1.0     -1.  8.64 530.7 138706.
10:33:34 0.66 163.46 316.00  1.89 1682  10.50   462.0 144777.  4.56 -0.99   0.00   0.00   0.00 0.00 0.00 0.00  0.29 492.0 436216.  8.86 459.4 139687.
10:36:16 0.66 163.46 315.98  1.89 1682  10.09   452.7 147818.  4.70 -0.35   0.00   0.00   0.00 0.00 0.00 0.00 -1.00  -1.0     -1.  8.56 449.1 147681.
10:38:58 0.66 163.46 315.95  1.89 1682   9.42   486.7 103593.  4.17 -0.43   0.00   0.00   0.00 0.00 0.00 0.00  0.25 480.1 319739.  7.70 483.7  88173.
10:41:40 0.66 163.46 315.93  1.89 1682  10.27   451.2 142786.  2.38 -3.52   0.00   0.00   0.00 0.00 0.00 0.00  0.32 477.1 419974.  8.84 448.6 143627.
10:44:22 0.66 163.46 315.90  1.89 1682  10.05   447.3 147785.  2.09 -3.01   0.00   0.00   0.00 0.00 0.00 0.00 -1.00  -1.0     -1.  9.02 445.2 148675.
10:47:04 0.66 163.46 315.88  1.89 1682   9.84   452.4 149692.  2.37 -3.52   0.00   0.00   0.00 0.00 0.00 0.00  0.28 484.8 499561.  7.97 450.5 128135.
10:49:46 0.66 163.46 315.86  1.89 1682  10.43   455.9 139599.  1.74 -4.24   0.00   0.00   0.00 0.00 0.00 0.00  0.38 464.6 484397.  8.31 453.5 145021.
10:52:28 0.66 163.46 315.83  1.89 1682  10.47   466.2 138157.  2.49 -3.33   0.00   0.00   0.00 0.00 0.00 0.00  0.30 480.2 298832.  8.89 468.8 156754.
10:55:10 0.66 163.46 315.81  1.89 1682  10.15   451.5 149153.  2.59 -3.61   0.00   0.00   0.00 0.00 0.00 0.00  0.25 481.4 276821.  8.55 448.9 154412.
10:57:52 0.66 163.46 315.78  1.89 1682  10.14   464.2 114969.  1.80 -4.19   0.00   0.00   0.00 0.00 0.00 0.00  0.25 463.9 322143.  8.23 462.6 114813.
11:00:34 0.66 163.47 315.76  1.89 1682   9.36   459.6 130630. -0.30 -5.88   0.00   0.00   0.00 0.00 0.00 0.00  0.27 476.0 242972.  7.99 459.7 133655.
11:03:16 0.66 163.47 315.74  1.89 1682   9.48   464.9 110668.  0.22 -5.11   0.00   0.00   0.00 0.00 0.00 0.00  0.24 466.3 323507.  8.19 463.9 112397.
11:05:58 0.66 163.47 315.71  1.89 1682   9.35   456.1 136153.  0.02 -4.56   0.00   0.00   0.00 0.00 0.00 0.00  0.22 474.8 324495.  8.25 454.2 137579.
11:08:38 0.66 163.47 315.69  1.89 1682   9.84   448.0 131472.  0.77 -4.38   0.00   0.00   0.00 0.00 0.00 0.00  0.28 464.9 356668.  8.38 448.8 121177.
11:11:20 0.66 163.47 315.67  1.89 1682   9.11   461.7 121892.  0.00  0.00   0.00   0.00   0.00 0.00 0.00 0.00  0.20 480.7 240178.  7.74 461.5 107108.
11:18:14 0.66 163.47 315.61  1.88 1682   9.33   478.2  89979.  3.29 -2.82   0.00   0.00   0.00 0.00 0.00 0.00  0.28 492.1 335475.  8.33 477.1 111240.
11:20:56 0.66 163.47 315.58  1.88 1682   9.73   500.6 144446. -0.25 -3.88   0.00   0.00   0.00 0.00 0.00 0.00  0.22 482.7 307902.  7.92 503.6 137458.
11:22:10 0.66 163.47 315.57  1.88 1682   9.28   429.9 151937.  1.22 -3.49   0.00   0.00   0.00 0.00 0.00 0.00  0.15 474.5 331096.  7.90 427.4 146629.
11:24:52 0.66 163.47 315.55  1.88 1682   9.83   443.4 151823.  3.88 -1.08   0.00   0.00   0.00 0.00 0.00 0.00  0.27 462.4 319947.  8.18 440.5 146155.
11:27:34 0.66 163.48 315.52  1.88 1682   9.56   439.4 127827.  4.22 -0.26   0.00   0.00   0.00 0.00 0.00 0.00  0.26 468.7 365919.  8.03 437.2 118062.
11:30:16 0.66 163.48 315.50  1.88 1682   8.34   442.1 129058.  4.25 -2.18   0.00   0.00   0.00 0.00 0.00 0.00  0.21 460.8 325080.  7.42 439.0 129548.
11:32:58 0.66 163.48 315.48  1.88 1682   8.02   459.0  76472.  3.53 -4.23   0.00   0.00   0.00 0.00 0.00 0.00  0.24 466.9 466725.  6.75 454.9  75452.
11:35:40 0.66 163.48 315.45  1.88 1682  10.55   450.2 108437.  3.81 -2.41   0.00   0.00   0.00 0.00 0.00 0.00  0.21 467.0 284786.  8.78 449.7 106877.
11:38:22 0.66 163.48 315.43  1.88 1682   9.81   437.0 119374.  3.64 -0.74   0.00   0.00   0.00 0.00 0.00 0.00 -1.00  -1.0     -1.  8.22 434.6 106796.
11:41:04 0.66 163.48 315.41  1.88 1682   9.14   445.4 115795.  4.22 -1.36   0.00   0.00   0.00 0.00 0.00 0.00  0.21 462.9 289490.  7.56 443.8 106150.
11:43:46 0.66 163.48 315.38  1.88 1682   8.92   442.2 117396.  3.91 -3.75   0.00   0.00   0.00 0.00 0.00 0.00  0.15 481.6 268388.  7.59 440.9 113316.
11:46:28 0.66 163.48 315.36  1.88 1682   8.92   462.7  96216.  4.28 -3.95   0.00   0.00   0.00 0.00 0.00 0.00  0.22 467.2 286696.  7.71 459.6  96132.
11:49:10 0.66 163.48 315.34  1.88 1682  10.48   447.4 106445.  4.23 -2.67   0.00   0.00   0.00 0.00 0.00 0.00  0.24 459.9 303822.  8.89 444.0 106858.
11:51:52 0.66 163.49 315.31  1.88 1682   9.64   453.7  91503.  3.97 -3.03   0.00   0.00   0.00 0.00 0.00 0.00  0.21 462.5 276327.  8.21 449.7  91330.
11:54:34 0.66 163.49 315.29  1.88 1682  10.54   432.0 122811.  2.73 -2.95   0.00   0.00   0.00 0.00 0.00 0.00  0.24 466.4 365556.  8.61 433.2 123412.
11:57:16 0.66 163.49 315.26  1.88 1682   9.52   456.1  92659.  3.79 -3.44   0.00   0.00   0.00 0.00 0.00 0.00  0.18 465.9 325236.  7.95 453.4  94936.
11:59:58 0.66 163.49 315.24  1.88 1682  10.08   440.1 112994.  3.37 -2.47   0.00   0.00   0.00 0.00 0.00 0.00  0.18 477.3 313463.  8.47 436.6 112309.
12:02:40 0.66 163.49 315.22  1.88 1682  10.43   451.6  94397.  2.38 -5.03   0.00   0.00   0.00 0.00 0.00 0.00  0.20 463.2 239736.  8.89 450.4  95839.
12:05:22 0.66 163.49 315.19  1.88 1682   9.54   455.0  92516.  2.71 -5.64   0.00   0.00   0.00 0.00 0.00 0.00  0.16 451.6 303419.  8.05 453.7  79350.
12:08:04 0.66 163.49 315.17  1.88 1682   9.88   452.4  91002.  3.61 -4.47   0.00   0.00   0.00 0.00 0.00 0.00  0.21 461.8 236241.  8.04 449.7  92724.
12:10:46 0.66 163.49 315.14  1.88 1682   8.72   474.8  92357.  0.84 -7.35   0.00   0.00   0.00 0.00 0.00 0.00  0.19 469.5 252249.  7.55 475.3  96395.
12:13:28 0.66 163.49 315.12  1.88 1682   9.28   450.6  97554.  3.22 -3.94   0.00   0.00   0.00 0.00 0.00 0.00  0.20 461.4 260228.  8.29 447.7 103113.
12:16:10 0.66 163.49 315.10  1.88 1682   9.91   438.8 105994.  3.97 -3.59   0.00   0.00   0.00 0.00 0.00 0.00  0.23 452.2 318635.  8.37 435.0 105728.
12:18:52 0.66 163.50 315.07  1.88 1682   9.54   436.3  95170.  3.93 -2.49   0.00   0.00   0.00 0.00 0.00 0.00  0.22 468.7 174325.  8.18 434.8 114352.
12:21:34 0.66 163.50 315.05  1.88 1682  10.69   437.7 104045.  3.38 -2.85   0.00   0.00   0.00 0.00 0.00 0.00  0.22 449.0 308695.  8.51 434.6 103847.
12:24:16 0.66 163.50 315.03  1.88 1682  10.47   435.5 134941.  3.16 -3.89   0.00   0.00   0.00 0.00 0.00 0.00 -1.00  -1.0     -1.  8.77 434.3 125858.
12:26:58 0.66 163.50 315.00  1.88 1682  10.35   442.7 105900.  4.05 -3.29   0.00   0.00   0.00 0.00 0.00 0.00  0.27 466.1 365296.  8.75 440.1 101742.
12:29:40 0.66 163.50 314.98  1.88 1682  10.26   434.1 104867.  3.94 -2.66   0.00   0.00   0.00 0.00 0.00 0.00 -1.00  -1.0     -1.  9.11 433.3 121863.
12:32:22 0.66 163.50 314.95  1.88 1682  10.17   445.8 100176.  4.85 -2.11   0.00   0.00   0.00 0.00 0.00 0.00  0.24 449.0 313801.  8.87 444.4  95907.
12:35:04 0.66 163.50 314.93  1.87 1682  10.67   442.9 115970.  3.95 -2.66   0.00   0.00   0.00 0.00 0.00 0.00  0.19 464.6 273351.  8.83 441.1 100995.
12:37:46 0.66 163.50 314.91  1.87 1682  10.61   426.0 121258.  3.00 -1.94   0.00   0.00   0.00 0.00 0.00 0.00 -1.00  -1.0     -1.  9.07 423.2 120511.
12:40:28 0.66 163.50 314.88  1.87 1682  10.89   423.0 111097.  2.27 -0.95   0.00   0.00   0.00 0.00 0.00 0.00  0.22 462.1 278614.  9.31 423.5 134970.
12:43:10 0.66 163.51 314.86  1.87 1682  11.07   417.7 141094.  1.11 -0.65   0.00   0.00   0.00 0.00 0.00 0.00 -1.00  -1.0     -1.  9.39 416.0 133021.
12:45:52 0.66 163.51 314.83  1.87 1682  10.75   419.4 169433.  0.13 -0.45   0.00   0.00   0.00 0.00 0.00 0.00 -1.00  -1.0     -1.  9.27 419.5 155926.
12:48:34 0.66 163.51 314.81  1.87 1682  10.82   422.7 144349.  2.08  0.21   0.00   0.00   0.00 0.00 0.00 0.00 -1.00  -1.0     -1.  9.02 419.4 136201.
12:51:16 0.66 163.51 314.79  1.87 1682  11.22   427.3 144017.  2.47 -1.02   0.00   0.00   0.00 0.00 0.00 0.00 -1.00  -1.0     -1.  9.42 424.8 144790.
12:53:58 0.66 163.51 314.76  1.87 1682  10.97   429.8 127453.  2.88 -1.50   0.00   0.00   0.00 0.00 0.00 0.00  0.24 446.3 302211.  9.36 427.0 123721.
12:56:40 0.66 163.51 314.74  1.87 1682  10.65   426.3 144426.  1.94 -1.91   0.00   0.00   0.00 0.00 0.00 0.00 -1.00  -1.0     -1.  8.99 423.0 145576.
12:59:22 0.66 163.51 314.71  1.87 1682  10.59   425.3 131904.  2.47 -1.72   0.00   0.00   0.00 0.00 0.00 0.00 -1.00  -1.0     -1.  9.18 421.9 128457.
13:02:04 0.66 163.51 314.69  1.87 1682  10.59   434.9 126576.  3.45 -1.86   0.00   0.00   0.00 0.00 0.00 0.00 -1.00  -1.0     -1.  8.88 432.9 125371.
13:04:46 0.66 163.51 314.67  1.87 1682  10.57   434.1 111815.  3.45 -1.50   0.00   0.00   0.00 0.00 0.00 0.00  0.32 459.1 407941.  8.84 430.8 107527.
13:07:28 0.66 163.51 314.64  1.87 1682  10.36   434.6 127989.  3.65 -1.76   0.00   0.00   0.00 0.00 0.00 0.00 -1.00  -1.0     -1.  8.70 432.8 121824.
13:10:10 0.66 163.52 314.62  1.87 1682  10.57   434.9 127167.  3.79 -1.03   0.00   0.00   0.00 0.00 0.00 0.00 -1.00  -1.0     -1.  8.57 432.3 113446.
13:12:52 0.66 163.52 314.60  1.87 1682  10.43   437.1 147259.  3.85 -1.39   0.00   0.00   0.00 0.00 0.00 0.00  0.22 460.4 342102.  8.72 433.7 137679.
13:15:34 0.66 163.52 314.57  1.87 1682  10.11   437.7 111487.  3.68 -1.77   0.00   0.00   0.00 0.00 0.00 0.00 -1.00  -1.0     -1.  8.45 434.5 108190.
13:18:16 0.66 163.52 314.55  1.87 1682  10.53   436.1 132703.  3.64 -0.88   0.00   0.00   0.00 0.00 0.00 0.00 -1.00  -1.0     -1.  8.98 432.8 132267.
13:20:58 0.66 163.52 314.53  1.87 1682  10.44   435.2 115752.  3.87 -1.35   0.00   0.00   0.00 0.00 0.00 0.00 -1.00  -1.0     -1.  8.71 431.4 112790.
13:23:40 0.66 163.52 314.50  1.87 1682  10.48   427.4 105140.  2.99 -1.80   0.00   0.00   0.00 0.00 0.00 0.00 -1.00  -1.0     -1.  8.72 427.7 129172.
13:26:22 0.66 163.52 314.48  1.87 1682  10.51   431.0 125667.  3.33 -1.82   0.00   0.00   0.00 0.00 0.00 0.00  0.12 483.6 230316.  8.70 428.8 110948.
13:29:04 0.66 163.52 314.46  1.87 1682   9.83   425.3 105477.  2.39 -1.65   0.00   0.00   0.00 0.00 0.00 0.00 -1.00  -1.0     -1.  8.55 425.2 129302.
13:31:46 0.66 163.52 314.43  1.87 1682  10.14   425.3 133041.  1.63 -3.46   0.00   0.00   0.00 0.00 0.00 0.00  0.26 460.2 416543.  8.88 421.9 127570.
13:34:28 0.66 163.52 314.41  1.87 1682   9.95   419.8 124552.  1.90 -2.38   0.00   0.00   0.00 0.00 0.00 0.00 -1.00  -1.0     -1.  8.93 422.1 142247.
13:37:10 0.66 163.53 314.39  1.87 1682  10.33   420.6 144998.  1.81 -1.87   0.00   0.00   0.00 0.00 0.00 0.00  0.18 449.2 289840.  8.78 418.8 134145.
13:39:52 0.66 163.53 314.36  1.87 1682  10.07   424.0 145960.  1.90 -0.53   0.00   0.00   0.00 0.00 0.00 0.00  0.19 482.8 279185.  8.64 422.2 145706.
13:42:34 0.66 163.53 314.34  1.87 1682  10.35   422.3 143033.  2.39 -0.41   0.00   0.00   0.00 0.00 0.00 0.00  0.20 462.4 439309.  8.68 421.2 133158.
13:45:16 0.66 163.53 314.31  1.87 1682   9.47   422.6 107543.  1.15  0.46   0.00   0.00   0.00 0.00 0.00 0.00  0.18 473.6 458059.  8.71 424.5 131400.
13:47:58 0.66 163.53 314.29  1.87 1682  10.56   425.9 120268.  1.79 -0.12   0.00   0.00   0.00 0.00 0.00 0.00  0.24 446.0 281265.  8.84 424.9 105594.
13:50:40 0.66 163.53 314.27  1.87 1682   9.56   423.5  99432.  1.52 -0.37   0.00   0.00   0.00 0.00 0.00 0.00 -1.00  -1.0     -1.  8.73 423.8 119589.
13:53:22 0.66 163.53 314.24  1.86 1682  10.71   427.5 122844.  1.96 -0.53   0.00   0.00   0.00 0.00 0.00 0.00  0.18 449.5 295025.  8.77 426.5 111542.
13:56:04 0.66 163.53 314.22  1.86 1682  11.14   416.9 134554.  3.93 -1.16   0.00   0.00   0.00 0.00 0.00 0.00  0.29 437.6 241737.  9.57 413.5 131228.
13:58:46 0.66 163.53 314.19  1.86 1682  11.79   413.3 145875.  4.09 -1.12   0.00   0.00   0.00 0.00 0.00 0.00 -1.00  -1.0     -1.  9.66 411.7 136666.
14:01:28 0.66 163.53 314.17  1.86 1682  11.56   417.0 125611.  4.38 -1.27   0.00   0.00   0.00 0.00 0.00 0.00  0.19 429.6 285630.  9.49 413.4 122892.
14:04:10 0.66 163.54 314.15  1.86 1682  11.37   414.8 142312.  4.50 -1.10   0.00   0.00   0.00 0.00 0.00 0.00 -1.00  -1.0     -1.  9.40 412.8 134558.
14:06:52 0.66 163.54 314.12  1.86 1682  11.02   417.1 114300.  5.42 -0.94   0.00   0.00   0.00 0.00 0.00 0.00  0.19 440.7 278705.  9.43 414.1 111997.
14:09:34 0.66 163.54 314.10  1.86 1682   9.95   420.8  89735.  4.47 -0.91   0.00   0.00   0.00 0.00 0.00 0.00  0.20 447.0 240867.  8.34 417.2  85763.
14:12:16 0.66 163.54 314.07  1.86 1682  10.55   413.7 111175.  4.48 -0.75   0.00   0.00   0.00 0.00 0.00 0.00  0.25 429.3 266491.  9.14 409.9 107517.
14:14:58 0.66 163.54 314.05  1.86 1682   9.73   420.6  86364.  5.48 -0.33   0.00   0.00   0.00 0.00 0.00 0.00  0.26 434.9 320311.  8.25 416.7  82780.
14:17:40 0.66 163.54 314.03  1.86 1682  10.60   413.3 108229.  4.98  0.00   0.00   0.00   0.00 0.00 0.00 0.00  0.16 433.1 249768.  9.01 410.2 105432.
14:20:22 0.66 163.54 314.00  1.86 1682  10.41   413.7  89544.  5.10  0.35   0.00   0.00   0.00 0.00 0.00 0.00 -1.00  -1.0     -1.  8.64 410.9  92263.
14:23:04 0.66 163.54 313.98  1.86 1682  10.05   411.8 115470.  4.88  0.05   0.00   0.00   0.00 0.00 0.00 0.00  0.18 437.6 165307.  8.57 408.1 113030.
14:25:46 0.66 163.54 313.95  1.86 1682   9.77   412.9  97002.  5.26  0.73   0.00   0.00   0.00 0.00 0.00 0.00  0.18 449.2 202626.  8.37 409.7  94845.
14:28:28 0.66 163.55 313.93  1.86 1682  10.68   411.8  86945.  4.90  0.47   0.00   0.00   0.00 0.00 0.00 0.00  0.18 436.0 231862.  9.42 410.3 102914.
14:31:10 0.66 163.55 313.91  1.86 1682  10.21   415.7  86126.  4.79  0.33   0.00   0.00   0.00 0.00 0.00 0.00  0.30 418.7 248078.  8.77 413.5  86802.
14:33:52 0.66 163.55 313.88  1.86 1682  11.41   415.4  64440.  5.32 -0.19   0.00   0.00   0.00 0.00 0.00 0.00  0.24 437.6 220414. 10.16 413.1  78795.
14:36:34 0.66 163.55 313.86  1.86 1682  11.12   410.8  84356.  5.09 -0.39   0.00   0.00   0.00 0.00 0.00 0.00 -1.00  -1.0     -1.  9.59 406.8  84642.
14:39:16 0.66 163.55 313.83  1.86 1682  10.45   414.5 103340.  4.42 -0.46   0.00   0.00   0.00 0.00 0.00 0.00 -1.00  -1.0     -1.  8.58 413.5  87874.
14:41:58 0.66 163.55 313.81  1.86 1682  10.31   408.1 101280.  4.85 -0.60   0.00   0.00   0.00 0.00 0.00 0.00  0.22 423.5 251535.  8.44 406.4  95186.
14:44:40 0.66 163.55 313.79  1.86 1682   9.90   408.3  90096.  4.70 -0.64   0.00   0.00   0.00 0.00 0.00 0.00  0.18 436.6 195089.  8.55 406.9 104880.
14:47:22 0.66 163.55 313.76  1.86 1682  10.55   412.9  88501.  5.22 -0.76   0.00   0.00   0.00 0.00 0.00 0.00  0.28 416.7 264463.  8.51 410.2  89644.
14:50:04 0.66 163.55 313.74  1.86 1682   9.21   411.9  83161.  5.57 -0.45   0.00   0.00   0.00 0.00 0.00 0.00  0.20 435.9 270454.  8.53 409.7  96853.
14:52:46 0.66 163.55 313.72  1.86 1682  10.06   415.2  76498.  5.67  0.25   0.00   0.00   0.00 0.00 0.00 0.00  0.25 418.7 153171.  8.67 412.0  75686.
14:55:28 0.66 163.56 313.69  1.86 1682  10.14   412.0  78824.  5.94  0.38   0.00   0.00   0.00 0.00 0.00 0.00  0.32 414.7 298455.  8.72 410.4  84226.
14:58:10 0.66 163.56 313.67  1.86 1682  10.63   422.2  78200.  6.93 -0.26   0.00   0.00   0.00 0.00 0.00 0.00  0.28 422.1 213788.  8.52 419.7  65843.
15:00:52 0.66 163.56 313.65  1.86 1682  10.41   391.6 169641.  1.49  1.49   0.00   0.00   0.00 0.00 0.00 0.00 -1.00  -1.0     -1.  8.65 392.2 156871.
15:03:34 0.66 163.56 313.62  1.86 1682  10.54   394.1 149725.  1.26  2.48   0.00   0.00   0.00 0.00 0.00 0.00  0.22 444.6 270636.  9.02 391.9 142695.
15:06:16 0.66 163.56 313.60  1.86 1682  10.73   391.6 162316.  1.04  1.79   0.00   0.00   0.00 0.00 0.00 0.00 -1.00  -1.0     -1.  9.31 392.3 155926.
15:08:58 0.66 163.56 313.58  1.86 1682  11.55   397.8 136815.  2.91  2.81   0.00   0.00   0.00 0.00 0.00 0.00 -1.00  -1.0     -1.  9.55 395.4 127489.
15:11:40 0.66 163.56 313.55  1.86 1682  11.00   394.4 163907.  2.18  1.74   0.00   0.00   0.00 0.00 0.00 0.00  0.21 442.0 256056.  9.50 392.4 154065.
15:14:22 0.66 163.56 313.53  1.85 1682  10.98   391.3 155582.  1.53  1.74   0.00   0.00   0.00 0.00 0.00 0.00  0.17 444.7 293635.  9.32 388.1 139518.
15:17:04 0.66 163.56 313.50  1.85 1682  10.92   387.7 168176.  1.08  1.82   0.00   0.00   0.00 0.00 0.00 0.00  0.21 442.1 376184.  9.27 387.8 170005.
15:19:46 0.66 163.56 313.48  1.85 1682  11.82   389.6 161614.  0.20  1.11   0.00   0.00   0.00 0.00 0.00 0.00  0.22 444.5 232629.  9.82 386.9 150426.
15:22:28 0.66 163.57 313.46  1.85 1682  11.03   390.1 170664. -0.14  1.06   0.00   0.00   0.00 0.00 0.00 0.00  0.29 410.9 226859.  9.49 390.2 151437.
15:25:10 0.66 163.57 313.43  1.85 1682  11.40   388.4 151469. -0.52  0.85   0.00   0.00   0.00 0.00 0.00 0.00 -1.00  -1.0     -1.  9.66 386.8 142831.
15:27:52 0.66 163.57 313.41  1.85 1682  11.30   388.8 165545. -0.88  0.77   0.00   0.00   0.00 0.00 0.00 0.00 -1.00  -1.0     -1.  9.37 390.8 156839.
15:30:34 0.66 163.57 313.38  1.85 1682  11.32   388.3 144053. -0.90  0.37   0.00   0.00   0.00 0.00 0.00 0.00  0.16 446.2 207706.  9.60 388.0 143348.
15:33:16 0.66 163.57 313.36  1.85 1682  11.28   391.3 181050. -0.18 -0.32   0.00   0.00   0.00 0.00 0.00 0.00  0.27 426.5 281005.  9.01 392.2 165161.
15:35:58 0.66 163.57 313.34  1.85 1682  10.53   392.2 154695. -0.58 -0.21   0.00   0.00   0.00 0.00 0.00 0.00 -1.00  -1.0     -1.  9.25 390.6 151131.
15:38:40 0.66 163.57 313.31  1.85 1682  10.86   392.9 177252. -0.26  1.02   0.00   0.00   0.00 0.00 0.00 0.00  0.33 426.8 248793.  9.29 393.3 159486.
15:41:22 0.66 163.57 313.29  1.85 1682  10.88   391.3 157069. -0.42 -0.29   0.00   0.00   0.00 0.00 0.00 0.00  0.20 445.3 229315.  9.49 389.4 145752.
15:44:04 0.66 163.57 313.27  1.85 1682  11.26   391.5 174020.  0.65 -0.04   0.00   0.00   0.00 0.00 0.00 0.00 -1.00  -1.0     -1.  9.18 391.8 161328.
15:46:46 0.66 163.57 313.24  1.85 1682  11.14   391.8 162108.  1.14  0.05   0.00   0.00   0.00 0.00 0.00 0.00 -1.00  -1.0     -1.  9.29 390.0 151648.
15:49:28 0.66 163.58 313.22  1.85 1682  11.16   391.6 167279.  0.10 -0.61   0.00   0.00   0.00 0.00 0.00 0.00  0.33 436.4 323131.  9.26 392.5 156728.
15:52:10 0.66 163.58 313.19  1.85 1682  10.51   391.5 154250.  1.05  0.19   0.00   0.00   0.00 0.00 0.00 0.00  0.25 439.3 299222.  9.11 389.0 145164.
15:54:52 0.66 163.58 313.17  1.85 1682  12.47   391.6 147545.  0.65 -1.27   0.00   0.00   0.00 0.00 0.00 0.00  0.20 445.8 237371. 10.44 391.0 137202.
15:57:34 0.66 163.58 313.15  1.85 1682  10.81   391.1 144553.  1.64 -0.32   0.00   0.00   0.00 0.00 0.00 0.00 -1.00  -1.0     -1.  9.42 390.1 141295.
16:00:16 0.66 163.58 313.12  1.85 1682  11.39   392.2 151021.  1.80  0.11   0.00   0.00   0.00 0.00 0.00 0.00 -1.00  -1.0     -1.  9.81 391.5 143264.
16:02:58 0.66 163.58 313.10  1.85 1682  11.03   388.9 156361.  1.89 -0.84   0.00   0.00   0.00 0.00 0.00 0.00 -1.00  -1.0     -1.  9.47 386.9 146811.
16:05:40 0.66 163.58 313.07  1.85 1682  10.95   390.0 113732. -0.08 -3.10   0.00   0.00   0.00 0.00 0.00 0.00 -1.00  -1.0     -1.  9.29 389.8 101108.
16:08:22 0.66 163.58 313.05  1.85 1682  11.24   388.9 134983.  1.08 -2.67   0.00   0.00   0.00 0.00 0.00 0.00 -1.00  -1.0     -1.  9.61 387.6 127297.
16:11:04 0.66 163.58 313.03  1.85 1682  10.73   386.7 112946. -0.25 -3.03   0.00   0.00   0.00 0.00 0.00 0.00 -1.00  -1.0     -1.  9.21 387.0  99497.
16:13:46 0.66 163.58 313.00  1.85 1682  11.27   391.4 127005.  1.28 -3.18   0.00   0.00   0.00 0.00 0.00 0.00 -1.00  -1.0     -1.  9.24 389.1 120446.
16:15:48 0.66 163.59 312.98  1.85 1682  12.58   413.5 100030. -2.51 -2.75   0.00   0.00   0.00 0.00 0.00 0.00  0.44 418.6 224105. 10.34 414.0  97720.
16:16:28 0.66 163.59 312.98  1.85 1682  10.59   388.6 128980.  1.66 -2.31   0.00   0.00   0.00 0.00 0.00 0.00  0.19 423.9 224715.  9.32 386.9 110756.
16:19:10 0.66 163.59 312.95  1.85 1682  12.13   392.9 128678.  0.90 -2.21   0.00   0.00   0.00 0.00 0.00 0.00 -1.00  -1.0     -1. 10.13 391.5 125852.
16:21:52 0.66 163.59 312.93  1.85 1682  11.58   388.1 118939.  2.04 -1.70   0.00   0.00   0.00 0.00 0.00 0.00 -1.00  -1.0     -1.  9.83 386.7 115785.
16:24:34 0.66 163.59 312.91  1.85 1682  11.61   396.0 120813.  2.95 -1.85   0.00   0.00   0.00 0.00 0.00 0.00  0.31 413.6 283421.  9.45 394.1 117870.
16:27:16 0.66 163.59 312.88  1.85 1682  11.55   395.8 106640.  3.06 -2.40   0.00   0.00   0.00 0.00 0.00 0.00  0.33 410.6 265399.  9.63 396.5 113296.
16:29:58 0.66 163.59 312.86  1.85 1682  11.52   404.5  80091.  2.71 -3.00   0.00   0.00   0.00 0.00 0.00 0.00 -1.00  -1.0     -1.  9.81 401.2  82397.
16:32:40 0.66 163.59 312.84  1.84 1682  12.81   408.1  87065.  1.91 -4.20   0.00   0.00   0.00 0.00 0.00 0.00  0.34 405.5 225625. 10.94 407.7  99166.
16:35:22 0.66 163.59 312.81  1.84 1682  11.44   407.5  81497.  1.27 -4.02   0.00   0.00   0.00 0.00 0.00 0.00  0.39 417.3 262164.  9.59 406.2  87322.
16:38:04 0.66 163.59 312.79  1.84 1682  13.61   417.8  83641.  3.55  2.43   0.00   0.00   0.00 0.00 0.00 0.00  0.45 417.2 277041. 11.68 414.9  82758.
16:40:46 0.66 163.59 312.77  1.84 1682  13.37   421.1  88069.  3.79 -2.05   0.00   0.00   0.00 0.00 0.00 0.00  0.41 416.9 263645. 11.37 418.8  87270.
16:43:28 0.66 163.60 312.74  1.84 1682  10.73   413.6  56354.  0.94 -4.12   0.00   0.00   0.00 0.00 0.00 0.00  0.47 413.3 303081.  9.47 412.0  54915.
16:46:10 0.66 163.60 312.72  1.84 1682  12.42   414.6  70469.  4.76 -0.19   0.00   0.00   0.00 0.00 0.00 0.00  0.42 410.3 218647. 10.36 412.2  69575.
16:48:52 0.66 163.60 312.69  1.84 1682  12.33   423.7  74052.  3.25 -2.20   0.00   0.00   0.00 0.00 0.00 0.00  0.32 425.8 242673.  9.89 420.2  75842.
16:51:34 0.66 163.60 312.67  1.84 1682  13.52   423.4  87812.  3.99 -1.48   0.00   0.00   0.00 0.00 0.00 0.00  0.40 433.6 300638. 11.72 422.3  99874.
16:54:14 0.66 163.60 312.65  1.84 1682  13.27   437.9 104435.  0.00  0.00   0.00   0.00   0.00 0.00 0.00 0.00  0.45 437.6 318115. 10.96 435.7 108567.
16:59:00 0.66 163.60 312.61  1.84 1682  12.26   422.6  91792.  2.77 -3.88   0.00   0.00   0.00 0.00 0.00 0.00  0.32 427.0 257941. 10.41 419.7  95576.
17:42:12 0.66 163.62 312.22  1.84 1682  13.35   442.4 131192.  0.73  0.24   0.00   0.00   0.00 0.00 0.00 0.00  0.40 444.1 215074. 11.42 439.6 143036.
18:25:24 0.67 163.63 311.84  1.83 1682  13.69   413.6  63715.  4.86 -1.53   0.00   0.00   0.00 0.00 0.00 0.00  0.48 413.9 340685. 11.77 411.6  79331.
19:08:37 0.67 163.65 311.46  1.83 1682  12.17   407.6  84863.  0.87 -4.21   0.00   0.00   0.00 0.00 0.00 0.00 -1.00  -1.0     -1. 11.02 406.4  86708.
19:51:49 0.67 163.67 311.08  1.82 1682  12.82   401.9  82540.  4.60 -2.39   0.00   0.00   0.00 0.00 0.00 0.00  0.45 407.7 217114. 11.54 399.2  77141.
20:35:01 0.67 163.68 310.70  1.81 1682  11.67   392.1  88582.  4.04  3.14   0.00   0.00   0.00 0.00 0.00 0.00  0.55 408.3 290620. 10.51 389.8 104389.
21:18:13 0.67 163.70 310.32  1.81 1682  11.38   389.6  99247. -1.42  2.85   0.00   0.00   0.00 0.00 0.00 0.00  0.51 397.9 246324. 10.06 389.9  90918.
22:01:25 0.67 163.71 309.94  1.80 1682  11.64   384.8  85181. -1.86  1.65   0.00   0.00   0.00 0.00 0.00 0.00  0.38 394.1 214593. 10.37 387.2 106673.
22:44:37 0.67 163.73 309.55  1.80 1682  11.10   378.0 126128. -0.47  0.30   0.00   0.00   0.00 0.00 0.00 0.00 -1.00  -1.0     -1.  9.61 377.0 118159.
23:27:49 0.67 163.75 309.18  1.79 1682  11.81   383.8 140486.  3.93 -2.47   0.00   0.00   0.00 0.00 0.00 0.00  0.46 412.5 250300. 10.55 381.8 135724.
