100  0 11 57 0.60 337.79 196.15 -7.09 1680    9.67   552.4  228302.   4.24  -5.09 -13.33  11.70   -8.51  0.00  0.00  0.00   0.13  623.2    726264.   7.60  551.0 204559.
100  0 33 33 0.60 337.81 195.96 -7.09 1680    9.83   496.6   81793.  -1.05  -1.04 -19.90   4.30   -0.66  0.00  0.00  0.00   0.13  612.9    558189.   7.79  498.6 103671.
100  0 55 09 0.60 337.82 195.78 -7.09 1680    9.04   514.6  103882.   2.25  -1.02 -16.89  10.90   -1.63  0.00  0.00  0.00   0.16  627.8    954592.   7.32  513.3 126820.
100  1 16 45 0.60 337.83 195.59 -7.08 1680   10.03   525.4  185260.   1.18  -4.47 -16.40  11.10   -0.03  0.00  0.00  0.00   0.20  591.2    657852.   8.18  525.3 168777.
100  1 38 21 0.60 337.85 195.41 -7.08 1680    9.75   532.6  193667.  -4.66   4.07 -18.06   3.00    7.66  0.00  0.00  0.00   0.18  601.5    787998.   8.03  537.6 228925.
100  1 59 57 0.60 337.86 195.23 -7.08 1680    9.78   508.7  117367.   1.24  -1.22 -16.87  10.00   -3.73  0.00  0.00  0.00   0.18  593.8    753941.   7.54  511.1 107371.
100  2 21 33 0.59 337.87 195.04 -7.08 1680    9.36   555.4  231417.   4.08  -7.13 -11.53  12.80   -9.39  0.00  0.00  0.00   0.22  608.6    834464.   7.60  553.2 210526.
100  2 43 09 0.59 337.89 194.85 -7.08 1680   10.10   527.5  208096.   2.79  -5.26 -14.35  10.60   -6.12  0.00  0.00  0.00   0.20  601.7    685373.   8.05  526.7 181979.
100  3 04 45 0.59 337.90 194.67 -7.08 1680    9.86   574.6  209003.  -1.89 -11.10 -12.10   3.00  -13.30  0.10  1.21  0.20   0.30  593.9    987661.   7.62  573.9 202165.
100  3 26 21 0.59 337.91 194.49 -7.08 1680   10.37   571.5  275570.   0.32   8.47  -8.32   7.61   15.63  0.00  0.00  0.00   0.18  616.5    720209.   8.07  570.4 281749.
100  3 47 57 0.59 337.93 194.30 -7.08 1680    8.96   529.3  167858.   1.93  -5.09 -14.73   8.90   -8.92  0.00  0.00  0.00   0.15  618.7    632592.   7.15  527.8 163358.
100  4 09 33 0.59 337.94 194.11 -7.08 1680    8.62   550.7  209652.   5.29  -1.80 -10.91  14.90    0.91  0.00  0.00  0.00   0.30  615.9    914480.   7.10  545.5 202415.
100  4 31 09 0.59 337.95 193.93 -7.08 1680    9.29   555.8  262423.   1.60  -9.21 -11.72   9.70  -10.89  0.00  0.00  0.00   0.25  618.9    471910.   7.46  555.9 224943.
100  4 52 45 0.59 337.97 193.75 -7.08 1680    8.77   506.5  125202.   0.00   1.19 -18.11  -2.60    0.66  0.00  0.00  0.00   0.27  612.1    965273.   7.14  508.3 105578.
100  5 14 21 0.59 337.98 193.56 -7.08 1680    9.53   507.7  112095.  -6.31  -4.80 -17.65  -0.80   -7.04  0.00  0.00  0.00   0.20  580.0    472547.   7.79  511.9 132777.
100  5 35 57 0.59 337.99 193.38 -7.08 1680    9.31   518.9  147922.   2.93   0.21 -14.23  11.20    4.29  0.00  0.00  0.00   0.18  619.8   1043756.   7.37  517.0 127622.
100  5 57 33 0.59 338.01 193.19 -7.08 1680    9.07   500.2   95134.  -0.63   0.84 -17.93   4.90    4.06  0.00  0.00  0.00   0.19  606.4    838882.   7.54  499.9  93923.
100  6 19 09 0.59 338.02 193.01 -7.07 1680    8.80   550.6  180705.   1.38  -9.03 -12.32   9.00  -10.10  0.00  0.00  0.00   0.23  618.9    708645.   6.98  546.9 179984.
100  6 40 45 0.59 338.03 192.82 -7.07 1680    9.30   595.5  252259.   7.66  -3.89  -5.27  17.00   -3.45  0.00  0.00  0.00   0.17  625.9    647691.   7.74  591.0 239639.
100  7 02 21 0.59 338.05 192.64 -7.07 1680    9.08   506.9  113322.   2.31  -1.41 -15.61   9.90    0.68  0.00  0.00  0.00   0.27  578.1   1019535.   7.22  508.1  97191.
100  7 23 57 0.59 338.06 192.45 -7.07 1680    9.35   500.9   92373.  -2.57   3.02 -18.01   3.50    1.66  0.00  0.00  0.00   0.15  647.7    741792.   7.43  500.9  87806.
100  7 45 33 0.59 338.07 192.27 -7.07 1680    9.12   504.7  108365.   0.00   0.00 -15.57   9.80   -3.72  0.00  0.00  0.00   0.21  610.4   1009855.   6.99  505.3  94855.
100  8 15 00 0.59 338.09 192.02 -7.07 1680    9.43   561.5  299901.   2.77  -6.12 -11.49  12.16   -5.07  0.49  1.43  2.77  -1.00   -1.0        -1.   7.80  557.5 289347.
100  8 15 21 0.59 338.09 192.01 -7.07 1680   10.85   569.5  358191.   4.93  -2.74   0.00   0.00    0.00  0.00  0.00  0.00   0.25  628.9    645910.   8.67  564.7 374203.
100  8 16 02 0.59 338.09 192.01 -7.07 1680    9.26   598.3  256498.   5.99  -5.42   0.00   0.00    0.00  0.00  0.00  0.00  -1.00   -1.0        -1.   7.46  595.7 302737.
100  8 16 42 0.59 338.09 192.00 -7.07 1680   10.70   590.1  335913.   4.05  -7.28   0.00   0.00    0.00  0.00  0.00  0.00   0.33  636.8    918820.   8.61  587.3 330323.
100  8 17 23 0.59 338.09 192.00 -7.07 1680    9.02   563.2  286153.   0.00  -9.26   0.00   0.00    0.00  0.00  0.00  0.00   0.31  633.1    941936.   7.35  560.4 287005.
100  8 18 03 0.59 338.09 191.99 -7.07 1680    8.50   582.4  269768.  -1.92 -10.19   0.00   0.00    0.00  0.00  0.00  0.00   0.31  638.6    929761.   7.25  581.3 264772.
100  8 18 44 0.59 338.09 191.99 -7.07 1680    8.78   572.8  288288.   0.00  -9.80   0.00   0.00    0.00  0.00  0.00  0.00   0.27  610.3    563075.   7.11  569.7 272646.
100  8 19 24 0.59 338.09 191.98 -7.07 1680    9.73   542.1  298537.  -8.65  -5.46   0.00   0.00    0.00  0.00  0.00  0.00   0.23  615.2    828357.   7.87  548.9 341393.
100  8 20 05 0.59 338.10 191.97 -7.07 1680   10.10   540.5  301181.  -6.57  -5.61   0.00   0.00    0.00  0.00  0.00  0.00   0.33  616.9    870743.   8.28  542.3 299813.
100  8 20 45 0.59 338.10 191.97 -7.07 1680    9.74   540.7  265318.   0.00  -3.70 -11.52   9.61   -8.48  0.62  2.48  3.24   0.35  596.7   1136986.   7.79  537.8 254556.
100  8 21 06 0.59 338.10 191.97 -7.07 1680    9.98   526.7  278838.   0.00   0.00  -7.18  11.00  -10.17  4.05  2.78  3.86   0.23  597.3    769924.   8.16  528.8 317423.
100  8 22 27 0.59 338.10 191.96 -7.07 1680    7.94   572.9  183921.   4.25  -6.20  -8.14  13.43   -8.21  1.84  1.41  2.09   0.23  623.0    695976.   7.09  570.5 233100.
100  8 23 48 0.59 338.10 191.95 -7.07 1680    9.28   552.2  294811.   1.05  -7.20 -11.36  11.20   -3.99  3.29  2.72  5.98   0.31  622.7    944431.   7.71  550.3 282255.
100  8 25 09 0.59 338.10 191.93 -7.07 1680    9.62   557.4  264857.   4.63  -4.05 -10.72  14.09   -2.51  1.56  1.17  2.10   0.21  625.5    648509.   7.51  553.7 264421.
100  8 26 30 0.59 338.10 191.92 -7.07 1680   10.14   556.8  301801.   0.00   0.00 -12.50  12.19   -3.05  1.03  1.19  2.96  -1.00   -1.0        -1.   7.97  554.1 287151.
100  8 27 51 0.59 338.10 191.91 -7.07 1680    8.65   553.9  266156.   4.71   0.36 -10.87  13.64    3.83  1.30  0.89  1.29   0.25  620.4    663946.   6.96  552.4 236647.
100  8 29 12 0.59 338.10 191.90 -7.07 1680   10.71   591.5  353455.   5.18   3.19  -7.66  14.71    4.06  1.67  1.98  5.26   0.27  630.6    966066.   8.29  590.8 329208.
100  8 30 33 0.59 338.10 191.89 -7.07 1680    9.23   609.7  333617.   6.83  -3.54  -5.19  15.84   -5.38  3.03  1.06  1.96   0.24  633.3    539894.   7.46  610.3 362723.
100  8 31 54 0.59 338.10 191.88 -7.07 1680    8.76   656.1  250885.   5.99   0.23   0.64  17.40    1.11  3.88  1.06  2.83   0.27  633.2    689830.   6.89  655.7 266010.
100  8 33 15 0.59 338.10 191.86 -7.07 1680    9.45   638.6  313808.   7.27  -0.73   1.86  18.15    0.74  1.21  0.24  0.99  -1.00   -1.0        -1.   7.65  634.2 309526.
100  8 34 36 0.59 338.10 191.85 -7.07 1680    9.98   634.9  345616.   6.29  -1.50  -0.71  17.13   -3.18  3.20  1.79  3.65  -1.00   -1.0        -1.   7.64  633.1 310358.
100  8 35 57 0.59 338.10 191.84 -7.07 1680    9.40   599.5  276233.   4.97  -6.95  -5.92  14.59   -9.41  0.70  0.86  1.21   0.24  623.0    647262.   7.42  597.1 256138.
100  8 37 17 0.59 338.00 191.73 -7.12 1680   -1.00    -1.0      -1.  -1.00  -1.00  -4.35  16.49   -1.87  1.08  0.80  4.85  -1.00   -1.0        -1.  -1.00   -1.0     -1.
100  8 38 52 0.59 338.11 191.81 -7.07 1680    8.64   601.0  323745.   6.68   0.21  -5.42  16.19   -1.04  1.86  1.48  4.96   0.25  635.6    961609.   7.20  595.2 320444.
100  8 40 00 0.59 338.11 191.81 -7.07 1680    9.72   598.1  256641.   3.01  -7.97  -6.52  12.97  -10.52  1.20  1.21  2.37   0.30  616.5    994743.   8.13  595.7 284468.
100  8 41 21 0.59 338.11 191.79 -7.07 1680    9.26   585.3  291907.   5.59  -3.74  -7.63  14.64   -2.71  1.48  0.89  6.52   0.20  628.5    613660.   7.48  579.7 289863.
100  8 42 42 0.59 338.11 191.78 -7.07 1680   10.10   600.2  375168.   6.43   0.15  -5.73  14.08    6.48  2.10  3.13  6.26   0.20  659.7    463828.   8.10  596.1 376600.
100  8 44 03 0.59 338.11 191.77 -7.07 1680    9.21   584.2  270171.   4.30   4.64  -7.96  11.05   11.64  1.00  1.97  2.05   0.27  623.2    672522.   7.67  578.8 274917.
100  8 45 24 0.59 338.11 191.76 -7.07 1680    9.19   589.7  262758.   4.24   4.80  -7.71  11.96   10.05  1.62  3.10  3.47   0.20  633.1    690921.   7.75  588.0 305605.
100  8 46 45 0.59 338.11 191.75 -7.07 1680    8.86   612.0  279585.   3.64   6.35  -5.55  13.09    9.29  2.44  2.92  4.27   0.26  623.6    618779.   7.51  610.2 324326.
100  8 48 06 0.59 338.11 191.73 -7.07 1680    9.04   554.5  257690.   3.77   1.09 -12.59  11.63    3.49  2.18  0.94  2.90  -1.00   -1.0        -1.   7.61  549.2 256040.
100  8 49 27 0.59 338.11 191.72 -7.07 1680   12.92   567.9  481954.  -3.75  -8.69 -11.16   2.35   -8.65  4.30  6.33  6.89   0.31  627.8    549925.   9.86  573.6 484066.
100  9 00 06 0.59 338.12 191.63 -7.07 1680   10.43   580.8  326421.  -1.47  -9.68  -9.76   2.22  -13.71  1.44  1.54  1.04   0.27  633.7    929826.   8.27  581.5 336082.
100  9 01 28 0.59 338.12 191.62 -7.07 1680    9.62   557.8  288041.  -1.81  -8.16 -11.46   2.58  -12.10  1.82  1.80  1.94   0.24  634.7    796145.   7.85  557.0 280771.
100  9 02 49 0.59 338.12 191.61 -7.07 1680   10.28   547.8  265058.   0.68  -5.92 -13.03   6.87   -8.22  1.08  1.83  1.19   0.23  630.6    607488.   8.49  550.3 327230.
100  9 04 10 0.59 338.12 191.60 -7.07 1680   10.15   540.0  200323.  -0.87  -5.51 -14.74   4.99   -6.70  0.49  1.45  0.93  -1.00   -1.0        -1.   8.42  536.4 185318.
100  9 05 31 0.59 338.12 191.59 -7.07 1680   11.23   539.0  253926.  -2.81  -6.13 -14.43  -0.48   -8.41  0.84  3.41  0.98  -1.00   -1.0        -1.   8.47  540.4 254098.
100  9 06 52 0.59 338.12 191.57 -7.07 1680    9.83   554.4  273293.  -5.74  -7.73 -13.59   0.07   -9.21  0.79  4.84  1.09  -1.00   -1.0        -1.   7.92  557.0 277857.
100  9 08 13 0.59 338.13 191.56 -7.07 1680   15.61   578.5  479424.   0.00  -5.38 -12.95   4.06   -7.11  1.89  7.40  1.79   0.25  624.0    689830.  12.58  580.6 527072.
100  9 09 34 0.59 338.13 191.55 -7.07 1680   10.15   553.1  270074.   1.19  -6.38 -13.09   7.06   -8.48  1.44  1.65  1.29   0.24  609.0    544052.   8.10  552.3 266786.
100  9 10 55 0.59 338.13 191.54 -7.07 1680    9.94   544.2  237738.   0.64  -5.70 -14.72   6.69   -5.95  0.66  1.38  1.16  -1.00   -1.0        -1.   7.99  542.0 232261.
100  9 12 16 0.59 338.13 191.53 -7.07 1680    8.87   546.1  178932.   0.38  -6.42 -13.53   6.51   -8.44  0.84  1.55  1.17   0.18  629.7    755111.   7.32  548.5 232060.
100  9 13 37 0.59 338.13 191.52 -7.07 1680    6.03   559.3  190772.   1.60  -2.92 -13.25   6.67   -5.31  2.85  2.15  6.37  -1.00   -1.0        -1.   6.09  552.8 158395.
100  9 14 57 0.59 338.13 191.50 -7.07 1680   10.32   539.8  217172.  -4.04  -6.52 -12.73   5.73   -3.13  3.76  4.20  7.98   0.19  650.5    577550.   8.80  545.4 280069.
100  9 16 19 0.59 338.13 191.49 -7.07 1680   10.77   595.2  324157.   3.93   4.82  -8.05  12.74    8.26  1.68  0.99  1.13   0.28  640.5    861361.   8.89  592.5 340130.
100  9 17 40 0.59 338.13 191.48 -7.07 1680    9.07   563.4  297608.   3.21   2.09 -12.03  10.84    5.63  1.49  1.86  2.18  -1.00   -1.0        -1.   7.35  560.2 292644.
100  9 19 01 0.59 338.13 191.47 -7.07 1680    9.45   541.0  231407.   1.81  -0.64 -14.84   8.65    2.47  0.46  1.61  2.02  -1.00   -1.0        -1.   7.83  537.1 219177.
100  9 20 22 0.59 338.13 191.46 -7.07 1680   10.50   548.5  316501.   1.89  -2.50 -14.79   8.52   -0.27  0.69  0.91  2.62  -1.00   -1.0        -1.   8.46  544.3 309218.
100  9 21 43 0.59 338.13 191.45 -7.07 1680   10.03   555.5  352994.   1.95   0.93 -14.17   8.59    1.08  0.80  1.47  3.29   0.31  644.2   1197706.   8.45  553.0 339464.
100  9 23 04 0.59 338.14 191.44 -7.07 1680    9.95   542.1  303429.  -0.88   1.11 -15.38   5.25    4.89  0.98  0.90  2.26   0.24  640.6    793001.   8.17  538.4 295486.
100  9 24 25 0.59 338.14 191.43 -7.07 1680   11.77   538.9  266523.   0.00   0.00 -15.15   4.36    5.27  1.05  0.70  3.35  -1.00   -1.0        -1.   8.98  544.6 350593.
100  9 25 46 0.59 338.14 191.41 -7.07 1680    9.63   554.1  322582.  -1.47   4.31 -13.29   3.87    9.80  0.77  0.84  1.24   0.30  638.0    740246.   8.12  553.5 312531.
100  9 27 07 0.59 338.14 191.40 -7.07 1680   10.61   579.1  322621.  -2.02   6.97 -11.66   3.05   11.82  1.29  1.80  1.31   0.31  625.0    750862.   8.64  578.5 318479.
100  9 28 28 0.59 338.14 191.39 -7.07 1680    9.98   557.2  304517.  -1.49   4.98 -13.55   4.48    8.85  1.34  2.50  3.17   0.28  611.1    608722.   8.10  555.7 299294.
100  9 29 49 0.59 338.14 191.38 -7.07 1680   10.25   569.2  330739.   2.05   1.03 -13.21   9.45    5.42  0.86  1.84  1.94   0.23  663.3    638673.   8.71  564.8 311625.
100  9 31 10 0.59 338.14 191.37 -7.07 1680   10.14   637.5  255196.   0.00   5.89  -5.28  -1.73    5.60  3.60 12.18  7.92  -1.00   -1.0        -1.   8.04  635.3 262690.
100  9 32 31 0.59 338.14 191.36 -7.07 1680    9.45   610.6  281973.   0.00   3.70  -7.48  -9.42   11.03  2.22  2.33  2.34   0.26  638.6   1072706.   8.04  612.7 338366.
100  9 33 52 0.59 338.14 191.34 -7.07 1680    9.22   687.5  283629.  -6.00   5.27  -4.06  -8.14    9.39  8.66  3.49  4.44  -1.00   -1.0        -1.   7.38  687.6 283162.
100  9 35 13 0.59 338.14 191.33 -7.07 1680   10.22   575.9  378393.  -2.83   5.86 -11.07   0.55   11.71  1.19  4.21  0.98   0.22  655.0    714349.   8.59  581.0 450909.
100  9 36 34 0.59 338.14 191.32 -7.07 1680    9.92   580.4  305274.   3.25   4.32  -9.40   9.60    9.73  2.67  1.86  2.63   0.38  625.9   1063142.   7.63  576.3 298400.
100  9 37 55 0.59 338.14 191.31 -7.07 1680   11.13   594.1  329725.  -1.36   7.74  -6.70   6.64   13.87  1.63  1.72  0.78   0.26  627.3    590336.   8.75  591.3 323589.
100  9 39 16 0.59 338.15 191.30 -7.07 1680    8.95   579.3  280888.   2.43   4.01  -7.50  10.24    9.72  3.06  2.44  2.62  -1.00   -1.0        -1.   7.43  575.4 281469.
100  9 40 37 0.59 338.15 191.29 -7.07 1680   10.14   583.2  327214.   2.06   4.36  -9.04  11.41    7.70  0.85  1.19  1.29   0.32  640.9    993275.   8.26  580.5 318476.
100  9 41 58 0.59 338.15 191.28 -7.07 1680   10.74   614.5  437317.   2.99   5.17  -5.80  10.97    8.78  2.99  2.44  3.95   0.32  634.7    730487.   8.73  615.4 366306.
100  9 43 19 0.59 338.15 191.27 -7.07 1680   11.53   613.8  458302.   2.35  -7.66  -3.42  11.03   -3.76  4.63  2.38  8.68  -1.00   -1.0        -1.   9.64  612.4 463948.
100  9 44 40 0.59 338.15 191.25 -7.07 1680   10.87   600.2  473209.   2.05  -5.10  -5.88   8.47   -7.77  1.91  3.73  2.37   0.23  638.1    646079.   8.76  603.4 518486.
100  9 46 01 0.59 338.15 191.24 -7.07 1680    9.26   595.7  275157.   1.77   5.51  -6.59   7.39   -0.21  2.59  4.67 11.37   0.29  640.3    915598.   7.41  593.3 252486.
100  9 47 22 0.59 338.15 191.23 -7.07 1680   10.33   555.5  288531.   1.67   2.18 -12.13  10.44    5.74  0.74  0.96  1.59  -1.00   -1.0        -1.   8.51  553.2 288362.
100  9 48 43 0.59 338.15 191.22 -7.07 1680    9.24   559.2  261975.   3.97   0.51 -11.34  11.96    4.74  0.68  1.07  2.07   0.28  631.3    442063.   7.57  562.2 295106.
100  9 50 04 0.59 338.15 191.21 -7.07 1680   10.05   591.2  310514.   2.09   4.43  -9.16   9.31   11.29  1.16  1.29  2.06   0.28  642.7    716285.   7.75  594.7 309903.
100  9 51 25 0.59 338.15 191.20 -7.07 1680   10.65   585.0  322215.   2.60   2.89  -9.57  10.86    8.66  1.18  1.74  1.69   0.26  642.1   1061609.   8.32  582.5 322621.
100  9 52 46 0.59 338.15 191.18 -7.07 1680   10.33   572.5  319983.   0.00   0.00  -8.52  12.67    6.32  0.91  0.65  1.26   0.31  636.3    743351.   8.36  574.2 362525.
100  9 54 07 0.59 338.15 191.17 -7.07 1680    9.85   585.4  306206.   4.98  -1.78  -8.12  12.81   -0.51  1.74  4.20  4.93  -1.00   -1.0        -1.   8.14  581.5 324826.
100  9 55 28 0.59 338.16 191.16 -7.07 1680    9.77   558.2  287404.  -3.56  -7.57 -12.87   1.90  -10.25  1.00  1.33  1.16   0.21  607.1    561386.   7.68  559.9 284237.
100  9 56 49 0.59 338.16 191.15 -7.07 1680   10.79   552.1  270921.  -4.75  -6.60 -14.56   1.71   -6.78  1.18  2.65  3.99   0.27  617.2    739791.   8.95  557.6 316296.
100  9 58 10 0.59 338.16 191.14 -7.07 1680    9.89   536.7  192952.  -2.08  -4.12 -16.39   2.54   -3.27  0.49  1.83  1.42   0.27  627.1    826876.   8.20  540.7 256592.
100  9 59 31 0.59 338.16 191.13 -7.07 1680   10.10   538.1  227701.  -0.99  -0.91 -16.09   4.68   -1.32  1.18  1.69  3.09   0.30  635.8   1138000.   8.32  537.5 195746.
100 10 00 52 0.59 338.16 191.12 -7.07 1680   10.53   551.2  325317.  -3.48  -5.87 -14.24   1.79   -8.77  1.52  2.10  2.10   0.31  630.1    603733.   8.40  553.3 308828.
100 10 02 13 0.59 338.16 191.10 -7.07 1680   11.87   571.9  240646.  -1.22  -6.49 -12.47   7.64   -8.76  2.19  3.79  1.79   0.25  633.6    865987.  10.69  572.7 277565.
100 10 03 34 0.59 338.16 191.09 -7.07 1680   10.81   571.9  296334.   2.22  -6.92 -12.82   9.64   -5.12  2.25  2.27  4.79   0.25  594.1    697834.   8.83  567.3 292144.
100 10 04 55 0.59 338.16 191.08 -7.07 1680   10.35   557.1  261394.   1.86   2.74 -13.71   9.77    4.73  0.80  0.81  2.61   0.21  652.8    708320.   8.31  559.4 302662.
100 10 06 16 0.59 338.16 191.07 -7.07 1680   10.03   568.0  297367.   4.03  -1.73 -12.28  12.39    0.10  0.87  0.84  2.62   0.31  625.8   1090221.   8.42  565.5 292969.
100 10 07 37 0.59 338.16 191.06 -7.07 1680    9.89   557.1  279475.   0.22   4.70 -13.27   8.57    6.26  0.66  2.32  3.72   0.29  618.0    668611.   8.07  559.6 297344.
100 10 08 58 0.59 338.16 191.05 -7.07 1680   11.36   589.2  395402.   1.86   6.38 -10.94   8.63   10.07  2.43  2.48  1.35  -1.00   -1.0        -1.   9.03  588.0 382045.
100 10 10 19 0.59 338.17 191.03 -7.07 1680   -1.00    -1.0      -1.  -1.00  -1.00 -11.82   6.40   10.22  0.98  2.72  1.36  -1.00   -1.0        -1.  -1.00   -1.0     -1.
100 10 14 21 0.59 338.17 191.00 -7.07 1680   10.56   604.6  350765.  -2.91   8.66  -5.03   1.78   15.35  3.33  5.21  1.63  -1.00   -1.0        -1.   8.65  604.8 358324.
100 10 15 43 0.59 338.17 190.99 -7.07 1680   10.54   638.7  316153.   4.80   3.41   0.09  13.67    6.63  5.79  4.08  3.22   0.23  653.3    792312.   8.69  634.1 323670.
100 10 17 04 0.59 338.17 190.98 -7.07 1680    9.26   574.4  256810.   2.25   4.85  -8.93  10.97    8.49  2.05  2.28  1.80   0.25  636.6    882944.   7.61  572.9 242523.
100 10 18 25 0.59 338.17 190.96 -7.07 1680   10.53   598.2  328552.   5.96   1.08  -7.52  14.08    4.40  1.56  1.25  2.32   0.22  622.3    746600.   8.42  592.3 335985.
100 10 19 46 0.59 338.17 190.95 -7.07 1680   10.68   575.6  312541.   4.16   1.28  -9.26  12.88    4.82  1.81  1.06  1.50   0.19  646.9    565492.   8.93  577.4 401747.
100 10 21 07 0.59 338.17 190.94 -7.07 1680    9.90   575.8  323387.   4.62  -0.08  -9.27  13.36    3.60  1.00  0.73  1.48   0.21  623.2    662789.   8.05  572.3 317131.
100 10 22 28 0.59 338.17 190.93 -7.07 1680    9.29   584.3  248907.   5.53  -1.37  -8.00  13.94    2.78  1.57  1.25  2.24   0.30  623.1   1168821.   7.54  579.1 261374.
100 10 23 49 0.59 338.17 190.92 -7.07 1680   10.26   593.6  340338.   4.26   3.29  -7.63  13.75    2.06  2.51  1.52  3.33   0.27  633.6    972550.   8.18  590.7 344619.
100 10 25 10 0.59 338.17 190.91 -7.07 1680    8.30   572.5  201885.   4.37  -1.86  -9.36  12.11   -0.19  4.92  2.50  2.67   0.24  624.6    840753.   6.90  566.7 211319.
100 10 26 31 0.59 338.18 190.89 -7.07 1680    9.65   570.0  285484.   4.92  -1.17 -10.98  11.89   -1.54  1.30  1.17  1.88   0.23  643.5    993015.   7.73  574.0 297780.
100 10 27 52 0.59 338.18 190.88 -7.07 1680    9.62   565.8  301317.   3.92  -2.86 -11.92  10.04   -4.28  1.50  1.75  1.85   0.30  622.6    835387.   7.66  563.9 288424.
100 10 29 13 0.59 338.18 190.87 -7.07 1680    9.80   549.9  255283.   1.44  -5.08 -13.42   8.26   -3.88  1.15  1.39  1.80   0.25  613.4    821639.   7.77  550.3 227298.
100 10 30 34 0.59 338.18 190.86 -7.07 1680   10.11   544.6  209886.   1.66  -3.22 -14.07   7.99   -1.69  1.06  1.93  1.60   0.23  624.5    943378.   8.30  546.5 260984.
100 10 31 55 0.59 338.18 190.85 -7.07 1680    9.97   550.4  256479.   2.43  -1.92 -11.73  10.81   -1.41  2.26  2.36  1.66   0.23  622.5    783476.   7.81  547.8 226008.
100 10 33 16 0.59 338.18 190.84 -7.07 1680    9.59   555.1  267296.   3.32  -1.75 -11.58  11.47    0.28  0.95  0.99  1.26   0.25  606.9    618429.   7.66  552.1 255806.
100 10 34 37 0.59 338.18 190.82 -7.07 1680    9.60   555.1  247058.   3.37  -2.29 -12.13  10.42   -1.25  1.09  1.05  1.89   0.23  639.6   1020848.   7.69  551.8 218309.
100 10 35 58 0.59 338.08 190.71 -7.12 1680   -1.00    -1.0      -1.  -1.00  -1.00 -12.54   9.99   -0.27  0.83  1.23  2.50  -1.00   -1.0        -1.  -1.00   -1.0     -1.
100 10 37 18 0.59 338.18 190.80 -7.07 1680   10.52   558.5  287258.   3.67  -1.33 -11.86  10.76   -1.45  0.90  1.23  2.17   0.26  632.1   1021926.   8.28  555.0 275278.
100 10 38 40 0.59 338.18 190.79 -7.07 1680    8.86   558.9  232200.   3.51  -3.25 -11.56  10.83   -2.14  1.39  1.41  2.05   0.24  627.6    903968.   7.32  556.8 236556.
100 10 40 01 0.59 338.18 190.78 -7.07 1680   10.50   561.0  287177.   2.19  -6.32 -10.97   8.51   -7.88  1.03  1.15  1.48   0.24  615.8    726953.   8.44  564.2 300612.
100 10 41 22 0.59 338.18 190.77 -7.07 1680    9.64   553.6  254835.  -2.55  -7.36 -11.39   6.30   -7.03  1.20  4.70  4.11   0.17  640.4    631838.   8.03  555.2 252558.
100 10 42 43 0.59 338.19 190.76 -7.07 1680    9.08   586.3  275531.  -3.65  -9.86  -8.96  -0.31  -13.23  1.62  0.86  1.15   0.21  618.7    605227.   7.58  587.5 293784.
100 10 44 04 0.59 338.19 190.75 -7.07 1680   10.03   560.6  268820.  -1.76  -7.51 -11.49   1.70  -10.56  1.62  2.53  1.33   0.31  620.4   1043093.   7.66  560.5 267543.
100 10 45 25 0.59 338.19 190.73 -7.07 1680    9.05   561.0  221948.   3.71  -1.79 -12.43   5.81   -5.59  1.86  4.14  3.89  -1.00   -1.0        -1.   7.49  559.7 279491.
100 10 46 46 0.59 338.19 190.72 -7.07 1680   10.64   552.1  303201.   0.00  -2.73 -15.31  -2.31   -3.11  0.55  2.46  1.42  -1.00   -1.0        -1.   8.45  551.2 286329.
100 10 48 07 0.59 338.19 190.71 -7.06 1680   11.24   538.0  242504.  -3.14  -4.97 -13.84   5.22    0.26  1.89  4.19  3.89   0.27  641.7   1069145.   8.51  539.5 243173.
100 10 49 28 0.59 338.19 190.70 -7.06 1680    9.31   566.0  289646.   2.67   2.79 -11.47  10.07    4.40  0.96  0.87  2.03   0.36  624.6   1020809.   7.67  561.8 281852.
100 10 50 49 0.59 338.19 190.69 -7.06 1680   11.10   561.3  360647.   2.80   1.24 -10.49   9.91    2.96  4.05  2.07  3.84   0.24  624.2    715077.   8.85  559.7 347208.
100 10 52 10 0.59 338.19 190.68 -7.06 1680   10.12   600.3  302727.   4.96  -0.79  -6.16   9.58    1.33  7.59  6.21  4.39  -1.00   -1.0        -1.   8.54  593.3 309978.
100 10 53 31 0.59 338.19 190.66 -7.06 1680   10.68   543.6  262537.   1.20  -0.11 -13.85   4.79    4.44  1.37  2.15  3.54   0.21  639.8    896679.   8.15  542.0 256339.
100 10 54 52 0.59 338.19 190.65 -7.06 1680    9.73   531.3  188381.  -3.76  -0.63 -15.24   2.27    2.65  1.06  1.75  3.18   0.25  598.9    669403.   7.98  529.7 167396.
100 10 56 13 0.59 338.19 190.64 -7.06 1680    8.69   541.4  263356.  -0.15   1.14 -14.05   7.03    1.72  0.62  1.50  2.71  -1.00   -1.0        -1.   7.04  539.9 212404.
100 10 57 34 0.59 338.19 190.63 -7.06 1680    9.80   558.6  283012.   2.88  -3.26 -13.28   8.22   -2.80  1.05  1.56  1.82   0.24  627.3    872185.   7.84  554.1 282538.
100 10 58 55 0.59 338.20 190.62 -7.06 1680    8.83   538.0  229387.  -0.22  -2.14 -15.02   5.18   -1.07  0.61  1.52  1.81   0.25  618.0    731722.   7.36  539.0 204270.
100 11 00 16 0.59 338.20 190.61 -7.06 1680    9.35   524.9  114489.  -2.88  -2.37 -15.18   2.15    1.89  0.76  2.15  4.06  -1.00   -1.0        -1.   8.12  530.4 169183.
100 11 01 37 0.59 338.20 190.60 -7.06 1680    9.58   551.9  245570.  -7.83   3.23 -10.80  -0.52   10.32  2.24  4.94  1.96   0.23  635.5   1091716.   7.38  554.7 215041.
100 11 02 58 0.59 338.20 190.58 -7.06 1680    9.93   566.0  276353.   0.00   2.23 -12.18  -4.61    7.31  2.48  3.24  4.27   0.23  632.6    710334.   7.87  564.9 276665.
100 11 04 19 0.59 338.20 190.57 -7.06 1680   10.85   535.5  232866.  -3.31   1.35 -14.52   2.52    2.74  1.26  3.63  3.77   0.25  630.9    943066.   8.76  537.3 228133.
100 11 05 40 0.59 338.20 190.56 -7.06 1680    7.77   662.7  203587.  -0.70   7.46  -3.81   2.93    9.24  9.25  3.53  7.09  -1.00   -1.0        -1.   6.44  663.8 249014.
100 11 07 01 0.59 338.20 190.55 -7.06 1680    9.60   669.1  297403.  -0.33   6.63   4.47   4.59   13.54  1.98  4.23  1.61   0.25  653.0    672353.   7.82  666.4 295688.
100 11 08 22 0.59 338.20 190.54 -7.06 1680    9.75   636.7  280053.   4.73   3.30   1.18  12.94    8.31  2.06  2.08  2.56   0.27  634.1    566804.   7.50  632.5 291370.
100 11 08 33 0.59 338.20 190.54 -7.06 1680   10.48   589.0  391423.   4.21  -5.76   0.00   0.00    0.00  0.00  0.00  0.00   0.22  634.3    746132.   8.55  585.0 391303.
100 11 09 43 0.59 338.20 190.53 -7.06 1680   10.65   652.9  369441.   4.64  -4.71  -0.37  14.24    1.17  5.02  1.84  4.35  -1.00   -1.0        -1.   8.20  652.8 313359.
100 11 11 04 0.59 338.20 190.52 -7.06 1680   11.37   581.0  447527.   3.20   4.12 -12.04   6.35    6.46  2.04  4.54  1.65  -1.00   -1.0        -1.   8.71  580.1 444243.
100 11 12 25 0.59 338.20 190.51 -7.06 1680   11.24   586.8  355995.   4.26   3.61  -9.99  10.91    5.80  1.42  0.95  1.73   0.28  621.3    659073.   8.96  582.4 350119.
100 11 13 46 0.59 338.20 190.49 -7.06 1680    8.77   561.7  257245.   2.17   3.00 -10.00  11.72    3.06  1.50  1.81  2.60   0.25  625.0    876629.   7.11  557.0 244930.
100 11 15 07 0.59 338.21 190.48 -7.06 1680    9.34   562.3  252980.   4.24  -2.28 -10.93  11.88   -1.33  0.54  0.52  0.91   0.23  637.6   1004943.   7.37  558.9 223364.
100 11 16 28 0.59 338.21 190.47 -7.06 1680    9.92   566.5  296623.   3.63  -4.33 -10.87  11.23   -3.00  1.00  0.73  1.38   0.23  630.6    867027.   8.15  562.5 289665.
100 11 18 29 0.59 338.21 190.45 -7.06 1680    8.22   617.7  257928.   0.00   0.00  -4.22  12.24   -7.41  4.04  1.28  1.69   0.22  622.1    658567.   6.43  615.4 254842.
100 11 19 21 0.59 338.21 190.44 -7.06 1680    9.55   601.7  320724.   4.46  -6.96   0.00   0.00    0.00  0.00  0.00  0.00   0.23  626.1    647561.   7.53  597.2 322143.
100 11 30 09 0.59 338.22 190.35 -7.06 1680    9.05   636.7  278594.   7.50  -3.36   1.68  14.65   -3.70  0.55  0.25  0.01   0.28  642.8    656643.   7.29  630.3 281521.
100 11 40 57 0.59 338.22 190.26 -7.06 1680    9.54   634.4  345948.   0.00  -2.59   2.93  14.43   -3.78  2.21  0.41  1.09  -1.00   -1.0        -1.   7.71  635.0 347231.
100 11 51 45 0.59 338.23 190.17 -7.06 1680    9.56   646.7  260010.   7.37  -1.34   3.75  15.30   -1.68  0.42  0.33  0.87   0.28  638.7    821912.   7.45  640.0 264496.
100 12 02 33 0.59 338.24 190.08 -7.06 1680   11.55   590.7  357873.   5.51  -4.15 -12.69   9.50    4.70  0.35  0.30  0.40  -1.00   -1.0        -1.   8.94  584.0 351032.
100 12 13 21 0.59 338.24 189.99 -7.06 1680    8.86   565.4  266497.   5.08  -5.57 -14.77   3.87    0.62  0.12  0.25  0.38   0.25  609.3    728785.   7.10  561.6 264337.
100 12 24 09 0.59 338.25 189.89 -7.06 1680    9.53   520.3  148467.  -2.50  -0.85 -15.66   1.50   -0.49  0.21  0.29  0.50   0.23  584.4    503797.   7.86  522.2 141610.
100 12 34 57 0.59 338.26 189.80 -7.06 1680    9.81   522.0  223062.  -1.99  -0.48 -16.03   1.00   -0.89  0.10  0.28  0.50   0.18  667.0    540543.   7.88  521.9 195603.
100 12 45 45 0.59 338.26 189.71 -7.06 1680    9.57   518.7  165857.   0.00   0.00 -15.17  -4.47   -4.35  0.38  0.73  1.82   0.24  583.4    519299.   7.67  516.8 158359.
100 12 56 33 0.59 338.27 189.61 -7.06 1680    9.61   560.8  231777.   0.00   0.00 -15.59  -3.00    3.08  0.17  0.94  0.33   0.23  632.4    603940.   7.91  562.8 284331.
100 13 07 21 0.59 338.28 189.52 -7.06 1680    9.81   517.7  152525.  -5.08   0.11 -16.20  -3.27   -0.25  0.07  0.54  1.00   0.24  577.3    645404.   7.82  518.2 143065.
100 13 18 09 0.59 338.28 189.43 -7.06 1680    9.98   549.5  272133.  -7.93  -0.96 -14.54  -4.87    5.56  0.14  0.58  0.52   0.24  599.5    678473.   8.12  551.1 265542.
100 13 28 57 0.59 338.29 189.34 -7.06 1680    9.83   524.9  167458.  -0.26   2.24 -15.12   1.43    6.85  0.19  0.09  0.19   0.23  586.3    525224.   8.66  530.2 213411.
100 13 39 45 0.59 338.30 189.25 -7.06 1680    8.93   548.7  292790.   5.10   0.39 -15.06   4.37    3.92  0.45  1.46  0.17   0.28  600.0    563452.   7.25  547.3 294567.
100 13 50 33 0.59 338.30 189.15 -7.06 1680    9.79   554.2  238953.   1.95   5.78 -12.42   1.47   10.44  0.78  0.95  0.64   0.23  622.8    632410.   7.71  552.1 212943.
100 14 01 21 0.59 338.31 189.06 -7.06 1680   10.21   518.5  123084.  -3.84   0.64 -15.41   0.37    4.85  0.09  0.24  0.19   0.14  596.8    675770.   8.51  521.9 158307.
100 14 12 09 0.59 338.32 188.97 -7.06 1680    9.43   507.8  105594.  -3.86  -1.70 -16.30  -2.47    0.31  0.16  0.21  0.19   0.20  601.1    909724.   8.20  512.3 143748.
100 14 22 57 0.59 338.33 188.88 -7.06 1680    9.47   511.6  137942.  -3.35  -0.92 -16.01  -2.05    1.18  0.10  0.25  0.20   0.31  571.1   1058750.   7.82  513.8 117805.
100 14 33 45 0.59 338.33 188.79 -7.06 1680    9.84   516.2  142900.  -3.51   1.45 -16.33  -1.50    3.30  0.00  0.42  0.29   0.22  570.7    654409.   7.90  515.5 136351.
100 14 44 33 0.59 338.34 188.70 -7.06 1680   10.17   510.1  112244.  -0.97  -0.30 -16.88   1.80    2.04  0.09  0.22  0.69   0.15  596.5    550133.   8.29  510.7  97012.
100 14 55 21 0.59 338.35 188.60 -7.06 1680    9.69   526.3  155127.   4.00   1.48 -14.60   7.33    4.12  0.53  0.84  0.17   0.18  601.1    853032.   7.78  524.5 145755.
100 15 06 09 0.59 338.35 188.51 -7.06 1680    9.23   514.9  124835.   0.62   1.57 -16.04   4.37    4.64  0.00  0.05  0.19   0.19  599.6    608124.   7.46  514.6 110743.
100 15 16 57 0.59 338.36 188.42 -7.06 1680    9.81   503.1   93864.   0.58  -2.29 -16.55   4.27   -1.50  0.27  0.48  0.38   0.18  578.4    721262.   7.90  502.0  89986.
100 15 27 45 0.59 338.37 188.32 -7.05 1680    9.87   516.6  141363.   0.00  -6.15 -15.42   0.67   -6.72  0.17  0.74  0.00   0.22  559.6    619364.   7.63  515.1 120108.
100 15 38 33 0.59 338.37 188.23 -7.05 1680   10.12   517.6  217036.   4.11  -6.72 -14.06   7.35   -5.71  0.10  0.15  0.00   0.21  582.4    417544.   7.84  514.9 198676.
100 16 00 55 0.59 338.39 188.04 -7.05 1680    8.77   505.2  164002.   3.65   0.83 -12.42  10.79    0.28  0.39  0.45  0.74   0.24  582.1    830605.   7.23  500.1 147084.
100 16 01 30 0.59 338.39 188.04 -7.05 1680    9.04   510.3  182417.   4.32  -3.55   0.00   0.00    0.00  0.00  0.00  0.00   0.25  580.6    663920.   7.30  504.9 174644.
100 16 01 50 0.59 338.39 188.03 -7.05 1680    9.05   510.3  182469.   4.32  -3.55   0.00   0.00    0.00  0.00  0.00  0.00   0.26  580.6    664492.   7.30  504.9 174683.
100 16 02 10 0.59 338.39 188.03 -7.05 1680    9.39   506.5  170593.   4.72  -1.81   0.00   0.00    0.00  0.00  0.00  0.00   0.31  579.2    692091.   7.71  505.6 214642.
100 16 02 51 0.59 338.39 188.03 -7.05 1680    9.31   496.7  185968.   8.03  -3.30 -12.21  11.01   -0.92  0.67  0.82  1.89   0.31  575.6    936479.   7.69  491.2 182869.
100 16 03 31 0.59 338.39 188.02 -7.05 1680    8.80   542.5  232310.   0.00   0.00 -11.64  11.10   -3.58  0.82  0.88  1.28   0.27  603.2    775784.   7.16  540.3 234016.
100 16 03 52 0.59 338.39 188.02 -7.05 1680    9.18   525.9  215292.   6.33  -3.56 -12.88   9.19   -2.06  1.92  2.96  3.02   0.28  584.2    723198.   7.41  520.5 217585.
100 16 04 12 0.59 338.39 188.02 -7.05 1680    8.92   520.0  193654.   5.50  -3.94 -15.31   5.42    1.74  1.27  2.50  1.84   0.24  579.4    720092.   7.17  516.0 184850.
100 16 04 52 0.59 338.39 188.01 -7.05 1680    8.51   491.2   96109.   1.15   0.69 -15.72   4.64    2.94  0.38  1.13  0.92   0.26  593.4    634567.   7.04  488.0  89316.
100 16 05 33 0.59 338.39 188.01 -7.05 1680    8.30   498.8  111364.   2.55   0.54 -15.54   2.92    5.47  0.67  1.35  1.22   0.22  600.9    973420.   6.89  495.3 110308.
100 16 06 13 0.59 338.39 188.00 -7.05 1680    9.75   496.9  151398.   0.69   1.67 -15.36   3.18    5.26  0.32  2.24  1.39   0.25  588.0    887167.   7.74  495.6 138917.
100 16 06 54 0.59 338.39 187.99 -7.05 1680    9.00   501.2  120732.  -1.36   2.97 -14.88   7.04    0.91  0.56  2.59  2.20   0.25  575.3    538114.   7.56  504.2 166971.
100 16 07 34 0.59 338.39 187.99 -7.05 1680    8.65   501.8  146138.   3.90  -1.27 -13.36   8.02   -3.18  2.16  1.08  4.45  -1.00   -1.0        -1.   7.22  502.5 204292.
100 16 08 15 0.59 338.39 187.98 -7.05 1680    8.51   518.1  196356.   6.08  -3.50 -14.03   8.14   -2.50  1.40  2.01  1.65   0.26  580.2    597703.   6.83  512.7 190376.
100 16 08 55 0.59 338.39 187.98 -7.05 1680    9.26   498.6  148659.   2.73  -2.05 -16.03   4.32   -0.52  0.58  1.68  1.10   0.24  565.4    508475.   7.56  494.3 133567.
100 16 09 36 0.59 338.39 187.97 -7.05 1680    9.11   495.0  119179.   2.75  -2.25 -14.94   7.34   -1.09  0.64  1.21  1.00   0.26  596.7    958152.   7.33  494.1 103402.
100 16 10 16 0.59 338.40 187.96 -7.05 1680    9.07   504.9  157242.   4.30  -2.73 -14.63   7.74   -1.99  0.54  0.89  0.75   0.23  597.8    684333.   7.43  499.8 141288.
100 16 10 57 0.59 338.40 187.96 -7.05 1680    9.61   513.7  190970.   4.94  -2.50 -14.79   7.45   -1.33  0.47  1.17  1.18   0.21  590.1    537204.   7.70  508.3 178659.
100 16 11 37 0.59 338.40 187.95 -7.05 1680    9.14   509.7  215301.   4.49  -1.77 -14.85   7.67   -1.62  0.35  0.67  0.86   0.22  583.7    909516.   7.42  506.1 208171.
100 16 12 18 0.59 338.40 187.95 -7.05 1680    9.88   507.2  179471.   3.94  -2.20 -14.81   7.90    0.06  0.36  0.89  2.18   0.21  586.6    785412.   7.90  503.5 171177.
100 16 12 58 0.59 338.40 187.94 -7.05 1680    8.89   501.0  135912.   3.08   1.47 -15.22   6.47    4.46  0.27  0.60  0.59  -1.00   -1.0        -1.   7.65  496.9 132596.
100 16 13 39 0.59 338.40 187.94 -7.05 1680    8.92   502.6  114485.   3.20   1.42 -14.97   7.55    3.16  0.77  1.59  1.00   0.21  579.8    648574.   7.35  497.5 107729.
100 16 14 19 0.59 338.40 187.93 -7.05 1680    8.80   493.7   98532.   2.37   1.09 -15.23   7.21    3.26  0.37  0.83  0.77   0.24  599.9    841273.   7.52  493.4 127057.
100 16 15 00 0.59 338.40 187.92 -7.05 1680    8.79   501.2  114060.   3.63   0.18 -14.93   7.66    3.65  0.35  0.47  0.77   0.27  573.9    655006.   7.45  497.0 108291.
100 16 15 40 0.59 338.40 187.92 -7.05 1680    9.73   503.0  153009.   3.59   0.87 -15.42   6.83    2.91  0.76  1.08  1.46   0.25  578.1    652304.   7.96  499.9 143130.
100 16 16 20 0.59 338.40 187.91 -7.05 1680    9.15   497.1  104880.   2.80  -0.04 -15.43   6.77    3.42  0.53  0.86  0.69   0.26  572.7    606526.   7.31  493.6 104019.
100 16 17 01 0.59 338.40 187.91 -7.05 1680    9.76   499.2  146213.   3.00   0.03 -15.36   6.73    3.10  0.62  0.93  1.90   0.16  623.8    572560.   7.87  495.6 136770.
100 16 17 42 0.59 338.40 187.90 -7.05 1680    9.31   492.4  107017.   1.92  -2.42 -15.96   5.85    1.23  0.28  0.56  0.85  -1.00   -1.0        -1.   7.57  490.4  98682.
100 16 18 22 0.59 338.40 187.89 -7.05 1680    9.74   498.2  143270.   3.11  -0.56 -16.25   5.16    1.75  0.21  0.57  0.74   0.23  607.3    856229.   7.84  494.7 132206.
100 16 19 02 0.59 338.40 187.89 -7.05 1680    9.24   494.1  112627.   2.49  -0.33 -16.34   4.81    2.33  0.27  0.48  0.74   0.24  572.5    694494.   7.54  492.2 100790.
100 16 19 43 0.59 338.40 187.88 -7.05 1680    9.22   491.9   91694.   1.65   0.14 -16.27   4.97    1.82  0.68  1.88  0.63   0.25  554.5    609580.   7.44  488.3  86344.
100 16 20 24 0.59 338.40 187.88 -7.05 1680    9.00   489.0  112345.   0.53  -0.32 -16.54   4.01    1.87  0.31  1.29  0.91   0.19  580.6    624679.  -1.00   -1.0     -1.
100 16 21 04 0.59 338.40 187.87 -7.05 1680    9.20   493.4  101037.   3.07  -0.85 -16.77   3.49    1.48  0.23  0.70  0.68   0.25  561.8    624939.   7.41  493.1 131254.
100 16 21 45 0.59 338.40 187.87 -7.05 1680    9.06   491.0   94978.   1.89  -1.43 -16.73   3.68    1.06  0.24  0.66  0.66   0.17  599.7    527563.   7.47  490.6  97509.
100 16 22 25 0.59 338.40 187.86 -7.05 1680    8.95   491.0   94913.   2.01  -0.20 -16.67   4.07   -0.05  0.21  0.47  1.45   0.24  586.8    831657.   7.39  488.3  87988.
100 16 23 06 0.59 338.40 187.85 -7.05 1680    9.41   492.3   99253.   1.86  -3.50 -16.53   4.32   -1.58  0.30  1.19  1.10   0.16  573.6    599471.   7.74  491.6  97574.
100 16 23 46 0.59 338.30 187.75 -7.11 1680   -1.00    -1.0      -1.  -1.00  -1.00 -16.49   4.60   -0.09  0.24  0.58  1.78  -1.00   -1.0        -1.  -1.00   -1.0     -1.
100 16 24 06 0.59 338.40 187.85 -7.05 1680    9.37   490.8   96525.   1.54  -2.20 -16.68   4.17   -0.02  0.29  0.89  0.96   0.25  570.8    658579.   7.72  489.9  94598.
100 16 25 27 0.59 338.41 187.83 -7.05 1680    9.29   493.4   99763.   3.06  -3.14 -16.38   4.16    0.83  0.53  2.22  1.98   0.21  603.4    884841.   7.93  495.2 131904.
100 16 26 48 0.59 338.41 187.82 -7.05 1680    8.44   497.4   95160.   3.64   0.55 -16.05   5.49    2.15  0.66  1.86  1.63  -1.00   -1.0        -1.   6.59  492.9 100809.
100 16 28 09 0.59 338.41 187.81 -7.05 1680    8.55   494.1  100082.   3.95  -3.00 -15.75   6.66   -0.10  0.53  1.05  0.94   0.20  591.0    761153.   7.37  494.4 126856.
100 16 29 30 0.59 338.41 187.80 -7.05 1680    9.79   498.4  125273.   4.09  -1.23 -15.83   6.31    1.21  0.44  1.02  0.99   0.16  620.6    698328.   7.71  495.6 105403.
100 16 30 51 0.59 338.41 187.79 -7.05 1680    8.44   496.2   95761.   4.63  -1.65 -15.45   7.30    1.31  0.43  0.95  0.55   0.27  578.6    985102.   7.19  495.5 129539.
100 16 32 12 0.59 338.41 187.78 -7.05 1680    8.39   499.7  104802.   4.62  -1.03 -15.62   7.00    1.41  0.62  1.25  0.56   0.23  574.8    717364.   6.96  495.5 100543.
100 16 33 33 0.59 338.41 187.77 -7.05 1680    8.90   491.6   97438.   3.48  -2.55 -16.19   5.68   -0.57  0.22  0.50  0.87   0.23  597.4    662595.   7.22  488.7  89359.
100 16 34 54 0.59 338.41 187.75 -7.05 1680    8.44   490.0  109122.   2.77  -2.50 -16.47   4.83    0.46  0.33  0.71  1.23  -1.00   -1.0        -1.   7.05  489.5  94335.
100 16 36 15 0.59 338.41 187.74 -7.05 1680    9.28   489.8   94576.   2.60  -2.47 -16.49   4.39    0.67  0.37  1.29  1.90   0.17  591.3    597431.   7.38  486.8  89511.
100 16 37 36 0.59 338.41 187.73 -7.05 1680    8.74   504.6  121898.   3.34   2.19 -14.19   6.40    6.91  0.92  1.00  2.01   0.31  556.3    863700.   7.17  500.2 114329.
100 16 38 57 0.59 338.41 187.72 -7.05 1680   10.17   502.0  157134.   0.00   0.00 -14.52   6.00    6.89  0.68  0.95  1.14   0.20  563.2    469363.   8.33  499.1 148367.
100 16 40 18 0.59 338.41 187.71 -7.05 1680    9.71   496.2  137514.   0.00   0.00 -14.55   5.89    7.08  0.46  0.54  0.70   0.19  599.3    555214.   7.60  494.9 113670.
100 16 41 39 0.59 338.31 187.59 -7.11 1680   -1.00    -1.0      -1.  -1.00  -1.00 -13.74   5.81    8.28  0.73  1.25  1.12  -1.00   -1.0        -1.  -1.00   -1.0     -1.
100 16 43 00 0.59 338.42 187.69 -7.05 1680    9.47   504.1  221457.   3.86   4.01 -13.63   4.30    8.00  2.19  4.01  2.91   0.27  572.5    543610.   8.00  497.9 210994.
100 16 44 21 0.59 338.42 187.67 -7.05 1680    9.76   489.1  101943.  -0.63   0.35 -16.71  -0.08    4.78  0.28  0.99  0.75   0.18  590.5    618623.   7.80  486.6  96892.
100 16 55 08 0.59 338.42 187.58 -7.05 1680    8.73   474.7  114385.   0.13   1.60 -16.96  -1.59    5.50  0.37  1.52  0.80   0.21  583.9    598821.   7.30  474.1 101209.
100 16 56 29 0.59 338.43 187.57 -7.05 1680    9.24   471.7   95872.  -1.26   1.07 -17.31   0.06    4.78  0.53  1.49  1.21   0.22  604.7    675446.   7.89  475.1 124507.
100 16 57 50 0.59 338.43 187.56 -7.05 1680   10.07   481.8  112929.   1.59  -0.63 -17.51   2.97    1.85  0.79  2.52  1.74  -1.00   -1.0        -1.   8.62  479.0 103431.
100 16 59 11 0.59 338.43 187.55 -7.05 1680    9.41   483.0  141668.   4.07  -0.93 -15.67   7.83    1.46  1.62  3.45  1.93   0.26  543.0    407526.   7.60  478.7 132586.
100 17 00 32 0.59 338.43 187.53 -7.05 1680   10.58   524.3  230140.   7.79  -3.91 -11.33  13.92   -2.51  0.69  0.57  0.94   0.31  577.6    719794.   8.43  517.2 224949.
100 17 01 53 0.59 338.43 187.52 -7.05 1680    8.45   515.5  182057.   7.74  -4.27 -10.73  14.46   -1.92  1.71  1.24  1.52   0.33  572.0    637374.   6.80  508.3 179731.
100 17 03 14 0.59 338.43 187.51 -7.05 1680    8.00   496.7  168403.   6.38  -2.61 -13.46  11.42   -0.82  2.05  2.55  1.69   0.26  560.9    611152.   6.50  495.1 239467.
100 17 04 35 0.59 338.43 187.50 -7.05 1680    9.49   491.6  213320.   5.55  -4.02 -14.49   9.99   -0.89  1.71  2.73  2.23   0.28  556.5    802889.   7.50  486.2 204019.
100 17 05 56 0.59 338.43 187.49 -7.05 1680   11.10   492.8  198361.   5.29  -3.37 -13.86  11.23   -0.34  1.22  1.57  1.79   0.30  560.3    546235.   8.96  489.6 173620.
100 17 07 17 0.59 338.43 187.48 -7.05 1680   10.50   509.4  219875.   7.49  -3.20 -13.28  11.96   -0.28  0.73  0.87  2.89   0.22  586.5    454277.   8.89  501.8 205592.
100 17 08 38 0.59 338.43 187.46 -7.05 1680    9.58   500.0  172529.   6.90  -2.23 -13.86  11.46    0.06  1.15  1.42  1.21   0.30  558.9    526484.   7.56  493.3 169488.
100 17 09 59 0.59 338.43 187.45 -7.05 1680    8.70   533.8  188290.   8.08   1.67  -9.83  14.36    4.09  1.77  1.08  1.56   0.32  564.9    732138.   7.35  527.2 182300.
100 17 11 20 0.59 338.43 187.44 -7.05 1680    9.85   530.8  214918.   8.45  -0.15  -5.91  15.78    4.02  3.99  1.05  1.17   0.33  582.2    876850.   8.17  524.5 217052.
100 17 12 41 0.59 338.44 187.43 -7.05 1680   10.09   552.8  230709.   8.68   0.24  -3.88  16.09    5.22  1.63  0.54  1.29   0.32  568.5    609892.   8.20  545.5 223926.
100 17 14 02 0.59 338.44 187.42 -7.05 1680    6.06   525.4  248393.   6.92  -1.48 -11.89   9.57    3.27  5.02  4.88  4.15  -1.00   -1.0        -1.   5.39  520.1 227876.
100 17 16 44 0.59 338.44 187.40 -7.05 1680    9.81   471.3  110837.  -0.85  -5.15 -16.57  -1.04   -6.75  0.99  1.39  2.07   0.27  555.9    608150.   7.79  473.9 100387.
100 17 18 05 0.59 338.44 187.38 -7.05 1680    8.78   495.0  197006.  -1.00  -8.23 -16.04   1.47   -6.85  1.10  2.80  2.90   0.19  603.6    527160.   6.77  488.3 130052.
100 17 19 26 0.59 338.44 187.37 -7.05 1680    9.82   490.1  166545.   4.84  -2.67 -15.68   8.58   -0.92  0.83  1.71  1.58   0.28  564.6    549197.   8.19  484.8 157466.
100 17 20 47 0.59 338.44 187.36 -7.05 1680    9.90   484.1  151040.   3.81  -5.22 -16.59   5.70   -3.53  0.38  0.82  0.87   0.31  562.6    775615.   7.98  480.4 144309.
100 17 22 08 0.59 338.44 187.35 -7.05 1680    9.21   489.8  180124.   4.19  -5.99 -15.81   6.39   -4.37  0.63  1.36  1.25   0.26  558.8    583111.   7.27  484.5 174150.
100 17 23 29 0.59 338.44 187.34 -7.05 1680   10.36   505.5  223728.   7.16  -2.71 -13.60  10.67   -2.23  1.10  1.80  2.37   0.27  575.9    583787.   8.08  500.2 220151.
100 17 24 50 0.59 338.44 187.33 -7.05 1680   10.06   483.7  195164.   0.00   0.00 -15.87   5.88   -5.05  0.57  1.33  0.99   0.26  555.0    585632.   8.56  483.0 164213.
100 17 26 11 0.59 338.44 187.32 -7.05 1680   10.77   495.2  217816.   5.51  -5.66 -15.04   7.74   -4.65  0.55  1.05  1.50  -1.00   -1.0        -1.   8.61  490.2 216623.
100 17 27 32 0.59 338.45 187.30 -7.05 1680    9.78   501.1  188729.   6.84  -4.46 -14.49   8.64   -4.49  0.79  1.28  1.82   0.31  571.1    880176.   8.18  499.1 234428.
100 17 28 53 0.59 338.45 187.29 -7.05 1680    9.70   482.5  155124.   4.55  -3.72 -15.50   6.10   -4.88  1.06  1.97  1.77   0.25  576.1    613036.   7.99  483.7 208850.
100 17 30 14 0.59 338.45 187.28 -7.05 1680    9.97   492.7  195089.   0.93  -6.32 -14.73   7.29   -3.39  0.84  4.43  3.47   0.28  564.5    728564.   7.83  492.6 175004.
100 17 31 35 0.59 338.45 187.27 -7.05 1680    9.71   483.9  163904.   4.01  -5.62 -15.29   6.34   -4.69  0.96  2.72  2.35  -1.00   -1.0        -1.   8.13  484.7 205959.
100 17 32 56 0.59 338.45 187.26 -7.05 1680    9.15   492.5  176924.   0.65  -8.47 -15.84   2.23   -7.23  0.47  2.01  1.03   0.29  570.1    886400.   7.31  488.7 167179.
100 17 34 17 0.59 338.45 187.25 -7.05 1680    9.58   485.9  162835.   5.80  -4.26 -15.59   5.55   -5.68  0.48  2.57  1.82   0.29  559.7    783190.   7.39  480.5 151986.
100 17 35 38 0.59 338.45 187.24 -7.05 1680    9.57   483.4  173230.   1.60  -6.93 -16.21   3.95   -6.10  0.46  1.23  0.72   0.21  554.1    388087.   8.25  482.3 151118.
100 17 36 59 0.59 338.45 187.22 -7.05 1680    9.39   487.8  146525.   2.34  -7.64 -15.12   3.93   -8.16  1.04  0.62  1.55   0.27  562.9    744820.   7.78  487.6 187553.
100 17 38 20 0.59 338.45 187.21 -7.05 1680    9.02   499.3  174546.   0.00   0.00 -13.80   3.28  -10.22  0.81  1.11  1.22   0.30  567.5    811985.   7.76  495.6 170320.
100 17 39 41 0.59 338.45 187.20 -7.05 1680   10.26   502.1  201983.   2.34  -8.78 -13.31   4.54  -10.38  0.71  1.04  0.57   0.24  564.2    579213.   8.34  499.2 201021.
100 17 41 02 0.59 338.45 187.19 -7.05 1680    9.38   500.0  172084.   3.09  -8.37 -13.96   3.45   -9.99  0.67  1.84  0.60   0.30  563.4    678525.   7.79  497.3 174458.
100 17 42 23 0.59 338.45 187.18 -7.05 1680    8.67   520.2  173987.   4.37  -9.60 -11.29   6.09  -11.55  1.84  2.35  1.31   0.24  579.0    403692.   7.33  516.6 174608.
100 17 43 44 0.59 338.46 187.17 -7.05 1680   10.20   522.9  206417.   3.80  -9.88   0.00   0.00    0.00  0.00  0.00  0.00   0.25  559.8    439348.   8.25  520.3 206709.
100 17 45 05 0.59 338.46 187.16 -7.05 1680   10.20   513.0  188482.   1.59 -10.21 -11.38   3.91  -13.08  0.84  1.65  0.70   0.30  560.5    635840.   8.22  511.0 176576.
100 17 46 26 0.59 338.46 187.14 -7.05 1680    9.87   509.2  180614.  -0.27 -10.75 -12.05   0.25  -13.31  0.51  1.64  0.54   0.28  555.5    572885.   8.44  513.0 210432.
100 17 47 47 0.59 338.46 187.13 -7.05 1680    9.27   525.6  201586.   1.17  -6.47  -7.08   3.90    0.90  4.93  5.14 14.10   0.40  545.1    589543.   7.78  524.7 197552.
100 17 49 08 0.59 338.46 187.12 -7.05 1680   10.93   532.3  113573.   4.73   4.77  -2.20   8.79   15.46  1.73  0.77  0.52   0.49  538.2    651563.   9.34  526.3 108771.
100 17 50 29 0.59 338.46 187.11 -7.05 1680   13.35   507.2  166659.   5.59   3.97  -7.88  10.21   12.81  1.45  1.28  1.27   0.50  522.3    617363.  11.00  504.0 159678.
100 17 51 50 0.59 338.46 187.10 -7.05 1680   11.94   510.8  142887.   7.20   3.04  -8.63   9.93   12.06  1.35  2.57  1.22   0.41  535.8    678876.  10.20  506.2 139599.
100 17 53 11 0.59 338.46 187.09 -7.05 1680   12.04   492.6  139047.   5.15   3.55  -9.56   9.39   11.98  0.67  0.84  0.74   0.38  547.7    844872.   9.94  489.8 139434.
100 17 57 14 0.59 338.46 187.05 -7.05 1680   11.59   495.8  145290.   6.60   2.95 -10.06  10.61   10.14  0.79  0.43  0.83   0.43  535.8    618844.   9.38  490.4 149036.
100 17 58 35 0.59 338.47 187.04 -7.05 1680   12.16   490.5  145216.   6.74   2.66 -10.47  10.60    9.58  0.79  0.42  0.83   0.39  536.8    397092.   9.88  487.3 144686.
100 17 59 56 0.59 338.47 187.03 -7.05 1680   11.30   486.0  181118.   6.72   1.48 -11.33  10.29    7.45  1.17  0.58  2.41   0.43  533.8    702434.   9.61  480.9 181598.
100 18 01 17 0.59 338.47 187.02 -7.05 1680   -1.00    -1.0      -1.  -1.00  -1.00  -7.54   9.07   12.05  1.76  1.60  1.89  -1.00   -1.0        -1.  -1.00   -1.0     -1.
100 18 02 38 0.59 338.47 187.01 -7.05 1680   10.69   486.2  190694.   5.27   2.23 -11.75   8.16    8.65  1.30  1.04  1.84   0.39  538.7    726888.   8.67  480.9 192049.
100 18 03 59 0.59 338.47 187.00 -7.05 1680   11.20   480.3  166678.   1.71   3.48 -13.16   9.40    4.06  0.80  1.89  2.55   0.42  528.0    536061.   9.39  481.0 208532.
100 18 05 20 0.59 338.47 186.98 -7.05 1680   11.84   465.5  142416.   4.05   1.07 -14.13   8.28    2.47  1.02  1.98  2.53   0.38  533.3    788856.   9.99  465.6 190740.
100 18 06 41 0.59 338.47 186.97 -7.05 1680   13.80   463.5  189869.   3.50  -0.23 -14.40   7.45    3.71  0.85  2.13  2.39   0.45  522.2    681553.  10.62  464.1 171973.
100 18 08 02 0.59 338.47 186.96 -7.05 1680   12.20   470.9  196113.   5.37  -0.92 -13.95   9.18    0.27  1.28  1.91  2.62   0.45  530.8    643273.  10.04  465.8 183947.
100 18 09 23 0.59 338.47 186.95 -7.05 1680   12.18   485.3  159477.   8.01  -4.85 -12.12  11.35   -3.00  1.30  1.17  1.42   0.38  533.6    506136.   9.42  480.6 160376.
100 18 10 44 0.59 338.47 186.94 -7.05 1680   10.30   506.8  153555.   8.42  -5.67 -11.06  11.54   -0.63  2.51  2.80  4.01   0.52  534.5    704435.   8.93  500.2 151921.
100 18 12 05 0.59 338.47 186.93 -7.05 1680   11.27   468.0  188450.   4.87  -0.82 -14.67   6.82    0.52  0.78  2.29  4.48   0.46  534.5    525458.   9.43  465.8 171928.
100 18 13 26 0.59 338.47 186.91 -7.05 1680   12.16   476.0  199312.   6.71  -0.80 -14.10   8.31    0.77  0.95  1.60  4.17   0.43  530.1    725329.   9.69  470.2 193296.
100 18 14 47 0.59 338.48 186.90 -7.05 1680   12.41   465.9  175560.   4.65  -3.98 -15.23   6.93   -1.96  0.52  1.45  1.68   0.35  532.4    485878.   9.65  461.9 159883.
100 18 16 08 0.59 338.48 186.89 -7.05 1680   11.84   468.6  212098.   5.58  -4.34 -13.98   8.81   -2.22  1.61  2.43  1.40   0.43  527.3    652550.   9.81  463.8 200199.
100 18 17 29 0.59 338.48 186.88 -7.05 1680   12.41   469.4  177795.   5.41  -5.36 -14.40   7.34   -5.12  0.61  1.13  1.17   0.38  529.6    483189.   9.92  464.9 158954.
100 18 18 50 0.59 338.48 186.87 -7.05 1680   12.56   483.9  203376.   7.27  -5.86 -12.65   9.26   -4.68  1.54  2.26  3.63   0.45  541.6    648340.  10.62  479.9 190496.
100 18 20 11 0.59 338.48 186.85 -7.05 1680   12.16   476.1  201697.   6.02  -5.47 -13.45   7.71   -6.04  0.87  1.26  2.05   0.46  532.6    484462.  10.16  472.1 175368.
100 18 21 32 0.59 338.48 186.84 -7.05 1680   12.25   476.3  202636.   1.81  -8.57 -14.16   2.27   -7.75  0.66  2.71  1.75   0.48  528.6    700745.   9.94  475.1 196704.
100 18 22 53 0.59 338.48 186.83 -7.05 1680   10.87   480.0  176027.   6.79  -0.93 -12.28   9.45   -0.55  2.62  3.80  3.52   0.62  516.4    827460.   9.71  478.1 208616.
100 18 24 14 0.59 338.48 186.82 -7.05 1680   12.73   474.4  217374.   5.38  -5.36 -13.74   8.74   -1.49  0.84  1.48  2.04   0.42  520.5    469272.  10.62  470.0 206654.
100 18 25 35 0.59 338.48 186.81 -7.05 1680   12.22   472.4  190402.   2.73  -8.07 -14.63   5.27   -4.05  0.67  1.75  2.60  -1.00   -1.0        -1.   9.80  469.4 167208.
100 18 26 56 0.59 338.48 186.80 -7.05 1680   11.20   458.3  159376.   3.24  -4.27 -14.06   6.42   -0.11  1.25  2.76  4.12   0.39  515.9    459280.   9.51  460.7 215067.
100 18 28 17 0.59 338.48 186.79 -7.05 1680    9.69   499.9  189440.   2.53 -10.45 -11.87   3.78   -8.09  3.25  2.32  4.57   0.39  530.7    469922.   7.65  494.6 191698.
100 18 29 38 0.59 338.49 186.77 -7.05 1680   12.81   469.4  212063.   4.98  -3.35 -14.64   1.18   -3.02  1.05  4.89  3.65   0.43  518.1    485658.  10.59  465.1 202428.
100 18 30 59 0.59 338.49 186.76 -7.05 1680   12.17   466.0  264269.  -1.88  -1.30 -15.48  -0.90    2.74  1.25  2.53  3.83   0.45  518.4    657631.   9.50  468.3 236319.
100 18 32 20 0.59 338.49 186.75 -7.05 1680   12.21   477.0  226482.   3.14   2.77 -13.64   6.25    7.12  0.81  1.97  1.44   0.38  516.8    467661.  10.12  471.8 209171.
100 18 33 41 0.59 338.49 186.74 -7.05 1680   11.88   457.8  187459.   0.00   0.00 -16.47   1.94    4.34  0.35  1.22  0.77  -1.00   -1.0        -1.   9.19  459.0 165103.
100 18 35 02 0.59 338.49 186.73 -7.05 1680   12.33   462.0  224420.   3.08  -1.14 -16.96   2.41    1.77  0.25  0.62  0.98  -1.00   -1.0        -1.   9.13  445.8  73363.
100 18 36 23 0.59 338.49 186.72 -7.05 1680   12.32   449.6  104815.   2.62  -1.54 -17.02   1.92    1.28  0.33  1.01  1.09   0.30  528.5    435930.  10.11  452.8 172574.
100 18 37 44 0.59 338.49 186.71 -7.05 1680   13.64   473.5  198413.   6.68  -1.22 -16.34   4.02    0.50  1.12  2.73  1.65   0.40  520.5    529590.  10.66  466.2 186189.
100 18 39 05 0.59 338.49 186.70 -7.05 1680   12.23   456.9  178145.   1.16  -5.48 -16.43   1.75   -2.59  0.45  1.77  2.21   0.41  541.3    662270.   9.49  458.1 165824.
100 18 40 26 0.59 338.49 186.68 -7.05 1680   12.49   470.0  198452.   6.02  -1.09 -13.34   8.23    1.30  2.61  4.13  1.46   0.45  530.2    716831.   9.96  465.1 195921.
100 18 41 47 0.59 338.49 186.67 -7.05 1680   12.82   498.1  148305.   8.48  -2.40  -9.50  13.19    0.55  2.18  1.77  2.66   0.39  533.4    462399.  10.71  495.6 173107.
100 18 43 08 0.59 338.49 186.66 -7.05 1680   12.18   491.4  157810.   7.89  -4.31 -10.90  12.26   -0.92  1.41  1.64  2.23   0.46  528.8    628798.  10.10  484.7 156059.
100 18 44 29 0.59 338.50 186.65 -7.05 1680   14.62   510.4  189635.   8.74  -2.66  -8.42  13.54    2.54  0.94  0.88  4.73  -1.00   -1.0        -1.  11.71  504.7 181868.
100 18 45 51 0.59 338.50 186.64 -7.05 1680   12.43   497.8  154094.   9.00  -1.31  -9.88  13.36    3.70  1.24  0.60  1.75   0.43  541.4    596352.   9.97  490.8 153220.
100 18 47 11 0.59 338.50 186.63 -7.05 1680   11.67   494.0  139895.   9.00  -0.85  -9.93  13.55    2.25  1.71  1.16  1.44   0.45  527.2    583462.   9.18  487.1 135344.
100 18 48 32 0.59 338.50 186.61 -7.05 1680   13.71   489.0  170336.   8.03  -0.85 -10.80  12.67    2.79  1.15  0.96  2.08   0.44  539.9    679526.  10.77  484.7 158976.
100 18 49 53 0.59 338.50 186.60 -7.05 1680   13.21   478.4  149419.   6.96  -0.31 -11.74  11.59    4.02  1.00  1.10  0.87   0.47  531.9    474353.  10.80  472.5 141068.
100 18 51 14 0.59 338.50 186.59 -7.05 1680    9.42   500.3  136848.   9.59  -1.08  -6.71  15.23    2.24  2.29  1.30  1.30   0.38  537.8    645612.   7.24  494.7 144404.
100 18 52 35 0.59 338.50 186.58 -7.05 1680   11.75   527.3  149338.   8.99  -1.54  -4.76  16.38    1.89  1.72  0.58  2.01   0.44  546.9    514413.   9.37  521.2 150540.
100 18 53 56 0.59 338.50 186.57 -7.05 1680   11.97   522.5  145830.  10.33  -0.95  -6.14  15.45    4.47  1.66  1.36  1.77   0.44  539.2    659164.   9.80  514.8 140915.
100 18 55 17 0.59 338.50 186.56 -7.05 1680   12.81   498.8  152320.   8.46  -0.48  -9.45  12.81    6.42  1.29  0.96  2.01   0.39  536.6    459969.  10.38  494.2 176950.
100 18 56 38 0.59 338.40 186.44 -7.10 1680   -1.00    -1.0      -1.  -1.00  -1.00 -10.04   9.19   10.25  1.40  3.35  2.94  -1.00   -1.0        -1.  -1.00   -1.0     -1.
100 18 57 59 0.59 338.50 186.53 -7.05 1680   12.09   507.1  181235.   7.25   2.86  -8.47  13.33    7.71  0.97  2.20  3.91   0.40  533.1    476289.  10.31  501.0 181199.
100 18 59 20 0.59 338.51 186.52 -7.05 1680   13.40   510.4  155614.  10.07  -2.10  -7.18  16.21    0.28  1.25  0.61  1.42   0.60  535.7    687946.  11.17  504.6 152509.
100 19 00 41 0.59 338.51 186.51 -7.05 1680   13.89   516.1  157294.   9.38  -3.20  -6.80  15.90    0.55  0.77  0.55  3.42   0.41  539.2    450431.  11.17  509.8 159668.
100 19 02 02 0.59 338.51 186.50 -7.05 1680   12.24   503.8  146333.   9.15   0.17  -7.99  15.58    1.89  1.12  0.82  1.78   0.48  538.8    684554.  10.24  495.9 144878.
100 19 03 23 0.59 338.51 186.49 -7.05 1680   10.89   505.2  114160.   0.00   0.00  -7.77  15.15    1.13  1.70  0.99  3.82   0.51  514.9    735776.   8.89  505.8 135737.
100 19 04 44 0.59 338.51 186.48 -7.05 1680   11.74   500.6  150514.   4.35   4.47  -9.90   9.41   10.33  0.67  1.99  2.64   0.38  520.2    402978.   9.92  495.5 143640.
100 19 06 05 0.59 338.51 186.47 -7.05 1680   12.35   497.4  144644.   6.91   3.08 -10.37   8.94   10.29  1.04  1.96  1.44   0.51  524.8    611815.  10.12  490.2 142386.
100 19 07 26 0.59 338.51 186.46 -7.05 1680   15.14   504.3  160922.   6.98   2.87  -7.31  12.10    9.33  2.46  2.45  1.88   0.41  537.1    632423.  12.57  498.1 159454.
100 19 08 47 0.59 338.51 186.44 -7.05 1680   13.80   520.0  146990.   7.76   3.31 -10.23   7.85    8.63  5.95  4.66  2.73   0.42  532.1    418142.  11.29  515.1 150819.
100 19 10 08 0.59 338.51 186.43 -7.05 1680   10.82   451.1   77115.   2.40  -1.54 -17.53   2.08    1.78  0.45  1.17  1.97   0.35  519.0    433760.   9.39  446.6  66327.
100 19 11 29 0.59 338.51 186.42 -7.05 1680   12.44   452.7  100569.   3.24  -2.99 -15.99   4.46    1.04  3.11  2.46  4.56   0.37  532.9    487906.  10.05  456.5 142753.
100 19 12 50 0.59 338.51 186.41 -7.05 1680   11.64   505.6  146421.   6.14   3.99  -7.49  10.46   11.19  1.71  1.40  1.66   0.53  535.2    622223.   9.78  502.1 153607.
100 19 14 11 0.59 338.51 186.40 -7.05 1680   14.09   503.7  149731.   8.33   1.58  -8.51  12.04    8.75  0.98  1.21  1.13   0.50  527.2    696768.  11.53  499.1 170125.
100 19 15 32 0.59 338.52 186.39 -7.05 1680   16.52   500.4  190827.   7.91   1.77  -9.57  10.87    6.49  4.01  4.55  2.94   0.53  535.7    588283.  13.30  495.5 172204.
100 19 16 53 0.59 338.52 186.37 -7.05 1680   12.41   500.8  199537.  -4.43  -8.36 -10.41  -6.57   -8.18  3.29  5.04  5.13   0.34  531.1    436944.   9.73  500.9 204201.
100 19 18 14 0.59 338.52 186.36 -7.05 1680   12.82   485.1  190425.  -3.90  -7.50 -11.91  -8.39   -8.65  0.95  1.32  1.06   0.40  530.3    617935.  10.80  486.4 185165.
100 19 19 35 0.59 338.52 186.35 -7.05 1680   12.61   484.8  161936.  -3.11  -7.77 -12.18  -8.46   -8.11  1.05  1.06  0.74   0.47  523.7    454771.  10.95  486.4 184145.
100 19 20 56 0.59 338.52 186.34 -7.05 1680   17.74   476.9  209889.  -4.49  -4.63 -11.62  -6.08   -8.83  3.77  3.14  3.03   0.45  528.6    667402.  14.28  478.5 198318.
100 19 22 17 0.59 338.52 186.33 -7.05 1680   14.28   464.2  166802.   3.26  -5.78 -14.59  -2.47   -6.08  2.38  3.22  2.75   0.47  522.4    607813.  11.17  464.4 156751.
100 19 23 38 0.59 338.52 186.32 -7.05 1680   15.15   484.1  240048.  -1.64  -7.49 -14.31  -2.57   -6.79  1.61  3.94  1.91   0.42  527.2    657982.  12.69  486.1 231027.
100 19 24 59 0.59 338.52 186.30 -7.05 1680   13.35   559.5  117695.   7.19   3.40  -2.70   7.96    9.11  7.31  4.15  7.40   0.59  546.0    604551.  10.89  555.1 145966.
100 19 26 20 0.59 338.52 186.29 -7.05 1680    7.61   503.0  170612.   0.00   0.00  -9.32  10.38    3.36  5.21  2.49  6.44  -1.00   -1.0        -1.   5.62  501.5 176183.
100 19 27 41 0.59 338.52 186.28 -7.05 1680   14.01   462.5  165902.   5.87  -3.62 -15.48   5.43   -2.63  1.41  3.11  3.33   0.35  539.1    645586.  11.32  461.4 159993.
100 19 29 02 0.59 338.52 186.27 -7.05 1680   12.81   451.2   85214.  -0.75  -5.50 -16.99  -0.97   -2.58  0.39  2.11  1.58   0.40  514.3    483851.  10.23  449.8  73766.
100 19 30 23 0.59 338.53 186.26 -7.05 1680   12.62   452.0  108391.   3.47   0.26 -16.01   3.04    3.29  0.83  2.36  3.86   0.35  531.4    464841.  10.32  454.7 153626.
100 19 31 44 0.59 338.53 186.25 -7.05 1680   11.73   468.0  125202.   6.62   0.27 -15.11   7.28    0.25  1.34  2.52  3.27   0.41  516.7    428693.   9.56  462.7 115912.
100 19 33 05 0.59 338.53 186.23 -7.05 1680   14.23   480.0  165759.   7.92  -1.30 -14.40   8.87    0.34  1.36  2.18  3.79   0.39  535.5    393388.  11.43  473.8 158729.
100 19 34 26 0.59 338.53 186.22 -7.05 1680   12.54   474.7  123451.   7.56   1.00 -14.04   9.56    4.29  0.80  0.73  1.47   0.41  531.8    661789.  10.21  473.3 160870.
100 19 35 47 0.59 338.53 186.21 -7.05 1680   14.09   488.8  182073.   7.81   2.10 -11.84  11.28    6.06  1.39  0.86  1.79   0.46  520.4    745118.  12.14  483.4 170658.
100 19 37 08 0.59 338.53 186.20 -7.05 1680   14.04   504.2  203185.   9.49  -5.31 -10.02  12.82   -3.91  2.44  2.08  4.33   0.49  535.2    676303.  11.06  500.4 176602.
100 19 38 29 0.59 338.53 186.19 -7.05 1680    7.63   522.3  136214.  -1.97   5.97 -10.90   4.53    5.35  4.03  7.48  7.42   0.47  520.8    684359.   6.03  527.3 103886.
100 19 39 50 0.59 338.53 186.18 -7.05 1680   14.19   479.4  182937.   7.48  -4.70 -13.67   9.86   -0.61  1.22  1.67  4.74   0.52  529.7    705383.  11.28  474.8 177255.
100 19 41 11 0.59 338.53 186.17 -7.05 1680   12.63   484.0  163972.   8.17  -3.47 -13.82  10.72   -0.42  0.97  1.24  2.29   0.44  531.3    456343.  10.73  477.6 155452.
100 19 42 32 0.59 338.53 186.15 -7.05 1680   13.54   475.7  174445.   7.28  -0.25 -13.94  10.03    4.34  0.47  0.86  1.06   0.41  520.1    472040.  10.82  473.0 169950.
100 19 43 53 0.59 338.53 186.14 -7.04 1680   12.16   479.7  157683.   4.46   3.75 -14.39   7.11    2.95  1.36  1.80  6.45   0.41  525.8    411905.  10.54  474.3 149647.
100 19 45 14 0.59 338.54 186.13 -7.04 1680   12.99   466.2  146249.   6.45  -2.78 -15.40   8.07   -2.37  0.66  0.71  2.21   0.41  518.9    456629.  11.23  465.8 194297.
100 19 46 35 0.59 338.54 186.12 -7.04 1680   13.53   475.9  167042.   6.12   0.20 -15.18   8.47    0.92  0.60  1.13  1.68   0.44  530.8    452679.  11.18  470.8 156335.
100 19 47 56 0.59 338.54 186.11 -7.04 1680   14.70   466.0  201707.   4.47  -0.22 -16.91   3.59   -0.71  0.36  1.87  2.42   0.34  540.1    494233.  11.94  461.7 193748.
100 19 49 17 0.59 338.54 186.10 -7.04 1680   13.32   480.8  215905.  -2.22  -6.78 -13.31   3.04   -3.87  2.62  7.60  6.01   0.42  528.9    533670.  11.00  481.9 211471.
100 19 50 38 0.59 338.54 186.09 -7.04 1680   15.36   480.5  174959.   7.93  -3.64 -12.57  11.27   -3.71  1.07  1.33  3.53   0.39  521.8    481305.  12.11  476.7 167383.
100 19 51 59 0.59 338.54 186.07 -7.04 1680   13.28   485.0  140752.   7.36  -6.09 -13.46   9.63   -5.67  1.01  1.20  1.72   0.48  518.0    661126.  10.69  478.2 135094.
100 19 53 20 0.59 338.54 186.06 -7.04 1680   14.36   480.7  167452.   6.55  -5.95 -13.79   9.78   -3.77  0.61  1.38  2.66   0.49  519.3    455889.  11.10  476.6 169105.
100 19 54 41 0.59 338.54 186.05 -7.04 1680   13.60   474.2  148636.   7.21  -3.27 -14.96   8.52   -2.83  0.89  1.38  1.61  -1.00   -1.0        -1.  10.80  468.8 142594.
100 19 56 02 0.59 338.54 186.04 -7.04 1680   16.28   477.6  144764.   7.46  -3.75 -13.55   9.99   -3.22  1.46  2.11  2.46   0.44  538.2    508722.  13.83  475.6 182654.
100 19 57 23 0.59 338.54 186.03 -7.04 1680   12.88   472.8  146216.   6.95  -4.52 -14.99   8.49   -2.46  0.99  1.47  1.63   0.56  512.4    788622.   9.70  462.0  93416.
100 19 58 44 0.59 338.54 186.02 -7.04 1680   13.30   471.7  123097.   7.79  -4.02 -14.47   9.26   -3.94  0.38  0.65  0.98   0.36  522.3    451250.  10.31  467.0 116730.
100 20 00 05 0.59 338.55 186.01 -7.04 1680   13.70   477.5  150017.   6.69  -5.76 -14.63   8.38   -5.00  0.44  0.82  1.61   0.36  527.9    483592.  11.09  470.6 138352.
100 20 01 26 0.59 338.55 185.99 -7.04 1680   13.13   458.5  136978.   4.39   0.38 -15.95   4.75   -2.14  1.46  1.44  4.35   0.44  514.6    465452.  11.00  455.0 124361.
100 20 02 47 0.59 338.55 185.98 -7.04 1680   13.36   473.7  160497.   6.97   0.55 -15.17   5.46   -3.44  1.02  3.08  4.94   0.44  491.9    548977.  11.09  467.4 147025.
100 20 04 08 0.59 338.55 185.97 -7.04 1680   13.05   453.0   80133.   4.95  -1.29 -16.33   3.16   -4.38  0.52  1.52  2.67   0.39  515.8    459501.  10.49  448.5  70446.
100 20 05 29 0.59 338.55 185.96 -7.04 1680   13.25   452.8   91340.   3.82  -3.35 -16.89   2.37   -3.79  0.35  1.47  1.21   0.40  518.9    638725.  10.39  452.0  77161.
100 20 06 50 0.59 338.55 185.95 -7.04 1680   12.70   449.9   69251.   0.90  -3.81 -17.35   0.88   -1.45  0.24  1.69  2.00   0.37  525.8    694053.  10.29  447.7  64248.
100 20 08 11 0.59 338.55 185.94 -7.04 1680   13.22   446.9   51300.   0.77  -2.25 -17.33   0.61   -2.51  0.21  0.85  0.56  -1.00   -1.0        -1.  10.29  450.7  77632.
100 20 09 32 0.59 338.55 185.93 -7.04 1680   12.41   448.4   74494.   0.29  -2.52 -17.08  -2.74   -0.14  0.34  1.14  1.76   0.42  504.8    499431.  10.38  446.9  66015.
100 20 10 53 0.59 338.55 185.91 -7.04 1680   12.42   467.3  153301.   0.79   2.93 -12.45  -0.75   10.44  3.40  2.17  4.48   0.35  531.6    512100.  11.00  465.5 147015.
100 20 12 14 0.59 338.55 185.90 -7.04 1680   12.47   466.6  130682.  -0.76   3.69 -13.56  -3.79    8.87  1.15  4.44  2.27   0.40  512.5    443181.  10.43  468.4 161754.
100 20 13 35 0.59 338.55 185.89 -7.04 1680   13.65   476.1  147418.  -0.88   4.61 -14.51  -6.03    6.81  1.29  2.52  2.65   0.34  527.5    488087.  11.02  472.5 139092.
100 20 14 56 0.59 338.55 185.88 -7.04 1680   12.98   468.0  150108.  -0.73   3.79 -14.89  -4.34    7.91  0.58  1.47  1.16   0.39  533.1    616700.  11.18  470.8 171765.
100 20 16 17 0.59 338.56 185.87 -7.04 1680   13.02   473.6  149016.  -3.53   2.55 -13.45  -8.42    7.21  1.19  1.28  1.05   0.34  521.5    666298.  10.74  474.8 149338.
100 20 17 38 0.59 338.56 185.86 -7.04 1680   11.63   478.2  155578.  -3.53   3.03 -12.75  -8.49    8.13  1.30  1.17  1.55   0.41  524.1    662880.   9.46  480.3 145102.
100 20 18 59 0.59 338.56 185.85 -7.04 1680   13.51   451.4  109824.  -1.26  -0.50 -15.68  -4.68    3.90  2.44  2.16  3.54   0.33  534.0    601303.  11.09  457.8 144407.
100 20 20 20 0.59 338.56 185.83 -7.04 1680   12.54   473.9  170849.   5.45   3.84 -15.74   3.50    3.05  1.12  4.19  4.06   0.43  516.8    467050.   9.75  465.1 108726.
100 20 21 41 0.59 338.56 185.82 -7.04 1680   14.34   467.3  165155.   4.23  -6.32 -14.86   4.69   -5.74  0.96  4.05  2.50   0.33  534.5    493948.  10.94  464.0 151742.
100 20 23 02 0.59 338.56 185.81 -7.04 1680   14.01   483.6  179344.   2.62  -8.62 -13.91   1.38   -9.35  1.10  3.17  1.16   0.35  517.2    469376.  11.73  480.6 177389.
100 20 24 23 0.59 338.56 185.80 -7.04 1680   13.81   475.1  157833.   3.56  -7.34 -13.19   3.99  -10.05  1.36  0.98  1.74   0.42  521.1    649601.  11.85  472.1 154282.
100 20 25 44 0.59 338.56 185.79 -7.04 1680   12.25   493.2  156852.   2.74  -9.47 -11.85   3.12  -11.89  0.81  0.93  0.96   0.38  520.3    428628.   9.62  489.9 156403.
100 20 27 05 0.59 338.56 185.78 -7.04 1680   11.79   485.3  129782.   4.31  -8.75 -12.62   4.20  -10.77  1.51  0.71  2.00   0.49  517.8    665050.   9.52  482.1 126089.
100 20 28 26 0.59 338.56 185.76 -7.04 1680   12.70   483.3  162878.   4.42  -7.96 -12.01   5.87  -10.72  0.81  1.56  1.86   0.42  524.9    588543.  10.51  481.7 150417.
100 20 29 47 0.59 338.56 185.75 -7.04 1680   12.41   482.9  155965.   7.22  -6.13 -12.97   8.17   -7.38  0.81  1.11  1.27   0.43  523.0    592961.  10.51  477.3 141802.
100 20 31 08 0.59 338.57 185.74 -7.04 1680   14.48   496.6  152788.   6.06  -8.50 -11.66   7.77  -10.22  1.14  1.07  1.53   0.39  531.4    556526.  12.22  491.1 148299.
100 20 32 29 0.59 338.57 185.73 -7.04 1680   13.64   493.7  144095.   5.52  -8.88 -11.77   7.11  -10.83  0.87  0.62  1.11   0.35  539.3    307551.  10.77  489.9 142097.
100 20 33 50 0.59 338.57 185.72 -7.04 1680   12.28   490.8  136812.   4.74  -8.78 -10.34   5.45  -12.99  1.43  1.05  1.24   0.46  527.4    552888.  10.22  486.5 139664.
100 20 35 11 0.59 338.57 185.71 -7.04 1680   13.25   498.6  144878.   2.84  -9.88  -8.70   4.14  -14.50  1.19  1.63  0.63   0.47  518.9    719910.  10.95  494.6 139966.
100 20 36 32 0.59 338.57 185.69 -7.04 1680   13.72   502.6  146086.   4.20  -9.82  -9.06   5.74  -13.91  1.05  0.84  0.78   0.44  534.8    544948.  11.27  500.1 153613.
100 20 37 53 0.59 338.57 185.68 -7.04 1680   12.88   506.9  123893.   3.38  -9.91  -8.56   4.09  -14.45  1.17  1.87  1.28   0.39  535.0    321351.  10.97  507.1 153646.
100 20 39 14 0.59 338.57 185.67 -7.04 1680   14.51   536.4  154646.   1.93  -9.68  -5.61   2.03   -7.54  3.35  2.50 13.60   0.51  541.0    629590.  11.85  532.9 156611.
100 20 40 35 0.59 338.57 185.66 -7.04 1680   13.34   498.0  149003.   2.21   9.01  -9.79   1.18   13.96  1.60  1.67  1.37   0.46  518.5    569520.  10.83  494.4 144141.
100 20 41 56 0.59 338.57 185.65 -7.04 1680   15.54   493.9  204832.   3.21   5.92 -10.18   2.93   12.41  1.99  1.96  2.93   0.40  535.1    574587.  12.85  487.6 200125.
100 20 43 17 0.59 338.57 185.64 -7.04 1680   13.83   482.2  151917.   7.09   2.20 -12.72   8.52    7.50  1.46  1.41  1.41   0.44  526.0    653590.  11.15  475.1 144787.
100 20 44 38 0.59 338.57 185.62 -7.04 1680   13.88   497.4  153691.   7.48   3.71 -11.20   9.62    8.59  1.43  1.26  2.35   0.48  539.6    648509.  11.62  490.8 150384.
100 20 45 59 0.59 338.57 185.61 -7.04 1680   12.89   483.8  145151.   6.91   3.36 -13.36   5.97    8.83  1.21  1.58  1.56   0.42  535.7    577862.  10.23  477.0 137449.
100 20 47 20 0.59 338.58 185.60 -7.04 1680   14.00   461.5  135695.   4.75   0.44 -14.81   5.26    6.86  0.81  1.47  2.31   0.50  525.9    698665.  11.67  457.7 126589.
100 20 48 41 0.59 338.58 185.59 -7.04 1680   12.57   465.2  141688.   3.96   2.03 -15.49   4.49    6.19  0.65  1.17  1.77   0.33  502.5    380252.  10.20  456.7  87140.
100 20 50 02 0.59 338.58 185.58 -7.04 1680   14.11   456.3   81913.   5.92  -2.71 -15.78   6.22    1.90  0.53  0.92  3.42   0.40  524.9    618857.  11.70  456.3 118130.
100 20 51 23 0.59 338.58 185.57 -7.04 1680   13.85   461.8  153022.   5.21   1.33 -15.89   5.17    4.28  0.29  1.16  1.81   0.42  519.7    612698.  10.99  459.8 141571.
100 20 52 44 0.59 338.58 185.56 -7.04 1680   14.45   460.9  131231.   2.87   2.45 -16.06   1.69    5.70  0.98  1.49  2.51   0.48  529.1    665947.  11.54  458.7 123201.
100 20 54 05 0.59 338.58 185.55 -7.04 1680   13.92   472.2  143813.   4.76   2.98 -15.72   2.52    6.55  0.86  1.80  2.07   0.41  505.9    379056.  10.98  467.3 140337.
100 20 55 26 0.59 338.58 185.53 -7.04 1680   14.13   463.3  133564.   3.22   3.16 -15.03   3.14    8.15  0.51  1.10  0.99   0.39  530.0    726342.  11.53  459.7 124601.
100 20 56 47 0.59 338.58 185.52 -7.04 1680   13.87   452.2  101287.   2.98   0.99 -16.18   2.20    6.05  0.52  0.80  1.43   0.40  528.1    474470.  11.08  456.4 145917.
100 20 58 08 0.59 338.58 185.51 -7.04 1680   12.72   452.9   83297.   3.09   1.75 -16.41   1.91    5.84  0.44  1.19  0.87   0.49  524.7    702862.  10.46  449.1  72772.
100 20 59 29 0.59 338.58 185.50 -7.04 1680   15.28   460.9  156416.   2.32   2.39 -15.66   1.44    7.33  0.53  1.87  1.30   0.48  520.7    576887.  11.91  460.8 143897.
100 21 00 50 0.59 338.58 185.49 -7.04 1680   14.15   468.4  133544.   4.97   3.08 -14.98   3.79    7.99  0.59  1.22  1.10   0.37  537.8    650588.  11.40  466.4 168689.
100 21 02 11 0.59 338.59 185.48 -7.04 1680   14.38   459.8  147808.   3.81   1.78 -14.99   4.46    6.71  1.55  1.40  3.46   0.36  529.7    493311.  11.24  458.1 142107.
100 21 03 32 0.59 338.59 185.47 -7.04 1680   13.08   459.4  132631.   4.83   0.96 -15.70   6.03    2.30  0.58  2.05  3.68   0.37  520.9    490959.  11.15  454.5 123159.
100 21 04 53 0.59 338.59 185.45 -7.04 1680   13.11   472.8  148331.   6.54  -5.40 -13.59   8.89   -5.16  1.97  2.01  2.18   0.39  523.9    658424.  10.86  466.3 142529.
100 21 06 14 0.59 338.59 185.44 -7.04 1680   13.90   464.5  155228.   2.07   3.18 -14.61   3.84    6.19  1.12  3.04  4.79   0.43  527.7    565985.  11.62  462.9 144254.
100 21 07 35 0.59 338.59 185.43 -7.04 1680   12.96   470.0  145875.  -0.21   3.79 -15.62   2.46    6.54  0.68  2.46  1.73   0.44  505.9    726641.  10.46  467.9 139771.
100 21 08 56 0.59 338.59 185.42 -7.04 1680   14.67   460.5  130455.   5.86  -0.86 -16.12   5.62    2.19  0.50  1.64  2.21  -1.00   -1.0        -1.  11.82  455.1 119079.
100 21 10 17 0.59 338.59 185.41 -7.04 1680   14.32   456.0  105367.   4.81  -0.72 -16.81   4.28    1.58  0.30  0.95  0.94   0.35  538.4    552056.  10.88  453.4  90928.
100 21 11 38 0.59 338.59 185.40 -7.04 1680   12.91   446.5   79925.   0.00   0.00 -16.90   3.15    2.84  0.36  1.51  0.63  -1.00   -1.0        -1.  10.72  444.3  68503.
100 21 12 59 0.59 338.59 185.39 -7.04 1680   11.79   441.3   64930.   2.05  -0.90 -17.05   1.73    3.40  0.36  1.14  0.83   0.34  530.9    521443.   9.67  438.4  56783.
100 21 15 41 0.59 338.59 185.36 -7.04 1680   13.66   457.8  163027.  -0.15   1.47 -16.56  -2.43    4.86  0.33  0.72  0.79   0.39  527.7    473820.  10.58  453.1  89518.
100 21 17 02 0.59 338.49 185.25 -7.10 1680   -1.00    -1.0      -1.  -1.00  -1.00 -16.07  -3.17    4.41  0.57  3.88  1.18  -1.00   -1.0        -1.  -1.00   -1.0     -1.
100 21 27 47 0.58 338.60 185.26 -7.04 1680   12.86   454.1   87036.   6.05  -1.37 -16.16   3.43    3.30  0.49  3.28  2.23   0.43  529.3    742507.  11.72  458.3 187595.
100 21 29 09 0.58 338.60 185.25 -7.04 1680   11.03   495.5  103892.  -5.79   0.63 -12.83  -8.63    6.27  2.22  3.00  1.57   0.40  517.1    578421.   8.20  493.5 101635.
100 21 30 30 0.58 338.60 185.24 -7.04 1680   12.59   495.7  147876.  -3.68   4.82 -10.71  -6.87    9.53  2.37  2.93  5.34   0.39  515.5    390803.  10.28  496.7 146505.
100 21 31 51 0.58 338.60 185.23 -7.04 1680   14.38   471.5  156001.  -1.01   3.56 -14.00  -3.98    8.63  1.06  1.74  2.00   0.50  520.2    594819.  11.60  471.3 157355.
100 21 33 12 0.58 338.61 185.21 -7.04 1680   13.99   461.7  148237.  -2.69   0.24 -14.91  -6.15    3.91  1.09  2.18  2.49   0.39  512.4    464932.  11.98  464.6 188167.
100 21 34 33 0.58 338.61 185.20 -7.04 1680   15.00   458.9  196766.  -1.53  -2.64 -14.98  -0.43   -1.04  1.53  7.01  2.43   0.43  522.5    484163.  11.78  463.9 226700.
100 21 35 54 0.58 338.61 185.19 -7.04 1680   14.04   464.3  219446.   4.24  -3.25 -15.39   4.34   -2.34  1.05  3.20  1.78   0.45  513.3    428446.  11.28  460.1 213713.
100 21 37 15 0.58 338.61 185.18 -7.04 1680   14.39   458.8  193628.   2.19  -3.97 -16.55   2.07   -2.41  0.26  0.93  1.01   0.45  497.2    423261.  11.92  456.6 181439.
100 21 38 36 0.58 338.61 185.17 -7.04 1680   14.21   463.2  232833.   2.70  -3.92 -15.92   3.36   -1.91  0.89  2.62  2.43   0.42  510.0    511424.  12.18  458.9 212098.
100 21 39 57 0.58 338.61 185.16 -7.04 1680   14.83   487.8  181267.   7.49   1.48 -11.39   9.08    7.06  1.43  1.60  2.32   0.44  536.3    455356.  12.82  483.9 206413.
100 21 41 18 0.58 338.61 185.14 -7.04 1680   14.02   513.2  155513.   5.55   5.20  -7.76   8.13   11.63  1.85  2.14  2.26   0.46  528.6    611724.  11.44  507.7 153269.
100 21 42 39 0.58 338.61 185.13 -7.04 1680   19.76   493.2  344977.   7.04  -1.30  -8.09   8.67    7.44  5.38  1.57  7.91   0.44  537.9    348508.  17.22  493.1 331502.
100 21 44 00 0.58 338.61 185.12 -7.04 1680   14.33   532.2  137124.   5.29   5.89  -1.90   8.61   14.82  1.14  0.84  0.52   0.48  537.1    554655.  11.53  530.2 163115.
100 21 45 21 0.58 338.61 185.11 -7.04 1680   10.88   520.5  104285.   6.82   4.59  -3.99  10.08   12.81  1.71  1.23  1.42   0.42  518.6    724874.   9.26  519.1 125244.
100 21 46 42 0.58 338.61 185.10 -7.04 1680   13.05   525.8  163865.   6.80   4.05  -4.69   9.60   12.46  1.17  1.90  1.26   0.31  546.3    408526.  11.36  523.4 176739.
100 21 48 03 0.58 338.62 185.09 -7.04 1680   13.49   503.1  153236.   6.87   3.51  -6.13  10.01   11.10  1.20  2.07  1.64   0.42  533.9    430005.  11.18  500.7 171168.
100 21 49 24 0.58 338.62 185.07 -7.04 1680   11.62   500.5  146356.   6.48   3.58 -10.06   9.58    7.96  2.22  1.46  3.86   0.30  525.9    340309.   9.44  493.9 145281.
100 21 50 45 0.58 338.62 185.06 -7.04 1680   13.72   484.6  154763.   6.64   2.78 -11.12   9.36    9.17  0.73  1.01  1.35   0.42  525.5    630487.  11.02  479.6 155877.
100 21 52 06 0.58 338.62 185.05 -7.04 1680   12.09   539.7  144352.   3.46   8.53  -4.04   4.30   15.44  3.25  2.32  1.58   0.52  539.3    652524.  10.93  536.8 148094.
100 21 53 27 0.58 338.62 185.04 -7.04 1680   14.20   527.8  150521.   3.29   8.14  -2.56   4.63   16.33  1.51  1.16  0.50   0.49  530.8    506708.  12.05  524.7 152073.
100 21 54 48 0.58 338.62 185.03 -7.04 1680   13.44   519.6  136192.   4.67   6.87  -3.81   6.38   15.63  1.29  1.06  0.50   0.46  531.7    611984.  10.93  517.1 121229.
100 21 56 09 0.58 338.62 185.02 -7.04 1680   10.62   508.7  110655.   4.22   6.53  -6.93   4.45   14.87  2.44  1.62  0.76   0.49  520.9    556266.   8.90  505.9 129857.
100 21 57 30 0.58 338.62 185.00 -7.04 1680   13.96   503.6  148318.   3.02   7.03  -7.49   3.14   15.33  1.44  1.05  0.81   0.47  528.9    538309.  11.94  500.3 144186.
100 21 58 51 0.58 338.62 184.99 -7.04 1680   15.75   526.3  174582.   4.06   6.19  -2.81   1.88   15.90  2.75  3.68  0.75   0.43  529.6    419727.  13.20  522.4 183161.
100 22 00 12 0.58 338.62 184.98 -7.04 1680   13.74   470.7  104698.   7.42  -2.87 -14.13   8.49    0.26  2.64  1.86  5.51   0.41  516.9    410917.  10.95  466.0 102476.
100 22 01 33 0.58 338.62 184.97 -7.04 1680   15.20   472.9   93614.   7.50  -3.19 -14.85   9.32   -3.02  0.50  0.68  1.12   0.35  508.5    383396.  12.42  469.2 120882.
100 22 02 54 0.58 338.63 184.96 -7.04 1680   13.32   466.4   76638.   7.35  -3.68 -15.94   7.74   -1.85  0.76  1.28  1.58   0.38  513.6    532370.  11.06  465.1  96898.
100 22 04 15 0.58 338.63 184.95 -7.04 1680   15.67   466.8   91486.   6.35  -3.55 -15.22   8.47   -2.35  1.17  1.74  3.05   0.47  501.0    455889.  12.20  461.4  87098.
100 22 05 36 0.58 338.63 184.94 -7.04 1680   14.52   470.2  108161.   6.94  -4.52 -14.87   8.57   -4.93  0.35  1.03  1.48   0.37  516.7    450405.  11.75  466.7 107280.
100 22 06 57 0.58 338.63 184.92 -7.04 1680   15.77   474.0  134239.   6.99  -3.61 -14.57   8.83   -4.99  0.75  1.83  1.53   0.40  507.3    371273.  12.91  468.9 129318.
100 22 08 18 0.58 338.63 184.91 -7.04 1680   15.50   476.6  119910.   7.89  -3.40 -13.95  10.85   -2.94  0.46  0.97  1.73   0.39  516.7    419259.  12.29  473.5 106845.
100 22 09 39 0.58 338.63 184.90 -7.04 1680   15.95   480.3  134028.   7.23  -5.40 -13.36   8.24   -7.89  0.57  2.15  2.34   0.41  524.3    568675.  12.60  475.1 130523.
100 22 11 00 0.58 338.63 184.89 -7.04 1680   14.34   480.1  174124.   2.05  -8.51 -13.10   2.32  -11.45  0.46  1.73  0.72   0.50  509.4    460034.  11.91  478.5 171285.
100 22 12 21 0.58 338.63 184.88 -7.04 1680   15.25   481.5  157547.   3.96  -8.05 -12.94   7.05   -8.93  0.93  2.70  1.72   0.44  525.4    578706.  12.62  478.0 148419.
100 22 13 42 0.58 338.63 184.87 -7.04 1680   13.21   491.4  111792.   4.94  -8.76 -11.62   6.80  -10.92  1.05  1.42  1.15   0.37  534.9    562867.  11.39  488.0 134129.
100 22 15 03 0.58 338.63 184.86 -7.04 1680   16.63   491.8  167283.   5.54  -8.39 -10.72   6.70  -11.73  0.97  1.43  1.09   0.45  532.2    449574.  14.00  491.6 184418.
100 22 16 24 0.58 338.63 184.85 -7.04 1680   14.82   485.7  124988.   6.47  -7.51 -11.77   8.74   -9.32  0.86  0.71  1.21   0.43  531.0    637945.  11.78  484.3 138768.
100 22 17 45 0.58 338.64 184.83 -7.04 1680   14.00   466.5  102239.   6.07  -5.04 -13.74   7.12   -7.45  1.27  1.71  1.98   0.51  518.3    578875.  11.68  460.4  94043.
100 22 19 06 0.58 338.64 184.82 -7.04 1680   15.42   481.1  142448.   6.73  -6.54 -11.98   8.87   -8.58  1.09  1.33  0.68   0.41  514.3    493467.  12.93  479.2 156183.
100 22 20 27 0.58 338.64 184.81 -7.04 1680   15.40   471.2  140817.   2.36  -7.47 -13.03   3.38   -9.65  2.16  3.59  1.85   0.43  521.8    624289.  12.51  467.9 135941.
100 22 21 48 0.58 338.64 184.80 -7.04 1680   16.98   500.6  152840.   1.45  -9.86 -10.09   0.86  -13.52  0.94  2.55  0.80   0.43  531.3    632462.  13.58  499.3 155647.
100 22 23 09 0.58 338.64 184.79 -7.04 1680   13.72   488.1  128788.   0.30  -9.31 -12.18   5.03   -6.07  1.60  5.83  6.60   0.42  518.3    633813.  10.86  485.3 121561.
100 22 24 30 0.58 338.64 184.78 -7.04 1680   15.98   474.2  132771.   7.80  -2.00 -12.38   9.71   -1.45  1.80  3.68  4.71   0.44  530.4    541622.  13.67  470.6 162559.
100 22 25 51 0.58 338.64 184.77 -7.04 1680   14.27   480.8  128811.   5.97  -6.91 -13.27   5.80   -8.80  0.87  1.32  1.14   0.42  507.0    380070.  11.42  475.3 129977.
100 22 27 12 0.58 338.64 184.76 -7.04 1680   15.08   467.8  132657.   3.50  -6.83 -14.57   4.65   -7.25  0.72  1.86  1.32   0.48  526.0    739388.  12.89  467.9 160477.
100 22 28 33 0.58 338.64 184.74 -7.04 1680   14.51   472.1  139898.   4.21  -6.51 -14.95   4.16   -7.49  0.42  1.13  0.54   0.43  521.6    641869.  12.18  467.7 133697.
100 22 29 54 0.58 338.64 184.73 -7.04 1680   15.09   468.3  122948.   4.35  -6.67 -14.98   2.90   -8.13  0.40  0.95  0.76   0.42  515.1    442505.  12.08  469.0 148770.
100 22 31 15 0.58 338.64 184.72 -7.04 1680   15.02   474.2  144235.   4.49  -6.75 -14.59   4.01   -8.44  0.75  1.24  0.92   0.48  518.7    615648.  12.18  468.5 135003.
100 22 32 36 0.58 338.65 184.71 -7.04 1680   15.72   467.8  128386.   6.95  -3.01 -14.75   8.04   -3.44  0.85  1.04  2.40   0.46  518.1    518311.  12.52  462.6 125163.
100 22 33 57 0.58 338.65 184.70 -7.04 1680   15.39   461.8  165857.   5.06  -2.17 -15.37   4.86   -4.73  0.91  2.27  3.48   0.46  517.8    674536.  12.48  460.6 158145.
100 22 35 18 0.58 338.65 184.69 -7.04 1680   16.33   462.5  142146.   3.05  -5.50 -15.02   4.79   -6.95  0.82  1.48  1.09   0.46  524.5    701862.  14.15  459.1 127716.
100 22 36 39 0.58 338.65 184.67 -7.04 1680   13.08   471.9  148152.   4.84  -6.78 -15.21   3.95   -7.17  0.79  1.60  0.85   0.42  502.5    347377.  10.73  467.2 145226.
100 22 38 00 0.58 338.65 184.66 -7.04 1680   14.14   455.8   79772.   3.52  -5.75 -16.64   2.45   -5.02  0.33  0.44  0.91   0.40  511.4    509111.  11.10  452.2  70508.
100 22 39 21 0.58 338.65 184.65 -7.04 1680   14.47   464.5  135620.   3.63  -5.31 -16.37   2.93   -4.75  0.95  2.06  0.87   0.37  504.8    292686.  11.57  455.7  86666.
100 22 40 42 0.58 338.65 184.64 -7.04 1680   15.29   466.6  126631.   4.96  -5.93 -16.06   4.05   -4.90  0.83  1.06  2.20   0.35  519.2    412177.  12.57  463.6 121401.
100 22 42 03 0.58 338.65 184.63 -7.04 1680   14.88   460.3  140561.   2.89  -4.60 -16.41   2.29   -5.29  0.34  0.86  1.11   0.43  519.8    640037.  11.75  453.2  82722.
100 22 43 24 0.58 338.65 184.62 -7.04 1680   14.56   462.3  129672.   5.90  -3.52 -15.43   6.06   -4.75  0.57  1.00  1.99   0.47  511.5    545104.  12.23  457.3 114736.
100 22 44 45 0.58 338.65 184.60 -7.04 1680   15.68   460.0  156355.   2.94  -5.32 -15.90   3.91   -3.79  0.60  3.62  1.89   0.49  518.0    614115.  11.56  453.5  86084.
100 22 46 06 0.58 338.65 184.59 -7.04 1680   13.78   458.3   77346.   6.49  -1.43 -15.73   7.06    0.06  0.66  1.41  1.51   0.37  518.8    473183.  11.01  452.6  69575.
100 22 47 27 0.58 338.66 184.58 -7.04 1680   15.77   453.3   96453.   4.40  -3.08 -16.34   4.21   -2.54  0.72  2.23  1.93   0.39  503.1    394831.  12.06  451.8  80783.
100 22 48 48 0.58 338.66 184.57 -7.04 1680   17.40   477.1  128421.   6.42  -2.25 -12.56   8.78   -0.42  2.99  3.70  5.51   0.46  526.6    648756.  14.03  472.9 162693.
100 22 50 09 0.58 338.66 184.56 -7.04 1680   14.64   479.2  152557.   6.87  -5.37 -14.04   8.55   -0.17  1.01  2.01  2.42   0.52  524.3    680188.  11.80  473.7 146911.
100 22 51 30 0.58 338.66 184.55 -7.04 1680   15.61   471.1  203146.   6.29  -2.71 -15.51   5.69   -0.37  0.35  1.26  2.03   0.37  544.0    545468.  12.94  466.3 194599.
100 22 52 51 0.58 338.66 184.53 -7.04 1680   15.49   464.0  170632.   5.16  -3.03 -15.56   4.41   -3.00  0.61  2.27  1.63   0.50  497.7    468064.  12.57  461.3 151027.
100 22 54 12 0.58 338.66 184.52 -7.04 1680   14.80   471.6  189788.   0.00   0.00 -14.65   5.08   -1.10  1.29  2.46  5.28   0.41  514.0    482734.  11.92  469.3 181638.
100 22 55 33 0.58 338.66 184.51 -7.04 1680   15.13   482.5  152713.   6.34   2.29 -11.67   7.43    8.66  1.14  1.17  1.68   0.52  520.6    572794.  11.96  476.7 151986.
100 22 56 45 0.58 338.66 184.50 -7.04 1680   14.01   502.0  141636.   3.97  -9.40 -10.49   6.91    9.77  0.66  3.13  1.94   0.46  529.5    650848.  11.67  499.1 141288.
100 22 56 54 0.58 338.66 184.50 -7.04 1680   12.91   484.6  188703.   7.94   0.39 -11.37   6.10    9.57  0.89  2.51  1.51   0.43  532.4    697964.  10.33  479.0 186007.
100 22 58 15 0.58 338.66 184.49 -7.04 1680   14.66   480.0  154195.   6.59   2.11 -12.33   8.12    7.27  0.83  1.58  2.00   0.40  535.6    485684.  12.06  473.1 144871.
100 22 59 36 0.58 338.66 184.48 -7.04 1680   15.45   475.2  184889.   6.52   0.57 -12.23   6.86    6.38  2.37  1.19  3.84   0.43  529.8    649055.  12.72  470.5 180630.
100 23 00 57 0.58 338.66 184.46 -7.04 1680   14.91   503.3  134558.   5.46  -8.91  -7.79   5.63  -13.90  0.80  1.64  1.11   0.51  521.3    604538.  11.95  500.0 115155.
100 23 02 18 0.58 338.67 184.45 -7.04 1680   15.62   514.1  141519.   4.76  -9.43  -6.59   4.61  -14.78  1.40  1.28  0.81   0.47  535.2    615726.  13.13  509.9 137553.
100 23 03 39 0.58 338.67 184.44 -7.04 1680   14.59   513.1  113319.   5.34  -9.24  -5.66   4.37  -15.26  0.73  1.58  0.57   0.43  533.2    412294.  11.87  509.1 127927.
100 23 05 00 0.58 338.67 184.43 -7.04 1680   15.46   525.7  148623.   5.72  -9.32  -3.31   4.50  -15.25  1.54  3.32  1.02   0.46  534.2    561204.  12.97  524.7 158284.
100 23 06 21 0.58 338.67 184.42 -7.04 1680   16.03   542.3  122467.   1.06  -9.42  -3.66   0.30  -15.35  4.17  2.45  2.81   0.45  529.2    450314.  12.17  539.4 128974.
100 23 07 42 0.58 338.67 184.41 -7.04 1680   13.99   479.4  122113.   3.17  -8.50 -11.56   5.27   -9.91  2.57  2.05  3.36   0.42  519.3    429875.  11.16  480.3 144498.
100 23 09 03 0.58 338.67 184.40 -7.04 1680   13.31   505.2  117974.   4.20  -9.69  -8.92   4.55  -10.31  3.91  4.14  5.81   0.40  529.5    456123.  11.03  504.2 136442.
100 23 10 24 0.58 338.67 184.39 -7.04 1680   15.77   471.4  148026.   7.45  -4.67 -12.39   8.59   -5.44  1.11  1.20  3.16   0.41  513.4    460398.  12.96  468.7 181485.
100 23 11 45 0.58 338.67 184.37 -7.04 1680   16.31   486.4  172769.   7.30  -6.28 -11.75   8.71   -6.89  0.88  1.49  2.21   0.51  522.6    668130.  13.83  479.9 173006.
100 23 13 06 0.58 338.67 184.36 -7.04 1680   15.75   494.5  178945.   7.24  -7.88 -10.36   7.50  -10.03  0.67  1.59  0.98   0.56  529.6    644936.  12.72  490.9 168228.
100 23 14 27 0.58 338.67 184.35 -7.04 1680   15.27   483.3  151086.   4.99  -8.45 -10.80   6.13  -10.57  1.03  0.84  0.90   0.44  533.2    465374.  12.04  477.7 147344.
100 23 15 48 0.58 338.67 184.34 -7.04 1680   15.30   493.5  173481.   5.50  -8.85  -9.66   6.75  -11.77  0.54  0.96  0.69   0.46  518.3    453420.  12.78  490.2 160607.
100 23 17 49 0.58 338.68 184.32 -7.04 1680   14.92   499.1  134486.   0.00   0.00  -7.85   2.66  -13.29  2.02  1.38  2.40   0.37  532.7    476627.  11.94  498.1 119313.
100 23 18 21 0.58 338.68 184.32 -7.04 1680   14.78   495.1  147240.   3.77  -9.31   0.00   0.00    0.00  0.00  0.00  0.00   0.57  518.4    690077.  12.32  492.8 146021.
100 23 39 57 0.58 338.69 184.13 -7.04 1680   16.30   489.6  181975.   6.01  -8.02 -10.37   7.60  -10.68  0.15  0.40  0.00   0.53  530.5    620508.  13.03  487.7 162517.
